3	0
1251	0
0	0
0	0
0.000000000000000e+00 1.412950000000000e+13
2.000000000000000e-05 1.202600000000000e+13
4.000000000000000e-05 1.124987500000000e+13
6.000000000000000e-05 1.068812500000000e+13
8.000000000000001e-05 1.023662500000000e+13
1.000000000000000e-04 9.854250000000000e+12
1.200000000000000e-04 9.520875000000000e+12
1.400000000000000e-04 9.224250000000000e+12
1.600000000000000e-04 8.956500000000000e+12
1.800000000000000e-04 8.712550000000000e+12
2.000000000000000e-04 8.487675000000000e+12
2.200000000000000e-04 8.279162500000000e+12
2.400000000000000e-04 8.084650000000000e+12
2.600000000000000e-04 7.902475000000000e+12
2.800000000000000e-04 7.730975000000000e+12
3.000000000000000e-04 7.569100000000000e+12
3.200000000000000e-04 7.415712500000000e+12
3.400000000000000e-04 7.270025000000000e+12
3.600000000000000e-04 7.131337500000000e+12
3.800000000000000e-04 6.998950000000000e+12
4.000000000000000e-04 6.872425000000000e+12
4.200000000000000e-04 6.751150000000000e+12
4.400000000000000e-04 6.634862500000000e+12
4.600000000000000e-04 6.523037500000000e+12
4.800000000000000e-04 6.415500000000000e+12
5.000000000000000e-04 6.311900000000000e+12
5.200000000000000e-04 6.211975000000000e+12
5.400000000000000e-04 6.115462500000000e+12
5.600000000000000e-04 6.022275000000000e+12
5.800000000000000e-04 5.932062500000000e+12
5.999999999999999e-04 5.844650000000000e+12
6.200000000000000e-04 5.760037500000000e+12
6.400000000000001e-04 5.677875000000000e+12
6.600000000000000e-04 5.598162500000000e+12
6.800000000000000e-04 5.520812500000000e+12
7.000000000000000e-04 5.445562500000000e+12
7.200000000000000e-04 5.372412500000000e+12
7.400000000000000e-04 5.301187500000000e+12
7.600000000000000e-04 5.231887500000000e+12
7.800000000000000e-04 5.164425000000000e+12
8.000000000000000e-04 5.098625000000000e+12
8.200000000000000e-04 5.034487500000000e+12
8.400000000000000e-04 4.971837500000000e+12
8.600000000000000e-04 4.910762500000000e+12
8.800000000000000e-04 4.851175000000000e+12
9.000000000000000e-04 4.792900000000000e+12
9.200000000000000e-04 4.736025000000000e+12
9.400000000000000e-04 4.680375000000000e+12
9.600000000000000e-04 4.625950000000000e+12
9.800000000000000e-04 4.572750000000000e+12
1.000000000000000e-03 4.520687500000000e+12
1.020000000000000e-03 4.469675000000000e+12
1.040000000000000e-03 4.419800000000000e+12
1.060000000000000e-03 4.370887500000000e+12
1.080000000000000e-03 4.323025000000000e+12
1.100000000000000e-03 4.276037500000000e+12
1.120000000000000e-03 4.230100000000000e+12
1.140000000000000e-03 4.184950000000000e+12
1.160000000000000e-03 4.140762500000000e+12
1.180000000000000e-03 4.097362500000000e+12
1.200000000000000e-03 4.054750000000000e+12
1.220000000000000e-03 4.012925000000000e+12
1.240000000000000e-03 3.971887500000000e+12
1.260000000000000e-03 3.931637500000000e+12
1.280000000000000e-03 3.892087500000000e+12
1.300000000000000e-03 3.853237500000000e+12
1.320000000000000e-03 3.815087500000000e+12
1.340000000000000e-03 3.777550000000000e+12
1.360000000000000e-03 3.740712500000000e+12
1.380000000000000e-03 3.704400000000000e+12
1.400000000000000e-03 3.668787500000000e+12
1.420000000000000e-03 3.633787500000000e+12
1.440000000000000e-03 3.599312500000000e+12
1.460000000000000e-03 3.565362500000000e+12
1.480000000000000e-03 3.532025000000000e+12
1.500000000000000e-03 3.499212500000000e+12
1.520000000000000e-03 3.466925000000000e+12
1.540000000000000e-03 3.435075000000000e+12
1.560000000000000e-03 3.403837500000000e+12
1.580000000000000e-03 3.373037500000000e+12
1.600000000000000e-03 3.342675000000000e+12
1.620000000000000e-03 3.312750000000000e+12
1.640000000000000e-03 3.283350000000000e+12
1.660000000000000e-03 3.254300000000000e+12
1.680000000000000e-03 3.225775000000000e+12
1.700000000000000e-03 3.197600000000000e+12
1.720000000000000e-03 3.169862500000000e+12
1.740000000000000e-03 3.142475000000000e+12
1.760000000000000e-03 3.115525000000000e+12
1.780000000000000e-03 3.089012500000000e+12
1.800000000000000e-03 3.062762500000000e+12
1.820000000000000e-03 3.036950000000000e+12
1.840000000000000e-03 3.011487500000000e+12
1.860000000000000e-03 2.986375000000000e+12
1.880000000000000e-03 2.961525000000000e+12
1.900000000000000e-03 2.937112500000000e+12
1.920000000000000e-03 2.912962500000000e+12
1.940000000000000e-03 2.889162500000000e+12
1.960000000000000e-03 2.865712500000000e+12
1.980000000000000e-03 2.842525000000000e+12
2.000000000000000e-03 2.819687500000000e+12
2.020000000000000e-03 2.797112500000000e+12
2.040000000000000e-03 2.774800000000000e+12
2.060000000000000e-03 2.752837500000000e+12
2.080000000000000e-03 2.731050000000000e+12
2.100000000000000e-03 2.709612500000000e+12
2.120000000000000e-03 2.688437500000000e+12
2.140000000000000e-03 2.667525000000000e+12
2.160000000000000e-03 2.646875000000000e+12
2.180000000000000e-03 2.626487500000000e+12
2.200000000000000e-03 2.606362500000000e+12
2.220000000000000e-03 2.586412500000000e+12
2.240000000000000e-03 2.566812500000000e+12
2.260000000000000e-03 2.547387500000000e+12
2.280000000000000e-03 2.528137500000000e+12
2.300000000000000e-03 2.509237500000000e+12
2.320000000000000e-03 2.490425000000000e+12
2.340000000000000e-03 2.471962500000000e+12
2.360000000000000e-03 2.453587500000000e+12
2.380000000000000e-03 2.435562500000000e+12
2.400000000000000e-03 2.417625000000000e+12
2.420000000000000e-03 2.399950000000000e+12
2.440000000000000e-03 2.382450000000000e+12
2.460000000000000e-03 2.365212500000000e+12
2.480000000000000e-03 2.348150000000000e+12
2.500000000000000e-03 2.331175000000000e+12
2.520000000000000e-03 2.314462500000000e+12
2.540000000000000e-03 2.298012500000000e+12
2.560000000000000e-03 2.281650000000000e+12
2.580000000000000e-03 2.265462500000000e+12
2.600000000000000e-03 2.249450000000000e+12
2.620000000000000e-03 2.233700000000000e+12
2.640000000000000e-03 2.218037500000000e+12
2.660000000000000e-03 2.202550000000000e+12
2.680000000000000e-03 2.187237500000000e+12
2.700000000000000e-03 2.172100000000000e+12
2.720000000000000e-03 2.157137500000000e+12
2.740000000000000e-03 2.142262500000000e+12
2.760000000000000e-03 2.127650000000000e+12
2.780000000000000e-03 2.113125000000000e+12
2.800000000000000e-03 2.098775000000000e+12
2.820000000000000e-03 2.084512500000000e+12
2.840000000000000e-03 2.070425000000000e+12
2.860000000000000e-03 2.056512500000000e+12
2.880000000000000e-03 2.042775000000000e+12
2.900000000000000e-03 2.029125000000000e+12
2.920000000000000e-03 2.015562500000000e+12
2.940000000000000e-03 2.002175000000000e+12
2.960000000000000e-03 1.988962500000000e+12
2.980000000000000e-03 1.975837500000000e+12
3.000000000000000e-03 1.962887500000000e+12
3.020000000000000e-03 1.950025000000000e+12
3.040000000000000e-03 1.937337500000000e+12
3.060000000000000e-03 1.924737500000000e+12
3.080000000000000e-03 1.912225000000000e+12
3.100000000000000e-03 1.899887500000000e+12
3.120000000000000e-03 1.887637500000000e+12
3.140000000000000e-03 1.875475000000000e+12
3.160000000000000e-03 1.863487500000000e+12
3.180000000000000e-03 1.851587500000000e+12
3.200000000000000e-03 1.839862500000000e+12
3.220000000000000e-03 1.828137500000000e+12
3.240000000000000e-03 1.816587500000000e+12
3.260000000000000e-03 1.805125000000000e+12
3.280000000000000e-03 1.793837500000000e+12
3.300000000000000e-03 1.782550000000000e+12
3.320000000000000e-03 1.771437500000000e+12
3.340000000000000e-03 1.760412500000000e+12
3.360000000000000e-03 1.749475000000000e+12
3.380000000000000e-03 1.738712500000000e+12
3.400000000000000e-03 1.727950000000000e+12
3.420000000000000e-03 1.717275000000000e+12
3.440000000000000e-03 1.706775000000000e+12
3.460000000000000e-03 1.696362500000000e+12
3.480000000000000e-03 1.686037500000000e+12
3.500000000000000e-03 1.675712500000000e+12
3.520000000000000e-03 1.665562500000000e+12
3.540000000000000e-03 1.655500000000000e+12
3.560000000000000e-03 1.645525000000000e+12
3.580000000000000e-03 1.635637500000000e+12
3.600000000000000e-03 1.625837500000000e+12
3.620000000000000e-03 1.616125000000000e+12
3.640000000000000e-03 1.606500000000000e+12
3.660000000000000e-03 1.596875000000000e+12
3.680000000000000e-03 1.587425000000000e+12
3.700000000000000e-03 1.578062500000000e+12
3.720000000000000e-03 1.568700000000000e+12
3.740000000000000e-03 1.559512500000000e+12
3.760000000000000e-03 1.550325000000000e+12
3.780000000000000e-03 1.541312500000000e+12
3.800000000000000e-03 1.532300000000000e+12
3.820000000000000e-03 1.523375000000000e+12
3.840000000000000e-03 1.514537500000000e+12
3.860000000000000e-03 1.505787500000000e+12
3.880000000000000e-03 1.497037500000000e+12
3.900000000000000e-03 1.488462500000000e+12
3.920000000000000e-03 1.479887500000000e+12
3.940000000000000e-03 1.471400000000000e+12
3.960000000000000e-03 1.463000000000000e+12
3.980000000000000e-03 1.454600000000000e+12
4.000000000000000e-03 1.446375000000000e+12
4.020000000000000e-03 1.438150000000000e+12
4.040000000000000e-03 1.430012500000000e+12
4.060000000000000e-03 1.421962500000000e+12
4.080000000000000e-03 1.413912500000000e+12
4.100000000000000e-03 1.405950000000000e+12
4.120000000000000e-03 1.398075000000000e+12
4.140000000000000e-03 1.390287500000000e+12
4.160000000000000e-03 1.382500000000000e+12
4.180000000000000e-03 1.374800000000000e+12
4.200000000000000e-03 1.367187500000000e+12
4.220000000000000e-03 1.359662500000000e+12
4.240000000000000e-03 1.352137500000000e+12
4.260000000000000e-03 1.344700000000000e+12
4.280000000000000e-03 1.337262500000000e+12
4.300000000000000e-03 1.329912500000000e+12
4.320000000000000e-03 1.322650000000000e+12
4.340000000000000e-03 1.315387500000000e+12
4.360000000000000e-03 1.308300000000000e+12
4.380000000000000e-03 1.301125000000000e+12
4.400000000000000e-03 1.294125000000000e+12
4.420000000000000e-03 1.287125000000000e+12
4.440000000000000e-03 1.280125000000000e+12
4.460000000000000e-03 1.273212500000000e+12
4.480000000000000e-03 1.266387500000000e+12
4.500000000000000e-03 1.259562500000000e+12
4.520000000000000e-03 1.252825000000000e+12
4.540000000000000e-03 1.246175000000000e+12
4.560000000000000e-03 1.239525000000000e+12
4.580000000000000e-03 1.232962500000000e+12
4.600000000000000e-03 1.226400000000000e+12
4.620000000000000e-03 1.219925000000000e+12
4.640000000000000e-03 1.213450000000000e+12
4.660000000000000e-03 1.207062500000000e+12
4.680000000000000e-03 1.200675000000000e+12
4.700000000000000e-03 1.194375000000000e+12
4.720000000000000e-03 1.188162500000000e+12
4.740000000000000e-03 1.181950000000000e+12
4.760000000000000e-03 1.175825000000000e+12
4.780000000000000e-03 1.169700000000000e+12
4.800000000000000e-03 1.163575000000000e+12
4.820000000000000e-03 1.157537500000000e+12
4.840000000000000e-03 1.151587500000000e+12
4.860000000000000e-03 1.145637500000000e+12
4.880000000000000e-03 1.139687500000000e+12
4.900000000000000e-03 1.133912500000000e+12
4.920000000000000e-03 1.128050000000000e+12
4.940000000000000e-03 1.122275000000000e+12
4.960000000000000e-03 1.116587500000000e+12
4.980000000000000e-03 1.110812500000000e+12
5.000000000000000e-03 1.105212500000000e+12
5.020000000000000e-03 1.099619850000000e+12
5.040000000000000e-03 1.094057270000000e+12
5.060000000000000e-03 1.088526010000000e+12
5.080000000000000e-03 1.083027330000000e+12
5.100000000000000e-03 1.077562500000000e+12
5.120000000000000e-03 1.072132750000000e+12
5.140000000000000e-03 1.066739230000000e+12
5.160000000000000e-03 1.061383100000000e+12
5.180000000000000e-03 1.056065470000000e+12
5.200000000000000e-03 1.050787500000000e+12
5.220000000000000e-03 1.045549860000000e+12
5.240000000000000e-03 1.040351400000000e+12
5.260000000000000e-03 1.035190510000000e+12
5.280000000000000e-03 1.030065580000000e+12
5.300000000000000e-03 1.024975000000000e+12
5.320000000000000e-03 1.019917610000000e+12
5.340000000000000e-03 1.014894070000000e+12
5.360000000000000e-03 1.009905460000000e+12
5.380000000000000e-03 1.004952910000000e+12
5.400000000000000e-03 1.000037500000000e+12
5.420000000000000e-03 9.951596930000000e+11
5.440000000000000e-03 9.903173370000000e+11
5.460000000000000e-03 9.855076350000000e+11
5.480000000000000e-03 9.807277890000000e+11
5.500000000000000e-03 9.759750000000000e+11
5.520000000000000e-03 9.712472180000000e+11
5.540000000000000e-03 9.665453860000000e+11
5.560000000000000e-03 9.618711950000000e+11
5.580000000000000e-03 9.572263360000000e+11
5.600000000000000e-03 9.526125000000000e+11
5.620000000000000e-03 9.480311350000000e+11
5.640000000000000e-03 9.434827180000000e+11
5.660000000000000e-03 9.389674840000000e+11
5.680000000000000e-03 9.344856660000000e+11
5.700000000000000e-03 9.300375000000000e+11
5.720000000000000e-03 9.256227420000000e+11
5.740000000000000e-03 9.212392410000000e+11
5.760000000000000e-03 9.168843700000000e+11
5.780000000000000e-03 9.125554990000000e+11
5.800000000000000e-03 9.082500000000000e+11
5.820000000000000e-03 9.039659970000000e+11
5.840000000000000e-03 8.997046160000000e+11
5.860000000000000e-03 8.954677380000000e+11
5.880000000000000e-03 8.912572390000000e+11
5.900000000000000e-03 8.870750000000000e+11
5.920000000000000e-03 8.829224010000000e+11
5.940000000000000e-03 8.787988330000000e+11
5.960000000000000e-03 8.747031900000000e+11
5.980000000000000e-03 8.706343640000000e+11
6.000000000000000e-03 8.665912500000000e+11
6.020000000000000e-03 8.625729290000000e+11
6.040000000000000e-03 8.585792410000000e+11
6.060000000000000e-03 8.546102130000000e+11
6.080000000000000e-03 8.506658730000000e+11
6.100000000000000e-03 8.467462500000000e+11
6.120000000000000e-03 8.428513220000000e+11
6.140000000000000e-03 8.389808740000000e+11
6.160000000000000e-03 8.351346390000000e+11
6.180000000000000e-03 8.313123530000000e+11
6.200000000000000e-03 8.275137500000000e+11
6.220000000000000e-03 8.237385720000000e+11
6.240000000000000e-03 8.199865850000000e+11
6.260000000000000e-03 8.162575620000000e+11
6.280000000000000e-03 8.125512760000000e+11
6.300000000000000e-03 8.088675000000000e+11
6.320000000000000e-03 8.052060300000000e+11
6.340000000000000e-03 8.015667570000000e+11
6.360000000000000e-03 7.979495940000000e+11
6.380000000000000e-03 7.943544530000000e+11
6.400000000000000e-03 7.907812500000000e+11
6.420000000000000e-03 7.872298670000000e+11
6.440000000000000e-03 7.837000670000000e+11
6.460000000000000e-03 7.801915840000000e+11
6.480000000000000e-03 7.767041510000000e+11
6.500000000000000e-03 7.732375000000000e+11
6.520000000000000e-03 7.697913920000000e+11
6.540000000000000e-03 7.663656940000000e+11
6.560000000000000e-03 7.629603000000000e+11
6.580000000000000e-03 7.595751040000000e+11
6.600000000000000e-03 7.562100000000000e+11
6.620000000000000e-03 7.528648750000000e+11
6.640000000000000e-03 7.495395860000000e+11
6.660000000000000e-03 7.462339850000000e+11
6.680000000000000e-03 7.429479230000000e+11
6.700000000000000e-03 7.396812500000000e+11
6.720000000000000e-03 7.364338200000000e+11
6.740000000000000e-03 7.332054920000000e+11
6.760000000000000e-03 7.299961300000000e+11
6.780000000000000e-03 7.268055950000000e+11
6.800000000000000e-03 7.236337500000000e+11
6.820000000000000e-03 7.204804560000000e+11
6.840000000000000e-03 7.173455740000000e+11
6.860000000000000e-03 7.142289640000000e+11
6.880000000000000e-03 7.111304860000000e+11
6.900000000000000e-03 7.080500000000000e+11
6.920000000000000e-03 7.049873650000000e+11
6.940000000000000e-03 7.019424400000000e+11
6.960000000000000e-03 6.989150830000000e+11
6.980000000000000e-03 6.959051500000000e+11
7.000000000000000e-03 6.929125000000000e+11
7.020000000000000e-03 6.899369920000000e+11
7.040000000000000e-03 6.869784940000000e+11
7.060000000000000e-03 6.840368750000000e+11
7.080000000000000e-03 6.811120040000000e+11
7.100000000000000e-03 6.782037500000000e+11
7.120000000000000e-03 6.753119760000000e+11
7.140000000000000e-03 6.724365140000000e+11
7.160000000000000e-03 6.695771890000000e+11
7.180000000000000e-03 6.667338260000000e+11
7.200000000000000e-03 6.639062500000000e+11
7.220000000000000e-03 6.610943140000000e+11
7.240000000000000e-03 6.582979810000000e+11
7.260000000000000e-03 6.555172400000000e+11
7.280000000000000e-03 6.527520830000000e+11
7.300000000000000e-03 6.500025000000000e+11
7.320000000000000e-03 6.472684480000000e+11
7.340000000000000e-03 6.445497540000000e+11
7.360000000000000e-03 6.418462100000000e+11
7.380000000000000e-03 6.391576110000000e+11
7.400000000000000e-03 6.364837500000000e+11
7.420000000000000e-03 6.338244540000000e+11
7.440000000000000e-03 6.311796850000000e+11
7.460000000000000e-03 6.285494390000000e+11
7.480000000000000e-03 6.259337120000000e+11
7.500000000000000e-03 6.233325000000000e+11
7.520000000000000e-03 6.207457670000000e+11
7.540000000000000e-03 6.181733470000000e+11
7.560000000000000e-03 6.156150440000000e+11
7.580000000000000e-03 6.130706610000000e+11
7.600000000000000e-03 6.105400000000000e+11
7.620000000000000e-03 6.080228900000000e+11
7.640000000000000e-03 6.055192580000000e+11
7.660000000000000e-03 6.030290550000000e+11
7.680000000000000e-03 6.005522350000000e+11
7.700000000000000e-03 5.980887500000000e+11
7.720000000000000e-03 5.956385540000000e+11
7.740000000000000e-03 5.932016130000000e+11
7.760000000000000e-03 5.907778950000000e+11
7.780000000000000e-03 5.883673680000000e+11
7.800000000000000e-03 5.859700000000000e+11
7.820000000000001e-03 5.835857240000000e+11
7.840000000000000e-03 5.812143310000000e+11
7.860000000000001e-03 5.788555760000000e+11
7.880000000000000e-03 5.765092140000000e+11
7.900000000000001e-03 5.741750000000000e+11
7.920000000000000e-03 5.718527600000000e+11
7.939999999999999e-03 5.695425940000000e+11
7.960000000000000e-03 5.672446730000000e+11
7.979999999999999e-03 5.649591680000000e+11
8.000000000000000e-03 5.626862500000000e+11
8.019999999999999e-03 5.604259880000000e+11
8.040000000000000e-03 5.581780450000000e+11
8.059999999999999e-03 5.559419830000000e+11
8.080000000000000e-03 5.537173640000000e+11
8.100000000000000e-03 5.515037500000000e+11
8.120000000000000e-03 5.493008290000000e+11
8.140000000000000e-03 5.471087970000000e+11
8.160000000000001e-03 5.449279750000000e+11
8.180000000000000e-03 5.427586860000000e+11
8.200000000000001e-03 5.406012500000000e+11
8.220000000000000e-03 5.384558650000000e+11
8.240000000000001e-03 5.363222270000000e+11
8.260000000000000e-03 5.341999060000000e+11
8.279999999999999e-03 5.320884740000000e+11
8.300000000000000e-03 5.299875000000000e+11
8.319999999999999e-03 5.278966500000000e+11
8.340000000000000e-03 5.258159650000000e+11
8.359999999999999e-03 5.237455800000000e+11
8.380000000000000e-03 5.216856300000000e+11
8.399999999999999e-03 5.196362500000000e+11
8.420000000000000e-03 5.175975350000000e+11
8.440000000000000e-03 5.155694130000000e+11
8.460000000000001e-03 5.135517750000000e+11
8.480000000000000e-03 5.115445070000000e+11
8.500000000000001e-03 5.095475000000000e+11
8.520000000000000e-03 5.075606410000000e+11
8.540000000000001e-03 5.055838210000000e+11
8.560000000000000e-03 5.036169310000000e+11
8.580000000000001e-03 5.016598600000000e+11
8.600000000000000e-03 4.997125000000000e+11
8.619999999999999e-03 4.977747800000000e+11
8.640000000000000e-03 4.958467910000000e+11
8.659999999999999e-03 4.939286610000000e+11
8.680000000000000e-03 4.920205210000000e+11
8.699999999999999e-03 4.901225000000000e+11
8.720000000000000e-03 4.882346380000000e+11
8.740000000000000e-03 4.863566160000000e+11
8.760000000000000e-03 4.844880250000000e+11
8.780000000000000e-03 4.826284560000000e+11
8.800000000000001e-03 4.807775000000000e+11
8.820000000000000e-03 4.789348580000000e+11
8.840000000000001e-03 4.771006660000000e+11
8.860000000000000e-03 4.752751710000000e+11
8.880000000000001e-03 4.734586170000000e+11
8.900000000000000e-03 4.716512500000000e+11
8.920000000000001e-03 4.698532500000000e+11
8.940000000000000e-03 4.680645290000000e+11
8.959999999999999e-03 4.662849320000000e+11
8.980000000000000e-03 4.645143080000000e+11
8.999999999999999e-03 4.627525000000000e+11
9.020000000000000e-03 4.609993730000000e+11
9.039999999999999e-03 4.592548590000000e+11
9.060000000000000e-03 4.575189090000000e+11
9.080000000000000e-03 4.557914730000000e+11
9.100000000000000e-03 4.540725000000000e+11
9.120000000000000e-03 4.523619380000000e+11
9.140000000000001e-03 4.506597240000000e+11
9.160000000000000e-03 4.489657900000000e+11
9.180000000000001e-03 4.472800710000000e+11
9.200000000000000e-03 4.456025000000000e+11
9.220000000000001e-03 4.439330040000000e+11
9.240000000000000e-03 4.422714850000000e+11
9.259999999999999e-03 4.406178390000000e+11
9.280000000000000e-03 4.389719620000000e+11
9.299999999999999e-03 4.373337500000000e+11
9.320000000000000e-03 4.357031260000000e+11
9.339999999999999e-03 4.340801260000000e+11
9.360000000000000e-03 4.324648130000000e+11
9.379999999999999e-03 4.308572500000000e+11
9.400000000000000e-03 4.292575000000000e+11
9.420000000000000e-03 4.276655910000000e+11
9.440000000000000e-03 4.260814090000000e+11
9.460000000000000e-03 4.245048070000000e+11
9.480000000000001e-03 4.229356370000000e+11
9.500000000000000e-03 4.213737500000000e+11
9.520000000000001e-03 4.198190410000000e+11
9.540000000000000e-03 4.182715770000000e+11
9.560000000000001e-03 4.167314670000000e+11
9.580000000000000e-03 4.151988210000000e+11
9.599999999999999e-03 4.136737500000000e+11
9.620000000000000e-03 4.121562960000000e+11
9.639999999999999e-03 4.106462350000000e+11
9.660000000000000e-03 4.091432760000000e+11
9.679999999999999e-03 4.076471280000000e+11
9.700000000000000e-03 4.061575000000000e+11
9.719999999999999e-03 4.046741860000000e+11
9.740000000000000e-03 4.031973150000000e+11
9.760000000000000e-03 4.017271010000000e+11
9.780000000000000e-03 4.002637580000000e+11
9.800000000000000e-03 3.988075000000000e+11
9.820000000000001e-03 3.973584810000000e+11
9.840000000000000e-03 3.959166170000000e+11
9.860000000000001e-03 3.944817610000000e+11
9.880000000000000e-03 3.930537710000000e+11
9.900000000000001e-03 3.916325000000000e+11
9.920000000000000e-03 3.902178190000000e+11
9.939999999999999e-03 3.888096590000000e+11
9.960000000000000e-03 3.874079640000000e+11
9.979999999999999e-03 3.860126790000000e+11
1.000000000000000e-02 3.846237500000000e+11
1.002000000000000e-02 3.832411250000000e+11
1.004000000000000e-02 3.818647710000000e+11
1.006000000000000e-02 3.804946570000000e+11
1.008000000000000e-02 3.791307540000000e+11
1.010000000000000e-02 3.777730310000000e+11
1.012000000000000e-02 3.764214590000000e+11
1.014000000000000e-02 3.750760080000000e+11
1.016000000000000e-02 3.737366470000000e+11
1.018000000000000e-02 3.724033460000000e+11
1.020000000000000e-02 3.710760770000000e+11
1.022000000000000e-02 3.697548080000000e+11
1.024000000000000e-02 3.684395090000000e+11
1.026000000000000e-02 3.671301520000000e+11
1.028000000000000e-02 3.658267050000000e+11
1.030000000000000e-02 3.645291390000000e+11
1.032000000000000e-02 3.632374230000000e+11
1.034000000000000e-02 3.619515290000000e+11
1.036000000000000e-02 3.606714250000000e+11
1.038000000000000e-02 3.593970820000000e+11
1.040000000000000e-02 3.581284700000000e+11
1.042000000000000e-02 3.568655580000000e+11
1.044000000000000e-02 3.556083180000000e+11
1.046000000000000e-02 3.543567180000000e+11
1.048000000000000e-02 3.531107300000000e+11
1.050000000000000e-02 3.518703220000000e+11
1.052000000000000e-02 3.506354660000000e+11
1.054000000000000e-02 3.494061300000000e+11
1.056000000000000e-02 3.481822850000000e+11
1.058000000000000e-02 3.469639020000000e+11
1.060000000000000e-02 3.457509490000000e+11
1.062000000000000e-02 3.445433970000000e+11
1.064000000000000e-02 3.433412170000000e+11
1.066000000000000e-02 3.421443780000000e+11
1.068000000000000e-02 3.409528500000000e+11
1.070000000000000e-02 3.397666030000000e+11
1.072000000000000e-02 3.385856070000000e+11
1.074000000000000e-02 3.374098320000000e+11
1.076000000000000e-02 3.362392490000000e+11
1.078000000000000e-02 3.350738270000000e+11
1.080000000000000e-02 3.339135360000000e+11
1.082000000000000e-02 3.327583460000000e+11
1.084000000000000e-02 3.316082280000000e+11
1.086000000000000e-02 3.304631510000000e+11
1.088000000000000e-02 3.293230850000000e+11
1.090000000000000e-02 3.281880010000000e+11
1.092000000000000e-02 3.270578680000000e+11
1.094000000000000e-02 3.259326560000000e+11
1.096000000000000e-02 3.248123360000000e+11
1.098000000000000e-02 3.236968770000000e+11
1.100000000000000e-02 3.225862500000000e+11
1.102000000000000e-02 3.214804250000000e+11
1.104000000000000e-02 3.203793780000000e+11
1.106000000000000e-02 3.192830840000000e+11
1.108000000000000e-02 3.181915200000000e+11
1.110000000000000e-02 3.171046620000000e+11
1.112000000000000e-02 3.160224850000000e+11
1.114000000000000e-02 3.149449660000000e+11
1.116000000000000e-02 3.138720800000000e+11
1.118000000000000e-02 3.128038040000000e+11
1.120000000000000e-02 3.117401140000000e+11
1.122000000000000e-02 3.106809860000000e+11
1.124000000000000e-02 3.096263950000000e+11
1.126000000000000e-02 3.085763180000000e+11
1.128000000000000e-02 3.075307320000000e+11
1.130000000000000e-02 3.064896110000000e+11
1.132000000000000e-02 3.054529310000000e+11
1.134000000000000e-02 3.044206700000000e+11
1.136000000000000e-02 3.033928030000000e+11
1.138000000000000e-02 3.023693060000000e+11
1.140000000000000e-02 3.013501550000000e+11
1.142000000000000e-02 3.003353260000000e+11
1.144000000000000e-02 2.993247940000000e+11
1.146000000000000e-02 2.983185370000000e+11
1.148000000000000e-02 2.973165310000000e+11
1.150000000000000e-02 2.963187500000000e+11
1.152000000000000e-02 2.953251720000000e+11
1.154000000000000e-02 2.943357750000000e+11
1.156000000000000e-02 2.933505380000000e+11
1.158000000000000e-02 2.923694400000000e+11
1.160000000000000e-02 2.913924590000000e+11
1.162000000000000e-02 2.904195750000000e+11
1.164000000000000e-02 2.894507660000000e+11
1.166000000000000e-02 2.884860120000000e+11
1.168000000000000e-02 2.875252900000000e+11
1.170000000000000e-02 2.865685810000000e+11
1.172000000000000e-02 2.856158620000000e+11
1.174000000000000e-02 2.846671130000000e+11
1.176000000000000e-02 2.837223130000000e+11
1.178000000000000e-02 2.827814400000000e+11
1.180000000000000e-02 2.818444730000000e+11
1.182000000000000e-02 2.809113910000000e+11
1.184000000000000e-02 2.799821740000000e+11
1.186000000000000e-02 2.790567990000000e+11
1.188000000000000e-02 2.781352460000000e+11
1.190000000000000e-02 2.772174930000000e+11
1.192000000000000e-02 2.763035200000000e+11
1.194000000000000e-02 2.753933060000000e+11
1.196000000000000e-02 2.744868280000000e+11
1.198000000000000e-02 2.735840670000000e+11
1.200000000000000e-02 2.726850000000000e+11
1.202000000000000e-02 2.717896080000000e+11
1.204000000000000e-02 2.708978740000000e+11
1.206000000000000e-02 2.700097820000000e+11
1.208000000000000e-02 2.691253170000000e+11
1.210000000000000e-02 2.682444620000000e+11
1.212000000000000e-02 2.673672020000000e+11
1.214000000000000e-02 2.664935200000000e+11
1.216000000000000e-02 2.656234020000000e+11
1.218000000000000e-02 2.647568320000000e+11
1.220000000000000e-02 2.638937930000000e+11
1.222000000000000e-02 2.630342690000000e+11
1.224000000000000e-02 2.621782460000000e+11
1.226000000000000e-02 2.613257070000000e+11
1.228000000000000e-02 2.604766360000000e+11
1.230000000000000e-02 2.596310180000000e+11
1.232000000000000e-02 2.587888360000000e+11
1.234000000000000e-02 2.579500750000000e+11
1.236000000000000e-02 2.571147200000000e+11
1.238000000000000e-02 2.562827540000000e+11
1.240000000000000e-02 2.554541620000000e+11
1.242000000000000e-02 2.546289270000000e+11
1.244000000000000e-02 2.538070340000000e+11
1.246000000000000e-02 2.529884680000000e+11
1.248000000000000e-02 2.521732120000000e+11
1.250000000000000e-02 2.513612500000000e+11
1.252000000000000e-02 2.505525670000000e+11
1.254000000000000e-02 2.497471460000000e+11
1.256000000000000e-02 2.489449720000000e+11
1.258000000000000e-02 2.481460260000000e+11
1.260000000000000e-02 2.473502940000000e+11
1.262000000000000e-02 2.465577580000000e+11
1.264000000000000e-02 2.457684020000000e+11
1.266000000000000e-02 2.449822090000000e+11
1.268000000000000e-02 2.441991640000000e+11
1.270000000000000e-02 2.434192490000000e+11
1.272000000000000e-02 2.426424480000000e+11
1.274000000000000e-02 2.418687450000000e+11
1.276000000000000e-02 2.410981230000000e+11
1.278000000000000e-02 2.403305660000000e+11
1.280000000000000e-02 2.395660570000000e+11
1.282000000000000e-02 2.388045800000000e+11
1.284000000000000e-02 2.380461180000000e+11
1.286000000000000e-02 2.372906550000000e+11
1.288000000000000e-02 2.365381750000000e+11
1.290000000000000e-02 2.357886600000000e+11
1.292000000000000e-02 2.350420950000000e+11
1.294000000000000e-02 2.342984630000000e+11
1.296000000000000e-02 2.335577470000000e+11
1.298000000000000e-02 2.328199320000000e+11
1.300000000000000e-02 2.320850000000000e+11
1.302000000000000e-02 2.313529360000000e+11
1.304000000000000e-02 2.306237270000000e+11
1.306000000000000e-02 2.298973600000000e+11
1.308000000000000e-02 2.291738230000000e+11
1.310000000000000e-02 2.284531030000000e+11
1.312000000000000e-02 2.277351880000000e+11
1.314000000000000e-02 2.270200660000000e+11
1.316000000000000e-02 2.263077250000000e+11
1.318000000000000e-02 2.255981510000000e+11
1.320000000000000e-02 2.248913320000000e+11
1.322000000000000e-02 2.241872560000000e+11
1.324000000000000e-02 2.234859110000000e+11
1.326000000000000e-02 2.227872840000000e+11
1.328000000000000e-02 2.220913630000000e+11
1.330000000000000e-02 2.213981350000000e+11
1.332000000000000e-02 2.207075870000000e+11
1.334000000000000e-02 2.200197080000000e+11
1.336000000000000e-02 2.193344860000000e+11
1.338000000000000e-02 2.186519060000000e+11
1.340000000000000e-02 2.179719580000000e+11
1.342000000000000e-02 2.172946290000000e+11
1.344000000000000e-02 2.166199060000000e+11
1.346000000000000e-02 2.159477760000000e+11
1.348000000000000e-02 2.152782290000000e+11
1.350000000000000e-02 2.146112500000000e+11
1.352000000000000e-02 2.139468280000000e+11
1.354000000000000e-02 2.132849520000000e+11
1.356000000000000e-02 2.126256100000000e+11
1.358000000000000e-02 2.119687910000000e+11
1.360000000000000e-02 2.113144850000000e+11
1.362000000000000e-02 2.106626790000000e+11
1.364000000000000e-02 2.100133630000000e+11
1.366000000000000e-02 2.093665260000000e+11
1.368000000000000e-02 2.087221560000000e+11
1.370000000000000e-02 2.080802430000000e+11
1.372000000000000e-02 2.074407760000000e+11
1.374000000000000e-02 2.068037420000000e+11
1.376000000000000e-02 2.061691310000000e+11
1.378000000000000e-02 2.055369330000000e+11
1.380000000000000e-02 2.049071350000000e+11
1.382000000000000e-02 2.042797270000000e+11
1.384000000000000e-02 2.036546970000000e+11
1.386000000000000e-02 2.030320350000000e+11
1.388000000000000e-02 2.024117280000000e+11
1.390000000000000e-02 2.017937680000000e+11
1.392000000000000e-02 2.011781410000000e+11
1.394000000000000e-02 2.005648360000000e+11
1.396000000000000e-02 1.999538440000000e+11
1.398000000000000e-02 1.993451520000000e+11
1.400000000000000e-02 1.987387500000000e+11
1.402000000000000e-02 1.981346260000000e+11
1.404000000000000e-02 1.975327700000000e+11
1.406000000000000e-02 1.969331720000000e+11
1.408000000000000e-02 1.963358220000000e+11
1.410000000000000e-02 1.957407090000000e+11
1.412000000000000e-02 1.951478230000000e+11
1.414000000000000e-02 1.945571540000000e+11
1.416000000000000e-02 1.939686910000000e+11
1.418000000000000e-02 1.933824250000000e+11
1.420000000000000e-02 1.927983450000000e+11
1.422000000000000e-02 1.922164400000000e+11
1.424000000000000e-02 1.916367020000000e+11
1.426000000000000e-02 1.910591180000000e+11
1.428000000000000e-02 1.904836800000000e+11
1.430000000000000e-02 1.899103760000000e+11
1.432000000000000e-02 1.893391970000000e+11
1.434000000000000e-02 1.887701320000000e+11
1.436000000000000e-02 1.882031720000000e+11
1.438000000000000e-02 1.876383050000000e+11
1.440000000000000e-02 1.870755220000000e+11
1.442000000000000e-02 1.865148120000000e+11
1.444000000000000e-02 1.859561650000000e+11
1.446000000000000e-02 1.853995710000000e+11
1.448000000000000e-02 1.848450190000000e+11
1.450000000000000e-02 1.842925000000000e+11
1.452000000000000e-02 1.837420030000000e+11
1.454000000000000e-02 1.831935200000000e+11
1.456000000000000e-02 1.826470420000000e+11
1.458000000000000e-02 1.821025620000000e+11
1.460000000000000e-02 1.815600690000000e+11
1.462000000000000e-02 1.810195580000000e+11
1.464000000000000e-02 1.804810180000000e+11
1.466000000000000e-02 1.799444420000000e+11
1.468000000000000e-02 1.794098210000000e+11
1.470000000000000e-02 1.788771470000000e+11
1.472000000000000e-02 1.783464120000000e+11
1.474000000000000e-02 1.778176070000000e+11
1.476000000000000e-02 1.772907240000000e+11
1.478000000000000e-02 1.767657550000000e+11
1.480000000000000e-02 1.762426900000000e+11
1.482000000000000e-02 1.757215230000000e+11
1.484000000000000e-02 1.752022440000000e+11
1.486000000000000e-02 1.746848460000000e+11
1.488000000000000e-02 1.741693190000000e+11
1.490000000000000e-02 1.736556560000000e+11
1.492000000000000e-02 1.731438480000000e+11
1.494000000000000e-02 1.726338860000000e+11
1.496000000000000e-02 1.721257640000000e+11
1.498000000000000e-02 1.716194710000000e+11
1.500000000000000e-02 1.711150000000000e+11
1.502000000000000e-02 1.706123430000000e+11
1.504000000000000e-02 1.701114920000000e+11
1.506000000000000e-02 1.696124420000000e+11
1.508000000000000e-02 1.691151840000000e+11
1.510000000000000e-02 1.686197130000000e+11
1.512000000000000e-02 1.681260220000000e+11
1.514000000000000e-02 1.676341030000000e+11
1.516000000000000e-02 1.671439500000000e+11
1.518000000000000e-02 1.666555570000000e+11
1.520000000000000e-02 1.661689160000000e+11
1.522000000000000e-02 1.656840210000000e+11
1.524000000000000e-02 1.652008650000000e+11
1.526000000000000e-02 1.647194410000000e+11
1.528000000000000e-02 1.642397420000000e+11
1.530000000000000e-02 1.637617620000000e+11
1.532000000000000e-02 1.632854940000000e+11
1.534000000000000e-02 1.628109310000000e+11
1.536000000000000e-02 1.623380670000000e+11
1.538000000000000e-02 1.618668940000000e+11
1.540000000000000e-02 1.613974060000000e+11
1.542000000000000e-02 1.609295960000000e+11
1.544000000000000e-02 1.604634570000000e+11
1.546000000000000e-02 1.599989820000000e+11
1.548000000000000e-02 1.595361660000000e+11
1.550000000000000e-02 1.590750000000000e+11
1.552000000000000e-02 1.586154780000000e+11
1.554000000000000e-02 1.581575920000000e+11
1.556000000000000e-02 1.577013340000000e+11
1.558000000000000e-02 1.572466950000000e+11
1.560000000000000e-02 1.567936680000000e+11
1.562000000000000e-02 1.563422430000000e+11
1.564000000000000e-02 1.558924130000000e+11
1.566000000000000e-02 1.554441690000000e+11
1.568000000000000e-02 1.549975040000000e+11
1.570000000000000e-02 1.545524080000000e+11
1.572000000000000e-02 1.541088750000000e+11
1.574000000000000e-02 1.536668940000000e+11
1.576000000000000e-02 1.532264590000000e+11
1.578000000000000e-02 1.527875600000000e+11
1.580000000000000e-02 1.523501900000000e+11
1.582000000000000e-02 1.519143410000000e+11
1.584000000000000e-02 1.514800030000000e+11
1.586000000000000e-02 1.510471700000000e+11
1.588000000000000e-02 1.506158320000000e+11
1.590000000000000e-02 1.501859810000000e+11
1.592000000000000e-02 1.497576100000000e+11
1.594000000000000e-02 1.493307090000000e+11
1.596000000000000e-02 1.489052710000000e+11
1.598000000000000e-02 1.484812880000000e+11
1.600000000000000e-02 1.480587500000000e+11
1.602000000000000e-02 1.476376510000000e+11
1.604000000000000e-02 1.472179860000000e+11
1.606000000000000e-02 1.467997510000000e+11
1.608000000000000e-02 1.463829420000000e+11
1.610000000000000e-02 1.459675560000000e+11
1.612000000000000e-02 1.455535870000000e+11
1.614000000000000e-02 1.451410340000000e+11
1.616000000000000e-02 1.447298900000000e+11
1.618000000000000e-02 1.443201540000000e+11
1.620000000000000e-02 1.439118200000000e+11
1.622000000000000e-02 1.435048850000000e+11
1.624000000000000e-02 1.430993460000000e+11
1.626000000000000e-02 1.426951970000000e+11
1.628000000000000e-02 1.422924350000000e+11
1.630000000000000e-02 1.418910570000000e+11
1.632000000000000e-02 1.414910580000000e+11
1.634000000000000e-02 1.410924350000000e+11
1.636000000000000e-02 1.406951830000000e+11
1.638000000000000e-02 1.402992990000000e+11
1.640000000000000e-02 1.399047790000000e+11
1.642000000000000e-02 1.395116190000000e+11
1.644000000000000e-02 1.391198150000000e+11
1.646000000000000e-02 1.387293630000000e+11
1.648000000000000e-02 1.383402590000000e+11
1.650000000000000e-02 1.379525000000000e+11
1.652000000000000e-02 1.375660810000000e+11
1.654000000000000e-02 1.371809950000000e+11
1.656000000000000e-02 1.367972380000000e+11
1.658000000000000e-02 1.364148020000000e+11
1.660000000000000e-02 1.360336800000000e+11
1.662000000000000e-02 1.356538670000000e+11
1.664000000000000e-02 1.352753560000000e+11
1.666000000000000e-02 1.348981410000000e+11
1.668000000000000e-02 1.345222140000000e+11
1.670000000000000e-02 1.341475710000000e+11
1.672000000000000e-02 1.337742040000000e+11
1.674000000000000e-02 1.334021070000000e+11
1.676000000000000e-02 1.330312730000000e+11
1.678000000000000e-02 1.326616970000000e+11
1.680000000000000e-02 1.322933720000000e+11
1.682000000000000e-02 1.319262910000000e+11
1.684000000000000e-02 1.315604470000000e+11
1.686000000000000e-02 1.311958360000000e+11
1.688000000000000e-02 1.308324490000000e+11
1.690000000000000e-02 1.304702820000000e+11
1.692000000000000e-02 1.301093260000000e+11
1.694000000000000e-02 1.297495770000000e+11
1.696000000000000e-02 1.293910270000000e+11
1.698000000000000e-02 1.290336700000000e+11
1.700000000000000e-02 1.286775000000000e+11
1.702000000000000e-02 1.283225110000000e+11
1.704000000000000e-02 1.279686970000000e+11
1.706000000000000e-02 1.276160560000000e+11
1.708000000000000e-02 1.272645830000000e+11
1.710000000000000e-02 1.269142740000000e+11
1.712000000000000e-02 1.265651250000000e+11
1.714000000000000e-02 1.262171320000000e+11
1.716000000000000e-02 1.258702900000000e+11
1.718000000000000e-02 1.255245970000000e+11
1.720000000000000e-02 1.251800460000000e+11
1.722000000000000e-02 1.248366360000000e+11
1.724000000000000e-02 1.244943600000000e+11
1.726000000000000e-02 1.241532160000000e+11
1.728000000000000e-02 1.238132000000000e+11
1.730000000000000e-02 1.234743060000000e+11
1.732000000000000e-02 1.231365320000000e+11
1.734000000000000e-02 1.227998720000000e+11
1.736000000000000e-02 1.224643240000000e+11
1.738000000000000e-02 1.221298830000000e+11
1.740000000000000e-02 1.217965440000000e+11
1.742000000000000e-02 1.214643040000000e+11
1.744000000000000e-02 1.211331590000000e+11
1.746000000000000e-02 1.208031040000000e+11
1.748000000000000e-02 1.204741360000000e+11
1.750000000000000e-02 1.201462500000000e+11
1.752000000000000e-02 1.198194430000000e+11
1.754000000000000e-02 1.194937090000000e+11
1.756000000000000e-02 1.191690460000000e+11
1.758000000000000e-02 1.188454480000000e+11
1.760000000000000e-02 1.185229130000000e+11
1.762000000000000e-02 1.182014350000000e+11
1.764000000000000e-02 1.178810100000000e+11
1.766000000000000e-02 1.175616340000000e+11
1.768000000000000e-02 1.172433040000000e+11
1.770000000000000e-02 1.169260140000000e+11
1.772000000000000e-02 1.166097610000000e+11
1.774000000000000e-02 1.162945410000000e+11
1.776000000000000e-02 1.159803490000000e+11
1.778000000000000e-02 1.156671810000000e+11
1.780000000000000e-02 1.153550340000000e+11
1.782000000000000e-02 1.150439020000000e+11
1.784000000000000e-02 1.147337830000000e+11
1.786000000000000e-02 1.144246700000000e+11
1.788000000000000e-02 1.141165620000000e+11
1.790000000000000e-02 1.138094530000000e+11
1.792000000000000e-02 1.135033380000000e+11
1.794000000000000e-02 1.131982150000000e+11
1.796000000000000e-02 1.128940790000000e+11
1.798000000000000e-02 1.125909250000000e+11
1.800000000000000e-02 1.122887500000000e+11
1.802000000000000e-02 1.119875490000000e+11
1.804000000000000e-02 1.116873200000000e+11
1.806000000000000e-02 1.113880600000000e+11
1.808000000000000e-02 1.110897660000000e+11
1.810000000000000e-02 1.107924350000000e+11
1.812000000000000e-02 1.104960640000000e+11
1.814000000000000e-02 1.102006510000000e+11
1.816000000000000e-02 1.099061920000000e+11
1.818000000000000e-02 1.096126850000000e+11
1.820000000000000e-02 1.093201280000000e+11
1.822000000000000e-02 1.090285160000000e+11
1.824000000000000e-02 1.087378490000000e+11
1.826000000000000e-02 1.084481220000000e+11
1.828000000000000e-02 1.081593320000000e+11
1.830000000000000e-02 1.078714780000000e+11
1.832000000000000e-02 1.075845570000000e+11
1.834000000000000e-02 1.072985640000000e+11
1.836000000000000e-02 1.070134990000000e+11
1.838000000000000e-02 1.067293570000000e+11
1.840000000000000e-02 1.064461360000000e+11
1.842000000000000e-02 1.061638340000000e+11
1.844000000000000e-02 1.058824460000000e+11
1.846000000000000e-02 1.056019720000000e+11
1.848000000000000e-02 1.053224080000000e+11
1.850000000000000e-02 1.050437500000000e+11
1.852000000000000e-02 1.047659960000000e+11
1.854000000000000e-02 1.044891420000000e+11
1.856000000000000e-02 1.042131830000000e+11
1.858000000000000e-02 1.039381130000000e+11
1.860000000000000e-02 1.036639290000000e+11
1.862000000000000e-02 1.033906240000000e+11
1.864000000000000e-02 1.031181960000000e+11
1.866000000000000e-02 1.028466380000000e+11
1.868000000000000e-02 1.025759460000000e+11
1.870000000000000e-02 1.023061150000000e+11
1.872000000000000e-02 1.020371410000000e+11
1.874000000000000e-02 1.017690190000000e+11
1.876000000000000e-02 1.015017430000000e+11
1.878000000000000e-02 1.012353090000000e+11
1.880000000000000e-02 1.009697130000000e+11
1.882000000000000e-02 1.007049490000000e+11
1.884000000000000e-02 1.004410130000000e+11
1.886000000000000e-02 1.001779000000000e+11
1.888000000000000e-02 9.991560500000000e+10
1.890000000000000e-02 9.965412350000000e+10
1.892000000000000e-02 9.939345070000000e+10
1.894000000000000e-02 9.913358170000000e+10
1.896000000000000e-02 9.887451180000000e+10
1.898000000000000e-02 9.861623610000000e+10
1.900000000000000e-02 9.835875000000000e+10
1.902000000000000e-02 9.810204910000000e+10
1.904000000000000e-02 9.784613140000000e+10
1.906000000000000e-02 9.759099520000000e+10
1.908000000000000e-02 9.733663900000000e+10
1.910000000000000e-02 9.708306110000000e+10
1.912000000000000e-02 9.683025990000000e+10
1.914000000000000e-02 9.657823390000000e+10
1.916000000000000e-02 9.632698150000000e+10
1.918000000000000e-02 9.607650110000000e+10
1.920000000000000e-02 9.582679100000000e+10
1.922000000000000e-02 9.557784970000000e+10
1.924000000000000e-02 9.532967560000000e+10
1.926000000000000e-02 9.508226710000000e+10
1.928000000000000e-02 9.483562250000000e+10
1.930000000000000e-02 9.458974040000000e+10
1.932000000000000e-02 9.434461910000000e+10
1.934000000000000e-02 9.410025690000000e+10
1.936000000000000e-02 9.385665240000000e+10
1.938000000000000e-02 9.361380390000000e+10
1.940000000000000e-02 9.337170990000000e+10
1.942000000000000e-02 9.313036860000000e+10
1.944000000000000e-02 9.288977860000000e+10
1.946000000000000e-02 9.264993820000000e+10
1.948000000000000e-02 9.241084590000000e+10
1.950000000000000e-02 9.217250000000000e+10
1.952000000000000e-02 9.193489870000000e+10
1.954000000000000e-02 9.169803940000000e+10
1.956000000000000e-02 9.146191900000000e+10
1.958000000000000e-02 9.122653450000000e+10
1.960000000000000e-02 9.099188320000000e+10
1.962000000000000e-02 9.075796190000000e+10
1.964000000000000e-02 9.052476780000000e+10
1.966000000000000e-02 9.029229780000000e+10
1.968000000000000e-02 9.006054910000000e+10
1.970000000000000e-02 8.982951870000000e+10
1.972000000000000e-02 8.959920360000000e+10
1.974000000000000e-02 8.936960090000000e+10
1.976000000000000e-02 8.914070760000000e+10
1.978000000000000e-02 8.891252090000000e+10
1.980000000000000e-02 8.868503760000000e+10
1.982000000000000e-02 8.845825490000000e+10
1.984000000000000e-02 8.823216990000000e+10
1.986000000000000e-02 8.800677950000000e+10
1.988000000000000e-02 8.778208090000000e+10
1.990000000000000e-02 8.755807100000000e+10
1.992000000000000e-02 8.733474700000000e+10
1.994000000000000e-02 8.711210580000000e+10
1.996000000000000e-02 8.689014460000000e+10
1.998000000000000e-02 8.666886030000000e+10
2.000000000000000e-02 8.644825000000000e+10
2.002000000000000e-02 8.622831090000000e+10
2.004000000000000e-02 8.600904040000000e+10
2.006000000000000e-02 8.579043630000000e+10
2.008000000000000e-02 8.557249600000000e+10
2.010000000000000e-02 8.535521730000000e+10
2.012000000000000e-02 8.513859760000000e+10
2.014000000000000e-02 8.492263470000000e+10
2.016000000000000e-02 8.470732610000000e+10
2.018000000000000e-02 8.449266940000000e+10
2.020000000000000e-02 8.427866230000000e+10
2.022000000000000e-02 8.406530230000000e+10
2.024000000000000e-02 8.385258710000000e+10
2.026000000000000e-02 8.364051430000000e+10
2.028000000000000e-02 8.342908140000000e+10
2.030000000000000e-02 8.321828620000000e+10
2.032000000000000e-02 8.300812610000000e+10
2.034000000000000e-02 8.279859880000000e+10
2.036000000000000e-02 8.258970200000000e+10
2.038000000000000e-02 8.238143320000000e+10
2.040000000000000e-02 8.217379000000000e+10
2.042000000000000e-02 8.196677010000000e+10
2.044000000000000e-02 8.176037100000000e+10
2.046000000000000e-02 8.155459040000000e+10
2.048000000000000e-02 8.134942590000000e+10
2.050000000000000e-02 8.114487500000000e+10
2.052000000000000e-02 8.094093550000000e+10
2.054000000000000e-02 8.073760540000000e+10
2.056000000000000e-02 8.053488270000000e+10
2.058000000000000e-02 8.033276540000000e+10
2.060000000000000e-02 8.013125180000000e+10
2.062000000000000e-02 7.993033970000000e+10
2.064000000000000e-02 7.973002740000000e+10
2.066000000000000e-02 7.953031280000000e+10
2.068000000000000e-02 7.933119410000000e+10
2.070000000000000e-02 7.913266920000000e+10
2.072000000000000e-02 7.893473630000000e+10
2.074000000000000e-02 7.873739350000000e+10
2.076000000000000e-02 7.854063870000000e+10
2.078000000000000e-02 7.834447010000000e+10
2.080000000000000e-02 7.814888580000000e+10
2.082000000000000e-02 7.795388370000000e+10
2.084000000000000e-02 7.775946200000000e+10
2.086000000000000e-02 7.756561880000000e+10
2.088000000000000e-02 7.737235210000000e+10
2.090000000000000e-02 7.717965990000000e+10
2.092000000000000e-02 7.698754040000000e+10
2.094000000000000e-02 7.679599150000000e+10
2.096000000000000e-02 7.660501150000000e+10
2.098000000000000e-02 7.641459830000000e+10
2.100000000000000e-02 7.622475000000000e+10
2.102000000000000e-02 7.603546470000000e+10
2.104000000000000e-02 7.584674040000000e+10
2.106000000000000e-02 7.565857510000000e+10
2.108000000000000e-02 7.547096680000000e+10
2.110000000000000e-02 7.528391370000000e+10
2.112000000000000e-02 7.509741360000000e+10
2.114000000000000e-02 7.491146470000000e+10
2.116000000000000e-02 7.472606490000000e+10
2.118000000000000e-02 7.454121230000000e+10
2.120000000000000e-02 7.435690490000000e+10
2.122000000000000e-02 7.417314070000000e+10
2.124000000000000e-02 7.398991780000000e+10
2.126000000000000e-02 7.380723410000000e+10
2.128000000000000e-02 7.362508780000000e+10
2.130000000000000e-02 7.344347670000000e+10
2.132000000000000e-02 7.326239910000000e+10
2.134000000000000e-02 7.308185280000000e+10
2.136000000000000e-02 7.290183590000000e+10
2.138000000000000e-02 7.272234640000000e+10
2.140000000000000e-02 7.254338240000000e+10
2.142000000000000e-02 7.236494190000000e+10
2.144000000000000e-02 7.218702280000000e+10
2.146000000000000e-02 7.200962330000000e+10
2.148000000000000e-02 7.183274140000000e+10
2.150000000000000e-02 7.165637500000000e+10
2.152000000000000e-02 7.148052230000000e+10
2.154000000000000e-02 7.130518160000000e+10
2.156000000000000e-02 7.113035130000000e+10
2.158000000000000e-02 7.095602980000000e+10
2.160000000000000e-02 7.078221560000000e+10
2.162000000000000e-02 7.060890700000000e+10
2.164000000000000e-02 7.043610250000000e+10
2.166000000000000e-02 7.026380040000000e+10
2.168000000000000e-02 7.009199930000000e+10
2.170000000000000e-02 6.992069730000000e+10
2.172000000000000e-02 6.974989310000000e+10
2.174000000000000e-02 6.957958500000000e+10
2.176000000000000e-02 6.940977140000000e+10
2.178000000000000e-02 6.924045070000000e+10
2.180000000000000e-02 6.907162130000000e+10
2.182000000000000e-02 6.890328160000000e+10
2.184000000000000e-02 6.873543010000000e+10
2.186000000000000e-02 6.856806510000000e+10
2.188000000000000e-02 6.840118510000000e+10
2.190000000000000e-02 6.823478850000000e+10
2.192000000000000e-02 6.806887360000000e+10
2.194000000000000e-02 6.790343890000000e+10
2.196000000000000e-02 6.773848280000000e+10
2.198000000000000e-02 6.757400370000000e+10
2.200000000000000e-02 6.741000000000000e+10
2.202000000000000e-02 6.724647010000000e+10
2.204000000000000e-02 6.708341230000000e+10
2.206000000000000e-02 6.692082480000000e+10
2.208000000000000e-02 6.675870590000000e+10
2.210000000000000e-02 6.659705390000000e+10
2.212000000000000e-02 6.643586700000000e+10
2.214000000000000e-02 6.627514350000000e+10
2.216000000000000e-02 6.611488160000000e+10
2.218000000000000e-02 6.595507960000000e+10
2.220000000000000e-02 6.579573580000000e+10
2.222000000000000e-02 6.563684840000000e+10
2.224000000000000e-02 6.547841570000000e+10
2.226000000000000e-02 6.532043590000000e+10
2.228000000000000e-02 6.516290730000000e+10
2.230000000000000e-02 6.500582820000000e+10
2.232000000000000e-02 6.484919680000000e+10
2.234000000000000e-02 6.469301140000000e+10
2.236000000000000e-02 6.453727030000000e+10
2.238000000000000e-02 6.438197160000000e+10
2.240000000000000e-02 6.422711380000000e+10
2.242000000000000e-02 6.407269490000000e+10
2.244000000000000e-02 6.391871340000000e+10
2.246000000000000e-02 6.376516730000000e+10
2.248000000000000e-02 6.361205510000000e+10
2.250000000000000e-02 6.345937500000000e+10
2.252000000000000e-02 6.330712530000000e+10
2.254000000000000e-02 6.315530470000000e+10
2.256000000000000e-02 6.300391210000000e+10
2.258000000000000e-02 6.285294620000000e+10
2.260000000000000e-02 6.270240580000000e+10
2.262000000000000e-02 6.255228980000000e+10
2.264000000000000e-02 6.240259700000000e+10
2.266000000000000e-02 6.225332620000000e+10
2.268000000000000e-02 6.210447610000000e+10
2.270000000000000e-02 6.195604560000000e+10
2.272000000000000e-02 6.180803350000000e+10
2.274000000000000e-02 6.166043850000000e+10
2.276000000000000e-02 6.151325960000000e+10
2.278000000000000e-02 6.136649540000000e+10
2.280000000000000e-02 6.122014490000000e+10
2.282000000000000e-02 6.107420680000000e+10
2.284000000000000e-02 6.092867990000000e+10
2.286000000000000e-02 6.078356300000000e+10
2.288000000000000e-02 6.063885490000000e+10
2.290000000000000e-02 6.049455450000000e+10
2.292000000000000e-02 6.035066050000000e+10
2.294000000000000e-02 6.020717170000000e+10
2.296000000000000e-02 6.006408700000000e+10
2.298000000000000e-02 5.992140520000000e+10
2.300000000000000e-02 5.977912500000000e+10
2.302000000000000e-02 5.963724530000000e+10
2.304000000000000e-02 5.949576480000000e+10
2.306000000000000e-02 5.935468240000000e+10
2.308000000000000e-02 5.921399680000000e+10
2.310000000000000e-02 5.907370680000000e+10
2.312000000000000e-02 5.893381120000000e+10
2.314000000000000e-02 5.879430890000000e+10
2.316000000000000e-02 5.865519850000000e+10
2.318000000000000e-02 5.851647890000000e+10
2.320000000000000e-02 5.837814890000000e+10
2.322000000000000e-02 5.824020730000000e+10
2.324000000000000e-02 5.810265280000000e+10
2.326000000000000e-02 5.796548430000000e+10
2.328000000000000e-02 5.782870050000000e+10
2.330000000000000e-02 5.769230020000000e+10
2.332000000000000e-02 5.755628220000000e+10
2.334000000000000e-02 5.742064530000000e+10
2.336000000000000e-02 5.728538840000000e+10
2.338000000000000e-02 5.715051010000000e+10
2.340000000000000e-02 5.701600930000000e+10
2.342000000000000e-02 5.688188470000000e+10
2.344000000000000e-02 5.674813520000000e+10
2.346000000000000e-02 5.661475960000000e+10
2.348000000000000e-02 5.648175660000000e+10
2.350000000000000e-02 5.634912500000000e+10
2.352000000000000e-02 5.621686360000000e+10
2.354000000000000e-02 5.608497110000000e+10
2.356000000000000e-02 5.595344600000000e+10
2.358000000000000e-02 5.582228710000000e+10
2.360000000000000e-02 5.569149300000000e+10
2.362000000000000e-02 5.556106230000000e+10
2.364000000000000e-02 5.543099370000000e+10
2.366000000000000e-02 5.530128580000000e+10
2.368000000000000e-02 5.517193720000000e+10
2.370000000000000e-02 5.504294670000000e+10
2.372000000000000e-02 5.491431280000000e+10
2.374000000000000e-02 5.478603410000000e+10
2.376000000000000e-02 5.465810940000000e+10
2.378000000000000e-02 5.453053730000000e+10
2.380000000000000e-02 5.440331640000000e+10
2.382000000000000e-02 5.427644530000000e+10
2.384000000000000e-02 5.414992270000000e+10
2.386000000000000e-02 5.402374730000000e+10
2.388000000000000e-02 5.389791760000000e+10
2.390000000000000e-02 5.377243240000000e+10
2.392000000000000e-02 5.364729020000000e+10
2.394000000000000e-02 5.352248970000000e+10
2.396000000000000e-02 5.339802960000000e+10
2.398000000000000e-02 5.327390850000000e+10
2.400000000000000e-02 5.315012500000000e+10
2.402000000000000e-02 5.302667780000000e+10
2.404000000000000e-02 5.290356590000000e+10
2.406000000000000e-02 5.278078800000000e+10
2.408000000000000e-02 5.265834310000000e+10
2.410000000000000e-02 5.253623020000000e+10
2.412000000000000e-02 5.241444810000000e+10
2.414000000000000e-02 5.229299570000000e+10
2.416000000000000e-02 5.217187210000000e+10
2.418000000000000e-02 5.205107590000000e+10
2.420000000000000e-02 5.193060630000000e+10
2.422000000000000e-02 5.181046210000000e+10
2.424000000000000e-02 5.169064210000000e+10
2.426000000000000e-02 5.157114540000000e+10
2.428000000000000e-02 5.145197090000000e+10
2.430000000000000e-02 5.133311730000000e+10
2.432000000000000e-02 5.121458370000000e+10
2.434000000000000e-02 5.109636900000000e+10
2.436000000000000e-02 5.097847210000000e+10
2.438000000000000e-02 5.086089190000000e+10
2.440000000000000e-02 5.074362720000000e+10
2.442000000000000e-02 5.062667710000000e+10
2.444000000000000e-02 5.051004040000000e+10
2.446000000000000e-02 5.039371610000000e+10
2.448000000000000e-02 5.027770290000000e+10
2.450000000000000e-02 5.016200000000000e+10
2.452000000000000e-02 5.004660630000000e+10
2.454000000000000e-02 4.993152170000000e+10
2.456000000000000e-02 4.981674610000000e+10
2.458000000000000e-02 4.970227970000000e+10
2.460000000000000e-02 4.958812220000000e+10
2.462000000000000e-02 4.947427390000000e+10
2.464000000000000e-02 4.936073460000000e+10
2.466000000000000e-02 4.924750440000000e+10
2.468000000000000e-02 4.913458320000000e+10
2.470000000000000e-02 4.902197110000000e+10
2.472000000000000e-02 4.890966800000000e+10
2.474000000000000e-02 4.879767400000000e+10
2.476000000000000e-02 4.868598910000000e+10
2.478000000000000e-02 4.857461320000000e+10
2.480000000000000e-02 4.846354630000000e+10
2.482000000000000e-02 4.835278850000000e+10
2.484000000000000e-02 4.824233980000000e+10
2.486000000000000e-02 4.813220000000000e+10
2.488000000000000e-02 4.802236940000000e+10
2.490000000000000e-02 4.791284770000000e+10
2.492000000000000e-02 4.780363510000000e+10
2.494000000000000e-02 4.769473150000000e+10
2.496000000000000e-02 4.758613700000000e+10
2.498000000000000e-02 4.747785150000000e+10
2.500000000000000e-02 4.736987500000000e+10
200	0
0	0
0	13
0.000000000000000e+00 0.000000000000000e+00
5.000000000000000e-05 5.076300000000000e+13
1.000000000000000e-04 9.004700000000000e+13
1.500000000000000e-04 1.264700000000000e+14
2.000000000000000e-04 1.594700000000000e+14
2.500000000000000e-04 1.899400000000000e+14
3.000000000000000e-04 2.180900000000000e+14
3.500000000000000e-04 2.443500000000000e+14
4.000000000000000e-04 2.688500000000000e+14
4.500000000000000e-04 2.918500000000000e+14
5.000000000000000e-04 3.134300000000000e+14
5.500000000000000e-04 3.337800000000000e+14
5.999999999999999e-04 3.529600000000000e+14
6.500000000000000e-04 3.711100000000000e+14
7.000000000000000e-04 3.882800000000000e+14
7.500000000000000e-04 4.045800000000000e+14
8.000000000000000e-04 4.200500000000000e+14
8.500000000000000e-04 4.347700000000000e+14
9.000000000000000e-04 4.487900000000000e+14
9.500000000000000e-04 4.621500000000000e+14
1.000000000000000e-03 4.749100000000000e+14
1.050000000000000e-03 4.871000000000000e+14
1.100000000000000e-03 4.987500000000000e+14
1.150000000000000e-03 5.098900000000000e+14
1.200000000000000e-03 5.205599999999999e+14
1.250000000000000e-03 5.307700000000000e+14
1.300000000000000e-03 5.405300000000000e+14
1.350000000000000e-03 5.498800000000000e+14
1.400000000000000e-03 5.588099999999999e+14
1.450000000000000e-03 5.673400000000000e+14
1.500000000000000e-03 5.754700000000000e+14
1.550000000000000e-03 5.832200000000000e+14
1.600000000000000e-03 5.905900000000000e+14
1.650000000000000e-03 5.975900000000000e+14
1.700000000000000e-03 6.042200000000000e+14
1.750000000000000e-03 6.104900000000000e+14
1.800000000000000e-03 6.164100000000000e+14
1.850000000000000e-03 6.219900000000000e+14
1.900000000000000e-03 6.272300000000000e+14
1.950000000000000e-03 6.321500000000000e+14
2.000000000000000e-03 6.367500000000000e+14
2.050000000000000e-03 6.410600000000000e+14
2.100000000000000e-03 6.450800000000000e+14
2.150000000000000e-03 6.488300000000000e+14
2.200000000000000e-03 6.523200000000000e+14
2.250000000000000e-03 6.555800000000000e+14
2.300000000000000e-03 6.586100000000000e+14
2.350000000000000e-03 6.614300000000000e+14
2.400000000000000e-03 6.640500000000000e+14
2.450000000000000e-03 6.664900000000000e+14
2.500000000000000e-03 6.687600000000000e+14
2.550000000000000e-03 6.708700000000000e+14
2.600000000000000e-03 6.728200000000000e+14
2.650000000000000e-03 6.746400000000000e+14
2.700000000000000e-03 6.763100000000000e+14
2.750000000000000e-03 6.778500000000000e+14
2.800000000000000e-03 6.792600000000000e+14
2.850000000000000e-03 6.805200000000000e+14
2.900000000000000e-03 6.816600000000000e+14
2.950000000000000e-03 6.826500000000000e+14
3.000000000000000e-03 6.834900000000000e+14
3.050000000000000e-03 6.841900000000000e+14
3.100000000000000e-03 6.847300000000000e+14
3.150000000000000e-03 6.851100000000000e+14
3.200000000000000e-03 6.853200000000000e+14
3.250000000000000e-03 6.853500000000000e+14
3.300000000000000e-03 6.852000000000000e+14
3.350000000000000e-03 6.848700000000000e+14
3.400000000000000e-03 6.843600000000000e+14
3.450000000000000e-03 6.836500000000000e+14
3.500000000000000e-03 6.827600000000000e+14
3.550000000000000e-03 6.816700000000000e+14
3.600000000000000e-03 6.804000000000000e+14
3.650000000000000e-03 6.789500000000000e+14
3.700000000000000e-03 6.773200000000000e+14
3.750000000000000e-03 6.755100000000000e+14
3.800000000000000e-03 6.735500000000000e+14
3.850000000000000e-03 6.714300000000000e+14
3.900000000000000e-03 6.691600000000000e+14
3.950000000000000e-03 6.667600000000000e+14
4.000000000000000e-03 6.642300000000000e+14
4.050000000000000e-03 6.616000000000000e+14
4.100000000000000e-03 6.588600000000000e+14
4.150000000000000e-03 6.560300000000000e+14
4.200000000000000e-03 6.531200000000000e+14
4.250000000000000e-03 6.501500000000000e+14
4.300000000000000e-03 6.471200000000000e+14
4.350000000000000e-03 6.440400000000000e+14
4.400000000000000e-03 6.409200000000000e+14
4.450000000000000e-03 6.377800000000000e+14
4.500000000000000e-03 6.346100000000000e+14
4.550000000000000e-03 6.314400000000000e+14
4.600000000000000e-03 6.282500000000000e+14
4.650000000000000e-03 6.250600000000000e+14
4.700000000000000e-03 6.218700000000000e+14
4.750000000000000e-03 6.186800000000000e+14
4.800000000000000e-03 6.155000000000000e+14
4.850000000000000e-03 6.123300000000000e+14
4.900000000000000e-03 6.091700000000000e+14
4.950000000000000e-03 6.060100000000000e+14
5.000000000000000e-03 6.028600000000000e+14
5.050000000000000e-03 5.997100000000000e+14
5.100000000000000e-03 5.965700000000000e+14
5.150000000000000e-03 5.934300000000000e+14
5.200000000000000e-03 5.902800000000000e+14
5.250000000000000e-03 5.871300000000000e+14
5.300000000000000e-03 5.839700000000000e+14
5.350000000000000e-03 5.807900000000000e+14
5.400000000000000e-03 5.775900000000000e+14
5.450000000000000e-03 5.743800000000000e+14
5.500000000000000e-03 5.711400000000000e+14
5.550000000000000e-03 5.678800000000000e+14
5.600000000000000e-03 5.645800000000000e+14
5.650000000000000e-03 5.612600000000000e+14
5.700000000000000e-03 5.579099999999999e+14
5.750000000000000e-03 5.545300000000000e+14
5.800000000000000e-03 5.511200000000000e+14
5.850000000000000e-03 5.476799999999999e+14
5.900000000000000e-03 5.442100000000001e+14
5.950000000000000e-03 5.407100000000001e+14
6.000000000000000e-03 5.371900000000001e+14
6.050000000000000e-03 5.336400000000000e+14
6.100000000000000e-03 5.300599999999999e+14
6.150000000000000e-03 5.264600000000001e+14
6.200000000000000e-03 5.228300000000001e+14
6.250000000000000e-03 5.191799999999999e+14
6.300000000000000e-03 5.155000000000000e+14
6.350000000000000e-03 5.117800000000000e+14
6.400000000000000e-03 5.080300000000000e+14
6.450000000000000e-03 5.042300000000000e+14
6.500000000000000e-03 5.003900000000000e+14
6.550000000000000e-03 4.964800000000000e+14
6.600000000000000e-03 4.925100000000000e+14
6.650000000000000e-03 4.884600000000000e+14
6.700000000000000e-03 4.843200000000000e+14
6.750000000000000e-03 4.800700000000000e+14
6.800000000000000e-03 4.757200000000000e+14
6.850000000000000e-03 4.712400000000000e+14
6.900000000000000e-03 4.666300000000000e+14
6.950000000000000e-03 4.618700000000000e+14
7.000000000000000e-03 4.569600000000000e+14
7.050000000000000e-03 4.518800000000000e+14
7.100000000000000e-03 4.466200000000000e+14
7.150000000000000e-03 4.411900000000000e+14
7.200000000000000e-03 4.355800000000000e+14
7.250000000000000e-03 4.297800000000000e+14
7.300000000000000e-03 4.237900000000000e+14
7.350000000000000e-03 4.176200000000000e+14
7.400000000000000e-03 4.112600000000000e+14
7.450000000000000e-03 4.047200000000000e+14
7.500000000000000e-03 3.980000000000000e+14
7.550000000000000e-03 3.911100000000000e+14
7.600000000000000e-03 3.840500000000000e+14
7.650000000000000e-03 3.768200000000000e+14
7.700000000000000e-03 3.694400000000000e+14
7.750000000000000e-03 3.619000000000000e+14
7.800000000000000e-03 3.542100000000000e+14
7.849999999999999e-03 3.463800000000000e+14
7.900000000000001e-03 3.383900000000000e+14
7.950000000000000e-03 3.302700000000000e+14
8.000000000000000e-03 3.219900000000000e+14
8.050000000000000e-03 3.135700000000000e+14
8.100000000000000e-03 3.050000000000000e+14
8.149999999999999e-03 2.962700000000000e+14
8.200000000000001e-03 2.873900000000000e+14
8.250000000000000e-03 2.783400000000000e+14
8.300000000000000e-03 2.691200000000000e+14
8.350000000000000e-03 2.597400000000000e+14
8.399999999999999e-03 2.501800000000000e+14
8.449999999999999e-03 2.404400000000000e+14
8.500000000000001e-03 2.305300000000000e+14
8.550000000000000e-03 2.204500000000000e+14
8.600000000000000e-03 2.101900000000000e+14
8.650000000000000e-03 1.997700000000000e+14
8.699999999999999e-03 1.892000000000000e+14
8.750000000000001e-03 1.784900000000000e+14
8.800000000000001e-03 1.676400000000000e+14
8.850000000000000e-03 1.566900000000000e+14
8.900000000000000e-03 1.456300000000000e+14
8.950000000000000e-03 1.345100000000000e+14
8.999999999999999e-03 1.233200000000000e+14
9.050000000000001e-03 1.121000000000000e+14
9.100000000000000e-03 1.008700000000000e+14
9.150000000000000e-03 8.964400000000000e+13
9.200000000000000e-03 7.844300000000000e+13
9.250000000000000e-03 6.729200000000000e+13
9.299999999999999e-03 5.620100000000000e+13
9.350000000000001e-03 4.518900000000000e+13
9.400000000000000e-03 3.426400000000000e+13
9.450000000000000e-03 2.344000000000000e+13
9.500000000000000e-03 1.272000000000000e+13
9.549999999999999e-03 2.109600000000000e+12
9.599999999999999e-03 -8.391299999999999e+12
9.650000000000001e-03 -1.878400000000000e+13
9.700000000000000e-03 -2.907200000000000e+13
9.750000000000000e-03 -3.926200000000000e+13
9.800000000000000e-03 -4.936000000000000e+13
9.849999999999999e-03 -5.937600000000000e+13
9.900000000000001e-03 -6.931600000000000e+13
9.950000000000001e-03 -7.919300000000000e+13
200	0
0	0
0	24
0.000000000000000e+00 0.000000000000000e+00
5.000000000000000e-05 5.076300000000000e+13
1.000000000000000e-04 9.004700000000000e+13
1.500000000000000e-04 1.264700000000000e+14
2.000000000000000e-04 1.594700000000000e+14
2.500000000000000e-04 1.899400000000000e+14
3.000000000000000e-04 2.180900000000000e+14
3.500000000000000e-04 2.443500000000000e+14
4.000000000000000e-04 2.688500000000000e+14
4.500000000000000e-04 2.918500000000000e+14
5.000000000000000e-04 3.134300000000000e+14
5.500000000000000e-04 3.337800000000000e+14
5.999999999999999e-04 3.529600000000000e+14
6.500000000000000e-04 3.711100000000000e+14
7.000000000000000e-04 3.882800000000000e+14
7.500000000000000e-04 4.045800000000000e+14
8.000000000000000e-04 4.200500000000000e+14
8.500000000000000e-04 4.347700000000000e+14
9.000000000000000e-04 4.487900000000000e+14
9.500000000000000e-04 4.621500000000000e+14
1.000000000000000e-03 4.749100000000000e+14
1.050000000000000e-03 4.871000000000000e+14
1.100000000000000e-03 4.987500000000000e+14
1.150000000000000e-03 5.098900000000000e+14
1.200000000000000e-03 5.205599999999999e+14
1.250000000000000e-03 5.307700000000000e+14
1.300000000000000e-03 5.405300000000000e+14
1.350000000000000e-03 5.498800000000000e+14
1.400000000000000e-03 5.588099999999999e+14
1.450000000000000e-03 5.673400000000000e+14
1.500000000000000e-03 5.754700000000000e+14
1.550000000000000e-03 5.832200000000000e+14
1.600000000000000e-03 5.905900000000000e+14
1.650000000000000e-03 5.975900000000000e+14
1.700000000000000e-03 6.042200000000000e+14
1.750000000000000e-03 6.104900000000000e+14
1.800000000000000e-03 6.164100000000000e+14
1.850000000000000e-03 6.219900000000000e+14
1.900000000000000e-03 6.272300000000000e+14
1.950000000000000e-03 6.321500000000000e+14
2.000000000000000e-03 6.367500000000000e+14
2.050000000000000e-03 6.410600000000000e+14
2.100000000000000e-03 6.450800000000000e+14
2.150000000000000e-03 6.488300000000000e+14
2.200000000000000e-03 6.523200000000000e+14
2.250000000000000e-03 6.555800000000000e+14
2.300000000000000e-03 6.586100000000000e+14
2.350000000000000e-03 6.614300000000000e+14
2.400000000000000e-03 6.640500000000000e+14
2.450000000000000e-03 6.664900000000000e+14
2.500000000000000e-03 6.687600000000000e+14
2.550000000000000e-03 6.708700000000000e+14
2.600000000000000e-03 6.728200000000000e+14
2.650000000000000e-03 6.746400000000000e+14
2.700000000000000e-03 6.763100000000000e+14
2.750000000000000e-03 6.778500000000000e+14
2.800000000000000e-03 6.792600000000000e+14
2.850000000000000e-03 6.805200000000000e+14
2.900000000000000e-03 6.816600000000000e+14
2.950000000000000e-03 6.826500000000000e+14
3.000000000000000e-03 6.834900000000000e+14
3.050000000000000e-03 6.841900000000000e+14
3.100000000000000e-03 6.847300000000000e+14
3.150000000000000e-03 6.851100000000000e+14
3.200000000000000e-03 6.853200000000000e+14
3.250000000000000e-03 6.853500000000000e+14
3.300000000000000e-03 6.852000000000000e+14
3.350000000000000e-03 6.848700000000000e+14
3.400000000000000e-03 6.843600000000000e+14
3.450000000000000e-03 6.836500000000000e+14
3.500000000000000e-03 6.827600000000000e+14
3.550000000000000e-03 6.816700000000000e+14
3.600000000000000e-03 6.804000000000000e+14
3.650000000000000e-03 6.789500000000000e+14
3.700000000000000e-03 6.773200000000000e+14
3.750000000000000e-03 6.755100000000000e+14
3.800000000000000e-03 6.735500000000000e+14
3.850000000000000e-03 6.714300000000000e+14
3.900000000000000e-03 6.691600000000000e+14
3.950000000000000e-03 6.667600000000000e+14
4.000000000000000e-03 6.642300000000000e+14
4.050000000000000e-03 6.616000000000000e+14
4.100000000000000e-03 6.588600000000000e+14
4.150000000000000e-03 6.560300000000000e+14
4.200000000000000e-03 6.531200000000000e+14
4.250000000000000e-03 6.501500000000000e+14
4.300000000000000e-03 6.471200000000000e+14
4.350000000000000e-03 6.440400000000000e+14
4.400000000000000e-03 6.409200000000000e+14
4.450000000000000e-03 6.377800000000000e+14
4.500000000000000e-03 6.346100000000000e+14
4.550000000000000e-03 6.314400000000000e+14
4.600000000000000e-03 6.282500000000000e+14
4.650000000000000e-03 6.250600000000000e+14
4.700000000000000e-03 6.218700000000000e+14
4.750000000000000e-03 6.186800000000000e+14
4.800000000000000e-03 6.155000000000000e+14
4.850000000000000e-03 6.123300000000000e+14
4.900000000000000e-03 6.091700000000000e+14
4.950000000000000e-03 6.060100000000000e+14
5.000000000000000e-03 6.028600000000000e+14
5.050000000000000e-03 5.997100000000000e+14
5.100000000000000e-03 5.965700000000000e+14
5.150000000000000e-03 5.934300000000000e+14
5.200000000000000e-03 5.902800000000000e+14
5.250000000000000e-03 5.871300000000000e+14
5.300000000000000e-03 5.839700000000000e+14
5.350000000000000e-03 5.807900000000000e+14
5.400000000000000e-03 5.775900000000000e+14
5.450000000000000e-03 5.743800000000000e+14
5.500000000000000e-03 5.711400000000000e+14
5.550000000000000e-03 5.678800000000000e+14
5.600000000000000e-03 5.645800000000000e+14
5.650000000000000e-03 5.612600000000000e+14
5.700000000000000e-03 5.579099999999999e+14
5.750000000000000e-03 5.545300000000000e+14
5.800000000000000e-03 5.511200000000000e+14
5.850000000000000e-03 5.476799999999999e+14
5.900000000000000e-03 5.442100000000001e+14
5.950000000000000e-03 5.407100000000001e+14
6.000000000000000e-03 5.371900000000001e+14
6.050000000000000e-03 5.336400000000000e+14
6.100000000000000e-03 5.300599999999999e+14
6.150000000000000e-03 5.264600000000001e+14
6.200000000000000e-03 5.228300000000001e+14
6.250000000000000e-03 5.191799999999999e+14
6.300000000000000e-03 5.155000000000000e+14
6.350000000000000e-03 5.117800000000000e+14
6.400000000000000e-03 5.080300000000000e+14
6.450000000000000e-03 5.042300000000000e+14
6.500000000000000e-03 5.003900000000000e+14
6.550000000000000e-03 4.964800000000000e+14
6.600000000000000e-03 4.925100000000000e+14
6.650000000000000e-03 4.884600000000000e+14
6.700000000000000e-03 4.843200000000000e+14
6.750000000000000e-03 4.800700000000000e+14
6.800000000000000e-03 4.757200000000000e+14
6.850000000000000e-03 4.712400000000000e+14
6.900000000000000e-03 4.666300000000000e+14
6.950000000000000e-03 4.618700000000000e+14
7.000000000000000e-03 4.569600000000000e+14
7.050000000000000e-03 4.518800000000000e+14
7.100000000000000e-03 4.466200000000000e+14
7.150000000000000e-03 4.411900000000000e+14
7.200000000000000e-03 4.355800000000000e+14
7.250000000000000e-03 4.297800000000000e+14
7.300000000000000e-03 4.237900000000000e+14
7.350000000000000e-03 4.176200000000000e+14
7.400000000000000e-03 4.112600000000000e+14
7.450000000000000e-03 4.047200000000000e+14
7.500000000000000e-03 3.980000000000000e+14
7.550000000000000e-03 3.911100000000000e+14
7.600000000000000e-03 3.840500000000000e+14
7.650000000000000e-03 3.768200000000000e+14
7.700000000000000e-03 3.694400000000000e+14
7.750000000000000e-03 3.619000000000000e+14
7.800000000000000e-03 3.542100000000000e+14
7.849999999999999e-03 3.463800000000000e+14
7.900000000000001e-03 3.383900000000000e+14
7.950000000000000e-03 3.302700000000000e+14
8.000000000000000e-03 3.219900000000000e+14
8.050000000000000e-03 3.135700000000000e+14
8.100000000000000e-03 3.050000000000000e+14
8.149999999999999e-03 2.962700000000000e+14
8.200000000000001e-03 2.873900000000000e+14
8.250000000000000e-03 2.783400000000000e+14
8.300000000000000e-03 2.691200000000000e+14
8.350000000000000e-03 2.597400000000000e+14
8.399999999999999e-03 2.501800000000000e+14
8.449999999999999e-03 2.404400000000000e+14
8.500000000000001e-03 2.305300000000000e+14
8.550000000000000e-03 2.204500000000000e+14
8.600000000000000e-03 2.101900000000000e+14
8.650000000000000e-03 1.997700000000000e+14
8.699999999999999e-03 1.892000000000000e+14
8.750000000000001e-03 1.784900000000000e+14
8.800000000000001e-03 1.676400000000000e+14
8.850000000000000e-03 1.566900000000000e+14
8.900000000000000e-03 1.456300000000000e+14
8.950000000000000e-03 1.345100000000000e+14
8.999999999999999e-03 1.233200000000000e+14
9.050000000000001e-03 1.121000000000000e+14
9.100000000000000e-03 1.008700000000000e+14
9.150000000000000e-03 8.964400000000000e+13
9.200000000000000e-03 7.844300000000000e+13
9.250000000000000e-03 6.729200000000000e+13
9.299999999999999e-03 5.620100000000000e+13
9.350000000000001e-03 4.518900000000000e+13
9.400000000000000e-03 3.426400000000000e+13
9.450000000000000e-03 2.344000000000000e+13
9.500000000000000e-03 1.272000000000000e+13
9.549999999999999e-03 2.109600000000000e+12
9.599999999999999e-03 -8.391299999999999e+12
9.650000000000001e-03 -1.878400000000000e+13
9.700000000000000e-03 -2.907200000000000e+13
9.750000000000000e-03 -3.926200000000000e+13
9.800000000000000e-03 -4.936000000000000e+13
9.849999999999999e-03 -5.937600000000000e+13
9.900000000000001e-03 -6.931600000000000e+13
9.950000000000001e-03 -7.919300000000000e+13
