-4.083680411862e-05 3.820484964714e-06 0.000000000000e+00 4.074237024002e+01 2.894037000907e+02 4.464544829763e+07 0.000000000000e+00 -1.602189200000e-19 1 5
1.680050055672e-04 4.018632627655e-06 4.440892098501e-16 2.641234862568e+03 -2.743730708138e+02 4.935496760367e+05 0.000000000000e+00 -1.602189200000e-19 1 5
1.614499669262e-05 -2.352732947946e-04 0.000000000000e+00 -1.557135052970e+02 -4.848333670327e+03 3.818361398349e+05 0.000000000000e+00 -1.602189200000e-19 1 5
-8.943532922733e-06 1.134173897755e-04 0.000000000000e+00 4.937652590844e+02 2.265891063825e+03 1.821493148177e+05 0.000000000000e+00 -1.602189200000e-19 1 5
-1.358970786940e-04 -1.941881244346e-04 0.000000000000e+00 -2.795675611745e+03 -3.626995315210e+03 4.817944871200e+05 0.000000000000e+00 -1.602189200000e-19 1 5
1.248320663221e-04 1.577940322489e-04 0.000000000000e+00 2.045990682278e+03 2.654155679451e+03 3.424088980323e+05 0.000000000000e+00 -1.602189200000e-19 1 5
7.500632604903e-05 -4.465515218621e-05 0.000000000000e+00 2.062295124945e+03 -1.343365073380e+03 1.079235811573e+05 0.000000000000e+00 -1.602189200000e-19 1 5
-2.159393434302e-04 1.852305745168e-04 -4.440892098501e-16 -3.560094154792e+03 3.539850532722e+03 4.364482078367e+05 0.000000000000e+00 -1.602189200000e-19 1 5
-1.764275398312e-04 2.309516004802e-05 0.000000000000e+00 -3.132292460505e+03 7.409807811642e+02 2.665216658843e+05 0.000000000000e+00 -1.602189200000e-19 1 5
5.107203413742e-05 4.686658679706e-06 0.000000000000e+00 -4.029297580285e+02 1.512604281448e+02 -6.812193222344e+02 0.000000000000e+00 -1.602189200000e-19 1 5
-1.334784527876e-05 -3.371467415284e-04 0.000000000000e+00 -6.055983100386e+02 -6.339286053941e+03 4.953300502213e+05 0.000000000000e+00 -1.602189200000e-19 1 5
2.533771935145e-05 2.536247140384e-04 4.440892098501e-16 9.403803490486e+02 4.540187545581e+03 3.747231242796e+05 0.000000000000e+00 -1.602189200000e-19 1 5
-1.001956019900e-04 -8.990045681453e-05 0.000000000000e+00 -2.634350908338e+03 -2.188767923818e+03 1.330260078595e+05 0.000000000000e+00 -1.602189200000e-19 1 5
2.533785348725e-04 2.045294538441e-04 0.000000000000e+00 4.993380530070e+03 3.382680710722e+03 4.706741505821e+05 0.000000000000e+00 -1.602189200000e-19 1 5
1.577939779338e-04 -1.820294719425e-04 0.000000000000e+00 2.440639660585e+03 -2.883711921977e+03 3.160540266744e+05 0.000000000000e+00 -1.602189200000e-19 1 5
-6.393327107195e-05 8.212117573088e-05 4.440892098501e-16 -1.345967643948e+03 1.881325364281e+03 3.897975956283e+04 0.000000000000e+00 -1.602189200000e-19 1 5
-3.019255313888e-04 -9.781147277197e-05 0.000000000000e+00 -5.414811170032e+03 -1.330635094018e+03 4.147379662288e+05 0.000000000000e+00 -1.602189200000e-19 1 5
2.209379170097e-04 7.776648037407e-05 0.000000000000e+00 4.017345335726e+03 1.191055504460e+03 2.491535157817e+05 0.000000000000e+00 -1.602189200000e-19 1 5
-8.218998281216e-06 2.622823825071e-05 4.440892098501e-16 -8.388171842945e+02 2.506831346548e+03 -1.908354800734e+04 0.000000000000e+00 -1.602189200000e-19 1 5
-7.289609577460e-05 2.467288126998e-04 0.000000000000e+00 -8.112504830614e+02 3.461842453719e+03 4.917049806271e+05 0.000000000000e+00 -1.602189200000e-19 1 5
-1.415033330502e-04 -3.128313754412e-04 4.440892098501e-16 -2.689351579063e+03 -5.601286776740e+03 3.882133029343e+05 0.000000000000e+00 -1.602189200000e-19 1 5
1.170497281460e-04 2.137966299075e-04 0.000000000000e+00 2.850888969313e+03 3.931094024944e+03 2.164853117312e+05 0.000000000000e+00 -1.602189200000e-19 1 5
3.538712171187e-04 -1.981713799718e-04 4.440892098501e-16 6.407651467262e+03 -4.387729361914e+03 4.885460997954e+05 0.000000000000e+00 -1.602189200000e-19 1 5
-2.763149662516e-04 1.514641492082e-04 0.000000000000e+00 -4.539481890981e+03 3.003191783427e+03 3.515794416811e+05 0.000000000000e+00 -1.602189200000e-19 1 5
-1.741304177175e-04 2.341939496209e-05 0.000000000000e+00 -4.267356723454e+03 5.616388865480e+02 1.079005991572e+05 0.000000000000e+00 -1.602189200000e-19 1 5
3.982429811815e-04 -7.004277437681e-05 0.000000000000e+00 6.774876044524e+03 -1.476244870865e+03 4.439484825785e+05 0.000000000000e+00 -1.602189200000e-19 1 5
-4.246752145991e-05 -2.900374927975e-04 0.000000000000e+00 -1.142069058412e+03 -4.438991098631e+03 2.993223151141e+05 0.000000000000e+00 -1.602189200000e-19 1 5
1.639803851571e-05 1.144544184080e-04 0.000000000000e+00 1.070184305226e+02 6.727704315075e+02 1.697749037370e+04 0.000000000000e+00 -1.602189200000e-19 1 5
-2.704501266859e-04 -2.199028856120e-04 0.000000000000e+00 -4.430192527255e+03 -3.290251007233e+03 4.942810863599e+05 0.000000000000e+00 -1.602189200000e-19 1 5
3.025039147264e-04 2.083341306467e-04 0.000000000000e+00 5.629595970227e+03 3.343579121649e+03 3.817382165192e+05 0.000000000000e+00 -1.602189200000e-19 1 5
1.371445423722e-04 -1.859729745873e-04 0.000000000000e+00 2.319323060797e+03 -3.593271861978e+03 1.921325600771e+05 0.000000000000e+00 -1.602189200000e-19 1 5
-2.368188245737e-04 3.978633468178e-04 0.000000000000e+00 -3.816419222884e+03 7.724873975543e+03 4.838280758381e+05 0.000000000000e+00 -1.602189200000e-19 1 5
-3.360154017096e-04 -3.527655316316e-05 0.000000000000e+00 -5.854398647169e+03 5.589274569988e+02 3.227458192422e+05 0.000000000000e+00 -1.602189200000e-19 1 5
2.355777655122e-04 4.836733662488e-05 0.000000000000e+00 5.897690750170e+03 6.991063799416e+02 9.527176423653e+04 0.000000000000e+00 -1.602189200000e-19 1 5
9.114665941023e-05 -4.126417225654e-04 0.000000000000e+00 1.084315049277e+03 -6.733235361523e+03 4.261741067737e+05 0.000000000000e+00 -1.602189200000e-19 1 5
-5.105142269249e-05 3.140260199117e-04 0.000000000000e+00 -4.177958302740e+02 5.676347604615e+03 2.688192160413e+05 0.000000000000e+00 -1.602189200000e-19 1 5
-2.105038185685e-05 7.443941914790e-07 0.000000000000e+00 8.609204011993e+02 2.346036631085e+03 -5.706103972048e+02 0.000000000000e+00 -1.602189200000e-19 1 5
2.576575636212e-04 4.112731310508e-04 0.000000000000e+00 5.116537884378e+03 7.218319493903e+03 4.943918010641e+05 0.000000000000e+00 -1.602189200000e-19 1 5
3.350871516904e-04 -2.060807339019e-04 0.000000000000e+00 5.223915249456e+03 -4.126314776382e+03 3.676871721250e+05 0.000000000000e+00 -1.602189200000e-19 1 5
-2.122955723175e-04 1.280853316294e-04 0.000000000000e+00 -4.265706056864e+03 2.772254751990e+03 1.544944664802e+05 0.000000000000e+00 -1.602189200000e-19 1 5
-4.799125769369e-04 1.178963856182e-05 0.000000000000e+00 -8.477847357474e+03 8.808156137292e+02 4.648071364675e+05 0.000000000000e+00 -1.602189200000e-19 1 5
3.752266490581e-04 3.056863463425e-05 0.000000000000e+00 5.786820773254e+03 -2.204848147879e+02 3.153111908350e+05 0.000000000000e+00 -1.602189200000e-19 1 5
1.196253847949e-05 -2.414809923394e-04 0.000000000000e+00 1.892596076657e+02 -5.875921227698e+03 7.485229362068e+04 0.000000000000e+00 -1.602189200000e-19 1 5
-5.170376330487e-07 4.536584131161e-04 0.000000000000e+00 5.843919977708e+02 7.402305425630e+03 4.142226822221e+05 0.000000000000e+00 -1.602189200000e-19 1 5
-2.197150830864e-04 -2.432927408917e-04 0.000000000000e+00 -4.214796396576e+03 -4.617925455786e+03 2.334110803320e+05 0.000000000000e+00 -1.602189200000e-19 1 5
-8.198314450502e-05 -8.636739321857e-05 0.000000000000e+00 -3.869882134867e+03 -3.934889846634e+03 -2.194157575059e+04 0.000000000000e+00 -1.602189200000e-19 1 5
2.770657746916e-04 -2.816440818809e-04 0.000000000000e+00 3.719662898545e+03 -4.543795684259e+03 4.925201316544e+05 0.000000000000e+00 -1.602189200000e-19 1 5
-3.284361369861e-04 3.158473764426e-04 -4.440892098501e-16 -4.928158632450e+03 5.752517693301e+03 3.976418370092e+05 0.000000000000e+00 -1.602189200000e-19 1 5
-2.898626019664e-04 -1.377906688123e-04 0.000000000000e+00 -5.764732042730e+03 -2.719000608983e+03 1.884764375009e+05 0.000000000000e+00 -1.602189200000e-19 1 5
4.912750560407e-04 2.040249292293e-04 0.000000000000e+00 9.294268993309e+03 3.004973155864e+03 4.867677213467e+05 0.000000000000e+00 -1.602189200000e-19 1 5
1.727289452242e-04 -3.855349486380e-04 0.000000000000e+00 2.229553610804e+03 -6.644865460951e+03 3.461510987566e+05 0.000000000000e+00 -1.602189200000e-19 1 5
-1.027801101071e-04 2.651979876504e-04 0.000000000000e+00 -1.788637854778e+03 6.087195220759e+03 1.212598796982e+05 0.000000000000e+00 -1.602189200000e-19 1 5
-1.813288348551e-04 -4.590557559048e-04 0.000000000000e+00 -3.604065712616e+03 -6.826062397323e+03 4.349256887573e+05 0.000000000000e+00 -1.602189200000e-19 1 5
1.487947759762e-04 3.616063383092e-04 4.440892098501e-16 2.700488945062e+03 6.191959822631e+03 2.804112714315e+05 0.000000000000e+00 -1.602189200000e-19 1 5
1.110752220822e-04 -4.490404969635e-05 0.000000000000e+00 -1.978807774418e+02 -2.437983104302e+02 1.509176368520e+04 0.000000000000e+00 -1.602189200000e-19 1 5
-4.260309411136e-04 1.776671801986e-04 0.000000000000e+00 -6.509255678156e+03 3.317953112250e+03 4.939417468261e+05 0.000000000000e+00 -1.602189200000e-19 1 5
-4.490271159553e-04 1.139144758139e-04 4.440892098501e-16 -7.094121918308e+03 2.238746383409e+03 3.747927733582e+05 0.000000000000e+00 -1.602189200000e-19 1 5
3.489071688724e-04 -6.684443608353e-05 0.000000000000e+00 7.139797421202e+03 -1.699897971488e+03 1.712455939425e+05 0.000000000000e+00 -1.602189200000e-19 1 5
-1.252690468086e-04 -5.210348987244e-04 0.000000000000e+00 -2.882002130219e+03 -8.996485762225e+03 4.666563315262e+05 0.000000000000e+00 -1.602189200000e-19 1 5
9.839582662214e-05 4.437007703982e-04 0.000000000000e+00 1.689509063657e+03 7.313637546612e+03 3.284125726757e+05 0.000000000000e+00 -1.602189200000e-19 1 5
-2.807566360172e-04 -1.880076198262e-04 0.000000000000e+00 -6.786769876789e+03 -3.780231354344e+03 7.129965919099e+04 0.000000000000e+00 -1.602189200000e-19 1 5
4.725584342230e-04 2.811635905036e-04 -4.440892098501e-16 8.110407149083e+03 3.871026360312e+03 4.220007294421e+05 0.000000000000e+00 -1.602189200000e-19 1 5
2.088715968886e-04 -3.346369873866e-04 0.000000000000e+00 3.394455362913e+03 -6.075301765665e+03 2.556175454737e+05 0.000000000000e+00 -1.602189200000e-19 1 5
8.356743682011e-06 -1.011846554880e-05 4.440892098501e-16 1.971322004184e+03 -3.044860557354e+03 8.855459520370e+02 0.000000000000e+00 -1.602189200000e-19 1 5
-5.608804169219e-04 -1.057020436784e-04 0.000000000000e+00 -1.002605646841e+04 -1.390040565843e+03 4.941531122846e+05 0.000000000000e+00 -1.602189200000e-19 1 5
4.989958746271e-04 7.925722828506e-05 0.000000000000e+00 8.521310220482e+03 9.003331111503e+02 3.719207124255e+05 0.000000000000e+00 -1.602189200000e-19 1 5
6.294831683616e-05 -3.595435791586e-04 0.000000000000e+00 7.706185859003e+02 -7.456536530531e+03 1.642314124729e+05 0.000000000000e+00 -1.602189200000e-19 1 5
-9.829933186119e-05 5.802278254431e-04 0.000000000000e+00 -1.067471222476e+03 9.829124181593e+03 4.547200095078e+05 0.000000000000e+00 -1.602189200000e-19 1 5
-2.456336039865e-04 -3.657722388728e-04 0.000000000000e+00 -4.499893782731e+03 -5.394155226435e+03 3.156118097966e+05 0.000000000000e+00 -1.602189200000e-19 1 5
1.782911131687e-04 2.741234035122e-04 0.000000000000e+00 3.886029388524e+03 5.837895522776e+03 5.475364020938e+04 0.000000000000e+00 -1.602189200000e-19 1 5
4.628680168684e-04 -3.195574217844e-04 0.000000000000e+00 7.202226045071e+03 -5.702658037976e+03 4.121598599855e+05 0.000000000000e+00 -1.602189200000e-19 1 5
-3.673228712714e-04 2.470842237993e-04 0.000000000000e+00 -6.795827716319e+03 4.727709913591e+03 2.470311376803e+05 0.000000000000e+00 -1.602189200000e-19 1 5
2.036824031763e-04 -1.364059437504e-05 0.000000000000e+00 7.977656732484e+03 -6.598023429075e+02 -1.904287300768e+04 0.000000000000e+00 -1.602189200000e-19 1 5
3.566126848053e-04 -2.685457777136e-05 0.000000000000e+00 4.326375790264e+03 -8.356065337601e+02 4.896616189854e+05 0.000000000000e+00 -1.602189200000e-19 1 5
-2.563402612921e-05 -5.517340008351e-04 0.000000000000e+00 -1.252721308839e+03 -9.162108625912e+03 3.973018083668e+05 0.000000000000e+00 -1.602189200000e-19 1 5
5.852855272187e-05 4.427290060207e-04 0.000000000000e+00 2.566875789290e+03 8.511851406788e+03 2.185926828623e+05 0.000000000000e+00 -1.602189200000e-19 1 5
-4.674485441135e-04 -4.703686992473e-04 0.000000000000e+00 -8.963315024477e+03 -8.356628054320e+03 4.864242192175e+05 0.000000000000e+00 -1.602189200000e-19 1 5
3.881108201279e-04 3.608058305663e-04 0.000000000000e+00 6.673494196896e+03 5.699959668077e+03 3.535651073912e+05 0.000000000000e+00 -1.602189200000e-19 1 5
2.769963544278e-04 -2.779037225094e-04 0.000000000000e+00 5.406171692151e+03 -6.152178614846e+03 1.193153785877e+05 0.000000000000e+00 -1.602189200000e-19 1 5
-4.187696090444e-04 4.745476904414e-04 0.000000000000e+00 -6.362486632552e+03 8.443131807897e+03 4.547857645954e+05 0.000000000000e+00 -1.602189200000e-19 1 5
-4.599020009319e-04 -1.524180124468e-04 4.440892098501e-16 -8.323257168816e+03 -1.442882654401e+03 2.857776254447e+05 0.000000000000e+00 -1.602189200000e-19 1 5
2.351068099883e-04 9.005343959755e-05 0.000000000000e+00 3.487504049921e+03 8.568730809429e+02 3.396321214313e+04 0.000000000000e+00 -1.602189200000e-19 1 5
1.714800871437e-04 -5.320283007606e-04 -4.440892098501e-16 1.843395298096e+03 -8.606355684820e+03 4.930736852581e+05 0.000000000000e+00 -1.602189200000e-19 1 5
-2.023160583843e-04 5.262734447846e-04 0.000000000000e+00 -2.260900796980e+03 8.840607900382e+03 3.850119515060e+05 0.000000000000e+00 -1.602189200000e-19 1 5
-1.833280956439e-04 -4.618917350820e-04 -4.440892098501e-16 -4.046375934679e+03 -9.302354291512e+03 2.061147299842e+05 0.000000000000e+00 -1.602189200000e-19 1 5
2.663087903544e-04 6.077868243489e-04 0.000000000000e+00 5.364720055881e+03 1.062499557432e+04 4.774028274371e+05 0.000000000000e+00 -1.602189200000e-19 1 5
4.983873726670e-04 -2.098962687898e-04 0.000000000000e+00 8.032944633975e+03 -3.990990898198e+03 3.459511297076e+05 0.000000000000e+00 -1.602189200000e-19 1 5
-3.775107180549e-04 1.481922869898e-04 0.000000000000e+00 -7.641939665895e+03 3.283708885724e+03 1.125414098233e+05 0.000000000000e+00 -1.602189200000e-19 1 5
-6.409162676950e-04 1.110605543195e-04 0.000000000000e+00 -1.024003083534e+04 2.765117062584e+03 4.309245329041e+05 0.000000000000e+00 -1.602189200000e-19 1 5
4.849274960822e-04 -4.358348872549e-05 0.000000000000e+00 8.494835233264e+03 -1.646988149636e+03 2.738431369041e+05 0.000000000000e+00 -1.602189200000e-19 1 5
3.626296962338e-07 -1.902118309339e-04 0.000000000000e+00 2.779610108374e+02 -1.213181302797e+03 2.667750934230e+04 0.000000000000e+00 -1.602189200000e-19 1 5
1.331444580396e-04 7.311505336511e-04 0.000000000000e+00 3.430576260302e+03 1.328534049786e+04 4.920742161109e+05 0.000000000000e+00 -1.602189200000e-19 1 5
-4.436989807289e-04 -3.620388040680e-04 -4.440892098501e-16 -7.076855831240e+03 -5.711861608689e+03 3.710370573933e+05 0.000000000000e+00 -1.602189200000e-19 1 5
3.870267329349e-04 3.082683745966e-04 4.440892098501e-16 8.012682303606e+03 5.820761256338e+03 1.748890117324e+05 0.000000000000e+00 -1.602189200000e-19 1 5
4.363570677608e-04 -5.446348274687e-04 0.000000000000e+00 6.992439565075e+03 -9.824756991700e+03 4.651398630118e+05 0.000000000000e+00 -1.602189200000e-19 1 5
-3.407328076867e-04 4.562621251267e-04 0.000000000000e+00 -5.269978602005e+03 7.835218192874e+03 3.315182211947e+05 0.000000000000e+00 -1.602189200000e-19 1 5
-3.936197007244e-04 -1.377789999180e-04 0.000000000000e+00 -8.297751322138e+03 -2.628182920599e+03 6.958421491922e+04 0.000000000000e+00 -1.602189200000e-19 1 5
6.535944251112e-04 1.700666867007e-04 0.000000000000e+00 1.078153931070e+04 1.907460959966e+03 4.196109387755e+05 0.000000000000e+00 -1.602189200000e-19 1 5
1.413814468299e-04 -5.041374795954e-04 0.000000000000e+00 1.846517592250e+03 -9.629156386161e+03 2.466695811956e+05 0.000000000000e+00 -1.602189200000e-19 1 5
-1.209939587674e-05 -1.516942060198e-05 0.000000000000e+00 7.242935790828e+02 -4.245658080712e+03 7.987596191719e+03 0.000000000000e+00 -1.602189200000e-19 1 5
-2.556275388223e-04 -4.812365384548e-04 4.440892098501e-16 -4.152693071112e+03 -6.859634360428e+03 4.917990259880e+05 0.000000000000e+00 -1.602189200000e-19 1 5
3.275525090850e-04 5.575573384815e-04 0.000000000000e+00 6.289847756919e+03 9.065703019924e+03 3.864144608302e+05 0.000000000000e+00 -1.602189200000e-19 1 5
4.252016582919e-04 -2.332685763047e-04 0.000000000000e+00 8.041100905679e+03 -4.859400779038e+03 2.063648265423e+05 0.000000000000e+00 -1.602189200000e-19 1 5
-6.293052411345e-04 3.798572525368e-04 0.000000000000e+00 -1.086170627837e+04 7.693759447641e+03 4.906145239044e+05 0.000000000000e+00 -1.602189200000e-19 1 5
-5.881441404187e-04 1.869748303057e-06 0.000000000000e+00 -9.550823041021e+03 1.525383259205e+03 3.419812247482e+05 0.000000000000e+00 -1.602189200000e-19 1 5
4.991241621911e-04 3.404402571982e-05 0.000000000000e+00 1.017989482619e+04 -8.551733940210e+01 1.197688961017e+05 0.000000000000e+00 -1.602189200000e-19 1 5
4.789273361847e-05 -6.836904050234e-04 -4.440892098501e-16 -2.324932730030e+01 -1.091062530935e+04 4.402651396687e+05 0.000000000000e+00 -1.602189200000e-19 1 5
-2.548359980695e-05 5.522374454818e-04 4.440892098501e-16 3.399495901326e+02 9.723031503077e+03 2.868700424963e+05 0.000000000000e+00 -1.602189200000e-19 1 5
-1.614035884186e-04 -1.606091704647e-04 0.000000000000e+00 -2.117162478892e+03 -7.862301296507e+02 3.006538728329e+04 0.000000000000e+00 -1.602189200000e-19 1 5
4.292805350242e-04 5.282275984979e-04 0.000000000000e+00 7.451935453995e+03 8.225228807226e+03 4.929594421148e+05 0.000000000000e+00 -1.602189200000e-19 1 5
5.026473696175e-04 -4.241127936783e-04 0.000000000000e+00 7.592157209553e+03 -7.624920106695e+03 3.842413073115e+05 0.000000000000e+00 -1.602189200000e-19 1 5
-4.775644572937e-04 3.629114448125e-04 0.000000000000e+00 -9.296556799242e+03 7.254161026336e+03 2.021402962432e+05 0.000000000000e+00 -1.602189200000e-19 1 5
-6.900847413641e-04 -3.306893641215e-04 0.000000000000e+00 -1.243249273129e+04 -4.941418373212e+03 4.735307148568e+05 0.000000000000e+00 -1.602189200000e-19 1 5
5.458417655642e-04 2.848285750064e-04 0.000000000000e+00 8.877130322315e+03 3.744199217639e+03 3.343593720267e+05 0.000000000000e+00 -1.602189200000e-19 1 5
2.310136078862e-04 -4.133136490518e-04 0.000000000000e+00 4.188328383880e+03 -8.307352811794e+03 9.592508535383e+04 0.000000000000e+00 -1.602189200000e-19 1 5
-3.276331055870e-04 6.616853284140e-04 -4.440892098501e-16 -4.399579608946e+03 1.075573612954e+04 4.268670168576e+05 0.000000000000e+00 -1.602189200000e-19 1 5
-1.675995330831e-04 -5.540516904054e-04 0.000000000000e+00 -3.762812353945e+03 -9.477741490699e+03 2.871712771451e+05 0.000000000000e+00 -1.602189200000e-19 1 5
5.192368302662e-05 2.263763559423e-04 0.000000000000e+00 -1.744887790230e+01 1.946761645266e+03 3.368545651066e+04 0.000000000000e+00 -1.602189200000e-19 1 5
7.988531041870e-04 -2.904351868445e-04 4.440892098501e-16 1.397230990562e+04 -6.359247564608e+03 4.917686289993e+05 0.000000000000e+00 -1.602189200000e-19 1 5
-6.365829313973e-04 2.213612213167e-04 0.000000000000e+00 -1.014206979244e+04 4.504854427317e+03 3.639900143661e+05 0.000000000000e+00 -1.602189200000e-19 1 5
-5.381286962916e-04 1.193215487624e-04 0.000000000000e+00 -1.038432068585e+04 2.737829551489e+03 1.721840164348e+05 0.000000000000e+00 -1.602189200000e-19 1 5
7.709955658815e-04 -2.129980280558e-04 0.000000000000e+00 1.286504760590e+04 -4.679489472235e+03 4.604269597373e+05 0.000000000000e+00 -1.602189200000e-19 1 5
-1.329798858764e-04 -6.063225625387e-04 0.000000000000e+00 -3.260137151040e+03 -9.702449760311e+03 3.198146657496e+05 0.000000000000e+00 -1.602189200000e-19 1 5
1.062771528132e-04 4.262640432407e-04 0.000000000000e+00 2.118794699796e+03 8.324571632361e+03 9.288460046981e+04 0.000000000000e+00 -1.602189200000e-19 1 5
-6.388250344548e-04 -3.735546572866e-04 -4.440892098501e-16 -1.058047841029e+04 -4.988233065859e+03 4.195792392231e+05 0.000000000000e+00 -1.602189200000e-19 1 5
5.301423157236e-04 3.245137014977e-04 4.440892098501e-16 1.010249944509e+04 5.477225213144e+03 2.459174313397e+05 0.000000000000e+00 -1.602189200000e-19 1 5
6.242092678752e-06 4.025012609194e-05 4.440892098501e-16 -2.130264623880e+03 4.842434704316e+03 1.161214099718e+04 0.000000000000e+00 -1.602189200000e-19 1 5
-3.112465283883e-04 5.581810215515e-04 0.000000000000e+00 -3.928623664623e+03 8.720842326872e+03 4.919259739587e+05 0.000000000000e+00 -1.602189200000e-19 1 5
-6.917659974694e-04 -9.691184814280e-05 -4.440892098501e-16 -1.093210469752e+04 -9.465372652410e+02 3.901186441094e+05 0.000000000000e+00 -1.602189200000e-19 1 5
6.639310865520e-04 1.290963785308e-04 0.000000000000e+00 1.315671101448e+04 1.771387922855e+03 2.055410946022e+05 0.000000000000e+00 -1.602189200000e-19 1 5
8.309016583162e-05 -8.260478888356e-04 0.000000000000e+00 9.104389683776e+01 -1.484463657353e+04 4.800461412878e+05 0.000000000000e+00 -1.602189200000e-19 1 5
-8.836166809534e-05 6.626454377741e-04 0.000000000000e+00 -4.200226512596e+02 1.097340974123e+04 3.493660859768e+05 0.000000000000e+00 -1.602189200000e-19 1 5
-3.144332077608e-04 -4.278173407481e-04 0.000000000000e+00 -6.720960700151e+03 -8.017827412471e+03 1.294243308449e+05 0.000000000000e+00 -1.602189200000e-19 1 5
4.625951475285e-04 6.033711621263e-04 -4.440892098501e-16 7.858795404937e+03 8.426094123117e+03 4.333225319803e+05 0.000000000000e+00 -1.602189200000e-19 1 5
5.048098829439e-04 -3.627108204898e-04 0.000000000000e+00 8.765643645859e+03 -6.641116214822e+03 2.725365755410e+05 0.000000000000e+00 -1.602189200000e-19 1 5
-2.140415984391e-04 1.787565722613e-04 0.000000000000e+00 -1.758530466694e+03 2.665051917146e+03 3.847284206839e+04 0.000000000000e+00 -1.602189200000e-19 1 5
-7.728622095637e-04 5.948321676439e-05 4.440892098501e-16 -1.252528710093e+04 1.920512261881e+03 4.926720645413e+05 0.000000000000e+00 -1.602189200000e-19 1 5
7.713324408238e-04 -4.076802311020e-05 -4.440892098501e-16 1.286510457515e+04 -1.257328724590e+03 3.784698320533e+05 0.000000000000e+00 -1.602189200000e-19 1 5
-2.550069561249e-05 -6.341449347602e-04 0.000000000000e+00 -1.331835246959e+03 -1.231408839443e+04 1.953415390808e+05 0.000000000000e+00 -1.602189200000e-19 1 5
5.572840911746e-05 8.592693338996e-04 -4.440892098501e-16 1.995386333761e+03 1.473906084254e+04 4.659285715582e+05 0.000000000000e+00 -1.602189200000e-19 1 5
-5.112573258810e-04 -4.483564142394e-04 0.000000000000e+00 -8.704687715612e+03 -6.741547375480e+03 3.427669491730e+05 0.000000000000e+00 -1.602189200000e-19 1 5
3.759363696343e-04 3.481328121258e-04 0.000000000000e+00 7.468539196142e+03 6.310366448280e+03 1.075274810966e+05 0.000000000000e+00 -1.602189200000e-19 1 5
5.680964501170e-04 -6.114689182331e-04 0.000000000000e+00 8.693468904922e+03 -1.038736177865e+04 4.266777165192e+05 0.000000000000e+00 -1.602189200000e-19 1 5
-4.597625821017e-04 4.989314534787e-04 0.000000000000e+00 -7.869217534523e+03 9.213459422065e+03 2.643504971709e+05 0.000000000000e+00 -1.602189200000e-19 1 5
-1.412900560505e-04 -6.754117268312e-05 0.000000000000e+00 7.926851996087e+02 2.145505685513e+01 2.857185563539e+04 0.000000000000e+00 -1.602189200000e-19 1 5
8.605984214498e-04 2.953518290486e-04 -4.440892098501e-16 1.581850578490e+04 3.998540954529e+03 4.886557647899e+05 0.000000000000e+00 -1.602189200000e-19 1 5
2.450610712398e-04 -6.730422864941e-04 -4.440892098501e-16 2.775765781376e+03 -1.111656544995e+04 3.578431578775e+05 0.000000000000e+00 -1.602189200000e-19 1 5
-1.973316849432e-04 5.761920517659e-04 4.440892098501e-16 -2.719556919273e+03 1.103258679959e+04 1.523378228531e+05 0.000000000000e+00 -1.602189200000e-19 1 5
-3.833816898790e-04 -7.725742892303e-04 0.000000000000e+00 -7.366266696988e+03 -1.229509562242e+04 4.501693836616e+05 0.000000000000e+00 -1.602189200000e-19 1 5
2.708811881724e-04 6.135996216666e-04 0.000000000000e+00 4.565397362270e+03 1.015521478827e+04 2.932799401261e+05 0.000000000000e+00 -1.602189200000e-19 1 5
3.607799855828e-04 -1.688018758751e-04 -4.440892098501e-16 5.791805501091e+03 -3.582381691811e+03 5.526413552025e+04 0.000000000000e+00 -1.602189200000e-19 1 5
-7.585183178697e-04 3.731965020927e-04 -4.440892098501e-16 -1.193597379953e+04 6.962228631778e+03 4.054611493240e+05 0.000000000000e+00 -1.602189200000e-19 1 5
-6.834356865028e-04 1.074418043202e-04 -4.440892098501e-16 -1.247982288308e+04 2.836882698537e+03 2.227414425016e+05 0.000000000000e+00 -1.602189200000e-19 1 5
-6.950580736253e-05 4.361726748781e-06 4.440892098501e-16 -6.518835221818e+03 8.791114730863e+02 1.615514323826e+04 0.000000000000e+00 -1.602189200000e-19 1 5
-1.158385158077e-04 -5.853158514114e-04 0.000000000000e+00 -2.388370344084e+03 -7.706081945930e+03 4.895048711021e+05 0.000000000000e+00 -1.602189200000e-19 1 5
1.573864924286e-04 8.190781318478e-04 -4.440892098501e-16 3.994155061563e+03 1.319200142382e+04 3.946293242919e+05 0.000000000000e+00 -1.602189200000e-19 1 5
-5.769852778172e-04 -4.438096825311e-04 0.000000000000e+00 -1.119756249407e+04 -8.002754454949e+03 2.054967751408e+05 0.000000000000e+00 -1.602189200000e-19 1 5
7.703194742859e-04 5.768685890000e-04 0.000000000000e+00 1.428759998999e+04 9.514652071206e+03 4.852742341091e+05 0.000000000000e+00 -1.602189200000e-19 1 5
4.434526297715e-04 -5.975497199056e-04 0.000000000000e+00 6.587251236880e+03 -9.924213494118e+03 3.468721497251e+05 0.000000000000e+00 -1.602189200000e-19 1 5
-3.615646452590e-04 4.930654388323e-04 -4.440892098501e-16 -6.197167497357e+03 9.476819530332e+03 1.415534025300e+05 0.000000000000e+00 -1.602189200000e-19 1 5
-9.017379013864e-04 -1.853103229800e-04 0.000000000000e+00 -1.523019520118e+04 -1.598476240417e+03 4.526811202742e+05 0.000000000000e+00 -1.602189200000e-19 1 5
6.725509745720e-04 1.915172806255e-04 0.000000000000e+00 1.112711094053e+04 1.713955298981e+03 3.038520419939e+05 0.000000000000e+00 -1.602189200000e-19 1 5
1.480875540938e-04 -4.427399956963e-04 0.000000000000e+00 2.568823978191e+03 -8.018809400222e+03 6.450899844715e+04 0.000000000000e+00 -1.602189200000e-19 1 5
-1.614634664808e-04 8.647263910084e-04 0.000000000000e+00 -1.330973512355e+03 1.476155950961e+04 4.911897801601e+05 0.000000000000e+00 -1.602189200000e-19 1 5
-3.862718292245e-04 -6.810934569100e-04 0.000000000000e+00 -6.389397117259e+03 -1.068062917285e+04 3.811919133913e+05 0.000000000000e+00 -1.602189200000e-19 1 5
3.491268687774e-04 5.468568260458e-04 0.000000000000e+00 7.223608914940e+03 9.639536641467e+03 1.958710478036e+05 0.000000000000e+00 -1.602189200000e-19 1 5
8.459986198273e-04 -5.097104007025e-04 0.000000000000e+00 1.420786555526e+04 -9.858937733171e+03 4.758882407211e+05 0.000000000000e+00 -1.602189200000e-19 1 5
-6.785250200611e-04 4.103668351278e-04 4.440892098501e-16 -1.063264031107e+04 7.475712805249e+03 3.446367974246e+05 0.000000000000e+00 -1.602189200000e-19 1 5
-5.331392577497e-04 -5.324820690623e-05 -4.440892098501e-16 -9.561230095418e+03 -7.345800496957e+02 1.335646435981e+05 0.000000000000e+00 -1.602189200000e-19 1 5
9.360883014472e-04 2.882126976332e-05 0.000000000000e+00 1.512399491466e+04 -7.946772036984e+02 4.306681882131e+05 0.000000000000e+00 -1.602189200000e-19 1 5
3.708318594390e-05 -7.307193106101e-04 0.000000000000e+00 -6.151542214623e+02 -1.274877731486e+04 2.735732879387e+05 0.000000000000e+00 -1.602189200000e-19 1 5
-4.707489409312e-05 3.976503851472e-04 4.440892098501e-16 -1.446292060768e+03 6.681943449289e+03 5.778215727619e+04 0.000000000000e+00 -1.602189200000e-19 1 5
-6.955012669040e-04 -7.936870186533e-04 0.000000000000e+00 -1.310084979837e+04 -1.367174510987e+04 4.897377226650e+05 0.000000000000e+00 -1.602189200000e-19 1 5
5.912164913644e-04 6.348853963030e-04 0.000000000000e+00 1.047637544863e+04 1.000040946330e+04 3.607137485656e+05 0.000000000000e+00 -1.602189200000e-19 1 5
4.493705291656e-04 -4.329791225847e-04 0.000000000000e+00 7.563226005220e+03 -8.582966080258e+03 1.730462661490e+05 0.000000000000e+00 -1.602189200000e-19 1 5
-6.929376226689e-04 6.836788467662e-04 0.000000000000e+00 -1.074289151831e+04 1.233538616409e+04 4.610463558500e+05 0.000000000000e+00 -1.602189200000e-19 1 5
-7.451167223597e-04 -3.083043639394e-04 0.000000000000e+00 -1.302415040734e+04 -3.474998088024e+03 3.268949293680e+05 0.000000000000e+00 -1.602189200000e-19 1 5
5.180807046131e-04 2.523952106693e-04 -4.440892098501e-16 9.404486137843e+03 3.816636781704e+03 1.026786032359e+05 0.000000000000e+00 -1.602189200000e-19 1 5
4.057085350622e-04 -8.265120371357e-04 4.440892098501e-16 5.661187903196e+03 -1.362279017647e+04 4.192185701013e+05 0.000000000000e+00 -1.602189200000e-19 1 5
-3.545584263156e-04 7.357365013345e-04 4.440892098501e-16 -5.538086894292e+03 1.385961673863e+04 2.409319050337e+05 0.000000000000e+00 -1.602189200000e-19 1 5
-7.225266659770e-05 -2.019049772560e-04 0.000000000000e+00 -5.610322835192e+02 -3.068513361856e+02 4.518755875713e+04 0.000000000000e+00 -1.602189200000e-19 1 5
2.741602068321e-04 6.854785157649e-04 0.000000000000e+00 4.823168976554e+03 9.551270573656e+03 4.901637481127e+05 0.000000000000e+00 -1.602189200000e-19 1 5
8.763059050755e-04 -3.240060143449e-04 4.440892098501e-16 1.402198051783e+04 -6.204165489417e+03 3.934499628897e+05 0.000000000000e+00 -1.602189200000e-19 1 5
-7.470467024110e-04 2.750743475655e-04 4.440892098501e-16 -1.313648269579e+04 5.858225086001e+03 2.159078214387e+05 0.000000000000e+00 -1.602189200000e-19 1 5
-1.038259146975e-03 2.400804827668e-04 0.000000000000e+00 -1.789422288829e+04 5.484297705299e+03 4.804789836638e+05 0.000000000000e+00 -1.602189200000e-19 1 5
8.358046127410e-04 -1.715420696145e-04 0.000000000000e+00 1.349124413577e+04 -4.039097934685e+03 3.383175583652e+05 0.000000000000e+00 -1.602189200000e-19 1 5
-9.954395889533e-05 -5.682436987655e-04 0.000000000000e+00 -2.234386142435e+03 -9.976437370451e+03 1.511755483665e+05 0.000000000000e+00 -1.602189200000e-19 1 5
1.796311573467e-04 9.884088694962e-04 0.000000000000e+00 3.792127065275e+03 1.565089539684e+04 4.406301591750e+05 0.000000000000e+00 -1.602189200000e-19 1 5
-7.116903526002e-04 -4.219772112554e-04 0.000000000000e+00 -1.303194339155e+04 -5.718327286987e+03 2.941807368351e+05 0.000000000000e+00 -1.602189200000e-19 1 5
3.928995208570e-04 2.660103127194e-04 0.000000000000e+00 6.908771768763e+03 3.890237474036e+03 6.330550986033e+04 0.000000000000e+00 -1.602189200000e-19 1 5
4.756240937352e-04 -7.756737925233e-04 0.000000000000e+00 6.609287282192e+03 -1.329287393448e+04 4.919028162942e+05 0.000000000000e+00 -1.602189200000e-19 1 5
-4.862051765755e-04 7.130279872017e-04 0.000000000000e+00 -6.539292270165e+03 1.197518789650e+04 3.819915496617e+05 0.000000000000e+00 -1.602189200000e-19 1 5
-7.160367328632e-04 -1.619450962925e-04 0.000000000000e+00 -1.302601212059e+04 -2.415527012467e+03 2.001728606577e+05 0.000000000000e+00 -1.602189200000e-19 1 5
1.045635461367e-03 1.932718944192e-04 4.440892098501e-16 1.811539695993e+04 1.807316902055e+03 4.679863072370e+05 0.000000000000e+00 -1.602189200000e-19 1 5
1.686603901294e-04 -8.091807995856e-04 0.000000000000e+00 1.547942887201e+03 -1.328321551780e+04 3.305157692358e+05 0.000000000000e+00 -1.602189200000e-19 1 5
-1.203225687789e-04 5.810892455829e-04 0.000000000000e+00 -1.309837864062e+03 1.009877896184e+04 1.483194777781e+05 0.000000000000e+00 -1.602189200000e-19 1 5
-5.813748909595e-04 -8.118228954838e-04 0.000000000000e+00 -1.046686788234e+04 -1.232718720560e+04 4.267930331386e+05 0.000000000000e+00 -1.602189200000e-19 1 5
4.410793942387e-04 6.347695769083e-04 0.000000000000e+00 8.013373426251e+03 1.044896450879e+04 2.572525540811e+05 0.000000000000e+00 -1.602189200000e-19 1 5
3.366883835502e-04 -2.227053242726e-04 0.000000000000e+00 4.604240699463e+03 -4.176810604960e+03 6.123299838276e+04 0.000000000000e+00 -1.602189200000e-19 1 5
-8.962433988942e-04 6.714048628518e-04 0.000000000000e+00 -1.493823744798e+04 1.312764216809e+04 4.890590461501e+05 0.000000000000e+00 -1.602189200000e-19 1 5
-9.107015249257e-04 2.999849778127e-05 -4.440892098501e-16 -1.484269885077e+04 1.878742644616e+03 3.496523905370e+05 0.000000000000e+00 -1.602189200000e-19 1 5
6.453427108999e-04 2.882136240432e-05 0.000000000000e+00 1.130926443726e+04 -3.006992175792e+00 1.631801833969e+05 0.000000000000e+00 -1.602189200000e-19 1 5
-8.113749373913e-06 -1.078469991795e-03 0.000000000000e+00 -1.574792030244e+03 -1.799582799383e+04 4.487125566999e+05 0.000000000000e+00 -1.602189200000e-19 1 5
-4.328316136814e-06 8.727285523583e-04 0.000000000000e+00 5.393828030806e+02 1.455578045029e+04 3.004788080521e+05 0.000000000000e+00 -1.602189200000e-19 1 5
-3.936038668269e-04 -3.872418154459e-04 0.000000000000e+00 -7.101353696785e+03 -5.994924931284e+03 1.345141450969e+05 0.000000000000e+00 -1.602189200000e-19 1 5
7.683189498150e-04 7.120791011812e-04 0.000000000000e+00 1.365503366005e+04 1.052744650195e+04 4.091012120425e+05 0.000000000000e+00 -1.602189200000e-19 1 5
5.673872243392e-04 -5.909061015018e-04 0.000000000000e+00 9.016530555249e+03 -1.110306478661e+04 2.398629557574e+05 0.000000000000e+00 -1.602189200000e-19 1 5
-2.755668969504e-04 2.939857566953e-04 4.440892098501e-16 -3.311177728906e+03 5.507180566082e+03 6.545495480956e+04 0.000000000000e+00 -1.602189200000e-19 1 5
-7.869906185550e-04 -3.397414125579e-04 0.000000000000e+00 -1.227591598875e+04 -4.397292866323e+03 4.909574768284e+05 0.000000000000e+00 -1.602189200000e-19 1 5
9.274253004574e-04 3.966827665987e-04 0.000000000000e+00 1.577640403832e+04 5.535809303637e+03 3.857138003939e+05 0.000000000000e+00 -1.602189200000e-19 1 5
3.521881558187e-04 -8.101977262204e-04 0.000000000000e+00 5.397673480936e+03 -1.525293670969e+04 1.960820066418e+05 0.000000000000e+00 -1.602189200000e-19 1 5
-4.084161702894e-04 1.021731054700e-03 0.000000000000e+00 -5.656140466284e+03 1.800225544512e+04 4.709462395615e+05 0.000000000000e+00 -1.602189200000e-19 1 5
-3.463324956914e-04 -8.355585982462e-04 0.000000000000e+00 -6.799362289093e+03 -1.328209662470e+04 3.248594075656e+05 0.000000000000e+00 -1.602189200000e-19 1 5
2.383467055917e-04 5.297732329387e-04 0.000000000000e+00 4.799331644137e+03 8.413273250742e+03 1.462652467544e+05 0.000000000000e+00 -1.602189200000e-19 1 5
1.019055695109e-03 -4.534281701955e-04 0.000000000000e+00 1.616303540190e+04 -8.728324149577e+03 4.329242826388e+05 0.000000000000e+00 -1.602189200000e-19 1 5
-7.992136507726e-04 3.407004865944e-04 4.440892098501e-16 -1.299216608076e+04 6.567564946638e+03 2.740115606916e+05 0.000000000000e+00 -1.602189200000e-19 1 5
-4.083484793654e-04 9.313101107549e-06 0.000000000000e+00 -6.258400357348e+03 -6.843123275768e+02 7.603014101184e+04 0.000000000000e+00 -1.602189200000e-19 1 5
1.046477203183e-03 -1.535709930144e-04 4.440892098501e-16 1.710044172511e+04 -4.087603885299e+03 4.904874076452e+05 0.000000000000e+00 -1.602189200000e-19 1 5
-8.677420487132e-05 -9.408579654756e-04 0.000000000000e+00 -2.634115069029e+03 -1.513645643048e+04 3.615457866967e+05 0.000000000000e+00 -1.602189200000e-19 1 5
7.691291638747e-05 7.211601195985e-04 4.440892098501e-16 2.559593791578e+03 1.235445566371e+04 1.901565183295e+05 0.000000000000e+00 -1.602189200000e-19 1 5
-9.018253786755e-04 -6.700789634072e-04 0.000000000000e+00 -1.614663124621e+04 -1.004085970215e+04 4.652030247450e+05 0.000000000000e+00 -1.602189200000e-19 1 5
7.062175544563e-04 5.793261384081e-04 0.000000000000e+00 1.206937984648e+04 8.297223368025e+03 3.291815270064e+05 0.000000000000e+00 -1.602189200000e-19 1 5
4.042654477194e-04 -5.236083080042e-04 0.000000000000e+00 5.866773401956e+03 -9.592823566024e+03 1.570171200297e+05 0.000000000000e+00 -1.602189200000e-19 1 5
-6.599122602392e-04 8.546018528852e-04 -4.440892098501e-16 -9.418336343375e+03 1.469213256439e+04 4.201392550368e+05 0.000000000000e+00 -1.602189200000e-19 1 5
-8.615853078727e-04 -2.442001543356e-04 0.000000000000e+00 -1.516444336393e+04 -3.049262173221e+03 2.616990473202e+05 0.000000000000e+00 -1.602189200000e-19 1 5
4.695303789245e-04 1.585827341289e-04 0.000000000000e+00 7.193623850820e+03 1.927229322870e+03 9.582571484759e+04 0.000000000000e+00 -1.602189200000e-19 1 5
3.042934456402e-04 -1.130582372582e-03 -4.440892098501e-16 3.549953503648e+03 -2.008791678853e+04 4.852255340718e+05 0.000000000000e+00 -1.602189200000e-19 1 5
-2.809876652740e-04 9.209910716320e-04 0.000000000000e+00 -3.193768182721e+03 1.534343134735e+04 3.602367545409e+05 0.000000000000e+00 -1.602189200000e-19 1 5
-3.106531798358e-04 -5.827826283030e-04 -4.440892098501e-16 -5.846851047733e+03 -9.480504385206e+03 1.671089711093e+05 0.000000000000e+00 -1.602189200000e-19 1 5
5.638733118870e-04 9.739539580007e-04 4.440892098501e-16 1.047215720006e+04 1.524413651307e+04 4.513014199699e+05 0.000000000000e+00 -1.602189200000e-19 1 5
8.345945645174e-04 -4.482207007551e-04 0.000000000000e+00 1.340930815330e+04 -8.274529209730e+03 2.972756163532e+05 0.000000000000e+00 -1.602189200000e-19 1 5
-4.701724986818e-04 2.754092082266e-04 0.000000000000e+00 -6.877548064584e+03 5.267774822987e+03 1.235781602732e+05 0.000000000000e+00 -1.602189200000e-19 1 5
-1.065120436511e-03 -9.444691743114e-05 0.000000000000e+00 -1.737497691670e+04 -2.301069257602e+02 3.974879225650e+05 0.000000000000e+00 -1.602189200000e-19 1 5
8.521982235107e-04 1.159891636017e-04 -4.440892098501e-16 1.484374223220e+04 1.243370257140e+03 2.284195455017e+05 0.000000000000e+00 -1.602189200000e-19 1 5
6.647568813102e-05 -3.718677700904e-04 -4.440892098501e-16 1.468870131907e+03 -4.982039722414e+03 7.079433357470e+04 0.000000000000e+00 -1.602189200000e-19 1 5
-4.045991287566e-05 6.143268242115e-04 0.000000000000e+00 3.244518687905e+02 7.290586693935e+03 4.871283797867e+05 0.000000000000e+00 -1.602189200000e-19 1 5
-7.108630234447e-04 -8.066100362496e-04 4.440892098501e-16 -1.244994877142e+04 -1.225920324748e+04 4.013718678328e+05 0.000000000000e+00 -1.602189200000e-19 1 5
5.681968950519e-04 6.534868346343e-04 0.000000000000e+00 1.019326936896e+04 1.021180996187e+04 2.555065700304e+05 0.000000000000e+00 -1.602189200000e-19 1 5
8.971881008095e-04 -7.988343920991e-04 0.000000000000e+00 1.437522585803e+04 -1.488934956395e+04 4.803865154506e+05 0.000000000000e+00 -1.602189200000e-19 1 5
-7.956886988081e-04 6.635336756666e-04 -4.440892098501e-16 -1.217915199486e+04 1.183540641452e+04 3.539344588077e+05 0.000000000000e+00 -1.602189200000e-19 1 5
-6.775123734166e-04 -3.600736753537e-04 0.000000000000e+00 -1.196189846611e+04 -5.642317678354e+03 1.841982598163e+05 0.000000000000e+00 -1.602189200000e-19 1 5
1.052283855022e-03 5.288147556123e-04 0.000000000000e+00 1.787541933175e+04 6.958485717833e+03 4.412794723330e+05 0.000000000000e+00 -1.602189200000e-19 1 5
4.380420524408e-04 -7.829446285892e-04 0.000000000000e+00 6.437822652145e+03 -1.296319175987e+04 2.975510665411e+05 0.000000000000e+00 -1.602189200000e-19 1 5
-2.871015457472e-04 5.559542035545e-04 0.000000000000e+00 -3.902675322741e+03 9.072372070522e+03 1.357985975552e+05 0.000000000000e+00 -1.602189200000e-19 1 5
-2.853378192136e-04 -8.797560374466e-04 0.000000000000e+00 -5.335400392134e+03 -1.297351411591e+04 4.902859704291e+05 0.000000000000e+00 -1.602189200000e-19 1 5
4.038424151381e-04 1.065615710443e-03 0.000000000000e+00 8.602248916797e+03 1.717263028061e+04 3.693932791217e+05 0.000000000000e+00 -1.602189200000e-19 1 5
7.761352730741e-04 -2.125689770051e-04 0.000000000000e+00 1.292417310516e+04 -4.023455122541e+03 1.939910767159e+05 0.000000000000e+00 -1.602189200000e-19 1 5
-1.159247552785e-03 3.860195279883e-04 0.000000000000e+00 -1.924529338543e+04 7.971873689102e+03 4.705347263668e+05 0.000000000000e+00 -1.602189200000e-19 1 5
-9.768818201729e-04 2.617096978933e-04 0.000000000000e+00 -1.560932489106e+04 5.080999170215e+03 3.223908835364e+05 0.000000000000e+00 -1.602189200000e-19 1 5
6.018799128110e-04 -1.456084316104e-04 0.000000000000e+00 9.306764826783e+03 -2.552882608593e+03 1.476339857418e+05 0.000000000000e+00 -1.602189200000e-19 1 5
-3.208034292657e-04 -1.186978592372e-03 0.000000000000e+00 -6.777409711431e+03 -1.933899741862e+04 4.283882055190e+05 0.000000000000e+00 -1.602189200000e-19 1 5
2.388213336616e-04 9.062760122346e-04 -4.440892098501e-16 4.874530067281e+03 1.497378650062e+04 2.552858371330e+05 0.000000000000e+00 -1.602189200000e-19 1 5
-4.916604528082e-04 -2.872842756864e-04 0.000000000000e+00 -7.697405580751e+03 -3.766677081656e+03 1.272265092453e+05 0.000000000000e+00 -1.602189200000e-19 1 5
1.091248261666e-03 6.259241138309e-04 0.000000000000e+00 1.960813565639e+04 9.579690437292e+03 4.884501476305e+05 0.000000000000e+00 -1.602189200000e-19 1 5
5.485545452423e-04 -9.713359914735e-04 0.000000000000e+00 7.212062816453e+03 -1.667935045971e+04 3.819039041743e+05 0.000000000000e+00 -1.602189200000e-19 1 5
-4.572508437367e-04 7.707985043641e-04 4.440892098501e-16 -6.791187127291e+03 1.370949634923e+04 2.310542596399e+05 0.000000000000e+00 -1.602189200000e-19 1 5
-1.254467003586e-03 -1.844272809779e-04 0.000000000000e+00 -2.131938685197e+04 -1.724481434523e+03 4.602412251085e+05 0.000000000000e+00 -1.602189200000e-19 1 5
9.720863248831e-04 1.448850017370e-04 0.000000000000e+00 1.588633714701e+04 9.147085750387e+02 3.135947961418e+05 0.000000000000e+00 -1.602189200000e-19 1 5
1.270320819835e-04 -6.887529482627e-04 0.000000000000e+00 1.530925206789e+03 -1.121467083318e+04 1.731602458033e+05 0.000000000000e+00 -1.602189200000e-19 1 5
-1.994389503703e-04 1.211956177567e-03 0.000000000000e+00 -2.063188678181e+03 2.018898218561e+04 4.149758595294e+05 0.000000000000e+00 -1.602189200000e-19 1 5
-6.034921444373e-04 -7.601892085419e-04 -4.440892098501e-16 -1.092036348328e+04 -1.186533568776e+04 2.706865531953e+05 0.000000000000e+00 -1.602189200000e-19 1 5
3.420456771612e-04 4.156155274687e-04 -4.440892098501e-16 5.680291237988e+03 5.241481980221e+03 1.257690666353e+05 0.000000000000e+00 -1.602189200000e-19 1 5
6.859603906229e-04 -5.585174986160e-04 0.000000000000e+00 9.128820771886e+03 -8.824840657379e+03 4.894669689998e+05 0.000000000000e+00 -1.602189200000e-19 1 5
-9.437562043431e-04 7.487243442896e-04 0.000000000000e+00 -1.468061414878e+04 1.352275308798e+04 3.885071970120e+05 0.000000000000e+00 -1.602189200000e-19 1 5
-9.011334898271e-04 5.830890149521e-05 0.000000000000e+00 -1.514140178476e+04 2.218101703685e+03 2.141062541507e+05 0.000000000000e+00 -1.602189200000e-19 1 5
1.286995366241e-03 -1.196854529090e-04 0.000000000000e+00 2.194017927133e+04 -3.807042534369e+03 4.793247970256e+05 0.000000000000e+00 -1.602189200000e-19 1 5
-7.327828248395e-05 -1.048717219782e-03 0.000000000000e+00 -2.847884421697e+03 -1.699111829093e+04 3.301199028730e+05 0.000000000000e+00 -1.602189200000e-19 1 5
3.972395634848e-05 7.281536600684e-04 0.000000000000e+00 1.616609869586e+03 1.166089681869e+04 1.777378962750e+05 0.000000000000e+00 -1.602189200000e-19 1 5
-1.046170422739e-03 -7.757272325362e-04 0.000000000000e+00 -1.867250281129e+04 -1.103856534539e+04 4.455240208705e+05 0.000000000000e+00 -1.602189200000e-19 1 5
7.813955928302e-04 6.773810168741e-04 0.000000000000e+00 1.355316197652e+04 9.599384959685e+03 3.202350143324e+05 0.000000000000e+00 -1.602189200000e-19 1 5
4.587190848137e-04 -5.707270998736e-04 0.000000000000e+00 6.159353977349e+03 -1.028038268345e+04 1.758704686088e+05 0.000000000000e+00 -1.602189200000e-19 1 5
-7.214230201617e-04 9.275659329676e-04 0.000000000000e+00 -1.047420064144e+04 1.640376806956e+04 4.890203979986e+05 0.000000000000e+00 -1.602189200000e-19 1 5
-1.073481964193e-03 -4.063268094025e-04 4.440892098501e-16 -1.762069429826e+04 -5.713092458656e+03 3.845606980888e+05 0.000000000000e+00 -1.602189200000e-19 1 5
8.571896394307e-04 3.268360964812e-04 0.000000000000e+00 1.476071062770e+04 4.831049338917e+03 2.355546499630e+05 0.000000000000e+00 -1.602189200000e-19 1 5
4.403292178819e-04 -1.222561633443e-03 -4.440892098501e-16 5.910250109395e+03 -2.106723178184e+04 4.688793920860e+05 0.000000000000e+00 -1.602189200000e-19 1 5
-3.657822373807e-04 1.017666792113e-03 0.000000000000e+00 -4.770670372047e+03 1.678497233212e+04 3.441317404435e+05 0.000000000000e+00 -1.602189200000e-19 1 5
-2.676376544711e-04 -5.485523708810e-04 0.000000000000e+00 -4.671295308860e+03 -7.752533383518e+03 1.446967263148e+05 0.000000000000e+00 -1.602189200000e-19 1 5
6.093706554361e-04 1.121779990698e-03 0.000000000000e+00 1.153607616523e+04 1.746396686165e+04 4.305939387735e+05 0.000000000000e+00 -1.602189200000e-19 1 5
9.072644172852e-04 -4.562330346226e-04 0.000000000000e+00 1.441905600375e+04 -8.519169730082e+03 2.667918845929e+05 0.000000000000e+00 -1.602189200000e-19 1 5
-4.184905975641e-04 2.387405029064e-04 0.000000000000e+00 -4.712541679648e+03 4.236032269034e+03 1.065573824270e+05 0.000000000000e+00 -1.602189200000e-19 1 5
-1.309773951517e-03 2.500480319693e-04 0.000000000000e+00 -2.221892472101e+04 5.901309567496e+03 4.858333007754e+05 0.000000000000e+00 -1.602189200000e-19 1 5
1.114255572042e-03 -1.973205400457e-04 4.440892098501e-16 1.791522081667e+04 -4.567495384995e+03 3.461800816503e+05 0.000000000000e+00 -1.602189200000e-19 1 5
-9.972949690848e-05 -7.483496694991e-04 -4.440892098501e-16 -2.142408895945e+03 -1.190929464889e+04 1.767507333957e+05 0.000000000000e+00 -1.602189200000e-19 1 5
2.224427141025e-04 1.294326392670e-03 0.000000000000e+00 5.280157949609e+03 2.153385951329e+04 4.651798562831e+05 0.000000000000e+00 -1.602189200000e-19 1 5
-9.231829453148e-04 -6.304137099173e-04 0.000000000000e+00 -1.585217725038e+04 -8.810889046168e+03 3.443642114202e+05 0.000000000000e+00 -1.602189200000e-19 1 5
7.457046038035e-04 5.172635005246e-04 4.440892098501e-16 1.328751262361e+04 7.495703441394e+03 2.167975144292e+05 0.000000000000e+00 -1.602189200000e-19 1 5
7.676782891187e-04 -1.097814568163e-03 0.000000000000e+00 1.120282774821e+04 -1.911510710613e+04 4.180721394372e+05 0.000000000000e+00 -1.602189200000e-19 1 5
-5.725622780888e-04 8.161942978582e-04 -4.440892098501e-16 -7.891629111317e+03 1.385868651459e+04 2.936748357449e+05 0.000000000000e+00 -1.602189200000e-19 1 5
-5.460219994642e-04 -1.702434539271e-04 0.000000000000e+00 -7.437649960130e+03 -2.447861874651e+03 1.481620480062e+05 0.000000000000e+00 -1.602189200000e-19 1 5
9.862291492770e-04 2.629405141256e-04 0.000000000000e+00 1.506647887751e+04 2.799408645493e+03 4.896136148937e+05 0.000000000000e+00 -1.602189200000e-19 1 5
3.621220236334e-04 -1.237077839600e-03 0.000000000000e+00 4.757989955130e+03 -2.068356794905e+04 3.862129168413e+05 0.000000000000e+00 -1.602189200000e-19 1 5
-2.406535773560e-04 9.247843991546e-04 -4.440892098501e-16 -3.094986532965e+03 1.537593916173e+04 2.500409827527e+05 0.000000000000e+00 -1.602189200000e-19 1 5
-7.414145945156e-04 -1.092222305939e-03 0.000000000000e+00 -1.376022541083e+04 -1.761846964809e+04 4.797542998157e+05 0.000000000000e+00 -1.602189200000e-19 1 5
6.459666292565e-04 9.963533471050e-04 0.000000000000e+00 1.152804953408e+04 1.551189225115e+04 3.454516049594e+05 0.000000000000e+00 -1.602189200000e-19 1 5
7.278349626197e-04 -4.713474299438e-04 4.440892098501e-16 1.107835306819e+04 -8.530215780772e+03 2.013092775541e+05 0.000000000000e+00 -1.602189200000e-19 1 5
-1.086195245518e-03 7.512165960523e-04 -4.440892098501e-16 -1.670569399756e+04 1.359620605218e+04 4.339999161387e+05 0.000000000000e+00 -1.602189200000e-19 1 5
-1.073845573659e-03 -4.835397614730e-05 0.000000000000e+00 -1.749032782400e+04 2.792689763737e+02 2.802129420454e+05 0.000000000000e+00 -1.602189200000e-19 1 5
5.427729113937e-04 4.745758729464e-05 0.000000000000e+00 7.101885644501e+03 3.928811417966e+02 1.356345089337e+05 0.000000000000e+00 -1.602189200000e-19 1 5
3.882928802703e-05 -1.197073929153e-03 0.000000000000e+00 -1.015798059821e+03 -1.960642436885e+04 4.891798101066e+05 0.000000000000e+00 -1.602189200000e-19 1 5
-7.769162826652e-06 1.208646965279e-03 -4.440892098501e-16 1.809262237542e+03 1.982112021083e+04 3.648799367405e+05 0.000000000000e+00 -1.602189200000e-19 1 5
-6.845496033053e-04 -6.932701469696e-04 0.000000000000e+00 -1.191266606581e+04 -1.032386271555e+04 2.496335897609e+05 0.000000000000e+00 -1.602189200000e-19 1 5
1.056652969601e-03 9.569590608852e-04 -4.440892098501e-16 1.920628493788e+04 1.438926417288e+04 4.605219098150e+05 0.000000000000e+00 -1.602189200000e-19 1 5
8.462556447123e-04 -8.284273010736e-04 0.000000000000e+00 1.255383030570e+04 -1.460296226976e+04 3.366156124721e+05 0.000000000000e+00 -1.602189200000e-19 1 5
-6.599364363088e-04 6.352344432436e-04 0.000000000000e+00 -9.931798683510e+03 1.087873549697e+04 2.114873189357e+05 0.000000000000e+00 -1.602189200000e-19 1 5
-1.264177403908e-03 -5.404576021824e-04 0.000000000000e+00 -2.154235869585e+04 -6.962429318659e+03 4.360559502331e+05 0.000000000000e+00 -1.602189200000e-19 1 5
9.562484049991e-04 4.566030718627e-04 4.440892098501e-16 1.568998366198e+04 5.729125155172e+03 3.221518744061e+05 0.000000000000e+00 -1.602189200000e-19 1 5
3.330770551470e-04 -6.957299172973e-04 0.000000000000e+00 4.476563076146e+03 -1.162162021979e+04 1.907077367808e+05 0.000000000000e+00 -1.602189200000e-19 1 5
-5.368470030600e-04 1.206925160329e-03 0.000000000000e+00 -7.357649114764e+03 2.087552139105e+04 4.775893483972e+05 0.000000000000e+00 -1.602189200000e-19 1 5
-4.073260542785e-04 -1.049545636475e-03 0.000000000000e+00 -7.834792911946e+03 -1.620227564723e+04 3.369496113604e+05 0.000000000000e+00 -1.602189200000e-19 1 5
2.899746912953e-04 7.014457464323e-04 0.000000000000e+00 5.596688677472e+03 1.004999348302e+04 1.847469421320e+05 0.000000000000e+00 -1.602189200000e-19 1 5
1.282008525861e-03 -5.337311465099e-04 0.000000000000e+00 2.053765797283e+04 -1.052387890120e+04 4.538793185932e+05 0.000000000000e+00 -1.602189200000e-19 1 5
-9.725530505334e-04 3.555428999721e-04 0.000000000000e+00 -1.481815035890e+04 6.277944712797e+03 2.977148581560e+05 0.000000000000e+00 -1.602189200000e-19 1 5
-6.334758887772e-04 1.426547209043e-04 0.000000000000e+00 -8.763713869631e+03 2.879095293502e+03 1.588088393801e+05 0.000000000000e+00 -1.602189200000e-19 1 5
1.282451639403e-03 -2.908798203247e-04 0.000000000000e+00 2.057100019036e+04 -6.123229314436e+03 4.043216025060e+05 0.000000000000e+00 -1.602189200000e-19 1 5
-1.915870346612e-04 -9.380795305788e-04 0.000000000000e+00 -4.185589094148e+03 -1.495860115596e+04 2.382836257075e+05 0.000000000000e+00 -1.602189200000e-19 1 5
8.892088930996e-05 4.375469352557e-04 0.000000000000e+00 1.055224940837e+03 4.574736440667e+03 1.142251154387e+05 0.000000000000e+00 -1.602189200000e-19 1 5
-8.073328483611e-04 -4.883043598693e-04 4.440892098501e-16 -1.219321672989e+04 -6.012414314466e+03 4.889972345331e+05 0.000000000000e+00 -1.602189200000e-19 1 5
1.194516449884e-03 7.169301349692e-04 -4.440892098501e-16 2.064043723592e+04 9.854952269604e+03 4.153276558556e+05 0.000000000000e+00 -1.602189200000e-19 1 5
5.742725363455e-04 -8.513998027638e-04 4.440892098501e-16 8.133263780246e+03 -1.354923806053e+04 3.083613721148e+05 0.000000000000e+00 -1.602189200000e-19 1 5
-6.824560956677e-04 1.153066705264e-03 -4.440892098501e-16 -9.623674760584e+03 2.013664547461e+04 4.742384164907e+05 0.000000000000e+00 -1.602189200000e-19 1 5
-1.227507116807e-03 -2.424161814215e-04 0.000000000000e+00 -2.011893896495e+04 -2.601076595676e+03 3.488431297642e+05 0.000000000000e+00 -1.602189200000e-19 1 5
8.870431899206e-04 2.006500841507e-04 0.000000000000e+00 1.448960458533e+04 2.699782388343e+03 2.170497610898e+05 0.000000000000e+00 -1.602189200000e-19 1 5
3.507021693120e-04 -1.440237821535e-03 0.000000000000e+00 4.362706884302e+03 -2.418664946394e+04 4.436861503262e+05 0.000000000000e+00 -1.602189200000e-19 1 5
-2.398621151085e-04 1.086500411158e-03 0.000000000000e+00 -3.169433440241e+03 1.719687576236e+04 3.073862094546e+05 0.000000000000e+00 -1.602189200000e-19 1 5
-4.124324395339e-04 -5.973992636052e-04 0.000000000000e+00 -6.636026301043e+03 -8.419324999998e+03 1.812281148320e+05 0.000000000000e+00 -1.602189200000e-19 1 5
7.332249172281e-04 9.551123532500e-04 0.000000000000e+00 1.271805308493e+04 1.449639798094e+04 4.892545892992e+05 0.000000000000e+00 -1.602189200000e-19 1 5
1.042768232512e-03 -8.301892995397e-04 0.000000000000e+00 1.535260003942e+04 -1.523333877199e+04 3.790229556529e+05 0.000000000000e+00 -1.602189200000e-19 1 5
-7.893799198466e-04 5.807800287041e-04 0.000000000000e+00 -1.165726183149e+04 1.006886215147e+04 2.409411645764e+05 0.000000000000e+00 -1.602189200000e-19 1 5
-1.431681917143e-03 -9.901743628514e-06 -4.440892098501e-16 -2.383682945325e+04 1.297723443031e+03 4.670193310929e+05 0.000000000000e+00 -1.602189200000e-19 1 5
1.143481316693e-03 -1.189657098687e-05 4.440892098501e-16 1.802870351535e+04 -1.653262155771e+03 3.249045683770e+05 0.000000000000e+00 -1.602189200000e-19 1 5
2.663578633163e-05 -7.866733133676e-04 4.440892098501e-16 -2.150967160438e+02 -1.184900658165e+04 1.888513000601e+05 0.000000000000e+00 -1.602189200000e-19 1 5
-8.808525500058e-05 1.472402583271e-03 0.000000000000e+00 -4.184741925411e+02 2.432271195566e+04 4.378536330719e+05 0.000000000000e+00 -1.602189200000e-19 1 5
-9.106955783802e-04 -8.001195713298e-04 0.000000000000e+00 -1.606215002146e+04 -1.120621330254e+04 3.152555809541e+05 0.000000000000e+00 -1.602189200000e-19 1 5
6.605831517264e-04 5.781254521715e-04 0.000000000000e+00 1.135421306025e+04 7.683656902280e+03 2.071131034838e+05 0.000000000000e+00 -1.602189200000e-19 1 5
9.382191036036e-04 -1.090972018244e-03 0.000000000000e+00 1.398863451080e+04 -1.955079244404e+04 4.755956067255e+05 0.000000000000e+00 -1.602189200000e-19 1 5
-9.290962777064e-04 9.771856758290e-04 -4.440892098501e-16 -1.373767491769e+04 1.700494634085e+04 3.657359945646e+05 0.000000000000e+00 -1.602189200000e-19 1 5
-9.650685232395e-04 -3.585914437504e-04 4.440892098501e-16 -1.559345628457e+04 -4.023317309927e+03 2.841174152887e+05 0.000000000000e+00 -1.602189200000e-19 1 5
1.330947095687e-03 5.472352852228e-04 0.000000000000e+00 2.247364251831e+04 7.315972742381e+03 4.545074036325e+05 0.000000000000e+00 -1.602189200000e-19 1 5
4.802552847047e-04 -1.131386892235e-03 0.000000000000e+00 6.248262816510e+03 -1.841097897020e+04 3.534158668988e+05 0.000000000000e+00 -1.602189200000e-19 1 5
-3.453737815832e-04 8.339772864800e-04 -4.440892098501e-16 -4.567683169690e+03 1.339008135684e+04 2.444309130802e+05 0.000000000000e+00 -1.602189200000e-19 1 5
-5.962062971945e-04 -1.315769007884e-03 0.000000000000e+00 -1.145411747434e+04 -2.100318321913e+04 4.284297050370e+05 0.000000000000e+00 -1.602189200000e-19 1 5
3.781265400091e-04 1.001544495488e-03 0.000000000000e+00 5.899301579495e+03 1.524897908876e+04 3.158634718871e+05 0.000000000000e+00 -1.602189200000e-19 1 5
7.226728783527e-04 -3.076079811244e-04 0.000000000000e+00 1.046529111224e+04 -5.122352017782e+03 1.998884833590e+05 0.000000000000e+00 -1.602189200000e-19 1 5
-9.416472639208e-04 4.744048798306e-04 0.000000000000e+00 -1.336252882720e+04 8.470265694799e+03 4.895658024309e+05 0.000000000000e+00 -1.602189200000e-19 1 5
-1.335309601547e-03 1.778628655778e-04 4.440892098501e-16 -2.136453552212e+04 4.673923087127e+03 4.008801398903e+05 0.000000000000e+00 -1.602189200000e-19 1 5
9.968454549229e-04 -1.081900156188e-04 -4.440892098501e-16 1.511757595522e+04 -3.056141161496e+03 2.791742222895e+05 0.000000000000e+00 -1.602189200000e-19 1 5
-1.612460353589e-04 -1.376646713088e-03 0.000000000000e+00 -4.432844075935e+03 -2.254941407599e+04 4.734075178503e+05 0.000000000000e+00 -1.602189200000e-19 1 5
2.236023217645e-04 1.253180862364e-03 0.000000000000e+00 5.867973364118e+03 1.966907348233e+04 3.707397161847e+05 0.000000000000e+00 -1.602189200000e-19 1 5
-8.406600852130e-04 -6.253971275175e-04 -4.440892098501e-16 -1.401962784176e+04 -8.276101733398e+03 2.804823240358e+05 0.000000000000e+00 -1.602189200000e-19 1 5
1.293483328575e-03 8.658226359366e-04 0.000000000000e+00 2.276598061638e+04 1.203117383030e+04 4.428070006395e+05 0.000000000000e+00 -1.602189200000e-19 1 5
7.526366280438e-04 -9.774407966772e-04 0.000000000000e+00 1.049009752520e+04 -1.649743072833e+04 3.415211484595e+05 0.000000000000e+00 -1.602189200000e-19 1 5
-5.706568660010e-04 7.318329669366e-04 0.000000000000e+00 -7.765402219429e+03 1.184010271645e+04 2.420515821387e+05 0.000000000000e+00 -1.602189200000e-19 1 5
-1.325969348265e-03 -5.045161022710e-04 0.000000000000e+00 -2.234000832600e+04 -7.389588493326e+03 4.850502018965e+05 0.000000000000e+00 -1.602189200000e-19 1 5
1.357795271028e-03 4.751647137731e-04 0.000000000000e+00 2.236498877703e+04 6.436003417219e+03 3.840208160965e+05 0.000000000000e+00 -1.602189200000e-19 1 5
3.153934657240e-04 -9.479718507921e-04 0.000000000000e+00 4.060553870027e+03 -1.491048929387e+04 2.612454264731e+05 0.000000000000e+00 -1.602189200000e-19 1 5
-4.845262802778e-04 1.427504145782e-03 0.000000000000e+00 -6.522722292345e+03 2.395417653944e+04 4.607994712362e+05 0.000000000000e+00 -1.602189200000e-19 1 5
-6.069977032373e-04 -1.027219394128e-03 0.000000000000e+00 -1.062793069347e+04 -1.531095920328e+04 3.610546425728e+05 0.000000000000e+00 -1.602189200000e-19 1 5
4.526528006010e-04 8.163302201958e-04 0.000000000000e+00 7.370856162662e+03 1.183081329369e+04 2.635986464942e+05 0.000000000000e+00 -1.602189200000e-19 1 5
1.238045562245e-03 -7.713090748795e-04 0.000000000000e+00 1.906311070783e+04 -1.423918644535e+04 4.398415493268e+05 0.000000000000e+00 -1.602189200000e-19 1 5
-9.743694603018e-04 5.498138675553e-04 0.000000000000e+00 -1.413480685869e+04 9.505307047761e+03 3.319736959259e+05 0.000000000000e+00 -1.602189200000e-19 1 5
-8.224105554419e-04 -9.213463200141e-05 0.000000000000e+00 -1.232546667884e+04 -7.708908898870e+02 2.067788472986e+05 0.000000000000e+00 -1.602189200000e-19 1 5
1.448471166276e-03 1.505686796536e-04 -4.440892098501e-16 2.424608504955e+04 8.061715753163e+02 4.810644762052e+05 0.000000000000e+00 -1.602189200000e-19 1 5
2.238951206096e-04 -1.343212640045e-03 0.000000000000e+00 2.659318266519e+03 -2.162028405910e+04 3.725664814848e+05 0.000000000000e+00 -1.602189200000e-19 1 5
-1.035904659645e-04 9.727164924875e-04 0.000000000000e+00 -6.574335185953e+02 1.478744722581e+04 2.634185531517e+05 0.000000000000e+00 -1.602189200000e-19 1 5
-1.132222540442e-03 -1.060054698399e-03 0.000000000000e+00 -2.038105530704e+04 -1.550548170361e+04 4.546908887419e+05 0.000000000000e+00 -1.602189200000e-19 1 5
8.637316268796e-04 9.410517852517e-04 0.000000000000e+00 1.482235894635e+04 1.342693102326e+04 3.453200545759e+05 0.000000000000e+00 -1.602189200000e-19 1 5
6.747570046224e-04 -6.311700262402e-04 0.000000000000e+00 8.890888735455e+03 -1.068985826569e+04 2.311432452040e+05 0.000000000000e+00 -1.602189200000e-19 1 5
-1.086552633262e-03 1.062990686330e-03 4.440892098501e-16 -1.596060823908e+04 1.895388352347e+04 4.115996378022e+05 0.000000000000e+00 -1.602189200000e-19 1 5
-1.063889342909e-03 -5.384062071470e-04 0.000000000000e+00 -1.704469965184e+04 -6.900065582496e+03 3.531087208758e+05 0.000000000000e+00 -1.602189200000e-19 1 5
7.904543572389e-04 4.123125995182e-04 0.000000000000e+00 1.234413576863e+04 5.064659467108e+03 2.629677353911e+05 0.000000000000e+00 -1.602189200000e-19 1 5
5.409453200539e-04 -1.134741449837e-03 0.000000000000e+00 6.998793159971e+03 -1.918740427872e+04 4.872658256718e+05 0.000000000000e+00 -1.602189200000e-19 1 5
-6.543453026953e-04 1.309502513955e-03 0.000000000000e+00 -8.832715924253e+03 2.207668481705e+04 4.246819380098e+05 0.000000000000e+00 -1.602189200000e-19 1 5
-3.475442032055e-04 -1.072376114392e-03 0.000000000000e+00 -6.661135952187e+03 -1.589766256420e+04 3.382740422327e+05 0.000000000000e+00 -1.602189200000e-19 1 5
4.556049290745e-04 1.280377208563e-03 -4.440892098501e-16 9.012016478648e+03 2.031520660065e+04 4.729821766399e+05 0.000000000000e+00 -1.602189200000e-19 1 5
1.269568071307e-03 -4.323936556389e-04 0.000000000000e+00 1.963013993272e+04 -8.257732727255e+03 3.985879148555e+05 0.000000000000e+00 -1.602189200000e-19 1 5
-1.006341189967e-03 2.991100136789e-04 0.000000000000e+00 -1.460916021232e+04 5.042157467310e+03 3.202300240877e+05 0.000000000000e+00 -1.602189200000e-19 1 5
-1.369106686955e-03 3.235828165895e-04 -4.440892098501e-16 -2.164906066343e+04 6.569796603394e+03 4.460204078534e+05 0.000000000000e+00 -1.602189200000e-19 1 5
1.244189414218e-03 -2.992828889226e-04 4.440892098501e-16 1.921892569431e+04 -5.782798846170e+03 3.725386649530e+05 0.000000000000e+00 -1.602189200000e-19 1 5
-2.391382320331e-04 -9.712423396788e-04 4.440892098501e-16 -5.093193667105e+03 -1.412254288615e+04 2.916669813278e+05 0.000000000000e+00 -1.602189200000e-19 1 5
3.632898949300e-04 1.298676357046e-03 0.000000000000e+00 7.686604691357e+03 2.091526609785e+04 4.832645038105e+05 0.000000000000e+00 -1.602189200000e-19 1 5
-1.278976052579e-03 -7.156369979376e-04 0.000000000000e+00 -2.172534088266e+04 -9.582771542666e+03 4.229025677236e+05 0.000000000000e+00 -1.602189200000e-19 1 5
1.026257452094e-03 6.287478389035e-04 0.000000000000e+00 1.662676658741e+04 8.183621853595e+03 3.511357170336e+05 0.000000000000e+00 -1.602189200000e-19 1 5
7.312079640614e-04 -1.212894935251e-03 -4.440892098501e-16 1.022126049423e+04 -2.033363511175e+04 4.582008012616e+05 0.000000000000e+00 -1.602189200000e-19 1 5
-7.112659947388e-04 1.166658651417e-03 0.000000000000e+00 -9.630041534038e+03 1.959993996338e+04 3.919707904135e+05 0.000000000000e+00 -1.602189200000e-19 1 5
-9.783304095810e-04 -1.789111036391e-04 0.000000000000e+00 -1.491226456842e+04 -1.922890147469e+03 2.564531023822e+05 0.000000000000e+00 -1.602189200000e-19 1 5
1.557233935324e-03 3.624418342511e-04 0.000000000000e+00 2.553425228407e+04 4.424175726234e+03 4.278041431723e+05 0.000000000000e+00 -1.602189200000e-19 1 5
2.236077790505e-04 -1.167611956856e-03 4.440892098501e-16 2.295033922315e+03 -1.814861231508e+04 3.206150499882e+05 0.000000000000e+00 -1.602189200000e-19 1 5
-1.627227744364e-04 8.600513370817e-04 -4.440892098501e-16 -1.441371309201e+03 1.301310826142e+04 2.233442839338e+05 0.000000000000e+00 -1.602189200000e-19 1 5
-8.966405742414e-04 -1.067910708012e-03 0.000000000000e+00 -1.597018499039e+04 -1.614322150270e+04 4.793464720114e+05 0.000000000000e+00 -1.602189200000e-19 1 5
9.288891161074e-04 1.107151913019e-03 0.000000000000e+00 1.653172021462e+04 1.618231726466e+04 4.071527617908e+05 0.000000000000e+00 -1.602189200000e-19 1 5
8.926922251374e-04 -6.663966819966e-04 0.000000000000e+00 1.254463006791e+04 -1.088128263121e+04 3.234427996824e+05 0.000000000000e+00 -1.602189200000e-19 1 5
-1.099511720531e-03 9.363249670676e-04 0.000000000000e+00 -1.621988737092e+04 1.668322321571e+04 4.548451508882e+05 0.000000000000e+00 -1.602189200000e-19 1 5
-1.295986021193e-03 8.274006875056e-05 -4.440892098501e-16 -2.018600267879e+04 3.261954324725e+03 3.751913071615e+05 0.000000000000e+00 -1.602189200000e-19 1 5
1.021313609827e-03 -5.288712656548e-05 4.440892098501e-16 1.483195074803e+04 -2.504077970102e+03 3.053807365114e+05 0.000000000000e+00 -1.602189200000e-19 1 5
-3.444150055118e-05 -1.507396532913e-03 -4.440892098501e-16 -2.345948033259e+03 -2.442317282620e+04 4.323348721668e+05 0.000000000000e+00 -1.602189200000e-19 1 5
8.971420390075e-05 1.230903783931e-03 0.000000000000e+00 3.303053419204e+03 1.887775505718e+04 3.590747486698e+05 0.000000000000e+00 -1.602189200000e-19 1 5
-6.455685192278e-04 -5.738855990890e-04 0.000000000000e+00 -1.008406944129e+04 -7.629839979251e+03 2.202322797256e+05 0.000000000000e+00 -1.602189200000e-19 1 5
1.005575819423e-03 8.296101457052e-04 -4.440892098501e-16 1.701711963589e+04 1.195153369946e+04 4.878781316143e+05 0.000000000000e+00 -1.602189200000e-19 1 5
9.965874605260e-04 -1.236216856547e-03 0.000000000000e+00 1.394260143838e+04 -2.126346497403e+04 4.124424161485e+05 0.000000000000e+00 -1.602189200000e-19 1 5
-7.026495272828e-04 8.617584014869e-04 0.000000000000e+00 -8.600108651058e+03 1.405734986838e+04 3.030573344246e+05 0.000000000000e+00 -1.602189200000e-19 1 5
-1.334385494902e-03 -5.380672012738e-04 0.000000000000e+00 -2.200969273724e+04 -7.281294475281e+03 4.718603609234e+05 0.000000000000e+00 -1.602189200000e-19 1 5
1.347333867371e-03 5.449975553173e-04 0.000000000000e+00 2.191408759354e+04 7.186594284235e+03 3.951951720645e+05 0.000000000000e+00 -1.602189200000e-19 1 5
4.076211490963e-04 -1.022748956212e-03 0.000000000000e+00 4.926816424051e+03 -1.544154817650e+04 3.152203567360e+05 0.000000000000e+00 -1.602189200000e-19 1 5
-5.551261408765e-04 1.411083716848e-03 0.000000000000e+00 -7.434855972324e+03 2.328212704485e+04 4.502673905496e+05 0.000000000000e+00 -1.602189200000e-19 1 5
-5.686599643708e-04 -1.191396794634e-03 0.000000000000e+00 -1.016388410930e+04 -1.808286718941e+04 3.918383951748e+05 0.000000000000e+00 -1.602189200000e-19 1 5
4.173375013732e-04 1.002569596371e-03 4.440892098501e-16 6.460547827496e+03 1.457460041828e+04 3.274231780743e+05 0.000000000000e+00 -1.602189200000e-19 1 5
1.219386011571e-03 -5.927996237560e-04 0.000000000000e+00 1.901836878725e+04 -1.100976028774e+04 4.832235714062e+05 0.000000000000e+00 -1.602189200000e-19 1 5
-1.278859771437e-03 6.278250339369e-04 0.000000000000e+00 -1.958832144745e+04 1.145796706173e+04 4.235099003250e+05 0.000000000000e+00 -1.602189200000e-19 1 5
-1.245078778092e-03 2.039389365177e-04 -4.440892098501e-16 -1.886311181315e+04 4.950058746396e+03 3.631635233605e+05 0.000000000000e+00 -1.602189200000e-19 1 5
1.376064156762e-03 -2.060584828128e-04 0.000000000000e+00 2.170027401385e+04 -5.006985302313e+03 4.687437002291e+05 0.000000000000e+00 -1.602189200000e-19 1 5
-1.644779047379e-04 -1.404394099792e-03 0.000000000000e+00 -4.133549868914e+03 -2.214971070886e+04 4.103043155405e+05 0.000000000000e+00 -1.602189200000e-19 1 5
1.948774208146e-04 1.172860504010e-03 4.440892098501e-16 4.466028882997e+03 1.748068814147e+04 3.483137379144e+05 0.000000000000e+00 -1.602189200000e-19 1 5
-1.293492793291e-03 -8.244264044908e-04 0.000000000000e+00 -2.214905978363e+04 -1.103263154629e+04 4.484519759548e+05 0.000000000000e+00 -1.602189200000e-19 1 5
1.134413704633e-03 8.196545812479e-04 0.000000000000e+00 1.880015830462e+04 1.130832624591e+04 3.803135478835e+05 0.000000000000e+00 -1.602189200000e-19 1 5
6.513108928900e-04 -8.163863836689e-04 4.440892098501e-16 8.758107100445e+03 -1.225297065808e+04 3.003885026139e+05 0.000000000000e+00 -1.602189200000e-19 1 5
-7.907077977676e-04 1.172484117590e-03 0.000000000000e+00 -1.087960315359e+04 1.997560910330e+04 4.772999245716e+05 0.000000000000e+00 -1.602189200000e-19 1 5
-1.373204106999e-03 -4.219967801862e-04 0.000000000000e+00 -2.188577932224e+04 -5.337281430952e+03 3.769771745467e+05 0.000000000000e+00 -1.602189200000e-19 1 5
1.006490803832e-03 3.111548592856e-04 0.000000000000e+00 1.491392801140e+04 3.523168619462e+03 2.879462974467e+05 0.000000000000e+00 -1.602189200000e-19 1 5
4.623543183162e-04 -1.470589516468e-03 0.000000000000e+00 5.837099489075e+03 -2.396905549160e+04 4.600555979197e+05 0.000000000000e+00 -1.602189200000e-19 1 5
-3.954218647701e-04 1.332667869019e-03 0.000000000000e+00 -4.519934976977e+03 2.109504447074e+04 3.635855401283e+05 0.000000000000e+00 -1.602189200000e-19 1 5
-5.782363367638e-04 -9.656901111259e-04 0.000000000000e+00 -9.627677710859e+03 -1.351782484629e+04 3.422688189095e+05 0.000000000000e+00 -1.602189200000e-19 1 5
7.945387686907e-04 1.194498670087e-03 0.000000000000e+00 1.431217401629e+04 1.765959908750e+04 4.450654888310e+05 0.000000000000e+00 -1.602189200000e-19 1 5
1.123962785353e-03 -7.144983104629e-04 0.000000000000e+00 1.626461311356e+04 -1.262856348319e+04 3.902918235723e+05 0.000000000000e+00 -1.602189200000e-19 1 5
-8.770872650452e-04 5.005279841400e-04 -4.440892098501e-16 -1.167852245009e+04 7.840059307832e+03 3.227092114003e+05 0.000000000000e+00 -1.602189200000e-19 1 5
-1.324851770982e-03 -1.137616810338e-04 0.000000000000e+00 -2.152407149470e+04 -7.152430872024e+02 4.834599416610e+05 0.000000000000e+00 -1.602189200000e-19 1 5
1.480789209022e-03 1.280024317700e-04 0.000000000000e+00 2.354115020240e+04 4.589992654509e+02 4.347818455461e+05 0.000000000000e+00 -1.602189200000e-19 1 5
1.405262675636e-04 -1.286824696942e-03 0.000000000000e+00 1.190853000858e+03 -1.985546249354e+04 3.735466767084e+05 0.000000000000e+00 -1.602189200000e-19 1 5
-1.021455319447e-04 1.378934012425e-03 0.000000000000e+00 -1.183805175514e+02 2.200969369982e+04 4.690023659410e+05 0.000000000000e+00 -1.602189200000e-19 1 5
-1.028146924715e-03 -1.003279593289e-03 0.000000000000e+00 -1.770458681584e+04 -1.414830056285e+04 4.021694637480e+05 0.000000000000e+00 -1.602189200000e-19 1 5
8.308687750893e-04 8.821377099544e-04 4.440892098501e-16 1.364934268811e+04 1.201902681986e+04 3.460723720955e+05 0.000000000000e+00 -1.602189200000e-19 1 5
1.070045615824e-03 -1.071961114100e-03 0.000000000000e+00 1.536584371620e+04 -1.851736717985e+04 4.450214242747e+05 0.000000000000e+00 -1.602189200000e-19 1 5
-1.004319284437e-03 9.216203968126e-04 0.000000000000e+00 -1.435256826411e+04 1.539257040059e+04 3.724339332468e+05 0.000000000000e+00 -1.602189200000e-19 1 5
-1.004107311832e-03 -4.514769205189e-04 -4.440892098501e-16 -1.521005868346e+04 -4.828401024372e+03 3.321867668854e+05 0.000000000000e+00 -1.602189200000e-19 1 5
1.218876115023e-03 5.966586613965e-04 0.000000000000e+00 1.986776326592e+04 7.945307180348e+03 4.755133542026e+05 0.000000000000e+00 -1.602189200000e-19 1 5
6.824854058748e-04 -1.331530581486e-03 0.000000000000e+00 9.344196821966e+03 -2.171079352122e+04 4.232528574645e+05 0.000000000000e+00 -1.602189200000e-19 1 5
-5.878067374743e-04 1.171433726467e-03 -4.440892098501e-16 -7.413414353507e+03 1.864742152811e+04 3.686155378170e+05 0.000000000000e+00 -1.602189200000e-19 1 5
-4.582543775882e-04 -1.292535561593e-03 0.000000000000e+00 -8.654192599453e+03 -1.978180591421e+04 4.638554190031e+05 0.000000000000e+00 -1.602189200000e-19 1 5
5.136179104405e-04 1.358724447117e-03 4.440892098501e-16 9.847159841305e+03 2.080416148028e+04 4.168360247832e+05 0.000000000000e+00 -1.602189200000e-19 1 5
1.216341771619e-03 -4.329911861319e-04 0.000000000000e+00 1.795036188348e+04 -7.787462330613e+03 3.722692625748e+05 0.000000000000e+00 -1.602189200000e-19 1 5
-1.330788131359e-03 4.769270149697e-04 0.000000000000e+00 -2.025118781113e+04 8.836799637512e+03 4.458745666939e+05 0.000000000000e+00 -1.602189200000e-19 1 5
-1.363472281867e-03 2.792566446093e-04 0.000000000000e+00 -2.096416203138e+04 6.107141634036e+03 4.025620346658e+05 0.000000000000e+00 -1.602189200000e-19 1 5
1.189717801478e-03 -2.258107816188e-04 0.000000000000e+00 1.747405656041e+04 -4.572210158947e+03 3.551332065693e+05 0.000000000000e+00 -1.602189200000e-19 1 5
-2.486727037287e-04 -1.331215012791e-03 0.000000000000e+00 -5.481184376639e+03 -2.059526812440e+04 4.697270194672e+05 0.000000000000e+00 -1.602189200000e-19 1 5
2.401733142586e-04 1.486100219367e-03 0.000000000000e+00 5.204828534432e+03 2.341475915696e+04 4.306374590832e+05 0.000000000000e+00 -1.602189200000e-19 1 5
-1.079803488531e-03 -7.170835239305e-04 0.000000000000e+00 -1.722576757065e+04 -9.566236197326e+03 3.684062469931e+05 0.000000000000e+00 -1.602189200000e-19 1 5
1.268384059811e-03 7.940239748650e-04 -4.440892098501e-16 2.117080595553e+04 1.059116662567e+04 4.525536087239e+05 0.000000000000e+00 -1.602189200000e-19 1 5
8.006966369633e-04 -1.214073336565e-03 -4.440892098501e-16 1.073343849266e+04 -2.009075171817e+04 3.997438559616e+05 0.000000000000e+00 -1.602189200000e-19 1 5
-6.629901449998e-04 9.646079738221e-04 0.000000000000e+00 -8.418844564761e+03 1.492833041541e+04 3.446556876483e+05 0.000000000000e+00 -1.602189200000e-19 1 5
-1.523847631492e-03 -3.819158269607e-04 0.000000000000e+00 -2.459312942130e+04 -4.432186015352e+03 4.372742669028e+05 0.000000000000e+00 -1.602189200000e-19 1 5
1.299047048686e-03 3.405618328606e-04 0.000000000000e+00 2.007317829458e+04 4.116489373479e+03 3.706946759990e+05 0.000000000000e+00 -1.602189200000e-19 1 5
2.317067693623e-04 -9.802455832938e-04 0.000000000000e+00 2.268798690514e+03 -1.414075157132e+04 2.963424155672e+05 0.000000000000e+00 -1.602189200000e-19 1 5
-3.156614302313e-04 1.360220781484e-03 0.000000000000e+00 -3.379329077341e+03 2.199848142515e+04 4.805760817229e+05 0.000000000000e+00 -1.602189200000e-19 1 5
-8.403634993572e-04 -1.191533866390e-03 0.000000000000e+00 -1.477371022641e+04 -1.763339394324e+04 4.406674169009e+05 0.000000000000e+00 -1.602189200000e-19 1 5
7.908053079083e-04 1.115982496720e-03 0.000000000000e+00 1.360454190004e+04 1.607432525810e+04 3.994961286524e+05 0.000000000000e+00 -1.602189200000e-19 1 5
1.118118592469e-03 -7.724714853904e-04 0.000000000000e+00 1.636261365542e+04 -1.328224906983e+04 4.636041967429e+05 0.000000000000e+00 -1.602189200000e-19 1 5
-1.157477754055e-03 8.147752280950e-04 0.000000000000e+00 -1.690299791489e+04 1.407986783695e+04 4.227127287497e+05 0.000000000000e+00 -1.602189200000e-19 1 5
-1.277321767781e-03 2.504647044687e-05 0.000000000000e+00 -1.921975825450e+04 2.292631173016e+03 3.750159363783e+05 0.000000000000e+00 -1.602189200000e-19 1 5
1.395426787925e-03 1.153160209419e-05 0.000000000000e+00 2.157866338991e+04 -1.519140527420e+03 4.548020042256e+05 0.000000000000e+00 -1.602189200000e-19 1 5
3.915407410331e-05 -1.421413025462e-03 -4.440892098501e-16 -9.854176171397e+02 -2.214298597088e+04 4.165165355741e+05 0.000000000000e+00 -1.602189200000e-19 1 5
4.758452628514e-05 1.218649956538e-03 -4.440892098501e-16 2.772460436562e+03 1.807399592542e+04 3.632739538879e+05 0.000000000000e+00 -1.602189200000e-19 1 5
-1.086787301706e-03 -9.006303968575e-04 0.000000000000e+00 -1.867637410774e+04 -1.236513048755e+04 4.761392996748e+05 0.000000000000e+00 -1.602189200000e-19 1 5
1.221105632256e-03 9.997449155759e-04 0.000000000000e+00 2.108735826584e+04 1.343263360972e+04 4.310622762586e+05 0.000000000000e+00 -1.602189200000e-19 1 5
8.939039210001e-04 -9.993165395031e-04 0.000000000000e+00 1.157956632532e+04 -1.679886793473e+04 3.711773611043e+05 0.000000000000e+00 -1.602189200000e-19 1 5
-9.442816874154e-04 1.113964015600e-03 0.000000000000e+00 -1.285585152271e+04 1.907428314436e+04 4.611184576449e+05 0.000000000000e+00 -1.602189200000e-19 1 5
-1.372508528820e-03 -5.856946293173e-04 0.000000000000e+00 -2.218613346920e+04 -7.436284919913e+03 4.166053718437e+05 0.000000000000e+00 -1.602189200000e-19 1 5
1.155944059567e-03 5.180474165167e-04 0.000000000000e+00 1.771572595929e+04 6.258057308726e+03 3.620871983616e+05 0.000000000000e+00 -1.602189200000e-19 1 5
6.298551586954e-04 -1.365243052135e-03 4.440892098501e-16 8.436806358688e+03 -2.184945099160e+04 4.417671048250e+05 0.000000000000e+00 -1.602189200000e-19 1 5
-5.831321725438e-04 1.331495281274e-03 0.000000000000e+00 -7.242242831581e+03 2.148301718585e+04 3.969552667720e+05 0.000000000000e+00 -1.602189200000e-19 1 5
-4.627629363207e-04 -1.151422594852e-03 4.440892098501e-16 -8.033232887947e+03 -1.655635642507e+04 3.656699036936e+05 0.000000000000e+00 -1.602189200000e-19 1 5
5.513439062273e-04 1.227550674923e-03 0.000000000000e+00 1.002054140089e+04 1.813963185075e+04 4.657952580285e+05 0.000000000000e+00 -1.602189200000e-19 1 5
1.354503682073e-03 -6.044813741116e-04 0.000000000000e+00 2.023780699416e+04 -1.123138474136e+04 4.393678811765e+05 0.000000000000e+00 -1.602189200000e-19 1 5
-1.261465787572e-03 5.527031003040e-04 0.000000000000e+00 -1.863762965979e+04 1.025730896467e+04 3.921253592153e+05 0.000000000000e+00 -1.602189200000e-19 1 5
-1.388155082955e-03 1.114691982068e-04 0.000000000000e+00 -2.123772738318e+04 3.143878687314e+03 4.550574287976e+05 0.000000000000e+00 -1.602189200000e-19 1 5
1.470762616829e-03 -1.340285012057e-04 -4.440892098501e-16 2.260335106471e+04 -3.802112555953e+03 4.295256378875e+05 0.000000000000e+00 -1.602189200000e-19 1 5
-8.000975203539e-05 -1.302246988252e-03 0.000000000000e+00 -2.389302672752e+03 -1.945461802923e+04 3.832570436926e+05 0.000000000000e+00 -1.602189200000e-19 1 5
8.161931909765e-05 1.442576576442e-03 0.000000000000e+00 2.517774677889e+03 2.220455586511e+04 4.456417829950e+05 0.000000000000e+00 -1.602189200000e-19 1 5
-1.085954548406e-03 -8.411685459447e-04 4.440892098501e-16 -1.765265260325e+04 -1.130997128468e+04 3.900105463267e+05 0.000000000000e+00 -1.602189200000e-19 1 5
8.076673002462e-04 6.542350117340e-04 0.000000000000e+00 1.208336135145e+04 7.668941421753e+03 3.212138606413e+05 0.000000000000e+00 -1.602189200000e-19 1 5
7.894455628375e-04 -1.029582116485e-03 0.000000000000e+00 1.069980746274e+04 -1.714998850460e+04 4.828911290871e+05 0.000000000000e+00 -1.602189200000e-19 1 5
-8.862366032273e-04 1.239749565673e-03 0.000000000000e+00 -1.171129413448e+04 2.076437170293e+04 4.408316936621e+05 0.000000000000e+00 -1.602189200000e-19 1 5
-1.265398825978e-03 -4.248344848657e-04 0.000000000000e+00 -1.947271613882e+04 -5.137718018884e+03 3.795296364987e+05 0.000000000000e+00 -1.602189200000e-19 1 5
1.330494160623e-03 4.501650614665e-04 -4.440892098501e-16 2.108654453110e+04 5.435413759422e+03 4.661905480081e+05 0.000000000000e+00 -1.602189200000e-19 1 5
5.051077204958e-04 -1.403279303568e-03 0.000000000000e+00 6.451303162847e+03 -2.220422303564e+04 4.218613133479e+05 0.000000000000e+00 -1.602189200000e-19 1 5
-4.045151533171e-04 1.241533415159e-03 0.000000000000e+00 -4.362745379022e+03 1.912650884501e+04 3.692438502905e+05 0.000000000000e+00 -1.602189200000e-19 1 5
-6.495618009730e-04 -1.221870682871e-03 0.000000000000e+00 -1.129212741618e+04 -1.802511164872e+04 4.560570058803e+05 0.000000000000e+00 -1.602189200000e-19 1 5
7.289060249933e-04 1.280500522927e-03 0.000000000000e+00 1.305005471700e+04 1.888842501827e+04 4.230787408323e+05 0.000000000000e+00 -1.602189200000e-19 1 5
1.174169621649e-03 -6.458317086916e-04 0.000000000000e+00 1.674652477863e+04 -1.116773262956e+04 3.900228586411e+05 0.000000000000e+00 -1.602189200000e-19 1 5
-1.139350269240e-03 6.330038637438e-04 0.000000000000e+00 -1.658794887632e+04 1.100582592680e+04 4.701976322282e+05 0.000000000000e+00 -1.602189200000e-19 1 5
-1.428348267761e-03 -1.734607284918e-04 0.000000000000e+00 -2.213048840798e+04 -1.103070161286e+03 4.411526337958e+05 0.000000000000e+00 -1.602189200000e-19 1 5
1.370789941074e-03 1.743985858872e-04 4.440892098501e-16 2.097155308314e+04 1.380835022119e+03 4.094268001256e+05 0.000000000000e+00 -1.602189200000e-19 1 5
1.506968507594e-04 -1.341750759410e-03 0.000000000000e+00 6.555879962565e+02 -2.069477687279e+04 4.637038593161e+05 0.000000000000e+00 -1.602189200000e-19 1 5
-2.181642827232e-04 1.443222274858e-03 0.000000000000e+00 -2.279857236892e+03 2.245503910865e+04 4.334905087390e+05 0.000000000000e+00 -1.602189200000e-19 1 5
-8.324776564606e-04 -9.812074887172e-04 4.440892098501e-16 -1.346617805290e+04 -1.360363360032e+04 3.924885305562e+05 0.000000000000e+00 -1.602189200000e-19 1 5
4.741857779025e-05 -2.028636267584e-05 0.000000000000e+00 8.347712946605e+02 -5.011699392323e+02 4.052880025664e+05 0.000000000000e+00 -1.602189200000e-19 1 5
-8.483696564780e-06 -4.940924690919e-05 0.000000000000e+00 -6.677804115623e+01 -8.588974970320e+02 2.152742434073e+05 0.000000000000e+00 -1.602189200000e-19 1 5
4.302007130523e-05 1.066819546303e-04 4.440892098501e-16 9.769008163127e+02 1.880773255393e+03 4.964134727657e+05 0.000000000000e+00 -1.602189200000e-19 1 5
-8.059576907714e-05 -3.874527214251e-05 0.000000000000e+00 -1.527644734230e+03 -6.548624457975e+02 3.518556614873e+05 0.000000000000e+00 -1.602189200000e-19 1 5
4.811962965357e-05 2.736633902491e-05 0.000000000000e+00 1.533887130086e+03 6.673730230397e+02 1.223995782652e+05 0.000000000000e+00 -1.602189200000e-19 1 5
8.795663468582e-05 -1.328454543050e-04 0.000000000000e+00 1.467290166673e+03 -2.115824061118e+03 4.463791916565e+05 0.000000000000e+00 -1.602189200000e-19 1 5
-5.567310151833e-05 1.264288011124e-04 0.000000000000e+00 -1.163090800369e+03 2.418898702113e+03 2.933449105703e+05 0.000000000000e+00 -1.602189200000e-19 1 5
