  2.9064E-03  2.0784E-02  3.0170E-01  2.7847E-01  3.4721E+01  3.5736E-01  3.4697E+01
  6.1997E-03  3.3592E-02  6.6049E-01  3.2992E-01  4.1324E+01  5.7665E-01  4.1287E+01
  9.3336E-03  4.4811E-02  9.9050E-01  3.4749E-01  4.2202E+01  7.0989E-01  4.2152E+01
  1.2605E-02  5.6227E-02  1.2976E+00  3.5629E-01  4.0200E+01  8.1792E-01  4.0134E+01
  1.5793E-02  6.7248E-02  1.5368E+00  3.6113E-01  3.6131E+01  9.1405E-01  3.6042E+01
  1.8949E-02  7.8117E-02  1.6998E+00  3.6419E-01  3.0799E+01  1.0113E+00  3.0674E+01
  2.2301E-02  8.9626E-02  1.7890E+00  3.6646E-01  2.4850E+01  1.1225E+00  2.4661E+01
  2.5409E-02  1.0027E-01  1.8081E+00  3.6806E-01  2.0300E+01  1.2295E+00  2.0023E+01
  2.8735E-02  1.1162E-01  1.7917E+00  3.6953E-01  1.7466E+01  1.3332E+00  1.7089E+01
  3.1851E-02  1.2222E-01  1.7778E+00  3.7084E-01  1.6902E+01  1.4050E+00  1.6472E+01
  3.5047E-02  1.3309E-01  1.7987E+00  3.7220E-01  1.7953E+01  1.4494E+00  1.7526E+01
  3.8323E-02  1.4429E-01  1.8814E+00  3.7360E-01  1.9983E+01  1.4754E+00  1.9589E+01
  4.1606E-02  1.5549E-01  2.0382E+00  3.7491E-01  2.2258E+01  1.4955E+00  2.1897E+01
  4.4694E-02  1.6599E-01  2.2523E+00  3.7597E-01  2.4140E+01  1.5154E+00  2.3801E+01
  4.7999E-02  1.7719E-01  2.5428E+00  3.7690E-01  2.5540E+01  1.5371E+00  2.5212E+01
  5.1106E-02  1.8769E-01  2.8581E+00  3.7757E-01  2.6064E+01  1.5551E+00  2.5737E+01
  5.4428E-02  1.9889E-01  3.2188E+00  3.7811E-01  2.5614E+01  1.5705E+00  2.5275E+01
  5.7549E-02  2.0939E-01  3.5573E+00  3.7847E-01  2.4165E+01  1.5836E+00  2.3800E+01
  6.0881E-02  2.2059E-01  3.8941E+00  3.7876E-01  2.1525E+01  1.5973E+00  2.1108E+01
  6.4009E-02  2.3109E-01  4.1664E+00  3.7895E-01  1.8114E+01  1.6129E+00  1.7607E+01
  6.7138E-02  2.4159E-01  4.3817E+00  3.7908E-01  1.4217E+01  1.6324E+00  1.3549E+01
  7.0478E-02  2.5279E-01  4.5418E+00  3.7918E-01  1.0307E+01  1.6558E+00  9.3365E+00
  7.3609E-02  2.6329E-01  4.6316E+00  3.7925E-01  7.6603E+00  1.6774E+00  6.2544E+00
  7.6741E-02  2.7379E-01  4.6764E+00  3.7931E-01  6.3007E+00  1.6965E+00  4.4379E+00
  8.0082E-02  2.8499E-01  4.6927E+00  3.7937E-01  5.8904E+00  1.7141E+00  3.7791E+00
  8.3214E-02  2.9549E-01  4.6924E+00  3.7942E-01  6.0151E+00  1.7292E+00  3.9258E+00
  8.6555E-02  3.0669E-01  4.6856E+00  3.7949E-01  6.4192E+00  1.7444E+00  4.4808E+00
  8.9687E-02  3.1719E-01  4.6789E+00  3.7957E-01  6.9120E+00  1.7579E+00  5.1310E+00
  9.2819E-02  3.2769E-01  4.6742E+00  3.7964E-01  7.3659E+00  1.7721E+00  5.6982E+00
  9.6159E-02  3.3889E-01  4.6714E+00  3.7973E-01  7.7131E+00  1.7875E+00  6.1102E+00
  9.9291E-02  3.4939E-01  4.6703E+00  3.7981E-01  7.9322E+00  1.8017E+00  6.3575E+00
  1.0263E-01  3.6059E-01  4.6697E+00  3.7990E-01  8.1043E+00  1.8165E+00  6.5435E+00
  1.0576E-01  3.7109E-01  4.6695E+00  3.7999E-01  8.2393E+00  1.8302E+00  6.6849E+00
  1.0889E-01  3.8159E-01  4.6694E+00  3.8008E-01  8.3606E+00  1.8433E+00  6.8103E+00
  1.1224E-01  3.9279E-01  4.6694E+00  3.8018E-01  8.4789E+00  1.8564E+00  6.9315E+00
  1.1537E-01  4.0329E-01  4.6694E+00  3.8027E-01  8.5872E+00  1.8685E+00  7.0425E+00
  1.1850E-01  4.1379E-01  4.6694E+00  3.8036E-01  8.6946E+00  1.8803E+00  7.1524E+00
  1.2184E-01  4.2499E-01  4.6694E+00  3.8046E-01  8.8085E+00  1.8926E+00  7.2693E+00
  1.2497E-01  4.3549E-01  4.6694E+00  3.8055E-01  8.9150E+00  1.9039E+00  7.3787E+00
  1.2831E-01  4.4669E-01  4.6694E+00  3.8064E-01  9.0283E+00  1.9157E+00  7.4954E+00
  1.3144E-01  4.5719E-01  4.6694E+00  3.8073E-01  9.1324E+00  1.9262E+00  7.6028E+00
  1.3458E-01  4.6769E-01  4.6694E+00  3.8082E-01  9.2356E+00  1.9365E+00  7.7096E+00
  1.3792E-01  4.7889E-01  4.6694E+00  3.8091E-01  9.3456E+00  1.9471E+00  7.8236E+00
  1.4105E-01  4.8939E-01  4.6694E+00  3.8099E-01  9.4486E+00  1.9569E+00  7.9307E+00
  1.4418E-01  4.9989E-01  4.6694E+00  3.8108E-01  9.5516E+00  1.9664E+00  8.0379E+00
  1.4752E-01  5.1109E-01  4.6694E+00  3.8116E-01  9.6615E+00  1.9762E+00  8.1525E+00
  1.5065E-01  5.2159E-01  4.6694E+00  3.8124E-01  9.7645E+00  1.9853E+00  8.2600E+00
  1.5400E-01  5.3279E-01  4.6694E+00  3.8132E-01  9.8738E+00  1.9947E+00  8.3744E+00
  1.5713E-01  5.4329E-01  4.6694E+00  3.8140E-01  9.9764E+00  2.0032E+00  8.4818E+00
  1.6026E-01  5.5379E-01  4.6694E+00  3.8147E-01  1.0079E+01  2.0117E+00  8.5894E+00
  1.6360E-01  5.6499E-01  4.6694E+00  3.8154E-01  1.0189E+01  2.0205E+00  8.7044E+00
  1.6673E-01  5.7549E-01  4.6694E+00  3.8161E-01  1.0292E+01  2.0286E+00  8.8125E+00
  1.6987E-01  5.8599E-01  4.6694E+00  3.8168E-01  1.0395E+01  2.0366E+00  8.9207E+00
  1.7321E-01  5.9719E-01  4.6694E+00  3.8175E-01  1.0505E+01  2.0451E+00  9.0367E+00
  1.7634E-01  6.0769E-01  4.6694E+00  3.8182E-01  1.0609E+01  2.0529E+00  9.1459E+00
  1.7968E-01  6.1889E-01  4.6694E+00  3.8189E-01  1.0720E+01  2.0613E+00  9.2625E+00
  1.8281E-01  6.2939E-01  4.6694E+00  3.8195E-01  1.0825E+01  2.0690E+00  9.3720E+00
  1.8594E-01  6.3989E-01  4.6694E+00  3.8202E-01  1.0929E+01  2.0767E+00  9.4816E+00
  1.8929E-01  6.5109E-01  4.6694E+00  3.8208E-01  1.1041E+01  2.0849E+00  9.5987E+00
  1.9242E-01  6.6159E-01  4.6694E+00  3.8215E-01  1.1146E+01  2.0925E+00  9.7086E+00
  1.9555E-01  6.7209E-01  4.6694E+00  3.8221E-01  1.1253E+01  2.1002E+00  9.8199E+00
  1.9889E-01  6.8329E-01  4.6694E+00  3.8228E-01  1.1366E+01  2.1084E+00  9.9386E+00
  2.0202E-01  6.9379E-01  4.6694E+00  3.8234E-01  1.1473E+01  2.1161E+00  1.0050E+01
  2.0537E-01  7.0499E-01  4.6694E+00  3.8241E-01  1.1588E+01  2.1244E+00  1.0169E+01
  2.0850E-01  7.1549E-01  4.6694E+00  3.8247E-01  1.1695E+01  2.1321E+00  1.0281E+01
  2.1163E-01  7.2599E-01  4.6694E+00  3.8254E-01  1.1802E+01  2.1398E+00  1.0393E+01
  2.1497E-01  7.3719E-01  4.6694E+00  3.8260E-01  1.1918E+01  2.1481E+00  1.0513E+01
  2.1810E-01  7.4769E-01  4.6693E+00  3.8267E-01  1.2027E+01  2.1560E+00  1.0626E+01
  2.2124E-01  7.5819E-01  4.6693E+00  3.8274E-01  1.2137E+01  2.1639E+00  1.0740E+01
  2.2458E-01  7.6939E-01  4.6693E+00  3.8281E-01  1.2254E+01  2.1723E+00  1.0861E+01
  2.2771E-01  7.7989E-01  4.6693E+00  3.8287E-01  1.2364E+01  2.1803E+00  1.0974E+01
  2.3105E-01  7.9109E-01  4.6693E+00  3.8294E-01  1.2481E+01  2.1888E+00  1.1096E+01
  2.3418E-01  8.0159E-01  4.6693E+00  3.8301E-01  1.2592E+01  2.1968E+00  1.1210E+01
  2.3732E-01  8.1209E-01  4.6693E+00  3.8308E-01  1.2704E+01  2.2049E+00  1.1325E+01
  2.4066E-01  8.2329E-01  4.6693E+00  3.8315E-01  1.2823E+01  2.2137E+00  1.1448E+01
  2.4379E-01  8.3379E-01  4.6693E+00  3.8322E-01  1.2936E+01  2.2219E+00  1.1564E+01
  2.4692E-01  8.4429E-01  4.6693E+00  3.8329E-01  1.3049E+01  2.2302E+00  1.1679E+01
  2.5026E-01  8.5549E-01  4.6693E+00  3.8337E-01  1.3169E+01  2.2390E+00  1.1803E+01
  2.5340E-01  8.6599E-01  4.6693E+00  3.8344E-01  1.3282E+01  2.2473E+00  1.1919E+01
  2.5674E-01  8.7719E-01  4.6693E+00  3.8352E-01  1.3403E+01  2.2563E+00  1.2043E+01
  2.5987E-01  8.8769E-01  4.6693E+00  3.8359E-01  1.3518E+01  2.2648E+00  1.2161E+01
  2.6300E-01  8.9819E-01  4.6693E+00  3.8367E-01  1.3634E+01  2.2734E+00  1.2279E+01
  2.6634E-01  9.0939E-01  4.6693E+00  3.8374E-01  1.3757E+01  2.2826E+00  1.2404E+01
  2.6948E-01  9.1989E-01  4.6693E+00  3.8382E-01  1.3872E+01  2.2912E+00  1.2522E+01
  2.7261E-01  9.3039E-01  4.6693E+00  3.8390E-01  1.3988E+01  2.2998E+00  1.2640E+01
  2.7595E-01  9.4159E-01  4.6693E+00  3.8398E-01  1.4112E+01  2.3091E+00  1.2766E+01
  2.7908E-01  9.5209E-01  4.6692E+00  3.8405E-01  1.4229E+01  2.3179E+00  1.2886E+01
  2.8242E-01  9.6329E-01  4.6692E+00  3.8414E-01  1.4355E+01  2.3275E+00  1.3014E+01
  2.8556E-01  9.7379E-01  4.6692E+00  3.8422E-01  1.4473E+01  2.3364E+00  1.3133E+01
  2.8869E-01  9.8429E-01  4.6692E+00  3.8430E-01  1.4591E+01  2.3454E+00  1.3254E+01
  2.9203E-01  9.9549E-01  4.6692E+00  3.8438E-01  1.4718E+01  2.3550E+00  1.3382E+01
  2.9516E-01  1.0060E+00  4.6692E+00  3.8446E-01  1.4836E+01  2.3641E+00  1.3502E+01
  2.9830E-01  1.0165E+00  4.6692E+00  3.8454E-01  1.4955E+01  2.3732E+00  1.3622E+01
  3.0164E-01  1.0277E+00  4.6692E+00  3.8463E-01  1.5084E+01  2.3831E+00  1.3753E+01
  3.0477E-01  1.0382E+00  4.6692E+00  3.8471E-01  1.5205E+01  2.3924E+00  1.3875E+01
  3.0811E-01  1.0494E+00  4.6692E+00  3.8480E-01  1.5334E+01  2.4024E+00  1.4005E+01
  3.1124E-01  1.0599E+00  4.6692E+00  3.8489E-01  1.5455E+01  2.4118E+00  1.4128E+01
  3.1438E-01  1.0704E+00  4.6692E+00  3.8497E-01  1.5576E+01  2.4212E+00  1.4250E+01
  3.1772E-01  1.0816E+00  4.6692E+00  3.8507E-01  1.5706E+01  2.4313E+00  1.4380E+01
  3.2085E-01  1.0921E+00  4.6692E+00  3.8515E-01  1.5828E+01  2.4409E+00  1.4504E+01
  3.2419E-01  1.1033E+00  4.6692E+00  3.8525E-01  1.5960E+01  2.4513E+00  1.4637E+01
  3.2732E-01  1.1138E+00  4.6692E+00  3.8533E-01  1.6084E+01  2.4610E+00  1.4761E+01
  3.3046E-01  1.1243E+00  4.6692E+00  3.8542E-01  1.6207E+01  2.4708E+00  1.4886E+01
  3.3380E-01  1.1355E+00  4.6692E+00  3.8552E-01  1.6340E+01  2.4813E+00  1.5019E+01
  3.3693E-01  1.1460E+00  4.6691E+00  3.8561E-01  1.6464E+01  2.4911E+00  1.5143E+01
  3.4006E-01  1.1565E+00  4.6691E+00  3.8570E-01  1.6588E+01  2.5009E+00  1.5268E+01
  3.4340E-01  1.1677E+00  4.6691E+00  3.8580E-01  1.6723E+01  2.5118E+00  1.5403E+01
  3.4653E-01  1.1782E+00  4.6691E+00  3.8589E-01  1.6849E+01  2.5219E+00  1.5530E+01
  3.4988E-01  1.1894E+00  4.6691E+00  3.8599E-01  1.6984E+01  2.5328E+00  1.5665E+01
  3.5301E-01  1.1999E+00  4.6691E+00  3.8609E-01  1.7110E+01  2.5430E+00  1.5792E+01
  3.5614E-01  1.2104E+00  4.6691E+00  3.8618E-01  1.7237E+01  2.5533E+00  1.5919E+01
  3.5948E-01  1.2216E+00  4.6691E+00  3.8628E-01  1.7372E+01  2.5642E+00  1.6054E+01
  3.6261E-01  1.2321E+00  4.6691E+00  3.8638E-01  1.7500E+01  2.5747E+00  1.6182E+01
  3.6575E-01  1.2426E+00  4.6691E+00  3.8648E-01  1.7629E+01  2.5853E+00  1.6311E+01
  3.6909E-01  1.2538E+00  4.6691E+00  3.8658E-01  1.7767E+01  2.5966E+00  1.6449E+01
  3.7222E-01  1.2643E+00  4.6691E+00  3.8668E-01  1.7897E+01  2.6073E+00  1.6578E+01
  3.7556E-01  1.2755E+00  4.6691E+00  3.8679E-01  1.8035E+01  2.6187E+00  1.6716E+01
  3.7869E-01  1.2860E+00  4.6691E+00  3.8689E-01  1.8164E+01  2.6294E+00  1.6845E+01
  3.8183E-01  1.2965E+00  4.6691E+00  3.8699E-01  1.8294E+01  2.6401E+00  1.6974E+01
  3.8517E-01  1.3077E+00  4.6691E+00  3.8710E-01  1.8434E+01  2.6519E+00  1.7114E+01
  3.8830E-01  1.3182E+00  4.6691E+00  3.8720E-01  1.8566E+01  2.6629E+00  1.7245E+01
  3.9143E-01  1.3287E+00  4.6690E+00  3.8731E-01  1.8698E+01  2.6740E+00  1.7377E+01
  3.9477E-01  1.3399E+00  4.6690E+00  3.8742E-01  1.8839E+01  2.6859E+00  1.7517E+01
  3.9791E-01  1.3504E+00  4.6690E+00  3.8752E-01  1.8971E+01  2.6970E+00  1.7648E+01
  4.0125E-01  1.3616E+00  4.6690E+00  3.8764E-01  1.9112E+01  2.7089E+00  1.7788E+01
  4.0438E-01  1.3721E+00  4.6690E+00  3.8775E-01  1.9245E+01  2.7202E+00  1.7921E+01
  4.0751E-01  1.3826E+00  4.6690E+00  3.8785E-01  1.9380E+01  2.7317E+00  1.8054E+01
  4.1085E-01  1.3938E+00  4.6690E+00  3.8797E-01  1.9523E+01  2.7440E+00  1.8197E+01
  4.1399E-01  1.4043E+00  4.6690E+00  3.8808E-01  1.9658E+01  2.7556E+00  1.8331E+01
  4.1712E-01  1.4148E+00  4.6690E+00  3.8819E-01  1.9793E+01  2.7672E+00  1.8465E+01
  4.2046E-01  1.4260E+00  4.6690E+00  3.8831E-01  1.9937E+01  2.7796E+00  1.8607E+01
  4.2359E-01  1.4365E+00  4.6690E+00  3.8842E-01  2.0072E+01  2.7913E+00  1.8741E+01
  4.2693E-01  1.4477E+00  4.6690E+00  3.8854E-01  2.0218E+01  2.8040E+00  1.8886E+01
  4.3007E-01  1.4582E+00  4.6690E+00  3.8865E-01  2.0355E+01  2.8159E+00  1.9022E+01
  4.3320E-01  1.4687E+00  4.6690E+00  3.8877E-01  2.0492E+01  2.8280E+00  1.9158E+01
  4.3654E-01  1.4799E+00  4.6690E+00  3.8889E-01  2.0639E+01  2.8408E+00  1.9303E+01
  4.3967E-01  1.4904E+00  4.6690E+00  3.8901E-01  2.0777E+01  2.8529E+00  1.9439E+01
  4.4281E-01  1.5009E+00  4.6689E+00  3.8912E-01  2.0914E+01  2.8650E+00  1.9575E+01
  4.4615E-01  1.5121E+00  4.6689E+00  3.8925E-01  2.1062E+01  2.8780E+00  1.9721E+01
  4.4928E-01  1.5226E+00  4.6689E+00  3.8937E-01  2.1202E+01  2.8904E+00  1.9860E+01
  4.5262E-01  1.5338E+00  4.6689E+00  3.8950E-01  2.1351E+01  2.9037E+00  2.0007E+01
  4.5575E-01  1.5443E+00  4.6689E+00  3.8962E-01  2.1491E+01  2.9163E+00  2.0146E+01
  4.5889E-01  1.5548E+00  4.6689E+00  3.8974E-01  2.1632E+01  2.9288E+00  2.0284E+01
  4.6223E-01  1.5660E+00  4.6689E+00  3.8987E-01  2.1781E+01  2.9422E+00  2.0432E+01
  4.6536E-01  1.5765E+00  4.6689E+00  3.8999E-01  2.1921E+01  2.9548E+00  2.0570E+01
  4.6849E-01  1.5870E+00  4.6689E+00  3.9011E-01  2.2063E+01  2.9676E+00  2.0710E+01
  4.7183E-01  1.5982E+00  4.6689E+00  3.9025E-01  2.2216E+01  2.9815E+00  2.0861E+01
  4.7497E-01  1.6087E+00  4.6689E+00  3.9037E-01  2.2359E+01  2.9944E+00  2.1002E+01
  4.7831E-01  1.6199E+00  4.6689E+00  3.9051E-01  2.2511E+01  3.0083E+00  2.1152E+01
  4.8144E-01  1.6304E+00  4.6689E+00  3.9063E-01  2.2654E+01  3.0214E+00  2.1293E+01
  4.8457E-01  1.6409E+00  4.6689E+00  3.9076E-01  2.2797E+01  3.0345E+00  2.1434E+01
  4.8791E-01  1.6521E+00  4.6689E+00  3.9090E-01  2.2950E+01  3.0484E+00  2.1584E+01
  4.9105E-01  1.6626E+00  4.6689E+00  3.9103E-01  2.3095E+01  3.0619E+00  2.1727E+01
  4.9418E-01  1.6731E+00  4.6688E+00  3.9116E-01  2.3241E+01  3.0754E+00  2.1871E+01
  4.9752E-01  1.6843E+00  4.6688E+00  3.9130E-01  2.3396E+01  3.0897E+00  2.2023E+01
  5.0065E-01  1.6948E+00  4.6688E+00  3.9143E-01  2.3542E+01  3.1033E+00  2.2167E+01
  5.0399E-01  1.7060E+00  4.6688E+00  3.9157E-01  2.3697E+01  3.1177E+00  2.2319E+01
  5.0713E-01  1.7165E+00  4.6688E+00  3.9171E-01  2.3843E+01  3.1313E+00  2.2463E+01
  5.1026E-01  1.7270E+00  4.6688E+00  3.9184E-01  2.3990E+01  3.1450E+00  2.2607E+01
  5.1360E-01  1.7382E+00  4.6688E+00  3.9199E-01  2.4148E+01  3.1599E+00  2.2762E+01
  5.1673E-01  1.7487E+00  4.6688E+00  3.9212E-01  2.4296E+01  3.1739E+00  2.2908E+01
  5.1986E-01  1.7592E+00  4.6688E+00  3.9226E-01  2.4444E+01  3.1879E+00  2.3054E+01
  5.2321E-01  1.7704E+00  4.6688E+00  3.9241E-01  2.4603E+01  3.2029E+00  2.3209E+01
  5.2634E-01  1.7809E+00  4.6688E+00  3.9255E-01  2.4751E+01  3.2170E+00  2.3355E+01
  5.2968E-01  1.7921E+00  4.6688E+00  3.9270E-01  2.4909E+01  3.2320E+00  2.3510E+01
  5.3281E-01  1.8026E+00  4.6688E+00  3.9284E-01  2.5060E+01  3.2465E+00  2.3658E+01
  5.3594E-01  1.8131E+00  4.6688E+00  3.9298E-01  2.5211E+01  3.2610E+00  2.3806E+01
  5.3929E-01  1.8243E+00  4.6688E+00  3.9313E-01  2.5372E+01  3.2765E+00  2.3964E+01
  5.4242E-01  1.8348E+00  4.6688E+00  3.9328E-01  2.5523E+01  3.2910E+00  2.4112E+01
  5.4555E-01  1.8453E+00  4.6687E+00  3.9342E-01  2.5674E+01  3.3056E+00  2.4260E+01
  5.4889E-01  1.8565E+00  4.6687E+00  3.9358E-01  2.5835E+01  3.3212E+00  2.4418E+01
  5.5202E-01  1.8670E+00  4.6687E+00  3.9372E-01  2.5987E+01  3.3359E+00  2.4567E+01
  5.5537E-01  1.8782E+00  4.6687E+00  3.9388E-01  2.6151E+01  3.3519E+00  2.4727E+01
  5.5850E-01  1.8887E+00  4.6687E+00  3.9403E-01  2.6305E+01  3.3670E+00  2.4878E+01
  5.6163E-01  1.8992E+00  4.6687E+00  3.9418E-01  2.6458E+01  3.3820E+00  2.5028E+01
  5.6497E-01  1.9104E+00  4.6687E+00  3.9434E-01  2.6622E+01  3.3981E+00  2.5189E+01
  5.6810E-01  1.9209E+00  4.6687E+00  3.9449E-01  2.6776E+01  3.4133E+00  2.5339E+01
  5.7124E-01  1.9314E+00  4.6687E+00  3.9464E-01  2.6929E+01  3.4284E+00  2.5490E+01
  5.7458E-01  1.9426E+00  4.6687E+00  3.9480E-01  2.7095E+01  3.4449E+00  2.5652E+01
  5.7771E-01  1.9531E+00  4.6687E+00  3.9496E-01  2.7252E+01  3.4604E+00  2.5805E+01
  5.8105E-01  1.9643E+00  4.6687E+00  3.9512E-01  2.7419E+01  3.4770E+00  2.5968E+01
  5.8418E-01  1.9748E+00  4.6687E+00  3.9528E-01  2.7575E+01  3.4926E+00  2.6121E+01
  5.8732E-01  1.9853E+00  4.6687E+00  3.9543E-01  2.7731E+01  3.5082E+00  2.6274E+01
  5.9066E-01  1.9965E+00  4.6687E+00  3.9560E-01  2.7898E+01  3.5249E+00  2.6437E+01
  5.9379E-01  2.0070E+00  4.6687E+00  3.9576E-01  2.8055E+01  3.5406E+00  2.6590E+01
  5.9692E-01  2.0175E+00  4.6686E+00  3.9592E-01  2.8214E+01  3.5567E+00  2.6745E+01
  6.0026E-01  2.0287E+00  4.6686E+00  3.9609E-01  2.8384E+01  3.5738E+00  2.6911E+01
  6.0340E-01  2.0392E+00  4.6686E+00  3.9625E-01  2.8543E+01  3.5899E+00  2.7067E+01
  6.0674E-01  2.0504E+00  4.6686E+00  3.9643E-01  2.8712E+01  3.6071E+00  2.7232E+01
  6.0987E-01  2.0609E+00  4.6686E+00  3.9659E-01  2.8871E+01  3.6233E+00  2.7387E+01
  6.1300E-01  2.0714E+00  4.6686E+00  3.9675E-01  2.9030E+01  3.6395E+00  2.7543E+01
  6.1634E-01  2.0826E+00  4.6686E+00  3.9693E-01  2.9201E+01  3.6570E+00  2.7710E+01
  6.1948E-01  2.0931E+00  4.6686E+00  3.9710E-01  2.9363E+01  3.6736E+00  2.7868E+01
  6.2261E-01  2.1036E+00  4.6686E+00  3.9726E-01  2.9525E+01  3.6902E+00  2.8026E+01
  6.2595E-01  2.1148E+00  4.6686E+00  3.9744E-01  2.9697E+01  3.7080E+00  2.8194E+01
  6.2908E-01  2.1253E+00  4.6686E+00  3.9761E-01  2.9859E+01  3.7246E+00  2.8351E+01
  6.3242E-01  2.1365E+00  4.6686E+00  3.9779E-01  3.0031E+01  3.7424E+00  2.8519E+01
  6.3556E-01  2.1470E+00  4.6686E+00  3.9796E-01  3.0193E+01  3.7592E+00  2.8677E+01
  6.3869E-01  2.1575E+00  4.6686E+00  3.9813E-01  3.0357E+01  3.7763E+00  2.8837E+01
  6.4203E-01  2.1687E+00  4.6686E+00  3.9832E-01  3.0532E+01  3.7947E+00  2.9008E+01
  6.4516E-01  2.1792E+00  4.6685E+00  3.9849E-01  3.0697E+01  3.8118E+00  2.9168E+01
  6.4830E-01  2.1897E+00  4.6685E+00  3.9867E-01  3.0861E+01  3.8291E+00  2.9328E+01
  6.5164E-01  2.2009E+00  4.6685E+00  3.9885E-01  3.1036E+01  3.8475E+00  2.9499E+01
  6.5477E-01  2.2114E+00  4.6685E+00  3.9903E-01  3.1200E+01  3.8648E+00  2.9658E+01
  6.5811E-01  2.2226E+00  4.6685E+00  3.9922E-01  3.1376E+01  3.8834E+00  2.9830E+01
  6.6124E-01  2.2331E+00  4.6685E+00  3.9940E-01  3.1543E+01  3.9011E+00  2.9993E+01
  6.6438E-01  2.2436E+00  4.6685E+00  3.9958E-01  3.1710E+01  3.9188E+00  3.0155E+01
  6.6772E-01  2.2548E+00  4.6685E+00  3.9977E-01  3.1888E+01  3.9378E+00  3.0328E+01
  6.7085E-01  2.2653E+00  4.6685E+00  3.9995E-01  3.2054E+01  3.9555E+00  3.0490E+01
  6.7398E-01  2.2758E+00  4.6685E+00  4.0014E-01  3.2221E+01  3.9734E+00  3.0653E+01
  6.7732E-01  2.2870E+00  4.6685E+00  4.0033E-01  3.2398E+01  3.9924E+00  3.0825E+01
  6.8046E-01  2.2975E+00  4.6685E+00  4.0052E-01  3.2568E+01  4.0105E+00  3.0990E+01
  6.8380E-01  2.3087E+00  4.6685E+00  4.0071E-01  3.2748E+01  4.0299E+00  3.1166E+01
  6.8693E-01  2.3192E+00  4.6685E+00  4.0090E-01  3.2917E+01  4.0482E+00  3.1330E+01
  6.9006E-01  2.3297E+00  4.6685E+00  4.0109E-01  3.3086E+01  4.0664E+00  3.1495E+01
  6.9340E-01  2.3409E+00  4.6685E+00  4.0129E-01  3.3267E+01  4.0859E+00  3.1670E+01
  6.9654E-01  2.3514E+00  4.6684E+00  4.0148E-01  3.3436E+01  4.1042E+00  3.1835E+01
  6.9967E-01  2.3619E+00  4.6684E+00  4.0167E-01  3.3605E+01  4.1226E+00  3.2000E+01
  7.0301E-01  2.3731E+00  4.6684E+00  4.0187E-01  3.3789E+01  4.1426E+00  3.2178E+01
  7.0614E-01  2.3836E+00  4.6684E+00  4.0207E-01  3.3960E+01  4.1613E+00  3.2345E+01
  7.0948E-01  2.3948E+00  4.6684E+00  4.0227E-01  3.4143E+01  4.1813E+00  3.2522E+01
  7.1261E-01  2.4053E+00  4.6684E+00  4.0247E-01  3.4314E+01  4.2001E+00  3.2689E+01
  7.1575E-01  2.4158E+00  4.6684E+00  4.0266E-01  3.4486E+01  4.2189E+00  3.2855E+01
  7.1909E-01  2.4270E+00  4.6684E+00  4.0287E-01  3.4668E+01  4.2390E+00  3.3033E+01
  7.2222E-01  2.4375E+00  4.6684E+00  4.0307E-01  3.4842E+01  4.2581E+00  3.3202E+01
  7.2535E-01  2.4480E+00  4.6684E+00  4.0327E-01  3.5016E+01  4.2772E+00  3.3370E+01
  7.2869E-01  2.4592E+00  4.6684E+00  4.0348E-01  3.5201E+01  4.2977E+00  3.3551E+01
  7.3183E-01  2.4697E+00  4.6684E+00  4.0368E-01  3.5375E+01  4.3169E+00  3.3719E+01
  7.3517E-01  2.4809E+00  4.6684E+00  4.0390E-01  3.5560E+01  4.3375E+00  3.3899E+01
  7.3830E-01  2.4914E+00  4.6684E+00  4.0410E-01  3.5733E+01  4.3567E+00  3.4068E+01
  7.4143E-01  2.5019E+00  4.6684E+00  4.0431E-01  3.5907E+01  4.3761E+00  3.4237E+01
  7.4477E-01  2.5131E+00  4.6684E+00  4.0452E-01  3.6095E+01  4.3970E+00  3.4420E+01
  7.4791E-01  2.5236E+00  4.6683E+00  4.0473E-01  3.6271E+01  4.4167E+00  3.4591E+01
  7.5104E-01  2.5341E+00  4.6683E+00  4.0494E-01  3.6447E+01  4.4364E+00  3.4761E+01
  7.5438E-01  2.5453E+00  4.6683E+00  4.0516E-01  3.6635E+01  4.4574E+00  3.4944E+01
  7.5751E-01  2.5558E+00  4.6683E+00  4.0537E-01  3.6810E+01  4.4772E+00  3.5114E+01
  7.6085E-01  2.5670E+00  4.6683E+00  4.0559E-01  3.6998E+01  4.4983E+00  3.5296E+01
  7.6399E-01  2.5775E+00  4.6683E+00  4.0580E-01  3.7175E+01  4.5182E+00  3.5469E+01
  7.6712E-01  2.5880E+00  4.6683E+00  4.0602E-01  3.7353E+01  4.5382E+00  3.5642E+01
  7.7046E-01  2.5992E+00  4.6683E+00  4.0624E-01  3.7543E+01  4.5596E+00  3.5826E+01
  7.7359E-01  2.6097E+00  4.6683E+00  4.0646E-01  3.7721E+01  4.5796E+00  3.5999E+01
  7.7673E-01  2.6202E+00  4.6683E+00  4.0667E-01  3.7899E+01  4.5997E+00  3.6172E+01
  7.8007E-01  2.6314E+00  4.6683E+00  4.0690E-01  3.8089E+01  4.6211E+00  3.6356E+01
  7.8320E-01  2.6419E+00  4.6683E+00  4.0712E-01  3.8267E+01  4.6413E+00  3.6529E+01
  7.8654E-01  2.6531E+00  4.6683E+00  4.0735E-01  3.8459E+01  4.6630E+00  3.6716E+01
  7.8967E-01  2.6636E+00  4.6683E+00  4.0757E-01  3.8639E+01  4.6834E+00  3.6891E+01
  7.9281E-01  2.6741E+00  4.6683E+00  4.0779E-01  3.8819E+01  4.7038E+00  3.7066E+01
  7.9615E-01  2.6853E+00  4.6683E+00  4.0803E-01  3.9011E+01  4.7256E+00  3.7252E+01
  7.9928E-01  2.6958E+00  4.6682E+00  4.0825E-01  3.9190E+01  4.7460E+00  3.7426E+01
  8.0241E-01  2.7063E+00  4.6682E+00  4.0848E-01  3.9370E+01  4.7665E+00  3.7601E+01
  8.0575E-01  2.7175E+00  4.6682E+00  4.0872E-01  3.9563E+01  4.7885E+00  3.7788E+01
  8.0889E-01  2.7280E+00  4.6682E+00  4.0894E-01  3.9745E+01  4.8092E+00  3.7965E+01
  8.1223E-01  2.7392E+00  4.6682E+00  4.0919E-01  3.9939E+01  4.8313E+00  3.8153E+01
  8.1536E-01  2.7497E+00  4.6682E+00  4.0941E-01  4.0120E+01  4.8521E+00  3.8330E+01
  8.1849E-01  2.7602E+00  4.6682E+00  4.0964E-01  4.0302E+01  4.8729E+00  3.8506E+01
  8.2183E-01  2.7714E+00  4.6682E+00  4.0989E-01  4.0495E+01  4.8951E+00  3.8694E+01
  8.2497E-01  2.7819E+00  4.6682E+00  4.1012E-01  4.0677E+01  4.9160E+00  3.8870E+01
  8.2810E-01  2.7924E+00  4.6682E+00  4.1035E-01  4.0860E+01  4.9370E+00  3.9049E+01
  8.3144E-01  2.8036E+00  4.6682E+00  4.1060E-01  4.1056E+01  4.9594E+00  3.9239E+01
  8.3457E-01  2.8141E+00  4.6682E+00  4.1084E-01  4.1239E+01  4.9805E+00  3.9417E+01
  8.3791E-01  2.8253E+00  4.6682E+00  4.1109E-01  4.1435E+01  5.0031E+00  3.9607E+01
  8.4105E-01  2.8358E+00  4.6682E+00  4.1132E-01  4.1618E+01  5.0242E+00  3.9785E+01
  8.4418E-01  2.8463E+00  4.6682E+00  4.1156E-01  4.1801E+01  5.0453E+00  3.9963E+01
  8.4752E-01  2.8575E+00  4.6682E+00  4.1182E-01  4.1997E+01  5.0680E+00  4.0154E+01
  8.5065E-01  2.8680E+00  4.6682E+00  4.1206E-01  4.2182E+01  5.0894E+00  4.0334E+01
  8.5399E-01  2.8792E+00  4.6682E+00  4.1232E-01  4.2380E+01  5.1122E+00  4.0526E+01
  8.5713E-01  2.8897E+00  4.6681E+00  4.1256E-01  4.2565E+01  5.1336E+00  4.0705E+01
  8.6026E-01  2.9002E+00  4.6681E+00  4.1280E-01  4.2750E+01  5.1551E+00  4.0885E+01
  8.6360E-01  2.9114E+00  4.6681E+00  4.1306E-01  4.2947E+01  5.1780E+00  4.1076E+01
  8.6673E-01  2.9219E+00  4.6681E+00  4.1331E-01  4.3131E+01  5.1995E+00  4.1256E+01
  8.6986E-01  2.9324E+00  4.6681E+00  4.1355E-01  4.3317E+01  5.2211E+00  4.1437E+01
  8.7321E-01  2.9436E+00  4.6681E+00  4.1382E-01  4.3516E+01  5.2441E+00  4.1630E+01
  8.7634E-01  2.9541E+00  4.6681E+00  4.1407E-01  4.3703E+01  5.2657E+00  4.1811E+01
  8.7968E-01  2.9653E+00  4.6681E+00  4.1433E-01  4.3901E+01  5.2888E+00  4.2005E+01
  8.8281E-01  2.9758E+00  4.6681E+00  4.1458E-01  4.4087E+01  5.3105E+00  4.2186E+01
  8.8594E-01  2.9863E+00  4.6681E+00  4.1484E-01  4.4273E+01  5.3322E+00  4.2366E+01
  8.8929E-01  2.9975E+00  4.6681E+00  4.1511E-01  4.4472E+01  5.3553E+00  4.2560E+01
  8.9242E-01  3.0080E+00  4.6681E+00  4.1536E-01  4.4660E+01  5.3769E+00  4.2742E+01
  8.9555E-01  3.0185E+00  4.6681E+00  4.1562E-01  4.4847E+01  5.3986E+00  4.2925E+01
  8.9889E-01  3.0297E+00  4.6681E+00  4.1589E-01  4.5047E+01  5.4218E+00  4.3119E+01
  9.0202E-01  3.0402E+00  4.6681E+00  4.1615E-01  4.5234E+01  5.4435E+00  4.3302E+01
  9.0537E-01  3.0514E+00  4.6681E+00  4.1642E-01  4.5434E+01  5.4666E+00  4.3496E+01
  9.0850E-01  3.0619E+00  4.6681E+00  4.1668E-01  4.5620E+01  5.4884E+00  4.3678E+01
  9.1163E-01  3.0724E+00  4.6681E+00  4.1695E-01  4.5808E+01  5.5102E+00  4.3861E+01
  9.1497E-01  3.0836E+00  4.6681E+00  4.1723E-01  4.6009E+01  5.5334E+00  4.4057E+01
  9.1810E-01  3.0941E+00  4.6681E+00  4.1749E-01  4.6198E+01  5.5552E+00  4.4240E+01
  9.2124E-01  3.1046E+00  4.6680E+00  4.1775E-01  4.6386E+01  5.5770E+00  4.4423E+01
  9.2458E-01  3.1158E+00  4.6680E+00  4.1804E-01  4.6586E+01  5.6003E+00  4.4619E+01
  9.2771E-01  3.1263E+00  4.6680E+00  4.1830E-01  4.6774E+01  5.6222E+00  4.4802E+01
  9.3105E-01  3.1375E+00  4.6680E+00  4.1859E-01  4.6975E+01  5.6455E+00  4.4997E+01
  9.3418E-01  3.1480E+00  4.6680E+00  4.1886E-01  4.7164E+01  5.6672E+00  4.5182E+01
  9.3732E-01  3.1585E+00  4.6680E+00  4.1913E-01  4.7353E+01  5.6890E+00  4.5366E+01
  9.4066E-01  3.1697E+00  4.6680E+00  4.1942E-01  4.7554E+01  5.7122E+00  4.5562E+01
  9.4379E-01  3.1802E+00  4.6680E+00  4.1969E-01  4.7743E+01  5.7341E+00  4.5747E+01
  9.4692E-01  3.1907E+00  4.6680E+00  4.1996E-01  4.7932E+01  5.7559E+00  4.5930E+01
  9.5026E-01  3.2019E+00  4.6680E+00  4.2026E-01  4.8133E+01  5.7792E+00  4.6126E+01
  9.5340E-01  3.2124E+00  4.6680E+00  4.2053E-01  4.8322E+01  5.8009E+00  4.6311E+01
  9.5674E-01  3.2236E+00  4.6680E+00  4.2083E-01  4.8524E+01  5.8239E+00  4.6509E+01
  9.5987E-01  3.2341E+00  4.6680E+00  4.2110E-01  4.8713E+01  5.8455E+00  4.6694E+01
  9.6300E-01  3.2446E+00  4.6680E+00  4.2138E-01  4.8903E+01  5.8672E+00  4.6879E+01
  9.6634E-01  3.2558E+00  4.6680E+00  4.2168E-01  4.9104E+01  5.8903E+00  4.7076E+01
  9.6948E-01  3.2663E+00  4.6680E+00  4.2196E-01  4.9293E+01  5.9119E+00  4.7260E+01
  9.7261E-01  3.2768E+00  4.6680E+00  4.2225E-01  4.9482E+01  5.9336E+00  4.7445E+01
  9.7595E-01  3.2880E+00  4.6680E+00  4.2255E-01  4.9684E+01  5.9564E+00  4.7643E+01
  9.7908E-01  3.2985E+00  4.6680E+00  4.2283E-01  4.9874E+01  5.9778E+00  4.7828E+01
  9.8075E-01  3.3041E+00  4.6680E+00  4.2299E-01  4.9975E+01  5.9892E+00  4.7927E+01
  9.8242E-01  3.3097E+00  4.6680E+00  4.2314E-01  5.0076E+01  6.0006E+00  4.8026E+01
  9.8556E-01  3.3202E+00  4.6680E+00  4.2342E-01  5.0265E+01  6.0221E+00  4.8211E+01
  9.8869E-01  3.3307E+00  4.6680E+00  4.2371E-01  5.0455E+01  6.0435E+00  4.8396E+01
  9.9203E-01  3.3419E+00  4.6680E+00  4.2402E-01  5.0656E+01  6.0664E+00  4.8594E+01
  9.9516E-01  3.3524E+00  4.6680E+00  4.2431E-01  5.0845E+01  6.0877E+00  4.8779E+01
  9.9830E-01  3.3629E+00  4.6680E+00  4.2460E-01  5.1035E+01  6.1088E+00  4.8965E+01
  1.0016E+00  3.3741E+00  4.6679E+00  4.2492E-01  5.1237E+01  6.1313E+00  4.9163E+01
  1.0048E+00  3.3846E+00  4.6679E+00  4.2521E-01  5.1426E+01  6.1524E+00  4.9349E+01
  1.0081E+00  3.3958E+00  4.6679E+00  4.2552E-01  5.1628E+01  6.1750E+00  4.9547E+01
  1.0112E+00  3.4063E+00  4.6679E+00  4.2582E-01  5.1817E+01  6.1961E+00  4.9732E+01
  1.0144E+00  3.4168E+00  4.6679E+00  4.2612E-01  5.2005E+01  6.2173E+00  4.9917E+01
  1.0177E+00  3.4280E+00  4.6679E+00  4.2644E-01  5.2207E+01  6.2395E+00  5.0115E+01
  1.0208E+00  3.4385E+00  4.6679E+00  4.2673E-01  5.2396E+01  6.2601E+00  5.0301E+01
  1.0240E+00  3.4490E+00  4.6679E+00  4.2704E-01  5.2585E+01  6.2808E+00  5.0487E+01
  1.0273E+00  3.4602E+00  4.6679E+00  4.2736E-01  5.2787E+01  6.3029E+00  5.0685E+01
  1.0305E+00  3.4707E+00  4.6679E+00  4.2766E-01  5.2975E+01  6.3236E+00  5.0870E+01
  1.0338E+00  3.4819E+00  4.6679E+00  4.2798E-01  5.3176E+01  6.3457E+00  5.1067E+01
  1.0369E+00  3.4924E+00  4.6679E+00  4.2829E-01  5.3365E+01  6.3663E+00  5.1252E+01
  1.0401E+00  3.5029E+00  4.6679E+00  4.2860E-01  5.3553E+01  6.3865E+00  5.1438E+01
  1.0434E+00  3.5141E+00  4.6679E+00  4.2892E-01  5.3754E+01  6.4080E+00  5.1636E+01
  1.0465E+00  3.5246E+00  4.6679E+00  4.2923E-01  5.3942E+01  6.4281E+00  5.1822E+01
  1.0497E+00  3.5351E+00  4.6679E+00  4.2954E-01  5.4130E+01  6.4483E+00  5.2007E+01
  1.0530E+00  3.5463E+00  4.6679E+00  4.2987E-01  5.4331E+01  6.4699E+00  5.2205E+01
  1.0561E+00  3.5568E+00  4.6679E+00  4.3019E-01  5.4518E+01  6.4901E+00  5.2389E+01
  1.0595E+00  3.5680E+00  4.6679E+00  4.3052E-01  5.4719E+01  6.5112E+00  5.2587E+01
  1.0626E+00  3.5785E+00  4.6679E+00  4.3083E-01  5.4906E+01  6.5307E+00  5.2773E+01
  1.0657E+00  3.5890E+00  4.6679E+00  4.3115E-01  5.5094E+01  6.5503E+00  5.2958E+01
  1.0691E+00  3.6002E+00  4.6679E+00  4.3149E-01  5.5294E+01  6.5712E+00  5.3155E+01
  1.0722E+00  3.6107E+00  4.6679E+00  4.3180E-01  5.5481E+01  6.5908E+00  5.3340E+01
  1.0754E+00  3.6212E+00  4.6679E+00  4.3212E-01  5.5668E+01  6.6105E+00  5.3525E+01
  1.0787E+00  3.6324E+00  4.6679E+00  4.3246E-01  5.5867E+01  6.6313E+00  5.3722E+01
  1.0818E+00  3.6429E+00  4.6679E+00  4.3279E-01  5.6054E+01  6.6502E+00  5.3907E+01
  1.0852E+00  3.6541E+00  4.6679E+00  4.3313E-01  5.6253E+01  6.6704E+00  5.4104E+01
  1.0883E+00  3.6646E+00  4.6679E+00  4.3345E-01  5.6440E+01  6.6893E+00  5.4289E+01
  1.0914E+00  3.6751E+00  4.6679E+00  4.3378E-01  5.6626E+01  6.7083E+00  5.4473E+01
  1.0948E+00  3.6863E+00  4.6679E+00  4.3412E-01  5.6824E+01  6.7285E+00  5.4669E+01
  1.0979E+00  3.6968E+00  4.6679E+00  4.3445E-01  5.7010E+01  6.7474E+00  5.4853E+01
  1.1010E+00  3.7073E+00  4.6679E+00  4.3478E-01  5.7195E+01  6.7660E+00  5.5038E+01
  1.1044E+00  3.7185E+00  4.6679E+00  4.3513E-01  5.7393E+01  6.7853E+00  5.5234E+01
  1.1075E+00  3.7290E+00  4.6679E+00  4.3546E-01  5.7578E+01  6.8035E+00  5.5418E+01
  1.1109E+00  3.7402E+00  4.6679E+00  4.3581E-01  5.7776E+01  6.8228E+00  5.5614E+01
  1.1140E+00  3.7507E+00  4.6679E+00  4.3614E-01  5.7960E+01  6.8410E+00  5.5798E+01
  1.1171E+00  3.7612E+00  4.6679E+00  4.3648E-01  5.8145E+01  6.8592E+00  5.5981E+01
  1.1205E+00  3.7724E+00  4.6679E+00  4.3684E-01  5.8341E+01  6.8785E+00  5.6176E+01
  1.1236E+00  3.7829E+00  4.6679E+00  4.3717E-01  5.8525E+01  6.8959E+00  5.6359E+01
  1.1267E+00  3.7934E+00  4.6679E+00  4.3751E-01  5.8709E+01  6.9132E+00  5.6542E+01
  1.1301E+00  3.8046E+00  4.6679E+00  4.3787E-01  5.8904E+01  6.9317E+00  5.6737E+01
  1.1332E+00  3.8151E+00  4.6679E+00  4.3821E-01  5.9087E+01  6.9491E+00  5.6920E+01
  1.1365E+00  3.8263E+00  4.6679E+00  4.3857E-01  5.9283E+01  6.9676E+00  5.7114E+01
  1.1397E+00  3.8368E+00  4.6679E+00  4.3891E-01  5.9465E+01  6.9850E+00  5.7296E+01
  1.1428E+00  3.8473E+00  4.6679E+00  4.3925E-01  5.9648E+01  7.0020E+00  5.7478E+01
  1.1461E+00  3.8585E+00  4.6679E+00  4.3962E-01  5.9842E+01  7.0197E+00  5.7672E+01
  1.1493E+00  3.8690E+00  4.6679E+00  4.3997E-01  6.0023E+01  7.0362E+00  5.7853E+01
  1.1524E+00  3.8795E+00  4.6679E+00  4.4031E-01  6.0205E+01  7.0528E+00  5.8035E+01
  1.1558E+00  3.8907E+00  4.6679E+00  4.4068E-01  6.0398E+01  7.0705E+00  5.8228E+01
  1.1589E+00  3.9012E+00  4.6679E+00  4.4103E-01  6.0579E+01  7.0870E+00  5.8408E+01
  1.1622E+00  3.9124E+00  4.6679E+00  4.4140E-01  6.0771E+01  7.1047E+00  5.8601E+01
  1.1654E+00  3.9229E+00  4.6679E+00  4.4175E-01  6.0951E+01  7.1204E+00  5.8781E+01
  1.1685E+00  3.9334E+00  4.6679E+00  4.4210E-01  6.1131E+01  7.1360E+00  5.8961E+01
  1.1718E+00  3.9446E+00  4.6679E+00  4.4248E-01  6.1322E+01  7.1526E+00  5.9153E+01
  1.1750E+00  3.9551E+00  4.6679E+00  4.4283E-01  6.1501E+01  7.1682E+00  5.9333E+01
  1.1781E+00  3.9656E+00  4.6679E+00  4.4319E-01  6.1680E+01  7.1837E+00  5.9512E+01
  1.1814E+00  3.9768E+00  4.6679E+00  4.4357E-01  6.1871E+01  7.2003E+00  5.9703E+01
  1.1846E+00  3.9873E+00  4.6679E+00  4.4392E-01  6.2049E+01  7.2157E+00  5.9882E+01
  1.1879E+00  3.9985E+00  4.6679E+00  4.4431E-01  6.2238E+01  7.2313E+00  6.0072E+01
  1.1910E+00  4.0090E+00  4.6679E+00  4.4466E-01  6.2415E+01  7.2459E+00  6.0251E+01
  1.1942E+00  4.0195E+00  4.6679E+00  4.4502E-01  6.2588E+01  7.2607E+00  6.0424E+01
  1.1975E+00  4.0307E+00  4.6677E+00  4.4541E-01  6.2747E+01  7.2763E+00  6.0583E+01
  1.2007E+00  4.0412E+00  4.6673E+00  4.4577E-01  6.2883E+01  7.2911E+00  6.0719E+01
  1.2038E+00  4.0517E+00  4.6666E+00  4.4613E-01  6.2996E+01  7.3059E+00  6.0831E+01
  1.2071E+00  4.0629E+00  4.6652E+00  4.4652E-01  6.3074E+01  7.3212E+00  6.0905E+01
  1.2103E+00  4.0734E+00  4.6632E+00  4.4689E-01  6.3087E+01  7.3355E+00  6.0914E+01
  1.2136E+00  4.0846E+00  4.6599E+00  4.4728E-01  6.3021E+01  7.3511E+00  6.0840E+01
  1.2167E+00  4.0951E+00  4.6558E+00  4.4764E-01  6.2887E+01  7.3660E+00  6.0696E+01
  1.2199E+00  4.1056E+00  4.6513E+00  4.4801E-01  6.2736E+01  7.3809E+00  6.0534E+01
  1.2232E+00  4.1168E+00  4.6482E+00  4.4839E-01  6.2716E+01  7.3961E+00  6.0508E+01
  1.2263E+00  4.1273E+00  4.6512E+00  4.4876E-01  6.3050E+01  7.4094E+00  6.0850E+01
  1.2295E+00  4.1378E+00  4.6658E+00  4.4913E-01  6.3856E+01  7.4219E+00  6.1681E+01
  1.2328E+00  4.1490E+00  4.7006E+00  4.4952E-01  6.5099E+01  7.4370E+00  6.2961E+01
  1.2359E+00  4.1595E+00  4.7542E+00  4.4989E-01  6.6293E+01  7.4531E+00  6.4190E+01
  1.2393E+00  4.1707E+00  4.8325E+00  4.5027E-01  6.7278E+01  7.4713E+00  6.5199E+01
  1.2424E+00  4.1812E+00  4.9210E+00  4.5062E-01  6.7750E+01  7.4892E+00  6.5680E+01
  1.2456E+00  4.1917E+00  5.0168E+00  4.5095E-01  6.7557E+01  7.5071E+00  6.5474E+01
  1.2489E+00  4.2029E+00  5.1175E+00  4.5128E-01  6.6595E+01  7.5258E+00  6.4473E+01
  1.2520E+00  4.2134E+00  5.2026E+00  4.5157E-01  6.5048E+01  7.5438E+00  6.2866E+01
  1.2552E+00  4.2239E+00  5.2728E+00  4.5184E-01  6.3067E+01  7.5603E+00  6.0807E+01
  1.2585E+00  4.2351E+00  5.3298E+00  4.5211E-01  6.1076E+01  7.5731E+00  5.8734E+01
  1.2616E+00  4.2456E+00  5.3724E+00  4.5235E-01  5.9991E+01  7.5809E+00  5.7603E+01
  1.2648E+00  4.2561E+00  5.4149E+00  4.5258E-01  5.9921E+01  7.5882E+00  5.7528E+01
  1.2681E+00  4.2673E+00  5.4712E+00  4.5282E-01  6.0622E+01  7.5993E+00  5.8252E+01
  1.2713E+00  4.2778E+00  5.5395E+00  4.5304E-01  6.1454E+01  7.6126E+00  5.9112E+01
  1.2746E+00  4.2890E+00  5.6282E+00  4.5328E-01  6.2085E+01  7.6279E+00  5.9761E+01
  1.2777E+00  4.2995E+00  5.7212E+00  4.5349E-01  6.2165E+01  7.6435E+00  5.9836E+01
  1.2809E+00  4.3100E+00  5.8166E+00  4.5368E-01  6.1588E+01  7.6594E+00  5.9229E+01
  1.2842E+00  4.3212E+00  5.9120E+00  4.5388E-01  6.0239E+01  7.6767E+00  5.7815E+01
  1.2874E+00  4.3317E+00  5.9881E+00  4.5406E-01  5.8386E+01  7.6923E+00  5.5874E+01
  1.2905E+00  4.3422E+00  6.0478E+00  4.5422E-01  5.6386E+01  7.7044E+00  5.3774E+01
  1.2939E+00  4.3534E+00  6.0966E+00  4.5438E-01  5.4837E+01  7.7117E+00  5.2145E+01
  1.2970E+00  4.3639E+00  6.1381E+00  4.5453E-01  5.4406E+01  7.7162E+00  5.1690E+01
  1.3001E+00  4.3744E+00  6.1864E+00  4.5468E-01  5.4850E+01  7.7231E+00  5.2153E+01
  1.3035E+00  4.3856E+00  6.2534E+00  4.5483E-01  5.5722E+01  7.7341E+00  5.3064E+01
  1.3066E+00  4.3961E+00  6.3321E+00  4.5497E-01  5.6438E+01  7.7464E+00  5.3809E+01
  1.3098E+00  4.4066E+00  6.4231E+00  4.5511E-01  5.6778E+01  7.7593E+00  5.4158E+01
  1.3131E+00  4.4178E+00  6.5259E+00  4.5525E-01  5.6332E+01  7.7766E+00  5.3680E+01
  1.3162E+00  4.4283E+00  6.6190E+00  4.5537E-01  5.5242E+01  7.7908E+00  5.2526E+01
  1.3194E+00  4.4388E+00  6.7013E+00  4.5548E-01  5.3551E+01  7.8054E+00  5.0735E+01
  1.3227E+00  4.4500E+00  6.7715E+00  4.5560E-01  5.1407E+01  7.8181E+00  4.8458E+01
  1.3259E+00  4.4605E+00  6.8215E+00  4.5570E-01  4.9718E+01  7.8245E+00  4.6659E+01
  1.3290E+00  4.4710E+00  6.8635E+00  4.5580E-01  4.8921E+01  7.8274E+00  4.5808E+01
  1.3324E+00  4.4822E+00  6.9119E+00  4.5590E-01  4.9127E+01  7.8317E+00  4.6025E+01
  1.3355E+00  4.4927E+00  6.9699E+00  4.5599E-01  4.9880E+01  7.8396E+00  4.6823E+01
  1.3386E+00  4.5032E+00  7.0434E+00  4.5608E-01  5.0681E+01  7.8500E+00  4.7669E+01
  1.3420E+00  4.5144E+00  7.1369E+00  4.5618E-01  5.1237E+01  7.8620E+00  4.8252E+01
  1.3451E+00  4.5249E+00  7.2331E+00  4.5626E-01  5.1097E+01  7.8778E+00  4.8091E+01
  1.3483E+00  4.5354E+00  7.3288E+00  4.5635E-01  5.0254E+01  7.8909E+00  4.7186E+01
  1.3516E+00  4.5466E+00  7.4218E+00  4.5643E-01  4.8694E+01  7.9056E+00  4.5509E+01
  1.3548E+00  4.5571E+00  7.4941E+00  4.5650E-01  4.6768E+01  7.9181E+00  4.3433E+01
  1.3579E+00  4.5676E+00  7.5500E+00  4.5657E-01  4.4884E+01  7.9260E+00  4.1391E+01
  1.3613E+00  4.5788E+00  7.5969E+00  4.5664E-01  4.3622E+01  7.9287E+00  4.0017E+01
  1.3644E+00  4.5893E+00  7.6395E+00  4.5670E-01  4.3451E+01  7.9302E+00  3.9830E+01
  1.3675E+00  4.5998E+00  7.6912E+00  4.5676E-01  4.4014E+01  7.9352E+00  4.0441E+01
  1.3709E+00  4.6110E+00  7.7627E+00  4.5682E-01  4.4854E+01  7.9447E+00  4.1346E+01
  1.3740E+00  4.6215E+00  7.8449E+00  4.5688E-01  4.5445E+01  7.9553E+00  4.1977E+01
  1.3772E+00  4.6320E+00  7.9374E+00  4.5694E-01  4.5586E+01  7.9675E+00  4.2119E+01
  1.3805E+00  4.6432E+00  8.0397E+00  4.5700E-01  4.5048E+01  7.9813E+00  4.1525E+01
  1.3837E+00  4.6537E+00  8.1307E+00  4.5706E-01  4.3885E+01  7.9947E+00  4.0248E+01
  1.3868E+00  4.6642E+00  8.2095E+00  4.5711E-01  4.2161E+01  8.0080E+00  3.8349E+01
  1.3902E+00  4.6754E+00  8.2757E+00  4.5715E-01  4.0109E+01  8.0181E+00  3.6070E+01
  1.3933E+00  4.6859E+00  8.3230E+00  4.5720E-01  3.8635E+01  8.0214E+00  3.4421E+01
  1.3965E+00  4.6964E+00  8.3648E+00  4.5724E-01  3.8073E+01  8.0215E+00  3.3790E+01
  1.3998E+00  4.7076E+00  8.4155E+00  4.5728E-01  3.8427E+01  8.0242E+00  3.4186E+01
  1.4030E+00  4.7181E+00  8.4771E+00  4.5732E-01  3.9176E+01  8.0312E+00  3.5019E+01
  1.4061E+00  4.7286E+00  8.5542E+00  4.5736E-01  3.9871E+01  8.0408E+00  3.5786E+01
  1.4094E+00  4.7398E+00  8.6505E+00  4.5740E-01  4.0251E+01  8.0522E+00  3.6198E+01
  1.4126E+00  4.7503E+00  8.7472E+00  4.5744E-01  3.9921E+01  8.0668E+00  3.5815E+01
  1.4157E+00  4.7608E+00  8.8417E+00  4.5748E-01  3.8963E+01  8.0791E+00  3.4731E+01
  1.4191E+00  4.7720E+00  8.9313E+00  4.5751E-01  3.7323E+01  8.0929E+00  3.2865E+01
  1.4222E+00  4.7825E+00  8.9993E+00  4.5754E-01  3.5458E+01  8.1033E+00  3.0718E+01
  1.4254E+00  4.7930E+00  9.0514E+00  4.5757E-01  3.3825E+01  8.1078E+00  2.8813E+01
  1.4287E+00  4.8042E+00  9.0971E+00  4.5760E-01  3.2940E+01  8.1075E+00  2.7769E+01
  1.4319E+00  4.8147E+00  9.1420E+00  4.5762E-01  3.3031E+01  8.1080E+00  2.7877E+01
  1.4350E+00  4.8252E+00  9.1982E+00  4.5765E-01  3.3671E+01  8.1130E+00  2.8627E+01
  1.4384E+00  4.8364E+00  9.2753E+00  4.5768E-01  3.4454E+01  8.1219E+00  2.9532E+01
  1.4415E+00  4.8469E+00  9.3622E+00  4.5770E-01  3.4958E+01  8.1317E+00  3.0107E+01
  1.4447E+00  4.8574E+00  9.4582E+00  4.5773E-01  3.4930E+01  8.1467E+00  3.0055E+01
  1.4480E+00  4.8686E+00  9.5610E+00  4.5776E-01  3.4158E+01  8.1591E+00  2.9139E+01
  1.4511E+00  4.8791E+00  9.6496E+00  4.5778E-01  3.2883E+01  8.1720E+00  2.7615E+01
  1.4543E+00  4.8896E+00  9.7243E+00  4.5780E-01  3.1199E+01  8.1839E+00  2.5570E+01
  1.4576E+00  4.9008E+00  9.7859E+00  4.5782E-01  2.9415E+01  8.1910E+00  2.3349E+01
  1.4608E+00  4.9113E+00  9.8309E+00  4.5784E-01  2.8320E+01  8.1914E+00  2.1953E+01
  1.4639E+00  4.9218E+00  9.8733E+00  4.5785E-01  2.8062E+01  8.1900E+00  2.1622E+01
  1.4671E+00  4.9323E+00  9.9237E+00  4.5787E-01  2.8477E+01  8.1924E+00  2.2154E+01
  1.4704E+00  4.9435E+00  9.9933E+00  4.5788E-01  2.9193E+01  8.2000E+00  2.3054E+01
  1.4736E+00  4.9540E+00  1.0074E+01  4.5790E-01  2.9735E+01  8.2095E+00  2.3722E+01
  1.4767E+00  4.9645E+00  1.0166E+01  4.5792E-01  2.9916E+01  8.2206E+00  2.3931E+01
  1.4801E+00  4.9757E+00  1.0269E+01  4.5793E-01  2.9526E+01  8.2339E+00  2.3420E+01
  1.4832E+00  4.9862E+00  1.0361E+01  4.5795E-01  2.8602E+01  8.2467E+00  2.2222E+01
  1.4864E+00  4.9967E+00  1.0442E+01  4.5796E-01  2.7217E+01  8.2597E+00  2.0383E+01
  1.4897E+00  5.0079E+00  1.0510E+01  4.5798E-01  2.5561E+01  8.2696E+00  1.8092E+01
  1.4929E+00  5.0184E+00  1.0560E+01  4.5799E-01  2.4354E+01  8.2719E+00  1.6336E+01
  1.4960E+00  5.0289E+00  1.0602E+01  4.5800E-01  2.3835E+01  8.2700E+00  1.5559E+01
  1.4994E+00  5.0401E+00  1.0651E+01  4.5801E-01  2.4024E+01  8.2701E+00  1.5846E+01
  1.5025E+00  5.0506E+00  1.0711E+01  4.5802E-01  2.4572E+01  8.2755E+00  1.6653E+01
  1.5056E+00  5.0611E+00  1.0787E+01  4.5803E-01  2.5128E+01  8.2842E+00  1.7444E+01
  1.5090E+00  5.0723E+00  1.0882E+01  4.5804E-01  2.5471E+01  8.2949E+00  1.7912E+01
  1.5121E+00  5.0828E+00  1.0979E+01  4.5805E-01  2.5295E+01  8.3094E+00  1.7628E+01
  1.5153E+00  5.0933E+00  1.1074E+01  4.5805E-01  2.4620E+01  8.3213E+00  1.6617E+01
  1.5186E+00  5.1045E+00  1.1166E+01  4.5806E-01  2.3470E+01  8.3350E+00  1.4823E+01
  1.5218E+00  5.1150E+00  1.1236E+01  4.5807E-01  2.2205E+01  8.3455E+00  1.2693E+01
  1.5249E+00  5.1255E+00  1.1290E+01  4.5808E-01  2.1144E+01  8.3497E+00  1.0715E+01
  1.5281E+00  5.1360E+00  1.1334E+01  4.5808E-01  2.0581E+01  8.3480E+00  9.5650E+00
  1.5314E+00  5.1472E+00  1.1381E+01  4.5809E-01  2.0557E+01  8.3463E+00  9.5185E+00
  1.5346E+00  5.1577E+00  1.1435E+01  4.5809E-01  2.0896E+01  8.3498E+00  1.0219E+01
  1.5377E+00  5.1682E+00  1.1505E+01  4.5810E-01  2.1345E+01  8.3573E+00  1.1081E+01
  1.5411E+00  5.1794E+00  1.1596E+01  4.5810E-01  2.1717E+01  8.3671E+00  1.1748E+01
  1.5442E+00  5.1899E+00  1.1692E+01  4.5811E-01  2.1773E+01  8.3821E+00  1.1801E+01
  1.5474E+00  5.2004E+00  1.1789E+01  4.5811E-01  2.1388E+01  8.3938E+00  1.1033E+01
  1.5507E+00  5.2116E+00  1.1885E+01  4.5812E-01  2.0669E+01  8.4074E+00  9.5088E+00
  1.5539E+00  5.2221E+00  1.1962E+01  4.5812E-01  1.9853E+01  8.4197E+00  7.5076E+00
  1.5570E+00  5.2326E+00  1.2022E+01  4.5812E-01  1.9165E+01  8.4269E+00  5.3798E+00
  1.5604E+00  5.2438E+00  1.2072E+01  4.5813E-01  1.8771E+01  8.4268E+00  3.7407E+00
  1.5635E+00  5.2543E+00  1.2114E+01  4.5813E-01  1.8678E+01  8.4239E+00  3.2793E+00
  1.5667E+00  5.2648E+00  1.2164E+01  4.5813E-01  1.8765E+01  8.4246E+00  3.7345E+00
  1.5700E+00  5.2760E+00  1.2232E+01  4.5813E-01  1.8976E+01  8.4312E+00  4.6265E+00
  1.5732E+00  5.2865E+00  1.2311E+01  4.5813E-01  1.9179E+01  8.4405E+00  5.3295E+00
  1.5763E+00  5.2970E+00  1.2402E+01  4.5813E-01  1.9279E+01  8.4515E+00  5.6010E+00
  1.5797E+00  5.3082E+00  1.2505E+01  4.5814E-01  1.9188E+01  8.4650E+00  5.1740E+00
  1.5828E+00  5.3187E+00  1.2598E+01  4.5814E-01  1.8944E+01  8.4780E+00  4.0545E+00
  1.5860E+00  5.3292E+00  1.2681E+01  4.5814E-01  1.8675E+01  8.4915E+00  2.2815E+00
  1.5891E+00  5.3397E+00  1.2748E+01  4.5814E-01  1.8557E+01  8.5016E+00  1.3871E-01
  1.5925E+00  5.3509E+00  1.2802E+01  4.5814E-01  1.8654E+01  8.5043E+00 -1.8418E+00
  1.5956E+00  5.3614E+00  1.2845E+01  4.5814E-01  1.8759E+01  8.5014E+00 -2.7497E+00
  1.5987E+00  5.3719E+00  1.2890E+01  4.5814E-01  1.8735E+01  8.4999E+00 -2.6069E+00
  1.6021E+00  5.3831E+00  1.2952E+01  4.5814E-01  1.8649E+01  8.5043E+00 -1.7904E+00
  1.6052E+00  5.3936E+00  1.3026E+01  4.5814E-01  1.8607E+01  8.5127E+00 -9.7902E-01
  1.6084E+00  5.4041E+00  1.3113E+01  4.5814E-01  1.8609E+01  8.5227E+00 -4.7606E-01
  1.6117E+00  5.4153E+00  1.3216E+01  4.5814E-01  1.8648E+01  8.5384E+00 -6.4591E-01
  1.6149E+00  5.4258E+00  1.3312E+01  4.5814E-01  1.8731E+01  8.5506E+00 -1.5826E+00
  1.6180E+00  5.4363E+00  1.3400E+01  4.5814E-01  1.8961E+01  8.5639E+00 -3.1748E+00
  1.6214E+00  5.4475E+00  1.3478E+01  4.5813E-01  1.9484E+01  8.5761E+00 -5.4045E+00
  1.6245E+00  5.4580E+00  1.3534E+01  4.5813E-01  2.0152E+01  8.5807E+00 -7.4361E+00
  1.6277E+00  5.4685E+00  1.3578E+01  4.5813E-01  2.0650E+01  8.5784E+00 -8.7056E+00
  1.6308E+00  5.4790E+00  1.3622E+01  4.5813E-01  2.0724E+01  8.5754E+00 -8.8953E+00
  1.6342E+00  5.4902E+00  1.3678E+01  4.5812E-01  2.0450E+01  8.5776E+00 -8.2253E+00
  1.6373E+00  5.5007E+00  1.3747E+01  4.5812E-01  2.0132E+01  8.5848E+00 -7.3578E+00
  1.6405E+00  5.5112E+00  1.3830E+01  4.5812E-01  1.9914E+01  8.5941E+00 -6.6820E+00
  1.6438E+00  5.5224E+00  1.3931E+01  4.5812E-01  1.9887E+01  8.6100E+00 -6.4999E+00
  1.6470E+00  5.5329E+00  1.4028E+01  4.5812E-01  2.0151E+01  8.6224E+00 -7.1974E+00
  1.6501E+00  5.5434E+00  1.4120E+01  4.5811E-01  2.0691E+01  8.6355E+00 -8.5327E+00
  1.6535E+00  5.5546E+00  1.4205E+01  4.5811E-01  2.1650E+01  8.6494E+00 -1.0595E+01
  1.6566E+00  5.5651E+00  1.4267E+01  4.5811E-01  2.2790E+01  8.6575E+00 -1.2737E+01
  1.6598E+00  5.5756E+00  1.4315E+01  4.5811E-01  2.3760E+01  8.6577E+00 -1.4401E+01
  1.6631E+00  5.5868E+00  1.4361E+01  4.5810E-01  2.4161E+01  8.6536E+00 -1.5064E+01
  1.6663E+00  5.5973E+00  1.4409E+01  4.5810E-01  2.3928E+01  8.6530E+00 -1.4688E+01
  1.6694E+00  5.6078E+00  1.4470E+01  4.5809E-01  2.3442E+01  8.6585E+00 -1.3866E+01
  1.6728E+00  5.6190E+00  1.4553E+01  4.5809E-01  2.3000E+01  8.6684E+00 -1.3073E+01
  1.6759E+00  5.6295E+00  1.4643E+01  4.5809E-01  2.2833E+01  8.6796E+00 -1.2742E+01
  1.6791E+00  5.6400E+00  1.4739E+01  4.5808E-01  2.3026E+01  8.6928E+00 -1.3041E+01
  1.6822E+00  5.6505E+00  1.4834E+01  4.5808E-01  2.3628E+01  8.7062E+00 -1.4038E+01
  1.6856E+00  5.6617E+00  1.4924E+01  4.5808E-01  2.4763E+01  8.7214E+00 -1.5833E+01
  1.6887E+00  5.6722E+00  1.4993E+01  4.5807E-01  2.6189E+01  8.7326E+00 -1.7957E+01
  1.6919E+00  5.6827E+00  1.5046E+01  4.5807E-01  2.7564E+01  8.7359E+00 -1.9902E+01
  1.6952E+00  5.6939E+00  1.5092E+01  4.5806E-01  2.8389E+01  8.7325E+00 -2.1035E+01
  1.6984E+00  5.7044E+00  1.5137E+01  4.5806E-01  2.8354E+01  8.7297E+00 -2.0994E+01
  1.7015E+00  5.7149E+00  1.5193E+01  4.5806E-01  2.7830E+01  8.7329E+00 -2.0274E+01
  1.7049E+00  5.7261E+00  1.5269E+01  4.5805E-01  2.7204E+01  8.7417E+00 -1.9387E+01
  1.7080E+00  5.7366E+00  1.5356E+01  4.5805E-01  2.6832E+01  8.7519E+00 -1.8838E+01
  1.7112E+00  5.7471E+00  1.5452E+01  4.5804E-01  2.6883E+01  8.7675E+00 -1.8877E+01
  1.7145E+00  5.7583E+00  1.5555E+01  4.5804E-01  2.7542E+01  8.7811E+00 -1.9774E+01
  1.7177E+00  5.7688E+00  1.5644E+01  4.5804E-01  2.8674E+01  8.7949E+00 -2.1295E+01
  1.7208E+00  5.7793E+00  1.5719E+01  4.5803E-01  3.0241E+01  8.8075E+00 -2.3340E+01
  1.7240E+00  5.7898E+00  1.5778E+01  4.5803E-01  3.1892E+01  8.8135E+00 -2.5433E+01
  1.7273E+00  5.8010E+00  1.5827E+01  4.5802E-01  3.3099E+01  8.8113E+00 -2.6935E+01
  1.7305E+00  5.8115E+00  1.5870E+01  4.5802E-01  3.3342E+01  8.8073E+00 -2.7238E+01
  1.7336E+00  5.8220E+00  1.5921E+01  4.5801E-01  3.2893E+01  8.8083E+00 -2.6685E+01
  1.7370E+00  5.8332E+00  1.5992E+01  4.5801E-01  3.2158E+01  8.8155E+00 -2.5762E+01
  1.7401E+00  5.8437E+00  1.6074E+01  4.5800E-01  3.1604E+01  8.8250E+00 -2.5051E+01
  1.7432E+00  5.8542E+00  1.6168E+01  4.5800E-01  3.1395E+01  8.8364E+00 -2.4767E+01
  1.7466E+00  5.8654E+00  1.6272E+01  4.5799E-01  3.1922E+01  8.8546E+00 -2.5401E+01
  1.7498E+00  5.8759E+00  1.6365E+01  4.5799E-01  3.2953E+01  8.8683E+00 -2.6664E+01
  1.7529E+00  5.8864E+00  1.6446E+01  4.5798E-01  3.4495E+01  8.8823E+00 -2.8526E+01
  1.7563E+00  5.8976E+00  1.6516E+01  4.5798E-01  3.6421E+01  8.8923E+00 -3.0814E+01
  1.7594E+00  5.9081E+00  1.6565E+01  4.5797E-01  3.7910E+01  8.8929E+00 -3.2560E+01
  1.7625E+00  5.9186E+00  1.6608E+01  4.5797E-01  3.8574E+01  8.8885E+00 -3.3336E+01
  1.7657E+00  5.9291E+00  1.6654E+01  4.5796E-01  3.8366E+01  8.8865E+00 -3.3097E+01
  1.7691E+00  5.9403E+00  1.6718E+01  4.5796E-01  3.7645E+01  8.8916E+00 -3.2251E+01
  1.7722E+00  5.9508E+00  1.6793E+01  4.5795E-01  3.6989E+01  8.9009E+00 -3.1471E+01
  1.7753E+00  5.9613E+00  1.6881E+01  4.5795E-01  3.6646E+01  8.9122E+00 -3.1051E+01
  1.7787E+00  5.9725E+00  1.6984E+01  4.5794E-01  3.6844E+01  8.9269E+00 -3.1265E+01
  1.7818E+00  5.9830E+00  1.7079E+01  4.5794E-01  3.7644E+01  8.9410E+00 -3.2185E+01
  1.7850E+00  5.9935E+00  1.7165E+01  4.5793E-01  3.9032E+01  8.9561E+00 -3.3778E+01
  1.7883E+00  6.0047E+00  1.7242E+01  4.5793E-01  4.0986E+01  8.9694E+00 -3.6002E+01
  1.7915E+00  6.0152E+00  1.7297E+01  4.5792E-01  4.2754E+01  8.9737E+00 -3.7998E+01
  1.7946E+00  6.0257E+00  1.7341E+01  4.5791E-01  4.3830E+01  8.9704E+00 -3.9209E+01
  1.7980E+00  6.0369E+00  1.7387E+01  4.5791E-01  4.3920E+01  8.9663E+00 -3.9313E+01
  1.8011E+00  6.0474E+00  1.7442E+01  4.5790E-01  4.3317E+01  8.9688E+00 -3.8636E+01
  1.8043E+00  6.0579E+00  1.7511E+01  4.5790E-01  4.2569E+01  8.9769E+00 -3.7786E+01
  1.8074E+00  6.0684E+00  1.7596E+01  4.5789E-01  4.2035E+01  8.9874E+00 -3.7171E+01
  1.8108E+00  6.0796E+00  1.7697E+01  4.5789E-01  4.1983E+01  9.0044E+00 -3.7093E+01
  1.8139E+00  6.0901E+00  1.7794E+01  4.5788E-01  4.2659E+01  9.0178E+00 -3.7840E+01
  1.8171E+00  6.1006E+00  1.7886E+01  4.5788E-01  4.3925E+01  9.0323E+00 -3.9246E+01
  1.8204E+00  6.1118E+00  1.7968E+01  4.5787E-01  4.5839E+01  9.0469E+00 -4.1362E+01
  1.8236E+00  6.1223E+00  1.8029E+01  4.5787E-01  4.7765E+01  9.0540E+00 -4.3479E+01
  1.8267E+00  6.1328E+00  1.8076E+01  4.5786E-01  4.9168E+01  9.0524E+00 -4.5018E+01
  1.8301E+00  6.1440E+00  1.8122E+01  4.5785E-01  4.9608E+01  9.0473E+00 -4.5502E+01
  1.8332E+00  6.1545E+00  1.8172E+01  4.5785E-01  4.9160E+01  9.0474E+00 -4.5014E+01
  1.8364E+00  6.1650E+00  1.8236E+01  4.5784E-01  4.8380E+01  9.0538E+00 -4.4154E+01
  1.8397E+00  6.1762E+00  1.8321E+01  4.5784E-01  4.7660E+01  9.0642E+00 -4.3353E+01
  1.8429E+00  6.1867E+00  1.8414E+01  4.5783E-01  4.7352E+01  9.0752E+00 -4.3004E+01
  1.8460E+00  6.1972E+00  1.8512E+01  4.5783E-01  4.7807E+01  9.0943E+00 -4.3485E+01
  1.8492E+00  6.2077E+00  1.8606E+01  4.5782E-01  4.8868E+01  9.1084E+00 -4.4635E+01
  1.8525E+00  6.2189E+00  1.8696E+01  4.5781E-01  5.0625E+01  9.1243E+00 -4.6536E+01
  1.8557E+00  6.2294E+00  1.8763E+01  4.5781E-01  5.2607E+01  9.1352E+00 -4.8676E+01
  1.8588E+00  6.2399E+00  1.8815E+01  4.5780E-01  5.4336E+01  9.1371E+00 -5.0538E+01
  1.8622E+00  6.2511E+00  1.8860E+01  4.5780E-01  5.5252E+01  9.1322E+00 -5.1526E+01
  1.8653E+00  6.2616E+00  1.8906E+01  4.5779E-01  5.5112E+01  9.1293E+00 -5.1377E+01
  1.8685E+00  6.2721E+00  1.8964E+01  4.5779E-01  5.4407E+01  9.1333E+00 -5.0617E+01
  1.8718E+00  6.2833E+00  1.9042E+01  4.5778E-01  5.3614E+01  9.1433E+00 -4.9755E+01
  1.8750E+00  6.2938E+00  1.9129E+01  4.5777E-01  5.3187E+01  9.1550E+00 -4.9284E+01
  1.8781E+00  6.3043E+00  1.9225E+01  4.5777E-01  5.3295E+01  9.1693E+00 -4.9387E+01
  1.8815E+00  6.3155E+00  1.9327E+01  4.5776E-01  5.4120E+01  9.1851E+00 -5.0263E+01
  1.8846E+00  6.3260E+00  1.9415E+01  4.5776E-01  5.5549E+01  9.2009E+00 -5.1785E+01
  1.8878E+00  6.3365E+00  1.9489E+01  4.5775E-01  5.7468E+01  9.2148E+00 -5.3827E+01
  1.8909E+00  6.3470E+00  1.9546E+01  4.5775E-01  5.9407E+01  9.2208E+00 -5.5888E+01
  1.8943E+00  6.3582E+00  1.9594E+01  4.5774E-01  6.0758E+01  9.2178E+00 -5.7323E+01
  1.8974E+00  6.3687E+00  1.9638E+01  4.5774E-01  6.0978E+01  9.2130E+00 -5.7561E+01
  1.9006E+00  6.3792E+00  1.9690E+01  4.5773E-01  6.0419E+01  9.2142E+00 -5.6967E+01
  1.9039E+00  6.3904E+00  1.9762E+01  4.5772E-01  5.9567E+01  9.2226E+00 -5.6055E+01
  1.9071E+00  6.4009E+00  1.9845E+01  4.5772E-01  5.8959E+01  9.2334E+00 -5.5401E+01
  1.9102E+00  6.4114E+00  1.9939E+01  4.5771E-01  5.8798E+01  9.2483E+00 -5.5217E+01
  1.9136E+00  6.4226E+00  2.0043E+01  4.5771E-01  5.9461E+01  9.2652E+00 -5.5910E+01
  1.9167E+00  6.4331E+00  2.0135E+01  4.5770E-01  6.0729E+01  9.2803E+00 -5.7244E+01
  1.9199E+00  6.4436E+00  2.0215E+01  4.5770E-01  6.2553E+01  9.2951E+00 -5.9164E+01
  1.9230E+00  6.4541E+00  2.0279E+01  4.5769E-01  6.4586E+01  9.3041E+00 -6.1303E+01
  1.9264E+00  6.4653E+00  2.0330E+01  4.5768E-01  6.6260E+01  9.3033E+00 -6.3065E+01
  1.9295E+00  6.4758E+00  2.0373E+01  4.5768E-01  6.6830E+01  9.2979E+00 -6.3667E+01
  1.9327E+00  6.4863E+00  2.0421E+01  4.5767E-01  6.6478E+01  9.2966E+00 -6.3299E+01
  1.9360E+00  6.4975E+00  2.0488E+01  4.5767E-01  6.5629E+01  9.3030E+00 -6.2401E+01
  1.9392E+00  6.5080E+00  2.0566E+01  4.5766E-01  6.4886E+01  9.3130E+00 -6.1613E+01
  1.9423E+00  6.5185E+00  2.0657E+01  4.5766E-01  6.4482E+01  9.3248E+00 -6.1178E+01
  1.9457E+00  6.5297E+00  2.0761E+01  4.5765E-01  6.4849E+01  9.3450E+00 -6.1550E+01
  1.9488E+00  6.5402E+00  2.0856E+01  4.5765E-01  6.5885E+01  9.3596E+00 -6.2630E+01
  1.9520E+00  6.5507E+00  2.0942E+01  4.5764E-01  6.7516E+01  9.3755E+00 -6.4333E+01
  1.9553E+00  6.5619E+00  2.1016E+01  4.5763E-01  6.9677E+01  9.3885E+00 -6.6589E+01
  1.9585E+00  6.5724E+00  2.1069E+01  4.5763E-01  7.1517E+01  9.3915E+00 -6.8509E+01
  1.9616E+00  6.5829E+00  2.1113E+01  4.5762E-01  7.2542E+01  9.3869E+00 -6.9582E+01
  1.9648E+00  6.5934E+00  2.1157E+01  4.5762E-01  7.2548E+01  9.3828E+00 -6.9590E+01
  1.9681E+00  6.6046E+00  2.1217E+01  4.5761E-01  7.1824E+01  9.3861E+00 -6.8833E+01
  1.9713E+00  6.6151E+00  2.1288E+01  4.5761E-01  7.1031E+01  9.3954E+00 -6.7999E+01
  1.9744E+00  6.6256E+00  2.1373E+01  4.5760E-01  7.0515E+01  9.4073E+00 -6.7451E+01
  1.9778E+00  6.6368E+00  2.1474E+01  4.5759E-01  7.0536E+01  9.4230E+00 -6.7463E+01
  1.9809E+00  6.6473E+00  2.1571E+01  4.5759E-01  7.1238E+01  9.4385E+00 -6.8186E+01
  1.9841E+00  6.6578E+00  2.1661E+01  4.5758E-01  7.2595E+01  9.4550E+00 -6.9592E+01
  1.9874E+00  6.6690E+00  2.1742E+01  4.5758E-01  7.4636E+01  9.4711E+00 -7.1708E+01
  1.9906E+00  6.6795E+00  2.1801E+01  4.5757E-01  7.6647E+01  9.4785E+00 -7.3795E+01
  1.9937E+00  6.6900E+00  2.1847E+01  4.5757E-01  7.8068E+01  9.4763E+00 -7.5271E+01
  1.9969E+00  6.7005E+00  2.1890E+01  4.5756E-01  7.8468E+01  9.4707E+00 -7.5689E+01
  2.0002E+00  6.7117E+00  2.1944E+01  4.5756E-01  7.7943E+01  9.4708E+00 -7.5145E+01
  2.0034E+00  6.7222E+00  2.2009E+01  4.5755E-01  7.7122E+01  9.4784E+00 -7.4287E+01
  2.0065E+00  6.7327E+00  2.2090E+01  4.5755E-01  7.6443E+01  9.4894E+00 -7.3576E+01
  2.0099E+00  6.7439E+00  2.2189E+01  4.5754E-01  7.6173E+01  9.5041E+00 -7.3286E+01
  2.0130E+00  6.7544E+00  2.2287E+01  4.5753E-01  7.6709E+01  9.5223E+00 -7.3832E+01
  2.0162E+00  6.7649E+00  2.2381E+01  4.5753E-01  7.7893E+01  9.5378E+00 -7.5051E+01
  2.0195E+00  6.7761E+00  2.2468E+01  4.5752E-01  7.9802E+01  9.5547E+00 -7.7021E+01
  2.0227E+00  6.7866E+00  2.2534E+01  4.5752E-01  8.1875E+01  9.5650E+00 -7.9160E+01
  2.0258E+00  6.7971E+00  2.2584E+01  4.5751E-01  8.3576E+01  9.5653E+00 -8.0919E+01
  2.0292E+00  6.8083E+00  2.2630E+01  4.5751E-01  8.4350E+01  9.5593E+00 -8.1721E+01
  2.0323E+00  6.8188E+00  2.2677E+01  4.5750E-01  8.4068E+01  9.5572E+00 -8.1431E+01
  2.0355E+00  6.8293E+00  2.2737E+01  4.5750E-01  8.3278E+01  9.5625E+00 -8.0613E+01
  2.0386E+00  6.8398E+00  2.2813E+01  4.5749E-01  8.2484E+01  9.5725E+00 -7.9786E+01
  2.0420E+00  6.8510E+00  2.2908E+01  4.5749E-01  8.1979E+01  9.5853E+00 -7.9256E+01
  2.0451E+00  6.8615E+00  2.3006E+01  4.5748E-01  8.2207E+01  9.6055E+00 -7.9481E+01
  2.0483E+00  6.8720E+00  2.3102E+01  4.5748E-01  8.3153E+01  9.6206E+00 -8.0450E+01
  2.0516E+00  6.8832E+00  2.3195E+01  4.5747E-01  8.4833E+01  9.6382E+00 -8.2176E+01
  2.0548E+00  6.8937E+00  2.3267E+01  4.5747E-01  8.6862E+01  9.6520E+00 -8.4261E+01
  2.0579E+00  6.9042E+00  2.3323E+01  4.5746E-01  8.8808E+01  9.6567E+00 -8.6263E+01
  2.0613E+00  6.9154E+00  2.3370E+01  4.5745E-01  9.0060E+01  9.6523E+00 -8.7553E+01
  2.0644E+00  6.9259E+00  2.3414E+01  4.5745E-01  9.0162E+01  9.6474E+00 -8.7661E+01
  2.0676E+00  6.9364E+00  2.3468E+01  4.5744E-01  8.9526E+01  9.6495E+00 -8.7006E+01
  2.0707E+00  6.9469E+00  2.3536E+01  4.5744E-01  8.8703E+01  9.6585E+00 -8.6154E+01
  2.0741E+00  6.9581E+00  2.3626E+01  4.5743E-01  8.8085E+01  9.6715E+00 -8.5510E+01
  2.0772E+00  6.9686E+00  2.3720E+01  4.5743E-01  8.8015E+01  9.6865E+00 -8.5430E+01
  2.0804E+00  6.9791E+00  2.3816E+01  4.5742E-01  8.8608E+01  9.7027E+00 -8.6032E+01
  2.0837E+00  6.9903E+00  2.3914E+01  4.5742E-01  8.9976E+01  9.7209E+00 -8.7430E+01
  2.0869E+00  7.0008E+00  2.3992E+01  4.5741E-01  9.1854E+01  9.7373E+00 -8.9353E+01
  2.0900E+00  7.0113E+00  2.4054E+01  4.5741E-01  9.3917E+01  9.7467E+00 -9.1468E+01
  2.0934E+00  7.0225E+00  2.4105E+01  4.5740E-01  9.5569E+01  9.7453E+00 -9.3164E+01
  2.0965E+00  7.0330E+00  2.4148E+01  4.5740E-01  9.6082E+01  9.7394E+00 -9.3693E+01
  2.0997E+00  7.0435E+00  2.4197E+01  4.5739E-01  9.5668E+01  9.7383E+00 -9.3269E+01
  2.1030E+00  7.0547E+00  2.4264E+01  4.5739E-01  9.4793E+01  9.7458E+00 -9.2367E+01
  2.1062E+00  7.0652E+00  2.4344E+01  4.5738E-01  9.4074E+01  9.7571E+00 -9.1624E+01
  2.1093E+00  7.0757E+00  2.4435E+01  4.5738E-01  9.3738E+01  9.7705E+00 -9.1271E+01
  2.1125E+00  7.0862E+00  2.4533E+01  4.5737E-01  9.4140E+01  9.7902E+00 -9.1674E+01
  2.1158E+00  7.0974E+00  2.4634E+01  4.5737E-01  9.5319E+01  9.8072E+00 -9.2876E+01
  2.1190E+00  7.1079E+00  2.4718E+01  4.5736E-01  9.7055E+01  9.8240E+00 -9.4648E+01
  2.1221E+00  7.1184E+00  2.4786E+01  4.5736E-01  9.9136E+01  9.8362E+00 -9.6775E+01
  2.1255E+00  7.1296E+00  2.4842E+01  4.5735E-01  1.0106E+02  9.8379E+00 -9.8743E+01
  2.1286E+00  7.1401E+00  2.4885E+01  4.5735E-01  1.0194E+02  9.8322E+00 -9.9643E+01
  2.1318E+00  7.1506E+00  2.4931E+01  4.5734E-01  1.0179E+02  9.8287E+00 -9.9496E+01
  2.1351E+00  7.1618E+00  2.4993E+01  4.5734E-01  1.0098E+02  9.8335E+00 -9.8664E+01
  2.1383E+00  7.1723E+00  2.5067E+01  4.5733E-01  1.0016E+02  9.8437E+00 -9.7817E+01
  2.1414E+00  7.1828E+00  2.5155E+01  4.5733E-01  9.9619E+01  9.8560E+00 -9.7260E+01
  2.1446E+00  7.1933E+00  2.5252E+01  4.5732E-01  9.9697E+01  9.8769E+00 -9.7330E+01
  2.1479E+00  7.2045E+00  2.5355E+01  4.5732E-01  1.0062E+02  9.8934E+00 -9.8269E+01
  2.1511E+00  7.2150E+00  2.5444E+01  4.5731E-01  1.0213E+02  9.9106E+00 -9.9802E+01
  2.1542E+00  7.2255E+00  2.5519E+01  4.5731E-01  1.0412E+02  9.9258E+00 -1.0183E+02
  2.1576E+00  7.2367E+00  2.5581E+01  4.5730E-01  1.0626E+02  9.9327E+00 -1.0402E+02
  2.1607E+00  7.2472E+00  2.5626E+01  4.5730E-01  1.0757E+02  9.9291E+00 -1.0536E+02
  2.1639E+00  7.2577E+00  2.5669E+01  4.5729E-01  1.0785E+02  9.9233E+00 -1.0564E+02
  2.1672E+00  7.2689E+00  2.5725E+01  4.5729E-01  1.0724E+02  9.9244E+00 -1.0502E+02
  2.1704E+00  7.2794E+00  2.5792E+01  4.5728E-01  1.0640E+02  9.9331E+00 -1.0416E+02
  2.1735E+00  7.2899E+00  2.5874E+01  4.5728E-01  1.0576E+02  9.9456E+00 -1.0350E+02
  2.1769E+00  7.3011E+00  2.5973E+01  4.5727E-01  1.0560E+02  9.9618E+00 -1.0333E+02
  2.1800E+00  7.3116E+00  2.6070E+01  4.5727E-01  1.0612E+02  9.9787E+00 -1.0385E+02
  2.1832E+00  7.3221E+00  2.6163E+01  4.5727E-01  1.0732E+02  9.9963E+00 -1.0507E+02
  2.1863E+00  7.3326E+00  2.6244E+01  4.5726E-01  1.0913E+02  1.0014E+01 -1.0691E+02
  2.1897E+00  7.3438E+00  2.6312E+01  4.5726E-01  1.1134E+02  1.0026E+01 -1.0916E+02
  2.1928E+00  7.3543E+00  2.6362E+01  4.5725E-01  1.1301E+02  1.0026E+01 -1.1086E+02
  2.1960E+00  7.3648E+00  2.6404E+01  4.5725E-01  1.1371E+02  1.0019E+01 -1.1158E+02
  2.1993E+00  7.3760E+00  2.6455E+01  4.5724E-01  1.1337E+02  1.0017E+01 -1.1123E+02
  2.2025E+00  7.3865E+00  2.6516E+01  4.5724E-01  1.1256E+02  1.0023E+01 -1.1040E+02
  2.2056E+00  7.3970E+00  2.6593E+01  4.5723E-01  1.1179E+02  1.0035E+01 -1.0962E+02
  2.2090E+00  7.4082E+00  2.6690E+01  4.5723E-01  1.1136E+02  1.0049E+01 -1.0917E+02
  2.2121E+00  7.4187E+00  2.6787E+01  4.5722E-01  1.1167E+02  1.0070E+01 -1.0948E+02
  2.2153E+00  7.4292E+00  2.6883E+01  4.5722E-01  1.1269E+02  1.0086E+01 -1.1051E+02
  2.2184E+00  7.4397E+00  2.6969E+01  4.5721E-01  1.1434E+02  1.0104E+01 -1.1219E+02
  2.2218E+00  7.4509E+00  2.7044E+01  4.5721E-01  1.1655E+02  1.0118E+01 -1.1443E+02
  2.2249E+00  7.4614E+00  2.7098E+01  4.5720E-01  1.1844E+02  1.0121E+01 -1.1635E+02
  2.2281E+00  7.4719E+00  2.7142E+01  4.5720E-01  1.1950E+02  1.0116E+01 -1.1743E+02
  2.2314E+00  7.4831E+00  2.7190E+01  4.5720E-01  1.1947E+02  1.0111E+01 -1.1741E+02
  2.2346E+00  7.4936E+00  2.7246E+01  4.5719E-01  1.1875E+02  1.0115E+01 -1.1667E+02
  2.2377E+00  7.5041E+00  2.7318E+01  4.5719E-01  1.1790E+02  1.0125E+01 -1.1580E+02
  2.2411E+00  7.5153E+00  2.7410E+01  4.5718E-01  1.1727E+02  1.0138E+01 -1.1515E+02
  2.2442E+00  7.5258E+00  2.7506E+01  4.5718E-01  1.1725E+02  1.0159E+01 -1.1513E+02
  2.2474E+00  7.5363E+00  2.7604E+01  4.5717E-01  1.1804E+02  1.0175E+01 -1.1592E+02
  2.2505E+00  7.5468E+00  2.7695E+01  4.5717E-01  1.1944E+02  1.0193E+01 -1.1734E+02
  2.2539E+00  7.5580E+00  2.7777E+01  4.5716E-01  1.2152E+02  1.0211E+01 -1.1945E+02
  2.2570E+00  7.5685E+00  2.7837E+01  4.5716E-01  1.2357E+02  1.0219E+01 -1.2154E+02
  2.2602E+00  7.5790E+00  2.7884E+01  4.5716E-01  1.2505E+02  1.0216E+01 -1.2303E+02
  2.2635E+00  7.5902E+00  2.7930E+01  4.5715E-01  1.2549E+02  1.0210E+01 -1.2348E+02
  2.2667E+00  7.6007E+00  2.7980E+01  4.5715E-01  1.2499E+02  1.0209E+01 -1.2298E+02
  2.2698E+00  7.6112E+00  2.8045E+01  4.5714E-01  1.2415E+02  1.0218E+01 -1.2212E+02
  2.2732E+00  7.6224E+00  2.8130E+01  4.5714E-01  1.2342E+02  1.0231E+01 -1.2137E+02
  2.2763E+00  7.6329E+00  2.8222E+01  4.5713E-01  1.2318E+02  1.0246E+01 -1.2112E+02
  2.2795E+00  7.6434E+00  2.8319E+01  4.5713E-01  1.2359E+02  1.0264E+01 -1.2153E+02
  2.2828E+00  7.6546E+00  2.8419E+01  4.5712E-01  1.2477E+02  1.0283E+01 -1.2272E+02
  2.2860E+00  7.6651E+00  2.8501E+01  4.5712E-01  1.2652E+02  1.0301E+01 -1.2450E+02
  2.2891E+00  7.6756E+00  2.8568E+01  4.5712E-01  1.2861E+02  1.0314E+01 -1.2662E+02
  2.2923E+00  7.6861E+00  2.8619E+01  4.5711E-01  1.3040E+02  1.0316E+01 -1.2843E+02
  2.2956E+00  7.6973E+00  2.8665E+01  4.5711E-01  1.3130E+02  1.0309E+01 -1.2935E+02
  2.2988E+00  7.7078E+00  2.8712E+01  4.5710E-01  1.3109E+02  1.0306E+01 -1.2913E+02
  2.3019E+00  7.7183E+00  2.8770E+01  4.5710E-01  1.3031E+02  1.0311E+01 -1.2834E+02
  2.3053E+00  7.7295E+00  2.8850E+01  4.5709E-01  1.2945E+02  1.0323E+01 -1.2747E+02
  2.3084E+00  7.7400E+00  2.8939E+01  4.5709E-01  1.2898E+02  1.0337E+01 -1.2698E+02
  2.3116E+00  7.7505E+00  2.9036E+01  4.5709E-01  1.2915E+02  1.0358E+01 -1.2715E+02
  2.3150E+00  7.7617E+00  2.9139E+01  4.5708E-01  1.3015E+02  1.0376E+01 -1.2816E+02
  2.3181E+00  7.7722E+00  2.9227E+01  4.5708E-01  1.3174E+02  1.0394E+01 -1.2976E+02
  2.3212E+00  7.7827E+00  2.9299E+01  4.5707E-01  1.3378E+02  1.0409E+01 -1.3183E+02
  2.3244E+00  7.7932E+00  2.9356E+01  4.5707E-01  1.3576E+02  1.0415E+01 -1.3384E+02
  2.3278E+00  7.8044E+00  2.9404E+01  4.5707E-01  1.3704E+02  1.0409E+01 -1.3513E+02
  2.3309E+00  7.8149E+00  2.9448E+01  4.5706E-01  1.3714E+02  1.0404E+01 -1.3524E+02
  2.3340E+00  7.8254E+00  2.9502E+01  4.5706E-01  1.3649E+02  1.0406E+01 -1.3457E+02
  2.3374E+00  7.8366E+00  2.9576E+01  4.5705E-01  1.3556E+02  1.0417E+01 -1.3363E+02
  2.3406E+00  7.8471E+00  2.9661E+01  4.5705E-01  1.3492E+02  1.0429E+01 -1.3297E+02
  2.3437E+00  7.8576E+00  2.9756E+01  4.5704E-01  1.3475E+02  1.0450E+01 -1.3280E+02
  2.3471E+00  7.8688E+00  2.9860E+01  4.5704E-01  1.3550E+02  1.0469E+01 -1.3355E+02
  2.3502E+00  7.8793E+00  2.9952E+01  4.5704E-01  1.3685E+02  1.0487E+01 -1.3491E+02
  2.3534E+00  7.8898E+00  3.0031E+01  4.5703E-01  1.3874E+02  1.0504E+01 -1.3683E+02
  2.3565E+00  7.9003E+00  3.0094E+01  4.5703E-01  1.4083E+02  1.0515E+01 -1.3894E+02
  2.3599E+00  7.9115E+00  3.0146E+01  4.5702E-01  1.4252E+02  1.0513E+01 -1.4065E+02
  2.3630E+00  7.9220E+00  3.0189E+01  4.5702E-01  1.4308E+02  1.0506E+01 -1.4122E+02
  2.3661E+00  7.9325E+00  3.0237E+01  4.5702E-01  1.4269E+02  1.0505E+01 -1.4082E+02
  2.3695E+00  7.9437E+00  3.0304E+01  4.5701E-01  1.4180E+02  1.0513E+01 -1.3993E+02
  2.3727E+00  7.9542E+00  3.0382E+01  4.5701E-01  1.4107E+02  1.0525E+01 -1.3918E+02
  2.3758E+00  7.9647E+00  3.0473E+01  4.5700E-01  1.4074E+02  1.0541E+01 -1.3884E+02
  2.3792E+00  7.9759E+00  3.0576E+01  4.5700E-01  1.4107E+02  1.0560E+01 -1.3917E+02
  2.3823E+00  7.9864E+00  3.0670E+01  4.5700E-01  1.4209E+02  1.0578E+01 -1.4019E+02
  2.3855E+00  7.9969E+00  3.0755E+01  4.5699E-01  1.4375E+02  1.0597E+01 -1.4187E+02
  2.3888E+00  8.0081E+00  3.0829E+01  4.5699E-01  1.4596E+02  1.0613E+01 -1.4410E+02
  2.3920E+00  8.0186E+00  3.0881E+01  4.5698E-01  1.4781E+02  1.0616E+01 -1.4598E+02
  2.3951E+00  8.0291E+00  3.0925E+01  4.5698E-01  1.4880E+02  1.0610E+01 -1.4698E+02
  2.3983E+00  8.0396E+00  3.0970E+01  4.5698E-01  1.4874E+02  1.0605E+01 -1.4692E+02
  2.4016E+00  8.0508E+00  3.1031E+01  4.5697E-01  1.4795E+02  1.0610E+01 -1.4612E+02
  2.4048E+00  8.0613E+00  3.1103E+01  4.5697E-01  1.4712E+02  1.0621E+01 -1.4527E+02
  2.4079E+00  8.0718E+00  3.1190E+01  4.5696E-01  1.4657E+02  1.0635E+01 -1.4471E+02
  2.4113E+00  8.0830E+00  3.1293E+01  4.5696E-01  1.4664E+02  1.0657E+01 -1.4477E+02
  2.4144E+00  8.0935E+00  3.1390E+01  4.5696E-01  1.4748E+02  1.0674E+01 -1.4562E+02
  2.4176E+00  8.1040E+00  3.1480E+01  4.5695E-01  1.4897E+02  1.0693E+01 -1.4712E+02
  2.4209E+00  8.1152E+00  3.1560E+01  4.5695E-01  1.5111E+02  1.0711E+01 -1.4928E+02
  2.4241E+00  8.1257E+00  3.1618E+01  4.5695E-01  1.5312E+02  1.0717E+01 -1.5132E+02
  2.4272E+00  8.1362E+00  3.1664E+01  4.5694E-01  1.5446E+02  1.0713E+01 -1.5267E+02
  2.4304E+00  8.1467E+00  3.1708E+01  4.5694E-01  1.5473E+02  1.0707E+01 -1.5294E+02
  2.4337E+00  8.1579E+00  3.1763E+01  4.5693E-01  1.5410E+02  1.0708E+01 -1.5231E+02
  2.4369E+00  8.1684E+00  3.1830E+01  4.5693E-01  1.5323E+02  1.0717E+01 -1.5143E+02
  2.4400E+00  8.1789E+00  3.1913E+01  4.5693E-01  1.5252E+02  1.0730E+01 -1.5070E+02
  2.4434E+00  8.1901E+00  3.2013E+01  4.5692E-01  1.5225E+02  1.0749E+01 -1.5042E+02
  2.4465E+00  8.2006E+00  3.2111E+01  4.5692E-01  1.5286E+02  1.0770E+01 -1.5103E+02
  2.4497E+00  8.2111E+00  3.2205E+01  4.5692E-01  1.5410E+02  1.0788E+01 -1.5228E+02
  2.4530E+00  8.2223E+00  3.2291E+01  4.5691E-01  1.5605E+02  1.0808E+01 -1.5425E+02
  2.4562E+00  8.2328E+00  3.2356E+01  4.5691E-01  1.5815E+02  1.0820E+01 -1.5636E+02
  2.4593E+00  8.2433E+00  3.2406E+01  4.5690E-01  1.5984E+02  1.0820E+01 -1.5807E+02
  2.4625E+00  8.2538E+00  3.2449E+01  4.5690E-01  1.6058E+02  1.0813E+01 -1.5882E+02
  2.4658E+00  8.2650E+00  3.2499E+01  4.5690E-01  1.6027E+02  1.0810E+01 -1.5851E+02
  2.4690E+00  8.2755E+00  3.2560E+01  4.5689E-01  1.5946E+02  1.0816E+01 -1.5769E+02
  2.4721E+00  8.2860E+00  3.2636E+01  4.5689E-01  1.5867E+02  1.0829E+01 -1.5689E+02
  2.4755E+00  8.2972E+00  3.2731E+01  4.5689E-01  1.5825E+02  1.0845E+01 -1.5646E+02
  2.4786E+00  8.3077E+00  3.2827E+01  4.5688E-01  1.5846E+02  1.0864E+01 -1.5667E+02
  2.4818E+00  8.3182E+00  3.2923E+01  4.5688E-01  1.5937E+02  1.0882E+01 -1.5758E+02
  2.4851E+00  8.3294E+00  3.3015E+01  4.5688E-01  1.6105E+02  1.0904E+01 -1.5928E+02
  2.4883E+00  8.3399E+00  3.3086E+01  4.5687E-01  1.6310E+02  1.0920E+01 -1.6134E+02
  2.4914E+00  8.3504E+00  3.3141E+01  4.5687E-01  1.6504E+02  1.0925E+01 -1.6330E+02
  2.4948E+00  8.3616E+00  3.3189E+01  4.5686E-01  1.6624E+02  1.0919E+01 -1.6452E+02
  2.4979E+00  8.3721E+00  3.3233E+01  4.5686E-01  1.6627E+02  1.0913E+01 -1.6455E+02
  2.5011E+00  8.3826E+00  3.3288E+01  4.5686E-01  1.6558E+02  1.0917E+01 -1.6385E+02
  2.5042E+00  8.3931E+00  3.3358E+01  4.5685E-01  1.6473E+02  1.0927E+01 -1.6298E+02
  2.5076E+00  8.4043E+00  3.3449E+01  4.5685E-01  1.6409E+02  1.0942E+01 -1.6233E+02
  2.5107E+00  8.4148E+00  3.3545E+01  4.5685E-01  1.6403E+02  1.0964E+01 -1.6227E+02
  2.5139E+00  8.4253E+00  3.3642E+01  4.5684E-01  1.6477E+02  1.0982E+01 -1.6301E+02
  2.5172E+00  8.4365E+00  3.3740E+01  4.5684E-01  1.6626E+02  1.1002E+01 -1.6451E+02
  2.5204E+00  8.4470E+00  3.3817E+01  4.5684E-01  1.6822E+02  1.1020E+01 -1.6648E+02
  2.5235E+00  8.4575E+00  3.3878E+01  4.5683E-01  1.7029E+02  1.1028E+01 -1.6857E+02
  2.5269E+00  8.4687E+00  3.3928E+01  4.5683E-01  1.7184E+02  1.1025E+01 -1.7013E+02
  2.5300E+00  8.4792E+00  3.3971E+01  4.5683E-01  1.7222E+02  1.1018E+01 -1.7052E+02
  2.5332E+00  8.4897E+00  3.4022E+01  4.5682E-01  1.7170E+02  1.1018E+01 -1.7000E+02
  2.5363E+00  8.5002E+00  3.4087E+01  4.5682E-01  1.7083E+02  1.1027E+01 -1.6912E+02
  2.5397E+00  8.5114E+00  3.4172E+01  4.5682E-01  1.7003E+02  1.1040E+01 -1.6831E+02
  2.5428E+00  8.5219E+00  3.4266E+01  4.5681E-01  1.6969E+02  1.1055E+01 -1.6795E+02
  2.5460E+00  8.5324E+00  3.4364E+01  4.5681E-01  1.7016E+02  1.1080E+01 -1.6842E+02
  2.5493E+00  8.5436E+00  3.4465E+01  4.5681E-01  1.7139E+02  1.1100E+01 -1.6966E+02
  2.5525E+00  8.5541E+00  3.4548E+01  4.5680E-01  1.7316E+02  1.1119E+01 -1.7144E+02
  2.5556E+00  8.5646E+00  3.4615E+01  4.5680E-01  1.7525E+02  1.1133E+01 -1.7354E+02
  2.5590E+00  8.5758E+00  3.4670E+01  4.5680E-01  1.7715E+02  1.1134E+01 -1.7546E+02
  2.5621E+00  8.5863E+00  3.4713E+01  4.5679E-01  1.7799E+02  1.1128E+01 -1.7632E+02
  2.5653E+00  8.5968E+00  3.4760E+01  4.5679E-01  1.7781E+02  1.1123E+01 -1.7614E+02
  2.5684E+00  8.6073E+00  3.4818E+01  4.5679E-01  1.7704E+02  1.1129E+01 -1.7535E+02
  2.5718E+00  8.6185E+00  3.4896E+01  4.5678E-01  1.7617E+02  1.1142E+01 -1.7448E+02
  2.5749E+00  8.6290E+00  3.4984E+01  4.5678E-01  1.7570E+02  1.1157E+01 -1.7400E+02
  2.5781E+00  8.6395E+00  3.5080E+01  4.5678E-01  1.7580E+02  1.1176E+01 -1.7409E+02
  2.5814E+00  8.6507E+00  3.5183E+01  4.5677E-01  1.7667E+02  1.1196E+01 -1.7496E+02
  2.5846E+00  8.6612E+00  3.5271E+01  4.5677E-01  1.7817E+02  1.1217E+01 -1.7647E+02
  2.5877E+00  8.6717E+00  3.5345E+01  4.5677E-01  1.8017E+02  1.1234E+01 -1.7848E+02
  2.5911E+00  8.6829E+00  3.5406E+01  4.5676E-01  1.8229E+02  1.1242E+01 -1.8062E+02
  2.5942E+00  8.6934E+00  3.5451E+01  4.5676E-01  1.8355E+02  1.1237E+01 -1.8190E+02
  2.5974E+00  8.7039E+00  3.5494E+01  4.5676E-01  1.8375E+02  1.1231E+01 -1.8210E+02
  2.6005E+00  8.7144E+00  3.5547E+01  4.5675E-01  1.8313E+02  1.1232E+01 -1.8147E+02
  2.6039E+00  8.7256E+00  3.5620E+01  4.5675E-01  1.8221E+02  1.1243E+01 -1.8054E+02
  2.6070E+00  8.7361E+00  3.5703E+01  4.5675E-01  1.8156E+02  1.1257E+01 -1.7988E+02
  2.6102E+00  8.7466E+00  3.5798E+01  4.5674E-01  1.8137E+02  1.1277E+01 -1.7969E+02
  2.6135E+00  8.7578E+00  3.5902E+01  4.5674E-01  1.8206E+02  1.1298E+01 -1.8037E+02
  2.6167E+00  8.7683E+00  3.5995E+01  4.5674E-01  1.8338E+02  1.1318E+01 -1.8170E+02
  2.6198E+00  8.7788E+00  3.6075E+01  4.5673E-01  1.8526E+02  1.1336E+01 -1.8359E+02
  2.6232E+00  8.7900E+00  3.6142E+01  4.5673E-01  1.8748E+02  1.1348E+01 -1.8583E+02
  2.6263E+00  8.8005E+00  3.6190E+01  4.5673E-01  1.8906E+02  1.1346E+01 -1.8742E+02
  2.6295E+00  8.8110E+00  3.6234E+01  4.5672E-01  1.8961E+02  1.1338E+01 -1.8798E+02
  2.6328E+00  8.8222E+00  3.6286E+01  4.5672E-01  1.8917E+02  1.1337E+01 -1.8753E+02
  2.6360E+00  8.8327E+00  3.6349E+01  4.5672E-01  1.8830E+02  1.1345E+01 -1.8666E+02
  2.6391E+00  8.8432E+00  3.6428E+01  4.5672E-01  1.8751E+02  1.1358E+01 -1.8586E+02
  2.6423E+00  8.8537E+00  3.6519E+01  4.5671E-01  1.8708E+02  1.1373E+01 -1.8542E+02
  2.6456E+00  8.8649E+00  3.6624E+01  4.5671E-01  1.8745E+02  1.1399E+01 -1.8578E+02
  2.6488E+00  8.8754E+00  3.6719E+01  4.5671E-01  1.8852E+02  1.1418E+01 -1.8685E+02
  2.6519E+00  8.8859E+00  3.6805E+01  4.5670E-01  1.9019E+02  1.1438E+01 -1.8854E+02
  2.6553E+00  8.8971E+00  3.6879E+01  4.5670E-01  1.9240E+02  1.1454E+01 -1.9076E+02
  2.6584E+00  8.9076E+00  3.6933E+01  4.5670E-01  1.9427E+02  1.1457E+01 -1.9264E+02
  2.6616E+00  8.9181E+00  3.6976E+01  4.5669E-01  1.9529E+02  1.1451E+01 -1.9367E+02
  2.6649E+00  8.9293E+00  3.7025E+01  4.5669E-01  1.9523E+02  1.1445E+01 -1.9361E+02
  2.6681E+00  8.9398E+00  3.7081E+01  4.5669E-01  1.9448E+02  1.1450E+01 -1.9286E+02
  2.6712E+00  8.9503E+00  3.7153E+01  4.5668E-01  1.9364E+02  1.1462E+01 -1.9201E+02
  2.6744E+00  8.9608E+00  3.7239E+01  4.5668E-01  1.9310E+02  1.1477E+01 -1.9145E+02
  2.6777E+00  8.9720E+00  3.7340E+01  4.5668E-01  1.9311E+02  1.1497E+01 -1.9146E+02
  2.6809E+00  8.9825E+00  3.7437E+01  4.5668E-01  1.9383E+02  1.1517E+01 -1.9218E+02
  2.6840E+00  8.9930E+00  3.7527E+01  4.5667E-01  1.9521E+02  1.1538E+01 -1.9357E+02
  2.6874E+00  9.0042E+00  3.7608E+01  4.5667E-01  1.9729E+02  1.1558E+01 -1.9566E+02
  2.6905E+00  9.0147E+00  3.7668E+01  4.5667E-01  1.9933E+02  1.1566E+01 -1.9771E+02
  2.6937E+00  9.0252E+00  3.7714E+01  4.5666E-01  2.0075E+02  1.1563E+01 -1.9914E+02
  2.6971E+00  9.0364E+00  3.7760E+01  4.5666E-01  2.0111E+02  1.1556E+01 -1.9951E+02
  2.7002E+00  9.0469E+00  3.7812E+01  4.5666E-01  2.0055E+02  1.1556E+01 -1.9894E+02
  2.7033E+00  9.0574E+00  3.7878E+01  4.5665E-01  1.9968E+02  1.1566E+01 -1.9806E+02
  2.7065E+00  9.0679E+00  3.7959E+01  4.5665E-01  1.9897E+02  1.1580E+01 -1.9734E+02
  2.7099E+00  9.0791E+00  3.8059E+01  4.5665E-01  1.9868E+02  1.1599E+01 -1.9705E+02
  2.7130E+00  9.0896E+00  3.8157E+01  4.5665E-01  1.9922E+02  1.1621E+01 -1.9759E+02
  2.7161E+00  9.1001E+00  3.8250E+01  4.5664E-01  2.0043E+02  1.1641E+01 -1.9880E+02
  2.7195E+00  9.1113E+00  3.8338E+01  4.5664E-01  2.0237E+02  1.1662E+01 -2.0075E+02
  2.7227E+00  9.1218E+00  3.8403E+01  4.5664E-01  2.0446E+02  1.1674E+01 -2.0286E+02
  2.7258E+00  9.1323E+00  3.8454E+01  4.5663E-01  2.0617E+02  1.1674E+01 -2.0457E+02
  2.7292E+00  9.1435E+00  3.8500E+01  4.5663E-01  2.0691E+02  1.1666E+01 -2.0533E+02
  2.7323E+00  9.1540E+00  3.8548E+01  4.5663E-01  2.0659E+02  1.1664E+01 -2.0500E+02
  2.7355E+00  9.1645E+00  3.8608E+01  4.5663E-01  2.0575E+02  1.1670E+01 -2.0416E+02
  2.7386E+00  9.1750E+00  3.8684E+01  4.5662E-01  2.0492E+02  1.1683E+01 -2.0332E+02
  2.7420E+00  9.1862E+00  3.8780E+01  4.5662E-01  2.0440E+02  1.1699E+01 -2.0278E+02
  2.7451E+00  9.1967E+00  3.8878E+01  4.5662E-01  2.0462E+02  1.1725E+01 -2.0300E+02
  2.7483E+00  9.2072E+00  3.8975E+01  4.5661E-01  2.0558E+02  1.1743E+01 -2.0397E+02
  2.7516E+00  9.2184E+00  3.9068E+01  4.5661E-01  2.0729E+02  1.1765E+01 -2.0568E+02
  2.7548E+00  9.2289E+00  3.9140E+01  4.5661E-01  2.0933E+02  1.1782E+01 -2.0774E+02
  2.7579E+00  9.2394E+00  3.9196E+01  4.5661E-01  2.1128E+02  1.1787E+01 -2.0970E+02
  2.7613E+00  9.2506E+00  3.9243E+01  4.5660E-01  2.1251E+02  1.1781E+01 -2.1094E+02
  2.7644E+00  9.2611E+00  3.9288E+01  4.5660E-01  2.1258E+02  1.1775E+01 -2.1101E+02
  2.7676E+00  9.2716E+00  3.9342E+01  4.5660E-01  2.1190E+02  1.1778E+01 -2.1032E+02
  2.7707E+00  9.2821E+00  3.9411E+01  4.5660E-01  2.1104E+02  1.1789E+01 -2.0945E+02
  2.7741E+00  9.2933E+00  3.9501E+01  4.5659E-01  2.1040E+02  1.1806E+01 -2.0880E+02
  2.7772E+00  9.3038E+00  3.9595E+01  4.5659E-01  2.1032E+02  1.1824E+01 -2.0872E+02
  2.7804E+00  9.3143E+00  3.9692E+01  4.5659E-01  2.1092E+02  1.1844E+01 -2.0932E+02
  2.7837E+00  9.3255E+00  3.9790E+01  4.5658E-01  2.1230E+02  1.1867E+01 -2.1071E+02
  2.7869E+00  9.3360E+00  3.9868E+01  4.5658E-01  2.1420E+02  1.1887E+01 -2.1261E+02
  2.7900E+00  9.3465E+00  3.9930E+01  4.5658E-01  2.1626E+02  1.1898E+01 -2.1469E+02
  2.7934E+00  9.3577E+00  3.9981E+01  4.5658E-01  2.1790E+02  1.1896E+01 -2.1634E+02
  2.7965E+00  9.3682E+00  4.0024E+01  4.5657E-01  2.1838E+02  1.1888E+01 -2.1682E+02
  2.7997E+00  9.3787E+00  4.0074E+01  4.5657E-01  2.1792E+02  1.1887E+01 -2.1636E+02
  2.8030E+00  9.3899E+00  4.0142E+01  4.5657E-01  2.1700E+02  1.1897E+01 -2.1543E+02
  2.8062E+00  9.4004E+00  4.0222E+01  4.5657E-01  2.1626E+02  1.1911E+01 -2.1468E+02
  2.8093E+00  9.4109E+00  4.0314E+01  4.5656E-01  2.1591E+02  1.1927E+01 -2.1432E+02
  2.8125E+00  9.4214E+00  4.0412E+01  4.5656E-01  2.1631E+02  1.1952E+01 -2.1472E+02
  2.8158E+00  9.4326E+00  4.0513E+01  4.5656E-01  2.1751E+02  1.1972E+01 -2.1592E+02
  2.8190E+00  9.4431E+00  4.0597E+01  4.5655E-01  2.1926E+02  1.1993E+01 -2.1768E+02
  2.8221E+00  9.4536E+00  4.0665E+01  4.5655E-01  2.2135E+02  1.2007E+01 -2.1978E+02
  2.8255E+00  9.4648E+00  4.0721E+01  4.5655E-01  2.2326E+02  1.2009E+01 -2.2170E+02
  2.8286E+00  9.4753E+00  4.0765E+01  4.5655E-01  2.2410E+02  1.2002E+01 -2.2255E+02
  2.8318E+00  9.4858E+00  4.0811E+01  4.5654E-01  2.2391E+02  1.1997E+01 -2.2236E+02
  2.8351E+00  9.4970E+00  4.0873E+01  4.5654E-01  2.2306E+02  1.2004E+01 -2.2150E+02
  2.8383E+00  9.5075E+00  4.0948E+01  4.5654E-01  2.2221E+02  1.2016E+01 -2.2064E+02
  2.8414E+00  9.5180E+00  4.1037E+01  4.5654E-01  2.2165E+02  1.2031E+01 -2.2008E+02
  2.8446E+00  9.5285E+00  4.1134E+01  4.5653E-01  2.2173E+02  1.2057E+01 -2.2015E+02
  2.8479E+00  9.5397E+00  4.1237E+01  4.5653E-01  2.2266E+02  1.2077E+01 -2.2108E+02
  2.8511E+00  9.5502E+00  4.1326E+01  4.5653E-01  2.2418E+02  1.2098E+01 -2.2260E+02
  2.8542E+00  9.5607E+00  4.1401E+01  4.5653E-01  2.2618E+02  1.2116E+01 -2.2461E+02
  2.8576E+00  9.5719E+00  4.1463E+01  4.5652E-01  2.2831E+02  1.2124E+01 -2.2676E+02
  2.8607E+00  9.5824E+00  4.1508E+01  4.5652E-01  2.2959E+02  1.2119E+01 -2.2805E+02
  2.8639E+00  9.5929E+00  4.1552E+01  4.5652E-01  2.2982E+02  1.2112E+01 -2.2829E+02
  2.8672E+00  9.6041E+00  4.1608E+01  4.5652E-01  2.2917E+02  1.2114E+01 -2.2763E+02
  2.8704E+00  9.6146E+00  4.1676E+01  4.5651E-01  2.2830E+02  1.2125E+01 -2.2675E+02
  2.8735E+00  9.6251E+00  4.1758E+01  4.5651E-01  2.2765E+02  1.2140E+01 -2.2609E+02
  2.8767E+00  9.6356E+00  4.1852E+01  4.5651E-01  2.2746E+02  1.2158E+01 -2.2590E+02
  2.8800E+00  9.6468E+00  4.1955E+01  4.5651E-01  2.2800E+02  1.2180E+01 -2.2644E+02
  2.8832E+00  9.6573E+00  4.2048E+01  4.5650E-01  2.2921E+02  1.2201E+01 -2.2765E+02
  2.8863E+00  9.6678E+00  4.2129E+01  4.5650E-01  2.3102E+02  1.2222E+01 -2.2947E+02
  2.8897E+00  9.6790E+00  4.2197E+01  4.5650E-01  2.3323E+02  1.2236E+01 -2.3169E+02
  2.8928E+00  9.6895E+00  4.2246E+01  4.5650E-01  2.3488E+02  1.2236E+01 -2.3334E+02
  2.8960E+00  9.7000E+00  4.2289E+01  4.5649E-01  2.3554E+02  1.2228E+01 -2.3401E+02
  2.8993E+00  9.7112E+00  4.2341E+01  4.5649E-01  2.3515E+02  1.2225E+01 -2.3362E+02
  2.9025E+00  9.7217E+00  4.2403E+01  4.5649E-01  2.3431E+02  1.2233E+01 -2.3277E+02
  2.9056E+00  9.7322E+00  4.2480E+01  4.5649E-01  2.3351E+02  1.2247E+01 -2.3197E+02
  2.9088E+00  9.7427E+00  4.2571E+01  4.5648E-01  2.3308E+02  1.2264E+01 -2.3153E+02
  2.9121E+00  9.7539E+00  4.2675E+01  4.5648E-01  2.3339E+02  1.2290E+01 -2.3183E+02
  2.9153E+00  9.7644E+00  4.2771E+01  4.5648E-01  2.3442E+02  1.2309E+01 -2.3286E+02
  2.9184E+00  9.7749E+00  4.2857E+01  4.5648E-01  2.3607E+02  1.2330E+01 -2.3452E+02
  2.9218E+00  9.7861E+00  4.2932E+01  4.5647E-01  2.3827E+02  1.2347E+01 -2.3673E+02
  2.9249E+00  9.7966E+00  4.2986E+01  4.5647E-01  2.4015E+02  1.2350E+01 -2.3862E+02
  2.9281E+00  9.8071E+00  4.3030E+01  4.5647E-01  2.4117E+02  1.2344E+01 -2.3965E+02
  2.9314E+00  9.8183E+00  4.3079E+01  4.5647E-01  2.4110E+02  1.2338E+01 -2.3958E+02
  2.9346E+00  9.8288E+00  4.3135E+01  4.5646E-01  2.4034E+02  1.2343E+01 -2.3881E+02
  2.9377E+00  9.8393E+00  4.3208E+01  4.5646E-01  2.3946E+02  1.2355E+01 -2.3792E+02
  2.9409E+00  9.8498E+00  4.3294E+01  4.5646E-01  2.3884E+02  1.2370E+01 -2.3729E+02
  2.9442E+00  9.8610E+00  4.3397E+01  4.5646E-01  2.3879E+02  1.2397E+01 -2.3724E+02
  2.9474E+00  9.8715E+00  4.3495E+01  4.5645E-01  2.3958E+02  1.2416E+01 -2.3803E+02
  2.9505E+00  9.8820E+00  4.3585E+01  4.5645E-01  2.4100E+02  1.2437E+01 -2.3945E+02
  2.9539E+00  9.8932E+00  4.3667E+01  4.5645E-01  2.4307E+02  1.2458E+01 -2.4154E+02
  2.9570E+00  9.9037E+00  4.3727E+01  4.5645E-01  2.4511E+02  1.2467E+01 -2.4359E+02
  2.9602E+00  9.9142E+00  4.3774E+01  4.5644E-01  2.4655E+02  1.2463E+01 -2.4504E+02
  2.9635E+00  9.9254E+00  4.3821E+01  4.5644E-01  2.4695E+02  1.2455E+01 -2.4544E+02
  2.9667E+00  9.9359E+00  4.3872E+01  4.5644E-01  2.4641E+02  1.2456E+01 -2.4489E+02
  2.9698E+00  9.9464E+00  4.3937E+01  4.5644E-01  2.4554E+02  1.2466E+01 -2.4401E+02
  2.9732E+00  9.9576E+00  4.4023E+01  4.5644E-01  2.4479E+02  1.2482E+01 -2.4325E+02
  2.9763E+00  9.9681E+00  4.4115E+01  4.5643E-01  2.4454E+02  1.2500E+01 -2.4301E+02
  2.9795E+00  9.9786E+00  4.4213E+01  4.5643E-01  2.4495E+02  1.2521E+01 -2.4341E+02
  2.9826E+00  9.9891E+00  4.4306E+01  4.5643E-01  2.4605E+02  1.2542E+01 -2.4451E+02
  2.9860E+00  1.0000E+01  4.4395E+01  4.5643E-01  2.4790E+02  1.2565E+01 -2.4637E+02
  2.9891E+00  1.0011E+01  4.4461E+01  4.5642E-01  2.4998E+02  1.2580E+01 -2.4845E+02
  2.9923E+00  1.0021E+01  4.4512E+01  4.5642E-01  2.5174E+02  1.2581E+01 -2.5022E+02
  2.9957E+00  1.0032E+01  4.4559E+01  4.5642E-01  2.5259E+02  1.2574E+01 -2.5109E+02
  2.9988E+00  1.0043E+01  4.4606E+01  4.5642E-01  2.5234E+02  1.2570E+01 -2.5083E+02
  3.0019E+00  1.0053E+01  4.4665E+01  4.5641E-01  2.5152E+02  1.2576E+01 -2.5001E+02
  3.0053E+00  1.0065E+01  4.4745E+01  4.5641E-01  2.5065E+02  1.2591E+01 -2.4912E+02
  3.0085E+00  1.0075E+01  4.4835E+01  4.5641E-01  2.5016E+02  1.2607E+01 -2.4863E+02
  3.0116E+00  1.0086E+01  4.4932E+01  4.5641E-01  2.5034E+02  1.2632E+01 -2.4880E+02
  3.0148E+00  1.0096E+01  4.5029E+01  4.5641E-01  2.5126E+02  1.2652E+01 -2.4972E+02
  3.0181E+00  1.0107E+01  4.5123E+01  4.5640E-01  2.5294E+02  1.2675E+01 -2.5141E+02
  3.0213E+00  1.0118E+01  4.5195E+01  4.5640E-01  2.5497E+02  1.2692E+01 -2.5345E+02
  3.0244E+00  1.0128E+01  4.5252E+01  4.5640E-01  2.5693E+02  1.2698E+01 -2.5542E+02
  3.0278E+00  1.0140E+01  4.5300E+01  4.5640E-01  2.5816E+02  1.2691E+01 -2.5666E+02
  3.0309E+00  1.0150E+01  4.5344E+01  4.5639E-01  2.5822E+02  1.2685E+01 -2.5672E+02
  3.0341E+00  1.0161E+01  4.5399E+01  4.5639E-01  2.5753E+02  1.2688E+01 -2.5602E+02
  3.0374E+00  1.0172E+01  4.5474E+01  4.5639E-01  2.5658E+02  1.2701E+01 -2.5506E+02
  3.0406E+00  1.0182E+01  4.5559E+01  4.5639E-01  2.5591E+02  1.2716E+01 -2.5439E+02
  3.0437E+00  1.0193E+01  4.5655E+01  4.5639E-01  2.5575E+02  1.2740E+01 -2.5422E+02
  3.0469E+00  1.0203E+01  4.5753E+01  4.5638E-01  2.5644E+02  1.2761E+01 -2.5491E+02
  3.0502E+00  1.0214E+01  4.5851E+01  4.5638E-01  2.5785E+02  1.2783E+01 -2.5633E+02
  3.0534E+00  1.0225E+01  4.5930E+01  4.5638E-01  2.5975E+02  1.2804E+01 -2.5823E+02
  3.0565E+00  1.0235E+01  4.5993E+01  4.5638E-01  2.6182E+02  1.2815E+01 -2.6031E+02
  3.0599E+00  1.0247E+01  4.6044E+01  4.5638E-01  2.6347E+02  1.2813E+01 -2.6197E+02
  3.0630E+00  1.0257E+01  4.6087E+01  4.5637E-01  2.6398E+02  1.2805E+01 -2.6249E+02
  3.0662E+00  1.0268E+01  4.6136E+01  4.5637E-01  2.6355E+02  1.2804E+01 -2.6205E+02
  3.0695E+00  1.0279E+01  4.6204E+01  4.5637E-01  2.6263E+02  1.2813E+01 -2.6113E+02
  3.0727E+00  1.0289E+01  4.6283E+01  4.5637E-01  2.6188E+02  1.2828E+01 -2.6037E+02
  3.0758E+00  1.0300E+01  4.6374E+01  4.5636E-01  2.6155E+02  1.2846E+01 -2.6003E+02
  3.0790E+00  1.0310E+01  4.6471E+01  4.5636E-01  2.6184E+02  1.2867E+01 -2.6032E+02
  3.0823E+00  1.0322E+01  4.6572E+01  4.5636E-01  2.6291E+02  1.2890E+01 -2.6138E+02
  3.0855E+00  1.0332E+01  4.6656E+01  4.5636E-01  2.6457E+02  1.2912E+01 -2.6305E+02
  3.0886E+00  1.0343E+01  4.6726E+01  4.5636E-01  2.6662E+02  1.2929E+01 -2.6512E+02
  3.0920E+00  1.0354E+01  4.6782E+01  4.5635E-01  2.6858E+02  1.2933E+01 -2.6709E+02
  3.0951E+00  1.0364E+01  4.6826E+01  4.5635E-01  2.6953E+02  1.2926E+01 -2.6804E+02
  3.0983E+00  1.0375E+01  4.6872E+01  4.5635E-01  2.6942E+02  1.2920E+01 -2.6793E+02
  3.1016E+00  1.0386E+01  4.6933E+01  4.5635E-01  2.6859E+02  1.2926E+01 -2.6709E+02
  3.1048E+00  1.0396E+01  4.7006E+01  4.5635E-01  2.6774E+02  1.2939E+01 -2.6624E+02
  3.1079E+00  1.0407E+01  4.7094E+01  4.5634E-01  2.6719E+02  1.2956E+01 -2.6567E+02
  3.1111E+00  1.0417E+01  4.7190E+01  4.5634E-01  2.6722E+02  1.2981E+01 -2.6570E+02
  3.1144E+00  1.0429E+01  4.7294E+01  4.5634E-01  2.6810E+02  1.3002E+01 -2.6659E+02
  3.1176E+00  1.0439E+01  4.7384E+01  4.5634E-01  2.6960E+02  1.3023E+01 -2.6808E+02
  3.1207E+00  1.0450E+01  4.7459E+01  4.5634E-01  2.7158E+02  1.3042E+01 -2.7008E+02
  3.1241E+00  1.0461E+01  4.7522E+01  4.5633E-01  2.7372E+02  1.3050E+01 -2.7222E+02
  3.1272E+00  1.0471E+01  4.7568E+01  4.5633E-01  2.7501E+02  1.3045E+01 -2.7352E+02
  3.1304E+00  1.0482E+01  4.7611E+01  4.5633E-01  2.7523E+02  1.3038E+01 -2.7374E+02
  3.1337E+00  1.0493E+01  4.7668E+01  4.5633E-01  2.7456E+02  1.3040E+01 -2.7307E+02
  3.1369E+00  1.0504E+01  4.7736E+01  4.5632E-01  2.7366E+02  1.3051E+01 -2.7217E+02
  3.1400E+00  1.0514E+01  4.7819E+01  4.5632E-01  2.7294E+02  1.3066E+01 -2.7144E+02
  3.1432E+00  1.0525E+01  4.7913E+01  4.5632E-01  2.7266E+02  1.3085E+01 -2.7114E+02
  3.1465E+00  1.0536E+01  4.8018E+01  4.5632E-01  2.7328E+02  1.3112E+01 -2.7177E+02
  3.1497E+00  1.0546E+01  4.8111E+01  4.5632E-01  2.7452E+02  1.3133E+01 -2.7301E+02
  3.1528E+00  1.0557E+01  4.8193E+01  4.5631E-01  2.7634E+02  1.3155E+01 -2.7483E+02
  3.1562E+00  1.0568E+01  4.8262E+01  4.5631E-01  2.7855E+02  1.3169E+01 -2.7705E+02
  3.1593E+00  1.0578E+01  4.8312E+01  4.5631E-01  2.8021E+02  1.3168E+01 -2.7872E+02
  3.1625E+00  1.0589E+01  4.8355E+01  4.5631E-01  2.8090E+02  1.3161E+01 -2.7941E+02
  3.1658E+00  1.0600E+01  4.8406E+01  4.5631E-01  2.8054E+02  1.3157E+01 -2.7906E+02
  3.1690E+00  1.0611E+01  4.8467E+01  4.5630E-01  2.7970E+02  1.3165E+01 -2.7821E+02
  3.1721E+00  1.0621E+01  4.8544E+01  4.5630E-01  2.7890E+02  1.3180E+01 -2.7740E+02
  3.1755E+00  1.0632E+01  4.8640E+01  4.5630E-01  2.7847E+02  1.3199E+01 -2.7696E+02
  3.1786E+00  1.0643E+01  4.8736E+01  4.5630E-01  2.7869E+02  1.3220E+01 -2.7718E+02
  3.1818E+00  1.0653E+01  4.8832E+01  4.5630E-01  2.7960E+02  1.3242E+01 -2.7809E+02
  3.1849E+00  1.0664E+01  4.8919E+01  4.5629E-01  2.8116E+02  1.3265E+01 -2.7965E+02
  3.1883E+00  1.0675E+01  4.8995E+01  4.5629E-01  2.8332E+02  1.3284E+01 -2.8182E+02
  3.1914E+00  1.0686E+01  4.9050E+01  4.5629E-01  2.8523E+02  1.3289E+01 -2.8374E+02
  3.1946E+00  1.0696E+01  4.9094E+01  4.5629E-01  2.8635E+02  1.3283E+01 -2.8486E+02
  3.1979E+00  1.0707E+01  4.9142E+01  4.5629E-01  2.8636E+02  1.3276E+01 -2.8488E+02
  3.2011E+00  1.0718E+01  4.9198E+01  4.5629E-01  2.8563E+02  1.3280E+01 -2.8415E+02
  3.2042E+00  1.0728E+01  4.9269E+01  4.5628E-01  2.8476E+02  1.3293E+01 -2.8326E+02
  3.2076E+00  1.0739E+01  4.9360E+01  4.5628E-01  2.8411E+02  1.3310E+01 -2.8261E+02
  3.2107E+00  1.0750E+01  4.9456E+01  4.5628E-01  2.8405E+02  1.3335E+01 -2.8255E+02
  3.2139E+00  1.0760E+01  4.9554E+01  4.5628E-01  2.8480E+02  1.3356E+01 -2.8329E+02
  3.2170E+00  1.0771E+01  4.9645E+01  4.5628E-01  2.8618E+02  1.3377E+01 -2.8468E+02
  3.2204E+00  1.0782E+01  4.9728E+01  4.5627E-01  2.8825E+02  1.3399E+01 -2.8675E+02
  3.2235E+00  1.0793E+01  4.9789E+01  4.5627E-01  2.9029E+02  1.3408E+01 -2.8880E+02
  3.2267E+00  1.0803E+01  4.9836E+01  4.5627E-01  2.9173E+02  1.3404E+01 -2.9025E+02
  3.2300E+00  1.0814E+01  4.9883E+01  4.5627E-01  2.9212E+02  1.3396E+01 -2.9064E+02
  3.2332E+00  1.0825E+01  4.9934E+01  4.5627E-01  2.9157E+02  1.3397E+01 -2.9009E+02
  3.2363E+00  1.0835E+01  4.9999E+01  4.5626E-01  2.9067E+02  1.3407E+01 -2.8918E+02
  3.2397E+00  1.0847E+01  5.0086E+01  4.5626E-01  2.8986E+02  1.3422E+01 -2.8836E+02
  3.2428E+00  1.0857E+01  5.0179E+01  4.5626E-01  2.8952E+02  1.3442E+01 -2.8802E+02
  3.2460E+00  1.0868E+01  5.0278E+01  4.5626E-01  2.8972E+02  1.3457E+01 -2.8821E+02
  3.2491E+00  1.0878E+01  5.0376E+01  4.5626E-01  2.9054E+02  1.3475E+01 -2.8903E+02
  3.2525E+00  1.0889E+01  5.0468E+01  4.5625E-01  2.9211E+02  1.3495E+01 -2.9061E+02
  3.2556E+00  1.0900E+01  5.0537E+01  4.5625E-01  2.9406E+02  1.3509E+01 -2.9256E+02
  3.2588E+00  1.0910E+01  5.0585E+01  4.5625E-01  2.9605E+02  1.3511E+01 -2.9457E+02
  3.2622E+00  1.0921E+01  5.0615E+01  4.5625E-01  2.9772E+02  1.3504E+01 -2.9625E+02
  3.2653E+00  1.0932E+01  5.0629E+01  4.5625E-01  2.9864E+02  1.3496E+01 -2.9717E+02
  3.2685E+00  1.0942E+01  5.0634E+01  4.5625E-01  2.9904E+02  1.3491E+01 -2.9758E+02
  3.2718E+00  1.0954E+01  5.0636E+01  4.5624E-01  2.9915E+02  1.3489E+01 -2.9769E+02
  3.2750E+00  1.0964E+01  5.0636E+01  4.5624E-01  2.9912E+02  1.3490E+01 -2.9765E+02
  3.2781E+00  1.0975E+01  5.0635E+01  4.5624E-01  2.9905E+02  1.3491E+01 -2.9759E+02
  3.2813E+00  1.0985E+01  5.0634E+01  4.5624E-01  2.9898E+02  1.3492E+01 -2.9752E+02
  3.2846E+00  1.0996E+01  5.0633E+01  4.5624E-01  2.9893E+02  1.3493E+01 -2.9746E+02
  3.2878E+00  1.1007E+01  5.0633E+01  4.5623E-01  2.9889E+02  1.3494E+01 -2.9742E+02
  3.2909E+00  1.1017E+01  5.0633E+01  4.5623E-01  2.9886E+02  1.3494E+01 -2.9739E+02
  3.2943E+00  1.1029E+01  5.0633E+01  4.5623E-01  2.9884E+02  1.3495E+01 -2.9737E+02
  3.2974E+00  1.1039E+01  5.0633E+01  4.5623E-01  2.9884E+02  1.3495E+01 -2.9737E+02
  3.3006E+00  1.1050E+01  5.0633E+01  4.5623E-01  2.9883E+02  1.3495E+01 -2.9737E+02
  3.3039E+00  1.1061E+01  5.0633E+01  4.5623E-01  2.9883E+02  1.3495E+01 -2.9736E+02
  3.3071E+00  1.1071E+01  5.0633E+01  4.5622E-01  2.9883E+02  1.3495E+01 -2.9736E+02
  3.3102E+00  1.1082E+01  5.0633E+01  4.5622E-01  2.9882E+02  1.3495E+01 -2.9736E+02
  3.3134E+00  1.1092E+01  5.0633E+01  4.5622E-01  2.9882E+02  1.3495E+01 -2.9735E+02
  3.3167E+00  1.1103E+01  5.0633E+01  4.5622E-01  2.9882E+02  1.3495E+01 -2.9735E+02
  3.3199E+00  1.1114E+01  5.0633E+01  4.5622E-01  2.9882E+02  1.3495E+01 -2.9735E+02
  3.3230E+00  1.1124E+01  5.0633E+01  4.5621E-01  2.9881E+02  1.3495E+01 -2.9734E+02
  3.3264E+00  1.1136E+01  5.0633E+01  4.5621E-01  2.9881E+02  1.3495E+01 -2.9734E+02
  3.3295E+00  1.1146E+01  5.0633E+01  4.5621E-01  2.9881E+02  1.3495E+01 -2.9734E+02
  3.3327E+00  1.1157E+01  5.0633E+01  4.5621E-01  2.9880E+02  1.3495E+01 -2.9734E+02
  3.3360E+00  1.1168E+01  5.0633E+01  4.5621E-01  2.9880E+02  1.3495E+01 -2.9733E+02
  3.3392E+00  1.1178E+01  5.0633E+01  4.5620E-01  2.9880E+02  1.3495E+01 -2.9733E+02
  3.3423E+00  1.1189E+01  5.0633E+01  4.5620E-01  2.9879E+02  1.3495E+01 -2.9733E+02
  3.3455E+00  1.1199E+01  5.0633E+01  4.5620E-01  2.9879E+02  1.3495E+01 -2.9732E+02
  3.3488E+00  1.1211E+01  5.0633E+01  4.5620E-01  2.9879E+02  1.3495E+01 -2.9732E+02
  3.3520E+00  1.1221E+01  5.0633E+01  4.5620E-01  2.9879E+02  1.3496E+01 -2.9732E+02
  3.3551E+00  1.1232E+01  5.0633E+01  4.5620E-01  2.9878E+02  1.3496E+01 -2.9731E+02
  3.3585E+00  1.1243E+01  5.0633E+01  4.5619E-01  2.9878E+02  1.3496E+01 -2.9731E+02
  3.3616E+00  1.1253E+01  5.0633E+01  4.5619E-01  2.9878E+02  1.3496E+01 -2.9731E+02
  3.3648E+00  1.1264E+01  5.0633E+01  4.5619E-01  2.9877E+02  1.3496E+01 -2.9730E+02
  3.3715E+00  1.1286E+01  5.0633E+01  4.5619E-01  2.9877E+02  1.3496E+01 -2.9730E+02
