  2.4326E+01  8.1185E+01  1.0523E+02  4.5150E-01  6.5289E+02  8.0827E+00 -6.5264E+02
  2.4327E+01  8.1189E+01  1.0523E+02  4.5150E-01  6.5289E+02  8.0827E+00 -6.5264E+02
  2.4329E+01  8.1194E+01  1.0523E+02  4.5150E-01  6.5289E+02  8.0827E+00 -6.5264E+02
  2.4330E+01  8.1198E+01  1.0523E+02  4.5150E-01  6.5289E+02  8.0827E+00 -6.5264E+02
  2.4331E+01  8.1203E+01  1.0523E+02  4.5150E-01  6.5288E+02  8.0827E+00 -6.5264E+02
  2.4333E+01  8.1207E+01  1.0523E+02  4.5150E-01  6.5288E+02  8.0827E+00 -6.5264E+02
  2.4334E+01  8.1211E+01  1.0523E+02  4.5150E-01  6.5288E+02  8.0827E+00 -6.5264E+02
  2.4335E+01  8.1215E+01  1.0523E+02  4.5150E-01  6.5288E+02  8.0827E+00 -6.5264E+02
  2.4337E+01  8.1220E+01  1.0523E+02  4.5150E-01  6.5288E+02  8.0827E+00 -6.5264E+02
  2.4338E+01  8.1224E+01  1.0523E+02  4.5150E-01  6.5288E+02  8.0827E+00 -6.5264E+02
  2.4339E+01  8.1229E+01  1.0523E+02  4.5150E-01  6.5288E+02  8.0827E+00 -6.5264E+02
  2.4341E+01  8.1233E+01  1.0523E+02  4.5150E-01  6.5288E+02  8.0827E+00 -6.5264E+02
  2.4342E+01  8.1238E+01  1.0523E+02  4.5150E-01  6.5288E+02  8.0827E+00 -6.5264E+02
  2.4343E+01  8.1242E+01  1.0523E+02  4.5150E-01  6.5288E+02  8.0827E+00 -6.5264E+02
  2.4345E+01  8.1247E+01  1.0523E+02  4.5150E-01  6.5288E+02  8.0827E+00 -6.5263E+02
  2.4346E+01  8.1251E+01  1.0523E+02  4.5150E-01  6.5288E+02  8.0827E+00 -6.5263E+02
  2.4347E+01  8.1256E+01  1.0523E+02  4.5150E-01  6.5288E+02  8.0827E+00 -6.5263E+02
  2.4349E+01  8.1260E+01  1.0523E+02  4.5149E-01  6.5288E+02  8.0827E+00 -6.5263E+02
  2.4350E+01  8.1265E+01  1.0523E+02  4.5149E-01  6.5288E+02  8.0827E+00 -6.5263E+02
  2.4351E+01  8.1269E+01  1.0523E+02  4.5149E-01  6.5288E+02  8.0827E+00 -6.5263E+02
  2.4353E+01  8.1274E+01  1.0523E+02  4.5149E-01  6.5288E+02  8.0827E+00 -6.5263E+02
  2.4354E+01  8.1278E+01  1.0523E+02  4.5149E-01  6.5288E+02  8.0827E+00 -6.5263E+02
  2.4355E+01  8.1283E+01  1.0523E+02  4.5149E-01  6.5288E+02  8.0827E+00 -6.5263E+02
  2.4357E+01  8.1287E+01  1.0523E+02  4.5149E-01  6.5288E+02  8.0827E+00 -6.5263E+02
  2.4358E+01  8.1292E+01  1.0523E+02  4.5149E-01  6.5288E+02  8.0827E+00 -6.5263E+02
  2.4359E+01  8.1296E+01  1.0523E+02  4.5149E-01  6.5288E+02  8.0827E+00 -6.5263E+02
  2.4361E+01  8.1301E+01  1.0523E+02  4.5149E-01  6.5287E+02  8.0827E+00 -6.5263E+02
  2.4362E+01  8.1305E+01  1.0523E+02  4.5149E-01  6.5287E+02  8.0827E+00 -6.5263E+02
  2.4363E+01  8.1310E+01  1.0523E+02  4.5149E-01  6.5287E+02  8.0827E+00 -6.5263E+02
  2.4365E+01  8.1314E+01  1.0523E+02  4.5149E-01  6.5287E+02  8.0827E+00 -6.5263E+02
  2.4366E+01  8.1319E+01  1.0523E+02  4.5149E-01  6.5287E+02  8.0827E+00 -6.5263E+02
  2.4367E+01  8.1323E+01  1.0523E+02  4.5149E-01  6.5287E+02  8.0827E+00 -6.5263E+02
  2.4369E+01  8.1327E+01  1.0523E+02  4.5149E-01  6.5287E+02  8.0827E+00 -6.5263E+02
  2.4370E+01  8.1331E+01  1.0523E+02  4.5149E-01  6.5287E+02  8.0827E+00 -6.5263E+02
  2.4371E+01  8.1336E+01  1.0523E+02  4.5149E-01  6.5287E+02  8.0827E+00 -6.5263E+02
  2.4373E+01  8.1340E+01  1.0523E+02  4.5149E-01  6.5287E+02  8.0827E+00 -6.5263E+02
  2.4374E+01  8.1345E+01  1.0523E+02  4.5149E-01  6.5287E+02  8.0827E+00 -6.5263E+02
  2.4375E+01  8.1349E+01  1.0523E+02  4.5149E-01  6.5287E+02  8.0827E+00 -6.5262E+02
  2.4377E+01  8.1354E+01  1.0523E+02  4.5149E-01  6.5287E+02  8.0827E+00 -6.5262E+02
  2.4378E+01  8.1358E+01  1.0523E+02  4.5149E-01  6.5287E+02  8.0827E+00 -6.5262E+02
  2.4379E+01  8.1363E+01  1.0523E+02  4.5149E-01  6.5287E+02  8.0827E+00 -6.5262E+02
  2.4381E+01  8.1367E+01  1.0523E+02  4.5149E-01  6.5287E+02  8.0827E+00 -6.5262E+02
  2.4382E+01  8.1372E+01  1.0523E+02  4.5149E-01  6.5287E+02  8.0827E+00 -6.5262E+02
  2.4383E+01  8.1376E+01  1.0523E+02  4.5149E-01  6.5287E+02  8.0827E+00 -6.5262E+02
  2.4385E+01  8.1381E+01  1.0523E+02  4.5149E-01  6.5287E+02  8.0827E+00 -6.5262E+02
  2.4386E+01  8.1385E+01  1.0523E+02  4.5149E-01  6.5287E+02  8.0827E+00 -6.5262E+02
  2.4388E+01  8.1390E+01  1.0523E+02  4.5149E-01  6.5287E+02  8.0827E+00 -6.5262E+02
  2.4389E+01  8.1394E+01  1.0523E+02  4.5149E-01  6.5287E+02  8.0827E+00 -6.5262E+02
  2.4390E+01  8.1399E+01  1.0523E+02  4.5149E-01  6.5287E+02  8.0827E+00 -6.5262E+02
  2.4391E+01  8.1403E+01  1.0523E+02  4.5149E-01  6.5286E+02  8.0827E+00 -6.5262E+02
  2.4393E+01  8.1408E+01  1.0523E+02  4.5149E-01  6.5286E+02  8.0827E+00 -6.5262E+02
  2.4394E+01  8.1412E+01  1.0523E+02  4.5149E-01  6.5286E+02  8.0827E+00 -6.5262E+02
  2.4396E+01  8.1417E+01  1.0523E+02  4.5149E-01  6.5286E+02  8.0827E+00 -6.5262E+02
  2.4397E+01  8.1421E+01  1.0523E+02  4.5149E-01  6.5286E+02  8.0827E+00 -6.5262E+02
  2.4398E+01  8.1426E+01  1.0523E+02  4.5149E-01  6.5286E+02  8.0827E+00 -6.5262E+02
  2.4399E+01  8.1430E+01  1.0523E+02  4.5149E-01  6.5286E+02  8.0827E+00 -6.5262E+02
  2.4401E+01  8.1434E+01  1.0523E+02  4.5149E-01  6.5286E+02  8.0827E+00 -6.5262E+02
  2.4402E+01  8.1438E+01  1.0523E+02  4.5149E-01  6.5286E+02  8.0827E+00 -6.5262E+02
  2.4404E+01  8.1443E+01  1.0523E+02  4.5149E-01  6.5286E+02  8.0828E+00 -6.5262E+02
  2.4405E+01  8.1447E+01  1.0523E+02  4.5149E-01  6.5286E+02  8.0828E+00 -6.5261E+02
  2.4406E+01  8.1452E+01  1.0523E+02  4.5149E-01  6.5286E+02  8.0828E+00 -6.5261E+02
  2.4407E+01  8.1456E+01  1.0523E+02  4.5149E-01  6.5286E+02  8.0828E+00 -6.5261E+02
  2.4409E+01  8.1461E+01  1.0523E+02  4.5149E-01  6.5286E+02  8.0828E+00 -6.5261E+02
  2.4410E+01  8.1465E+01  1.0523E+02  4.5149E-01  6.5286E+02  8.0828E+00 -6.5261E+02
  2.4412E+01  8.1470E+01  1.0523E+02  4.5149E-01  6.5286E+02  8.0828E+00 -6.5261E+02
  2.4413E+01  8.1474E+01  1.0523E+02  4.5149E-01  6.5286E+02  8.0828E+00 -6.5261E+02
  2.4414E+01  8.1479E+01  1.0523E+02  4.5149E-01  6.5286E+02  8.0828E+00 -6.5261E+02
  2.4416E+01  8.1483E+01  1.0523E+02  4.5149E-01  6.5286E+02  8.0828E+00 -6.5261E+02
  2.4417E+01  8.1488E+01  1.0523E+02  4.5149E-01  6.5286E+02  8.0828E+00 -6.5261E+02
  2.4418E+01  8.1492E+01  1.0523E+02  4.5149E-01  6.5286E+02  8.0828E+00 -6.5261E+02
  2.4420E+01  8.1497E+01  1.0523E+02  4.5148E-01  6.5286E+02  8.0828E+00 -6.5261E+02
  2.4421E+01  8.1501E+01  1.0523E+02  4.5148E-01  6.5286E+02  8.0828E+00 -6.5261E+02
  2.4422E+01  8.1506E+01  1.0523E+02  4.5148E-01  6.5285E+02  8.0828E+00 -6.5261E+02
  2.4424E+01  8.1510E+01  1.0523E+02  4.5148E-01  6.5285E+02  8.0828E+00 -6.5261E+02
  2.4425E+01  8.1515E+01  1.0523E+02  4.5148E-01  6.5285E+02  8.0828E+00 -6.5261E+02
  2.4426E+01  8.1519E+01  1.0523E+02  4.5148E-01  6.5285E+02  8.0828E+00 -6.5261E+02
  2.4428E+01  8.1524E+01  1.0523E+02  4.5148E-01  6.5285E+02  8.0828E+00 -6.5261E+02
  2.4429E+01  8.1528E+01  1.0523E+02  4.5148E-01  6.5285E+02  8.0828E+00 -6.5261E+02
  2.4430E+01  8.1533E+01  1.0523E+02  4.5148E-01  6.5285E+02  8.0828E+00 -6.5261E+02
  2.4432E+01  8.1537E+01  1.0523E+02  4.5148E-01  6.5285E+02  8.0828E+00 -6.5261E+02
  2.4433E+01  8.1542E+01  1.0523E+02  4.5148E-01  6.5285E+02  8.0828E+00 -6.5261E+02
  2.4434E+01  8.1546E+01  1.0523E+02  4.5148E-01  6.5285E+02  8.0828E+00 -6.5261E+02
  2.4436E+01  8.1550E+01  1.0523E+02  4.5148E-01  6.5285E+02  8.0828E+00 -6.5260E+02
  2.4437E+01  8.1554E+01  1.0523E+02  4.5148E-01  6.5285E+02  8.0828E+00 -6.5260E+02
  2.4438E+01  8.1559E+01  1.0523E+02  4.5148E-01  6.5285E+02  8.0828E+00 -6.5260E+02
  2.4440E+01  8.1563E+01  1.0523E+02  4.5148E-01  6.5285E+02  8.0828E+00 -6.5260E+02
  2.4441E+01  8.1568E+01  1.0523E+02  4.5148E-01  6.5285E+02  8.0828E+00 -6.5260E+02
  2.4442E+01  8.1572E+01  1.0523E+02  4.5148E-01  6.5285E+02  8.0828E+00 -6.5260E+02
  2.4444E+01  8.1577E+01  1.0523E+02  4.5148E-01  6.5285E+02  8.0828E+00 -6.5260E+02
  2.4445E+01  8.1581E+01  1.0523E+02  4.5148E-01  6.5285E+02  8.0828E+00 -6.5260E+02
  2.4446E+01  8.1586E+01  1.0523E+02  4.5148E-01  6.5285E+02  8.0828E+00 -6.5260E+02
  2.4448E+01  8.1590E+01  1.0523E+02  4.5148E-01  6.5285E+02  8.0828E+00 -6.5260E+02
  2.4449E+01  8.1595E+01  1.0523E+02  4.5148E-01  6.5285E+02  8.0828E+00 -6.5260E+02
  2.4450E+01  8.1599E+01  1.0523E+02  4.5148E-01  6.5285E+02  8.0828E+00 -6.5260E+02
  2.4452E+01  8.1604E+01  1.0523E+02  4.5148E-01  6.5284E+02  8.0828E+00 -6.5260E+02
  2.4453E+01  8.1608E+01  1.0523E+02  4.5148E-01  6.5284E+02  8.0828E+00 -6.5260E+02
  2.4454E+01  8.1613E+01  1.0523E+02  4.5148E-01  6.5284E+02  8.0828E+00 -6.5260E+02
  2.4456E+01  8.1617E+01  1.0523E+02  4.5148E-01  6.5284E+02  8.0828E+00 -6.5260E+02
  2.4457E+01  8.1622E+01  1.0523E+02  4.5148E-01  6.5284E+02  8.0828E+00 -6.5260E+02
  2.4458E+01  8.1626E+01  1.0523E+02  4.5148E-01  6.5284E+02  8.0828E+00 -6.5260E+02
  2.4460E+01  8.1631E+01  1.0523E+02  4.5148E-01  6.5284E+02  8.0828E+00 -6.5260E+02
  2.4461E+01  8.1635E+01  1.0523E+02  4.5148E-01  6.5284E+02  8.0828E+00 -6.5260E+02
  2.4462E+01  8.1640E+01  1.0523E+02  4.5148E-01  6.5284E+02  8.0828E+00 -6.5260E+02
  2.4464E+01  8.1644E+01  1.0523E+02  4.5148E-01  6.5284E+02  8.0828E+00 -6.5260E+02
  2.4465E+01  8.1649E+01  1.0523E+02  4.5148E-01  6.5284E+02  8.0828E+00 -6.5260E+02
  2.4466E+01  8.1653E+01  1.0523E+02  4.5148E-01  6.5284E+02  8.0828E+00 -6.5259E+02
  2.4468E+01  8.1657E+01  1.0523E+02  4.5148E-01  6.5284E+02  8.0828E+00 -6.5259E+02
  2.4469E+01  8.1662E+01  1.0523E+02  4.5148E-01  6.5284E+02  8.0828E+00 -6.5259E+02
  2.4470E+01  8.1666E+01  1.0523E+02  4.5148E-01  6.5284E+02  8.0828E+00 -6.5259E+02
  2.4472E+01  8.1670E+01  1.0523E+02  4.5148E-01  6.5284E+02  8.0828E+00 -6.5259E+02
  2.4473E+01  8.1675E+01  1.0523E+02  4.5148E-01  6.5284E+02  8.0828E+00 -6.5259E+02
  2.4474E+01  8.1679E+01  1.0523E+02  4.5148E-01  6.5284E+02  8.0828E+00 -6.5259E+02
  2.4476E+01  8.1684E+01  1.0523E+02  4.5148E-01  6.5284E+02  8.0828E+00 -6.5259E+02
  2.4477E+01  8.1688E+01  1.0523E+02  4.5148E-01  6.5284E+02  8.0828E+00 -6.5259E+02
  2.4478E+01  8.1693E+01  1.0523E+02  4.5148E-01  6.5284E+02  8.0828E+00 -6.5259E+02
  2.4480E+01  8.1697E+01  1.0523E+02  4.5148E-01  6.5284E+02  8.0828E+00 -6.5259E+02
  2.4481E+01  8.1702E+01  1.0523E+02  4.5148E-01  6.5284E+02  8.0828E+00 -6.5259E+02
  2.4482E+01  8.1706E+01  1.0523E+02  4.5148E-01  6.5283E+02  8.0828E+00 -6.5259E+02
  2.4484E+01  8.1711E+01  1.0523E+02  4.5148E-01  6.5283E+02  8.0828E+00 -6.5259E+02
  2.4485E+01  8.1715E+01  1.0523E+02  4.5148E-01  6.5283E+02  8.0828E+00 -6.5259E+02
  2.4486E+01  8.1720E+01  1.0523E+02  4.5148E-01  6.5283E+02  8.0828E+00 -6.5259E+02
  2.4488E+01  8.1724E+01  1.0523E+02  4.5148E-01  6.5283E+02  8.0828E+00 -6.5259E+02
  2.4489E+01  8.1729E+01  1.0523E+02  4.5147E-01  6.5283E+02  8.0828E+00 -6.5259E+02
  2.4490E+01  8.1733E+01  1.0523E+02  4.5147E-01  6.5283E+02  8.0828E+00 -6.5259E+02
  2.4492E+01  8.1738E+01  1.0523E+02  4.5147E-01  6.5283E+02  8.0828E+00 -6.5259E+02
  2.4493E+01  8.1742E+01  1.0523E+02  4.5147E-01  6.5283E+02  8.0828E+00 -6.5259E+02
  2.4494E+01  8.1747E+01  1.0523E+02  4.5147E-01  6.5283E+02  8.0828E+00 -6.5259E+02
  2.4496E+01  8.1751E+01  1.0523E+02  4.5147E-01  6.5283E+02  8.0828E+00 -6.5258E+02
  2.4497E+01  8.1756E+01  1.0523E+02  4.5147E-01  6.5283E+02  8.0828E+00 -6.5258E+02
  2.4498E+01  8.1760E+01  1.0523E+02  4.5147E-01  6.5283E+02  8.0828E+00 -6.5258E+02
  2.4500E+01  8.1765E+01  1.0523E+02  4.5147E-01  6.5283E+02  8.0828E+00 -6.5258E+02
  2.4501E+01  8.1769E+01  1.0523E+02  4.5147E-01  6.5283E+02  8.0828E+00 -6.5258E+02
  2.4503E+01  8.1773E+01  1.0523E+02  4.5147E-01  6.5283E+02  8.0828E+00 -6.5258E+02
  2.4504E+01  8.1777E+01  1.0523E+02  4.5147E-01  6.5283E+02  8.0828E+00 -6.5258E+02
  2.4505E+01  8.1782E+01  1.0523E+02  4.5147E-01  6.5283E+02  8.0828E+00 -6.5258E+02
  2.4506E+01  8.1786E+01  1.0523E+02  4.5147E-01  6.5283E+02  8.0828E+00 -6.5258E+02
  2.4508E+01  8.1791E+01  1.0523E+02  4.5147E-01  6.5283E+02  8.0828E+00 -6.5258E+02
  2.4509E+01  8.1795E+01  1.0523E+02  4.5147E-01  6.5283E+02  8.0828E+00 -6.5258E+02
  2.4511E+01  8.1800E+01  1.0523E+02  4.5147E-01  6.5283E+02  8.0828E+00 -6.5258E+02
  2.4512E+01  8.1804E+01  1.0523E+02  4.5147E-01  6.5283E+02  8.0828E+00 -6.5258E+02
  2.4513E+01  8.1809E+01  1.0523E+02  4.5147E-01  6.5282E+02  8.0829E+00 -6.5258E+02
  2.4514E+01  8.1813E+01  1.0523E+02  4.5147E-01  6.5282E+02  8.0829E+00 -6.5258E+02
  2.4516E+01  8.1818E+01  1.0523E+02  4.5147E-01  6.5282E+02  8.0829E+00 -6.5258E+02
  2.4517E+01  8.1822E+01  1.0523E+02  4.5147E-01  6.5282E+02  8.0829E+00 -6.5258E+02
  2.4519E+01  8.1827E+01  1.0523E+02  4.5147E-01  6.5282E+02  8.0829E+00 -6.5258E+02
  2.4520E+01  8.1831E+01  1.0523E+02  4.5147E-01  6.5282E+02  8.0829E+00 -6.5258E+02
  2.4521E+01  8.1836E+01  1.0523E+02  4.5147E-01  6.5282E+02  8.0829E+00 -6.5258E+02
  2.4522E+01  8.1840E+01  1.0523E+02  4.5147E-01  6.5282E+02  8.0829E+00 -6.5258E+02
  2.4524E+01  8.1845E+01  1.0523E+02  4.5147E-01  6.5282E+02  8.0829E+00 -6.5258E+02
  2.4525E+01  8.1849E+01  1.0523E+02  4.5147E-01  6.5282E+02  8.0829E+00 -6.5258E+02
  2.4527E+01  8.1854E+01  1.0523E+02  4.5147E-01  6.5282E+02  8.0829E+00 -6.5257E+02
  2.4528E+01  8.1858E+01  1.0523E+02  4.5147E-01  6.5282E+02  8.0829E+00 -6.5257E+02
  2.4529E+01  8.1863E+01  1.0523E+02  4.5147E-01  6.5282E+02  8.0829E+00 -6.5257E+02
  2.4531E+01  8.1867E+01  1.0523E+02  4.5147E-01  6.5282E+02  8.0829E+00 -6.5257E+02
  2.4532E+01  8.1872E+01  1.0523E+02  4.5147E-01  6.5282E+02  8.0829E+00 -6.5257E+02
  2.4533E+01  8.1876E+01  1.0523E+02  4.5147E-01  6.5282E+02  8.0829E+00 -6.5257E+02
  2.4535E+01  8.1880E+01  1.0523E+02  4.5147E-01  6.5282E+02  8.0829E+00 -6.5257E+02
  2.4536E+01  8.1885E+01  1.0523E+02  4.5147E-01  6.5282E+02  8.0829E+00 -6.5257E+02
  2.4537E+01  8.1889E+01  1.0523E+02  4.5147E-01  6.5282E+02  8.0829E+00 -6.5257E+02
  2.4539E+01  8.1893E+01  1.0523E+02  4.5147E-01  6.5282E+02  8.0829E+00 -6.5257E+02
  2.4540E+01  8.1898E+01  1.0523E+02  4.5147E-01  6.5282E+02  8.0829E+00 -6.5257E+02
  2.4541E+01  8.1902E+01  1.0523E+02  4.5147E-01  6.5282E+02  8.0829E+00 -6.5257E+02
  2.4543E+01  8.1907E+01  1.0523E+02  4.5147E-01  6.5281E+02  8.0829E+00 -6.5257E+02
  2.4544E+01  8.1911E+01  1.0523E+02  4.5147E-01  6.5281E+02  8.0829E+00 -6.5257E+02
  2.4545E+01  8.1916E+01  1.0523E+02  4.5147E-01  6.5281E+02  8.0829E+00 -6.5257E+02
  2.4547E+01  8.1920E+01  1.0523E+02  4.5147E-01  6.5281E+02  8.0829E+00 -6.5257E+02
  2.4548E+01  8.1925E+01  1.0523E+02  4.5147E-01  6.5281E+02  8.0829E+00 -6.5257E+02
  2.4549E+01  8.1929E+01  1.0523E+02  4.5147E-01  6.5281E+02  8.0829E+00 -6.5257E+02
  2.4551E+01  8.1934E+01  1.0523E+02  4.5147E-01  6.5281E+02  8.0829E+00 -6.5257E+02
  2.4552E+01  8.1938E+01  1.0523E+02  4.5147E-01  6.5281E+02  8.0829E+00 -6.5257E+02
  2.4553E+01  8.1943E+01  1.0523E+02  4.5147E-01  6.5281E+02  8.0829E+00 -6.5257E+02
  2.4555E+01  8.1947E+01  1.0523E+02  4.5147E-01  6.5281E+02  8.0829E+00 -6.5257E+02
  2.4556E+01  8.1952E+01  1.0523E+02  4.5147E-01  6.5281E+02  8.0829E+00 -6.5257E+02
  2.4557E+01  8.1956E+01  1.0523E+02  4.5147E-01  6.5281E+02  8.0829E+00 -6.5256E+02
  2.4559E+01  8.1961E+01  1.0523E+02  4.5146E-01  6.5281E+02  8.0829E+00 -6.5256E+02
  2.4560E+01  8.1965E+01  1.0523E+02  4.5146E-01  6.5281E+02  8.0829E+00 -6.5256E+02
  2.4561E+01  8.1970E+01  1.0523E+02  4.5146E-01  6.5281E+02  8.0829E+00 -6.5256E+02
  2.4563E+01  8.1974E+01  1.0523E+02  4.5146E-01  6.5281E+02  8.0829E+00 -6.5256E+02
  2.4564E+01  8.1979E+01  1.0523E+02  4.5146E-01  6.5281E+02  8.0829E+00 -6.5256E+02
  2.4565E+01  8.1983E+01  1.0523E+02  4.5146E-01  6.5281E+02  8.0829E+00 -6.5256E+02
  2.4567E+01  8.1988E+01  1.0523E+02  4.5146E-01  6.5281E+02  8.0829E+00 -6.5256E+02
  2.4568E+01  8.1992E+01  1.0523E+02  4.5146E-01  6.5281E+02  8.0829E+00 -6.5256E+02
  2.4569E+01  8.1996E+01  1.0523E+02  4.5146E-01  6.5281E+02  8.0829E+00 -6.5256E+02
  2.4571E+01  8.2000E+01  1.0523E+02  4.5146E-01  6.5281E+02  8.0829E+00 -6.5256E+02
  2.4572E+01  8.2005E+01  1.0523E+02  4.5146E-01  6.5281E+02  8.0829E+00 -6.5256E+02
  2.4573E+01  8.2009E+01  1.0523E+02  4.5146E-01  6.5280E+02  8.0829E+00 -6.5256E+02
  2.4575E+01  8.2014E+01  1.0523E+02  4.5146E-01  6.5280E+02  8.0829E+00 -6.5256E+02
  2.4576E+01  8.2018E+01  1.0523E+02  4.5146E-01  6.5280E+02  8.0829E+00 -6.5256E+02
  2.4577E+01  8.2023E+01  1.0523E+02  4.5146E-01  6.5280E+02  8.0829E+00 -6.5256E+02
  2.4579E+01  8.2027E+01  1.0523E+02  4.5146E-01  6.5280E+02  8.0829E+00 -6.5256E+02
  2.4580E+01  8.2032E+01  1.0523E+02  4.5146E-01  6.5280E+02  8.0829E+00 -6.5256E+02
  2.4581E+01  8.2036E+01  1.0523E+02  4.5146E-01  6.5280E+02  8.0829E+00 -6.5256E+02
  2.4583E+01  8.2041E+01  1.0523E+02  4.5146E-01  6.5280E+02  8.0829E+00 -6.5256E+02
  2.4584E+01  8.2045E+01  1.0523E+02  4.5146E-01  6.5280E+02  8.0829E+00 -6.5256E+02
  2.4585E+01  8.2050E+01  1.0523E+02  4.5146E-01  6.5280E+02  8.0829E+00 -6.5256E+02
  2.4587E+01  8.2054E+01  1.0523E+02  4.5146E-01  6.5280E+02  8.0829E+00 -6.5255E+02
  2.4588E+01  8.2059E+01  1.0523E+02  4.5146E-01  6.5280E+02  8.0829E+00 -6.5255E+02
  2.4589E+01  8.2063E+01  1.0523E+02  4.5146E-01  6.5280E+02  8.0829E+00 -6.5255E+02
  2.4591E+01  8.2068E+01  1.0523E+02  4.5146E-01  6.5280E+02  8.0829E+00 -6.5255E+02
  2.4592E+01  8.2072E+01  1.0523E+02  4.5146E-01  6.5280E+02  8.0829E+00 -6.5255E+02
  2.4593E+01  8.2077E+01  1.0523E+02  4.5146E-01  6.5280E+02  8.0829E+00 -6.5255E+02
  2.4595E+01  8.2081E+01  1.0523E+02  4.5146E-01  6.5280E+02  8.0829E+00 -6.5255E+02
  2.4596E+01  8.2086E+01  1.0523E+02  4.5146E-01  6.5280E+02  8.0829E+00 -6.5255E+02
  2.4597E+01  8.2090E+01  1.0523E+02  4.5146E-01  6.5280E+02  8.0829E+00 -6.5255E+02
  2.4599E+01  8.2095E+01  1.0523E+02  4.5146E-01  6.5280E+02  8.0829E+00 -6.5255E+02
  2.4600E+01  8.2099E+01  1.0523E+02  4.5146E-01  6.5280E+02  8.0829E+00 -6.5255E+02
  2.4601E+01  8.2104E+01  1.0523E+02  4.5146E-01  6.5280E+02  8.0829E+00 -6.5255E+02
  2.4603E+01  8.2108E+01  1.0523E+02  4.5146E-01  6.5280E+02  8.0829E+00 -6.5255E+02
  2.4604E+01  8.2112E+01  1.0523E+02  4.5146E-01  6.5279E+02  8.0829E+00 -6.5255E+02
  2.4605E+01  8.2116E+01  1.0523E+02  4.5146E-01  6.5279E+02  8.0829E+00 -6.5255E+02
  2.4607E+01  8.2121E+01  1.0523E+02  4.5146E-01  6.5279E+02  8.0829E+00 -6.5255E+02
  2.4608E+01  8.2125E+01  1.0523E+02  4.5146E-01  6.5279E+02  8.0829E+00 -6.5255E+02
  2.4609E+01  8.2130E+01  1.0523E+02  4.5146E-01  6.5279E+02  8.0829E+00 -6.5255E+02
  2.4611E+01  8.2134E+01  1.0523E+02  4.5146E-01  6.5279E+02  8.0829E+00 -6.5255E+02
  2.4612E+01  8.2139E+01  1.0523E+02  4.5146E-01  6.5279E+02  8.0829E+00 -6.5255E+02
  2.4613E+01  8.2143E+01  1.0523E+02  4.5146E-01  6.5279E+02  8.0829E+00 -6.5255E+02
  2.4615E+01  8.2148E+01  1.0523E+02  4.5146E-01  6.5279E+02  8.0829E+00 -6.5255E+02
  2.4616E+01  8.2152E+01  1.0523E+02  4.5146E-01  6.5279E+02  8.0829E+00 -6.5255E+02
  2.4617E+01  8.2157E+01  1.0523E+02  4.5146E-01  6.5279E+02  8.0829E+00 -6.5254E+02
  2.4619E+01  8.2161E+01  1.0523E+02  4.5146E-01  6.5279E+02  8.0829E+00 -6.5254E+02
  2.4620E+01  8.2166E+01  1.0523E+02  4.5146E-01  6.5279E+02  8.0829E+00 -6.5254E+02
  2.4621E+01  8.2170E+01  1.0523E+02  4.5146E-01  6.5279E+02  8.0829E+00 -6.5254E+02
  2.4623E+01  8.2175E+01  1.0523E+02  4.5146E-01  6.5279E+02  8.0829E+00 -6.5254E+02
  2.4624E+01  8.2179E+01  1.0523E+02  4.5146E-01  6.5279E+02  8.0830E+00 -6.5254E+02
  2.4626E+01  8.2184E+01  1.0523E+02  4.5146E-01  6.5279E+02  8.0830E+00 -6.5254E+02
  2.4627E+01  8.2188E+01  1.0523E+02  4.5146E-01  6.5279E+02  8.0830E+00 -6.5254E+02
  2.4628E+01  8.2193E+01  1.0523E+02  4.5145E-01  6.5279E+02  8.0830E+00 -6.5254E+02
  2.4629E+01  8.2197E+01  1.0523E+02  4.5145E-01  6.5279E+02  8.0830E+00 -6.5254E+02
  2.4631E+01  8.2202E+01  1.0523E+02  4.5145E-01  6.5279E+02  8.0830E+00 -6.5254E+02
  2.4632E+01  8.2206E+01  1.0523E+02  4.5145E-01  6.5279E+02  8.0830E+00 -6.5254E+02
  2.4634E+01  8.2211E+01  1.0523E+02  4.5145E-01  6.5278E+02  8.0830E+00 -6.5254E+02
  2.4635E+01  8.2215E+01  1.0523E+02  4.5145E-01  6.5278E+02  8.0830E+00 -6.5254E+02
  2.4636E+01  8.2219E+01  1.0523E+02  4.5145E-01  6.5278E+02  8.0830E+00 -6.5254E+02
  2.4637E+01  8.2224E+01  1.0523E+02  4.5145E-01  6.5278E+02  8.0830E+00 -6.5254E+02
  2.4639E+01  8.2228E+01  1.0523E+02  4.5145E-01  6.5278E+02  8.0830E+00 -6.5254E+02
  2.4640E+01  8.2232E+01  1.0523E+02  4.5145E-01  6.5278E+02  8.0830E+00 -6.5254E+02
  2.4642E+01  8.2237E+01  1.0523E+02  4.5145E-01  6.5278E+02  8.0830E+00 -6.5254E+02
  2.4643E+01  8.2241E+01  1.0523E+02  4.5145E-01  6.5278E+02  8.0830E+00 -6.5254E+02
  2.4644E+01  8.2246E+01  1.0523E+02  4.5145E-01  6.5278E+02  8.0830E+00 -6.5254E+02
  2.4645E+01  8.2250E+01  1.0523E+02  4.5145E-01  6.5278E+02  8.0830E+00 -6.5254E+02
  2.4647E+01  8.2255E+01  1.0523E+02  4.5145E-01  6.5278E+02  8.0830E+00 -6.5253E+02
  2.4648E+01  8.2259E+01  1.0523E+02  4.5145E-01  6.5278E+02  8.0830E+00 -6.5253E+02
  2.4650E+01  8.2264E+01  1.0523E+02  4.5145E-01  6.5278E+02  8.0830E+00 -6.5253E+02
  2.4651E+01  8.2268E+01  1.0523E+02  4.5145E-01  6.5278E+02  8.0830E+00 -6.5253E+02
  2.4652E+01  8.2273E+01  1.0523E+02  4.5145E-01  6.5278E+02  8.0830E+00 -6.5253E+02
  2.4654E+01  8.2277E+01  1.0523E+02  4.5145E-01  6.5278E+02  8.0830E+00 -6.5253E+02
  2.4655E+01  8.2282E+01  1.0523E+02  4.5145E-01  6.5278E+02  8.0830E+00 -6.5253E+02
  2.4656E+01  8.2286E+01  1.0523E+02  4.5145E-01  6.5278E+02  8.0830E+00 -6.5253E+02
  2.4658E+01  8.2291E+01  1.0523E+02  4.5145E-01  6.5278E+02  8.0830E+00 -6.5253E+02
  2.4659E+01  8.2295E+01  1.0523E+02  4.5145E-01  6.5278E+02  8.0830E+00 -6.5253E+02
  2.4660E+01  8.2300E+01  1.0523E+02  4.5145E-01  6.5278E+02  8.0830E+00 -6.5253E+02
  2.4662E+01  8.2304E+01  1.0523E+02  4.5145E-01  6.5278E+02  8.0830E+00 -6.5253E+02
  2.4663E+01  8.2309E+01  1.0523E+02  4.5145E-01  6.5278E+02  8.0830E+00 -6.5253E+02
  2.4664E+01  8.2313E+01  1.0523E+02  4.5145E-01  6.5277E+02  8.0830E+00 -6.5253E+02
  2.4666E+01  8.2318E+01  1.0523E+02  4.5145E-01  6.5277E+02  8.0830E+00 -6.5253E+02
  2.4667E+01  8.2322E+01  1.0523E+02  4.5145E-01  6.5277E+02  8.0830E+00 -6.5253E+02
  2.4668E+01  8.2327E+01  1.0523E+02  4.5145E-01  6.5277E+02  8.0830E+00 -6.5253E+02
  2.4670E+01  8.2331E+01  1.0523E+02  4.5145E-01  6.5277E+02  8.0830E+00 -6.5253E+02
  2.4671E+01  8.2335E+01  1.0523E+02  4.5145E-01  6.5277E+02  8.0830E+00 -6.5253E+02
  2.4672E+01  8.2339E+01  1.0523E+02  4.5145E-01  6.5277E+02  8.0830E+00 -6.5253E+02
  2.4674E+01  8.2344E+01  1.0523E+02  4.5145E-01  6.5277E+02  8.0830E+00 -6.5253E+02
  2.4675E+01  8.2348E+01  1.0523E+02  4.5145E-01  6.5277E+02  8.0830E+00 -6.5253E+02
  2.4676E+01  8.2353E+01  1.0523E+02  4.5145E-01  6.5277E+02  8.0830E+00 -6.5253E+02
  2.4678E+01  8.2357E+01  1.0523E+02  4.5145E-01  6.5277E+02  8.0830E+00 -6.5252E+02
  2.4679E+01  8.2362E+01  1.0523E+02  4.5145E-01  6.5277E+02  8.0830E+00 -6.5252E+02
  2.4680E+01  8.2366E+01  1.0523E+02  4.5145E-01  6.5277E+02  8.0830E+00 -6.5252E+02
  2.4682E+01  8.2371E+01  1.0523E+02  4.5145E-01  6.5277E+02  8.0830E+00 -6.5252E+02
  2.4683E+01  8.2375E+01  1.0523E+02  4.5145E-01  6.5277E+02  8.0830E+00 -6.5252E+02
  2.4684E+01  8.2380E+01  1.0523E+02  4.5145E-01  6.5277E+02  8.0830E+00 -6.5252E+02
  2.4686E+01  8.2384E+01  1.0523E+02  4.5145E-01  6.5277E+02  8.0830E+00 -6.5252E+02
  2.4687E+01  8.2389E+01  1.0523E+02  4.5145E-01  6.5277E+02  8.0830E+00 -6.5252E+02
  2.4688E+01  8.2393E+01  1.0523E+02  4.5145E-01  6.5277E+02  8.0830E+00 -6.5252E+02
  2.4690E+01  8.2398E+01  1.0523E+02  4.5145E-01  6.5277E+02  8.0830E+00 -6.5252E+02
  2.4691E+01  8.2402E+01  1.0523E+02  4.5145E-01  6.5277E+02  8.0830E+00 -6.5252E+02
  2.4692E+01  8.2407E+01  1.0523E+02  4.5145E-01  6.5277E+02  8.0830E+00 -6.5252E+02
  2.4694E+01  8.2411E+01  1.0523E+02  4.5145E-01  6.5277E+02  8.0830E+00 -6.5252E+02
  2.4695E+01  8.2416E+01  1.0523E+02  4.5145E-01  6.5276E+02  8.0830E+00 -6.5252E+02
  2.4696E+01  8.2420E+01  1.0523E+02  4.5145E-01  6.5276E+02  8.0830E+00 -6.5252E+02
  2.4698E+01  8.2425E+01  1.0523E+02  4.5144E-01  6.5276E+02  8.0830E+00 -6.5252E+02
  2.4699E+01  8.2429E+01  1.0523E+02  4.5144E-01  6.5276E+02  8.0830E+00 -6.5252E+02
  2.4700E+01  8.2434E+01  1.0523E+02  4.5144E-01  6.5276E+02  8.0830E+00 -6.5252E+02
  2.4702E+01  8.2438E+01  1.0523E+02  4.5144E-01  6.5276E+02  8.0830E+00 -6.5252E+02
  2.4703E+01  8.2442E+01  1.0523E+02  4.5144E-01  6.5276E+02  8.0830E+00 -6.5252E+02
  2.4704E+01  8.2447E+01  1.0523E+02  4.5144E-01  6.5276E+02  8.0830E+00 -6.5252E+02
  2.4706E+01  8.2451E+01  1.0523E+02  4.5144E-01  6.5276E+02  8.0830E+00 -6.5252E+02
  2.4707E+01  8.2455E+01  1.0523E+02  4.5144E-01  6.5276E+02  8.0830E+00 -6.5252E+02
  2.4708E+01  8.2460E+01  1.0523E+02  4.5144E-01  6.5276E+02  8.0830E+00 -6.5251E+02
  2.4710E+01  8.2464E+01  1.0523E+02  4.5144E-01  6.5276E+02  8.0830E+00 -6.5251E+02
  2.4711E+01  8.2469E+01  1.0523E+02  4.5144E-01  6.5276E+02  8.0830E+00 -6.5251E+02
  2.4712E+01  8.2473E+01  1.0523E+02  4.5144E-01  6.5276E+02  8.0830E+00 -6.5251E+02
  2.4714E+01  8.2478E+01  1.0523E+02  4.5144E-01  6.5276E+02  8.0830E+00 -6.5251E+02
  2.4715E+01  8.2482E+01  1.0523E+02  4.5144E-01  6.5276E+02  8.0830E+00 -6.5251E+02
  2.4716E+01  8.2487E+01  1.0523E+02  4.5144E-01  6.5276E+02  8.0830E+00 -6.5251E+02
  2.4718E+01  8.2491E+01  1.0523E+02  4.5144E-01  6.5276E+02  8.0830E+00 -6.5251E+02
  2.4719E+01  8.2496E+01  1.0523E+02  4.5144E-01  6.5276E+02  8.0830E+00 -6.5251E+02
  2.4720E+01  8.2500E+01  1.0523E+02  4.5144E-01  6.5276E+02  8.0830E+00 -6.5251E+02
  2.4722E+01  8.2505E+01  1.0523E+02  4.5144E-01  6.5276E+02  8.0830E+00 -6.5251E+02
  2.4723E+01  8.2509E+01  1.0523E+02  4.5144E-01  6.5276E+02  8.0830E+00 -6.5251E+02
  2.4724E+01  8.2514E+01  1.0523E+02  4.5144E-01  6.5275E+02  8.0830E+00 -6.5251E+02
  2.4726E+01  8.2518E+01  1.0523E+02  4.5144E-01  6.5275E+02  8.0830E+00 -6.5251E+02
  2.4727E+01  8.2523E+01  1.0523E+02  4.5144E-01  6.5275E+02  8.0830E+00 -6.5251E+02
  2.4728E+01  8.2527E+01  1.0523E+02  4.5144E-01  6.5275E+02  8.0830E+00 -6.5251E+02
  2.4730E+01  8.2532E+01  1.0523E+02  4.5144E-01  6.5275E+02  8.0830E+00 -6.5251E+02
  2.4731E+01  8.2536E+01  1.0523E+02  4.5144E-01  6.5275E+02  8.0830E+00 -6.5251E+02
  2.4732E+01  8.2541E+01  1.0523E+02  4.5144E-01  6.5275E+02  8.0830E+00 -6.5251E+02
  2.4734E+01  8.2545E+01  1.0523E+02  4.5144E-01  6.5275E+02  8.0830E+00 -6.5251E+02
  2.4735E+01  8.2550E+01  1.0523E+02  4.5144E-01  6.5275E+02  8.0830E+00 -6.5251E+02
  2.4736E+01  8.2554E+01  1.0523E+02  4.5144E-01  6.5275E+02  8.0830E+00 -6.5251E+02
  2.4738E+01  8.2558E+01  1.0523E+02  4.5144E-01  6.5275E+02  8.0830E+00 -6.5250E+02
  2.4739E+01  8.2562E+01  1.0523E+02  4.5144E-01  6.5275E+02  8.0830E+00 -6.5250E+02
  2.4741E+01  8.2567E+01  1.0523E+02  4.5144E-01  6.5275E+02  8.0830E+00 -6.5250E+02
  2.4742E+01  8.2571E+01  1.0523E+02  4.5144E-01  6.5275E+02  8.0830E+00 -6.5250E+02
  2.4743E+01  8.2576E+01  1.0523E+02  4.5144E-01  6.5275E+02  8.0830E+00 -6.5250E+02
  2.4744E+01  8.2580E+01  1.0523E+02  4.5144E-01  6.5275E+02  8.0830E+00 -6.5250E+02
  2.4746E+01  8.2585E+01  1.0523E+02  4.5144E-01  6.5275E+02  8.0830E+00 -6.5250E+02
  2.4747E+01  8.2589E+01  1.0523E+02  4.5144E-01  6.5275E+02  8.0831E+00 -6.5250E+02
  2.4749E+01  8.2594E+01  1.0523E+02  4.5144E-01  6.5275E+02  8.0831E+00 -6.5250E+02
  2.4750E+01  8.2598E+01  1.0523E+02  4.5144E-01  6.5275E+02  8.0831E+00 -6.5250E+02
  2.4751E+01  8.2603E+01  1.0523E+02  4.5144E-01  6.5275E+02  8.0831E+00 -6.5250E+02
  2.4752E+01  8.2607E+01  1.0523E+02  4.5144E-01  6.5275E+02  8.0831E+00 -6.5250E+02
  2.4754E+01  8.2612E+01  1.0523E+02  4.5144E-01  6.5275E+02  8.0831E+00 -6.5250E+02
  2.4755E+01  8.2616E+01  1.0523E+02  4.5144E-01  6.5274E+02  8.0831E+00 -6.5250E+02
  2.4757E+01  8.2621E+01  1.0523E+02  4.5144E-01  6.5274E+02  8.0831E+00 -6.5250E+02
  2.4758E+01  8.2625E+01  1.0523E+02  4.5144E-01  6.5274E+02  8.0831E+00 -6.5250E+02
  2.4759E+01  8.2630E+01  1.0523E+02  4.5144E-01  6.5274E+02  8.0831E+00 -6.5250E+02
  2.4760E+01  8.2634E+01  1.0523E+02  4.5144E-01  6.5274E+02  8.0831E+00 -6.5250E+02
  2.4762E+01  8.2639E+01  1.0523E+02  4.5144E-01  6.5274E+02  8.0831E+00 -6.5250E+02
  2.4763E+01  8.2643E+01  1.0523E+02  4.5144E-01  6.5274E+02  8.0831E+00 -6.5250E+02
  2.4765E+01  8.2648E+01  1.0523E+02  4.5144E-01  6.5274E+02  8.0831E+00 -6.5250E+02
  2.4766E+01  8.2652E+01  1.0523E+02  4.5144E-01  6.5274E+02  8.0831E+00 -6.5250E+02
  2.4767E+01  8.2657E+01  1.0523E+02  4.5143E-01  6.5274E+02  8.0831E+00 -6.5250E+02
  2.4769E+01  8.2661E+01  1.0523E+02  4.5143E-01  6.5274E+02  8.0831E+00 -6.5249E+02
  2.4770E+01  8.2666E+01  1.0523E+02  4.5143E-01  6.5274E+02  8.0831E+00 -6.5249E+02
  2.4771E+01  8.2670E+01  1.0523E+02  4.5143E-01  6.5274E+02  8.0831E+00 -6.5249E+02
  2.4773E+01  8.2674E+01  1.0523E+02  4.5143E-01  6.5274E+02  8.0831E+00 -6.5249E+02
  2.4774E+01  8.2678E+01  1.0523E+02  4.5143E-01  6.5274E+02  8.0831E+00 -6.5249E+02
  2.4775E+01  8.2683E+01  1.0523E+02  4.5143E-01  6.5274E+02  8.0831E+00 -6.5249E+02
  2.4777E+01  8.2687E+01  1.0523E+02  4.5143E-01  6.5274E+02  8.0831E+00 -6.5249E+02
  2.4778E+01  8.2692E+01  1.0523E+02  4.5143E-01  6.5274E+02  8.0831E+00 -6.5249E+02
  2.4779E+01  8.2696E+01  1.0523E+02  4.5143E-01  6.5274E+02  8.0831E+00 -6.5249E+02
  2.4781E+01  8.2701E+01  1.0523E+02  4.5143E-01  6.5274E+02  8.0831E+00 -6.5249E+02
  2.4782E+01  8.2705E+01  1.0523E+02  4.5143E-01  6.5274E+02  8.0831E+00 -6.5249E+02
  2.4783E+01  8.2710E+01  1.0523E+02  4.5143E-01  6.5274E+02  8.0831E+00 -6.5249E+02
  2.4785E+01  8.2714E+01  1.0523E+02  4.5143E-01  6.5273E+02  8.0831E+00 -6.5249E+02
  2.4786E+01  8.2719E+01  1.0523E+02  4.5143E-01  6.5273E+02  8.0831E+00 -6.5249E+02
  2.4787E+01  8.2723E+01  1.0523E+02  4.5143E-01  6.5273E+02  8.0831E+00 -6.5249E+02
  2.4789E+01  8.2728E+01  1.0523E+02  4.5143E-01  6.5273E+02  8.0831E+00 -6.5249E+02
  2.4790E+01  8.2732E+01  1.0523E+02  4.5143E-01  6.5273E+02  8.0831E+00 -6.5249E+02
  2.4791E+01  8.2737E+01  1.0523E+02  4.5143E-01  6.5273E+02  8.0831E+00 -6.5249E+02
  2.4793E+01  8.2741E+01  1.0523E+02  4.5143E-01  6.5273E+02  8.0831E+00 -6.5249E+02
  2.4794E+01  8.2746E+01  1.0523E+02  4.5143E-01  6.5273E+02  8.0831E+00 -6.5249E+02
  2.4795E+01  8.2750E+01  1.0523E+02  4.5143E-01  6.5273E+02  8.0831E+00 -6.5249E+02
  2.4797E+01  8.2755E+01  1.0523E+02  4.5143E-01  6.5273E+02  8.0831E+00 -6.5249E+02
  2.4798E+01  8.2759E+01  1.0523E+02  4.5143E-01  6.5273E+02  8.0831E+00 -6.5248E+02
  2.4799E+01  8.2764E+01  1.0523E+02  4.5143E-01  6.5273E+02  8.0831E+00 -6.5248E+02
  2.4801E+01  8.2768E+01  1.0523E+02  4.5143E-01  6.5273E+02  8.0831E+00 -6.5248E+02
  2.4802E+01  8.2773E+01  1.0523E+02  4.5143E-01  6.5273E+02  8.0831E+00 -6.5248E+02
  2.4803E+01  8.2777E+01  1.0523E+02  4.5143E-01  6.5273E+02  8.0831E+00 -6.5248E+02
  2.4805E+01  8.2781E+01  1.0523E+02  4.5143E-01  6.5273E+02  8.0831E+00 -6.5248E+02
  2.4806E+01  8.2785E+01  1.0523E+02  4.5143E-01  6.5273E+02  8.0831E+00 -6.5248E+02
  2.4807E+01  8.2790E+01  1.0523E+02  4.5143E-01  6.5273E+02  8.0831E+00 -6.5248E+02
  2.4809E+01  8.2794E+01  1.0523E+02  4.5143E-01  6.5273E+02  8.0831E+00 -6.5248E+02
  2.4810E+01  8.2799E+01  1.0523E+02  4.5143E-01  6.5273E+02  8.0831E+00 -6.5248E+02
  2.4811E+01  8.2803E+01  1.0523E+02  4.5143E-01  6.5273E+02  8.0831E+00 -6.5248E+02
  2.4813E+01  8.2808E+01  1.0523E+02  4.5143E-01  6.5273E+02  8.0831E+00 -6.5248E+02
  2.4814E+01  8.2812E+01  1.0523E+02  4.5143E-01  6.5273E+02  8.0831E+00 -6.5248E+02
  2.4815E+01  8.2817E+01  1.0523E+02  4.5143E-01  6.5272E+02  8.0831E+00 -6.5248E+02
  2.4817E+01  8.2821E+01  1.0523E+02  4.5143E-01  6.5272E+02  8.0831E+00 -6.5248E+02
  2.4818E+01  8.2826E+01  1.0523E+02  4.5143E-01  6.5272E+02  8.0831E+00 -6.5248E+02
  2.4819E+01  8.2830E+01  1.0523E+02  4.5143E-01  6.5272E+02  8.0831E+00 -6.5248E+02
  2.4821E+01  8.2835E+01  1.0523E+02  4.5143E-01  6.5272E+02  8.0831E+00 -6.5248E+02
  2.4822E+01  8.2839E+01  1.0523E+02  4.5143E-01  6.5272E+02  8.0831E+00 -6.5248E+02
  2.4823E+01  8.2844E+01  1.0523E+02  4.5143E-01  6.5272E+02  8.0831E+00 -6.5248E+02
  2.4825E+01  8.2848E+01  1.0523E+02  4.5143E-01  6.5272E+02  8.0831E+00 -6.5248E+02
  2.4826E+01  8.2853E+01  1.0523E+02  4.5143E-01  6.5272E+02  8.0831E+00 -6.5248E+02
  2.4827E+01  8.2857E+01  1.0523E+02  4.5143E-01  6.5272E+02  8.0831E+00 -6.5248E+02
  2.4829E+01  8.2862E+01  1.0523E+02  4.5143E-01  6.5272E+02  8.0831E+00 -6.5247E+02
  2.4830E+01  8.2866E+01  1.0523E+02  4.5143E-01  6.5272E+02  8.0831E+00 -6.5247E+02
  2.4831E+01  8.2871E+01  1.0523E+02  4.5143E-01  6.5272E+02  8.0831E+00 -6.5247E+02
  2.4833E+01  8.2875E+01  1.0523E+02  4.5143E-01  6.5272E+02  8.0831E+00 -6.5247E+02
  2.4834E+01  8.2880E+01  1.0523E+02  4.5143E-01  6.5272E+02  8.0831E+00 -6.5247E+02
  2.4835E+01  8.2884E+01  1.0523E+02  4.5143E-01  6.5272E+02  8.0831E+00 -6.5247E+02
  2.4837E+01  8.2889E+01  1.0523E+02  4.5142E-01  6.5272E+02  8.0831E+00 -6.5247E+02
  2.4838E+01  8.2893E+01  1.0523E+02  4.5142E-01  6.5272E+02  8.0831E+00 -6.5247E+02
  2.4839E+01  8.2897E+01  1.0523E+02  4.5142E-01  6.5272E+02  8.0831E+00 -6.5247E+02
  2.4841E+01  8.2901E+01  1.0523E+02  4.5142E-01  6.5272E+02  8.0831E+00 -6.5247E+02
  2.4842E+01  8.2906E+01  1.0523E+02  4.5142E-01  6.5272E+02  8.0831E+00 -6.5247E+02
  2.4843E+01  8.2910E+01  1.0523E+02  4.5142E-01  6.5272E+02  8.0831E+00 -6.5247E+02
  2.4845E+01  8.2915E+01  1.0523E+02  4.5142E-01  6.5272E+02  8.0831E+00 -6.5247E+02
  2.4846E+01  8.2919E+01  1.0523E+02  4.5142E-01  6.5271E+02  8.0831E+00 -6.5247E+02
  2.4847E+01  8.2924E+01  1.0523E+02  4.5142E-01  6.5271E+02  8.0831E+00 -6.5247E+02
  2.4849E+01  8.2928E+01  1.0523E+02  4.5142E-01  6.5271E+02  8.0831E+00 -6.5247E+02
  2.4850E+01  8.2933E+01  1.0523E+02  4.5142E-01  6.5271E+02  8.0831E+00 -6.5247E+02
  2.4851E+01  8.2937E+01  1.0523E+02  4.5142E-01  6.5271E+02  8.0831E+00 -6.5247E+02
  2.4853E+01  8.2942E+01  1.0523E+02  4.5142E-01  6.5271E+02  8.0831E+00 -6.5247E+02
  2.4854E+01  8.2946E+01  1.0523E+02  4.5142E-01  6.5271E+02  8.0831E+00 -6.5247E+02
  2.4856E+01  8.2951E+01  1.0523E+02  4.5142E-01  6.5271E+02  8.0831E+00 -6.5247E+02
  2.4857E+01  8.2955E+01  1.0523E+02  4.5142E-01  6.5271E+02  8.0831E+00 -6.5247E+02
  2.4858E+01  8.2960E+01  1.0523E+02  4.5142E-01  6.5271E+02  8.0831E+00 -6.5246E+02
  2.4859E+01  8.2964E+01  1.0523E+02  4.5142E-01  6.5271E+02  8.0831E+00 -6.5246E+02
  2.4861E+01  8.2969E+01  1.0523E+02  4.5142E-01  6.5271E+02  8.0832E+00 -6.5246E+02
  2.4862E+01  8.2973E+01  1.0523E+02  4.5142E-01  6.5271E+02  8.0832E+00 -6.5246E+02
  2.4864E+01  8.2978E+01  1.0523E+02  4.5142E-01  6.5271E+02  8.0832E+00 -6.5246E+02
  2.4865E+01  8.2982E+01  1.0523E+02  4.5142E-01  6.5271E+02  8.0832E+00 -6.5246E+02
  2.4866E+01  8.2987E+01  1.0523E+02  4.5142E-01  6.5271E+02  8.0832E+00 -6.5246E+02
  2.4867E+01  8.2991E+01  1.0523E+02  4.5142E-01  6.5271E+02  8.0832E+00 -6.5246E+02
  2.4869E+01  8.2996E+01  1.0523E+02  4.5142E-01  6.5271E+02  8.0832E+00 -6.5246E+02
  2.4870E+01  8.3000E+01  1.0523E+02  4.5142E-01  6.5271E+02  8.0832E+00 -6.5246E+02
  2.4872E+01  8.3004E+01  1.0523E+02  4.5142E-01  6.5271E+02  8.0832E+00 -6.5246E+02
  2.4873E+01  8.3009E+01  1.0523E+02  4.5142E-01  6.5271E+02  8.0832E+00 -6.5246E+02
  2.4874E+01  8.3013E+01  1.0523E+02  4.5142E-01  6.5271E+02  8.0832E+00 -6.5246E+02
  2.4875E+01  8.3017E+01  1.0523E+02  4.5142E-01  6.5270E+02  8.0832E+00 -6.5246E+02
  2.4877E+01  8.3022E+01  1.0523E+02  4.5142E-01  6.5270E+02  8.0832E+00 -6.5246E+02
  2.4878E+01  8.3026E+01  1.0523E+02  4.5142E-01  6.5270E+02  8.0832E+00 -6.5246E+02
  2.4880E+01  8.3031E+01  1.0523E+02  4.5142E-01  6.5270E+02  8.0832E+00 -6.5246E+02
  2.4881E+01  8.3035E+01  1.0523E+02  4.5142E-01  6.5270E+02  8.0832E+00 -6.5246E+02
  2.4882E+01  8.3040E+01  1.0523E+02  4.5142E-01  6.5270E+02  8.0832E+00 -6.5246E+02
  2.4884E+01  8.3044E+01  1.0523E+02  4.5142E-01  6.5270E+02  8.0832E+00 -6.5246E+02
  2.4885E+01  8.3049E+01  1.0523E+02  4.5142E-01  6.5270E+02  8.0832E+00 -6.5246E+02
  2.4886E+01  8.3053E+01  1.0523E+02  4.5142E-01  6.5270E+02  8.0832E+00 -6.5246E+02
  2.4888E+01  8.3058E+01  1.0523E+02  4.5142E-01  6.5270E+02  8.0832E+00 -6.5246E+02
  2.4889E+01  8.3062E+01  1.0523E+02  4.5142E-01  6.5270E+02  8.0832E+00 -6.5245E+02
  2.4890E+01  8.3067E+01  1.0523E+02  4.5142E-01  6.5270E+02  8.0832E+00 -6.5245E+02
  2.4892E+01  8.3071E+01  1.0523E+02  4.5142E-01  6.5270E+02  8.0832E+00 -6.5245E+02
  2.4893E+01  8.3076E+01  1.0523E+02  4.5142E-01  6.5270E+02  8.0832E+00 -6.5245E+02
  2.4894E+01  8.3080E+01  1.0523E+02  4.5142E-01  6.5270E+02  8.0832E+00 -6.5245E+02
  2.4896E+01  8.3085E+01  1.0523E+02  4.5142E-01  6.5270E+02  8.0832E+00 -6.5245E+02
  2.4897E+01  8.3089E+01  1.0523E+02  4.5142E-01  6.5270E+02  8.0832E+00 -6.5245E+02
  2.4898E+01  8.3094E+01  1.0523E+02  4.5142E-01  6.5270E+02  8.0832E+00 -6.5245E+02
  2.4900E+01  8.3098E+01  1.0523E+02  4.5142E-01  6.5270E+02  8.0832E+00 -6.5245E+02
  2.4901E+01  8.3103E+01  1.0523E+02  4.5142E-01  6.5270E+02  8.0832E+00 -6.5245E+02
  2.4902E+01  8.3107E+01  1.0523E+02  4.5142E-01  6.5270E+02  8.0832E+00 -6.5245E+02
  2.4904E+01  8.3112E+01  1.0523E+02  4.5142E-01  6.5270E+02  8.0832E+00 -6.5245E+02
  2.4905E+01  8.3116E+01  1.0523E+02  4.5142E-01  6.5270E+02  8.0832E+00 -6.5245E+02
  2.4906E+01  8.3120E+01  1.0523E+02  4.5141E-01  6.5269E+02  8.0832E+00 -6.5245E+02
  2.4908E+01  8.3124E+01  1.0523E+02  4.5141E-01  6.5269E+02  8.0832E+00 -6.5245E+02
  2.4909E+01  8.3129E+01  1.0523E+02  4.5141E-01  6.5269E+02  8.0832E+00 -6.5245E+02
  2.4910E+01  8.3133E+01  1.0523E+02  4.5141E-01  6.5269E+02  8.0832E+00 -6.5245E+02
  2.4912E+01  8.3138E+01  1.0523E+02  4.5141E-01  6.5269E+02  8.0832E+00 -6.5245E+02
  2.4913E+01  8.3142E+01  1.0523E+02  4.5141E-01  6.5269E+02  8.0832E+00 -6.5245E+02
  2.4914E+01  8.3147E+01  1.0523E+02  4.5141E-01  6.5269E+02  8.0832E+00 -6.5245E+02
  2.4916E+01  8.3151E+01  1.0523E+02  4.5141E-01  6.5269E+02  8.0832E+00 -6.5245E+02
  2.4917E+01  8.3156E+01  1.0523E+02  4.5141E-01  6.5269E+02  8.0832E+00 -6.5245E+02
  2.4918E+01  8.3160E+01  1.0523E+02  4.5141E-01  6.5269E+02  8.0832E+00 -6.5245E+02
  2.4920E+01  8.3165E+01  1.0523E+02  4.5141E-01  6.5269E+02  8.0832E+00 -6.5244E+02
  2.4921E+01  8.3169E+01  1.0523E+02  4.5141E-01  6.5269E+02  8.0832E+00 -6.5244E+02
  2.4922E+01  8.3174E+01  1.0523E+02  4.5141E-01  6.5269E+02  8.0832E+00 -6.5244E+02
  2.4924E+01  8.3178E+01  1.0523E+02  4.5141E-01  6.5269E+02  8.0832E+00 -6.5244E+02
  2.4925E+01  8.3183E+01  1.0523E+02  4.5141E-01  6.5269E+02  8.0832E+00 -6.5244E+02
  2.4926E+01  8.3187E+01  1.0523E+02  4.5141E-01  6.5269E+02  8.0832E+00 -6.5244E+02
  2.4928E+01  8.3192E+01  1.0523E+02  4.5141E-01  6.5269E+02  8.0832E+00 -6.5244E+02
  2.4929E+01  8.3196E+01  1.0523E+02  4.5141E-01  6.5269E+02  8.0832E+00 -6.5244E+02
  2.4930E+01  8.3201E+01  1.0523E+02  4.5141E-01  6.5269E+02  8.0832E+00 -6.5244E+02
  2.4932E+01  8.3205E+01  1.0523E+02  4.5141E-01  6.5269E+02  8.0832E+00 -6.5244E+02
  2.4933E+01  8.3210E+01  1.0523E+02  4.5141E-01  6.5269E+02  8.0832E+00 -6.5244E+02
  2.4934E+01  8.3214E+01  1.0523E+02  4.5141E-01  6.5269E+02  8.0832E+00 -6.5244E+02
  2.4936E+01  8.3219E+01  1.0523E+02  4.5141E-01  6.5268E+02  8.0832E+00 -6.5244E+02
  2.4937E+01  8.3223E+01  1.0523E+02  4.5141E-01  6.5268E+02  8.0832E+00 -6.5244E+02
  2.4938E+01  8.3228E+01  1.0523E+02  4.5141E-01  6.5268E+02  8.0832E+00 -6.5244E+02
  2.4940E+01  8.3232E+01  1.0523E+02  4.5141E-01  6.5268E+02  8.0832E+00 -6.5244E+02
  2.4941E+01  8.3236E+01  1.0523E+02  4.5141E-01  6.5268E+02  8.0832E+00 -6.5244E+02
  2.4942E+01  8.3240E+01  1.0523E+02  4.5141E-01  6.5268E+02  8.0832E+00 -6.5244E+02
  2.4944E+01  8.3245E+01  1.0523E+02  4.5141E-01  6.5268E+02  8.0832E+00 -6.5244E+02
  2.4945E+01  8.3249E+01  1.0523E+02  4.5141E-01  6.5268E+02  8.0832E+00 -6.5244E+02
  2.4946E+01  8.3254E+01  1.0523E+02  4.5141E-01  6.5268E+02  8.0832E+00 -6.5244E+02
  2.4948E+01  8.3258E+01  1.0523E+02  4.5141E-01  6.5268E+02  8.0832E+00 -6.5244E+02
  2.4949E+01  8.3263E+01  1.0523E+02  4.5141E-01  6.5268E+02  8.0832E+00 -6.5243E+02
  2.4950E+01  8.3267E+01  1.0523E+02  4.5141E-01  6.5268E+02  8.0832E+00 -6.5243E+02
  2.4952E+01  8.3272E+01  1.0523E+02  4.5141E-01  6.5268E+02  8.0832E+00 -6.5243E+02
  2.4953E+01  8.3276E+01  1.0523E+02  4.5141E-01  6.5268E+02  8.0832E+00 -6.5243E+02
  2.4954E+01  8.3281E+01  1.0523E+02  4.5141E-01  6.5268E+02  8.0832E+00 -6.5243E+02
  2.4956E+01  8.3285E+01  1.0523E+02  4.5141E-01  6.5268E+02  8.0832E+00 -6.5243E+02
  2.4957E+01  8.3290E+01  1.0523E+02  4.5141E-01  6.5268E+02  8.0832E+00 -6.5243E+02
  2.4958E+01  8.3294E+01  1.0523E+02  4.5141E-01  6.5268E+02  8.0832E+00 -6.5243E+02
  2.4960E+01  8.3299E+01  1.0523E+02  4.5141E-01  6.5268E+02  8.0832E+00 -6.5243E+02
  2.4961E+01  8.3303E+01  1.0523E+02  4.5141E-01  6.5268E+02  8.0832E+00 -6.5243E+02
  2.4962E+01  8.3308E+01  1.0523E+02  4.5141E-01  6.5268E+02  8.0832E+00 -6.5243E+02
  2.4964E+01  8.3312E+01  1.0523E+02  4.5141E-01  6.5268E+02  8.0832E+00 -6.5243E+02
  2.4965E+01  8.3317E+01  1.0523E+02  4.5141E-01  6.5268E+02  8.0832E+00 -6.5243E+02
  2.4966E+01  8.3321E+01  1.0523E+02  4.5141E-01  6.5267E+02  8.0832E+00 -6.5243E+02
  2.4968E+01  8.3326E+01  1.0523E+02  4.5141E-01  6.5267E+02  8.0832E+00 -6.5243E+02
  2.4969E+01  8.3330E+01  1.0523E+02  4.5141E-01  6.5267E+02  8.0832E+00 -6.5243E+02
  2.4971E+01  8.3335E+01  1.0523E+02  4.5141E-01  6.5267E+02  8.0832E+00 -6.5243E+02
  2.4972E+01  8.3339E+01  1.0523E+02  4.5141E-01  6.5267E+02  8.0833E+00 -6.5243E+02
  2.4973E+01  8.3343E+01  1.0523E+02  4.5141E-01  6.5267E+02  8.0833E+00 -6.5243E+02
  2.4974E+01  8.3347E+01  1.0523E+02  4.5141E-01  6.5267E+02  8.0833E+00 -6.5243E+02
  2.4976E+01  8.3352E+01  1.0523E+02  4.5140E-01  6.5267E+02  8.0833E+00 -6.5243E+02
  2.4977E+01  8.3356E+01  1.0523E+02  4.5140E-01  6.5267E+02  8.0833E+00 -6.5243E+02
  2.4979E+01  8.3361E+01  1.0523E+02  4.5140E-01  6.5267E+02  8.0833E+00 -6.5243E+02
  2.4980E+01  8.3365E+01  1.0523E+02  4.5140E-01  6.5267E+02  8.0833E+00 -6.5242E+02
  2.4981E+01  8.3370E+01  1.0523E+02  4.5140E-01  6.5267E+02  8.0833E+00 -6.5242E+02
  2.4982E+01  8.3374E+01  1.0523E+02  4.5140E-01  6.5267E+02  8.0833E+00 -6.5242E+02
  2.4984E+01  8.3379E+01  1.0523E+02  4.5140E-01  6.5267E+02  8.0833E+00 -6.5242E+02
  2.4985E+01  8.3383E+01  1.0523E+02  4.5140E-01  6.5267E+02  8.0833E+00 -6.5242E+02
  2.4987E+01  8.3388E+01  1.0523E+02  4.5140E-01  6.5267E+02  8.0833E+00 -6.5242E+02
  2.4988E+01  8.3392E+01  1.0523E+02  4.5140E-01  6.5267E+02  8.0833E+00 -6.5242E+02
  2.4989E+01  8.3397E+01  1.0523E+02  4.5140E-01  6.5267E+02  8.0833E+00 -6.5242E+02
  2.4990E+01  8.3401E+01  1.0523E+02  4.5140E-01  6.5267E+02  8.0833E+00 -6.5242E+02
  2.4992E+01  8.3406E+01  1.0523E+02  4.5140E-01  6.5267E+02  8.0833E+00 -6.5242E+02
  2.4993E+01  8.3410E+01  1.0523E+02  4.5140E-01  6.5267E+02  8.0833E+00 -6.5242E+02
  2.4995E+01  8.3415E+01  1.0523E+02  4.5140E-01  6.5267E+02  8.0833E+00 -6.5242E+02
  2.4996E+01  8.3419E+01  1.0523E+02  4.5140E-01  6.5266E+02  8.0833E+00 -6.5242E+02
  2.4997E+01  8.3424E+01  1.0523E+02  4.5140E-01  6.5266E+02  8.0833E+00 -6.5242E+02
  2.4999E+01  8.3428E+01  1.0523E+02  4.5140E-01  6.5266E+02  8.0833E+00 -6.5242E+02
  2.5000E+01  8.3433E+01  1.0523E+02  4.5140E-01  6.5266E+02  8.0833E+00 -6.5242E+02
  2.5001E+01  8.3437E+01  1.0523E+02  4.5140E-01  6.5266E+02  8.0833E+00 -6.5242E+02
  2.5003E+01  8.3442E+01  1.0523E+02  4.5140E-01  6.5266E+02  8.0833E+00 -6.5242E+02
  2.5004E+01  8.3446E+01  1.0523E+02  4.5140E-01  6.5266E+02  8.0833E+00 -6.5242E+02
  2.5005E+01  8.3451E+01  1.0523E+02  4.5140E-01  6.5266E+02  8.0833E+00 -6.5242E+02
  2.5007E+01  8.3455E+01  1.0523E+02  4.5140E-01  6.5266E+02  8.0833E+00 -6.5242E+02
  2.5008E+01  8.3459E+01  1.0523E+02  4.5140E-01  6.5266E+02  8.0833E+00 -6.5242E+02
  2.5009E+01  8.3463E+01  1.0523E+02  4.5140E-01  6.5266E+02  8.0833E+00 -6.5241E+02
  2.5011E+01  8.3468E+01  1.0523E+02  4.5140E-01  6.5266E+02  8.0833E+00 -6.5241E+02
  2.5012E+01  8.3472E+01  1.0523E+02  4.5140E-01  6.5266E+02  8.0833E+00 -6.5241E+02
  2.5013E+01  8.3477E+01  1.0523E+02  4.5140E-01  6.5266E+02  8.0833E+00 -6.5241E+02
  2.5015E+01  8.3481E+01  1.0523E+02  4.5140E-01  6.5266E+02  8.0833E+00 -6.5241E+02
  2.5016E+01  8.3486E+01  1.0523E+02  4.5140E-01  6.5266E+02  8.0833E+00 -6.5241E+02
  2.5017E+01  8.3490E+01  1.0523E+02  4.5140E-01  6.5266E+02  8.0833E+00 -6.5241E+02
  2.5019E+01  8.3495E+01  1.0523E+02  4.5140E-01  6.5266E+02  8.0833E+00 -6.5241E+02
  2.5020E+01  8.3499E+01  1.0523E+02  4.5140E-01  6.5266E+02  8.0833E+00 -6.5241E+02
  2.5021E+01  8.3504E+01  1.0523E+02  4.5140E-01  6.5266E+02  8.0833E+00 -6.5241E+02
  2.5023E+01  8.3508E+01  1.0523E+02  4.5140E-01  6.5266E+02  8.0833E+00 -6.5241E+02
  2.5024E+01  8.3513E+01  1.0523E+02  4.5140E-01  6.5266E+02  8.0833E+00 -6.5241E+02
  2.5025E+01  8.3517E+01  1.0523E+02  4.5140E-01  6.5266E+02  8.0833E+00 -6.5241E+02
  2.5027E+01  8.3522E+01  1.0523E+02  4.5140E-01  6.5265E+02  8.0833E+00 -6.5241E+02
  2.5028E+01  8.3526E+01  1.0523E+02  4.5140E-01  6.5265E+02  8.0833E+00 -6.5241E+02
  2.5029E+01  8.3531E+01  1.0523E+02  4.5140E-01  6.5265E+02  8.0833E+00 -6.5241E+02
  2.5031E+01  8.3535E+01  1.0523E+02  4.5140E-01  6.5265E+02  8.0833E+00 -6.5241E+02
  2.5032E+01  8.3540E+01  1.0523E+02  4.5140E-01  6.5265E+02  8.0833E+00 -6.5241E+02
  2.5033E+01  8.3544E+01  1.0523E+02  4.5140E-01  6.5265E+02  8.0833E+00 -6.5241E+02
  2.5035E+01  8.3549E+01  1.0523E+02  4.5140E-01  6.5265E+02  8.0833E+00 -6.5241E+02
  2.5036E+01  8.3553E+01  1.0523E+02  4.5140E-01  6.5265E+02  8.0833E+00 -6.5241E+02
  2.5037E+01  8.3558E+01  1.0523E+02  4.5140E-01  6.5265E+02  8.0833E+00 -6.5241E+02
  2.5039E+01  8.3562E+01  1.0523E+02  4.5140E-01  6.5265E+02  8.0833E+00 -6.5241E+02
  2.5040E+01  8.3566E+01  1.0523E+02  4.5140E-01  6.5265E+02  8.0833E+00 -6.5240E+02
  2.5041E+01  8.3571E+01  1.0523E+02  4.5140E-01  6.5265E+02  8.0833E+00 -6.5240E+02
  2.5043E+01  8.3575E+01  1.0523E+02  4.5140E-01  6.5265E+02  8.0833E+00 -6.5240E+02
  2.5044E+01  8.3579E+01  1.0523E+02  4.5140E-01  6.5265E+02  8.0833E+00 -6.5240E+02
  2.5045E+01  8.3584E+01  1.0523E+02  4.5139E-01  6.5265E+02  8.0833E+00 -6.5240E+02
  2.5047E+01  8.3588E+01  1.0523E+02  4.5139E-01  6.5265E+02  8.0833E+00 -6.5240E+02
  2.5048E+01  8.3593E+01  1.0523E+02  4.5139E-01  6.5265E+02  8.0833E+00 -6.5240E+02
  2.5049E+01  8.3597E+01  1.0523E+02  4.5139E-01  6.5265E+02  8.0833E+00 -6.5240E+02
  2.5051E+01  8.3602E+01  1.0523E+02  4.5139E-01  6.5265E+02  8.0833E+00 -6.5240E+02
  2.5052E+01  8.3606E+01  1.0523E+02  4.5139E-01  6.5265E+02  8.0833E+00 -6.5240E+02
  2.5053E+01  8.3611E+01  1.0523E+02  4.5139E-01  6.5265E+02  8.0833E+00 -6.5240E+02
  2.5055E+01  8.3615E+01  1.0523E+02  4.5139E-01  6.5265E+02  8.0833E+00 -6.5240E+02
  2.5056E+01  8.3620E+01  1.0523E+02  4.5139E-01  6.5265E+02  8.0833E+00 -6.5240E+02
  2.5057E+01  8.3624E+01  1.0523E+02  4.5139E-01  6.5264E+02  8.0833E+00 -6.5240E+02
  2.5059E+01  8.3629E+01  1.0523E+02  4.5139E-01  6.5264E+02  8.0833E+00 -6.5240E+02
  2.5060E+01  8.3633E+01  1.0523E+02  4.5139E-01  6.5264E+02  8.0833E+00 -6.5240E+02
  2.5061E+01  8.3638E+01  1.0523E+02  4.5139E-01  6.5264E+02  8.0833E+00 -6.5240E+02
  2.5063E+01  8.3642E+01  1.0523E+02  4.5139E-01  6.5264E+02  8.0833E+00 -6.5240E+02
  2.5064E+01  8.3647E+01  1.0523E+02  4.5139E-01  6.5264E+02  8.0833E+00 -6.5240E+02
  2.5065E+01  8.3651E+01  1.0523E+02  4.5139E-01  6.5264E+02  8.0833E+00 -6.5240E+02
  2.5067E+01  8.3656E+01  1.0523E+02  4.5139E-01  6.5264E+02  8.0833E+00 -6.5240E+02
  2.5068E+01  8.3660E+01  1.0523E+02  4.5139E-01  6.5264E+02  8.0833E+00 -6.5240E+02
  2.5069E+01  8.3665E+01  1.0523E+02  4.5139E-01  6.5264E+02  8.0833E+00 -6.5239E+02
  2.5071E+01  8.3669E+01  1.0523E+02  4.5139E-01  6.5264E+02  8.0833E+00 -6.5239E+02
  2.5072E+01  8.3674E+01  1.0523E+02  4.5139E-01  6.5264E+02  8.0833E+00 -6.5239E+02
  2.5073E+01  8.3678E+01  1.0523E+02  4.5139E-01  6.5264E+02  8.0833E+00 -6.5239E+02
  2.5075E+01  8.3682E+01  1.0523E+02  4.5139E-01  6.5264E+02  8.0833E+00 -6.5239E+02
  2.5076E+01  8.3686E+01  1.0523E+02  4.5139E-01  6.5264E+02  8.0833E+00 -6.5239E+02
  2.5077E+01  8.3691E+01  1.0523E+02  4.5139E-01  6.5264E+02  8.0834E+00 -6.5239E+02
  2.5079E+01  8.3695E+01  1.0523E+02  4.5139E-01  6.5264E+02  8.0834E+00 -6.5239E+02
  2.5080E+01  8.3700E+01  1.0523E+02  4.5139E-01  6.5264E+02  8.0834E+00 -6.5239E+02
  2.5080E+01  8.3700E+01  1.0523E+02  4.5139E-01  6.5264E+02  8.0834E+00 -6.5239E+02
  2.5081E+01  8.3704E+01  1.0523E+02  4.5139E-01  6.5264E+02  8.0834E+00 -6.5239E+02
  2.5083E+01  8.3709E+01  1.0523E+02  4.5139E-01  6.5264E+02  8.0834E+00 -6.5239E+02
  2.5084E+01  8.3713E+01  1.0523E+02  4.5139E-01  6.5264E+02  8.0834E+00 -6.5239E+02
  2.5085E+01  8.3718E+01  1.0523E+02  4.5139E-01  6.5264E+02  8.0834E+00 -6.5239E+02
  2.5087E+01  8.3722E+01  1.0523E+02  4.5139E-01  6.5263E+02  8.0834E+00 -6.5239E+02
  2.5088E+01  8.3727E+01  1.0523E+02  4.5139E-01  6.5263E+02  8.0834E+00 -6.5239E+02
  2.5089E+01  8.3731E+01  1.0523E+02  4.5139E-01  6.5263E+02  8.0834E+00 -6.5239E+02
  2.5091E+01  8.3736E+01  1.0523E+02  4.5139E-01  6.5263E+02  8.0834E+00 -6.5239E+02
  2.5092E+01  8.3740E+01  1.0523E+02  4.5139E-01  6.5263E+02  8.0834E+00 -6.5239E+02
  2.5094E+01  8.3745E+01  1.0523E+02  4.5139E-01  6.5263E+02  8.0834E+00 -6.5239E+02
  2.5095E+01  8.3749E+01  1.0523E+02  4.5139E-01  6.5263E+02  8.0834E+00 -6.5239E+02
  2.5096E+01  8.3754E+01  1.0523E+02  4.5139E-01  6.5263E+02  8.0834E+00 -6.5239E+02
  2.5097E+01  8.3758E+01  1.0523E+02  4.5139E-01  6.5263E+02  8.0834E+00 -6.5239E+02
  2.5099E+01  8.3763E+01  1.0523E+02  4.5139E-01  6.5263E+02  8.0834E+00 -6.5239E+02
  2.5100E+01  8.3767E+01  1.0523E+02  4.5139E-01  6.5263E+02  8.0834E+00 -6.5238E+02
  2.5102E+01  8.3772E+01  1.0523E+02  4.5139E-01  6.5263E+02  8.0834E+00 -6.5238E+02
  2.5103E+01  8.3776E+01  1.0523E+02  4.5139E-01  6.5263E+02  8.0834E+00 -6.5238E+02
  2.5104E+01  8.3781E+01  1.0523E+02  4.5139E-01  6.5263E+02  8.0834E+00 -6.5238E+02
  2.5105E+01  8.3785E+01  1.0523E+02  4.5139E-01  6.5263E+02  8.0834E+00 -6.5238E+02
  2.5107E+01  8.3789E+01  1.0523E+02  4.5139E-01  6.5263E+02  8.0834E+00 -6.5238E+02
  2.5108E+01  8.3794E+01  1.0523E+02  4.5139E-01  6.5263E+02  8.0834E+00 -6.5238E+02
  2.5110E+01  8.3798E+01  1.0523E+02  4.5139E-01  6.5263E+02  8.0834E+00 -6.5238E+02
  2.5111E+01  8.3802E+01  1.0523E+02  4.5139E-01  6.5263E+02  8.0834E+00 -6.5238E+02
  2.5112E+01  8.3807E+01  1.0523E+02  4.5139E-01  6.5263E+02  8.0834E+00 -6.5238E+02
  2.5113E+01  8.3811E+01  1.0523E+02  4.5139E-01  6.5263E+02  8.0834E+00 -6.5238E+02
  2.5115E+01  8.3816E+01  1.0523E+02  4.5138E-01  6.5263E+02  8.0834E+00 -6.5238E+02
  2.5116E+01  8.3820E+01  1.0523E+02  4.5138E-01  6.5263E+02  8.0834E+00 -6.5238E+02
  2.5118E+01  8.3825E+01  1.0523E+02  4.5138E-01  6.5262E+02  8.0834E+00 -6.5238E+02
  2.5119E+01  8.3829E+01  1.0523E+02  4.5138E-01  6.5262E+02  8.0834E+00 -6.5238E+02
  2.5120E+01  8.3834E+01  1.0523E+02  4.5138E-01  6.5262E+02  8.0834E+00 -6.5238E+02
  2.5122E+01  8.3838E+01  1.0523E+02  4.5138E-01  6.5262E+02  8.0834E+00 -6.5238E+02
  2.5123E+01  8.3843E+01  1.0523E+02  4.5138E-01  6.5262E+02  8.0834E+00 -6.5238E+02
  2.5124E+01  8.3847E+01  1.0523E+02  4.5138E-01  6.5262E+02  8.0834E+00 -6.5238E+02
  2.5126E+01  8.3852E+01  1.0523E+02  4.5138E-01  6.5262E+02  8.0834E+00 -6.5238E+02
  2.5127E+01  8.3856E+01  1.0523E+02  4.5138E-01  6.5262E+02  8.0834E+00 -6.5238E+02
  2.5128E+01  8.3861E+01  1.0523E+02  4.5138E-01  6.5262E+02  8.0834E+00 -6.5238E+02
  2.5130E+01  8.3865E+01  1.0523E+02  4.5138E-01  6.5262E+02  8.0834E+00 -6.5237E+02
  2.5131E+01  8.3870E+01  1.0523E+02  4.5138E-01  6.5262E+02  8.0834E+00 -6.5237E+02
  2.5132E+01  8.3874E+01  1.0523E+02  4.5138E-01  6.5262E+02  8.0834E+00 -6.5237E+02
  2.5134E+01  8.3879E+01  1.0523E+02  4.5138E-01  6.5262E+02  8.0834E+00 -6.5237E+02
  2.5135E+01  8.3883E+01  1.0523E+02  4.5138E-01  6.5262E+02  8.0834E+00 -6.5237E+02
  2.5136E+01  8.3888E+01  1.0523E+02  4.5138E-01  6.5262E+02  8.0834E+00 -6.5237E+02
  2.5138E+01  8.3892E+01  1.0523E+02  4.5138E-01  6.5262E+02  8.0834E+00 -6.5237E+02
  2.5139E+01  8.3897E+01  1.0523E+02  4.5138E-01  6.5262E+02  8.0834E+00 -6.5237E+02
  2.5140E+01  8.3901E+01  1.0523E+02  4.5138E-01  6.5262E+02  8.0834E+00 -6.5237E+02
  2.5142E+01  8.3905E+01  1.0523E+02  4.5138E-01  6.5262E+02  8.0834E+00 -6.5237E+02
  2.5143E+01  8.3909E+01  1.0523E+02  4.5138E-01  6.5262E+02  8.0834E+00 -6.5237E+02
  2.5144E+01  8.3914E+01  1.0523E+02  4.5138E-01  6.5262E+02  8.0834E+00 -6.5237E+02
  2.5146E+01  8.3918E+01  1.0523E+02  4.5138E-01  6.5262E+02  8.0834E+00 -6.5237E+02
  2.5147E+01  8.3923E+01  1.0523E+02  4.5138E-01  6.5261E+02  8.0834E+00 -6.5237E+02
  2.5148E+01  8.3927E+01  1.0523E+02  4.5138E-01  6.5261E+02  8.0834E+00 -6.5237E+02
  2.5150E+01  8.3932E+01  1.0523E+02  4.5138E-01  6.5261E+02  8.0834E+00 -6.5237E+02
  2.5151E+01  8.3936E+01  1.0523E+02  4.5138E-01  6.5261E+02  8.0834E+00 -6.5237E+02
  2.5152E+01  8.3941E+01  1.0523E+02  4.5138E-01  6.5261E+02  8.0834E+00 -6.5237E+02
  2.5154E+01  8.3945E+01  1.0523E+02  4.5138E-01  6.5261E+02  8.0834E+00 -6.5237E+02
  2.5155E+01  8.3950E+01  1.0523E+02  4.5138E-01  6.5261E+02  8.0834E+00 -6.5237E+02
  2.5156E+01  8.3954E+01  1.0523E+02  4.5138E-01  6.5261E+02  8.0834E+00 -6.5237E+02
  2.5158E+01  8.3959E+01  1.0523E+02  4.5138E-01  6.5261E+02  8.0834E+00 -6.5237E+02
  2.5159E+01  8.3963E+01  1.0523E+02  4.5138E-01  6.5261E+02  8.0834E+00 -6.5237E+02
  2.5160E+01  8.3968E+01  1.0523E+02  4.5138E-01  6.5261E+02  8.0834E+00 -6.5236E+02
  2.5162E+01  8.3972E+01  1.0523E+02  4.5138E-01  6.5261E+02  8.0834E+00 -6.5236E+02
  2.5163E+01  8.3977E+01  1.0523E+02  4.5138E-01  6.5261E+02  8.0834E+00 -6.5236E+02
  2.5164E+01  8.3981E+01  1.0523E+02  4.5138E-01  6.5261E+02  8.0834E+00 -6.5236E+02
  2.5166E+01  8.3986E+01  1.0523E+02  4.5138E-01  6.5261E+02  8.0834E+00 -6.5236E+02
  2.5167E+01  8.3990E+01  1.0523E+02  4.5138E-01  6.5261E+02  8.0834E+00 -6.5236E+02
  2.5168E+01  8.3995E+01  1.0523E+02  4.5138E-01  6.5261E+02  8.0834E+00 -6.5236E+02
  2.5170E+01  8.3999E+01  1.0523E+02  4.5138E-01  6.5261E+02  8.0834E+00 -6.5236E+02
  2.5171E+01  8.4004E+01  1.0523E+02  4.5138E-01  6.5261E+02  8.0834E+00 -6.5236E+02
  2.5172E+01  8.4008E+01  1.0523E+02  4.5138E-01  6.5261E+02  8.0834E+00 -6.5236E+02
  2.5174E+01  8.4013E+01  1.0523E+02  4.5138E-01  6.5261E+02  8.0834E+00 -6.5236E+02
  2.5175E+01  8.4017E+01  1.0523E+02  4.5138E-01  6.5261E+02  8.0834E+00 -6.5236E+02
  2.5176E+01  8.4021E+01  1.0523E+02  4.5138E-01  6.5261E+02  8.0834E+00 -6.5236E+02
  2.5178E+01  8.4025E+01  1.0523E+02  4.5138E-01  6.5260E+02  8.0834E+00 -6.5236E+02
  2.5179E+01  8.4030E+01  1.0523E+02  4.5138E-01  6.5260E+02  8.0834E+00 -6.5236E+02
  2.5180E+01  8.4034E+01  1.0523E+02  4.5138E-01  6.5260E+02  8.0834E+00 -6.5236E+02
  2.5182E+01  8.4039E+01  1.0523E+02  4.5138E-01  6.5260E+02  8.0835E+00 -6.5236E+02
  2.5183E+01  8.4043E+01  1.0523E+02  4.5138E-01  6.5260E+02  8.0835E+00 -6.5236E+02
  2.5184E+01  8.4048E+01  1.0523E+02  4.5137E-01  6.5260E+02  8.0835E+00 -6.5236E+02
  2.5186E+01  8.4052E+01  1.0523E+02  4.5137E-01  6.5260E+02  8.0835E+00 -6.5236E+02
  2.5187E+01  8.4057E+01  1.0523E+02  4.5137E-01  6.5260E+02  8.0835E+00 -6.5236E+02
  2.5188E+01  8.4061E+01  1.0523E+02  4.5137E-01  6.5260E+02  8.0835E+00 -6.5236E+02
  2.5190E+01  8.4066E+01  1.0523E+02  4.5137E-01  6.5260E+02  8.0835E+00 -6.5235E+02
  2.5191E+01  8.4070E+01  1.0523E+02  4.5137E-01  6.5260E+02  8.0835E+00 -6.5235E+02
  2.5192E+01  8.4075E+01  1.0523E+02  4.5137E-01  6.5260E+02  8.0835E+00 -6.5235E+02
  2.5194E+01  8.4079E+01  1.0523E+02  4.5137E-01  6.5260E+02  8.0835E+00 -6.5235E+02
  2.5195E+01  8.4084E+01  1.0523E+02  4.5137E-01  6.5260E+02  8.0835E+00 -6.5235E+02
  2.5196E+01  8.4088E+01  1.0523E+02  4.5137E-01  6.5260E+02  8.0835E+00 -6.5235E+02
  2.5198E+01  8.4093E+01  1.0523E+02  4.5137E-01  6.5260E+02  8.0835E+00 -6.5235E+02
  2.5199E+01  8.4097E+01  1.0523E+02  4.5137E-01  6.5260E+02  8.0835E+00 -6.5235E+02
  2.5200E+01  8.4102E+01  1.0523E+02  4.5137E-01  6.5260E+02  8.0835E+00 -6.5235E+02
  2.5202E+01  8.4106E+01  1.0523E+02  4.5137E-01  6.5260E+02  8.0835E+00 -6.5235E+02
  2.5203E+01  8.4111E+01  1.0523E+02  4.5137E-01  6.5260E+02  8.0835E+00 -6.5235E+02
  2.5204E+01  8.4115E+01  1.0523E+02  4.5137E-01  6.5260E+02  8.0835E+00 -6.5235E+02
  2.5206E+01  8.4120E+01  1.0523E+02  4.5137E-01  6.5260E+02  8.0835E+00 -6.5235E+02
  2.5207E+01  8.4124E+01  1.0523E+02  4.5137E-01  6.5259E+02  8.0835E+00 -6.5235E+02
  2.5209E+01  8.4128E+01  1.0523E+02  4.5137E-01  6.5259E+02  8.0835E+00 -6.5235E+02
  2.5210E+01  8.4133E+01  1.0523E+02  4.5137E-01  6.5259E+02  8.0835E+00 -6.5235E+02
  2.5211E+01  8.4137E+01  1.0523E+02  4.5137E-01  6.5259E+02  8.0835E+00 -6.5235E+02
  2.5212E+01  8.4141E+01  1.0523E+02  4.5137E-01  6.5259E+02  8.0835E+00 -6.5235E+02
  2.5214E+01  8.4146E+01  1.0523E+02  4.5137E-01  6.5259E+02  8.0835E+00 -6.5235E+02
  2.5215E+01  8.4150E+01  1.0523E+02  4.5137E-01  6.5259E+02  8.0835E+00 -6.5235E+02
  2.5217E+01  8.4155E+01  1.0523E+02  4.5137E-01  6.5259E+02  8.0835E+00 -6.5235E+02
  2.5218E+01  8.4159E+01  1.0523E+02  4.5137E-01  6.5259E+02  8.0835E+00 -6.5235E+02
  2.5219E+01  8.4164E+01  1.0523E+02  4.5137E-01  6.5259E+02  8.0835E+00 -6.5235E+02
  2.5220E+01  8.4168E+01  1.0523E+02  4.5137E-01  6.5259E+02  8.0835E+00 -6.5234E+02
  2.5222E+01  8.4173E+01  1.0523E+02  4.5137E-01  6.5259E+02  8.0835E+00 -6.5234E+02
  2.5223E+01  8.4177E+01  1.0523E+02  4.5137E-01  6.5259E+02  8.0835E+00 -6.5234E+02
  2.5225E+01  8.4182E+01  1.0523E+02  4.5137E-01  6.5259E+02  8.0835E+00 -6.5234E+02
  2.5226E+01  8.4186E+01  1.0523E+02  4.5137E-01  6.5259E+02  8.0835E+00 -6.5234E+02
  2.5227E+01  8.4191E+01  1.0523E+02  4.5137E-01  6.5259E+02  8.0835E+00 -6.5234E+02
  2.5228E+01  8.4195E+01  1.0523E+02  4.5137E-01  6.5259E+02  8.0835E+00 -6.5234E+02
  2.5230E+01  8.4200E+01  1.0523E+02  4.5137E-01  6.5259E+02  8.0835E+00 -6.5234E+02
  2.5231E+01  8.4204E+01  1.0523E+02  4.5137E-01  6.5259E+02  8.0835E+00 -6.5234E+02
  2.5233E+01  8.4209E+01  1.0523E+02  4.5137E-01  6.5259E+02  8.0835E+00 -6.5234E+02
  2.5234E+01  8.4213E+01  1.0523E+02  4.5137E-01  6.5259E+02  8.0835E+00 -6.5234E+02
  2.5235E+01  8.4218E+01  1.0523E+02  4.5137E-01  6.5259E+02  8.0835E+00 -6.5234E+02
  2.5237E+01  8.4222E+01  1.0523E+02  4.5137E-01  6.5259E+02  8.0835E+00 -6.5234E+02
  2.5238E+01  8.4227E+01  1.0523E+02  4.5137E-01  6.5258E+02  8.0835E+00 -6.5234E+02
  2.5239E+01  8.4231E+01  1.0523E+02  4.5137E-01  6.5258E+02  8.0835E+00 -6.5234E+02
  2.5241E+01  8.4236E+01  1.0523E+02  4.5137E-01  6.5258E+02  8.0835E+00 -6.5234E+02
  2.5242E+01  8.4240E+01  1.0523E+02  4.5137E-01  6.5258E+02  8.0835E+00 -6.5234E+02
  2.5243E+01  8.4244E+01  1.0523E+02  4.5137E-01  6.5258E+02  8.0835E+00 -6.5234E+02
  2.5245E+01  8.4248E+01  1.0523E+02  4.5137E-01  6.5258E+02  8.0835E+00 -6.5234E+02
  2.5246E+01  8.4253E+01  1.0523E+02  4.5137E-01  6.5258E+02  8.0835E+00 -6.5234E+02
  2.5247E+01  8.4257E+01  1.0523E+02  4.5137E-01  6.5258E+02  8.0835E+00 -6.5234E+02
  2.5249E+01  8.4262E+01  1.0523E+02  4.5137E-01  6.5258E+02  8.0835E+00 -6.5234E+02
  2.5250E+01  8.4266E+01  1.0523E+02  4.5137E-01  6.5258E+02  8.0835E+00 -6.5233E+02
  2.5251E+01  8.4271E+01  1.0523E+02  4.5137E-01  6.5258E+02  8.0835E+00 -6.5233E+02
  2.5253E+01  8.4275E+01  1.0523E+02  4.5137E-01  6.5258E+02  8.0835E+00 -6.5233E+02
  2.5254E+01  8.4280E+01  1.0523E+02  4.5136E-01  6.5258E+02  8.0835E+00 -6.5233E+02
  2.5255E+01  8.4284E+01  1.0523E+02  4.5136E-01  6.5258E+02  8.0835E+00 -6.5233E+02
  2.5257E+01  8.4289E+01  1.0523E+02  4.5136E-01  6.5258E+02  8.0835E+00 -6.5233E+02
  2.5258E+01  8.4293E+01  1.0523E+02  4.5136E-01  6.5258E+02  8.0835E+00 -6.5233E+02
  2.5259E+01  8.4298E+01  1.0523E+02  4.5136E-01  6.5258E+02  8.0835E+00 -6.5233E+02
  2.5261E+01  8.4302E+01  1.0523E+02  4.5136E-01  6.5258E+02  8.0835E+00 -6.5233E+02
  2.5262E+01  8.4307E+01  1.0523E+02  4.5136E-01  6.5258E+02  8.0835E+00 -6.5233E+02
  2.5263E+01  8.4311E+01  1.0523E+02  4.5136E-01  6.5258E+02  8.0835E+00 -6.5233E+02
  2.5265E+01  8.4316E+01  1.0523E+02  4.5136E-01  6.5258E+02  8.0835E+00 -6.5233E+02
  2.5266E+01  8.4320E+01  1.0523E+02  4.5136E-01  6.5258E+02  8.0835E+00 -6.5233E+02
  2.5267E+01  8.4325E+01  1.0523E+02  4.5136E-01  6.5257E+02  8.0835E+00 -6.5233E+02
  2.5269E+01  8.4329E+01  1.0523E+02  4.5136E-01  6.5257E+02  8.0835E+00 -6.5233E+02
  2.5270E+01  8.4334E+01  1.0523E+02  4.5136E-01  6.5257E+02  8.0835E+00 -6.5233E+02
  2.5271E+01  8.4338E+01  1.0523E+02  4.5136E-01  6.5257E+02  8.0835E+00 -6.5233E+02
  2.5273E+01  8.4343E+01  1.0523E+02  4.5136E-01  6.5257E+02  8.0835E+00 -6.5233E+02
  2.5274E+01  8.4347E+01  1.0523E+02  4.5136E-01  6.5257E+02  8.0835E+00 -6.5233E+02
  2.5275E+01  8.4351E+01  1.0523E+02  4.5136E-01  6.5257E+02  8.0835E+00 -6.5233E+02
  2.5277E+01  8.4356E+01  1.0523E+02  4.5136E-01  6.5257E+02  8.0835E+00 -6.5233E+02
  2.5278E+01  8.4360E+01  1.0523E+02  4.5136E-01  6.5257E+02  8.0835E+00 -6.5233E+02
  2.5279E+01  8.4364E+01  1.0523E+02  4.5136E-01  6.5257E+02  8.0835E+00 -6.5233E+02
  2.5281E+01  8.4369E+01  1.0523E+02  4.5136E-01  6.5257E+02  8.0836E+00 -6.5232E+02
  2.5282E+01  8.4373E+01  1.0523E+02  4.5136E-01  6.5257E+02  8.0836E+00 -6.5232E+02
  2.5283E+01  8.4378E+01  1.0523E+02  4.5136E-01  6.5257E+02  8.0836E+00 -6.5232E+02
  2.5285E+01  8.4382E+01  1.0523E+02  4.5136E-01  6.5257E+02  8.0836E+00 -6.5232E+02
  2.5286E+01  8.4387E+01  1.0523E+02  4.5136E-01  6.5257E+02  8.0836E+00 -6.5232E+02
  2.5287E+01  8.4391E+01  1.0523E+02  4.5136E-01  6.5257E+02  8.0836E+00 -6.5232E+02
  2.5289E+01  8.4396E+01  1.0523E+02  4.5136E-01  6.5257E+02  8.0836E+00 -6.5232E+02
  2.5290E+01  8.4400E+01  1.0523E+02  4.5136E-01  6.5257E+02  8.0836E+00 -6.5232E+02
  2.5291E+01  8.4405E+01  1.0523E+02  4.5136E-01  6.5257E+02  8.0836E+00 -6.5232E+02
  2.5293E+01  8.4409E+01  1.0523E+02  4.5136E-01  6.5257E+02  8.0836E+00 -6.5232E+02
  2.5294E+01  8.4414E+01  1.0523E+02  4.5136E-01  6.5257E+02  8.0836E+00 -6.5232E+02
  2.5295E+01  8.4418E+01  1.0523E+02  4.5136E-01  6.5257E+02  8.0836E+00 -6.5232E+02
  2.5297E+01  8.4423E+01  1.0523E+02  4.5136E-01  6.5257E+02  8.0836E+00 -6.5232E+02
  2.5298E+01  8.4427E+01  1.0523E+02  4.5136E-01  6.5256E+02  8.0836E+00 -6.5232E+02
  2.5299E+01  8.4432E+01  1.0523E+02  4.5136E-01  6.5256E+02  8.0836E+00 -6.5232E+02
  2.5301E+01  8.4436E+01  1.0523E+02  4.5136E-01  6.5256E+02  8.0836E+00 -6.5232E+02
  2.5302E+01  8.4441E+01  1.0523E+02  4.5136E-01  6.5256E+02  8.0836E+00 -6.5232E+02
  2.5303E+01  8.4445E+01  1.0523E+02  4.5136E-01  6.5256E+02  8.0836E+00 -6.5232E+02
  2.5305E+01  8.4450E+01  1.0523E+02  4.5136E-01  6.5256E+02  8.0836E+00 -6.5232E+02
  2.5306E+01  8.4454E+01  1.0523E+02  4.5136E-01  6.5256E+02  8.0836E+00 -6.5232E+02
  2.5307E+01  8.4459E+01  1.0523E+02  4.5136E-01  6.5256E+02  8.0836E+00 -6.5232E+02
  2.5309E+01  8.4463E+01  1.0523E+02  4.5136E-01  6.5256E+02  8.0836E+00 -6.5232E+02
  2.5310E+01  8.4467E+01  1.0523E+02  4.5136E-01  6.5256E+02  8.0836E+00 -6.5231E+02
  2.5311E+01  8.4471E+01  1.0523E+02  4.5136E-01  6.5256E+02  8.0836E+00 -6.5231E+02
  2.5313E+01  8.4476E+01  1.0523E+02  4.5136E-01  6.5256E+02  8.0836E+00 -6.5231E+02
  2.5314E+01  8.4480E+01  1.0523E+02  4.5136E-01  6.5256E+02  8.0836E+00 -6.5231E+02
  2.5315E+01  8.4485E+01  1.0523E+02  4.5136E-01  6.5256E+02  8.0836E+00 -6.5231E+02
  2.5317E+01  8.4489E+01  1.0523E+02  4.5136E-01  6.5256E+02  8.0836E+00 -6.5231E+02
  2.5318E+01  8.4494E+01  1.0523E+02  4.5136E-01  6.5256E+02  8.0836E+00 -6.5231E+02
  2.5319E+01  8.4498E+01  1.0523E+02  4.5136E-01  6.5256E+02  8.0836E+00 -6.5231E+02
  2.5321E+01  8.4503E+01  1.0523E+02  4.5136E-01  6.5256E+02  8.0836E+00 -6.5231E+02
  2.5322E+01  8.4507E+01  1.0523E+02  4.5136E-01  6.5256E+02  8.0836E+00 -6.5231E+02
  2.5324E+01  8.4512E+01  1.0523E+02  4.5135E-01  6.5256E+02  8.0836E+00 -6.5231E+02
  2.5325E+01  8.4516E+01  1.0523E+02  4.5135E-01  6.5256E+02  8.0836E+00 -6.5231E+02
  2.5326E+01  8.4521E+01  1.0523E+02  4.5135E-01  6.5256E+02  8.0836E+00 -6.5231E+02
  2.5327E+01  8.4525E+01  1.0523E+02  4.5135E-01  6.5256E+02  8.0836E+00 -6.5231E+02
  2.5329E+01  8.4530E+01  1.0523E+02  4.5135E-01  6.5255E+02  8.0836E+00 -6.5231E+02
  2.5330E+01  8.4534E+01  1.0523E+02  4.5135E-01  6.5255E+02  8.0836E+00 -6.5231E+02
  2.5332E+01  8.4539E+01  1.0523E+02  4.5135E-01  6.5255E+02  8.0836E+00 -6.5231E+02
  2.5333E+01  8.4543E+01  1.0523E+02  4.5135E-01  6.5255E+02  8.0836E+00 -6.5231E+02
  2.5334E+01  8.4548E+01  1.0523E+02  4.5135E-01  6.5255E+02  8.0836E+00 -6.5231E+02
  2.5335E+01  8.4552E+01  1.0523E+02  4.5135E-01  6.5255E+02  8.0836E+00 -6.5231E+02
  2.5337E+01  8.4557E+01  1.0523E+02  4.5135E-01  6.5255E+02  8.0836E+00 -6.5231E+02
  2.5338E+01  8.4561E+01  1.0523E+02  4.5135E-01  6.5255E+02  8.0836E+00 -6.5231E+02
  2.5340E+01  8.4566E+01  1.0523E+02  4.5135E-01  6.5255E+02  8.0836E+00 -6.5231E+02
  2.5341E+01  8.4570E+01  1.0523E+02  4.5135E-01  6.5255E+02  8.0836E+00 -6.5230E+02
  2.5342E+01  8.4575E+01  1.0523E+02  4.5135E-01  6.5255E+02  8.0836E+00 -6.5230E+02
  2.5343E+01  8.4579E+01  1.0523E+02  4.5135E-01  6.5255E+02  8.0836E+00 -6.5230E+02
  2.5345E+01  8.4583E+01  1.0523E+02  4.5135E-01  6.5255E+02  8.0836E+00 -6.5230E+02
  2.5346E+01  8.4587E+01  1.0523E+02  4.5135E-01  6.5255E+02  8.0836E+00 -6.5230E+02
  2.5348E+01  8.4592E+01  1.0523E+02  4.5135E-01  6.5255E+02  8.0836E+00 -6.5230E+02
  2.5349E+01  8.4596E+01  1.0523E+02  4.5135E-01  6.5255E+02  8.0836E+00 -6.5230E+02
  2.5350E+01  8.4601E+01  1.0523E+02  4.5135E-01  6.5255E+02  8.0836E+00 -6.5230E+02
  2.5352E+01  8.4605E+01  1.0523E+02  4.5135E-01  6.5255E+02  8.0836E+00 -6.5230E+02
  2.5353E+01  8.4610E+01  1.0523E+02  4.5135E-01  6.5255E+02  8.0836E+00 -6.5230E+02
  2.5354E+01  8.4614E+01  1.0523E+02  4.5135E-01  6.5255E+02  8.0836E+00 -6.5230E+02
  2.5356E+01  8.4619E+01  1.0523E+02  4.5135E-01  6.5255E+02  8.0836E+00 -6.5230E+02
  2.5357E+01  8.4623E+01  1.0523E+02  4.5135E-01  6.5255E+02  8.0836E+00 -6.5230E+02
  2.5358E+01  8.4628E+01  1.0523E+02  4.5135E-01  6.5254E+02  8.0836E+00 -6.5230E+02
  2.5360E+01  8.4632E+01  1.0523E+02  4.5135E-01  6.5254E+02  8.0836E+00 -6.5230E+02
  2.5361E+01  8.4637E+01  1.0523E+02  4.5135E-01  6.5254E+02  8.0836E+00 -6.5230E+02
  2.5362E+01  8.4641E+01  1.0523E+02  4.5135E-01  6.5254E+02  8.0836E+00 -6.5230E+02
  2.5364E+01  8.4646E+01  1.0523E+02  4.5135E-01  6.5254E+02  8.0836E+00 -6.5230E+02
  2.5365E+01  8.4650E+01  1.0523E+02  4.5135E-01  6.5254E+02  8.0836E+00 -6.5230E+02
  2.5366E+01  8.4655E+01  1.0523E+02  4.5135E-01  6.5254E+02  8.0836E+00 -6.5230E+02
  2.5368E+01  8.4659E+01  1.0523E+02  4.5135E-01  6.5254E+02  8.0836E+00 -6.5230E+02
  2.5369E+01  8.4664E+01  1.0523E+02  4.5135E-01  6.5254E+02  8.0836E+00 -6.5230E+02
  2.5370E+01  8.4668E+01  1.0523E+02  4.5135E-01  6.5254E+02  8.0836E+00 -6.5230E+02
  2.5372E+01  8.4673E+01  1.0523E+02  4.5135E-01  6.5254E+02  8.0836E+00 -6.5229E+02
  2.5373E+01  8.4677E+01  1.0523E+02  4.5135E-01  6.5254E+02  8.0836E+00 -6.5229E+02
  2.5374E+01  8.4682E+01  1.0523E+02  4.5135E-01  6.5254E+02  8.0836E+00 -6.5229E+02
  2.5376E+01  8.4686E+01  1.0523E+02  4.5135E-01  6.5254E+02  8.0836E+00 -6.5229E+02
  2.5377E+01  8.4690E+01  1.0523E+02  4.5135E-01  6.5254E+02  8.0836E+00 -6.5229E+02
  2.5378E+01  8.4694E+01  1.0523E+02  4.5135E-01  6.5254E+02  8.0836E+00 -6.5229E+02
  2.5380E+01  8.4699E+01  1.0523E+02  4.5135E-01  6.5254E+02  8.0836E+00 -6.5229E+02
  2.5381E+01  8.4703E+01  1.0523E+02  4.5135E-01  6.5254E+02  8.0837E+00 -6.5229E+02
  2.5382E+01  8.4708E+01  1.0523E+02  4.5135E-01  6.5254E+02  8.0837E+00 -6.5229E+02
  2.5384E+01  8.4712E+01  1.0523E+02  4.5135E-01  6.5254E+02  8.0837E+00 -6.5229E+02
  2.5385E+01  8.4717E+01  1.0523E+02  4.5135E-01  6.5254E+02  8.0837E+00 -6.5229E+02
  2.5386E+01  8.4721E+01  1.0523E+02  4.5135E-01  6.5254E+02  8.0837E+00 -6.5229E+02
  2.5388E+01  8.4726E+01  1.0523E+02  4.5135E-01  6.5254E+02  8.0837E+00 -6.5229E+02
  2.5389E+01  8.4730E+01  1.0523E+02  4.5135E-01  6.5253E+02  8.0837E+00 -6.5229E+02
  2.5390E+01  8.4735E+01  1.0523E+02  4.5135E-01  6.5253E+02  8.0837E+00 -6.5229E+02
  2.5392E+01  8.4739E+01  1.0523E+02  4.5134E-01  6.5253E+02  8.0837E+00 -6.5229E+02
  2.5393E+01  8.4744E+01  1.0523E+02  4.5134E-01  6.5253E+02  8.0837E+00 -6.5229E+02
  2.5394E+01  8.4748E+01  1.0523E+02  4.5134E-01  6.5253E+02  8.0837E+00 -6.5229E+02
  2.5396E+01  8.4753E+01  1.0523E+02  4.5134E-01  6.5253E+02  8.0837E+00 -6.5229E+02
  2.5397E+01  8.4757E+01  1.0523E+02  4.5134E-01  6.5253E+02  8.0837E+00 -6.5229E+02
  2.5398E+01  8.4762E+01  1.0523E+02  4.5134E-01  6.5253E+02  8.0837E+00 -6.5229E+02
  2.5400E+01  8.4766E+01  1.0523E+02  4.5134E-01  6.5253E+02  8.0837E+00 -6.5229E+02
  2.5401E+01  8.4771E+01  1.0523E+02  4.5134E-01  6.5253E+02  8.0837E+00 -6.5228E+02
  2.5402E+01  8.4775E+01  1.0523E+02  4.5134E-01  6.5253E+02  8.0837E+00 -6.5228E+02
  2.5404E+01  8.4780E+01  1.0523E+02  4.5134E-01  6.5253E+02  8.0837E+00 -6.5228E+02
  2.5405E+01  8.4784E+01  1.0523E+02  4.5134E-01  6.5253E+02  8.0837E+00 -6.5228E+02
  2.5406E+01  8.4789E+01  1.0523E+02  4.5134E-01  6.5253E+02  8.0837E+00 -6.5228E+02
  2.5408E+01  8.4793E+01  1.0523E+02  4.5134E-01  6.5253E+02  8.0837E+00 -6.5228E+02
  2.5409E+01  8.4798E+01  1.0523E+02  4.5134E-01  6.5253E+02  8.0837E+00 -6.5228E+02
  2.5410E+01  8.4802E+01  1.0523E+02  4.5134E-01  6.5253E+02  8.0837E+00 -6.5228E+02
  2.5412E+01  8.4806E+01  1.0523E+02  4.5134E-01  6.5253E+02  8.0837E+00 -6.5228E+02
  2.5413E+01  8.4810E+01  1.0523E+02  4.5134E-01  6.5253E+02  8.0837E+00 -6.5228E+02
  2.5414E+01  8.4815E+01  1.0523E+02  4.5134E-01  6.5253E+02  8.0837E+00 -6.5228E+02
  2.5416E+01  8.4819E+01  1.0523E+02  4.5134E-01  6.5253E+02  8.0837E+00 -6.5228E+02
  2.5417E+01  8.4824E+01  1.0523E+02  4.5134E-01  6.5253E+02  8.0837E+00 -6.5228E+02
  2.5418E+01  8.4828E+01  1.0523E+02  4.5134E-01  6.5252E+02  8.0837E+00 -6.5228E+02
  2.5420E+01  8.4833E+01  1.0523E+02  4.5134E-01  6.5252E+02  8.0837E+00 -6.5228E+02
  2.5421E+01  8.4837E+01  1.0523E+02  4.5134E-01  6.5252E+02  8.0837E+00 -6.5228E+02
  2.5422E+01  8.4842E+01  1.0523E+02  4.5134E-01  6.5252E+02  8.0837E+00 -6.5228E+02
  2.5424E+01  8.4846E+01  1.0523E+02  4.5134E-01  6.5252E+02  8.0837E+00 -6.5228E+02
  2.5425E+01  8.4851E+01  1.0523E+02  4.5134E-01  6.5252E+02  8.0837E+00 -6.5228E+02
  2.5426E+01  8.4855E+01  1.0523E+02  4.5134E-01  6.5252E+02  8.0837E+00 -6.5228E+02
  2.5428E+01  8.4860E+01  1.0523E+02  4.5134E-01  6.5252E+02  8.0837E+00 -6.5228E+02
  2.5429E+01  8.4864E+01  1.0523E+02  4.5134E-01  6.5252E+02  8.0837E+00 -6.5228E+02
  2.5430E+01  8.4869E+01  1.0523E+02  4.5134E-01  6.5252E+02  8.0837E+00 -6.5228E+02
  2.5432E+01  8.4873E+01  1.0523E+02  4.5134E-01  6.5252E+02  8.0837E+00 -6.5227E+02
  2.5433E+01  8.4878E+01  1.0523E+02  4.5134E-01  6.5252E+02  8.0837E+00 -6.5227E+02
  2.5434E+01  8.4882E+01  1.0523E+02  4.5134E-01  6.5252E+02  8.0837E+00 -6.5227E+02
  2.5436E+01  8.4887E+01  1.0523E+02  4.5134E-01  6.5252E+02  8.0837E+00 -6.5227E+02
  2.5437E+01  8.4891E+01  1.0523E+02  4.5134E-01  6.5252E+02  8.0837E+00 -6.5227E+02
  2.5439E+01  8.4896E+01  1.0523E+02  4.5134E-01  6.5252E+02  8.0837E+00 -6.5227E+02
  2.5440E+01  8.4900E+01  1.0523E+02  4.5134E-01  6.5252E+02  8.0837E+00 -6.5227E+02
  2.5441E+01  8.4905E+01  1.0523E+02  4.5134E-01  6.5252E+02  8.0837E+00 -6.5227E+02
  2.5442E+01  8.4909E+01  1.0523E+02  4.5134E-01  6.5252E+02  8.0837E+00 -6.5227E+02
  2.5444E+01  8.4913E+01  1.0523E+02  4.5134E-01  6.5252E+02  8.0837E+00 -6.5227E+02
  2.5445E+01  8.4918E+01  1.0523E+02  4.5134E-01  6.5252E+02  8.0837E+00 -6.5227E+02
  2.5447E+01  8.4922E+01  1.0523E+02  4.5134E-01  6.5252E+02  8.0837E+00 -6.5227E+02
  2.5448E+01  8.4926E+01  1.0523E+02  4.5134E-01  6.5252E+02  8.0837E+00 -6.5227E+02
  2.5449E+01  8.4931E+01  1.0523E+02  4.5134E-01  6.5251E+02  8.0837E+00 -6.5227E+02
  2.5450E+01  8.4935E+01  1.0523E+02  4.5134E-01  6.5251E+02  8.0837E+00 -6.5227E+02
  2.5452E+01  8.4940E+01  1.0523E+02  4.5134E-01  6.5251E+02  8.0837E+00 -6.5227E+02
  2.5453E+01  8.4944E+01  1.0523E+02  4.5134E-01  6.5251E+02  8.0837E+00 -6.5227E+02
  2.5455E+01  8.4949E+01  1.0523E+02  4.5134E-01  6.5251E+02  8.0837E+00 -6.5227E+02
  2.5456E+01  8.4953E+01  1.0523E+02  4.5134E-01  6.5251E+02  8.0837E+00 -6.5227E+02
  2.5457E+01  8.4958E+01  1.0523E+02  4.5134E-01  6.5251E+02  8.0837E+00 -6.5227E+02
  2.5458E+01  8.4962E+01  1.0523E+02  4.5134E-01  6.5251E+02  8.0837E+00 -6.5227E+02
  2.5460E+01  8.4967E+01  1.0523E+02  4.5134E-01  6.5251E+02  8.0837E+00 -6.5227E+02
  2.5461E+01  8.4971E+01  1.0523E+02  4.5134E-01  6.5251E+02  8.0837E+00 -6.5226E+02
  2.5463E+01  8.4976E+01  1.0523E+02  4.5133E-01  6.5251E+02  8.0837E+00 -6.5226E+02
  2.5464E+01  8.4980E+01  1.0523E+02  4.5133E-01  6.5251E+02  8.0837E+00 -6.5226E+02
  2.5465E+01  8.4985E+01  1.0523E+02  4.5133E-01  6.5251E+02  8.0837E+00 -6.5226E+02
  2.5467E+01  8.4989E+01  1.0523E+02  4.5133E-01  6.5251E+02  8.0837E+00 -6.5226E+02
  2.5468E+01  8.4994E+01  1.0523E+02  4.5133E-01  6.5251E+02  8.0837E+00 -6.5226E+02
  2.5469E+01  8.4998E+01  1.0523E+02  4.5133E-01  6.5251E+02  8.0837E+00 -6.5226E+02
  2.5471E+01  8.5003E+01  1.0523E+02  4.5133E-01  6.5251E+02  8.0837E+00 -6.5226E+02
  2.5472E+01  8.5007E+01  1.0523E+02  4.5133E-01  6.5251E+02  8.0838E+00 -6.5226E+02
  2.5473E+01  8.5012E+01  1.0523E+02  4.5133E-01  6.5251E+02  8.0838E+00 -6.5226E+02
  2.5475E+01  8.5016E+01  1.0523E+02  4.5133E-01  6.5251E+02  8.0838E+00 -6.5226E+02
  2.5476E+01  8.5021E+01  1.0523E+02  4.5133E-01  6.5251E+02  8.0838E+00 -6.5226E+02
  2.5477E+01  8.5025E+01  1.0523E+02  4.5133E-01  6.5251E+02  8.0838E+00 -6.5226E+02
  2.5479E+01  8.5029E+01  1.0523E+02  4.5133E-01  6.5251E+02  8.0838E+00 -6.5226E+02
  2.5480E+01  8.5033E+01  1.0523E+02  4.5133E-01  6.5250E+02  8.0838E+00 -6.5226E+02
  2.5481E+01  8.5038E+01  1.0523E+02  4.5133E-01  6.5250E+02  8.0838E+00 -6.5226E+02
  2.5483E+01  8.5042E+01  1.0523E+02  4.5133E-01  6.5250E+02  8.0838E+00 -6.5226E+02
  2.5484E+01  8.5047E+01  1.0523E+02  4.5133E-01  6.5250E+02  8.0838E+00 -6.5226E+02
  2.5485E+01  8.5051E+01  1.0523E+02  4.5133E-01  6.5250E+02  8.0838E+00 -6.5226E+02
  2.5487E+01  8.5056E+01  1.0523E+02  4.5133E-01  6.5250E+02  8.0838E+00 -6.5226E+02
  2.5488E+01  8.5060E+01  1.0523E+02  4.5133E-01  6.5250E+02  8.0838E+00 -6.5226E+02
  2.5489E+01  8.5065E+01  1.0523E+02  4.5133E-01  6.5250E+02  8.0838E+00 -6.5226E+02
  2.5491E+01  8.5069E+01  1.0523E+02  4.5133E-01  6.5250E+02  8.0838E+00 -6.5226E+02
  2.5492E+01  8.5074E+01  1.0523E+02  4.5133E-01  6.5250E+02  8.0838E+00 -6.5225E+02
  2.5493E+01  8.5078E+01  1.0523E+02  4.5133E-01  6.5250E+02  8.0838E+00 -6.5225E+02
  2.5495E+01  8.5083E+01  1.0523E+02  4.5133E-01  6.5250E+02  8.0838E+00 -6.5225E+02
  2.5496E+01  8.5087E+01  1.0523E+02  4.5133E-01  6.5250E+02  8.0838E+00 -6.5225E+02
  2.5497E+01  8.5092E+01  1.0523E+02  4.5133E-01  6.5250E+02  8.0838E+00 -6.5225E+02
  2.5499E+01  8.5096E+01  1.0523E+02  4.5133E-01  6.5250E+02  8.0838E+00 -6.5225E+02
  2.5500E+01  8.5101E+01  1.0523E+02  4.5133E-01  6.5250E+02  8.0838E+00 -6.5225E+02
  2.5501E+01  8.5105E+01  1.0523E+02  4.5133E-01  6.5250E+02  8.0838E+00 -6.5225E+02
  2.5503E+01  8.5110E+01  1.0523E+02  4.5133E-01  6.5250E+02  8.0838E+00 -6.5225E+02
  2.5504E+01  8.5114E+01  1.0523E+02  4.5133E-01  6.5250E+02  8.0838E+00 -6.5225E+02
  2.5505E+01  8.5119E+01  1.0523E+02  4.5133E-01  6.5250E+02  8.0838E+00 -6.5225E+02
  2.5507E+01  8.5123E+01  1.0523E+02  4.5133E-01  6.5250E+02  8.0838E+00 -6.5225E+02
  2.5508E+01  8.5128E+01  1.0523E+02  4.5133E-01  6.5250E+02  8.0838E+00 -6.5225E+02
  2.5509E+01  8.5132E+01  1.0523E+02  4.5133E-01  6.5249E+02  8.0838E+00 -6.5225E+02
  2.5511E+01  8.5137E+01  1.0523E+02  4.5133E-01  6.5249E+02  8.0838E+00 -6.5225E+02
  2.5512E+01  8.5141E+01  1.0523E+02  4.5133E-01  6.5249E+02  8.0838E+00 -6.5225E+02
  2.5513E+01  8.5145E+01  1.0523E+02  4.5133E-01  6.5249E+02  8.0838E+00 -6.5225E+02
  2.5515E+01  8.5149E+01  1.0523E+02  4.5133E-01  6.5249E+02  8.0838E+00 -6.5225E+02
  2.5516E+01  8.5154E+01  1.0523E+02  4.5133E-01  6.5249E+02  8.0838E+00 -6.5225E+02
  2.5517E+01  8.5158E+01  1.0523E+02  4.5133E-01  6.5249E+02  8.0838E+00 -6.5225E+02
  2.5519E+01  8.5163E+01  1.0523E+02  4.5133E-01  6.5249E+02  8.0838E+00 -6.5225E+02
  2.5520E+01  8.5167E+01  1.0523E+02  4.5133E-01  6.5249E+02  8.0838E+00 -6.5225E+02
  2.5521E+01  8.5172E+01  1.0523E+02  4.5133E-01  6.5249E+02  8.0838E+00 -6.5225E+02
  2.5523E+01  8.5176E+01  1.0523E+02  4.5133E-01  6.5249E+02  8.0838E+00 -6.5224E+02
  2.5524E+01  8.5181E+01  1.0523E+02  4.5133E-01  6.5249E+02  8.0838E+00 -6.5224E+02
  2.5525E+01  8.5185E+01  1.0523E+02  4.5133E-01  6.5249E+02  8.0838E+00 -6.5224E+02
  2.5527E+01  8.5190E+01  1.0523E+02  4.5133E-01  6.5249E+02  8.0838E+00 -6.5224E+02
  2.5528E+01  8.5194E+01  1.0523E+02  4.5133E-01  6.5249E+02  8.0838E+00 -6.5224E+02
  2.5529E+01  8.5199E+01  1.0523E+02  4.5133E-01  6.5249E+02  8.0838E+00 -6.5224E+02
  2.5531E+01  8.5203E+01  1.0523E+02  4.5133E-01  6.5249E+02  8.0838E+00 -6.5224E+02
  2.5532E+01  8.5208E+01  1.0523E+02  4.5132E-01  6.5249E+02  8.0838E+00 -6.5224E+02
  2.5533E+01  8.5212E+01  1.0523E+02  4.5132E-01  6.5249E+02  8.0838E+00 -6.5224E+02
  2.5535E+01  8.5217E+01  1.0523E+02  4.5132E-01  6.5249E+02  8.0838E+00 -6.5224E+02
  2.5536E+01  8.5221E+01  1.0523E+02  4.5132E-01  6.5249E+02  8.0838E+00 -6.5224E+02
  2.5537E+01  8.5226E+01  1.0523E+02  4.5132E-01  6.5249E+02  8.0838E+00 -6.5224E+02
  2.5539E+01  8.5230E+01  1.0523E+02  4.5132E-01  6.5249E+02  8.0838E+00 -6.5224E+02
  2.5540E+01  8.5235E+01  1.0523E+02  4.5132E-01  6.5248E+02  8.0838E+00 -6.5224E+02
  2.5541E+01  8.5239E+01  1.0523E+02  4.5132E-01  6.5248E+02  8.0838E+00 -6.5224E+02
  2.5543E+01  8.5244E+01  1.0523E+02  4.5132E-01  6.5248E+02  8.0838E+00 -6.5224E+02
  2.5544E+01  8.5248E+01  1.0523E+02  4.5132E-01  6.5248E+02  8.0838E+00 -6.5224E+02
  2.5545E+01  8.5252E+01  1.0523E+02  4.5132E-01  6.5248E+02  8.0838E+00 -6.5224E+02
  2.5547E+01  8.5256E+01  1.0523E+02  4.5132E-01  6.5248E+02  8.0838E+00 -6.5224E+02
  2.5548E+01  8.5261E+01  1.0523E+02  4.5132E-01  6.5248E+02  8.0839E+00 -6.5224E+02
  2.5549E+01  8.5265E+01  1.0523E+02  4.5132E-01  6.5248E+02  8.0839E+00 -6.5224E+02
  2.5551E+01  8.5270E+01  1.0523E+02  4.5132E-01  6.5248E+02  8.0839E+00 -6.5224E+02
  2.5552E+01  8.5274E+01  1.0523E+02  4.5132E-01  6.5248E+02  8.0839E+00 -6.5223E+02
  2.5553E+01  8.5279E+01  1.0523E+02  4.5132E-01  6.5248E+02  8.0839E+00 -6.5223E+02
  2.5555E+01  8.5283E+01  1.0523E+02  4.5132E-01  6.5248E+02  8.0839E+00 -6.5223E+02
  2.5556E+01  8.5288E+01  1.0523E+02  4.5132E-01  6.5248E+02  8.0839E+00 -6.5223E+02
  2.5557E+01  8.5292E+01  1.0523E+02  4.5132E-01  6.5248E+02  8.0839E+00 -6.5223E+02
  2.5559E+01  8.5297E+01  1.0523E+02  4.5132E-01  6.5248E+02  8.0839E+00 -6.5223E+02
  2.5560E+01  8.5301E+01  1.0523E+02  4.5132E-01  6.5248E+02  8.0839E+00 -6.5223E+02
  2.5562E+01  8.5306E+01  1.0523E+02  4.5132E-01  6.5248E+02  8.0839E+00 -6.5223E+02
  2.5563E+01  8.5310E+01  1.0523E+02  4.5132E-01  6.5248E+02  8.0839E+00 -6.5223E+02
  2.5564E+01  8.5315E+01  1.0523E+02  4.5132E-01  6.5248E+02  8.0839E+00 -6.5223E+02
  2.5565E+01  8.5319E+01  1.0523E+02  4.5132E-01  6.5248E+02  8.0839E+00 -6.5223E+02
  2.5567E+01  8.5324E+01  1.0523E+02  4.5132E-01  6.5248E+02  8.0839E+00 -6.5223E+02
  2.5568E+01  8.5328E+01  1.0523E+02  4.5132E-01  6.5248E+02  8.0839E+00 -6.5223E+02
  2.5570E+01  8.5333E+01  1.0523E+02  4.5132E-01  6.5247E+02  8.0839E+00 -6.5223E+02
  2.5571E+01  8.5337E+01  1.0523E+02  4.5132E-01  6.5247E+02  8.0839E+00 -6.5223E+02
  2.5572E+01  8.5342E+01  1.0523E+02  4.5132E-01  6.5247E+02  8.0839E+00 -6.5223E+02
  2.5573E+01  8.5346E+01  1.0523E+02  4.5132E-01  6.5247E+02  8.0839E+00 -6.5223E+02
  2.5575E+01  8.5351E+01  1.0523E+02  4.5132E-01  6.5247E+02  8.0839E+00 -6.5223E+02
  2.5576E+01  8.5355E+01  1.0523E+02  4.5132E-01  6.5247E+02  8.0839E+00 -6.5223E+02
  2.5578E+01  8.5360E+01  1.0523E+02  4.5132E-01  6.5247E+02  8.0839E+00 -6.5223E+02
  2.5579E+01  8.5364E+01  1.0523E+02  4.5132E-01  6.5247E+02  8.0839E+00 -6.5223E+02
  2.5580E+01  8.5368E+01  1.0523E+02  4.5132E-01  6.5247E+02  8.0839E+00 -6.5223E+02
  2.5581E+01  8.5372E+01  1.0523E+02  4.5132E-01  6.5247E+02  8.0839E+00 -6.5223E+02
  2.5583E+01  8.5377E+01  1.0523E+02  4.5132E-01  6.5247E+02  8.0839E+00 -6.5222E+02
  2.5584E+01  8.5381E+01  1.0523E+02  4.5132E-01  6.5247E+02  8.0839E+00 -6.5222E+02
  2.5586E+01  8.5386E+01  1.0523E+02  4.5132E-01  6.5247E+02  8.0839E+00 -6.5222E+02
  2.5587E+01  8.5390E+01  1.0523E+02  4.5132E-01  6.5247E+02  8.0839E+00 -6.5222E+02
  2.5588E+01  8.5395E+01  1.0523E+02  4.5132E-01  6.5247E+02  8.0839E+00 -6.5222E+02
  2.5590E+01  8.5399E+01  1.0523E+02  4.5132E-01  6.5247E+02  8.0839E+00 -6.5222E+02
  2.5591E+01  8.5404E+01  1.0523E+02  4.5132E-01  6.5247E+02  8.0839E+00 -6.5222E+02
  2.5592E+01  8.5408E+01  1.0523E+02  4.5132E-01  6.5247E+02  8.0839E+00 -6.5222E+02
  2.5594E+01  8.5413E+01  1.0523E+02  4.5132E-01  6.5247E+02  8.0839E+00 -6.5222E+02
  2.5595E+01  8.5417E+01  1.0523E+02  4.5132E-01  6.5247E+02  8.0839E+00 -6.5222E+02
  2.5596E+01  8.5422E+01  1.0523E+02  4.5132E-01  6.5247E+02  8.0839E+00 -6.5222E+02
  2.5598E+01  8.5426E+01  1.0523E+02  4.5132E-01  6.5247E+02  8.0839E+00 -6.5222E+02
  2.5599E+01  8.5431E+01  1.0523E+02  4.5132E-01  6.5247E+02  8.0839E+00 -6.5222E+02
  2.5600E+01  8.5435E+01  1.0523E+02  4.5132E-01  6.5246E+02  8.0839E+00 -6.5222E+02
  2.5602E+01  8.5440E+01  1.0523E+02  4.5131E-01  6.5246E+02  8.0839E+00 -6.5222E+02
  2.5603E+01  8.5444E+01  1.0523E+02  4.5131E-01  6.5246E+02  8.0839E+00 -6.5222E+02
  2.5604E+01  8.5449E+01  1.0523E+02  4.5131E-01  6.5246E+02  8.0839E+00 -6.5222E+02
  2.5606E+01  8.5453E+01  1.0523E+02  4.5131E-01  6.5246E+02  8.0839E+00 -6.5222E+02
  2.5607E+01  8.5458E+01  1.0523E+02  4.5131E-01  6.5246E+02  8.0839E+00 -6.5222E+02
  2.5608E+01  8.5462E+01  1.0523E+02  4.5131E-01  6.5246E+02  8.0839E+00 -6.5222E+02
  2.5610E+01  8.5467E+01  1.0523E+02  4.5131E-01  6.5246E+02  8.0839E+00 -6.5222E+02
  2.5611E+01  8.5471E+01  1.0523E+02  4.5131E-01  6.5246E+02  8.0839E+00 -6.5222E+02
  2.5612E+01  8.5475E+01  1.0523E+02  4.5131E-01  6.5246E+02  8.0839E+00 -6.5221E+02
  2.5614E+01  8.5480E+01  1.0523E+02  4.5131E-01  6.5246E+02  8.0839E+00 -6.5221E+02
  2.5615E+01  8.5484E+01  1.0523E+02  4.5131E-01  6.5246E+02  8.0839E+00 -6.5221E+02
  2.5616E+01  8.5488E+01  1.0523E+02  4.5131E-01  6.5246E+02  8.0839E+00 -6.5221E+02
  2.5618E+01  8.5493E+01  1.0523E+02  4.5131E-01  6.5246E+02  8.0839E+00 -6.5221E+02
  2.5619E+01  8.5497E+01  1.0523E+02  4.5131E-01  6.5246E+02  8.0839E+00 -6.5221E+02
  2.5620E+01  8.5502E+01  1.0523E+02  4.5131E-01  6.5246E+02  8.0839E+00 -6.5221E+02
  2.5622E+01  8.5506E+01  1.0523E+02  4.5131E-01  6.5246E+02  8.0840E+00 -6.5221E+02
  2.5623E+01  8.5511E+01  1.0523E+02  4.5131E-01  6.5246E+02  8.0840E+00 -6.5221E+02
  2.5624E+01  8.5515E+01  1.0523E+02  4.5131E-01  6.5246E+02  8.0840E+00 -6.5221E+02
  2.5626E+01  8.5520E+01  1.0523E+02  4.5131E-01  6.5246E+02  8.0840E+00 -6.5221E+02
  2.5627E+01  8.5524E+01  1.0523E+02  4.5131E-01  6.5246E+02  8.0840E+00 -6.5221E+02
  2.5628E+01  8.5529E+01  1.0523E+02  4.5131E-01  6.5246E+02  8.0840E+00 -6.5221E+02
  2.5630E+01  8.5533E+01  1.0523E+02  4.5131E-01  6.5246E+02  8.0840E+00 -6.5221E+02
  2.5631E+01  8.5538E+01  1.0523E+02  4.5131E-01  6.5245E+02  8.0840E+00 -6.5221E+02
  2.5632E+01  8.5542E+01  1.0523E+02  4.5131E-01  6.5245E+02  8.0840E+00 -6.5221E+02
  2.5634E+01  8.5547E+01  1.0523E+02  4.5131E-01  6.5245E+02  8.0840E+00 -6.5221E+02
  2.5635E+01  8.5551E+01  1.0523E+02  4.5131E-01  6.5245E+02  8.0840E+00 -6.5221E+02
  2.5636E+01  8.5556E+01  1.0523E+02  4.5131E-01  6.5245E+02  8.0840E+00 -6.5221E+02
  2.5638E+01  8.5560E+01  1.0523E+02  4.5131E-01  6.5245E+02  8.0840E+00 -6.5221E+02
  2.5639E+01  8.5565E+01  1.0523E+02  4.5131E-01  6.5245E+02  8.0840E+00 -6.5221E+02
  2.5640E+01  8.5569E+01  1.0523E+02  4.5131E-01  6.5245E+02  8.0840E+00 -6.5221E+02
  2.5642E+01  8.5574E+01  1.0523E+02  4.5131E-01  6.5245E+02  8.0840E+00 -6.5221E+02
  2.5643E+01  8.5578E+01  1.0523E+02  4.5131E-01  6.5245E+02  8.0840E+00 -6.5220E+02
  2.5644E+01  8.5583E+01  1.0523E+02  4.5131E-01  6.5245E+02  8.0840E+00 -6.5220E+02
  2.5646E+01  8.5587E+01  1.0523E+02  4.5131E-01  6.5245E+02  8.0840E+00 -6.5220E+02
  2.5647E+01  8.5591E+01  1.0523E+02  4.5131E-01  6.5245E+02  8.0840E+00 -6.5220E+02
  2.5648E+01  8.5595E+01  1.0523E+02  4.5131E-01  6.5245E+02  8.0840E+00 -6.5220E+02
  2.5650E+01  8.5600E+01  1.0523E+02  4.5131E-01  6.5245E+02  8.0840E+00 -6.5220E+02
  2.5651E+01  8.5604E+01  1.0523E+02  4.5131E-01  6.5245E+02  8.0840E+00 -6.5220E+02
  2.5652E+01  8.5609E+01  1.0523E+02  4.5131E-01  6.5245E+02  8.0840E+00 -6.5220E+02
  2.5654E+01  8.5613E+01  1.0523E+02  4.5131E-01  6.5245E+02  8.0840E+00 -6.5220E+02
  2.5655E+01  8.5618E+01  1.0523E+02  4.5131E-01  6.5245E+02  8.0840E+00 -6.5220E+02
  2.5656E+01  8.5622E+01  1.0523E+02  4.5131E-01  6.5245E+02  8.0840E+00 -6.5220E+02
  2.5658E+01  8.5627E+01  1.0523E+02  4.5131E-01  6.5245E+02  8.0840E+00 -6.5220E+02
  2.5659E+01  8.5631E+01  1.0523E+02  4.5131E-01  6.5245E+02  8.0840E+00 -6.5220E+02
  2.5660E+01  8.5636E+01  1.0523E+02  4.5131E-01  6.5244E+02  8.0840E+00 -6.5220E+02
  2.5662E+01  8.5640E+01  1.0523E+02  4.5131E-01  6.5244E+02  8.0840E+00 -6.5220E+02
  2.5663E+01  8.5645E+01  1.0523E+02  4.5131E-01  6.5244E+02  8.0840E+00 -6.5220E+02
  2.5664E+01  8.5649E+01  1.0523E+02  4.5131E-01  6.5244E+02  8.0840E+00 -6.5220E+02
  2.5666E+01  8.5654E+01  1.0523E+02  4.5131E-01  6.5244E+02  8.0840E+00 -6.5220E+02
  2.5667E+01  8.5658E+01  1.0523E+02  4.5131E-01  6.5244E+02  8.0840E+00 -6.5220E+02
  2.5668E+01  8.5663E+01  1.0523E+02  4.5131E-01  6.5244E+02  8.0840E+00 -6.5220E+02
  2.5670E+01  8.5667E+01  1.0523E+02  4.5131E-01  6.5244E+02  8.0840E+00 -6.5220E+02
  2.5671E+01  8.5672E+01  1.0523E+02  4.5131E-01  6.5244E+02  8.0840E+00 -6.5220E+02
  2.5672E+01  8.5676E+01  1.0523E+02  4.5130E-01  6.5244E+02  8.0840E+00 -6.5220E+02
  2.5674E+01  8.5681E+01  1.0523E+02  4.5130E-01  6.5244E+02  8.0840E+00 -6.5219E+02
  2.5675E+01  8.5685E+01  1.0523E+02  4.5130E-01  6.5244E+02  8.0840E+00 -6.5219E+02
  2.5677E+01  8.5690E+01  1.0523E+02  4.5130E-01  6.5244E+02  8.0840E+00 -6.5219E+02
  2.5678E+01  8.5694E+01  1.0523E+02  4.5130E-01  6.5244E+02  8.0840E+00 -6.5219E+02
  2.5679E+01  8.5698E+01  1.0523E+02  4.5130E-01  6.5244E+02  8.0840E+00 -6.5219E+02
  2.5680E+01  8.5703E+01  1.0523E+02  4.5130E-01  6.5244E+02  8.0840E+00 -6.5219E+02
  2.5682E+01  8.5707E+01  1.0523E+02  4.5130E-01  6.5244E+02  8.0840E+00 -6.5219E+02
  2.5683E+01  8.5711E+01  1.0523E+02  4.5130E-01  6.5244E+02  8.0840E+00 -6.5219E+02
  2.5685E+01  8.5716E+01  1.0523E+02  4.5130E-01  6.5244E+02  8.0840E+00 -6.5219E+02
  2.5686E+01  8.5720E+01  1.0523E+02  4.5130E-01  6.5244E+02  8.0840E+00 -6.5219E+02
  2.5687E+01  8.5725E+01  1.0523E+02  4.5130E-01  6.5244E+02  8.0840E+00 -6.5219E+02
  2.5688E+01  8.5729E+01  1.0523E+02  4.5130E-01  6.5244E+02  8.0840E+00 -6.5219E+02
  2.5690E+01  8.5734E+01  1.0523E+02  4.5130E-01  6.5244E+02  8.0840E+00 -6.5219E+02
  2.5691E+01  8.5738E+01  1.0523E+02  4.5130E-01  6.5243E+02  8.0840E+00 -6.5219E+02
  2.5693E+01  8.5743E+01  1.0523E+02  4.5130E-01  6.5243E+02  8.0840E+00 -6.5219E+02
  2.5694E+01  8.5747E+01  1.0523E+02  4.5130E-01  6.5243E+02  8.0841E+00 -6.5219E+02
  2.5695E+01  8.5752E+01  1.0523E+02  4.5130E-01  6.5243E+02  8.0841E+00 -6.5219E+02
  2.5696E+01  8.5756E+01  1.0523E+02  4.5130E-01  6.5243E+02  8.0841E+00 -6.5219E+02
  2.5698E+01  8.5761E+01  1.0523E+02  4.5130E-01  6.5243E+02  8.0841E+00 -6.5219E+02
  2.5699E+01  8.5765E+01  1.0523E+02  4.5130E-01  6.5243E+02  8.0841E+00 -6.5219E+02
  2.5701E+01  8.5770E+01  1.0523E+02  4.5130E-01  6.5243E+02  8.0841E+00 -6.5219E+02
  2.5702E+01  8.5774E+01  1.0523E+02  4.5130E-01  6.5243E+02  8.0841E+00 -6.5219E+02
  2.5703E+01  8.5779E+01  1.0523E+02  4.5130E-01  6.5243E+02  8.0841E+00 -6.5218E+02
  2.5705E+01  8.5783E+01  1.0523E+02  4.5130E-01  6.5243E+02  8.0841E+00 -6.5218E+02
  2.5706E+01  8.5788E+01  1.0523E+02  4.5130E-01  6.5243E+02  8.0841E+00 -6.5218E+02
  2.5707E+01  8.5792E+01  1.0523E+02  4.5130E-01  6.5243E+02  8.0841E+00 -6.5218E+02
  2.5709E+01  8.5797E+01  1.0523E+02  4.5130E-01  6.5243E+02  8.0841E+00 -6.5218E+02
  2.5710E+01  8.5801E+01  1.0523E+02  4.5130E-01  6.5243E+02  8.0841E+00 -6.5218E+02
  2.5711E+01  8.5806E+01  1.0523E+02  4.5130E-01  6.5243E+02  8.0841E+00 -6.5218E+02
  2.5713E+01  8.5810E+01  1.0523E+02  4.5130E-01  6.5243E+02  8.0841E+00 -6.5218E+02
  2.5714E+01  8.5814E+01  1.0523E+02  4.5130E-01  6.5243E+02  8.0841E+00 -6.5218E+02
  2.5715E+01  8.5818E+01  1.0523E+02  4.5130E-01  6.5243E+02  8.0841E+00 -6.5218E+02
  2.5717E+01  8.5823E+01  1.0523E+02  4.5130E-01  6.5243E+02  8.0841E+00 -6.5218E+02
  2.5718E+01  8.5827E+01  1.0523E+02  4.5130E-01  6.5243E+02  8.0841E+00 -6.5218E+02
  2.5719E+01  8.5832E+01  1.0523E+02  4.5130E-01  6.5243E+02  8.0841E+00 -6.5218E+02
  2.5721E+01  8.5836E+01  1.0523E+02  4.5130E-01  6.5243E+02  8.0841E+00 -6.5218E+02
  2.5722E+01  8.5841E+01  1.0523E+02  4.5130E-01  6.5242E+02  8.0841E+00 -6.5218E+02
  2.5723E+01  8.5845E+01  1.0523E+02  4.5130E-01  6.5242E+02  8.0841E+00 -6.5218E+02
  2.5725E+01  8.5850E+01  1.0523E+02  4.5130E-01  6.5242E+02  8.0841E+00 -6.5218E+02
  2.5726E+01  8.5854E+01  1.0523E+02  4.5130E-01  6.5242E+02  8.0841E+00 -6.5218E+02
  2.5727E+01  8.5859E+01  1.0523E+02  4.5130E-01  6.5242E+02  8.0841E+00 -6.5218E+02
  2.5730E+01  8.5868E+01  1.0523E+02  4.5130E-01  6.5242E+02  8.0841E+00 -6.5218E+02
