  3.1185E+01  1.0401E+02  1.3571E-02  1.4049E-01  7.3785E-02  4.9876E-01 -7.1761E-02
  3.1202E+01  1.0407E+02  1.3431E-02  1.3926E-01  7.3763E-02  4.9882E-01 -7.1701E-02
  3.1220E+01  1.0413E+02  1.3290E-02  1.3802E-01  7.3740E-02  4.9887E-01 -7.1640E-02
  3.1237E+01  1.0418E+02  1.3150E-02  1.3679E-01  7.3718E-02  4.9893E-01 -7.1578E-02
  3.1254E+01  1.0424E+02  1.3009E-02  1.3554E-01  7.3696E-02  4.9898E-01 -7.1514E-02
  3.1272E+01  1.0430E+02  1.2869E-02  1.3432E-01  7.3673E-02  4.9903E-01 -7.1450E-02
  3.1289E+01  1.0436E+02  1.2728E-02  1.3307E-01  7.3650E-02  4.9909E-01 -7.1383E-02
  3.1306E+01  1.0442E+02  1.2588E-02  1.3185E-01  7.3628E-02  4.9914E-01 -7.1317E-02
  3.1324E+01  1.0447E+02  1.2447E-02  1.3061E-01  7.3605E-02  4.9919E-01 -7.1247E-02
  3.1341E+01  1.0453E+02  1.2307E-02  1.2939E-01  7.3582E-02  4.9924E-01 -7.1178E-02
  3.1358E+01  1.0459E+02  1.2166E-02  1.2815E-01  7.3559E-02  4.9929E-01 -7.1106E-02
  3.1375E+01  1.0465E+02  1.2026E-02  1.2693E-01  7.3535E-02  4.9933E-01 -7.1033E-02
  3.1393E+01  1.0470E+02  1.1885E-02  1.2569E-01  7.3512E-02  4.9938E-01 -7.0958E-02
  3.1410E+01  1.0476E+02  1.1745E-02  1.2448E-01  7.3489E-02  4.9943E-01 -7.0882E-02
  3.1428E+01  1.0482E+02  1.1604E-02  1.2324E-01  7.3465E-02  4.9947E-01 -7.0804E-02
  3.1445E+01  1.0488E+02  1.1464E-02  1.2203E-01  7.3442E-02  4.9951E-01 -7.0725E-02
  3.1462E+01  1.0493E+02  1.1325E-02  1.2082E-01  7.3418E-02  4.9956E-01 -7.0644E-02
  3.1479E+01  1.0499E+02  1.1183E-02  1.1959E-01  7.3394E-02  4.9960E-01 -7.0560E-02
  3.1497E+01  1.0505E+02  1.1043E-02  1.1838E-01  7.3370E-02  4.9964E-01 -7.0475E-02
  3.1514E+01  1.0511E+02  1.0902E-02  1.1715E-01  7.3346E-02  4.9968E-01 -7.0387E-02
  3.1531E+01  1.0517E+02  1.0762E-02  1.1594E-01  7.3322E-02  4.9971E-01 -7.0299E-02
  3.1549E+01  1.0522E+02  1.0621E-02  1.1472E-01  7.3297E-02  4.9975E-01 -7.0206E-02
  3.1566E+01  1.0528E+02  1.0481E-02  1.1352E-01  7.3273E-02  4.9979E-01 -7.0113E-02
  3.1583E+01  1.0534E+02  1.0340E-02  1.1230E-01  7.3248E-02  4.9982E-01 -7.0016E-02
  3.1600E+01  1.0540E+02  1.0200E-02  1.1110E-01  7.3224E-02  4.9985E-01 -6.9918E-02
  3.1618E+01  1.0545E+02  1.0059E-02  1.0988E-01  7.3199E-02  4.9988E-01 -6.9816E-02
  3.1635E+01  1.0551E+02  9.9194E-03  1.0868E-01  7.3174E-02  4.9991E-01 -6.9713E-02
  3.1652E+01  1.0557E+02  9.7781E-03  1.0747E-01  7.3149E-02  4.9994E-01 -6.9606E-02
  3.1670E+01  1.0563E+02  9.6384E-03  1.0628E-01  7.3124E-02  4.9997E-01 -6.9497E-02
  3.1687E+01  1.0569E+02  9.4970E-03  1.0507E-01  7.3098E-02  5.0000E-01 -6.9384E-02
  3.1704E+01  1.0574E+02  9.3570E-03  1.0388E-01  7.3900E-02  4.9988E-01 -7.0142E-02
  3.1722E+01  1.0580E+02  9.2128E-03  1.0264E-01  7.5602E-02  4.9990E-01 -7.1842E-02
  3.1739E+01  1.0586E+02  9.0675E-03  1.0139E-01  7.7265E-02  4.9992E-01 -7.3496E-02
  3.1756E+01  1.0592E+02  8.9176E-03  1.0010E-01  7.8929E-02  4.9993E-01 -7.5145E-02
  3.1774E+01  1.0597E+02  8.7669E-03  9.8798E-02  8.0552E-02  4.9995E-01 -7.6747E-02
  3.1791E+01  1.0603E+02  8.6115E-03  9.7449E-02  8.2173E-02  4.9995E-01 -7.8340E-02
  3.1808E+01  1.0609E+02  8.4555E-03  9.6090E-02  8.3753E-02  4.9996E-01 -7.9887E-02
  3.1826E+01  1.0615E+02  8.2949E-03  9.4688E-02  8.5330E-02  4.9996E-01 -8.1422E-02
  3.1843E+01  1.0621E+02  8.1338E-03  9.3276E-02  8.6864E-02  4.9995E-01 -8.2909E-02
  3.1860E+01  1.0626E+02  7.9690E-03  9.1831E-02  8.7128E-02  5.0006E-01 -8.3056E-02
  3.1877E+01  1.0632E+02  7.8062E-03  9.0406E-02  8.7102E-02  5.0005E-01 -8.2895E-02
  3.1895E+01  1.0638E+02  7.6434E-03  8.8983E-02  8.7075E-02  5.0004E-01 -8.2728E-02
  3.1912E+01  1.0644E+02  7.4786E-03  8.7546E-02  8.7047E-02  5.0003E-01 -8.2551E-02
  3.1929E+01  1.0649E+02  7.3158E-03  8.6129E-02  8.7020E-02  5.0001E-01 -8.2369E-02
  3.1947E+01  1.0655E+02  7.1510E-03  8.4698E-02  8.6993E-02  5.0000E-01 -8.2178E-02
  3.1964E+01  1.0661E+02  6.9882E-03  8.3288E-02  8.6965E-02  4.9998E-01 -8.1980E-02
  3.1981E+01  1.0667E+02  6.8234E-03  8.1864E-02  8.6938E-02  4.9996E-01 -8.1770E-02
  3.1999E+01  1.0672E+02  6.6606E-03  8.0461E-02  8.6910E-02  4.9994E-01 -8.1554E-02
  3.2016E+01  1.0678E+02  6.4959E-03  7.9045E-02  8.6882E-02  4.9991E-01 -8.1324E-02
  3.2033E+01  1.0684E+02  6.3331E-03  7.7650E-02  8.6855E-02  4.9989E-01 -8.1087E-02
  3.2051E+01  1.0690E+02  6.1683E-03  7.6242E-02  8.6827E-02  4.9986E-01 -8.0834E-02
  3.2068E+01  1.0696E+02  6.0055E-03  7.4855E-02  8.6799E-02  4.9983E-01 -8.0572E-02
  3.2085E+01  1.0701E+02  5.8407E-03  7.3456E-02  8.6771E-02  4.9980E-01 -8.0294E-02
  3.2102E+01  1.0707E+02  5.6779E-03  7.2079E-02  8.6743E-02  4.9977E-01 -8.0004E-02
  3.2120E+01  1.0713E+02  5.5131E-03  7.0690E-02  8.6715E-02  4.9973E-01 -7.9696E-02
  3.2137E+01  1.0719E+02  5.3503E-03  6.9324E-02  8.6687E-02  4.9970E-01 -7.9374E-02
  3.2154E+01  1.0724E+02  5.1856E-03  6.7946E-02  8.6659E-02  4.9966E-01 -7.9030E-02
  3.2172E+01  1.0730E+02  5.0228E-03  6.6591E-02  8.6631E-02  4.9962E-01 -7.8671E-02
  3.2189E+01  1.0736E+02  4.8580E-03  6.5226E-02  8.6603E-02  4.9957E-01 -7.8287E-02
  3.2206E+01  1.0742E+02  4.6952E-03  6.3884E-02  8.6575E-02  4.9953E-01 -7.7885E-02
  3.2224E+01  1.0748E+02  4.5304E-03  6.2533E-02  8.6546E-02  4.9948E-01 -7.7453E-02
  3.2241E+01  1.0753E+02  4.3676E-03  6.1206E-02  8.6518E-02  4.9943E-01 -7.7000E-02
  3.2258E+01  1.0759E+02  4.2029E-03  5.9871E-02  8.6490E-02  4.9938E-01 -7.6513E-02
  3.2276E+01  1.0765E+02  4.0401E-03  5.8560E-02  8.6461E-02  4.9933E-01 -7.6001E-02
  3.2293E+01  1.0771E+02  3.8753E-03  5.7243E-02  8.6433E-02  4.9927E-01 -7.5449E-02
  3.2310E+01  1.0776E+02  3.7125E-03  5.5951E-02  8.6405E-02  4.9921E-01 -7.4867E-02
  3.2327E+01  1.0782E+02  3.5497E-03  5.4670E-02  8.6377E-02  4.9915E-01 -7.4246E-02
  3.2345E+01  1.0788E+02  3.3849E-03  5.3384E-02  8.6349E-02  4.9909E-01 -7.3573E-02
  3.2362E+01  1.0794E+02  3.2221E-03  5.2125E-02  8.6321E-02  4.9903E-01 -7.2862E-02
  3.2379E+01  1.0799E+02  3.0574E-03  5.0864E-02  8.6292E-02  4.9896E-01 -7.2091E-02
  3.2397E+01  1.0805E+02  2.8946E-03  4.9632E-02  8.6265E-02  4.9890E-01 -7.1273E-02
  3.2414E+01  1.0811E+02  2.7298E-03  4.8400E-02  8.6237E-02  4.9883E-01 -7.0384E-02
  3.2431E+01  1.0817E+02  2.5670E-03  4.7198E-02  8.6209E-02  4.9876E-01 -6.9439E-02
  3.2449E+01  1.0823E+02  2.4022E-03  4.5998E-02  8.6181E-02  4.9868E-01 -6.8410E-02
  3.2466E+01  1.0828E+02  2.2394E-03  4.4831E-02  8.6154E-02  4.9861E-01 -6.7314E-02
  3.2483E+01  1.0834E+02  2.0747E-03  4.3670E-02  8.6127E-02  4.9853E-01 -6.6118E-02
  3.2500E+01  1.0840E+02  1.9119E-03  4.2544E-02  8.6100E-02  4.9845E-01 -6.4843E-02
  3.2518E+01  1.0846E+02  1.7471E-03  4.1428E-02  8.6073E-02  4.9837E-01 -6.3449E-02
  3.2535E+01  1.0851E+02  1.5843E-03  4.0349E-02  8.6047E-02  4.9829E-01 -6.1961E-02
  3.2553E+01  1.0857E+02  1.4195E-03  3.9284E-02  8.6021E-02  4.9821E-01 -6.0333E-02
  3.2570E+01  1.0863E+02  1.2568E-03  3.8263E-02  8.5854E-02  4.9813E-01 -5.8390E-02
  3.2587E+01  1.0869E+02  1.0922E-03  3.7265E-02  8.5660E-02  4.9805E-01 -5.6235E-02
  3.2604E+01  1.0875E+02  9.2978E-04  3.6317E-02  8.5479E-02  4.9796E-01 -5.3963E-02
  3.2622E+01  1.0880E+02  7.6546E-04  3.5398E-02  8.5307E-02  4.9788E-01 -5.1508E-02
  3.2639E+01  1.0886E+02  6.0322E-04  3.4534E-02  8.5147E-02  4.9780E-01 -4.8920E-02
  3.2656E+01  1.0892E+02  4.3908E-04  3.3706E-02  8.4997E-02  4.9771E-01 -4.6128E-02
  3.2674E+01  1.0898E+02  2.7698E-04  3.2937E-02  8.4860E-02  4.9763E-01 -4.3191E-02
  3.2691E+01  1.0903E+02  1.1294E-04  3.2211E-02  8.4732E-02  4.9755E-01 -4.0032E-02
  3.2708E+01  1.0909E+02 -4.9111E-05  3.1550E-02  8.4630E-02  4.9747E-01 -3.6754E-02
  3.2726E+01  1.0915E+02 -2.1314E-04  3.0938E-02  8.4612E-02  4.9739E-01 -3.3428E-02
  3.2743E+01  1.0921E+02 -3.7519E-04  3.0391E-02  8.4595E-02  4.9731E-01 -2.9955E-02
  3.2760E+01  1.0926E+02 -5.3725E-04  2.9906E-02  8.4580E-02  4.9723E-01 -2.6304E-02
  3.2778E+01  1.0932E+02 -7.0127E-04  2.9480E-02  8.4566E-02  4.9716E-01 -2.2438E-02
  3.2795E+01  1.0938E+02 -8.6332E-04  2.9126E-02  8.4553E-02  4.9708E-01 -1.8466E-02
  3.2812E+01  1.0944E+02 -1.0274E-03  2.8839E-02  8.4542E-02  4.9701E-01 -1.4313E-02
  3.2829E+01  1.0950E+02 -1.1894E-03  2.8627E-02  8.4532E-02  4.9694E-01 -1.0104E-02
  3.2847E+01  1.0955E+02 -1.3534E-03  2.8486E-02  8.4524E-02  4.9686E-01 -5.7659E-03
  3.2849E+01  1.0956E+02 -1.3752E-03  2.8474E-02  8.4523E-02  4.9685E-01 -5.1869E-03
  3.2864E+01  1.0961E+02 -1.5155E-03  2.8422E-02  8.4518E-02  4.9679E-01 -1.4352E-03
  3.2881E+01  1.0967E+02 -1.6795E-03  2.8433E-02  8.4514E-02  4.9672E-01  2.9597E-03
  3.2899E+01  1.0973E+02 -1.8415E-03  2.8519E-02  8.4511E-02  4.9666E-01  7.2787E-03
  3.2916E+01  1.0978E+02 -2.0056E-03  2.8681E-02  8.4510E-02  4.9659E-01  1.1593E-02
  3.2933E+01  1.0984E+02 -2.1676E-03  2.8913E-02  8.4511E-02  4.9653E-01  1.5769E-02
  3.2951E+01  1.0990E+02 -2.3316E-03  2.9221E-02  8.4513E-02  4.9647E-01  1.9879E-02
  3.2968E+01  1.0996E+02 -2.4937E-03  2.9594E-02  8.4518E-02  4.9641E-01  2.3800E-02
  3.2985E+01  1.1002E+02 -2.6577E-03  3.0039E-02  8.4524E-02  4.9636E-01  2.7609E-02
  3.3002E+01  1.1007E+02 -2.8197E-03  3.0542E-02  8.4533E-02  4.9631E-01  3.1198E-02
  3.3020E+01  1.1013E+02 -2.9837E-03  3.1112E-02  8.4543E-02  4.9626E-01  3.4647E-02
  3.3037E+01  1.1019E+02 -3.1458E-03  3.1733E-02  8.4555E-02  4.9622E-01  3.7865E-02
  3.3055E+01  1.1025E+02 -3.3098E-03  3.2416E-02  8.4569E-02  4.9618E-01  4.0930E-02
  3.3072E+01  1.1030E+02 -3.4718E-03  3.3141E-02  8.4584E-02  4.9614E-01  4.3769E-02
  3.3089E+01  1.1036E+02 -3.6358E-03  3.3923E-02  8.4602E-02  4.9612E-01  4.6455E-02
  3.3106E+01  1.1042E+02 -3.7979E-03  3.4740E-02  8.4620E-02  4.9609E-01  4.8929E-02
  3.3124E+01  1.1048E+02 -3.9619E-03  3.5609E-02  8.4640E-02  4.9607E-01  5.1260E-02
  3.3141E+01  1.1054E+02 -4.1239E-03  3.6506E-02  8.4661E-02  4.9605E-01  5.3401E-02
  3.3158E+01  1.1059E+02 -4.2879E-03  3.7450E-02  8.4684E-02  4.9604E-01  5.5412E-02
  3.3176E+01  1.1065E+02 -4.4499E-03  3.8416E-02  8.4707E-02  4.9603E-01  5.7255E-02
  3.3193E+01  1.1071E+02 -4.6120E-03  3.9412E-02  8.4731E-02  4.9603E-01  5.8964E-02
  3.3210E+01  1.1077E+02 -4.7760E-03  4.0449E-02  8.4755E-02  4.9602E-01  6.0568E-02
  3.3227E+01  1.1082E+02 -4.9380E-03  4.1500E-02  8.4781E-02  4.9602E-01  6.2037E-02
  3.3245E+01  1.1088E+02 -5.1020E-03  4.2589E-02  8.4807E-02  4.9602E-01  6.3415E-02
  3.3262E+01  1.1094E+02 -5.2640E-03  4.3687E-02  8.4833E-02  4.9603E-01  6.4679E-02
  3.3279E+01  1.1100E+02 -5.4280E-03  4.4820E-02  8.4861E-02  4.9603E-01  6.5866E-02
  3.3297E+01  1.1105E+02 -5.5900E-03  4.5959E-02  8.4888E-02  4.9604E-01  6.6955E-02
  3.3314E+01  1.1111E+02 -5.7540E-03  4.7130E-02  8.4916E-02  4.9605E-01  6.7981E-02
  3.3331E+01  1.1117E+02 -5.9161E-03  4.8304E-02  8.4944E-02  4.9606E-01  6.8923E-02
  3.3349E+01  1.1123E+02 -6.0800E-03  4.9508E-02  8.4973E-02  4.9607E-01  6.9811E-02
  3.3366E+01  1.1129E+02 -6.2421E-03  5.0713E-02  8.5002E-02  4.9609E-01  7.0629E-02
  3.3383E+01  1.1134E+02 -6.4061E-03  5.1946E-02  8.5031E-02  4.9610E-01  7.1402E-02
  3.3401E+01  1.1140E+02 -6.5681E-03  5.3177E-02  8.5060E-02  4.9612E-01  7.2116E-02
  3.3418E+01  1.1146E+02 -6.7321E-03  5.4435E-02  8.5090E-02  4.9613E-01  7.2791E-02
  3.3435E+01  1.1152E+02 -6.8941E-03  5.5689E-02  8.5120E-02  4.9615E-01  7.3416E-02
  3.3453E+01  1.1157E+02 -7.0581E-03  5.6969E-02  8.5150E-02  4.9617E-01  7.4009E-02
  3.3470E+01  1.1163E+02 -7.2201E-03  5.8243E-02  8.5180E-02  4.9619E-01  7.4559E-02
  3.3487E+01  1.1169E+02 -7.3841E-03  5.9542E-02  8.5211E-02  4.9622E-01  7.5083E-02
  3.3504E+01  1.1175E+02 -7.5461E-03  6.0834E-02  8.5241E-02  4.9624E-01  7.5569E-02
  3.3522E+01  1.1181E+02 -7.7101E-03  6.2151E-02  8.5272E-02  4.9626E-01  7.6033E-02
  3.3539E+01  1.1186E+02 -7.8721E-03  6.3459E-02  8.5302E-02  4.9629E-01  7.6465E-02
  3.3556E+01  1.1192E+02 -8.0361E-03  6.4790E-02  8.5333E-02  4.9632E-01  7.6877E-02
  3.3574E+01  1.1198E+02 -8.1981E-03  6.6113E-02  8.5364E-02  4.9635E-01  7.7263E-02
  3.3591E+01  1.1204E+02 -8.3602E-03  6.7441E-02  8.5395E-02  4.9638E-01  7.7628E-02
  3.3608E+01  1.1209E+02 -8.5241E-03  6.8793E-02  8.5427E-02  4.9642E-01  7.7978E-02
  3.3626E+01  1.1215E+02 -8.6862E-03  7.0133E-02  8.5458E-02  4.9645E-01  7.8306E-02
  3.3643E+01  1.1221E+02 -8.8502E-03  7.1496E-02  8.5489E-02  4.9649E-01  7.8621E-02
  3.3660E+01  1.1227E+02 -9.0122E-03  7.2848E-02  8.5521E-02  4.9653E-01  7.8917E-02
  3.3678E+01  1.1233E+02 -9.1762E-03  7.4221E-02  8.5552E-02  4.9657E-01  7.9202E-02
  3.3695E+01  1.1238E+02 -9.3382E-03  7.5582E-02  8.5584E-02  4.9662E-01  7.9470E-02
  3.3712E+01  1.1244E+02 -9.5022E-03  7.6964E-02  8.5616E-02  4.9666E-01  7.9728E-02
  3.3729E+01  1.1250E+02 -9.6642E-03  7.8335E-02  8.5647E-02  4.9671E-01  7.9972E-02
  3.3747E+01  1.1256E+02 -9.8282E-03  7.9726E-02  8.5679E-02  4.9677E-01  8.0208E-02
  3.3764E+01  1.1261E+02 -9.9902E-03  8.1104E-02  8.5711E-02  4.9682E-01  8.0431E-02
  3.3781E+01  1.1267E+02 -1.0154E-02  8.2503E-02  8.5743E-02  4.9688E-01  8.0647E-02
  3.3799E+01  1.1273E+02 -1.0316E-02  8.3889E-02  8.5774E-02  4.9693E-01  8.0852E-02
  3.3816E+01  1.1279E+02 -1.0480E-02  8.5295E-02  8.5807E-02  4.9700E-01  8.1050E-02
  3.3833E+01  1.1284E+02 -1.0642E-02  8.6687E-02  8.5838E-02  4.9706E-01  8.1239E-02
  3.3851E+01  1.1290E+02 -1.0806E-02  8.8100E-02  8.5871E-02  4.9713E-01  8.1422E-02
  3.3868E+01  1.1296E+02 -1.0968E-02  8.9499E-02  8.5902E-02  4.9719E-01  8.1596E-02
  3.3885E+01  1.1302E+02 -1.1132E-02  9.0918E-02  8.5935E-02  4.9727E-01  8.1765E-02
  3.3899E+01  1.1306E+02 -1.1263E-02  9.2048E-02  8.5960E-02  4.9733E-01  8.1895E-02
  3.3903E+01  1.1308E+02 -1.1294E-02  9.2322E-02  8.5967E-02  4.9734E-01  8.1926E-02
  3.3920E+01  1.1313E+02 -1.1458E-02  9.3747E-02  8.5999E-02  4.9742E-01  8.2084E-02
  3.3937E+01  1.1319E+02 -1.1620E-02  9.5157E-02  8.6031E-02  4.9750E-01  8.2234E-02
  3.3955E+01  1.1325E+02 -1.1784E-02  9.6586E-02  8.6063E-02  4.9758E-01  8.2380E-02
  3.3972E+01  1.1331E+02 -1.1946E-02  9.8001E-02  8.6095E-02  4.9767E-01  8.2520E-02
  3.3989E+01  1.1336E+02 -1.2110E-02  9.9436E-02  8.6127E-02  4.9776E-01  8.2657E-02
  3.4006E+01  1.1342E+02 -1.2272E-02  1.0086E-01  8.6159E-02  4.9785E-01  8.2788E-02
  3.4024E+01  1.1348E+02 -1.2434E-02  1.0228E-01  8.6191E-02  4.9794E-01  8.2915E-02
  3.4041E+01  1.1354E+02 -1.2598E-02  1.0372E-01  8.6224E-02  4.9804E-01  8.3040E-02
  3.4058E+01  1.1359E+02 -1.2760E-02  1.0515E-01  8.6256E-02  4.9813E-01  8.3159E-02
  3.4076E+01  1.1365E+02 -1.2924E-02  1.0659E-01  8.6288E-02  4.9824E-01  8.3276E-02
  3.4093E+01  1.1371E+02 -1.3086E-02  1.0802E-01  8.6388E-02  4.9835E-01  8.3459E-02
  3.4110E+01  1.1377E+02 -1.3250E-02  1.0947E-01  8.5416E-02  4.9840E-01  8.2532E-02
  3.4127E+01  1.1383E+02 -1.3405E-02  1.1084E-01  8.1455E-02  4.9857E-01  7.8505E-02
  3.4145E+01  1.1388E+02 -1.3561E-02  1.1223E-01  8.4095E-02  4.9867E-01  8.1318E-02
  3.4162E+01  1.1394E+02 -1.3715E-02  1.1360E-01  8.1398E-02  4.9881E-01  7.8601E-02
  3.4180E+01  1.1400E+02 -1.3871E-02  1.1499E-01  8.3909E-02  4.9888E-01  8.1270E-02
  3.4197E+01  1.1406E+02 -1.4024E-02  1.1636E-01  8.1295E-02  4.9907E-01  7.8637E-02
  3.4214E+01  1.1412E+02 -1.4180E-02  1.1775E-01  8.3612E-02  4.9910E-01  8.1097E-02
  3.4231E+01  1.1417E+02 -1.4332E-02  1.1912E-01  8.1328E-02  4.9934E-01  7.8804E-02
  3.4249E+01  1.1423E+02 -1.4489E-02  1.2052E-01  8.3279E-02  4.9934E-01  8.0878E-02
  3.4266E+01  1.1429E+02 -1.4640E-02  1.2188E-01  8.1425E-02  4.9962E-01  7.9027E-02
  3.4283E+01  1.1435E+02 -1.4796E-02  1.2328E-01  8.2840E-02  4.9958E-01  8.0543E-02
  3.4301E+01  1.1440E+02 -1.4947E-02  1.2463E-01  8.1557E-02  4.9991E-01  7.9278E-02
  3.4318E+01  1.1446E+02 -1.5103E-02  1.2604E-01  8.2345E-02  4.9985E-01  8.0143E-02
  3.4335E+01  1.1452E+02 -1.5254E-02  1.2739E-01  8.1767E-02  5.0021E-01  7.9599E-02
  3.4353E+01  1.1458E+02 -1.5410E-02  1.2880E-01  8.1906E-02  5.0013E-01  7.9794E-02
  3.4370E+01  1.1463E+02 -1.5559E-02  1.3015E-01  8.2001E-02  5.0051E-01  7.9939E-02
  3.4387E+01  1.1469E+02 -1.5715E-02  1.3155E-01  8.1395E-02  5.0042E-01  7.9366E-02
  3.4404E+01  1.1475E+02 -1.5865E-02  1.3291E-01  8.2280E-02  5.0082E-01  8.0317E-02
  3.4422E+01  1.1481E+02 -1.6020E-02  1.3431E-01  8.0910E-02  5.0073E-01  7.8960E-02
  3.4439E+01  1.1487E+02 -1.6169E-02  1.3566E-01  8.2540E-02  5.0113E-01  8.0669E-02
  3.4456E+01  1.1492E+02 -1.6322E-02  1.3705E-01  8.0593E-02  5.0106E-01  7.8719E-02
  3.4474E+01  1.1498E+02 -1.6473E-02  1.3842E-01  8.2765E-02  5.0143E-01  8.0979E-02
  3.4491E+01  1.1504E+02 -1.6625E-02  1.3980E-01  8.0163E-02  5.0139E-01  7.8359E-02
  3.4508E+01  1.1510E+02 -1.6777E-02  1.4117E-01  8.2951E-02  5.0173E-01  8.1245E-02
  3.4526E+01  1.1515E+02 -1.6928E-02  1.4255E-01  7.9825E-02  5.0174E-01  7.8088E-02
  3.4543E+01  1.1521E+02 -1.7079E-02  1.4393E-01  8.3028E-02  5.0202E-01  8.1394E-02
  3.4560E+01  1.1527E+02 -1.7230E-02  1.4530E-01  7.9665E-02  5.0212E-01  7.7996E-02
  3.4578E+01  1.1533E+02 -1.7382E-02  1.4668E-01  8.2995E-02  5.0231E-01  8.1427E-02
  3.4595E+01  1.1538E+02 -1.7531E-02  1.4805E-01  7.9424E-02  5.0252E-01  7.7817E-02
  3.4612E+01  1.1544E+02 -1.7683E-02  1.4943E-01  8.2831E-02  5.0260E-01  8.1322E-02
  3.4629E+01  1.1550E+02 -1.7832E-02  1.5079E-01  7.9390E-02  5.0291E-01  7.7845E-02
  3.4647E+01  1.1556E+02 -1.7984E-02  1.5218E-01  8.2573E-02  5.0291E-01  8.1120E-02
  3.4664E+01  1.1562E+02 -1.8132E-02  1.5353E-01  7.9465E-02  5.0329E-01  7.7982E-02
  3.4681E+01  1.1567E+02 -1.8284E-02  1.5493E-01  8.2176E-02  5.0322E-01  8.0772E-02
  3.4699E+01  1.1573E+02 -1.8431E-02  1.5627E-01  7.9541E-02  5.0372E-01  7.8115E-02
  3.4716E+01  1.1579E+02 -1.8584E-02  1.5767E-01  8.1665E-02  5.0356E-01  8.0305E-02
  3.4733E+01  1.1585E+02 -1.8730E-02  1.5901E-01  7.9753E-02  5.0413E-01  7.8383E-02
  3.4751E+01  1.1590E+02 -1.8882E-02  1.6041E-01  8.1174E-02  5.0392E-01  7.9857E-02
  3.4768E+01  1.1596E+02 -1.9028E-02  1.6175E-01  8.0016E-02  5.0455E-01  7.8701E-02
  3.4785E+01  1.1602E+02 -1.9180E-02  1.6315E-01  8.0577E-02  5.0430E-01  7.9297E-02
  3.4803E+01  1.1608E+02 -1.9326E-02  1.6449E-01  8.0338E-02  5.0499E-01  7.9076E-02
  3.4820E+01  1.1614E+02 -1.9478E-02  1.6588E-01  7.9969E-02  5.0470E-01  7.8726E-02
  3.4837E+01  1.1619E+02 -1.9623E-02  1.6722E-01  8.0696E-02  5.0541E-01  7.9483E-02
  3.4855E+01  1.1625E+02 -1.9774E-02  1.6861E-01  7.9484E-02  5.0513E-01  7.8277E-02
  3.4872E+01  1.1631E+02 -1.9919E-02  1.6995E-01  8.1045E-02  5.0582E-01  7.9880E-02
  3.4889E+01  1.1637E+02 -2.0068E-02  1.7133E-01  7.8987E-02  5.0556E-01  7.7814E-02
  3.4906E+01  1.1642E+02 -2.0215E-02  1.7268E-01  8.1404E-02  5.0622E-01  8.0284E-02
  3.4924E+01  1.1648E+02 -2.0364E-02  1.7405E-01  7.8500E-02  5.0601E-01  7.7359E-02
  3.4941E+01  1.1654E+02 -2.0510E-02  1.7541E-01  8.1669E-02  5.0660E-01  8.0591E-02
  3.4958E+01  1.1660E+02 -2.0658E-02  1.7677E-01  7.8200E-02  5.0649E-01  7.7093E-02
  3.4976E+01  1.1666E+02 -2.0805E-02  1.7813E-01  8.1838E-02  5.0697E-01  8.0797E-02
  3.4993E+01  1.1671E+02 -2.0952E-02  1.7949E-01  7.7809E-02  5.0697E-01  7.6732E-02
  3.5010E+01  1.1677E+02 -2.1100E-02  1.8086E-01  8.1891E-02  5.0731E-01  8.0885E-02
  3.5028E+01  1.1683E+02 -2.1245E-02  1.8221E-01  7.7592E-02  5.0750E-01  7.6547E-02
  3.5045E+01  1.1689E+02 -2.1393E-02  1.8357E-01  8.1798E-02  5.0767E-01  8.0824E-02
  3.5062E+01  1.1694E+02 -2.1538E-02  1.8492E-01  7.7612E-02  5.0801E-01  7.6601E-02
  3.5080E+01  1.1700E+02 -2.1686E-02  1.8629E-01  8.1545E-02  5.0802E-01  8.0599E-02
  3.5097E+01  1.1706E+02 -2.1830E-02  1.8763E-01  7.7560E-02  5.0856E-01  7.6579E-02
  3.5114E+01  1.1712E+02 -2.1978E-02  1.8901E-01  8.1126E-02  5.0838E-01  8.0205E-02
  3.5131E+01  1.1717E+02 -2.2122E-02  1.9034E-01  7.7715E-02  5.0909E-01  7.6767E-02
  3.5149E+01  1.1723E+02 -2.2270E-02  1.9172E-01  8.0661E-02  5.0878E-01  7.9764E-02
  3.5166E+01  1.1729E+02 -2.2413E-02  1.9304E-01  7.7958E-02  5.0961E-01  7.7041E-02
  3.5183E+01  1.1735E+02 -2.2561E-02  1.9442E-01  8.0046E-02  5.0920E-01  7.9168E-02
  3.5201E+01  1.1741E+02 -2.2703E-02  1.9574E-01  7.8248E-02  5.1017E-01  7.7361E-02
  3.5218E+01  1.1746E+02 -2.2851E-02  1.9713E-01  7.9359E-02  5.0966E-01  7.8500E-02
  3.5235E+01  1.1752E+02 -2.2993E-02  1.9844E-01  7.8641E-02  5.1070E-01  7.7785E-02
  3.5253E+01  1.1758E+02 -2.3141E-02  1.9982E-01  7.8769E-02  5.1016E-01  7.7930E-02
  3.5270E+01  1.1764E+02 -2.3282E-02  2.0114E-01  7.9059E-02  5.1123E-01  7.8233E-02
  3.5287E+01  1.1769E+02 -2.3430E-02  2.0252E-01  7.8084E-02  5.1067E-01  7.7261E-02
  3.5305E+01  1.1775E+02 -2.3571E-02  2.0384E-01  7.9531E-02  5.1175E-01  7.8733E-02
  3.5322E+01  1.1781E+02 -2.3717E-02  2.0520E-01  7.7524E-02  5.1120E-01  7.6719E-02
  3.5339E+01  1.1787E+02 -2.3859E-02  2.0653E-01  7.9961E-02  5.1224E-01  7.9190E-02
  3.5356E+01  1.1793E+02 -2.4004E-02  2.0788E-01  7.7067E-02  5.1177E-01  7.6279E-02
  3.5374E+01  1.1798E+02 -2.4147E-02  2.0922E-01  8.0328E-02  5.1270E-01  7.9581E-02
  3.5391E+01  1.1804E+02 -2.4291E-02  2.1057E-01  7.6527E-02  5.1234E-01  7.5755E-02
  3.5408E+01  1.1810E+02 -2.4434E-02  2.1191E-01  8.0628E-02  5.1311E-01  7.9905E-02
  3.5426E+01  1.1816E+02 -2.4578E-02  2.1325E-01  7.6128E-02  5.1293E-01  7.5374E-02
  3.5443E+01  1.1821E+02 -2.4721E-02  2.1459E-01  8.0764E-02  5.1351E-01  8.0062E-02
  3.5460E+01  1.1827E+02 -2.4863E-02  2.1593E-01  7.5987E-02  5.1357E-01  7.5251E-02
  3.5478E+01  1.1833E+02 -2.5007E-02  2.1727E-01  8.0739E-02  5.1389E-01  8.0057E-02
  3.5495E+01  1.1839E+02 -2.5148E-02  2.1860E-01  7.5732E-02  5.1426E-01  7.5013E-02
  3.5512E+01  1.1845E+02 -2.5293E-02  2.1995E-01  8.0529E-02  5.1424E-01  7.9863E-02
  3.5530E+01  1.1850E+02 -2.5433E-02  2.2127E-01  7.5769E-02  5.1489E-01  7.5069E-02
  3.5547E+01  1.1856E+02 -2.5577E-02  2.2263E-01  8.0193E-02  5.1465E-01  7.9542E-02
  3.5564E+01  1.1862E+02 -2.5717E-02  2.2394E-01  7.5952E-02  5.1550E-01  7.5272E-02
  3.5582E+01  1.1868E+02 -2.5862E-02  2.2530E-01  7.9666E-02  5.1506E-01  7.9028E-02
  3.5599E+01  1.1873E+02 -2.6001E-02  2.2660E-01  7.6134E-02  5.1619E-01  7.5472E-02
  3.5616E+01  1.1879E+02 -2.6146E-02  2.2797E-01  7.8992E-02  5.1551E-01  7.8365E-02
  3.5633E+01  1.1885E+02 -2.6283E-02  2.2927E-01  7.6496E-02  5.1683E-01  7.5853E-02
  3.5651E+01  1.1891E+02 -2.6429E-02  2.3063E-01  7.8357E-02  5.1603E-01  7.7741E-02
  3.5668E+01  1.1896E+02 -2.6566E-02  2.3193E-01  7.6919E-02  5.1747E-01  7.6296E-02
  3.5685E+01  1.1902E+02 -2.6711E-02  2.3329E-01  7.7585E-02  5.1658E-01  7.6978E-02
  3.5703E+01  1.1908E+02 -2.6848E-02  2.3458E-01  7.7415E-02  5.1813E-01  7.6811E-02
  3.5720E+01  1.1914E+02 -2.6993E-02  2.3595E-01  7.6812E-02  5.1718E-01  7.6213E-02
  3.5737E+01  1.1920E+02 -2.7129E-02  2.3724E-01  7.7947E-02  5.1873E-01  7.7362E-02
  3.5754E+01  1.1925E+02 -2.7272E-02  2.3858E-01  7.6302E-02  5.1780E-01  7.5714E-02
  3.5772E+01  1.1931E+02 -2.7411E-02  2.3989E-01  7.8458E-02  5.1930E-01  7.7891E-02
  3.5789E+01  1.1937E+02 -2.7553E-02  2.4123E-01  7.5604E-02  5.1845E-01  7.5025E-02
  3.5807E+01  1.1943E+02 -2.7691E-02  2.4254E-01  7.8971E-02  5.1983E-01  7.8421E-02
  3.5824E+01  1.1948E+02 -2.7833E-02  2.4387E-01  7.5019E-02  5.1912E-01  7.4448E-02
  3.5841E+01  1.1954E+02 -2.7971E-02  2.4518E-01  7.9348E-02  5.2031E-01  7.8813E-02
  3.5858E+01  1.1960E+02 -2.8112E-02  2.4651E-01  7.4687E-02  5.1984E-01  7.4127E-02
  3.5876E+01  1.1966E+02 -2.8251E-02  2.4783E-01  7.9589E-02  5.2073E-01  7.9068E-02
  3.5893E+01  1.1972E+02 -2.8390E-02  2.4915E-01  7.4236E-02  5.2053E-01  7.3686E-02
  3.5910E+01  1.1977E+02 -2.8530E-02  2.5047E-01  7.9671E-02  5.2109E-01  7.9163E-02
  3.5928E+01  1.1983E+02 -2.8668E-02  2.5178E-01  7.4026E-02  5.2139E-01  7.3486E-02
  3.5945E+01  1.1989E+02 -2.8809E-02  2.5311E-01  7.9561E-02  5.2149E-01  7.9064E-02
  3.5962E+01  1.1995E+02 -2.8946E-02  2.5441E-01  7.4120E-02  5.2209E-01  7.3592E-02
  3.5980E+01  1.2000E+02 -2.9087E-02  2.5574E-01  7.9241E-02  5.2186E-01  7.8754E-02
  3.5997E+01  1.2006E+02 -2.9223E-02  2.5703E-01  7.4120E-02  5.2292E-01  7.3604E-02
  3.6014E+01  1.2012E+02 -2.9364E-02  2.5837E-01  7.8708E-02  5.2225E-01  7.8229E-02
  3.6031E+01  1.2018E+02 -2.9499E-02  2.5966E-01  7.4387E-02  5.2367E-01  7.3883E-02
  3.6049E+01  1.2024E+02 -2.9641E-02  2.6100E-01  7.8126E-02  5.2275E-01  7.7654E-02
  3.6066E+01  1.2029E+02 -2.9776E-02  2.6228E-01  7.4760E-02  5.2440E-01  7.4269E-02
  3.6084E+01  1.2035E+02 -2.9917E-02  2.6362E-01  7.7354E-02  5.2327E-01  7.6888E-02
  3.6101E+01  1.2041E+02 -3.0051E-02  2.6489E-01  7.5189E-02  5.2521E-01  7.4712E-02
  3.6118E+01  1.2047E+02 -3.0193E-02  2.6624E-01  7.6504E-02  5.2386E-01  7.6042E-02
  3.6135E+01  1.2052E+02 -3.0326E-02  2.6751E-01  7.5743E-02  5.2593E-01  7.5279E-02
  3.6153E+01  1.2058E+02 -3.0466E-02  2.6884E-01  7.5899E-02  5.2452E-01  7.5444E-02
  3.6170E+01  1.2064E+02 -3.0601E-02  2.7012E-01  7.6320E-02  5.2664E-01  7.5869E-02
  3.6187E+01  1.2070E+02 -3.0741E-02  2.7145E-01  7.5061E-02  5.2522E-01  7.4610E-02
  3.6205E+01  1.2075E+02 -3.0875E-02  2.7273E-01  7.6956E-02  5.2732E-01  7.6518E-02
  3.6222E+01  1.2081E+02 -3.1014E-02  2.7405E-01  7.4292E-02  5.2595E-01  7.3845E-02
  3.6239E+01  1.2087E+02 -3.1149E-02  2.7534E-01  7.7528E-02  5.2792E-01  7.7102E-02
  3.6256E+01  1.2093E+02 -3.1287E-02  2.7665E-01  7.3766E-02  5.2675E-01  7.3325E-02
  3.6274E+01  1.2099E+02 -3.1422E-02  2.7794E-01  7.8011E-02  5.2844E-01  7.7596E-02
  3.6291E+01  1.2104E+02 -3.1560E-02  2.7925E-01  7.3138E-02  5.2752E-01  7.2702E-02
  3.6308E+01  1.2110E+02 -3.1695E-02  2.8054E-01  7.8401E-02  5.2887E-01  7.7997E-02
  3.6326E+01  1.2116E+02 -3.1832E-02  2.8185E-01  7.2697E-02  5.2833E-01  7.2267E-02
  3.6343E+01  1.2122E+02 -3.1968E-02  2.8314E-01  7.8579E-02  5.2927E-01  7.8184E-02
  3.6360E+01  1.2127E+02 -3.2103E-02  2.8444E-01  7.2581E-02  5.2924E-01  7.2158E-02
  3.6378E+01  1.2133E+02 -3.2240E-02  2.8574E-01  7.8552E-02  5.2962E-01  7.8165E-02
  3.6395E+01  1.2139E+02 -3.2374E-02  2.8702E-01  7.2324E-02  5.3023E-01  7.1907E-02
  3.6412E+01  1.2145E+02 -3.2511E-02  2.8833E-01  7.8293E-02  5.2993E-01  7.7913E-02
  3.6430E+01  1.2150E+02 -3.2644E-02  2.8961E-01  7.2431E-02  5.3110E-01  7.2023E-02
  3.6447E+01  1.2156E+02 -3.2782E-02  2.9092E-01  7.7881E-02  5.3035E-01  7.7507E-02
  3.6464E+01  1.2162E+02 -3.2914E-02  2.9219E-01  7.2713E-02  5.3191E-01  7.2314E-02
  3.6482E+01  1.2168E+02 -3.3053E-02  2.9351E-01  7.7236E-02  5.3078E-01  7.6867E-02
  3.6499E+01  1.2174E+02 -3.3184E-02  2.9476E-01  7.2993E-02  5.3286E-01  7.2603E-02
  3.6516E+01  1.2179E+02 -3.3322E-02  2.9609E-01  7.6419E-02  5.3128E-01  7.6053E-02
  3.6533E+01  1.2185E+02 -3.3453E-02  2.9734E-01  7.3490E-02  5.3370E-01  7.3109E-02
  3.6551E+01  1.2191E+02 -3.3591E-02  2.9866E-01  7.5659E-02  5.3192E-01  7.5296E-02
  3.6568E+01  1.2197E+02 -3.3721E-02  2.9991E-01  7.4054E-02  5.3452E-01  7.3684E-02
  3.6585E+01  1.2202E+02 -3.3858E-02  3.0122E-01  7.4864E-02  5.3259E-01  7.4504E-02
  3.6603E+01  1.2208E+02 -3.3989E-02  3.0248E-01  7.4703E-02  5.3539E-01  7.4342E-02
  3.6620E+01  1.2214E+02 -3.4126E-02  3.0379E-01  7.3946E-02  5.3334E-01  7.3588E-02
  3.6637E+01  1.2220E+02 -3.4257E-02  3.0505E-01  7.5385E-02  5.3613E-01  7.5034E-02
  3.6655E+01  1.2226E+02 -3.4394E-02  3.0635E-01  7.3243E-02  5.3418E-01  7.2887E-02
  3.6672E+01  1.2231E+02 -3.4525E-02  3.0761E-01  7.6033E-02  5.3681E-01  7.5691E-02
  3.6689E+01  1.2237E+02 -3.4660E-02  3.0891E-01  7.2435E-02  5.3502E-01  7.2082E-02
  3.6707E+01  1.2243E+02 -3.4792E-02  3.1017E-01  7.6673E-02  5.3739E-01  7.6340E-02
  3.6724E+01  1.2249E+02 -3.4926E-02  3.1147E-01  7.1773E-02  5.3589E-01  7.1423E-02
  3.6741E+01  1.2254E+02 -3.5058E-02  3.1273E-01  7.7139E-02  5.3786E-01  7.6814E-02
  3.6758E+01  1.2260E+02 -3.5192E-02  3.1402E-01  7.1423E-02  5.3686E-01  7.1077E-02
  3.6776E+01  1.2266E+02 -3.5324E-02  3.1529E-01  7.7434E-02  5.3824E-01  7.7117E-02
  3.6793E+01  1.2272E+02 -3.5457E-02  3.1657E-01  7.0928E-02  5.3775E-01  7.0585E-02
  3.6810E+01  1.2278E+02 -3.5590E-02  3.1785E-01  7.7532E-02  5.3851E-01  7.7221E-02
  3.6828E+01  1.2283E+02 -3.5722E-02  3.1911E-01  7.0735E-02  5.3896E-01  7.0397E-02
  3.6845E+01  1.2289E+02 -3.5855E-02  3.2040E-01  7.7398E-02  5.3885E-01  7.7092E-02
  3.6862E+01  1.2295E+02 -3.5986E-02  3.2165E-01  7.0899E-02  5.3983E-01  7.0567E-02
  3.6880E+01  1.2301E+02 -3.6120E-02  3.2295E-01  7.7011E-02  5.3916E-01  7.6709E-02
  3.6897E+01  1.2306E+02 -3.6249E-02  3.2419E-01  7.0953E-02  5.4095E-01  7.0626E-02
  3.6914E+01  1.2312E+02 -3.6384E-02  3.2549E-01  7.6375E-02  5.3949E-01  7.6076E-02
  3.6932E+01  1.2318E+02 -3.6513E-02  3.2672E-01  7.1323E-02  5.4190E-01  7.1003E-02
  3.6949E+01  1.2324E+02 -3.6648E-02  3.2803E-01  7.5686E-02  5.4001E-01  7.5390E-02
  3.6966E+01  1.2329E+02 -3.6776E-02  3.2926E-01  7.1813E-02  5.4281E-01  7.1500E-02
  3.6984E+01  1.2335E+02 -3.6911E-02  3.3056E-01  7.4778E-02  5.4058E-01  7.4484E-02
  3.7001E+01  1.2341E+02 -3.7038E-02  3.3179E-01  7.2368E-02  5.4386E-01  7.2063E-02
  3.7018E+01  1.2347E+02 -3.7172E-02  3.3308E-01  7.3925E-02  5.4125E-01  7.3632E-02
  3.7035E+01  1.2353E+02 -3.7300E-02  3.3431E-01  7.3063E-02  5.4475E-01  7.2765E-02
  3.7053E+01  1.2358E+02 -3.7434E-02  3.3561E-01  7.3096E-02  5.4206E-01  7.2804E-02
  3.7070E+01  1.2364E+02 -3.7562E-02  3.3684E-01  7.3778E-02  5.4559E-01  7.3487E-02
  3.7087E+01  1.2370E+02 -3.7695E-02  3.3813E-01  7.2133E-02  5.4292E-01  7.1841E-02
  3.7105E+01  1.2376E+02 -3.7823E-02  3.3936E-01  7.4554E-02  5.4638E-01  7.4271E-02
  3.7122E+01  1.2381E+02 -3.7956E-02  3.4065E-01  7.1263E-02  5.4383E-01  7.0972E-02
  3.7139E+01  1.2387E+02 -3.8084E-02  3.4188E-01  7.5244E-02  5.4701E-01  7.4969E-02
  3.7156E+01  1.2393E+02 -3.8216E-02  3.4316E-01  7.0684E-02  5.4484E-01  7.0395E-02
  3.7174E+01  1.2399E+02 -3.8345E-02  3.4440E-01  7.5822E-02  5.4752E-01  7.5553E-02
  3.7191E+01  1.2405E+02 -3.8476E-02  3.4567E-01  6.9987E-02  5.4581E-01  6.9700E-02
  3.7209E+01  1.2410E+02 -3.8605E-02  3.4692E-01  7.6282E-02  5.4785E-01  7.6019E-02
  3.7226E+01  1.2416E+02 -3.8735E-02  3.4818E-01  6.9519E-02  5.4683E-01  6.9234E-02
  3.7243E+01  1.2422E+02 -3.8865E-02  3.4943E-01  7.6487E-02  5.4816E-01  7.6229E-02
  3.7260E+01  1.2428E+02 -3.8994E-02  3.5068E-01  6.9432E-02  5.4800E-01  6.9151E-02
  3.7278E+01  1.2433E+02 -3.9124E-02  3.5194E-01  7.6449E-02  5.4838E-01  7.6196E-02
  3.7295E+01  1.2439E+02 -3.9252E-02  3.5318E-01  6.9182E-02  5.4932E-01  6.8904E-02
  3.7312E+01  1.2445E+02 -3.9383E-02  3.5445E-01  7.6138E-02  5.4853E-01  7.5889E-02
  3.7330E+01  1.2451E+02 -3.9510E-02  3.5568E-01  6.9360E-02  5.5040E-01  6.9086E-02
  3.7347E+01  1.2457E+02 -3.9641E-02  3.5695E-01  7.5655E-02  5.4888E-01  7.5407E-02
  3.7364E+01  1.2462E+02 -3.9767E-02  3.5817E-01  6.9733E-02  5.5138E-01  6.9464E-02
  3.7382E+01  1.2468E+02 -3.9900E-02  3.5945E-01  7.4903E-02  5.4926E-01  7.4657E-02
  3.7399E+01  1.2474E+02 -4.0024E-02  3.6066E-01  7.0104E-02  5.5260E-01  6.9841E-02
  3.7416E+01  1.2480E+02 -4.0155E-02  3.6193E-01  7.4097E-02  5.4977E-01  7.3852E-02
  3.7434E+01  1.2485E+02 -4.0280E-02  3.6315E-01  7.0722E-02  5.5362E-01  7.0465E-02
  3.7451E+01  1.2491E+02 -4.0412E-02  3.6442E-01  7.3236E-02  5.5045E-01  7.2992E-02
  3.7468E+01  1.2497E+02 -4.0537E-02  3.6564E-01  7.1412E-02  5.5460E-01  7.1160E-02
  3.7485E+01  1.2503E+02 -4.0668E-02  3.6691E-01  7.2187E-02  5.5122E-01  7.1943E-02
  3.7503E+01  1.2508E+02 -4.0793E-02  3.6812E-01  7.2195E-02  5.5564E-01  7.1949E-02
  3.7520E+01  1.2514E+02 -4.0924E-02  3.6939E-01  7.1152E-02  5.5210E-01  7.0908E-02
  3.7537E+01  1.2520E+02 -4.1048E-02  3.7060E-01  7.3006E-02  5.5646E-01  7.2766E-02
  3.7555E+01  1.2526E+02 -4.1179E-02  3.7187E-01  7.0372E-02  5.5311E-01  7.0128E-02
  3.7572E+01  1.2532E+02 -4.1304E-02  3.7308E-01  7.3769E-02  5.5718E-01  7.3536E-02
  3.7589E+01  1.2537E+02 -4.1434E-02  3.7434E-01  6.9474E-02  5.5413E-01  6.9231E-02
  3.7607E+01  1.2543E+02 -4.1558E-02  3.7556E-01  7.4514E-02  5.5772E-01  7.4287E-02
  3.7624E+01  1.2549E+02 -4.1688E-02  3.7681E-01  6.8754E-02  5.5519E-01  6.8512E-02
  3.7641E+01  1.2555E+02 -4.1813E-02  3.7803E-01  7.5050E-02  5.5809E-01  7.4828E-02
  3.7658E+01  1.2560E+02 -4.1941E-02  3.7928E-01  6.8395E-02  5.5639E-01  6.8154E-02
  3.7676E+01  1.2566E+02 -4.2067E-02  3.8051E-01  7.5385E-02  5.5833E-01  7.5167E-02
  3.7693E+01  1.2572E+02 -4.2194E-02  3.8174E-01  6.7869E-02  5.5747E-01  6.7630E-02
  3.7711E+01  1.2578E+02 -4.2321E-02  3.8298E-01  7.5487E-02  5.5839E-01  7.5272E-02
  3.7728E+01  1.2584E+02 -4.2447E-02  3.8420E-01  6.7703E-02  5.5905E-01  6.7466E-02
  3.7745E+01  1.2589E+02 -4.2575E-02  3.8544E-01  7.5323E-02  5.5857E-01  7.5112E-02
  3.7762E+01  1.2595E+02 -4.2699E-02  3.8666E-01  6.7933E-02  5.6007E-01  6.7699E-02
  3.7780E+01  1.2601E+02 -4.2828E-02  3.8791E-01  7.4871E-02  5.5872E-01  7.4662E-02
  3.7797E+01  1.2607E+02 -4.2951E-02  3.8911E-01  6.8041E-02  5.6148E-01  6.7810E-02
  3.7814E+01  1.2612E+02 -4.3080E-02  3.9037E-01  7.4139E-02  5.5891E-01  7.3931E-02
  3.7832E+01  1.2618E+02 -4.3202E-02  3.9156E-01  6.8508E-02  5.6261E-01  6.8281E-02
  3.7849E+01  1.2624E+02 -4.3330E-02  3.9281E-01  7.3492E-02  5.5943E-01  7.3285E-02
  3.7866E+01  1.2630E+02 -4.3453E-02  3.9401E-01  6.9103E-02  5.6368E-01  6.8882E-02
  3.7883E+01  1.2635E+02 -4.3582E-02  3.9526E-01  7.2480E-02  5.5998E-01  7.2273E-02
  3.7901E+01  1.2641E+02 -4.3704E-02  3.9645E-01  6.9772E-02  5.6495E-01  6.9555E-02
  3.7918E+01  1.2647E+02 -4.3833E-02  3.9771E-01  7.1372E-02  5.6069E-01  7.1165E-02
  3.7935E+01  1.2653E+02 -4.3954E-02  3.9890E-01  7.0591E-02  5.6597E-01  7.0379E-02
  3.7953E+01  1.2659E+02 -4.4083E-02  4.0015E-01  7.0451E-02  5.6163E-01  7.0244E-02
  3.7970E+01  1.2664E+02 -4.4204E-02  4.0134E-01  7.1425E-02  5.6691E-01  7.1218E-02
  3.7987E+01  1.2670E+02 -4.4333E-02  4.0259E-01  6.9383E-02  5.6262E-01  6.9175E-02
  3.8005E+01  1.2676E+02 -4.4454E-02  4.0378E-01  7.2322E-02  5.6776E-01  7.2121E-02
  3.8022E+01  1.2682E+02 -4.4582E-02  4.0503E-01  6.8431E-02  5.6370E-01  6.8223E-02
  3.8039E+01  1.2687E+02 -4.4704E-02  4.0622E-01  7.3111E-02  5.6834E-01  7.2914E-02
  3.8057E+01  1.2693E+02 -4.4831E-02  4.0746E-01  6.7813E-02  5.6492E-01  6.7605E-02
  3.8074E+01  1.2699E+02 -4.4953E-02  4.0865E-01  7.3765E-02  5.6875E-01  7.3573E-02
  3.8091E+01  1.2705E+02 -4.5079E-02  4.0988E-01  6.7063E-02  5.6606E-01  6.6855E-02
  3.8109E+01  1.2711E+02 -4.5202E-02  4.1109E-01  7.4277E-02  5.6889E-01  7.4089E-02
  3.8126E+01  1.2716E+02 -4.5327E-02  4.1230E-01  6.6580E-02  5.6728E-01  6.6373E-02
  3.8143E+01  1.2722E+02 -4.5451E-02  4.1352E-01  7.7311E-02  5.7102E-01  7.7131E-02
  3.8160E+01  1.2728E+02 -4.5594E-02  4.1490E-01  8.1413E-02  5.6869E-01  8.1245E-02
  3.8178E+01  1.2734E+02 -4.5740E-02  4.1631E-01  8.1183E-02  5.6935E-01  8.1016E-02
  3.8195E+01  1.2739E+02 -4.5883E-02  4.1771E-01  8.1195E-02  5.6976E-01  8.1029E-02
  3.8212E+01  1.2745E+02 -4.6029E-02  4.1911E-01  8.1207E-02  5.7016E-01  8.1042E-02
  3.8230E+01  1.2751E+02 -4.6172E-02  4.2051E-01  8.1219E-02  5.7057E-01  8.1055E-02
  3.8247E+01  1.2757E+02 -4.6318E-02  4.2192E-01  8.1231E-02  5.7098E-01  8.1068E-02
  3.8264E+01  1.2763E+02 -4.6462E-02  4.2331E-01  8.1243E-02  5.7139E-01  8.1081E-02
  3.8282E+01  1.2768E+02 -4.6605E-02  4.2470E-01  8.1255E-02  5.7180E-01  8.1093E-02
  3.8299E+01  1.2774E+02 -4.6751E-02  4.2611E-01  8.1267E-02  5.7221E-01  8.1106E-02
  3.8316E+01  1.2780E+02 -4.6895E-02  4.2751E-01  8.1279E-02  5.7262E-01  8.1119E-02
  3.8334E+01  1.2786E+02 -4.7040E-02  4.2892E-01  8.1291E-02  5.7304E-01  8.1132E-02
  3.8351E+01  1.2791E+02 -4.7184E-02  4.3031E-01  8.1303E-02  5.7345E-01  8.1145E-02
  3.8368E+01  1.2797E+02 -4.7329E-02  4.3172E-01  8.1315E-02  5.7387E-01  8.1157E-02
  3.8385E+01  1.2803E+02 -4.7473E-02  4.3312E-01  8.1327E-02  5.7429E-01  8.1170E-02
  3.8403E+01  1.2809E+02 -4.7618E-02  4.3453E-01  8.1339E-02  5.7471E-01  8.1183E-02
  3.8420E+01  1.2814E+02 -4.7762E-02  4.3592E-01  8.1351E-02  5.7513E-01  8.1195E-02
  3.8437E+01  1.2820E+02 -4.7908E-02  4.3733E-01  8.1363E-02  5.7555E-01  8.1208E-02
  3.8455E+01  1.2826E+02 -4.8051E-02  4.3873E-01  8.1374E-02  5.7597E-01  8.1220E-02
  3.8472E+01  1.2832E+02 -4.8197E-02  4.4014E-01  8.1386E-02  5.7640E-01  8.1233E-02
  3.8489E+01  1.2838E+02 -4.8340E-02  4.4154E-01  8.1398E-02  5.7682E-01  8.1246E-02
  3.8507E+01  1.2843E+02 -4.8486E-02  4.4295E-01  8.1410E-02  5.7725E-01  8.1258E-02
  3.8524E+01  1.2849E+02 -4.8630E-02  4.4435E-01  8.1421E-02  5.7768E-01  8.1270E-02
  3.8541E+01  1.2855E+02 -4.8775E-02  4.4576E-01  8.1433E-02  5.7811E-01  8.1283E-02
  3.8559E+01  1.2861E+02 -4.8919E-02  4.4716E-01  8.1445E-02  5.7853E-01  8.1295E-02
  3.8576E+01  1.2866E+02 -4.9064E-02  4.4857E-01  8.1456E-02  5.7897E-01  8.1308E-02
  3.8593E+01  1.2872E+02 -4.9208E-02  4.4997E-01  8.1468E-02  5.7940E-01  8.1320E-02
  3.8611E+01  1.2878E+02 -4.9353E-02  4.5138E-01  8.1479E-02  5.7983E-01  8.1332E-02
  3.8628E+01  1.2884E+02 -4.9497E-02  4.5278E-01  8.1491E-02  5.8027E-01  8.1345E-02
  3.8645E+01  1.2890E+02 -4.9643E-02  4.5419E-01  8.1503E-02  5.8070E-01  8.1357E-02
  3.8662E+01  1.2895E+02 -4.9786E-02  4.5559E-01  8.1514E-02  5.8114E-01  8.1369E-02
  3.8680E+01  1.2901E+02 -4.9930E-02  4.5699E-01  8.1525E-02  5.8157E-01  8.1381E-02
  3.8697E+01  1.2907E+02 -5.0075E-02  4.5840E-01  8.0268E-02  5.7693E-01  8.0124E-02
  3.8714E+01  1.2913E+02 -5.0199E-02  4.5962E-01  6.1533E-02  5.7577E-01  6.1348E-02
  3.8732E+01  1.2918E+02 -5.0288E-02  4.6052E-01  4.2361E-02  5.7623E-01  4.2092E-02
  3.8749E+01  1.2924E+02 -5.0339E-02  4.6108E-01  2.3526E-02  5.7670E-01  2.3038E-02
  3.8766E+01  1.2930E+02 -5.0355E-02  4.6131E-01  6.0549E-03  5.7717E-01  3.7351E-03
  3.8783E+01  1.2936E+02 -5.0334E-02  4.6121E-01  1.6063E-02  5.7765E-01 -1.5338E-02
  3.8801E+01  1.2941E+02 -5.0277E-02  4.6078E-01  3.4961E-02  5.7812E-01 -3.4633E-02
  3.8818E+01  1.2947E+02 -5.0184E-02  4.6002E-01  5.3884E-02  5.7859E-01 -5.3670E-02
  3.8836E+01  1.2953E+02 -5.0054E-02  4.5892E-01  7.3059E-02  5.7904E-01 -7.2901E-02
  3.8853E+01  1.2959E+02 -4.9893E-02  4.5753E-01  8.4638E-02  5.8626E-01 -8.4497E-02
  3.8870E+01  1.2965E+02 -4.9722E-02  4.5606E-01  8.4627E-02  5.8671E-01 -8.4485E-02
  3.8887E+01  1.2970E+02 -4.9554E-02  4.5461E-01  8.4616E-02  5.8714E-01 -8.4473E-02
  3.8905E+01  1.2976E+02 -4.9384E-02  4.5314E-01  8.4605E-02  5.8759E-01 -8.4460E-02
  3.8922E+01  1.2982E+02 -4.9215E-02  4.5169E-01  8.4594E-02  5.8803E-01 -8.4448E-02
  3.8939E+01  1.2988E+02 -4.9045E-02  4.5022E-01  8.4582E-02  5.8847E-01 -8.4436E-02
  3.8957E+01  1.2993E+02 -4.8877E-02  4.4877E-01  8.4571E-02  5.8891E-01 -8.4423E-02
  3.8974E+01  1.2999E+02 -4.8706E-02  4.4730E-01  8.4560E-02  5.8935E-01 -8.4411E-02
  3.8991E+01  1.3005E+02 -4.8538E-02  4.4585E-01  8.4549E-02  5.8979E-01 -8.4399E-02
  3.9009E+01  1.3011E+02 -4.8367E-02  4.4439E-01  8.4538E-02  5.9024E-01 -8.4386E-02
  3.9026E+01  1.3017E+02 -4.8199E-02  4.4294E-01  8.4526E-02  5.9067E-01 -8.4374E-02
  3.9043E+01  1.3022E+02 -4.8029E-02  4.4147E-01  8.4515E-02  5.9112E-01 -8.4361E-02
  3.9060E+01  1.3028E+02 -4.7860E-02  4.4002E-01  8.4504E-02  5.9156E-01 -8.4348E-02
  3.9078E+01  1.3034E+02 -4.7690E-02  4.3856E-01  8.4492E-02  5.9200E-01 -8.4336E-02
  3.9095E+01  1.3040E+02 -4.7522E-02  4.3711E-01  8.4481E-02  5.9244E-01 -8.4323E-02
  3.9112E+01  1.3045E+02 -4.7353E-02  4.3566E-01  8.4470E-02  5.9287E-01 -8.4311E-02
  3.9130E+01  1.3051E+02 -4.7183E-02  4.3419E-01  8.4458E-02  5.9331E-01 -8.4298E-02
  3.9147E+01  1.3057E+02 -4.7015E-02  4.3275E-01  8.4116E-02  5.9518E-01 -8.3953E-02
  3.9164E+01  1.3063E+02 -4.6850E-02  4.3133E-01  7.8906E-02  5.9615E-01 -7.8730E-02
  3.9182E+01  1.3068E+02 -4.6697E-02  4.3002E-01  7.3716E-02  5.9660E-01 -7.3526E-02
  3.9199E+01  1.3074E+02 -4.6552E-02  4.2879E-01  6.8480E-02  5.9706E-01 -6.8274E-02
  3.9216E+01  1.3080E+02 -4.6418E-02  4.2766E-01  6.3324E-02  5.9751E-01 -6.3100E-02
  3.9234E+01  1.3086E+02 -4.6293E-02  4.2661E-01  5.8121E-02  5.9798E-01 -5.7875E-02
  3.9251E+01  1.3092E+02 -4.6179E-02  4.2566E-01  5.2997E-02  5.9844E-01 -5.2726E-02
  3.9268E+01  1.3097E+02 -4.6073E-02  4.2479E-01  4.7827E-02  5.9892E-01 -4.7525E-02
  3.9285E+01  1.3103E+02 -4.5978E-02  4.2402E-01  4.2736E-02  5.9939E-01 -4.2396E-02
  3.9303E+01  1.3109E+02 -4.5891E-02  4.2332E-01  3.9602E-02  5.9798E-01 -3.9235E-02
  3.9320E+01  1.3115E+02 -4.5807E-02  4.2264E-01  3.9591E-02  5.9845E-01 -3.9222E-02
  3.9338E+01  1.3120E+02 -4.5721E-02  4.2196E-01  3.9579E-02  5.9893E-01 -3.9208E-02
  3.9355E+01  1.3126E+02 -4.5637E-02  4.2129E-01  3.9568E-02  5.9940E-01 -3.9195E-02
  3.9372E+01  1.3132E+02 -4.5552E-02  4.2061E-01  3.9557E-02  5.9988E-01 -3.9182E-02
  3.9389E+01  1.3138E+02 -4.5467E-02  4.1994E-01  3.9546E-02  6.0036E-01 -3.9169E-02
  3.9407E+01  1.3144E+02 -4.5382E-02  4.1925E-01  3.9534E-02  6.0084E-01 -3.9156E-02
  3.9424E+01  1.3149E+02 -4.5297E-02  4.1858E-01  3.9523E-02  6.0131E-01 -3.9142E-02
  3.9441E+01  1.3155E+02 -4.5212E-02  4.1790E-01  3.9512E-02  6.0179E-01 -3.9129E-02
  3.9459E+01  1.3161E+02 -4.5128E-02  4.1723E-01  3.9500E-02  6.0227E-01 -3.9116E-02
  3.9476E+01  1.3167E+02 -4.5042E-02  4.1655E-01  3.9489E-02  6.0275E-01 -3.9102E-02
  3.9493E+01  1.3172E+02 -4.4958E-02  4.1588E-01  3.9478E-02  6.0323E-01 -3.9089E-02
  3.9511E+01  1.3178E+02 -4.4873E-02  4.1520E-01  3.9466E-02  6.0371E-01 -3.9076E-02
  3.9528E+01  1.3184E+02 -4.4788E-02  4.1453E-01  3.9455E-02  6.0418E-01 -3.9062E-02
  3.9545E+01  1.3190E+02 -4.4704E-02  4.1386E-01  3.9443E-02  6.0466E-01 -3.9049E-02
  3.9562E+01  1.3196E+02 -4.4619E-02  4.1318E-01  3.9432E-02  6.0514E-01 -3.9035E-02
  3.9580E+01  1.3201E+02 -4.4534E-02  4.1251E-01  3.9420E-02  6.0562E-01 -3.9022E-02
  3.9597E+01  1.3207E+02 -4.4449E-02  4.1183E-01  3.9409E-02  6.0610E-01 -3.9008E-02
  3.9614E+01  1.3213E+02 -4.4365E-02  4.1116E-01  3.9398E-02  6.0658E-01 -3.8995E-02
  3.9632E+01  1.3219E+02 -4.4279E-02  4.1048E-01  3.9386E-02  6.0706E-01 -3.8981E-02
  3.9649E+01  1.3224E+02 -4.4195E-02  4.0981E-01  3.9375E-02  6.0754E-01 -3.8968E-02
  3.9666E+01  1.3230E+02 -4.4110E-02  4.0914E-01  3.9363E-02  6.0802E-01 -3.8954E-02
  3.9684E+01  1.3236E+02 -4.4025E-02  4.0847E-01  3.9352E-02  6.0849E-01 -3.8940E-02
  3.9701E+01  1.3242E+02 -4.3940E-02  4.0779E-01  3.9340E-02  6.0898E-01 -3.8927E-02
  3.9718E+01  1.3247E+02 -4.3856E-02  4.0712E-01  3.9329E-02  6.0945E-01 -3.8913E-02
  3.9736E+01  1.3253E+02 -4.3770E-02  4.0644E-01  3.9317E-02  6.0994E-01 -3.8899E-02
  3.9753E+01  1.3259E+02 -4.3686E-02  4.0578E-01  3.9306E-02  6.1041E-01 -3.8886E-02
  3.9770E+01  1.3265E+02 -4.3600E-02  4.0510E-01  3.9294E-02  6.1090E-01 -3.8872E-02
  3.9787E+01  1.3271E+02 -4.3516E-02  4.0443E-01  3.9282E-02  6.1137E-01 -3.8858E-02
  3.9805E+01  1.3276E+02 -4.3431E-02  4.0376E-01  3.9271E-02  6.1186E-01 -3.8844E-02
  3.9822E+01  1.3282E+02 -4.3346E-02  4.0309E-01  3.9259E-02  6.1233E-01 -3.8831E-02
  3.9839E+01  1.3288E+02 -4.3261E-02  4.0242E-01  3.9248E-02  6.1282E-01 -3.8817E-02
  3.9849E+01  1.3291E+02 -4.3214E-02  4.0204E-01  3.9241E-02  6.1308E-01 -3.8809E-02
  3.9857E+01  1.3294E+02 -4.3177E-02  4.0175E-01  3.9236E-02  6.1329E-01 -3.8803E-02
  3.9874E+01  1.3299E+02 -4.3091E-02  4.0107E-01  3.9224E-02  6.1378E-01 -3.8789E-02
  3.9891E+01  1.3305E+02 -4.3007E-02  4.0041E-01  3.9213E-02  6.1425E-01 -3.8775E-02
  3.9909E+01  1.3311E+02 -4.2922E-02  3.9973E-01  3.9201E-02  6.1474E-01 -3.8761E-02
  3.9926E+01  1.3317E+02 -4.2837E-02  3.9907E-01  3.9190E-02  6.1522E-01 -3.8747E-02
  3.9943E+01  1.3323E+02 -4.2753E-02  3.9840E-01  3.9178E-02  6.1569E-01 -3.8733E-02
  3.9961E+01  1.3328E+02 -4.2668E-02  3.9773E-01  3.9166E-02  6.1618E-01 -3.8719E-02
  3.9978E+01  1.3334E+02 -4.2583E-02  3.9707E-01  3.9155E-02  6.1665E-01 -3.8705E-02
  3.9995E+01  1.3340E+02 -4.2498E-02  3.9639E-01  3.9143E-02  6.1714E-01 -3.8691E-02
  4.0012E+01  1.3346E+02 -4.2414E-02  3.9573E-01  3.9131E-02  6.1762E-01 -3.8677E-02
  4.0030E+01  1.3351E+02 -4.2328E-02  3.9506E-01  3.9120E-02  6.1810E-01 -3.8663E-02
  4.0047E+01  1.3357E+02 -4.2244E-02  3.9439E-01  3.9108E-02  6.1858E-01 -3.8649E-02
  4.0064E+01  1.3363E+02 -4.2158E-02  3.9372E-01  3.9096E-02  6.1906E-01 -3.8635E-02
  4.0082E+01  1.3369E+02 -4.2074E-02  3.9306E-01  3.9084E-02  6.1954E-01 -3.8621E-02
  4.0099E+01  1.3375E+02 -4.1989E-02  3.9239E-01  3.9073E-02  6.2002E-01 -3.8606E-02
  4.0116E+01  1.3380E+02 -4.1904E-02  3.9172E-01  3.9061E-02  6.2050E-01 -3.8592E-02
  4.0134E+01  1.3386E+02 -4.1819E-02  3.9105E-01  3.9049E-02  6.2099E-01 -3.8578E-02
  4.0151E+01  1.3392E+02 -4.1735E-02  3.9039E-01  3.9037E-02  6.2146E-01 -3.8564E-02
  4.0168E+01  1.3398E+02 -4.1649E-02  3.8972E-01  3.9026E-02  6.2195E-01 -3.8549E-02
  4.0186E+01  1.3403E+02 -4.1565E-02  3.8906E-01  3.9014E-02  6.2243E-01 -3.8535E-02
  4.0203E+01  1.3409E+02 -4.1480E-02  3.8839E-01  3.9002E-02  6.2291E-01 -3.8521E-02
  4.0220E+01  1.3415E+02 -4.1395E-02  3.8773E-01  3.8990E-02  6.2339E-01 -3.8506E-02
  4.0238E+01  1.3421E+02 -4.1310E-02  3.8706E-01  3.8978E-02  6.2387E-01 -3.8492E-02
  4.0255E+01  1.3426E+02 -4.1226E-02  3.8640E-01  3.8967E-02  6.2435E-01 -3.8477E-02
  4.0272E+01  1.3432E+02 -4.1140E-02  3.8573E-01  3.8955E-02  6.2483E-01 -3.8463E-02
  4.0289E+01  1.3438E+02 -4.1056E-02  3.8507E-01  3.8943E-02  6.2531E-01 -3.8448E-02
  4.0307E+01  1.3444E+02 -4.0971E-02  3.8440E-01  3.8931E-02  6.2580E-01 -3.8434E-02
  4.0324E+01  1.3450E+02 -4.0886E-02  3.8374E-01  3.8919E-02  6.2627E-01 -3.8419E-02
  4.0341E+01  1.3455E+02 -4.0801E-02  3.8307E-01  3.8907E-02  6.2676E-01 -3.8405E-02
  4.0359E+01  1.3461E+02 -4.0716E-02  3.8241E-01  3.8895E-02  6.2724E-01 -3.8390E-02
  4.0376E+01  1.3467E+02 -4.0632E-02  3.8175E-01  3.8884E-02  6.2771E-01 -3.8376E-02
  4.0393E+01  1.3473E+02 -4.0547E-02  3.8108E-01  3.8872E-02  6.2820E-01 -3.8361E-02
  4.0410E+01  1.3478E+02 -4.0462E-02  3.8043E-01  3.8860E-02  6.2868E-01 -3.8347E-02
  4.0428E+01  1.3484E+02 -4.0377E-02  3.7976E-01  3.8848E-02  6.2916E-01 -3.8332E-02
  4.0445E+01  1.3490E+02 -4.0293E-02  3.7910E-01  3.8836E-02  6.2964E-01 -3.8317E-02
  4.0463E+01  1.3496E+02 -4.0207E-02  3.7844E-01  3.8824E-02  6.3012E-01 -3.8302E-02
  4.0480E+01  1.3501E+02 -4.0123E-02  3.7778E-01  3.8812E-02  6.3060E-01 -3.8288E-02
  4.0497E+01  1.3507E+02 -4.0038E-02  3.7711E-01  3.8800E-02  6.3108E-01 -3.8273E-02
  4.0514E+01  1.3513E+02 -3.9953E-02  3.7645E-01  3.8788E-02  6.3155E-01 -3.8258E-02
  4.0532E+01  1.3519E+02 -3.9868E-02  3.7579E-01  3.8776E-02  6.3204E-01 -3.8243E-02
  4.0549E+01  1.3525E+02 -3.9784E-02  3.7513E-01  3.8764E-02  6.3251E-01 -3.8228E-02
  4.0566E+01  1.3530E+02 -3.9698E-02  3.7447E-01  3.8752E-02  6.3299E-01 -3.8213E-02
  4.0584E+01  1.3536E+02 -3.9614E-02  3.7381E-01  3.8740E-02  6.3347E-01 -3.8199E-02
  4.0601E+01  1.3542E+02 -3.9528E-02  3.7315E-01  3.8728E-02  6.3395E-01 -3.8184E-02
  4.0618E+01  1.3548E+02 -3.9444E-02  3.7249E-01  3.8716E-02  6.3443E-01 -3.8169E-02
  4.0636E+01  1.3554E+02 -3.9359E-02  3.7183E-01  3.8704E-02  6.3491E-01 -3.8154E-02
  4.0653E+01  1.3559E+02 -3.9274E-02  3.7117E-01  3.8692E-02  6.3538E-01 -3.8139E-02
  4.0670E+01  1.3565E+02 -3.9189E-02  3.7051E-01  3.8680E-02  6.3586E-01 -3.8124E-02
  4.0687E+01  1.3571E+02 -3.9105E-02  3.6986E-01  3.8668E-02  6.3634E-01 -3.8109E-02
  4.0705E+01  1.3577E+02 -3.9019E-02  3.6919E-01  3.8656E-02  6.3682E-01 -3.8093E-02
  4.0722E+01  1.3582E+02 -3.8935E-02  3.6854E-01  3.8644E-02  6.3729E-01 -3.8078E-02
  4.0740E+01  1.3588E+02 -3.8850E-02  3.6788E-01  3.8632E-02  6.3777E-01 -3.8063E-02
  4.0757E+01  1.3594E+02 -3.8765E-02  3.6722E-01  3.8620E-02  6.3825E-01 -3.8048E-02
  4.0774E+01  1.3600E+02 -3.8680E-02  3.6656E-01  3.8608E-02  6.3873E-01 -3.8033E-02
  4.0791E+01  1.3605E+02 -3.8595E-02  3.6591E-01  3.8596E-02  6.3920E-01 -3.8018E-02
  4.0809E+01  1.3611E+02 -3.8511E-02  3.6526E-01  3.8584E-02  6.3967E-01 -3.8003E-02
  4.0826E+01  1.3617E+02 -3.8426E-02  3.6460E-01  3.8571E-02  6.4015E-01 -3.7987E-02
  4.0843E+01  1.3623E+02 -3.8341E-02  3.6394E-01  3.8559E-02  6.4063E-01 -3.7972E-02
  4.0861E+01  1.3629E+02 -3.8256E-02  3.6328E-01  3.8547E-02  6.4110E-01 -3.7957E-02
  4.0878E+01  1.3634E+02 -3.8172E-02  3.6263E-01  3.8535E-02  6.4158E-01 -3.7941E-02
  4.0895E+01  1.3640E+02 -3.8086E-02  3.6197E-01  3.8523E-02  6.4205E-01 -3.7926E-02
  4.0912E+01  1.3646E+02 -3.8002E-02  3.6132E-01  3.8511E-02  6.4253E-01 -3.7911E-02
  4.0930E+01  1.3652E+02 -3.7917E-02  3.6066E-01  3.8499E-02  6.4300E-01 -3.7895E-02
  4.0947E+01  1.3657E+02 -3.7832E-02  3.6001E-01  3.8487E-02  6.4348E-01 -3.7880E-02
  4.0964E+01  1.3663E+02 -3.7747E-02  3.5935E-01  3.8474E-02  6.4395E-01 -3.7864E-02
  4.0982E+01  1.3669E+02 -3.7662E-02  3.5870E-01  3.8462E-02  6.4442E-01 -3.7849E-02
  4.0999E+01  1.3675E+02 -3.7577E-02  3.5805E-01  3.8450E-02  6.4490E-01 -3.7833E-02
  4.1016E+01  1.3680E+02 -3.7493E-02  3.5740E-01  3.8438E-02  6.4537E-01 -3.7817E-02
  4.1034E+01  1.3686E+02 -3.7407E-02  3.5674E-01  3.8426E-02  6.4584E-01 -3.7802E-02
  4.1051E+01  1.3692E+02 -3.7323E-02  3.5609E-01  3.8413E-02  6.4631E-01 -3.7786E-02
  4.1068E+01  1.3698E+02 -3.7238E-02  3.5543E-01  3.8401E-02  6.4679E-01 -3.7771E-02
  4.1086E+01  1.3704E+02 -3.7153E-02  3.5478E-01  3.8389E-02  6.4726E-01 -3.7755E-02
  4.1103E+01  1.3709E+02 -3.7068E-02  3.5413E-01  3.8377E-02  6.4773E-01 -3.7739E-02
  4.1120E+01  1.3715E+02 -3.6984E-02  3.5348E-01  3.8365E-02  6.4820E-01 -3.7723E-02
  4.1138E+01  1.3721E+02 -3.6898E-02  3.5282E-01  3.8352E-02  6.4867E-01 -3.7708E-02
  4.1155E+01  1.3727E+02 -3.6814E-02  3.5218E-01  3.8340E-02  6.4914E-01 -3.7692E-02
  4.1172E+01  1.3732E+02 -3.6728E-02  3.5152E-01  3.8328E-02  6.4961E-01 -3.7676E-02
  4.1189E+01  1.3738E+02 -3.6644E-02  3.5088E-01  3.8316E-02  6.5008E-01 -3.7660E-02
  4.1207E+01  1.3744E+02 -3.6560E-02  3.5023E-01  3.8304E-02  6.5055E-01 -3.7644E-02
  4.1224E+01  1.3750E+02 -3.6474E-02  3.4957E-01  3.8291E-02  6.5102E-01 -3.7628E-02
  4.1241E+01  1.3756E+02 -3.6390E-02  3.4893E-01  3.8279E-02  6.5148E-01 -3.7613E-02
  4.1259E+01  1.3761E+02 -3.6305E-02  3.4827E-01  3.8267E-02  6.5195E-01 -3.7597E-02
  4.1276E+01  1.3767E+02 -3.6220E-02  3.4763E-01  3.8255E-02  6.5242E-01 -3.7581E-02
  4.1293E+01  1.3773E+02 -3.6135E-02  3.4698E-01  3.8242E-02  6.5289E-01 -3.7565E-02
  4.1311E+01  1.3779E+02 -3.6051E-02  3.4633E-01  3.8230E-02  6.5335E-01 -3.7549E-02
  4.1328E+01  1.3784E+02 -3.5965E-02  3.4568E-01  3.7249E-02  6.5654E-01 -3.6540E-02
  4.1345E+01  1.3790E+02 -3.5891E-02  3.4513E-01  2.8767E-02  6.5727E-01 -2.7837E-02
  4.1363E+01  1.3796E+02 -3.5831E-02  3.4472E-01  2.0354E-02  6.5775E-01 -1.9012E-02
  4.1380E+01  1.3802E+02 -3.5788E-02  3.4447E-01  1.2613E-02  6.5822E-01 -1.0301E-02
  4.1397E+01  1.3808E+02 -3.5759E-02  3.4437E-01  7.4361E-03  6.5870E-01 -1.4878E-03
  4.1414E+01  1.3813E+02 -3.5747E-02  3.4441E-01  1.0259E-02  6.5918E-01  7.2183E-03
  4.1432E+01  1.3819E+02 -3.5751E-02  3.4462E-01  1.7614E-02  6.5966E-01  1.6034E-02
  4.1449E+01  1.3825E+02 -3.5770E-02  3.4497E-01  2.5801E-02  6.6013E-01  2.4750E-02
  4.1466E+01  1.3831E+02 -3.5806E-02  3.4547E-01  3.4364E-02  6.6061E-01  3.3583E-02
  4.1484E+01  1.3836E+02 -3.5855E-02  3.4611E-01  3.9139E-02  6.5806E-01  3.8463E-02
  4.1501E+01  1.3842E+02 -3.5906E-02  3.4678E-01  3.9153E-02  6.5853E-01  3.8479E-02
  4.1518E+01  1.3848E+02 -3.5958E-02  3.4744E-01  3.9167E-02  6.5899E-01  3.8495E-02
  4.1536E+01  1.3854E+02 -3.6010E-02  3.4811E-01  3.9182E-02  6.5946E-01  3.8511E-02
  4.1553E+01  1.3859E+02 -3.6061E-02  3.4877E-01  3.9196E-02  6.5993E-01  3.8527E-02
  4.1570E+01  1.3865E+02 -3.6113E-02  3.4944E-01  3.9210E-02  6.6040E-01  3.8543E-02
  4.1588E+01  1.3871E+02 -3.6164E-02  3.5011E-01  3.9224E-02  6.6086E-01  3.8559E-02
  4.1605E+01  1.3877E+02 -3.6216E-02  3.5078E-01  3.9238E-02  6.6134E-01  3.8575E-02
  4.1622E+01  1.3883E+02 -3.6268E-02  3.5144E-01  3.9252E-02  6.6180E-01  3.8591E-02
  4.1639E+01  1.3888E+02 -3.6319E-02  3.5210E-01  3.9266E-02  6.6227E-01  3.8607E-02
  4.1657E+01  1.3894E+02 -3.6371E-02  3.5278E-01  3.9280E-02  6.6274E-01  3.8623E-02
  4.1674E+01  1.3900E+02 -3.6422E-02  3.5344E-01  3.9294E-02  6.6321E-01  3.8639E-02
  4.1691E+01  1.3906E+02 -3.6474E-02  3.5411E-01  3.9308E-02  6.6368E-01  3.8655E-02
  4.1709E+01  1.3911E+02 -3.6526E-02  3.5478E-01  3.9322E-02  6.6415E-01  3.8670E-02
  4.1726E+01  1.3917E+02 -3.6578E-02  3.5545E-01  3.9336E-02  6.6463E-01  3.8686E-02
  4.1743E+01  1.3923E+02 -3.6629E-02  3.5611E-01  3.9350E-02  6.6510E-01  3.8702E-02
  4.1761E+01  1.3929E+02 -3.6681E-02  3.5679E-01  3.9364E-02  6.6558E-01  3.8718E-02
  4.1778E+01  1.3935E+02 -3.6732E-02  3.5745E-01  3.9378E-02  6.6605E-01  3.8733E-02
  4.1795E+01  1.3940E+02 -3.6784E-02  3.5813E-01  3.9392E-02  6.6653E-01  3.8749E-02
  4.1813E+01  1.3946E+02 -3.6835E-02  3.5879E-01  3.9406E-02  6.6700E-01  3.8764E-02
  4.1830E+01  1.3952E+02 -3.6887E-02  3.5947E-01  3.9420E-02  6.6748E-01  3.8780E-02
  4.1847E+01  1.3958E+02 -3.6939E-02  3.6013E-01  3.9433E-02  6.6795E-01  3.8795E-02
  4.1865E+01  1.3963E+02 -3.6991E-02  3.6081E-01  3.9447E-02  6.6843E-01  3.8811E-02
  4.1882E+01  1.3969E+02 -3.7042E-02  3.6148E-01  3.9461E-02  6.6890E-01  3.8827E-02
  4.1899E+01  1.3975E+02 -3.7094E-02  3.6215E-01  3.9475E-02  6.6939E-01  3.8842E-02
  4.1916E+01  1.3981E+02 -3.7145E-02  3.6282E-01  3.9489E-02  6.6986E-01  3.8857E-02
  4.1934E+01  1.3987E+02 -3.7197E-02  3.6350E-01  3.9503E-02  6.7034E-01  3.8873E-02
  4.1951E+01  1.3992E+02 -3.7249E-02  3.6416E-01  3.9516E-02  6.7082E-01  3.8888E-02
  4.1968E+01  1.3998E+02 -3.7301E-02  3.6484E-01  3.9530E-02  6.7130E-01  3.8904E-02
  4.1986E+01  1.4004E+02 -3.7352E-02  3.6551E-01  3.9544E-02  6.7178E-01  3.8919E-02
  4.2003E+01  1.4010E+02 -3.7404E-02  3.6619E-01  3.9557E-02  6.7226E-01  3.8934E-02
  4.2020E+01  1.4015E+02 -3.7455E-02  3.6686E-01  3.9571E-02  6.7274E-01  3.8950E-02
  4.2038E+01  1.4021E+02 -3.7507E-02  3.6753E-01  3.9585E-02  6.7323E-01  3.8965E-02
  4.2055E+01  1.4027E+02 -3.7558E-02  3.6820E-01  3.9598E-02  6.7370E-01  3.8980E-02
  4.2072E+01  1.4033E+02 -3.7610E-02  3.6887E-01  3.9613E-02  6.7419E-01  3.8996E-02
  4.2090E+01  1.4038E+02 -3.7665E-02  3.6959E-01  4.4506E-02  6.7703E-01  4.3956E-02
  4.2107E+01  1.4044E+02 -3.7731E-02  3.7040E-01  5.0786E-02  6.7751E-01  5.0305E-02
  4.2124E+01  1.4050E+02 -3.7809E-02  3.7133E-01  5.7172E-02  6.7799E-01  5.6747E-02
  4.2141E+01  1.4056E+02 -3.7897E-02  3.7236E-01  6.3509E-02  6.7845E-01  6.3128E-02
  4.2159E+01  1.4062E+02 -3.7997E-02  3.7351E-01  6.9949E-02  6.7892E-01  6.9606E-02
  4.2176E+01  1.4067E+02 -3.8108E-02  3.7476E-01  7.6339E-02  6.7937E-01  7.6026E-02
  4.2193E+01  1.4073E+02 -3.8231E-02  3.7614E-01  8.2834E-02  6.7982E-01  8.2547E-02
  4.2211E+01  1.4079E+02 -3.8365E-02  3.7762E-01  8.9279E-02  6.8026E-01  8.9014E-02
  4.2228E+01  1.4085E+02 -3.8511E-02  3.7922E-01  9.5071E-02  6.7839E-01  9.4827E-02
  4.2245E+01  1.4090E+02 -3.8660E-02  3.8085E-01  9.5104E-02  6.7862E-01  9.4861E-02
  4.2263E+01  1.4096E+02 -3.8811E-02  3.8250E-01  9.5117E-02  6.7905E-01  9.4876E-02
  4.2280E+01  1.4102E+02 -3.8960E-02  3.8413E-01  9.5130E-02  6.7948E-01  9.4891E-02
  4.2297E+01  1.4108E+02 -3.9111E-02  3.8578E-01  9.5143E-02  6.7991E-01  9.4905E-02
  4.2314E+01  1.4114E+02 -3.9260E-02  3.8741E-01  9.5155E-02  6.8034E-01  9.4920E-02
  4.2332E+01  1.4119E+02 -3.9410E-02  3.8906E-01  9.5168E-02  6.8078E-01  9.4935E-02
  4.2349E+01  1.4125E+02 -3.9559E-02  3.9069E-01  9.5181E-02  6.8121E-01  9.4949E-02
  4.2367E+01  1.4131E+02 -3.9710E-02  3.9235E-01  9.5194E-02  6.8165E-01  9.4963E-02
  4.2384E+01  1.4137E+02 -3.9859E-02  3.9398E-01  9.5206E-02  6.8208E-01  9.4978E-02
  4.2401E+01  1.4142E+02 -4.0010E-02  3.9563E-01  9.5219E-02  6.8252E-01  9.4992E-02
  4.2418E+01  1.4148E+02 -4.0159E-02  3.9726E-01  9.5232E-02  6.8295E-01  9.5006E-02
  4.2436E+01  1.4154E+02 -4.0310E-02  3.9892E-01  9.5244E-02  6.8340E-01  9.5020E-02
  4.2453E+01  1.4160E+02 -4.0459E-02  4.0055E-01  9.5257E-02  6.8383E-01  9.5034E-02
  4.2470E+01  1.4165E+02 -4.0608E-02  4.0218E-01  9.5269E-02  6.8427E-01  9.5048E-02
  4.2488E+01  1.4171E+02 -4.0759E-02  4.0384E-01  9.5282E-02  6.8471E-01  9.5063E-02
  4.2505E+01  1.4177E+02 -4.0908E-02  4.0547E-01  9.5294E-02  6.8515E-01  9.5076E-02
  4.2522E+01  1.4183E+02 -4.1059E-02  4.0712E-01  9.5306E-02  6.8560E-01  9.5090E-02
  4.2539E+01  1.4189E+02 -4.1208E-02  4.0876E-01  9.5319E-02  6.8604E-01  9.5104E-02
  4.2557E+01  1.4194E+02 -4.1359E-02  4.1041E-01  9.5331E-02  6.8649E-01  9.5118E-02
  4.2574E+01  1.4200E+02 -4.1508E-02  4.1205E-01  9.5343E-02  6.8693E-01  9.5132E-02
  4.2579E+01  1.4202E+02 -4.1551E-02  4.1252E-01  9.5347E-02  6.8706E-01  9.5136E-02
  4.2591E+01  1.4206E+02 -4.1658E-02  4.1370E-01  9.5356E-02  6.8738E-01  9.5145E-02
  4.2609E+01  1.4212E+02 -4.1807E-02  4.1534E-01  9.5368E-02  6.8782E-01  9.5159E-02
  4.2626E+01  1.4217E+02 -4.1958E-02  4.1699E-01  9.5380E-02  6.8827E-01  9.5173E-02
  4.2643E+01  1.4223E+02 -4.2107E-02  4.1863E-01  9.5392E-02  6.8872E-01  9.5186E-02
  4.2661E+01  1.4229E+02 -4.2258E-02  4.2028E-01  9.5404E-02  6.8917E-01  9.5200E-02
  4.2678E+01  1.4235E+02 -4.2407E-02  4.2192E-01  9.5416E-02  6.8962E-01  9.5213E-02
  4.2695E+01  1.4241E+02 -4.2558E-02  4.2357E-01  9.5429E-02  6.9007E-01  9.5227E-02
  4.2713E+01  1.4246E+02 -4.2707E-02  4.2521E-01  9.5440E-02  6.9052E-01  9.5240E-02
  4.2730E+01  1.4252E+02 -4.2858E-02  4.2687E-01  9.5453E-02  6.9098E-01  9.5253E-02
  4.2747E+01  1.4258E+02 -4.3007E-02  4.2850E-01  9.5464E-02  6.9143E-01  9.5266E-02
  4.2765E+01  1.4264E+02 -4.3156E-02  4.3015E-01  9.2016E-02  6.8894E-01  9.1814E-02
  4.2782E+01  1.4269E+02 -4.3293E-02  4.3166E-01  8.5057E-02  6.8940E-01  8.4840E-02
  4.2799E+01  1.4275E+02 -4.3419E-02  4.3308E-01  7.7993E-02  6.8988E-01  7.7756E-02
  4.2816E+01  1.4281E+02 -4.3532E-02  4.3435E-01  7.0995E-02  6.9036E-01  7.0737E-02
  4.2834E+01  1.4287E+02 -4.3633E-02  4.3552E-01  6.3898E-02  6.9086E-01  6.3611E-02
  4.2851E+01  1.4292E+02 -4.3721E-02  4.3656E-01  5.6875E-02  6.9135E-01  5.6554E-02
  4.2868E+01  1.4298E+02 -4.3798E-02  4.3748E-01  4.9760E-02  6.9187E-01  4.9394E-02
  4.2886E+01  1.4304E+02 -4.3861E-02  4.3826E-01  4.2733E-02  6.9238E-01  4.2307E-02
  4.2903E+01  1.4310E+02 -4.3913E-02  4.3893E-01  3.5722E-02  6.9293E-01  3.5212E-02
  4.2920E+01  1.4316E+02 -4.3956E-02  4.3952E-01  3.4452E-02  6.9651E-01  3.3919E-02
  4.2938E+01  1.4321E+02 -4.3999E-02  4.4011E-01  3.4464E-02  6.9703E-01  3.3932E-02
  4.2955E+01  1.4327E+02 -4.4042E-02  4.4070E-01  3.4476E-02  6.9756E-01  3.3945E-02
  4.2972E+01  1.4333E+02 -4.4085E-02  4.4128E-01  3.4488E-02  6.9808E-01  3.3957E-02
  4.2990E+01  1.4339E+02 -4.4129E-02  4.4187E-01  3.4500E-02  6.9861E-01  3.3970E-02
  4.3007E+01  1.4344E+02 -4.4172E-02  4.4246E-01  3.4512E-02  6.9913E-01  3.3983E-02
  4.3024E+01  1.4350E+02 -4.4215E-02  4.4305E-01  3.4524E-02  6.9966E-01  3.3996E-02
  4.3041E+01  1.4356E+02 -4.4258E-02  4.4363E-01  3.4536E-02  7.0018E-01  3.4009E-02
  4.3059E+01  1.4362E+02 -4.4301E-02  4.4422E-01  3.4548E-02  7.0071E-01  3.4022E-02
  4.3076E+01  1.4368E+02 -4.4344E-02  4.4481E-01  3.4560E-02  7.0123E-01  3.4034E-02
  4.3093E+01  1.4373E+02 -4.4387E-02  4.4540E-01  3.4572E-02  7.0176E-01  3.4047E-02
  4.3111E+01  1.4379E+02 -4.4430E-02  4.4599E-01  3.4584E-02  7.0229E-01  3.4060E-02
  4.3128E+01  1.4385E+02 -4.4474E-02  4.4658E-01  3.4596E-02  7.0282E-01  3.4072E-02
  4.3145E+01  1.4391E+02 -4.4516E-02  4.4716E-01  3.4608E-02  7.0334E-01  3.4085E-02
  4.3163E+01  1.4396E+02 -4.4560E-02  4.4776E-01  3.4619E-02  7.0387E-01  3.4098E-02
  4.3180E+01  1.4402E+02 -4.4603E-02  4.4834E-01  3.4631E-02  7.0440E-01  3.4110E-02
  4.3197E+01  1.4408E+02 -4.4646E-02  4.4894E-01  3.4643E-02  7.0493E-01  3.4123E-02
  4.3215E+01  1.4414E+02 -4.4689E-02  4.4952E-01  3.4655E-02  7.0545E-01  3.4136E-02
  4.3232E+01  1.4420E+02 -4.4732E-02  4.5012E-01  3.4667E-02  7.0599E-01  3.4148E-02
  4.3249E+01  1.4425E+02 -4.4775E-02  4.5070E-01  3.4679E-02  7.0651E-01  3.4161E-02
  4.3267E+01  1.4431E+02 -4.4819E-02  4.5130E-01  3.4691E-02  7.0705E-01  3.4173E-02
  4.3284E+01  1.4437E+02 -4.4861E-02  4.5189E-01  3.4702E-02  7.0757E-01  3.4186E-02
  4.3301E+01  1.4443E+02 -4.4905E-02  4.5248E-01  3.4714E-02  7.0811E-01  3.4199E-02
  4.3318E+01  1.4448E+02 -4.4948E-02  4.5307E-01  3.4726E-02  7.0863E-01  3.4211E-02
  4.3336E+01  1.4454E+02 -4.4991E-02  4.5366E-01  3.4737E-02  7.0916E-01  3.4223E-02
  4.3353E+01  1.4460E+02 -4.5034E-02  4.5425E-01  3.4749E-02  7.0969E-01  3.4236E-02
  4.3370E+01  1.4466E+02 -4.5077E-02  4.5484E-01  3.4761E-02  7.1022E-01  3.4248E-02
  4.3388E+01  1.4471E+02 -4.5120E-02  4.5544E-01  3.4773E-02  7.1076E-01  3.4261E-02
  4.3405E+01  1.4477E+02 -4.5163E-02  4.5603E-01  3.4784E-02  7.1129E-01  3.4273E-02
  4.3422E+01  1.4483E+02 -4.5206E-02  4.5662E-01  3.4796E-02  7.1182E-01  3.4286E-02
  4.3440E+01  1.4489E+02 -4.5249E-02  4.5721E-01  3.4808E-02  7.1235E-01  3.4298E-02
  4.3457E+01  1.4495E+02 -4.5293E-02  4.5781E-01  3.4819E-02  7.1289E-01  3.4311E-02
  4.3474E+01  1.4500E+02 -4.5336E-02  4.5840E-01  3.4831E-02  7.1342E-01  3.4323E-02
  4.3492E+01  1.4506E+02 -4.5379E-02  4.5900E-01  3.4843E-02  7.1395E-01  3.4335E-02
  4.3509E+01  1.4512E+02 -4.5422E-02  4.5959E-01  3.4692E-02  7.1401E-01  3.4184E-02
  4.3526E+01  1.4518E+02 -4.5464E-02  4.6017E-01  3.3670E-02  7.1453E-01  3.3146E-02
  4.3543E+01  1.4523E+02 -4.5504E-02  4.6073E-01  3.2658E-02  7.1506E-01  3.2118E-02
  4.3561E+01  1.4529E+02 -4.5542E-02  4.6128E-01  3.1634E-02  7.1560E-01  3.1077E-02
  4.3578E+01  1.4535E+02 -4.5579E-02  4.6181E-01  3.0622E-02  7.1614E-01  3.0047E-02
  4.3595E+01  1.4541E+02 -4.5614E-02  4.6232E-01  2.9598E-02  7.1668E-01  2.9003E-02
  4.3613E+01  1.4547E+02 -4.5646E-02  4.6281E-01  2.8587E-02  7.1721E-01  2.7971E-02
  4.3630E+01  1.4552E+02 -4.5678E-02  4.6329E-01  2.7564E-02  7.1775E-01  2.6925E-02
  4.3647E+01  1.4558E+02 -4.5707E-02  4.6374E-01  2.6554E-02  7.1829E-01  2.5890E-02
  4.3665E+01  1.4564E+02 -4.5735E-02  4.6419E-01  2.6045E-02  7.1933E-01  2.5367E-02
  4.3682E+01  1.4570E+02 -4.5762E-02  4.6462E-01  2.6056E-02  7.1987E-01  2.5379E-02
  4.3699E+01  1.4575E+02 -4.5790E-02  4.6506E-01  2.6068E-02  7.2041E-01  2.5391E-02
  4.3717E+01  1.4581E+02 -4.5817E-02  4.6550E-01  2.6080E-02  7.2095E-01  2.5404E-02
  4.3734E+01  1.4587E+02 -4.5845E-02  4.6594E-01  2.6091E-02  7.2149E-01  2.5416E-02
  4.3751E+01  1.4593E+02 -4.5873E-02  4.6638E-01  2.6103E-02  7.2203E-01  2.5428E-02
  4.3768E+01  1.4598E+02 -4.5900E-02  4.6682E-01  2.6114E-02  7.2257E-01  2.5440E-02
  4.3786E+01  1.4604E+02 -4.5928E-02  4.6726E-01  2.6126E-02  7.2311E-01  2.5452E-02
  4.3803E+01  1.4610E+02 -4.5955E-02  4.6770E-01  2.6137E-02  7.2365E-01  2.5464E-02
  4.3820E+01  1.4616E+02 -4.5983E-02  4.6814E-01  2.6149E-02  7.2419E-01  2.5476E-02
  4.3838E+01  1.4622E+02 -4.6010E-02  4.6858E-01  2.6160E-02  7.2473E-01  2.5488E-02
  4.3855E+01  1.4627E+02 -4.6038E-02  4.6902E-01  2.6172E-02  7.2528E-01  2.5501E-02
  4.3872E+01  1.4633E+02 -4.6065E-02  4.6946E-01  2.6183E-02  7.2582E-01  2.5513E-02
  4.3890E+01  1.4639E+02 -4.6093E-02  4.6990E-01  2.6195E-02  7.2636E-01  2.5525E-02
  4.3907E+01  1.4645E+02 -4.6120E-02  4.7034E-01  2.6206E-02  7.2690E-01  2.5537E-02
  4.3924E+01  1.4650E+02 -4.6148E-02  4.7079E-01  2.6218E-02  7.2744E-01  2.5549E-02
  4.3941E+01  1.4656E+02 -4.6176E-02  4.7123E-01  2.6229E-02  7.2798E-01  2.5561E-02
  4.3959E+01  1.4662E+02 -4.6203E-02  4.7167E-01  2.6241E-02  7.2853E-01  2.5573E-02
  4.3976E+01  1.4668E+02 -4.6231E-02  4.7211E-01  2.6252E-02  7.2907E-01  2.5585E-02
  4.3994E+01  1.4674E+02 -4.6258E-02  4.7256E-01  2.6264E-02  7.2961E-01  2.5597E-02
  4.4011E+01  1.4679E+02 -4.6286E-02  4.7300E-01  2.6275E-02  7.3015E-01  2.5609E-02
  4.4028E+01  1.4685E+02 -4.6314E-02  4.7344E-01  2.6287E-02  7.3070E-01  2.5621E-02
  4.4029E+01  1.4685E+02 -4.6315E-02  4.7347E-01  2.6287E-02  7.3073E-01  2.5622E-02
  4.4045E+01  1.4691E+02 -4.6341E-02  4.7388E-01  2.6298E-02  7.3124E-01  2.5633E-02
  4.4063E+01  1.4697E+02 -4.6369E-02  4.7433E-01  2.6309E-02  7.3178E-01  2.5645E-02
  4.4080E+01  1.4702E+02 -4.6396E-02  4.7477E-01  2.6321E-02  7.3232E-01  2.5657E-02
  4.4097E+01  1.4708E+02 -4.6424E-02  4.7522E-01  2.6332E-02  7.3287E-01  2.5669E-02
  4.4115E+01  1.4714E+02 -4.6451E-02  4.7566E-01  2.6343E-02  7.3341E-01  2.5680E-02
  4.4132E+01  1.4720E+02 -4.6479E-02  4.7610E-01  2.6355E-02  7.3395E-01  2.5692E-02
  4.4149E+01  1.4726E+02 -4.6506E-02  4.7655E-01  2.6366E-02  7.3449E-01  2.5704E-02
  4.4166E+01  1.4731E+02 -4.6534E-02  4.7699E-01  2.6377E-02  7.3503E-01  2.5716E-02
  4.4184E+01  1.4737E+02 -4.6561E-02  4.7744E-01  2.6389E-02  7.3558E-01  2.5728E-02
  4.4201E+01  1.4743E+02 -4.6589E-02  4.7788E-01  2.6400E-02  7.3612E-01  2.5740E-02
  4.4218E+01  1.4749E+02 -4.6617E-02  4.7833E-01  2.6411E-02  7.3666E-01  2.5752E-02
  4.4236E+01  1.4754E+02 -4.6644E-02  4.7877E-01  2.6422E-02  7.3720E-01  2.5763E-02
  4.4253E+01  1.4760E+02 -4.6672E-02  4.7922E-01  2.6434E-02  7.3775E-01  2.5775E-02
  4.4270E+01  1.4766E+02 -4.6699E-02  4.7966E-01  2.6445E-02  7.3829E-01  2.5787E-02
  4.4288E+01  1.4772E+02 -4.6727E-02  4.8011E-01  2.6456E-02  7.3884E-01  2.5799E-02
  4.4305E+01  1.4777E+02 -4.6754E-02  4.8055E-01  2.6467E-02  7.3938E-01  2.5810E-02
  4.4322E+01  1.4783E+02 -4.6782E-02  4.8100E-01  2.6479E-02  7.3993E-01  2.5822E-02
  4.4340E+01  1.4789E+02 -4.6809E-02  4.8145E-01  2.6490E-02  7.4047E-01  2.5834E-02
  4.4357E+01  1.4795E+02 -4.6837E-02  4.8190E-01  2.6501E-02  7.4101E-01  2.5846E-02
  4.4374E+01  1.4801E+02 -4.6864E-02  4.8234E-01  2.6512E-02  7.4155E-01  2.5857E-02
  4.4392E+01  1.4806E+02 -4.6892E-02  4.8279E-01  2.6523E-02  7.4210E-01  2.5869E-02
  4.4409E+01  1.4812E+02 -4.6920E-02  4.8324E-01  2.6535E-02  7.4264E-01  2.5881E-02
  4.4426E+01  1.4818E+02 -4.6947E-02  4.8369E-01  2.6546E-02  7.4319E-01  2.5893E-02
  4.4443E+01  1.4824E+02 -4.6975E-02  4.8413E-01  2.6557E-02  7.4373E-01  2.5904E-02
  4.4461E+01  1.4829E+02 -4.7002E-02  4.8458E-01  2.6568E-02  7.4428E-01  2.5916E-02
  4.4478E+01  1.4835E+02 -4.7030E-02  4.8503E-01  2.6579E-02  7.4482E-01  2.5928E-02
  4.4495E+01  1.4841E+02 -4.7058E-02  4.8548E-01  2.6590E-02  7.4537E-01  2.5939E-02
  4.4513E+01  1.4847E+02 -4.7085E-02  4.8592E-01  2.6601E-02  7.4591E-01  2.5951E-02
  4.4530E+01  1.4853E+02 -4.7113E-02  4.8638E-01  2.6612E-02  7.4645E-01  2.5963E-02
  4.4547E+01  1.4858E+02 -4.7140E-02  4.8682E-01  2.6623E-02  7.4699E-01  2.5974E-02
  4.4565E+01  1.4864E+02 -4.7168E-02  4.8727E-01  2.6635E-02  7.4754E-01  2.5986E-02
  4.4582E+01  1.4870E+02 -4.7195E-02  4.8772E-01  2.6646E-02  7.4808E-01  2.5997E-02
  4.4599E+01  1.4876E+02 -4.7223E-02  4.8817E-01  2.6657E-02  7.4862E-01  2.6009E-02
  4.4617E+01  1.4881E+02 -4.7250E-02  4.8862E-01  2.6668E-02  7.4917E-01  2.6020E-02
  4.4634E+01  1.4887E+02 -4.7278E-02  4.8907E-01  2.6679E-02  7.4971E-01  2.6032E-02
  4.4651E+01  1.4893E+02 -4.7305E-02  4.8952E-01  2.6690E-02  7.5026E-01  2.6043E-02
  4.4668E+01  1.4899E+02 -4.7333E-02  4.8997E-01  2.6701E-02  7.5080E-01  2.6055E-02
  4.4686E+01  1.4905E+02 -4.7361E-02  4.9042E-01  2.6712E-02  7.5135E-01  2.6066E-02
  4.4703E+01  1.4910E+02 -4.7388E-02  4.9087E-01  2.6723E-02  7.5189E-01  2.6078E-02
  4.4720E+01  1.4916E+02 -4.7416E-02  4.9132E-01  2.6734E-02  7.5244E-01  2.6089E-02
  4.4738E+01  1.4922E+02 -4.7443E-02  4.9177E-01  2.6744E-02  7.5298E-01  2.6101E-02
  4.4755E+01  1.4928E+02 -4.7471E-02  4.9223E-01  2.6901E-02  7.5484E-01  2.6259E-02
  4.4772E+01  1.4933E+02 -4.7509E-02  4.9278E-01  3.9656E-02  7.6148E-01  3.9217E-02
  4.4790E+01  1.4939E+02 -4.7571E-02  4.9359E-01  5.3624E-02  7.6202E-01  5.3300E-02
  4.4807E+01  1.4945E+02 -4.7655E-02  4.9462E-01  6.7496E-02  7.6253E-01  6.7240E-02
  4.4824E+01  1.4951E+02 -4.7764E-02  4.9592E-01  8.1594E-02  7.6304E-01  8.1383E-02
  4.4842E+01  1.4956E+02 -4.7895E-02  4.9744E-01  9.5574E-02  7.6353E-01  9.5395E-02
  4.4859E+01  1.4962E+02 -4.8051E-02  4.9922E-01  1.0978E-01  7.6399E-01  1.0963E-01
  4.4876E+01  1.4968E+02 -4.8229E-02  5.0122E-01  1.2387E-01  7.6442E-01  1.2374E-01
  4.4894E+01  1.4974E+02 -4.8433E-02  5.0350E-01  1.3820E-01  7.6483E-01  1.3808E-01
  4.4911E+01  1.4980E+02 -4.8657E-02  5.0599E-01  1.4851E-01  7.5742E-01  1.4840E-01
  4.4928E+01  1.4985E+02 -4.8890E-02  5.0857E-01  1.4852E-01  7.5779E-01  1.4841E-01
  4.4945E+01  1.4991E+02 -4.9120E-02  5.1112E-01  1.4853E-01  7.5816E-01  1.4843E-01
  4.4963E+01  1.4997E+02 -4.9353E-02  5.1370E-01  1.4854E-01  7.5853E-01  1.4844E-01
  4.4980E+01  1.5003E+02 -4.9583E-02  5.1625E-01  1.4855E-01  7.5890E-01  1.4845E-01
  4.4997E+01  1.5008E+02 -4.9814E-02  5.1880E-01  1.4856E-01  7.5928E-01  1.4846E-01
  4.5015E+01  1.5014E+02 -5.0047E-02  5.2139E-01  1.4857E-01  7.5965E-01  1.4847E-01
  4.5032E+01  1.5020E+02 -5.0277E-02  5.2394E-01  1.4858E-01  7.6002E-01  1.4848E-01
  4.5049E+01  1.5026E+02 -5.0510E-02  5.2652E-01  1.4859E-01  7.6040E-01  1.4849E-01
  4.5066E+01  1.5031E+02 -5.0740E-02  5.2907E-01  1.4860E-01  7.6078E-01  1.4850E-01
  4.5084E+01  1.5037E+02 -5.0973E-02  5.3166E-01  1.4861E-01  7.6116E-01  1.4851E-01
  4.5101E+01  1.5043E+02 -5.1204E-02  5.3421E-01  1.4862E-01  7.6153E-01  1.4852E-01
  4.5119E+01  1.5049E+02 -5.1437E-02  5.3679E-01  1.4863E-01  7.6191E-01  1.4853E-01
  4.5136E+01  1.5055E+02 -5.1667E-02  5.3934E-01  1.4864E-01  7.6229E-01  1.4854E-01
  4.5153E+01  1.5060E+02 -5.1900E-02  5.4193E-01  1.4865E-01  7.6267E-01  1.4855E-01
  4.5170E+01  1.5066E+02 -5.2130E-02  5.4448E-01  1.4866E-01  7.6305E-01  1.4857E-01
  4.5188E+01  1.5072E+02 -5.2363E-02  5.4707E-01  1.4867E-01  7.6343E-01  1.4858E-01
  4.5205E+01  1.5078E+02 -5.2594E-02  5.4962E-01  1.4868E-01  7.6381E-01  1.4859E-01
  4.5222E+01  1.5083E+02 -5.2827E-02  5.5220E-01  1.4869E-01  7.6420E-01  1.4860E-01
  4.5240E+01  1.5089E+02 -5.3057E-02  5.5476E-01  1.4870E-01  7.6458E-01  1.4861E-01
  4.5257E+01  1.5095E+02 -5.3290E-02  5.5734E-01  1.4871E-01  7.6497E-01  1.4862E-01
  4.5274E+01  1.5101E+02 -5.3520E-02  5.5990E-01  1.4872E-01  7.6535E-01  1.4863E-01
  4.5292E+01  1.5107E+02 -5.3753E-02  5.6248E-01  1.4873E-01  7.6574E-01  1.4864E-01
  4.5309E+01  1.5112E+02 -5.3984E-02  5.6504E-01  1.4874E-01  7.6612E-01  1.4865E-01
  4.5326E+01  1.5118E+02 -5.4217E-02  5.6762E-01  1.4875E-01  7.6651E-01  1.4866E-01
  4.5344E+01  1.5124E+02 -5.4447E-02  5.7018E-01  1.4876E-01  7.6690E-01  1.4867E-01
  4.5361E+01  1.5130E+02 -5.4680E-02  5.7276E-01  1.4877E-01  7.6729E-01  1.4868E-01
  4.5378E+01  1.5135E+02 -5.4910E-02  5.7532E-01  1.4877E-01  7.6767E-01  1.4869E-01
  4.5396E+01  1.5141E+02 -5.5143E-02  5.7790E-01  1.4878E-01  7.6807E-01  1.4870E-01
  4.5413E+01  1.5147E+02 -5.5373E-02  5.8046E-01  1.4879E-01  7.6845E-01  1.4871E-01
  4.5430E+01  1.5153E+02 -5.5604E-02  5.8302E-01  1.4880E-01  7.6884E-01  1.4872E-01
  4.5447E+01  1.5159E+02 -5.5837E-02  5.8560E-01  1.4881E-01  7.6924E-01  1.4873E-01
  4.5465E+01  1.5164E+02 -5.6067E-02  5.8816E-01  1.4882E-01  7.6963E-01  1.4874E-01
  4.5482E+01  1.5170E+02 -5.6300E-02  5.9075E-01  1.4883E-01  7.7002E-01  1.4875E-01
  4.5499E+01  1.5176E+02 -5.6530E-02  5.9330E-01  1.4884E-01  7.7041E-01  1.4876E-01
  4.5517E+01  1.5182E+02 -5.6763E-02  5.9589E-01  1.4885E-01  7.7081E-01  1.4877E-01
  4.5534E+01  1.5187E+02 -5.6994E-02  5.9845E-01  1.4886E-01  7.7120E-01  1.4878E-01
  4.5551E+01  1.5193E+02 -5.7227E-02  6.0104E-01  1.4887E-01  7.7160E-01  1.4879E-01
  4.5568E+01  1.5199E+02 -5.7457E-02  6.0359E-01  1.4887E-01  7.7199E-01  1.4880E-01
  4.5586E+01  1.5205E+02 -5.7690E-02  6.0618E-01  1.4888E-01  7.7239E-01  1.4880E-01
  4.5603E+01  1.5210E+02 -5.7920E-02  6.0874E-01  1.4889E-01  7.7278E-01  1.4881E-01
  4.5621E+01  1.5216E+02 -5.8153E-02  6.1133E-01  1.4890E-01  7.7318E-01  1.4882E-01
  4.5638E+01  1.5222E+02 -5.8384E-02  6.1388E-01  1.4891E-01  7.7358E-01  1.4883E-01
  4.5655E+01  1.5228E+02 -5.8617E-02  6.1647E-01  1.4892E-01  7.7398E-01  1.4884E-01
  4.5672E+01  1.5234E+02 -5.8847E-02  6.1903E-01  1.4893E-01  7.7438E-01  1.4885E-01
  4.5690E+01  1.5239E+02 -5.9080E-02  6.2162E-01  1.4894E-01  7.7478E-01  1.4886E-01
  4.5707E+01  1.5245E+02 -5.9310E-02  6.2418E-01  1.4895E-01  7.7518E-01  1.4887E-01
  4.5724E+01  1.5251E+02 -5.9543E-02  6.2677E-01  1.4895E-01  7.7558E-01  1.4888E-01
  4.5742E+01  1.5257E+02 -5.9774E-02  6.2933E-01  1.4896E-01  7.7598E-01  1.4889E-01
  4.5759E+01  1.5262E+02 -6.0007E-02  6.3192E-01  1.4897E-01  7.7638E-01  1.4890E-01
  4.5776E+01  1.5268E+02 -6.0237E-02  6.3448E-01  1.4898E-01  7.7678E-01  1.4891E-01
  4.5794E+01  1.5274E+02 -6.0470E-02  6.3707E-01  1.4899E-01  7.7719E-01  1.4892E-01
  4.5811E+01  1.5280E+02 -6.0700E-02  6.3963E-01  1.4900E-01  7.7759E-01  1.4892E-01
  4.5828E+01  1.5286E+02 -6.0930E-02  6.4219E-01  1.4901E-01  7.7799E-01  1.4893E-01
  4.5845E+01  1.5291E+02 -6.1163E-02  6.4478E-01  1.4901E-01  7.7839E-01  1.4894E-01
  4.5863E+01  1.5297E+02 -6.1394E-02  6.4734E-01  1.4902E-01  7.7880E-01  1.4895E-01
  4.5880E+01  1.5303E+02 -6.1627E-02  6.4993E-01  1.4903E-01  7.7920E-01  1.4896E-01
  4.5897E+01  1.5309E+02 -6.1857E-02  6.5249E-01  1.4904E-01  7.7961E-01  1.4897E-01
  4.5915E+01  1.5314E+02 -6.2090E-02  6.5508E-01  1.4905E-01  7.8001E-01  1.4898E-01
  4.5932E+01  1.5320E+02 -6.2320E-02  6.5764E-01  1.4906E-01  7.8042E-01  1.4899E-01
  4.5949E+01  1.5326E+02 -6.2553E-02  6.6023E-01  1.4906E-01  7.8083E-01  1.4900E-01
  4.5967E+01  1.5332E+02 -6.2784E-02  6.6279E-01  1.4907E-01  7.8123E-01  1.4900E-01
  4.5984E+01  1.5338E+02 -6.3017E-02  6.6538E-01  1.4908E-01  7.8164E-01  1.4901E-01
  4.6001E+01  1.5343E+02 -6.3247E-02  6.6794E-01  1.4909E-01  7.8205E-01  1.4902E-01
  4.6019E+01  1.5349E+02 -6.3480E-02  6.7054E-01  1.4910E-01  7.8246E-01  1.4903E-01
  4.6036E+01  1.5355E+02 -6.3710E-02  6.7310E-01  1.4911E-01  7.8287E-01  1.4904E-01
  4.6053E+01  1.5361E+02 -6.3943E-02  6.7569E-01  1.4911E-01  7.8328E-01  1.4905E-01
  4.6070E+01  1.5366E+02 -6.4174E-02  6.7825E-01  1.4912E-01  7.8369E-01  1.4906E-01
  4.6088E+01  1.5372E+02 -6.4407E-02  6.8085E-01  1.4913E-01  7.8410E-01  1.4907E-01
  4.6105E+01  1.5378E+02 -6.4637E-02  6.8341E-01  1.4914E-01  7.8451E-01  1.4907E-01
  4.6122E+01  1.5384E+02 -6.4870E-02  6.8600E-01  1.4915E-01  7.8492E-01  1.4908E-01
  4.6140E+01  1.5389E+02 -6.5100E-02  6.8856E-01  1.4915E-01  7.8533E-01  1.4909E-01
  4.6157E+01  1.5395E+02 -6.5333E-02  6.9116E-01  1.4916E-01  7.8575E-01  1.4910E-01
  4.6174E+01  1.5401E+02 -6.5564E-02  6.9372E-01  1.4917E-01  7.8616E-01  1.4911E-01
  4.6192E+01  1.5407E+02 -6.5797E-02  6.9631E-01  1.4918E-01  7.8657E-01  1.4912E-01
  4.6209E+01  1.5413E+02 -6.6027E-02  6.9888E-01  1.4919E-01  7.8698E-01  1.4912E-01
  4.6226E+01  1.5418E+02 -6.6260E-02  7.0147E-01  1.4919E-01  7.8740E-01  1.4913E-01
  4.6244E+01  1.5424E+02 -6.6490E-02  7.0403E-01  1.4920E-01  7.8781E-01  1.4914E-01
  4.6261E+01  1.5430E+02 -6.6720E-02  7.0660E-01  1.4921E-01  7.8822E-01  1.4915E-01
  4.6278E+01  1.5436E+02 -6.6953E-02  7.0919E-01  1.4922E-01  7.8864E-01  1.4916E-01
  4.6295E+01  1.5441E+02 -6.7184E-02  7.1175E-01  1.4923E-01  7.8906E-01  1.4917E-01
  4.6313E+01  1.5447E+02 -6.7417E-02  7.1435E-01  1.4923E-01  7.8948E-01  1.4917E-01
  4.6330E+01  1.5453E+02 -6.7647E-02  7.1691E-01  1.4924E-01  7.8989E-01  1.4918E-01
  4.6347E+01  1.5459E+02 -6.7880E-02  7.1951E-01  1.4925E-01  7.9031E-01  1.4919E-01
  4.6359E+01  1.5463E+02 -6.8037E-02  7.2126E-01  1.4925E-01  7.9059E-01  1.4920E-01
  4.6365E+01  1.5465E+02 -6.8110E-02  7.2207E-01  1.4926E-01  7.9072E-01  1.4920E-01
  4.6382E+01  1.5470E+02 -6.8343E-02  7.2467E-01  1.4926E-01  7.9114E-01  1.4921E-01
  4.6399E+01  1.5476E+02 -6.8574E-02  7.2723E-01  1.4927E-01  7.9156E-01  1.4921E-01
  4.6417E+01  1.5482E+02 -6.8807E-02  7.2983E-01  1.4928E-01  7.9198E-01  1.4922E-01
  4.6434E+01  1.5488E+02 -6.9037E-02  7.3239E-01  1.4929E-01  7.9240E-01  1.4923E-01
  4.6451E+01  1.5493E+02 -6.9270E-02  7.3499E-01  1.4929E-01  7.9282E-01  1.4924E-01
  4.6469E+01  1.5499E+02 -6.9500E-02  7.3755E-01  1.4930E-01  7.9324E-01  1.4925E-01
  4.6486E+01  1.5505E+02 -6.9733E-02  7.4015E-01  1.4931E-01  7.9366E-01  1.4925E-01
  4.6503E+01  1.5511E+02 -6.9963E-02  7.4271E-01  1.4932E-01  7.9408E-01  1.4926E-01
  4.6521E+01  1.5517E+02 -7.0197E-02  7.4531E-01  1.4932E-01  7.9450E-01  1.4927E-01
  4.6538E+01  1.5522E+02 -7.0427E-02  7.4788E-01  1.4933E-01  7.9492E-01  1.4928E-01
  4.6555E+01  1.5528E+02 -7.0660E-02  7.5047E-01  1.4934E-01  7.9534E-01  1.4929E-01
  4.6572E+01  1.5534E+02 -7.0890E-02  7.5304E-01  1.4935E-01  7.9576E-01  1.4929E-01
  4.6590E+01  1.5540E+02 -7.1123E-02  7.5564E-01  1.4935E-01  7.9618E-01  1.4930E-01
  4.6607E+01  1.5545E+02 -7.1353E-02  7.5820E-01  1.4936E-01  7.9660E-01  1.4931E-01
  4.6624E+01  1.5551E+02 -7.1586E-02  7.6080E-01  1.4937E-01  7.9703E-01  1.4932E-01
  4.6642E+01  1.5557E+02 -7.1818E-02  7.6338E-01  1.5297E-01  8.0571E-01  1.5291E-01
  4.6659E+01  1.5563E+02 -7.2066E-02  7.6613E-01  1.6415E-01  8.0611E-01  1.6410E-01
  4.6676E+01  1.5568E+02 -7.2329E-02  7.6905E-01  1.7524E-01  8.0647E-01  1.7520E-01
  4.6693E+01  1.5574E+02 -7.2611E-02  7.7215E-01  1.8638E-01  8.0680E-01  1.8633E-01
  4.6711E+01  1.5580E+02 -7.2914E-02  7.7549E-01  1.9769E-01  8.0710E-01  1.9765E-01
  4.6728E+01  1.5586E+02 -7.3232E-02  7.7899E-01  2.0893E-01  8.0736E-01  2.0889E-01
  4.6746E+01  1.5592E+02 -7.3572E-02  7.8272E-01  2.2035E-01  8.0759E-01  2.2031E-01
  4.6763E+01  1.5597E+02 -7.3927E-02  7.8660E-01  2.3169E-01  8.0778E-01  2.3165E-01
  4.6780E+01  1.5603E+02 -7.4304E-02  7.9073E-01  2.4322E-01  8.0792E-01  2.4319E-01
  4.6797E+01  1.5609E+02 -7.4692E-02  7.9497E-01  2.4714E-01  7.9932E-01  2.4711E-01
  4.6815E+01  1.5615E+02 -7.5085E-02  7.9927E-01  2.4715E-01  7.9946E-01  2.4712E-01
  4.6832E+01  1.5620E+02 -7.5474E-02  8.0351E-01  2.4716E-01  7.9960E-01  2.4713E-01
  4.6849E+01  1.5626E+02 -7.5867E-02  8.0781E-01  2.4716E-01  7.9975E-01  2.4714E-01
  4.6867E+01  1.5632E+02 -7.6256E-02  8.1206E-01  2.4717E-01  7.9989E-01  2.4714E-01
  4.6884E+01  1.5638E+02 -7.6649E-02  8.1636E-01  2.4718E-01  8.0004E-01  2.4715E-01
  4.6901E+01  1.5643E+02 -7.7038E-02  8.2061E-01  2.4719E-01  8.0019E-01  2.4716E-01
  4.6919E+01  1.5649E+02 -7.7431E-02  8.2491E-01  2.4719E-01  8.0034E-01  2.4716E-01
  4.6936E+01  1.5655E+02 -7.7820E-02  8.2915E-01  2.4720E-01  8.0050E-01  2.4717E-01
  4.6953E+01  1.5661E+02 -7.8214E-02  8.3345E-01  2.4721E-01  8.0065E-01  2.4718E-01
  4.6970E+01  1.5667E+02 -7.8602E-02  8.3770E-01  2.4721E-01  8.0081E-01  2.4719E-01
  4.6988E+01  1.5672E+02 -7.8996E-02  8.4200E-01  2.4722E-01  8.0097E-01  2.4719E-01
  4.7005E+01  1.5678E+02 -7.9384E-02  8.4625E-01  2.4723E-01  8.0113E-01  2.4720E-01
  4.7023E+01  1.5684E+02 -7.9778E-02  8.5055E-01  2.4723E-01  8.0129E-01  2.4721E-01
  4.7040E+01  1.5690E+02 -8.0166E-02  8.5480E-01  2.4724E-01  8.0145E-01  2.4721E-01
  4.7057E+01  1.5696E+02 -8.0560E-02  8.5910E-01  2.4725E-01  8.0162E-01  2.4722E-01
  4.7074E+01  1.5701E+02 -8.0948E-02  8.6335E-01  2.4725E-01  8.0178E-01  2.4723E-01
  4.7092E+01  1.5707E+02 -8.1337E-02  8.6760E-01  2.4726E-01  8.0195E-01  2.4723E-01
  4.7109E+01  1.5713E+02 -8.1731E-02  8.7190E-01  2.4727E-01  8.0212E-01  2.4724E-01
  4.7126E+01  1.5719E+02 -8.2119E-02  8.7615E-01  2.4727E-01  8.0229E-01  2.4725E-01
  4.7144E+01  1.5724E+02 -8.2513E-02  8.8045E-01  2.4728E-01  8.0247E-01  2.4725E-01
  4.7161E+01  1.5730E+02 -8.2901E-02  8.8470E-01  2.4729E-01  8.0264E-01  2.4726E-01
  4.7178E+01  1.5736E+02 -8.3294E-02  8.8899E-01  2.4512E-01  7.9641E-01  2.4509E-01
  4.7195E+01  1.5742E+02 -8.3672E-02  8.9313E-01  2.3619E-01  7.9661E-01  2.3616E-01
  4.7213E+01  1.5747E+02 -8.4040E-02  8.9716E-01  2.2711E-01  7.9686E-01  2.2708E-01
  4.7230E+01  1.5753E+02 -8.4388E-02  9.0098E-01  2.1810E-01  7.9714E-01  2.1807E-01
  4.7247E+01  1.5759E+02 -8.4726E-02  9.0470E-01  2.0894E-01  7.9744E-01  2.0891E-01
  4.7265E+01  1.5765E+02 -8.5046E-02  9.0821E-01  1.9986E-01  7.9777E-01  1.9983E-01
  4.7282E+01  1.5771E+02 -8.5354E-02  9.1160E-01  1.9063E-01  7.9813E-01  1.9060E-01
  4.7299E+01  1.5776E+02 -8.5643E-02  9.1480E-01  1.8147E-01  7.9850E-01  1.8144E-01
  4.7317E+01  1.5782E+02 -8.5921E-02  9.1788E-01  1.7218E-01  7.9890E-01  1.7215E-01
  4.7334E+01  1.5788E+02 -8.6184E-02  9.2078E-01  1.6828E-01  8.0606E-01  1.6825E-01
  4.7351E+01  1.5794E+02 -8.6448E-02  9.2371E-01  1.6829E-01  8.0646E-01  1.6825E-01
  4.7369E+01  1.5799E+02 -8.6709E-02  9.2660E-01  1.6829E-01  8.0687E-01  1.6826E-01
  4.7386E+01  1.5805E+02 -8.6973E-02  9.2953E-01  1.6830E-01  8.0727E-01  1.6827E-01
  4.7403E+01  1.5811E+02 -8.7234E-02  9.3242E-01  1.6831E-01  8.0768E-01  1.6827E-01
  4.7421E+01  1.5817E+02 -8.7498E-02  9.3535E-01  1.6831E-01  8.0808E-01  1.6828E-01
  4.7438E+01  1.5822E+02 -8.7759E-02  9.3824E-01  1.6832E-01  8.0849E-01  1.6829E-01
  4.7455E+01  1.5828E+02 -8.8023E-02  9.4117E-01  1.6832E-01  8.0890E-01  1.6829E-01
  4.7472E+01  1.5834E+02 -8.8284E-02  9.4406E-01  1.6833E-01  8.0930E-01  1.6830E-01
  4.7490E+01  1.5840E+02 -8.8548E-02  9.4699E-01  1.6834E-01  8.0971E-01  1.6830E-01
  4.7507E+01  1.5846E+02 -8.8809E-02  9.4988E-01  1.6834E-01  8.1011E-01  1.6831E-01
  4.7524E+01  1.5851E+02 -8.9070E-02  9.5277E-01  1.6835E-01  8.1052E-01  1.6832E-01
  4.7542E+01  1.5857E+02 -8.9334E-02  9.5570E-01  1.6835E-01  8.1093E-01  1.6832E-01
  4.7559E+01  1.5863E+02 -8.9595E-02  9.5859E-01  1.6836E-01  8.1133E-01  1.6833E-01
  4.7576E+01  1.5869E+02 -8.9860E-02  9.6152E-01  1.6837E-01  8.1174E-01  1.6834E-01
  4.7594E+01  1.5874E+02 -9.0121E-02  9.6441E-01  1.6837E-01  8.1214E-01  1.6834E-01
  4.7611E+01  1.5880E+02 -9.0385E-02  9.6734E-01  1.6838E-01  8.1255E-01  1.6835E-01
  4.7628E+01  1.5886E+02 -9.0646E-02  9.7024E-01  1.6838E-01  8.1296E-01  1.6835E-01
  4.7646E+01  1.5892E+02 -9.0910E-02  9.7317E-01  1.6839E-01  8.1337E-01  1.6836E-01
  4.7663E+01  1.5898E+02 -9.1171E-02  9.7606E-01  1.6840E-01  8.1378E-01  1.6837E-01
  4.7680E+01  1.5903E+02 -9.1435E-02  9.7899E-01  1.6840E-01  8.1419E-01  1.6837E-01
  4.7697E+01  1.5909E+02 -9.1696E-02  9.8188E-01  1.6841E-01  8.1459E-01  1.6838E-01
  4.7715E+01  1.5915E+02 -9.1960E-02  9.8481E-01  1.6841E-01  8.1500E-01  1.6838E-01
  4.7732E+01  1.5921E+02 -9.2221E-02  9.8770E-01  1.6842E-01  8.1541E-01  1.6839E-01
  4.7749E+01  1.5926E+02 -9.2485E-02  9.9063E-01  1.6843E-01  8.1582E-01  1.6840E-01
  4.7767E+01  1.5932E+02 -9.2746E-02  9.9353E-01  1.6843E-01  8.1623E-01  1.6840E-01
  4.7779E+01  1.5936E+02 -9.2934E-02  9.9561E-01  1.6844E-01  8.1652E-01  1.6841E-01
  4.7784E+01  1.5938E+02 -9.3010E-02  9.9646E-01  1.6844E-01  8.1664E-01  1.6841E-01
  4.7801E+01  1.5944E+02 -9.3271E-02  9.9935E-01  1.6844E-01  8.1704E-01  1.6841E-01
  4.7819E+01  1.5950E+02 -9.3535E-02  1.0023E+00  1.6845E-01  8.1746E-01  1.6842E-01
  4.7836E+01  1.5955E+02 -9.3796E-02  1.0052E+00  1.6845E-01  8.1786E-01  1.6843E-01
  4.7853E+01  1.5961E+02 -9.4061E-02  1.0081E+00  1.6846E-01  8.1827E-01  1.6843E-01
  4.7871E+01  1.5967E+02 -9.4321E-02  1.0110E+00  1.6847E-01  8.1868E-01  1.6844E-01
  4.7888E+01  1.5973E+02 -9.4586E-02  1.0139E+00  1.6847E-01  8.1909E-01  1.6844E-01
  4.7905E+01  1.5978E+02 -9.4847E-02  1.0168E+00  1.6848E-01  8.1950E-01  1.6845E-01
  4.7923E+01  1.5984E+02 -9.5111E-02  1.0198E+00  1.6848E-01  8.1991E-01  1.6846E-01
  4.7940E+01  1.5990E+02 -9.5372E-02  1.0227E+00  1.6851E-01  8.2060E-01  1.6848E-01
  4.7957E+01  1.5996E+02 -9.5639E-02  1.0256E+00  1.7723E-01  8.2927E-01  1.7720E-01
  4.7974E+01  1.6001E+02 -9.5926E-02  1.0288E+00  1.8742E-01  8.2963E-01  1.8740E-01
  4.7992E+01  1.6007E+02 -9.6225E-02  1.0321E+00  1.9753E-01  8.2997E-01  1.9751E-01
  4.8009E+01  1.6013E+02 -9.6545E-02  1.0356E+00  2.0780E-01  8.3028E-01  2.0777E-01
  4.8026E+01  1.6019E+02 -9.6878E-02  1.0393E+00  2.1797E-01  8.3056E-01  2.1795E-01
  4.8044E+01  1.6025E+02 -9.7231E-02  1.0432E+00  2.2831E-01  8.3081E-01  2.2829E-01
  4.8061E+01  1.6030E+02 -9.7596E-02  1.0472E+00  2.3856E-01  8.3103E-01  2.3854E-01
  4.8078E+01  1.6036E+02 -9.7983E-02  1.0514E+00  2.4898E-01  8.3122E-01  2.4896E-01
  4.8096E+01  1.6042E+02 -9.8381E-02  1.0558E+00  2.5722E-01  8.2264E-01  2.5721E-01
  4.8113E+01  1.6048E+02 -9.8790E-02  1.0602E+00  2.5723E-01  8.2272E-01  2.5722E-01
  4.8130E+01  1.6053E+02 -9.9193E-02  1.0647E+00  2.5724E-01  8.2290E-01  2.5722E-01
  4.8148E+01  1.6059E+02 -9.9602E-02  1.0691E+00  2.5724E-01  8.2308E-01  2.5723E-01
  4.8165E+01  1.6065E+02 -1.0001E-01  1.0736E+00  2.5725E-01  8.2327E-01  2.5723E-01
  4.8182E+01  1.6071E+02 -1.0041E-01  1.0780E+00  2.5725E-01  8.2346E-01  2.5724E-01
  4.8199E+01  1.6077E+02 -1.0082E-01  1.0825E+00  2.5726E-01  8.2365E-01  2.5724E-01
  4.8217E+01  1.6082E+02 -1.0123E-01  1.0869E+00  2.5726E-01  8.2384E-01  2.5725E-01
  4.8234E+01  1.6088E+02 -1.0163E-01  1.0914E+00  2.5727E-01  8.2403E-01  2.5725E-01
  4.8251E+01  1.6094E+02 -1.0204E-01  1.0958E+00  2.5728E-01  8.2423E-01  2.5726E-01
  4.8269E+01  1.6100E+02 -1.0244E-01  1.1002E+00  2.5728E-01  8.2442E-01  2.5726E-01
  4.8286E+01  1.6105E+02 -1.0285E-01  1.1047E+00  2.5729E-01  8.2462E-01  2.5727E-01
  4.8303E+01  1.6111E+02 -1.0325E-01  1.1091E+00  2.5729E-01  8.2482E-01  2.5728E-01
  4.8321E+01  1.6117E+02 -1.0366E-01  1.1136E+00  2.5730E-01  8.2502E-01  2.5728E-01
  4.8338E+01  1.6123E+02 -1.0407E-01  1.1180E+00  2.5730E-01  8.2522E-01  2.5729E-01
  4.8355E+01  1.6128E+02 -1.0447E-01  1.1225E+00  2.5731E-01  8.2542E-01  2.5729E-01
  4.8373E+01  1.6134E+02 -1.0488E-01  1.1269E+00  2.5731E-01  8.2563E-01  2.5730E-01
  4.8390E+01  1.6140E+02 -1.0528E-01  1.1314E+00  2.5732E-01  8.2583E-01  2.5730E-01
  4.8407E+01  1.6146E+02 -1.0569E-01  1.1358E+00  2.5732E-01  8.2604E-01  2.5731E-01
  4.8424E+01  1.6152E+02 -1.0609E-01  1.1403E+00  2.5733E-01  8.2625E-01  2.5731E-01
  4.8442E+01  1.6157E+02 -1.0650E-01  1.1447E+00  2.5733E-01  8.2646E-01  2.5732E-01
  4.8459E+01  1.6163E+02 -1.0691E-01  1.1492E+00  2.5734E-01  8.2667E-01  2.5732E-01
  4.8476E+01  1.6169E+02 -1.0731E-01  1.1536E+00  2.5734E-01  8.2689E-01  2.5733E-01
  4.8494E+01  1.6175E+02 -1.0772E-01  1.1581E+00  2.5735E-01  8.2710E-01  2.5733E-01
  4.8511E+01  1.6180E+02 -1.0813E-01  1.1625E+00  2.5735E-01  8.2732E-01  2.5734E-01
  4.8528E+01  1.6186E+02 -1.0853E-01  1.1670E+00  2.5736E-01  8.2754E-01  2.5734E-01
  4.8546E+01  1.6192E+02 -1.0894E-01  1.1714E+00  2.5736E-01  8.2776E-01  2.5735E-01
  4.8563E+01  1.6198E+02 -1.0934E-01  1.1759E+00  2.5737E-01  8.2798E-01  2.5735E-01
  4.8580E+01  1.6204E+02 -1.0975E-01  1.1803E+00  2.5737E-01  8.2820E-01  2.5736E-01
  4.8597E+01  1.6209E+02 -1.1015E-01  1.1848E+00  2.5738E-01  8.2842E-01  2.5736E-01
  4.8615E+01  1.6215E+02 -1.1056E-01  1.1892E+00  2.5738E-01  8.2865E-01  2.5737E-01
  4.8632E+01  1.6221E+02 -1.1097E-01  1.1937E+00  2.5739E-01  8.2888E-01  2.5737E-01
  4.8650E+01  1.6227E+02 -1.1137E-01  1.1981E+00  2.5739E-01  8.2911E-01  2.5738E-01
  4.8667E+01  1.6232E+02 -1.1178E-01  1.2026E+00  2.5740E-01  8.2934E-01  2.5738E-01
  4.8684E+01  1.6238E+02 -1.1218E-01  1.2070E+00  2.3730E-01  8.1088E-01  2.3729E-01
  4.8701E+01  1.6244E+02 -1.1248E-01  1.2103E+00  1.5294E-01  8.1141E-01  1.5292E-01
  4.8719E+01  1.6250E+02 -1.1265E-01  1.2123E+00  6.7373E-02  8.1190E-01  6.7325E-02
  4.8736E+01  1.6256E+02 -1.1268E-01  1.2127E+00  1.7505E-02  8.1235E-01 -1.7318E-02
  4.8753E+01  1.6261E+02 -1.1257E-01  1.2116E+00  1.0300E-01  8.1282E-01 -1.0297E-01
  4.8771E+01  1.6267E+02 -1.1233E-01  1.2091E+00  1.8749E-01  8.1332E-01 -1.8747E-01
  4.8788E+01  1.6273E+02 -1.1195E-01  1.2052E+00  2.7175E-01  8.1388E-01 -2.7174E-01
  4.8805E+01  1.6279E+02 -1.1143E-01  1.1997E+00  3.5672E-01  8.1456E-01 -3.5671E-01
  4.8822E+01  1.6284E+02 -1.1079E-01  1.1929E+00  4.4023E-01  8.1537E-01 -4.4023E-01
  4.8840E+01  1.6290E+02 -1.1002E-01  1.1847E+00  4.7696E-01  8.3002E-01 -4.7695E-01
  4.8857E+01  1.6296E+02 -1.0924E-01  1.1765E+00  4.7695E-01  8.2952E-01 -4.7694E-01
  4.8874E+01  1.6302E+02 -1.0846E-01  1.1682E+00  4.7695E-01  8.2904E-01 -4.7694E-01
  4.8892E+01  1.6307E+02 -1.0769E-01  1.1600E+00  4.7694E-01  8.2859E-01 -4.7693E-01
  4.8909E+01  1.6313E+02 -1.0690E-01  1.1517E+00  4.7694E-01  8.2816E-01 -4.7693E-01
  4.8926E+01  1.6319E+02 -1.0613E-01  1.1435E+00  4.7693E-01  8.2776E-01 -4.7692E-01
  4.8944E+01  1.6325E+02 -1.0535E-01  1.1353E+00  4.7693E-01  8.2737E-01 -4.7692E-01
  4.8961E+01  1.6331E+02 -1.0458E-01  1.1271E+00  4.7692E-01  8.2702E-01 -4.7691E-01
  4.8978E+01  1.6336E+02 -1.0379E-01  1.1188E+00  4.7692E-01  8.2668E-01 -4.7691E-01
  4.8996E+01  1.6342E+02 -1.0302E-01  1.1106E+00  4.7691E-01  8.2638E-01 -4.7690E-01
  4.9013E+01  1.6348E+02 -1.0224E-01  1.1023E+00  4.7690E-01  8.2609E-01 -4.7690E-01
  4.9030E+01  1.6354E+02 -1.0146E-01  1.0941E+00  4.7690E-01  8.2583E-01 -4.7689E-01
  4.9048E+01  1.6359E+02 -1.0068E-01  1.0858E+00  4.7689E-01  8.2559E-01 -4.7689E-01
  4.9065E+01  1.6365E+02 -9.9909E-02  1.0776E+00  4.7689E-01  8.2538E-01 -4.7688E-01
  4.9082E+01  1.6371E+02 -9.9126E-02  1.0693E+00  4.7688E-01  8.2520E-01 -4.7687E-01
  4.9099E+01  1.6377E+02 -9.8353E-02  1.0611E+00  4.7688E-01  8.2504E-01 -4.7687E-01
  4.9117E+01  1.6383E+02 -9.7571E-02  1.0528E+00  4.7687E-01  8.2490E-01 -4.7686E-01
  4.9134E+01  1.6388E+02 -9.6797E-02  1.0446E+00  4.7687E-01  8.2478E-01 -4.7686E-01
  4.9151E+01  1.6394E+02 -9.6015E-02  1.0363E+00  4.7686E-01  8.2469E-01 -4.7685E-01
  4.9169E+01  1.6400E+02 -9.5242E-02  1.0281E+00  4.7686E-01  8.2463E-01 -4.7685E-01
  4.9179E+01  1.6403E+02 -9.4770E-02  1.0231E+00  4.7685E-01  8.2460E-01 -4.7684E-01
  4.9186E+01  1.6406E+02 -9.4459E-02  1.0198E+00  4.7685E-01  8.2459E-01 -4.7684E-01
  4.9203E+01  1.6411E+02 -9.3686E-02  1.0116E+00  4.7685E-01  8.2457E-01 -4.7684E-01
  4.9221E+01  1.6417E+02 -9.2913E-02  1.0034E+00  4.7684E-01  8.2458E-01 -4.7683E-01
  4.9238E+01  1.6423E+02 -9.2130E-02  9.9513E-01  4.7683E-01  8.2461E-01 -4.7682E-01
  4.9255E+01  1.6429E+02 -9.1357E-02  9.8694E-01  4.7683E-01  8.2467E-01 -4.7682E-01
  4.9273E+01  1.6434E+02 -9.0575E-02  9.7864E-01  4.7682E-01  8.2475E-01 -4.7681E-01
  4.9290E+01  1.6440E+02 -8.9802E-02  9.7045E-01  4.7682E-01  8.2486E-01 -4.7681E-01
  4.9307E+01  1.6446E+02 -8.9019E-02  9.6215E-01  4.7681E-01  8.2499E-01 -4.7680E-01
  4.9324E+01  1.6452E+02 -8.8246E-02  9.5396E-01  4.7681E-01  8.2514E-01 -4.7679E-01
  4.9360E+01  1.6464E+02 -8.6647E-02  9.3701E-01  4.7679E-01  8.2554E-01 -4.7678E-01
