  3.3715E+00  1.1287E+01  1.1995E-03  2.6008E-01  4.1305E-02  5.9150E-01  3.4491E-02
  3.3828E+00  1.1324E+01  1.2053E-03  2.6047E-01  4.1343E-02  5.9121E-01  3.4567E-02
  3.3950E+00  1.1365E+01  1.2116E-03  2.6089E-01  4.1385E-02  5.9091E-01  3.4649E-02
  3.4074E+00  1.1406E+01  1.2179E-03  2.6132E-01  4.1427E-02  5.9059E-01  3.4731E-02
  3.4195E+00  1.1446E+01  1.2241E-03  2.6174E-01  4.1469E-02  5.9028E-01  3.4812E-02
  3.4317E+00  1.1487E+01  1.2303E-03  2.6216E-01  4.1510E-02  5.8997E-01  3.4892E-02
  3.4439E+00  1.1528E+01  1.2365E-03  2.6259E-01  4.1552E-02  5.8966E-01  3.4973E-02
  3.4560E+00  1.1568E+01  1.2428E-03  2.6301E-01  4.1593E-02  5.8934E-01  3.5053E-02
  3.4684E+00  1.1610E+01  1.2491E-03  2.6345E-01  4.1635E-02  5.8902E-01  3.5134E-02
  3.4806E+00  1.1650E+01  1.2553E-03  2.6388E-01  4.2957E-02  5.8659E-01  3.6768E-02
  3.4928E+00  1.1691E+01  1.2618E-03  2.6436E-01  4.7421E-02  5.8625E-01  4.1926E-02
  3.5049E+00  1.1731E+01  1.2685E-03  2.6490E-01  5.2023E-02  5.8594E-01  4.7094E-02
  3.5173E+00  1.1773E+01  1.2757E-03  2.6551E-01  5.6812E-02  5.8561E-01  5.2363E-02
  3.5295E+00  1.1813E+01  1.2830E-03  2.6618E-01  6.1606E-02  5.8530E-01  5.7555E-02
  3.5417E+00  1.1854E+01  1.2907E-03  2.6691E-01  6.6471E-02  5.8498E-01  6.2760E-02
  3.5538E+00  1.1894E+01  1.2986E-03  2.6771E-01  7.1396E-02  5.8466E-01  6.7979E-02
  3.5660E+00  1.1935E+01  1.3069E-03  2.6856E-01  7.6374E-02  5.8435E-01  7.3214E-02
  3.5784E+00  1.1976E+01  1.3156E-03  2.6950E-01  8.1068E-02  5.8550E-01  7.8107E-02
  3.5905E+00  1.2017E+01  1.3243E-03  2.7045E-01  8.1227E-02  5.8596E-01  7.8289E-02
  3.6027E+00  1.2058E+01  1.3330E-03  2.7141E-01  8.1277E-02  5.8565E-01  7.8365E-02
  3.6149E+00  1.2098E+01  1.3417E-03  2.7236E-01  8.1328E-02  5.8533E-01  7.8442E-02
  3.6273E+00  1.2139E+01  1.3505E-03  2.7333E-01  8.1379E-02  5.8500E-01  7.8519E-02
  3.6394E+00  1.2180E+01  1.3592E-03  2.7429E-01  8.1429E-02  5.8468E-01  7.8594E-02
  3.6516E+00  1.2221E+01  1.3679E-03  2.7524E-01  8.1480E-02  5.8436E-01  7.8670E-02
  3.6638E+00  1.2261E+01  1.3766E-03  2.7620E-01  8.1530E-02  5.8403E-01  7.8744E-02
  3.6760E+00  1.2302E+01  1.3853E-03  2.7716E-01  8.1580E-02  5.8370E-01  7.8819E-02
  3.6883E+00  1.2343E+01  1.3942E-03  2.7813E-01  8.1631E-02  5.8337E-01  7.8894E-02
  3.7005E+00  1.2384E+01  1.4029E-03  2.7909E-01  8.1681E-02  5.8304E-01  7.8968E-02
  3.7127E+00  1.2424E+01  1.4116E-03  2.8005E-01  8.1730E-02  5.8270E-01  7.9042E-02
  3.7248E+00  1.2465E+01  1.4203E-03  2.8101E-01  8.1780E-02  5.8237E-01  7.9115E-02
  3.7372E+00  1.2506E+01  1.4291E-03  2.8199E-01  8.1831E-02  5.8203E-01  7.9189E-02
  3.7494E+00  1.2547E+01  1.4378E-03  2.8296E-01  8.1880E-02  5.8169E-01  7.9262E-02
  3.7616E+00  1.2587E+01  1.4465E-03  2.8392E-01  8.1930E-02  5.8135E-01  7.9334E-02
  3.7737E+00  1.2628E+01  1.4552E-03  2.8488E-01  8.1980E-02  5.8101E-01  7.9406E-02
  3.7859E+00  1.2669E+01  1.4639E-03  2.8585E-01  8.2029E-02  5.8067E-01  7.9478E-02
  3.7983E+00  1.2710E+01  1.4728E-03  2.8683E-01  8.2079E-02  5.8032E-01  7.9551E-02
  3.8105E+00  1.2751E+01  1.4814E-03  2.8780E-01  8.2129E-02  5.7997E-01  7.9622E-02
  3.8226E+00  1.2791E+01  1.4901E-03  2.8877E-01  8.2178E-02  5.7963E-01  7.9693E-02
  3.8348E+00  1.2832E+01  1.4988E-03  2.8974E-01  8.2227E-02  5.7928E-01  7.9763E-02
  3.8472E+00  1.2873E+01  1.5077E-03  2.9073E-01  8.2277E-02  5.7892E-01  7.9835E-02
  3.8594E+00  1.2914E+01  1.5164E-03  2.9170E-01  8.2326E-02  5.7857E-01  7.9905E-02
  3.8715E+00  1.2954E+01  1.5251E-03  2.9267E-01  8.2375E-02  5.7822E-01  7.9975E-02
  3.8837E+00  1.2995E+01  1.5338E-03  2.9364E-01  8.1690E-02  5.7853E-01  7.9283E-02
  3.8959E+00  1.3035E+01  1.5424E-03  2.9460E-01  8.0418E-02  5.7817E-01  7.7990E-02
  3.9083E+00  1.3077E+01  1.5510E-03  2.9555E-01  7.9119E-02  5.7781E-01  7.6670E-02
  3.9204E+00  1.3117E+01  1.5595E-03  2.9648E-01  7.7840E-02  5.7745E-01  7.5368E-02
  3.9326E+00  1.3158E+01  1.5678E-03  2.9738E-01  7.6558E-02  5.7708E-01  7.4061E-02
  3.9448E+00  1.3199E+01  1.5760E-03  2.9828E-01  7.5272E-02  5.7672E-01  7.2751E-02
  3.9571E+00  1.3240E+01  1.5843E-03  2.9917E-01  7.3961E-02  5.7634E-01  7.1412E-02
  3.9693E+00  1.3280E+01  1.5924E-03  3.0003E-01  7.2670E-02  5.7598E-01  7.0093E-02
  3.9815E+00  1.3321E+01  1.6004E-03  3.0087E-01  7.1801E-02  5.7490E-01  6.9217E-02
  3.9937E+00  1.3362E+01  1.6084E-03  3.0172E-01  7.1848E-02  5.7453E-01  6.9283E-02
  4.0060E+00  1.3403E+01  1.6165E-03  3.0257E-01  7.1897E-02  5.7415E-01  6.9351E-02
  4.0182E+00  1.3444E+01  1.6244E-03  3.0342E-01  7.1944E-02  5.7377E-01  6.9418E-02
  4.0304E+00  1.3484E+01  1.6324E-03  3.0426E-01  7.1991E-02  5.7339E-01  6.9485E-02
  4.0426E+00  1.3525E+01  1.6404E-03  3.0511E-01  7.2038E-02  5.7302E-01  6.9551E-02
  4.0547E+00  1.3565E+01  1.6483E-03  3.0595E-01  7.2085E-02  5.7264E-01  6.9617E-02
  4.0671E+00  1.3607E+01  1.6564E-03  3.0681E-01  7.2133E-02  5.7225E-01  6.9684E-02
  4.0793E+00  1.3647E+01  1.6644E-03  3.0766E-01  7.2180E-02  5.7187E-01  6.9749E-02
  4.0891E+00  1.3680E+01  1.6709E-03  3.0835E-01  7.2218E-02  5.7156E-01  6.9802E-02
  4.0914E+00  1.3688E+01  1.6724E-03  3.0851E-01  7.2227E-02  5.7149E-01  6.9815E-02
  4.1036E+00  1.3728E+01  1.6803E-03  3.0936E-01  7.2274E-02  5.7110E-01  6.9880E-02
  4.1160E+00  1.3770E+01  1.6884E-03  3.1022E-01  7.2321E-02  5.7071E-01  6.9946E-02
  4.1282E+00  1.3810E+01  1.6964E-03  3.1107E-01  7.2368E-02  5.7032E-01  7.0011E-02
  4.1403E+00  1.3851E+01  1.7044E-03  3.1192E-01  7.2414E-02  5.6994E-01  7.0075E-02
  4.1525E+00  1.3892E+01  1.7123E-03  3.1278E-01  7.2461E-02  5.6955E-01  7.0139E-02
  4.1647E+00  1.3932E+01  1.7203E-03  3.1363E-01  7.2507E-02  5.6916E-01  7.0204E-02
  4.1771E+00  1.3973E+01  1.7284E-03  3.1450E-01  7.2555E-02  5.6876E-01  7.0269E-02
  4.1892E+00  1.4014E+01  1.7363E-03  3.1535E-01  7.2601E-02  5.6837E-01  7.0332E-02
  4.2014E+00  1.4055E+01  1.7443E-03  3.1621E-01  7.2647E-02  5.6797E-01  7.0396E-02
  4.2136E+00  1.4095E+01  1.7523E-03  3.1706E-01  7.2694E-02  5.6758E-01  7.0459E-02
  4.2260E+00  1.4137E+01  1.7604E-03  3.1794E-01  7.2741E-02  5.6718E-01  7.0523E-02
  4.2381E+00  1.4177E+01  1.7683E-03  3.1879E-01  7.2787E-02  5.6678E-01  7.0586E-02
  4.2503E+00  1.4218E+01  1.7763E-03  3.1965E-01  7.2833E-02  5.6638E-01  7.0648E-02
  4.2625E+00  1.4258E+01  1.7842E-03  3.2051E-01  7.2879E-02  5.6598E-01  7.0711E-02
  4.2746E+00  1.4299E+01  1.7922E-03  3.2137E-01  7.2925E-02  5.6558E-01  7.0773E-02
  4.2870E+00  1.4340E+01  1.8003E-03  3.2225E-01  7.2972E-02  5.6518E-01  7.0836E-02
  4.2992E+00  1.4381E+01  1.8083E-03  3.2311E-01  7.3017E-02  5.6477E-01  7.0898E-02
  4.3114E+00  1.4421E+01  1.8162E-03  3.2397E-01  7.3063E-02  5.6437E-01  7.0959E-02
  4.3235E+00  1.4462E+01  1.8242E-03  3.2483E-01  7.3109E-02  5.6397E-01  7.1021E-02
  4.3359E+00  1.4503E+01  1.8323E-03  3.2571E-01  7.3155E-02  5.6355E-01  7.1083E-02
  4.3481E+00  1.4544E+01  1.8402E-03  3.2658E-01  7.3201E-02  5.6315E-01  7.1144E-02
  4.3603E+00  1.4585E+01  1.8482E-03  3.2744E-01  7.3246E-02  5.6274E-01  7.1205E-02
  4.3724E+00  1.4625E+01  1.8562E-03  3.2831E-01  7.3292E-02  5.6233E-01  7.1266E-02
  4.3846E+00  1.4666E+01  1.8641E-03  3.2918E-01  7.3337E-02  5.6192E-01  7.1326E-02
  4.3970E+00  1.4707E+01  1.8722E-03  3.3006E-01  7.3383E-02  5.6151E-01  7.1387E-02
  4.4091E+00  1.4748E+01  1.8802E-03  3.3093E-01  7.3429E-02  5.6109E-01  7.1447E-02
  4.4213E+00  1.4788E+01  1.8881E-03  3.3179E-01  7.3474E-02  5.6068E-01  7.1507E-02
  4.4335E+00  1.4829E+01  1.8961E-03  3.3266E-01  7.3519E-02  5.6027E-01  7.1567E-02
  4.4459E+00  1.4870E+01  1.9042E-03  3.3355E-01  7.3565E-02  5.5985E-01  7.1628E-02
  4.4580E+00  1.4911E+01  1.9121E-03  3.3442E-01  7.3610E-02  5.5943E-01  7.1687E-02
  4.4702E+00  1.4951E+01  1.9201E-03  3.3529E-01  7.3655E-02  5.5902E-01  7.1746E-02
  4.4824E+00  1.4992E+01  1.9280E-03  3.3617E-01  7.3700E-02  5.5860E-01  7.1805E-02
  4.4946E+00  1.5033E+01  1.9360E-03  3.3704E-01  7.3745E-02  5.5818E-01  7.1864E-02
  4.5069E+00  1.5074E+01  1.9441E-03  3.3793E-01  7.3790E-02  5.5775E-01  7.1924E-02
  4.5191E+00  1.5114E+01  1.9520E-03  3.3880E-01  7.3835E-02  5.5733E-01  7.1982E-02
  4.5313E+00  1.5155E+01  1.9600E-03  3.3968E-01  7.3880E-02  5.5691E-01  7.2041E-02
  4.5435E+00  1.5196E+01  1.9679E-03  3.4055E-01  7.3925E-02  5.5649E-01  7.2099E-02
  4.5558E+00  1.5237E+01  1.9760E-03  3.4145E-01  7.3970E-02  5.5606E-01  7.2158E-02
  4.5680E+00  1.5278E+01  1.9840E-03  3.4232E-01  7.4015E-02  5.5563E-01  7.2216E-02
  4.5802E+00  1.5318E+01  1.9919E-03  3.4320E-01  7.4059E-02  5.5521E-01  7.2274E-02
  4.5923E+00  1.5359E+01  1.9999E-03  3.4408E-01  7.4103E-02  5.5478E-01  7.2331E-02
  4.6045E+00  1.5399E+01  2.0078E-03  3.4496E-01  7.4148E-02  5.5435E-01  7.2388E-02
  4.6169E+00  1.5441E+01  2.0159E-03  3.4586E-01  7.4193E-02  5.5392E-01  7.2447E-02
  4.6291E+00  1.5481E+01  2.0239E-03  3.4674E-01  7.4237E-02  5.5349E-01  7.2504E-02
  4.6412E+00  1.5522E+01  2.0318E-03  3.4762E-01  7.4281E-02  5.5306E-01  7.2560E-02
  4.6534E+00  1.5562E+01  2.0398E-03  3.4850E-01  7.4326E-02  5.5263E-01  7.2617E-02
  4.6658E+00  1.5604E+01  2.0478E-03  3.4940E-01  7.4370E-02  5.5219E-01  7.2675E-02
  4.6780E+00  1.5644E+01  2.0558E-03  3.5028E-01  7.4414E-02  5.5176E-01  7.2731E-02
  4.6901E+00  1.5685E+01  2.0637E-03  3.5117E-01  7.4458E-02  5.5132E-01  7.2787E-02
  4.7023E+00  1.5726E+01  2.0717E-03  3.5205E-01  7.4502E-02  5.5089E-01  7.2843E-02
  4.7145E+00  1.5766E+01  2.0796E-03  3.5294E-01  7.4546E-02  5.5045E-01  7.2899E-02
  4.7269E+00  1.5807E+01  2.0877E-03  3.5384E-01  7.4591E-02  5.5001E-01  7.2956E-02
  4.7390E+00  1.5848E+01  2.0957E-03  3.5473E-01  7.4634E-02  5.4958E-01  7.3011E-02
  4.7512E+00  1.5889E+01  2.1036E-03  3.5562E-01  7.4678E-02  5.4914E-01  7.3067E-02
  4.7634E+00  1.5929E+01  2.1116E-03  3.5650E-01  7.4722E-02  5.4870E-01  7.3122E-02
  4.7757E+00  1.5971E+01  2.1196E-03  3.5741E-01  7.4766E-02  5.4826E-01  7.3178E-02
  4.7879E+00  1.6011E+01  2.1276E-03  3.5830E-01  7.4809E-02  5.4782E-01  7.3233E-02
  4.8001E+00  1.6052E+01  2.1355E-03  3.5919E-01  7.4853E-02  5.4738E-01  7.3288E-02
  4.8123E+00  1.6092E+01  2.1435E-03  3.6008E-01  7.4896E-02  5.4694E-01  7.3342E-02
  4.8244E+00  1.6133E+01  2.1514E-03  3.6097E-01  7.4940E-02  5.4650E-01  7.3397E-02
  4.8368E+00  1.6174E+01  2.1595E-03  3.6188E-01  7.4984E-02  5.4605E-01  7.3452E-02
  4.8490E+00  1.6215E+01  2.1674E-03  3.6277E-01  7.5027E-02  5.4561E-01  7.3506E-02
  4.8612E+00  1.6255E+01  2.1754E-03  3.6367E-01  7.5070E-02  5.4516E-01  7.3560E-02
  4.8733E+00  1.6296E+01  2.1833E-03  3.6456E-01  7.5113E-02  5.4472E-01  7.3614E-02
  4.8857E+00  1.6337E+01  2.1914E-03  3.6547E-01  7.5157E-02  5.4427E-01  7.3669E-02
  4.8979E+00  1.6378E+01  2.1993E-03  3.6637E-01  7.5200E-02  5.4382E-01  7.3723E-02
  4.9100E+00  1.6419E+01  2.2073E-03  3.6727E-01  7.5243E-02  5.4338E-01  7.3776E-02
  4.9222E+00  1.6459E+01  2.2152E-03  3.6816E-01  7.5286E-02  5.4293E-01  7.3829E-02
  4.9346E+00  1.6500E+01  2.2233E-03  3.6908E-01  7.5329E-02  5.4248E-01  7.3884E-02
  4.9468E+00  1.6541E+01  2.2312E-03  3.6997E-01  7.5372E-02  5.4203E-01  7.3937E-02
  4.9589E+00  1.6582E+01  2.2392E-03  3.7087E-01  7.5415E-02  5.4158E-01  7.3990E-02
  4.9711E+00  1.6622E+01  2.2471E-03  3.7177E-01  7.5457E-02  5.4113E-01  7.4042E-02
  4.9833E+00  1.6663E+01  2.2550E-03  3.7267E-01  7.5500E-02  5.4068E-01  7.4095E-02
  4.9957E+00  1.6704E+01  2.2631E-03  3.7359E-01  7.5543E-02  5.4023E-01  7.4148E-02
  5.0078E+00  1.6745E+01  2.2710E-03  3.7449E-01  7.5586E-02  5.3978E-01  7.4201E-02
  5.0101E+00  1.6752E+01  2.2725E-03  3.7466E-01  7.5594E-02  5.3969E-01  7.4211E-02
  5.0200E+00  1.6785E+01  2.2790E-03  3.7539E-01  7.5628E-02  5.3933E-01  7.4253E-02
  5.0322E+00  1.6826E+01  2.2869E-03  3.7630E-01  7.5670E-02  5.3887E-01  7.4305E-02
  5.0446E+00  1.6867E+01  2.2950E-03  3.7722E-01  7.5713E-02  5.3841E-01  7.4358E-02
  5.0567E+00  1.6908E+01  2.3029E-03  3.7812E-01  7.5756E-02  5.3796E-01  7.4410E-02
  5.0689E+00  1.6948E+01  2.3108E-03  3.7903E-01  7.5798E-02  5.3751E-01  7.4462E-02
  5.0811E+00  1.6989E+01  2.3187E-03  3.7993E-01  7.5840E-02  5.3706E-01  7.4513E-02
  5.0932E+00  1.7030E+01  2.3267E-03  3.8084E-01  7.5882E-02  5.3660E-01  7.4565E-02
  5.1056E+00  1.7071E+01  2.3347E-03  3.8176E-01  7.5925E-02  5.3614E-01  7.4617E-02
  5.1178E+00  1.7112E+01  2.3427E-03  3.8267E-01  7.5967E-02  5.3568E-01  7.4668E-02
  5.1300E+00  1.7152E+01  2.3506E-03  3.8357E-01  7.6009E-02  5.3523E-01  7.4719E-02
  5.1421E+00  1.7193E+01  2.3585E-03  3.8448E-01  7.6051E-02  5.3477E-01  7.4770E-02
  5.1545E+00  1.7234E+01  2.3666E-03  3.8541E-01  7.6093E-02  5.3431E-01  7.4822E-02
  5.1667E+00  1.7275E+01  2.3745E-03  3.8632E-01  7.6135E-02  5.3385E-01  7.4872E-02
  5.1789E+00  1.7315E+01  2.3824E-03  3.8723E-01  7.5940E-02  5.3431E-01  7.4678E-02
  5.1910E+00  1.7356E+01  2.3903E-03  3.8813E-01  7.4536E-02  5.3394E-01  7.3257E-02
  5.2032E+00  1.7396E+01  2.3980E-03  3.8901E-01  7.3121E-02  5.3348E-01  7.1825E-02
  5.2156E+00  1.7438E+01  2.4058E-03  3.8989E-01  7.1679E-02  5.3302E-01  7.0365E-02
  5.2278E+00  1.7478E+01  2.4133E-03  3.9073E-01  7.0259E-02  5.3255E-01  6.8926E-02
  5.2399E+00  1.7519E+01  2.4207E-03  3.9156E-01  6.8836E-02  5.3209E-01  6.7484E-02
  5.2521E+00  1.7560E+01  2.4280E-03  3.9238E-01  6.7412E-02  5.3163E-01  6.6038E-02
  5.2645E+00  1.7601E+01  2.4353E-03  3.9318E-01  6.5961E-02  5.3116E-01  6.4565E-02
  5.2766E+00  1.7641E+01  2.4423E-03  3.9396E-01  6.4557E-02  5.3050E-01  6.3139E-02
  5.2888E+00  1.7682E+01  2.4493E-03  3.9472E-01  6.4452E-02  5.2918E-01  6.3044E-02
  5.3010E+00  1.7723E+01  2.4563E-03  3.9549E-01  6.4492E-02  5.2871E-01  6.3094E-02
  5.3132E+00  1.7763E+01  2.4633E-03  3.9626E-01  6.4533E-02  5.2825E-01  6.3143E-02
  5.3255E+00  1.7805E+01  2.4704E-03  3.9704E-01  6.4574E-02  5.2777E-01  6.3193E-02
  5.3377E+00  1.7845E+01  2.4774E-03  3.9781E-01  6.4614E-02  5.2731E-01  6.3242E-02
  5.3499E+00  1.7886E+01  2.4844E-03  3.9858E-01  6.4654E-02  5.2684E-01  6.3291E-02
  5.3621E+00  1.7926E+01  2.4914E-03  3.9935E-01  6.4695E-02  5.2637E-01  6.3340E-02
  5.3744E+00  1.7968E+01  2.4985E-03  4.0013E-01  6.4735E-02  5.2590E-01  6.3389E-02
  5.3866E+00  1.8008E+01  2.5055E-03  4.0090E-01  6.4775E-02  5.2543E-01  6.3438E-02
  5.3988E+00  1.8049E+01  2.5125E-03  4.0167E-01  6.4816E-02  5.2496E-01  6.3486E-02
  5.4109E+00  1.8089E+01  2.5195E-03  4.0244E-01  6.4856E-02  5.2450E-01  6.3535E-02
  5.4231E+00  1.8130E+01  2.5264E-03  4.0322E-01  6.4896E-02  5.2403E-01  6.3583E-02
  5.4355E+00  1.8171E+01  2.5335E-03  4.0400E-01  6.4936E-02  5.2356E-01  6.3632E-02
  5.4477E+00  1.8212E+01  2.5405E-03  4.0478E-01  6.4976E-02  5.2309E-01  6.3680E-02
  5.4598E+00  1.8253E+01  2.5475E-03  4.0555E-01  6.5016E-02  5.2262E-01  6.3728E-02
  5.4720E+00  1.8293E+01  2.5545E-03  4.0633E-01  6.5056E-02  5.2215E-01  6.3776E-02
  5.4844E+00  1.8334E+01  2.5616E-03  4.0712E-01  6.5096E-02  5.2168E-01  6.3824E-02
  5.4966E+00  1.8375E+01  2.5686E-03  4.0789E-01  6.5136E-02  5.2121E-01  6.3872E-02
  5.5087E+00  1.8416E+01  2.5756E-03  4.0867E-01  6.5175E-02  5.2074E-01  6.3920E-02
  5.5209E+00  1.8456E+01  2.5826E-03  4.0945E-01  6.5215E-02  5.2028E-01  6.3967E-02
  5.5331E+00  1.8497E+01  2.5895E-03  4.1022E-01  6.5254E-02  5.1981E-01  6.4014E-02
  5.5455E+00  1.8538E+01  2.5966E-03  4.1101E-01  6.5295E-02  5.1933E-01  6.4062E-02
  5.5576E+00  1.8579E+01  2.6036E-03  4.1179E-01  6.5334E-02  5.1886E-01  6.4110E-02
  5.5698E+00  1.8619E+01  2.6106E-03  4.1257E-01  6.5373E-02  5.1840E-01  6.4157E-02
  5.5820E+00  1.8660E+01  2.6175E-03  4.1335E-01  6.3366E-02  5.2168E-01  6.2098E-02
  5.5944E+00  1.8701E+01  2.6243E-03  4.1408E-01  5.8362E-02  5.2120E-01  5.6991E-02
  5.6065E+00  1.8742E+01  2.6305E-03  4.1475E-01  5.3454E-02  5.2073E-01  5.1962E-02
  5.6187E+00  1.8782E+01  2.6363E-03  4.1535E-01  4.8565E-02  5.2025E-01  4.6924E-02
  5.6309E+00  1.8823E+01  2.6418E-03  4.1589E-01  4.3702E-02  5.1978E-01  4.1880E-02
  5.6430E+00  1.8864E+01  2.6468E-03  4.1636E-01  3.8881E-02  5.1930E-01  3.6829E-02
  5.6554E+00  1.8905E+01  2.6515E-03  4.1679E-01  3.4040E-02  5.1882E-01  3.1686E-02
  5.6676E+00  1.8946E+01  2.6558E-03  4.1714E-01  2.9378E-02  5.1834E-01  2.6625E-02
  5.6798E+00  1.8986E+01  2.6597E-03  4.1744E-01  2.5633E-02  5.1432E-01  2.2483E-02
  5.6919E+00  1.9027E+01  2.6634E-03  4.1771E-01  2.5643E-02  5.1356E-01  2.2509E-02
  5.7043E+00  1.9068E+01  2.6672E-03  4.1799E-01  2.5675E-02  5.1307E-01  2.2556E-02
  5.7165E+00  1.9109E+01  2.6709E-03  4.1826E-01  2.5706E-02  5.1260E-01  2.2602E-02
  5.7287E+00  1.9149E+01  2.6746E-03  4.1854E-01  2.5737E-02  5.1212E-01  2.2648E-02
  5.7408E+00  1.9190E+01  2.6783E-03  4.1881E-01  2.5768E-02  5.1165E-01  2.2693E-02
  5.7530E+00  1.9230E+01  2.6820E-03  4.1909E-01  2.5799E-02  5.1117E-01  2.2739E-02
  5.7654E+00  1.9272E+01  2.6858E-03  4.1937E-01  2.5831E-02  5.1069E-01  2.2786E-02
  5.7775E+00  1.9312E+01  2.6895E-03  4.1965E-01  2.5862E-02  5.1022E-01  2.2832E-02
  5.7897E+00  1.9353E+01  2.6933E-03  4.1992E-01  2.5894E-02  5.0975E-01  2.2877E-02
  5.8019E+00  1.9394E+01  2.6970E-03  4.2020E-01  2.5925E-02  5.0927E-01  2.2923E-02
  5.8143E+00  1.9435E+01  2.7008E-03  4.2049E-01  2.5957E-02  5.0879E-01  2.2969E-02
  5.8264E+00  1.9475E+01  2.7045E-03  4.2076E-01  2.5988E-02  5.0832E-01  2.3014E-02
  5.8386E+00  1.9516E+01  2.7082E-03  4.2104E-01  2.6019E-02  5.0785E-01  2.3060E-02
  5.8508E+00  1.9557E+01  2.7119E-03  4.2132E-01  2.6050E-02  5.0738E-01  2.3105E-02
  5.8632E+00  1.9598E+01  2.7157E-03  4.2161E-01  2.6082E-02  5.0691E-01  2.3151E-02
  5.8753E+00  1.9639E+01  2.7194E-03  4.2189E-01  2.6113E-02  5.0644E-01  2.3196E-02
  5.8875E+00  1.9679E+01  2.7231E-03  4.2217E-01  2.6145E-02  5.0597E-01  2.3241E-02
  5.8997E+00  1.9720E+01  2.7268E-03  4.2246E-01  2.6176E-02  5.0550E-01  2.3286E-02
  5.9118E+00  1.9760E+01  2.7306E-03  4.2274E-01  2.6207E-02  5.0503E-01  2.3331E-02
  5.9242E+00  1.9802E+01  2.7343E-03  4.2303E-01  2.6239E-02  5.0456E-01  2.3376E-02
  5.9364E+00  1.9842E+01  2.7381E-03  4.2331E-01  2.6270E-02  5.0409E-01  2.3421E-02
  5.9486E+00  1.9883E+01  2.7418E-03  4.2360E-01  2.6301E-02  5.0363E-01  2.3466E-02
  5.9607E+00  1.9923E+01  2.7455E-03  4.2388E-01  2.6333E-02  5.0316E-01  2.3510E-02
  5.9731E+00  1.9965E+01  2.7493E-03  4.2417E-01  2.6364E-02  5.0269E-01  2.3556E-02
  5.9853E+00  2.0005E+01  2.7530E-03  4.2446E-01  2.6396E-02  5.0223E-01  2.3600E-02
  5.9975E+00  2.0046E+01  2.7567E-03  4.2475E-01  2.6427E-02  5.0176E-01  2.3644E-02
  6.0096E+00  2.0087E+01  2.7604E-03  4.2503E-01  2.6458E-02  5.0130E-01  2.3689E-02
  6.0218E+00  2.0127E+01  2.7641E-03  4.2532E-01  2.6489E-02  5.0084E-01  2.3733E-02
  6.0342E+00  2.0168E+01  2.7679E-03  4.2562E-01  2.6521E-02  5.0037E-01  2.3778E-02
  6.0464E+00  2.0209E+01  2.7716E-03  4.2590E-01  2.6552E-02  4.9991E-01  2.3822E-02
  6.0585E+00  2.0250E+01  2.7754E-03  4.2619E-01  2.6584E-02  4.9945E-01  2.3866E-02
  6.0707E+00  2.0290E+01  2.7791E-03  4.2648E-01  2.6615E-02  4.9899E-01  2.3910E-02
  6.0831E+00  2.0332E+01  2.7829E-03  4.2678E-01  2.6647E-02  4.9853E-01  2.3955E-02
  6.0952E+00  2.0372E+01  2.7866E-03  4.2707E-01  2.6678E-02  4.9807E-01  2.3998E-02
  6.1074E+00  2.0413E+01  2.7903E-03  4.2736E-01  2.6709E-02  4.9761E-01  2.4042E-02
  6.1196E+00  2.0453E+01  2.7940E-03  4.2766E-01  2.6740E-02  4.9715E-01  2.4086E-02
  6.1318E+00  2.0494E+01  2.7977E-03  4.2795E-01  2.6772E-02  4.9670E-01  2.4129E-02
  6.1441E+00  2.0535E+01  2.8015E-03  4.2825E-01  2.6804E-02  4.9623E-01  2.4174E-02
  6.1563E+00  2.0576E+01  2.8052E-03  4.2854E-01  2.6835E-02  4.9578E-01  2.4217E-02
  6.1685E+00  2.0616E+01  2.8089E-03  4.2883E-01  2.6866E-02  4.9532E-01  2.4261E-02
  6.1807E+00  2.0657E+01  2.8126E-03  4.2913E-01  2.6897E-02  4.9487E-01  2.4304E-02
  6.1930E+00  2.0698E+01  2.8164E-03  4.2943E-01  2.6929E-02  4.9441E-01  2.4348E-02
  6.2052E+00  2.0739E+01  2.8201E-03  4.2973E-01  2.6960E-02  4.9396E-01  2.4391E-02
  6.2174E+00  2.0780E+01  2.8239E-03  4.3002E-01  2.6991E-02  4.9351E-01  2.4435E-02
  6.2295E+00  2.0820E+01  2.8276E-03  4.3032E-01  2.7023E-02  4.9306E-01  2.4478E-02
  6.2417E+00  2.0861E+01  2.8313E-03  4.3062E-01  2.7054E-02  4.9261E-01  2.4521E-02
  6.2541E+00  2.0902E+01  2.8351E-03  4.3092E-01  2.7086E-02  4.9215E-01  2.4564E-02
  6.2663E+00  2.0943E+01  2.8388E-03  4.3122E-01  2.7117E-02  4.9170E-01  2.4607E-02
  6.2784E+00  2.0983E+01  2.8425E-03  4.3152E-01  2.7148E-02  4.9125E-01  2.4650E-02
  6.2906E+00  2.1024E+01  2.8462E-03  4.3182E-01  2.7179E-02  4.9081E-01  2.4693E-02
  6.3030E+00  2.1065E+01  2.8500E-03  4.3212E-01  2.7211E-02  4.9035E-01  2.4736E-02
  6.3152E+00  2.1106E+01  2.8537E-03  4.3242E-01  2.7242E-02  4.8991E-01  2.4779E-02
  6.3273E+00  2.1146E+01  2.8574E-03  4.3273E-01  2.7273E-02  4.8946E-01  2.4821E-02
  6.3395E+00  2.1187E+01  2.8611E-03  4.3303E-01  2.7305E-02  4.8902E-01  2.4864E-02
  6.3517E+00  2.1228E+01  2.8648E-03  4.3333E-01  2.7336E-02  4.8858E-01  2.4906E-02
  6.3641E+00  2.1269E+01  2.8686E-03  4.3364E-01  2.7367E-02  4.8813E-01  2.4949E-02
  6.3762E+00  2.1309E+01  2.8723E-03  4.3394E-01  2.7399E-02  4.8768E-01  2.4992E-02
  6.3884E+00  2.1350E+01  2.8760E-03  4.3424E-01  2.7405E-02  4.8750E-01  2.5004E-02
  6.4006E+00  2.1391E+01  2.8796E-03  4.3453E-01  2.4390E-02  4.8985E-01  2.1633E-02
  6.4130E+00  2.1432E+01  2.8830E-03  4.3477E-01  2.0900E-02  4.8940E-01  1.7616E-02
  6.4251E+00  2.1473E+01  2.8859E-03  4.3496E-01  1.7688E-02  4.8896E-01  1.3664E-02
  6.4373E+00  2.1513E+01  2.8885E-03  4.3510E-01  1.4838E-02  4.8852E-01  9.7116E-03
  6.4495E+00  2.1554E+01  2.8908E-03  4.3520E-01  1.2599E-02  4.8808E-01  5.7576E-03
  6.4616E+00  2.1594E+01  2.8928E-03  4.3524E-01  1.1339E-02  4.8764E-01  1.8030E-03
  6.4740E+00  2.1636E+01  2.8945E-03  4.3524E-01  1.1403E-02  4.8720E-01 -2.2200E-03
  6.4862E+00  2.1676E+01  2.8958E-03  4.3519E-01  1.2768E-02  4.8676E-01 -6.1745E-03
  6.4984E+00  2.1717E+01  2.8969E-03  4.3510E-01  1.3472E-02  4.8328E-01 -7.6363E-03
  6.5105E+00  2.1757E+01  2.8979E-03  4.3501E-01  1.3442E-02  4.8285E-01 -7.5946E-03
  6.5229E+00  2.1799E+01  2.8990E-03  4.3491E-01  1.3412E-02  4.8241E-01 -7.5523E-03
  6.5351E+00  2.1839E+01  2.9000E-03  4.3482E-01  1.3382E-02  4.8198E-01 -7.5108E-03
  6.5473E+00  2.1880E+01  2.9011E-03  4.3473E-01  1.3353E-02  4.8155E-01 -7.4693E-03
  6.5594E+00  2.1921E+01  2.9021E-03  4.3464E-01  1.3323E-02  4.8113E-01 -7.4279E-03
  6.5716E+00  2.1961E+01  2.9032E-03  4.3455E-01  1.3294E-02  4.8070E-01 -7.3865E-03
  6.5821E+00  2.1996E+01  2.9041E-03  4.3447E-01  1.3269E-02  4.8033E-01 -7.3509E-03
  6.5840E+00  2.2002E+01  2.9042E-03  4.3446E-01  1.3264E-02  4.8027E-01 -7.3444E-03
  6.5961E+00  2.2043E+01  2.9053E-03  4.3437E-01  1.3235E-02  4.7984E-01 -7.3031E-03
  6.6083E+00  2.2084E+01  2.9063E-03  4.3428E-01  1.3206E-02  4.7942E-01 -7.2619E-03
  6.6205E+00  2.2124E+01  2.9074E-03  4.3419E-01  1.3177E-02  4.7900E-01 -7.2207E-03
  6.6329E+00  2.2166E+01  2.9084E-03  4.3410E-01  1.3148E-02  4.7857E-01 -7.1789E-03
  6.6450E+00  2.2206E+01  2.9095E-03  4.3401E-01  1.3120E-02  4.7815E-01 -7.1378E-03
  6.6572E+00  2.2247E+01  2.9105E-03  4.3393E-01  1.3091E-02  4.7773E-01 -7.0967E-03
  6.6694E+00  2.2287E+01  2.9116E-03  4.3384E-01  1.3063E-02  4.7731E-01 -7.0558E-03
  6.6816E+00  2.2328E+01  2.9126E-03  4.3375E-01  1.3034E-02  4.7690E-01 -7.0148E-03
  6.6939E+00  2.2369E+01  2.9137E-03  4.3367E-01  1.3006E-02  4.7648E-01 -6.9732E-03
  6.7061E+00  2.2410E+01  2.9147E-03  4.3358E-01  1.2978E-02  4.7606E-01 -6.9324E-03
  6.7183E+00  2.2450E+01  2.9158E-03  4.3350E-01  1.2950E-02  4.7565E-01 -6.8916E-03
  6.7304E+00  2.2491E+01  2.9168E-03  4.3342E-01  1.2922E-02  4.7524E-01 -6.8509E-03
  6.7428E+00  2.2532E+01  2.9179E-03  4.3333E-01  1.2893E-02  4.7482E-01 -6.8095E-03
  6.7550E+00  2.2573E+01  2.9189E-03  4.3325E-01  1.2866E-02  4.7441E-01 -6.7689E-03
  6.7672E+00  2.2614E+01  2.9199E-03  4.3317E-01  1.2838E-02  4.7400E-01 -6.7283E-03
  6.7793E+00  2.2654E+01  2.9210E-03  4.3308E-01  1.2811E-02  4.7360E-01 -6.6878E-03
  6.7917E+00  2.2695E+01  2.9221E-03  4.3300E-01  1.2747E-02  4.7296E-01 -6.5854E-03
  6.8039E+00  2.2736E+01  2.9231E-03  4.3292E-01  1.2429E-02  4.7181E-01 -5.9906E-03
  6.8161E+00  2.2777E+01  2.9242E-03  4.3285E-01  1.2841E-02  4.7266E-01 -6.7701E-03
  6.8282E+00  2.2817E+01  2.9246E-03  4.3267E-01  3.0185E-02  4.8387E-01 -2.8042E-02
  6.8404E+00  2.2858E+01  2.9229E-03  4.3219E-01  4.6036E-02  4.6773E-01 -4.4754E-02
  6.8528E+00  2.2899E+01  2.9214E-03  4.3173E-01  2.7948E-02  4.6157E-01 -2.5844E-02
  6.8650E+00  2.2940E+01  2.9208E-03  4.3140E-01  3.7364E-02  4.7948E-01 -3.5694E-02
  6.8771E+00  2.2980E+01  2.9189E-03  4.3090E-01  4.2751E-02  4.6268E-01 -4.1403E-02
  6.8893E+00  2.3021E+01  2.9179E-03  4.3052E-01  2.5684E-02  4.6731E-01 -2.3325E-02
  6.9017E+00  2.3062E+01  2.9169E-03  4.3013E-01  4.2515E-02  4.7513E-01 -4.1086E-02
  6.9139E+00  2.3103E+01  2.9150E-03  4.2962E-01  3.7160E-02  4.5767E-01 -3.5640E-02
  6.9260E+00  2.3143E+01  2.9143E-03  4.2930E-01  2.7757E-02  4.7465E-01 -2.5526E-02
  6.9382E+00  2.3184E+01  2.9129E-03  4.2886E-01  4.5074E-02  4.6976E-01 -4.3765E-02
  6.9504E+00  2.3225E+01  2.9112E-03  4.2839E-01  3.0969E-02  4.5623E-01 -2.9147E-02
  6.9627E+00  2.3266E+01  2.9106E-03  4.2807E-01  3.2595E-02  4.7675E-01 -3.0708E-02
  6.9749E+00  2.3307E+01  2.9089E-03  4.2760E-01  4.3766E-02  4.6273E-01 -4.2462E-02
  6.9871E+00  2.3347E+01  2.9077E-03  4.2718E-01  2.6112E-02  4.5932E-01 -2.3900E-02
  6.9993E+00  2.3388E+01  2.9069E-03  4.2685E-01  3.8047E-02  4.7445E-01 -3.6465E-02
  7.0116E+00  2.3429E+01  2.9050E-03  4.2634E-01  3.9978E-02  4.5686E-01 -3.8589E-02
  7.0238E+00  2.3470E+01  2.9042E-03  4.2600E-01  2.5225E-02  4.6669E-01 -2.2858E-02
  7.0360E+00  2.3510E+01  2.9030E-03  4.2561E-01  4.2471E-02  4.6986E-01 -4.1093E-02
  7.0482E+00  2.3551E+01  2.9012E-03  4.2513E-01  3.4251E-02  4.5353E-01 -3.2649E-02
  7.0603E+00  2.3591E+01  2.9006E-03  4.2482E-01  2.7980E-02  4.7171E-01 -2.5827E-02
  7.0727E+00  2.3633E+01  2.8991E-03  4.2438E-01  4.3425E-02  4.6325E-01 -4.2121E-02
  7.0849E+00  2.3673E+01  2.8976E-03  4.2394E-01  2.8178E-02  4.5339E-01 -2.6216E-02
  7.0970E+00  2.3714E+01  2.8971E-03  4.2363E-01  3.3438E-02  4.7260E-01 -3.1658E-02
  7.1092E+00  2.3755E+01  2.8953E-03  4.2316E-01  4.1965E-02  4.5697E-01 -4.0656E-02
  7.1216E+00  2.3796E+01  2.8942E-03  4.2277E-01  2.4558E-02  4.5846E-01 -2.2234E-02
  7.1338E+00  2.3836E+01  2.8933E-03  4.2243E-01  3.8868E-02  4.6937E-01 -3.7375E-02
  7.1459E+00  2.3877E+01  2.8915E-03  4.2195E-01  3.7267E-02  4.5243E-01 -3.5822E-02
  7.1581E+00  2.3918E+01  2.8907E-03  4.2163E-01  2.4944E-02  4.6472E-01 -2.2602E-02
  7.1703E+00  2.3958E+01  2.8896E-03  4.2124E-01  4.1580E-02  4.6416E-01 -4.0224E-02
  7.1827E+00  2.4000E+01  2.8879E-03  4.2077E-01  3.1185E-02  4.4989E-01 -2.9469E-02
  7.1948E+00  2.4040E+01  2.8873E-03  4.2048E-01  2.8980E-02  4.6908E-01 -2.6959E-02
  7.2070E+00  2.4081E+01  2.8857E-03  4.2004E-01  4.2406E-02  4.5718E-01 -4.1122E-02
  7.2192E+00  2.4121E+01  2.8844E-03  4.1963E-01  2.5949E-02  4.5124E-01 -2.3854E-02
  7.2316E+00  2.4163E+01  2.8837E-03  4.1932E-01  3.4632E-02  4.6829E-01 -3.2971E-02
  7.2437E+00  2.4203E+01  2.8819E-03  4.1885E-01  3.9469E-02  4.5218E-01 -3.8122E-02
  7.2559E+00  2.4244E+01  2.8810E-03  4.1850E-01  2.3594E-02  4.5688E-01 -2.1215E-02
  7.2681E+00  2.4284E+01  2.8801E-03  4.1816E-01  3.8612E-02  4.6421E-01 -3.7161E-02
  7.2802E+00  2.4325E+01  2.8783E-03  4.1770E-01  3.4646E-02  4.4850E-01 -3.3134E-02
  7.2926E+00  2.4366E+01  2.8777E-03  4.1739E-01  2.5346E-02  4.6346E-01 -2.3089E-02
  7.3048E+00  2.4407E+01  2.8764E-03  4.1699E-01  4.1439E-02  4.5927E-01 -4.0124E-02
  7.3170E+00  2.4448E+01  2.8748E-03  4.1656E-01  2.8534E-02  4.4679E-01 -2.6700E-02
  7.3291E+00  2.4488E+01  2.8743E-03  4.1628E-01  2.9871E-02  4.6599E-01 -2.7967E-02
  7.3415E+00  2.4529E+01  2.8726E-03  4.1583E-01  4.0585E-02  4.5227E-01 -3.9288E-02
  7.3537E+00  2.4570E+01  2.8714E-03  4.1545E-01  2.4029E-02  4.4979E-01 -2.1796E-02
  7.3659E+00  2.4611E+01  2.8708E-03  4.1515E-01  3.4838E-02  4.6374E-01 -3.3241E-02
  7.3780E+00  2.4651E+01  2.8690E-03  4.1469E-01  3.7112E-02  4.4824E-01 -3.5720E-02
  7.3902E+00  2.4692E+01  2.8682E-03  4.1437E-01  2.3063E-02  4.5577E-01 -2.0669E-02
  7.4026E+00  2.4733E+01  2.8671E-03  4.1401E-01  3.9017E-02  4.5956E-01 -3.7630E-02
  7.4148E+00  2.4774E+01  2.8654E-03  4.1357E-01  3.1628E-02  4.4450E-01 -3.0017E-02
  7.4269E+00  2.4814E+01  2.8649E-03  4.1328E-01  2.5938E-02  4.6171E-01 -2.3784E-02
  7.4391E+00  2.4855E+01  2.8635E-03  4.1288E-01  4.0527E-02  4.5333E-01 -3.9234E-02
  7.4515E+00  2.4896E+01  2.8620E-03  4.1247E-01  2.5963E-02  4.4455E-01 -2.3980E-02
  7.4636E+00  2.4937E+01  2.8615E-03  4.1219E-01  3.0660E-02  4.6232E-01 -2.8862E-02
  7.4758E+00  2.4977E+01  2.8599E-03  4.1176E-01  3.8574E-02  4.4852E-01 -3.7247E-02
  7.4880E+00  2.5018E+01  2.8588E-03  4.1141E-01  2.2752E-02  4.4854E-01 -2.0425E-02
  7.5002E+00  2.5059E+01  2.8581E-03  4.1110E-01  3.5409E-02  4.5958E-01 -3.3888E-02
  7.5125E+00  2.5100E+01  2.8563E-03  4.1065E-01  3.4479E-02  4.4372E-01 -3.3027E-02
  7.5247E+00  2.5141E+01  2.8556E-03  4.1035E-01  2.3110E-02  4.5554E-01 -2.0756E-02
  7.5369E+00  2.5181E+01  2.8545E-03  4.1000E-01  3.8829E-02  4.5524E-01 -3.7479E-02
  7.5491E+00  2.5222E+01  2.8529E-03  4.0957E-01  2.9116E-02  4.4151E-01 -2.7404E-02
  7.5614E+00  2.5263E+01  2.8524E-03  4.0930E-01  2.6618E-02  4.5930E-01 -2.4574E-02
  7.5736E+00  2.5304E+01  2.8509E-03  4.0889E-01  3.8863E-02  4.4918E-01 -3.7556E-02
  7.5858E+00  2.5344E+01  2.8496E-03  4.0852E-01  2.4061E-02  4.4273E-01 -2.1954E-02
  7.5979E+00  2.5385E+01  2.8490E-03  4.0824E-01  3.1455E-02  4.5875E-01 -2.9756E-02
  7.6101E+00  2.5425E+01  2.8474E-03  4.0781E-01  3.6785E-02  4.4397E-01 -3.5438E-02
  7.6225E+00  2.5467E+01  2.8464E-03  4.0748E-01  2.1836E-02  4.4848E-01 -1.9433E-02
  7.6347E+00  2.5507E+01  2.8456E-03  4.0717E-01  3.6015E-02  4.5536E-01 -3.4568E-02
  7.6468E+00  2.5548E+01  2.8439E-03  4.0674E-01  3.2031E-02  4.4035E-01 -3.0507E-02
  7.6590E+00  2.5589E+01  2.8433E-03  4.0646E-01  2.3134E-02  4.5397E-01 -2.0831E-02
  7.6714E+00  2.5630E+01  2.8421E-03  4.0609E-01  3.7916E-02  4.5014E-01 -3.6581E-02
  7.6836E+00  2.5670E+01  2.8406E-03  4.0569E-01  2.6508E-02  4.3904E-01 -2.4662E-02
  7.6957E+00  2.5711E+01  2.8401E-03  4.0544E-01  2.7397E-02  4.5671E-01 -2.5464E-02
  7.7079E+00  2.5752E+01  2.8386E-03  4.0503E-01  3.7730E-02  4.4437E-01 -3.6428E-02
  7.7201E+00  2.5792E+01  2.8374E-03  4.0468E-01  2.2395E-02  4.4165E-01 -2.0156E-02
  7.7325E+00  2.5834E+01  2.8368E-03  4.0440E-01  3.2481E-02  4.5504E-01 -3.0887E-02
  7.7446E+00  2.5874E+01  2.8351E-03  4.0397E-01  3.4408E-02  4.4021E-01 -3.3008E-02
  7.7568E+00  2.5915E+01  2.8343E-03  4.0368E-01  2.1302E-02  4.4747E-01 -1.8876E-02
  7.7690E+00  2.5955E+01  2.8334E-03  4.0336E-01  3.5641E-02  4.5103E-01 -3.4225E-02
  7.7814E+00  2.5997E+01  2.8318E-03  4.0294E-01  2.9375E-02  4.3732E-01 -2.7749E-02
  7.7935E+00  2.6037E+01  2.8313E-03  4.0268E-01  2.3810E-02  4.5285E-01 -2.1620E-02
  7.8057E+00  2.6078E+01  2.8300E-03  4.0231E-01  3.7509E-02  4.4564E-01 -3.6204E-02
  7.8179E+00  2.6118E+01  2.8286E-03  4.0194E-01  2.4318E-02  4.3709E-01 -2.2337E-02
  7.8300E+00  2.6159E+01  2.8281E-03  4.0168E-01  2.8272E-02  4.5395E-01 -2.6452E-02
  7.8424E+00  2.6200E+01  2.8265E-03  4.0127E-01  3.5899E-02  4.4052E-01 -3.4570E-02
  7.8546E+00  2.6241E+01  2.8255E-03  4.0095E-01  2.1056E-02  4.4103E-01 -1.8697E-02
  7.8668E+00  2.6282E+01  2.8248E-03  4.0067E-01  3.2583E-02  4.5119E-01 -3.1042E-02
  7.8789E+00  2.6322E+01  2.8232E-03  4.0026E-01  3.2251E-02  4.3713E-01 -3.0793E-02
  7.8913E+00  2.6363E+01  2.8225E-03  3.9998E-01  2.1285E-02  4.4723E-01 -1.8892E-02
  7.9035E+00  2.6404E+01  2.8215E-03  3.9965E-01  3.5880E-02  4.4726E-01 -3.4516E-02
  7.9157E+00  2.6445E+01  2.8199E-03  3.9926E-01  2.7015E-02  4.3459E-01 -2.5283E-02
  7.9278E+00  2.6485E+01  2.8195E-03  3.9901E-01  2.4542E-02  4.5122E-01 -2.2468E-02
  7.9402E+00  2.6527E+01  2.8181E-03  3.9863E-01  3.6360E-02  4.4106E-01 -3.5057E-02
  7.9524E+00  2.6567E+01  2.8168E-03  3.9828E-01  2.2291E-02  4.3587E-01 -2.0153E-02
  7.9645E+00  2.6608E+01  2.8163E-03  3.9803E-01  2.8987E-02  4.5069E-01 -2.7263E-02
  7.9767E+00  2.6648E+01  2.8147E-03  3.9764E-01  3.4027E-02  4.3753E-01 -3.2659E-02
  7.9889E+00  2.6689E+01  2.8139E-03  3.9734E-01  2.0243E-02  4.4046E-01 -1.7816E-02
  8.0013E+00  2.6730E+01  2.8131E-03  3.9705E-01  3.3260E-02  4.4758E-01 -3.1795E-02
  8.0134E+00  2.6771E+01  2.8115E-03  3.9665E-01  2.9775E-02  4.3369E-01 -2.8235E-02
  8.0256E+00  2.6811E+01  2.8109E-03  3.9639E-01  2.1569E-02  4.4670E-01 -1.9248E-02
  8.0378E+00  2.6852E+01  2.8098E-03  3.9606E-01  3.5550E-02  4.4370E-01 -3.4212E-02
  8.0502E+00  2.6893E+01  2.8083E-03  3.9568E-01  2.4580E-02  4.3261E-01 -2.2706E-02
  8.0623E+00  2.6934E+01  2.8079E-03  3.9544E-01  2.5286E-02  4.4900E-01 -2.3324E-02
  8.0745E+00  2.6975E+01  2.8065E-03  3.9507E-01  3.4804E-02  4.3826E-01 -3.3475E-02
  8.0867E+00  2.7015E+01  2.8054E-03  3.9475E-01  2.0856E-02  4.3490E-01 -1.8594E-02
  8.0989E+00  2.7056E+01  2.8048E-03  3.9450E-01  2.9699E-02  4.4765E-01 -2.8063E-02
  8.1112E+00  2.7097E+01  2.8032E-03  3.9410E-01  3.2031E-02  4.3376E-01 -3.0617E-02
  8.1234E+00  2.7138E+01  2.8024E-03  3.9382E-01  1.9841E-02  4.4087E-01 -1.7385E-02
  8.1356E+00  2.7178E+01  2.8016E-03  3.9353E-01  3.3432E-02  4.4428E-01 -3.2015E-02
  8.1477E+00  2.7219E+01  2.8000E-03  3.9314E-01  2.7581E-02  4.3121E-01 -2.5952E-02
  8.1601E+00  2.7260E+01  2.7995E-03  3.9290E-01  2.2025E-02  4.4560E-01 -1.9799E-02
  8.1723E+00  2.7301E+01  2.7983E-03  3.9256E-01  3.4482E-02  4.3935E-01 -3.3145E-02
  8.1845E+00  2.7341E+01  2.7970E-03  3.9221E-01  2.2707E-02  4.3105E-01 -2.0706E-02
  8.1966E+00  2.7382E+01  2.7965E-03  3.9198E-01  2.6075E-02  4.4667E-01 -2.4221E-02
  8.2088E+00  2.7423E+01  2.7951E-03  3.9161E-01  3.3588E-02  4.3447E-01 -3.2250E-02
  8.2212E+00  2.7464E+01  2.7941E-03  3.9130E-01  1.9594E-02  4.3497E-01 -1.7197E-02
  8.2334E+00  2.7504E+01  2.7934E-03  3.9105E-01  3.0541E-02  4.4448E-01 -2.8996E-02
  8.2455E+00  2.7545E+01  2.7919E-03  3.9066E-01  3.0017E-02  4.3103E-01 -2.8542E-02
  8.2577E+00  2.7586E+01  2.7912E-03  3.9041E-01  1.9633E-02  4.4019E-01 -1.7188E-02
  8.2701E+00  2.7627E+01  2.7903E-03  3.9010E-01  3.3063E-02  4.4039E-01 -3.1673E-02
  8.2823E+00  2.7668E+01  2.7888E-03  3.8974E-01  2.5229E-02  4.2906E-01 -2.3478E-02
  8.2944E+00  2.7708E+01  2.7884E-03  3.8951E-01  2.2640E-02  4.4424E-01 -2.0523E-02
  8.3066E+00  2.7749E+01  2.7871E-03  3.8917E-01  3.3905E-02  4.3526E-01 -3.2587E-02
  8.3188E+00  2.7789E+01  2.7859E-03  3.8884E-01  2.0955E-02  4.3002E-01 -1.8807E-02
  8.3312E+00  2.7831E+01  2.7854E-03  3.8861E-01  2.7168E-02  4.4414E-01 -2.5438E-02
  8.3433E+00  2.7871E+01  2.7839E-03  3.8824E-01  3.1771E-02  4.3144E-01 -3.0391E-02
  8.3555E+00  2.7912E+01  2.7831E-03  3.8796E-01  1.8829E-02  4.3451E-01 -1.6359E-02
  8.3677E+00  2.7952E+01  2.7823E-03  3.8770E-01  3.0525E-02  4.4120E-01 -2.9022E-02
  8.3800E+00  2.7994E+01  2.7808E-03  3.8732E-01  2.7770E-02  4.2854E-01 -2.6208E-02
  8.3922E+00  2.8034E+01  2.7803E-03  3.8709E-01  1.9943E-02  4.4009E-01 -1.7575E-02
  8.4044E+00  2.8075E+01  2.7792E-03  3.8678E-01  3.3024E-02  4.3754E-01 -3.1667E-02
  8.4166E+00  2.8116E+01  2.7779E-03  3.8644E-01  2.3181E-02  4.2725E-01 -2.1303E-02
  8.4287E+00  2.8156E+01  2.7774E-03  3.8622E-01  2.3431E-02  4.4269E-01 -2.1433E-02
  8.4411E+00  2.8197E+01  2.7760E-03  3.8586E-01  3.2641E-02  4.3209E-01 -3.1308E-02
  8.4533E+00  2.8238E+01  2.7750E-03  3.8556E-01  1.9421E-02  4.2954E-01 -1.7117E-02
  8.4655E+00  2.8279E+01  2.7745E-03  3.8533E-01  2.7488E-02  4.4134E-01 -2.5822E-02
  8.4776E+00  2.8319E+01  2.7730E-03  3.8497E-01  3.0019E-02  4.2906E-01 -2.8589E-02
  8.4900E+00  2.8361E+01  2.7723E-03  3.8471E-01  1.8435E-02  4.3478E-01 -1.5934E-02
  8.5022E+00  2.8401E+01  2.7714E-03  3.8444E-01  3.1033E-02  4.3824E-01 -2.9594E-02
  8.5143E+00  2.8442E+01  2.7700E-03  3.8408E-01  2.5745E-02  4.2613E-01 -2.4092E-02
  8.5265E+00  2.8482E+01  2.7695E-03  3.8386E-01  2.0436E-02  4.3958E-01 -1.8167E-02
  8.5387E+00  2.8523E+01  2.7683E-03  3.8355E-01  3.2519E-02  4.3399E-01 -3.1181E-02
  8.5511E+00  2.8564E+01  2.7671E-03  3.8322E-01  2.1155E-02  4.2610E-01 -1.9116E-02
  8.5632E+00  2.8605E+01  2.7667E-03  3.8300E-01  2.4169E-02  4.4061E-01 -2.2280E-02
  8.5754E+00  2.8645E+01  2.7653E-03  3.8266E-01  3.1165E-02  4.2983E-01 -2.9798E-02
  8.5876E+00  2.8686E+01  2.7644E-03  3.8238E-01  1.8396E-02  4.2921E-01 -1.5981E-02
  8.6000E+00  2.8727E+01  2.7637E-03  3.8214E-01  2.8332E-02  4.3860E-01 -2.6759E-02
  8.6121E+00  2.8768E+01  2.7623E-03  3.8178E-01  2.8060E-02  4.2611E-01 -2.6565E-02
  8.6243E+00  2.8809E+01  2.7617E-03  3.8155E-01  1.8394E-02  4.3498E-01 -1.5916E-02
  8.6365E+00  2.8849E+01  2.7607E-03  3.8127E-01  3.1058E-02  4.3552E-01 -2.9656E-02
  8.6487E+00  2.8890E+01  2.7593E-03  3.8093E-01  2.3803E-02  4.2438E-01 -2.2042E-02
  8.6610E+00  2.8931E+01  2.7589E-03  3.8072E-01  2.1027E-02  4.3849E-01 -1.8869E-02
  8.6732E+00  2.8972E+01  2.7577E-03  3.8040E-01  3.1350E-02  4.3090E-01 -2.9996E-02
  8.6854E+00  2.9012E+01  2.7566E-03  3.8010E-01  1.9650E-02  4.2525E-01 -1.7474E-02
  8.6975E+00  2.9053E+01  2.7561E-03  3.7988E-01  2.4920E-02  4.3852E-01 -2.3134E-02
  8.7099E+00  2.9094E+01  2.7547E-03  3.7954E-01  2.9727E-02  4.2665E-01 -2.8330E-02
  8.7221E+00  2.9135E+01  2.7539E-03  3.7928E-01  1.7619E-02  4.2978E-01 -1.5106E-02
  8.7343E+00  2.9175E+01  2.7532E-03  3.7904E-01  2.8751E-02  4.3607E-01 -2.7240E-02
  8.7464E+00  2.9216E+01  2.7518E-03  3.7869E-01  2.6194E-02  4.2405E-01 -2.4622E-02
  8.7586E+00  2.9257E+01  2.7512E-03  3.7847E-01  1.8426E-02  4.3447E-01 -1.5991E-02
  8.7710E+00  2.9298E+01  2.7502E-03  3.7818E-01  3.0521E-02  4.3214E-01 -2.9132E-02
  8.7832E+00  2.9338E+01  2.7490E-03  3.7786E-01  2.1756E-02  4.2297E-01 -1.9852E-02
  8.7953E+00  2.9379E+01  2.7485E-03  3.7766E-01  2.1716E-02  4.3719E-01 -1.9672E-02
  8.8075E+00  2.9420E+01  2.7473E-03  3.7734E-01  3.0625E-02  4.2763E-01 -2.9276E-02
  8.8199E+00  2.9461E+01  2.7463E-03  3.7705E-01  1.8162E-02  4.2519E-01 -1.5812E-02
  8.8321E+00  2.9502E+01  2.7457E-03  3.7684E-01  2.5881E-02  4.3624E-01 -2.4205E-02
  8.8442E+00  2.9542E+01  2.7443E-03  3.7650E-01  2.8113E-02  4.2443E-01 -2.6664E-02
  8.8564E+00  2.9583E+01  2.7436E-03  3.7626E-01  1.7185E-02  4.2963E-01 -1.4632E-02
  8.8686E+00  2.9623E+01  2.7429E-03  3.7602E-01  2.8614E-02  4.3326E-01 -2.7133E-02
  8.8810E+00  2.9665E+01  2.7415E-03  3.7568E-01  2.4136E-02  4.2219E-01 -2.2457E-02
  8.8931E+00  2.9705E+01  2.7410E-03  3.7547E-01  1.8967E-02  4.3432E-01 -1.6643E-02
  8.9053E+00  2.9746E+01  2.7399E-03  3.7519E-01  3.0370E-02  4.2948E-01 -2.9009E-02
  8.9175E+00  2.9786E+01  2.7388E-03  3.7488E-01  2.0024E-02  4.2191E-01 -1.7973E-02
  8.9298E+00  2.9828E+01  2.7383E-03  3.7468E-01  2.2760E-02  4.3567E-01 -2.0857E-02
  8.9420E+00  2.9868E+01  2.7370E-03  3.7436E-01  2.9296E-02  4.2512E-01 -2.7916E-02
  8.9542E+00  2.9909E+01  2.7361E-03  3.7410E-01  1.7211E-02  4.2496E-01 -1.4746E-02
  8.9664E+00  2.9950E+01  2.7356E-03  3.7388E-01  2.6103E-02  4.3378E-01 -2.4482E-02
  8.9785E+00  2.9990E+01  2.7342E-03  3.7355E-01  2.6470E-02  4.2254E-01 -2.4959E-02
  8.9909E+00  3.0031E+01  2.7336E-03  3.7333E-01  1.7139E-02  4.3007E-01 -1.4605E-02
  9.0031E+00  3.0072E+01  2.7327E-03  3.7307E-01  2.8964E-02  4.3082E-01 -2.7536E-02
  9.0153E+00  3.0113E+01  2.7314E-03  3.7275E-01  2.2301E-02  4.2049E-01 -2.0510E-02
  9.0274E+00  3.0153E+01  2.7310E-03  3.7256E-01  1.9585E-02  4.3373E-01 -1.7379E-02
  9.0398E+00  3.0195E+01  2.7298E-03  3.7226E-01  2.9631E-02  4.2600E-01 -2.8274E-02
  9.0520E+00  3.0235E+01  2.7287E-03  3.7197E-01  1.8391E-02  4.2140E-01 -1.6168E-02
  9.0641E+00  3.0276E+01  2.7283E-03  3.7178E-01  2.3186E-02  4.3373E-01 -2.1361E-02
  9.0763E+00  3.0316E+01  2.7270E-03  3.7146E-01  2.7888E-02  4.2330E-01 -2.6465E-02
  9.0885E+00  3.0357E+01  2.7262E-03  3.7122E-01  1.6539E-02  4.2504E-01 -1.3988E-02
  9.1009E+00  3.0398E+01  2.7256E-03  3.7099E-01  2.6794E-02  4.3146E-01 -2.5253E-02
  9.1130E+00  3.0439E+01  2.7242E-03  3.7067E-01  2.4577E-02  4.2028E-01 -2.2979E-02
  9.1252E+00  3.0479E+01  2.7237E-03  3.7047E-01  1.7351E-02  4.3030E-01 -1.4883E-02
  9.1374E+00  3.0520E+01  2.7227E-03  3.7020E-01  2.8847E-02  4.2853E-01 -2.7447E-02
  9.1498E+00  3.0561E+01  2.7215E-03  3.6990E-01  2.0367E-02  4.1937E-01 -1.8424E-02
  9.1619E+00  3.0602E+01  2.7211E-03  3.6971E-01  2.0240E-02  4.3261E-01 -1.8151E-02
  9.1741E+00  3.0643E+01  2.7199E-03  3.6941E-01  2.8475E-02  4.2430E-01 -2.7089E-02
  9.1863E+00  3.0683E+01  2.7190E-03  3.6915E-01  1.7230E-02  4.2110E-01 -1.4869E-02
  9.1985E+00  3.0724E+01  2.7185E-03  3.6895E-01  2.3870E-02  4.3186E-01 -2.2138E-02
  9.2108E+00  3.0765E+01  2.7171E-03  3.6863E-01  2.6405E-02  4.2076E-01 -2.4935E-02
  9.2230E+00  3.0806E+01  2.7165E-03  3.6841E-01  1.6166E-02  4.2590E-01 -1.3567E-02
  9.2352E+00  3.0846E+01  2.7157E-03  3.6818E-01  2.7071E-02  4.2935E-01 -2.5581E-02
  9.2473E+00  3.0887E+01  2.7144E-03  3.6787E-01  2.2866E-02  4.1877E-01 -2.1173E-02
  9.2597E+00  3.0928E+01  2.7140E-03  3.6767E-01  1.7725E-02  4.3005E-01 -1.5349E-02
  9.2719E+00  3.0969E+01  2.7129E-03  3.6741E-01  2.8150E-02  4.2559E-01 -2.6750E-02
  9.2841E+00  3.1009E+01  2.7118E-03  3.6712E-01  1.8874E-02  4.1855E-01 -1.6793E-02
  9.2962E+00  3.1050E+01  2.7114E-03  3.6694E-01  2.0946E-02  4.3134E-01 -1.8972E-02
  9.3084E+00  3.1091E+01  2.7102E-03  3.6664E-01  2.7637E-02  4.2172E-01 -2.6241E-02
  9.3208E+00  3.1132E+01  2.7093E-03  3.6639E-01  1.6172E-02  4.2157E-01 -1.3655E-02
  9.3330E+00  3.1172E+01  2.7088E-03  3.6619E-01  2.4679E-02  4.2986E-01 -2.3045E-02
  9.3451E+00  3.1213E+01  2.7074E-03  3.6588E-01  2.4859E-02  4.1905E-01 -2.3323E-02
  9.3573E+00  3.1254E+01  2.7069E-03  3.6568E-01  1.5989E-02  4.2590E-01 -1.3389E-02
  9.3697E+00  3.1295E+01  2.7061E-03  3.6544E-01  2.6927E-02  4.2675E-01 -2.5465E-02
  9.3819E+00  3.1336E+01  2.7048E-03  3.6514E-01  2.1007E-02  4.1747E-01 -1.9185E-02
  9.3940E+00  3.1376E+01  2.7045E-03  3.6496E-01  1.8244E-02  4.2956E-01 -1.5980E-02
  9.4062E+00  3.1417E+01  2.7034E-03  3.6469E-01  2.7847E-02  4.2276E-01 -2.6467E-02
  9.4184E+00  3.1457E+01  2.7023E-03  3.6442E-01  1.7457E-02  4.1811E-01 -1.5215E-02
  9.4308E+00  3.1499E+01  2.7019E-03  3.6423E-01  2.1922E-02  4.2987E-01 -2.0081E-02
  9.4429E+00  3.1539E+01  2.7006E-03  3.6393E-01  2.6272E-02  4.1974E-01 -2.4831E-02
  9.4551E+00  3.1580E+01  2.6999E-03  3.6371E-01  1.5539E-02  4.2167E-01 -1.2931E-02
  9.4673E+00  3.1620E+01  2.6993E-03  3.6350E-01  2.4792E-02  4.2772E-01 -2.3202E-02
  9.4797E+00  3.1662E+01  2.6980E-03  3.6320E-01  2.3106E-02  4.1749E-01 -2.1477E-02
  9.4918E+00  3.1702E+01  2.6975E-03  3.6301E-01  1.6211E-02  4.2637E-01 -1.3679E-02
  9.5040E+00  3.1743E+01  2.6966E-03  3.6277E-01  2.7017E-02  4.2492E-01 -2.5590E-02
  9.5162E+00  3.1784E+01  2.6955E-03  3.6248E-01  1.9379E-02  4.1639E-01 -1.7423E-02
  9.5283E+00  3.1824E+01  2.6951E-03  3.6231E-01  1.8923E-02  4.2888E-01 -1.6785E-02
  9.5407E+00  3.1865E+01  2.6939E-03  3.6203E-01  2.6948E-02  4.2061E-01 -2.5552E-02
  9.5529E+00  3.1906E+01  2.6930E-03  3.6178E-01  1.6195E-02  4.1811E-01 -1.3780E-02
  9.5651E+00  3.1947E+01  2.6926E-03  3.6160E-01  2.2282E-02  4.2812E-01 -2.0510E-02
  9.5772E+00  3.1987E+01  2.6913E-03  3.6131E-01  2.4925E-02  4.1827E-01 -2.3430E-02
  9.5896E+00  3.2029E+01  2.6907E-03  3.6110E-01  1.5181E-02  4.2233E-01 -1.2523E-02
  9.6018E+00  3.2069E+01  2.6900E-03  3.6088E-01  2.5333E-02  4.2578E-01 -2.3812E-02
  9.6140E+00  3.2110E+01  2.6887E-03  3.6059E-01  2.1525E-02  4.1593E-01 -1.9801E-02
  9.6261E+00  3.2150E+01  2.6883E-03  3.6041E-01  1.6603E-02  4.2650E-01 -1.4170E-02
  9.6383E+00  3.2191E+01  2.6874E-03  3.6016E-01  2.6756E-02  4.2279E-01 -2.5345E-02
  9.6507E+00  3.2232E+01  2.6863E-03  3.5989E-01  1.7739E-02  4.1582E-01 -1.5610E-02
  9.6628E+00  3.2273E+01  2.6859E-03  3.5972E-01  1.9584E-02  4.2773E-01 -1.7564E-02
  9.6750E+00  3.2313E+01  2.6847E-03  3.5945E-01  2.5827E-02  4.1922E-01 -2.4394E-02
  9.6872E+00  3.2354E+01  2.6839E-03  3.5922E-01  1.5347E-02  4.1821E-01 -1.2804E-02
  9.6996E+00  3.2395E+01  2.6834E-03  3.5903E-01  2.3079E-02  4.2636E-01 -2.1408E-02
  9.7117E+00  3.2436E+01  2.6821E-03  3.5874E-01  2.3428E-02  4.1627E-01 -2.1865E-02
  9.7239E+00  3.2477E+01  2.6816E-03  3.5855E-01  1.5114E-02  4.2295E-01 -1.2467E-02
  9.7361E+00  3.2517E+01  2.6809E-03  3.5833E-01  2.5474E-02  4.2400E-01 -2.3992E-02
  9.7483E+00  3.2558E+01  2.6797E-03  3.5805E-01  1.9981E-02  4.1488E-01 -1.8143E-02
  9.7606E+00  3.2599E+01  2.6793E-03  3.5787E-01  1.7098E-02  4.2615E-01 -1.4780E-02
  9.7728E+00  3.2640E+01  2.6783E-03  3.5762E-01  2.5922E-02  4.2043E-01 -2.4498E-02
  9.7850E+00  3.2680E+01  2.6773E-03  3.5737E-01  1.6516E-02  4.1546E-01 -1.4237E-02
  9.7972E+00  3.2721E+01  2.6769E-03  3.5720E-01  2.0267E-02  4.2652E-01 -1.8357E-02
  9.8095E+00  3.2762E+01  2.6757E-03  3.5692E-01  2.4774E-02  4.1702E-01 -2.3309E-02
  9.8217E+00  3.2803E+01  2.6750E-03  3.5671E-01  1.4670E-02  4.1904E-01 -1.2006E-02
  9.8339E+00  3.2843E+01  2.6744E-03  3.5652E-01  2.3530E-02  4.2473E-01 -2.1925E-02
  9.8460E+00  3.2884E+01  2.6732E-03  3.5623E-01  2.1963E-02  4.1498E-01 -2.0319E-02
  9.8582E+00  3.2925E+01  2.6727E-03  3.5606E-01  1.5133E-02  4.2300E-01 -1.2522E-02
  9.8706E+00  3.2966E+01  2.6719E-03  3.5583E-01  2.5171E-02  4.2171E-01 -2.3704E-02
  9.8828E+00  3.3006E+01  2.6708E-03  3.5556E-01  1.8333E-02  4.1407E-01 -1.6342E-02
  9.8949E+00  3.3047E+01  2.6704E-03  3.5540E-01  1.7688E-02  4.2559E-01 -1.5492E-02
  9.9071E+00  3.3088E+01  2.6694E-03  3.5514E-01  2.5463E-02  4.1812E-01 -2.4045E-02
  9.9195E+00  3.3129E+01  2.6685E-03  3.5491E-01  1.5275E-02  4.1570E-01 -1.2806E-02
  9.9317E+00  3.3170E+01  2.6680E-03  3.5474E-01  2.1142E-02  4.2512E-01 -1.9353E-02
  9.9438E+00  3.3210E+01  2.6668E-03  3.5446E-01  2.3530E-02  4.1561E-01 -2.2011E-02
  9.9560E+00  3.3251E+01  2.6662E-03  3.5427E-01  1.4298E-02  4.1931E-01 -1.1579E-02
  9.9682E+00  3.3291E+01  2.6656E-03  3.5407E-01  2.3530E-02  4.2287E-01 -2.1959E-02
  9.9806E+00  3.3333E+01  2.6644E-03  3.5380E-01  2.0328E-02  4.1382E-01 -1.8570E-02
  9.9927E+00  3.3373E+01  2.6640E-03  3.5363E-01  1.5552E-02  4.2336E-01 -1.3053E-02
  1.0005E+01  3.3414E+01  2.6631E-03  3.5340E-01  2.5164E-02  4.2013E-01 -2.3725E-02
  1.0017E+01  3.3454E+01  2.6621E-03  3.5315E-01  1.6928E-02  4.1349E-01 -1.4782E-02
  1.0029E+01  3.3496E+01  2.6617E-03  3.5298E-01  1.8588E-02  4.2484E-01 -1.6545E-02
  1.0042E+01  3.3536E+01  2.6606E-03  3.5272E-01  2.4474E-02  4.1644E-01 -2.3024E-02
  1.0054E+01  3.3577E+01  2.6598E-03  3.5251E-01  1.4484E-02  4.1586E-01 -1.1881E-02
  1.0066E+01  3.3618E+01  2.6594E-03  3.5234E-01  2.1419E-02  4.2354E-01 -1.9688E-02
  1.0078E+01  3.3658E+01  2.6582E-03  3.5207E-01  2.2243E-02  4.1443E-01 -2.0658E-02
  1.0091E+01  3.3699E+01  2.6577E-03  3.5188E-01  1.4221E-02  4.2006E-01 -1.1507E-02
  1.0103E+01  3.3740E+01  2.6569E-03  3.5168E-01  2.3929E-02  4.2124E-01 -2.2415E-02
  1.0115E+01  3.3781E+01  2.6558E-03  3.5142E-01  1.8866E-02  4.1274E-01 -1.6990E-02
  1.0127E+01  3.3821E+01  2.6555E-03  3.5126E-01  1.6059E-02  4.2335E-01 -1.3683E-02
  1.0139E+01  3.3863E+01  2.6545E-03  3.5102E-01  2.4705E-02  4.1743E-01 -2.3274E-02
  1.0152E+01  3.3903E+01  2.6535E-03  3.5078E-01  1.5582E-02  4.1336E-01 -1.3250E-02
  1.0164E+01  3.3944E+01  2.6532E-03  3.5063E-01  1.9003E-02  4.2367E-01 -1.7045E-02
  1.0176E+01  3.3984E+01  2.6520E-03  3.5037E-01  2.3383E-02  4.1531E-01 -2.1887E-02
  1.0188E+01  3.4025E+01  2.6514E-03  3.5017E-01  1.3913E-02  4.1624E-01 -1.1207E-02
  1.0200E+01  3.4066E+01  2.6508E-03  3.4999E-01  2.2087E-02  4.2201E-01 -2.0445E-02
  1.0213E+01  3.4107E+01  2.6496E-03  3.4972E-01  2.0760E-02  4.1289E-01 -1.9085E-02
  1.0225E+01  3.4147E+01  2.6492E-03  3.4956E-01  1.4365E-02  4.2065E-01 -1.1711E-02
  1.0237E+01  3.4188E+01  2.6484E-03  3.4935E-01  2.3939E-02  4.1973E-01 -2.2455E-02
  1.0249E+01  3.4229E+01  2.6473E-03  3.4909E-01  1.7294E-02  4.1210E-01 -1.5258E-02
  1.0262E+01  3.4270E+01  2.6470E-03  3.4894E-01  1.6620E-02  4.2287E-01 -1.4369E-02
  1.0274E+01  3.4311E+01  2.6460E-03  3.4870E-01  2.3821E-02  4.1640E-01 -2.2358E-02
  1.0286E+01  3.4351E+01  2.6452E-03  3.4848E-01  1.4621E-02  4.1338E-01 -1.2135E-02
  1.0298E+01  3.4392E+01  2.6448E-03  3.4833E-01  1.9635E-02  4.2253E-01 -1.7780E-02
  1.0310E+01  3.4433E+01  2.6436E-03  3.4806E-01  2.2258E-02  4.1354E-01 -2.0713E-02
  1.0323E+01  3.4474E+01  2.6431E-03  3.4788E-01  1.3558E-02  4.1724E-01 -1.0784E-02
  1.0335E+01  3.4514E+01  2.6425E-03  3.4770E-01  2.2412E-02  4.2061E-01 -2.0826E-02
  1.0347E+01  3.4555E+01  2.6413E-03  3.4744E-01  1.9393E-02  4.1195E-01 -1.7618E-02
  1.0359E+01  3.4596E+01  2.6409E-03  3.4728E-01  1.4657E-02  4.2085E-01 -1.2096E-02
  1.0372E+01  3.4637E+01  2.6401E-03  3.4707E-01  2.3485E-02  4.1768E-01 -2.2003E-02
  1.0384E+01  3.4677E+01  2.6391E-03  3.4683E-01  1.6075E-02  4.1169E-01 -1.3892E-02
  1.0396E+01  3.4718E+01  2.6388E-03  3.4669E-01  1.7235E-02  4.2223E-01 -1.5110E-02
  1.0408E+01  3.4759E+01  2.6377E-03  3.4644E-01  2.3237E-02  4.1455E-01 -2.1766E-02
  1.0420E+01  3.4800E+01  2.6370E-03  3.4624E-01  1.3717E-02  4.1400E-01 -1.1055E-02
  1.0433E+01  3.4840E+01  2.6365E-03  3.4607E-01  2.0390E-02  4.2123E-01 -1.8642E-02
  1.0445E+01  3.4881E+01  2.6354E-03  3.4582E-01  2.1041E-02  4.1244E-01 -1.9427E-02
  1.0457E+01  3.4922E+01  2.6349E-03  3.4565E-01  1.3395E-02  4.1757E-01 -1.0608E-02
  1.0469E+01  3.4963E+01  2.6342E-03  3.4546E-01  2.2405E-02  4.1882E-01 -2.0850E-02
  1.0481E+01  3.5004E+01  2.6331E-03  3.4521E-01  1.7891E-02  4.1114E-01 -1.5980E-02
  1.0494E+01  3.5044E+01  2.6328E-03  3.4507E-01  1.5082E-02  4.2084E-01 -1.2638E-02
  1.0506E+01  3.5085E+01  2.6319E-03  3.4484E-01  2.3353E-02  4.1581E-01 -2.1893E-02
  1.0518E+01  3.5125E+01  2.6310E-03  3.4462E-01  1.4905E-02  4.1153E-01 -1.2551E-02
  1.0530E+01  3.5167E+01  2.6306E-03  3.4447E-01  1.8094E-02  4.2140E-01 -1.6113E-02
  1.0543E+01  3.5207E+01  2.6295E-03  3.4423E-01  2.2189E-02  4.1322E-01 -2.0671E-02
  1.0555E+01  3.5248E+01  2.6289E-03  3.4404E-01  1.3178E-02  4.1435E-01 -1.0408E-02
  1.0567E+01  3.5288E+01  2.6284E-03  3.4388E-01  2.0571E-02  4.1980E-01 -1.8872E-02
  1.0579E+01  3.5330E+01  2.6273E-03  3.4363E-01  1.9640E-02  4.1143E-01 -1.7929E-02
  1.0591E+01  3.5370E+01  2.6269E-03  3.4347E-01  1.3540E-02  4.1829E-01 -1.0814E-02
  1.0604E+01  3.5411E+01  2.6261E-03  3.4328E-01  2.2567E-02  4.1761E-01 -2.1051E-02
  1.0616E+01  3.5452E+01  2.6251E-03  3.4304E-01  1.6570E-02  4.1047E-01 -1.4518E-02
  1.0628E+01  3.5492E+01  2.6248E-03  3.4290E-01  1.5653E-02  4.2066E-01 -1.3344E-02
  1.0640E+01  3.5533E+01  2.6238E-03  3.4267E-01  2.2711E-02  4.1414E-01 -2.1236E-02
  1.0652E+01  3.5574E+01  2.6230E-03  3.4246E-01  1.3847E-02  4.1174E-01 -1.1302E-02
  1.0665E+01  3.5615E+01  2.6226E-03  3.4232E-01  1.8457E-02  4.2028E-01 -1.6554E-02
  1.0677E+01  3.5655E+01  2.6216E-03  3.4208E-01  2.1127E-02  4.1230E-01 -1.9552E-02
  1.0689E+01  3.5697E+01  2.6210E-03  3.4190E-01  1.2845E-02  4.1515E-01 -1.0006E-02
  1.0701E+01  3.5737E+01  2.6204E-03  3.4173E-01  2.1110E-02  4.1849E-01 -1.9488E-02
  1.0714E+01  3.5778E+01  2.6193E-03  3.4149E-01  1.8381E-02  4.1037E-01 -1.6571E-02
  1.0726E+01  3.5818E+01  2.6190E-03  3.4134E-01  1.3840E-02  4.1875E-01 -1.1213E-02
  1.0738E+01  3.5859E+01  2.6182E-03  3.4114E-01  2.2451E-02  4.1629E-01 -2.0954E-02
  1.0750E+01  3.5900E+01  2.6172E-03  3.4091E-01  1.5215E-02  4.1020E-01 -1.2981E-02
  1.0762E+01  3.5941E+01  2.6169E-03  3.4078E-01  1.6232E-02  4.2006E-01 -1.4051E-02
  1.0775E+01  3.5981E+01  2.6159E-03  3.4055E-01  2.1837E-02  4.1328E-01 -2.0323E-02
  1.0787E+01  3.6022E+01  2.6152E-03  3.4036E-01  1.3131E-02  4.1204E-01 -1.0441E-02
  1.0799E+01  3.6063E+01  2.6148E-03  3.4021E-01  1.9193E-02  4.1914E-01 -1.7401E-02
  1.0811E+01  3.6104E+01  2.6137E-03  3.3997E-01  1.9959E-02  4.1089E-01 -1.8315E-02
  1.0824E+01  3.6145E+01  2.6132E-03  3.3981E-01  1.2755E-02  4.1594E-01 -9.9128E-03
  1.0836E+01  3.6185E+01  2.6126E-03  3.3963E-01  2.1314E-02  4.1730E-01 -1.9736E-02
  1.0848E+01  3.6226E+01  2.6115E-03  3.3940E-01  1.7195E-02  4.0985E-01 -1.5273E-02
  1.0860E+01  3.6267E+01  2.6116E-03  3.3930E-01  8.2345E-03  4.1337E-01 -2.0857E-03
  1.0872E+01  3.6308E+01  2.6122E-03  3.3929E-01  8.0194E-03  4.1522E-01 -5.3006E-04
  1.0885E+01  3.6348E+01  2.6129E-03  3.3928E-01  8.0300E-03  4.1490E-01 -7.3933E-04
  1.0897E+01  3.6389E+01  2.6136E-03  3.3927E-01  8.0302E-03  4.1474E-01 -7.7147E-04
  1.0909E+01  3.6430E+01  2.6142E-03  3.3926E-01  8.0283E-03  4.1469E-01 -7.6011E-04
  1.0921E+01  3.6471E+01  2.6149E-03  3.3925E-01  8.0265E-03  4.1463E-01 -7.4896E-04
  1.0933E+01  3.6511E+01  2.6156E-03  3.3924E-01  8.0246E-03  4.1458E-01 -7.3781E-04
  1.0946E+01  3.6552E+01  2.6162E-03  3.3923E-01  8.0228E-03  4.1453E-01 -7.2667E-04
  1.0958E+01  3.6593E+01  2.6169E-03  3.3923E-01  8.0210E-03  4.1448E-01 -7.1553E-04
  1.0970E+01  3.6634E+01  2.6176E-03  3.3922E-01  8.0192E-03  4.1442E-01 -7.0422E-04
  1.0982E+01  3.6674E+01  2.6182E-03  3.3921E-01  8.0175E-03  4.1437E-01 -6.9310E-04
  1.0995E+01  3.6715E+01  2.6189E-03  3.3920E-01  8.0157E-03  4.1432E-01 -6.8200E-04
  1.1007E+01  3.6756E+01  2.6196E-03  3.3919E-01  8.0140E-03  4.1427E-01 -6.7090E-04
  1.1019E+01  3.6797E+01  2.6202E-03  3.3918E-01  8.0123E-03  4.1422E-01 -6.5963E-04
  1.1031E+01  3.6838E+01  2.6209E-03  3.3917E-01  8.0106E-03  4.1417E-01 -6.4855E-04
  1.1043E+01  3.6878E+01  2.6216E-03  3.3917E-01  8.0089E-03  4.1411E-01 -6.3748E-04
  1.1056E+01  3.6919E+01  2.6222E-03  3.3916E-01  8.0072E-03  4.1406E-01 -6.2642E-04
  1.1068E+01  3.6959E+01  2.6229E-03  3.3915E-01  8.0056E-03  4.1401E-01 -6.1537E-04
  1.1080E+01  3.7001E+01  2.6236E-03  3.3914E-01  8.0039E-03  4.1396E-01 -6.0414E-04
  1.1092E+01  3.7041E+01  2.6242E-03  3.3914E-01  8.0023E-03  4.1391E-01 -5.9311E-04
  1.1105E+01  3.7082E+01  2.6249E-03  3.3913E-01  8.0007E-03  4.1386E-01 -5.8209E-04
  1.1117E+01  3.7122E+01  2.6256E-03  3.3912E-01  7.9992E-03  4.1381E-01 -5.7108E-04
  1.1129E+01  3.7164E+01  2.6263E-03  3.3911E-01  7.9976E-03  4.1376E-01 -5.5988E-04
  1.1141E+01  3.7204E+01  2.6269E-03  3.3911E-01  7.9960E-03  4.1372E-01 -5.4889E-04
  1.1153E+01  3.7245E+01  2.6276E-03  3.3910E-01  7.9945E-03  4.1367E-01 -5.3790E-04
  1.1166E+01  3.7286E+01  2.6282E-03  3.3909E-01  7.9930E-03  4.1362E-01 -5.2692E-04
  1.1178E+01  3.7326E+01  2.6289E-03  3.3909E-01  7.9915E-03  4.1357E-01 -5.1596E-04
  1.1190E+01  3.7367E+01  2.6296E-03  3.3908E-01  7.9900E-03  4.1352E-01 -5.0481E-04
  1.1202E+01  3.7408E+01  2.6303E-03  3.3908E-01  7.9885E-03  4.1347E-01 -4.9386E-04
  1.1214E+01  3.7449E+01  2.6309E-03  3.3907E-01  7.9871E-03  4.1343E-01 -4.8291E-04
  1.1227E+01  3.7489E+01  2.6316E-03  3.3906E-01  7.9857E-03  4.1338E-01 -4.7198E-04
  1.1239E+01  3.7531E+01  2.6323E-03  3.3906E-01  7.9842E-03  4.1333E-01 -4.6087E-04
  1.1251E+01  3.7571E+01  2.6329E-03  3.3905E-01  7.9828E-03  4.1328E-01 -4.4995E-04
  1.1263E+01  3.7612E+01  2.6336E-03  3.3905E-01  7.9815E-03  4.1324E-01 -4.3904E-04
  1.1276E+01  3.7652E+01  2.6343E-03  3.3904E-01  7.9801E-03  4.1319E-01 -4.2814E-04
  1.1288E+01  3.7693E+01  2.6349E-03  3.3904E-01  7.9787E-03  4.1314E-01 -4.1726E-04
  1.1300E+01  3.7734E+01  2.6356E-03  3.3903E-01  7.9774E-03  4.1310E-01 -4.0618E-04
  1.1312E+01  3.7775E+01  2.6363E-03  3.3903E-01  7.9761E-03  4.1305E-01 -3.9531E-04
  1.1324E+01  3.7815E+01  2.6369E-03  3.3902E-01  7.9748E-03  4.1300E-01 -3.8445E-04
  1.1337E+01  3.7856E+01  2.6376E-03  3.3902E-01  7.9735E-03  4.1296E-01 -3.7359E-04
  1.1349E+01  3.7897E+01  2.6383E-03  3.3901E-01  7.9722E-03  4.1291E-01 -3.6255E-04
  1.1361E+01  3.7938E+01  2.6389E-03  3.3901E-01  7.9710E-03  4.1287E-01 -3.5171E-04
  1.1373E+01  3.7979E+01  2.6396E-03  3.3900E-01  7.9697E-03  4.1282E-01 -3.4088E-04
  1.1386E+01  3.8019E+01  2.6403E-03  3.3900E-01  7.9399E-03  4.1157E-01 -1.5420E-04
  1.1398E+01  3.8060E+01  2.6411E-03  3.3902E-01  8.6925E-03  4.1039E-01  3.5932E-03
  1.1410E+01  3.8101E+01  2.6424E-03  3.3909E-01  1.0966E-02  4.1034E-01  7.5925E-03
  1.1422E+01  3.8142E+01  2.6440E-03  3.3920E-01  1.3978E-02  4.1030E-01  1.1525E-02
  1.1434E+01  3.8182E+01  2.6459E-03  3.3937E-01  1.7363E-02  4.1026E-01  1.5459E-02
  1.1447E+01  3.8223E+01  2.6483E-03  3.3958E-01  2.0942E-02  4.1022E-01  1.9396E-02
  1.1459E+01  3.8264E+01  2.6510E-03  3.3984E-01  2.4697E-02  4.1018E-01  2.3403E-02
  1.1471E+01  3.8305E+01  2.6541E-03  3.4015E-01  2.8459E-02  4.1014E-01  2.7345E-02
  1.1483E+01  3.8345E+01  2.6576E-03  3.4051E-01  3.2267E-02  4.1010E-01  3.1291E-02
  1.1495E+01  3.8386E+01  2.6615E-03  3.4091E-01  3.6109E-02  4.1006E-01  3.5242E-02
  1.1508E+01  3.8427E+01  2.6657E-03  3.4136E-01  3.9976E-02  4.1002E-01  3.9197E-02
  1.1520E+01  3.8468E+01  2.6704E-03  3.4187E-01  4.3932E-02  4.0998E-01  4.3227E-02
  1.1532E+01  3.8508E+01  2.6753E-03  3.4242E-01  4.7839E-02  4.0995E-01  4.7194E-02
  1.1544E+01  3.8549E+01  2.6807E-03  3.4302E-01  5.1757E-02  4.0995E-01  5.1164E-02
  1.1557E+01  3.8590E+01  2.6863E-03  3.4365E-01  5.2797E-02  4.1224E-01  5.2211E-02
  1.1569E+01  3.8631E+01  2.6920E-03  3.4430E-01  5.2806E-02  4.1221E-01  5.2222E-02
  1.1581E+01  3.8672E+01  2.6977E-03  3.4493E-01  5.2814E-02  4.1217E-01  5.2233E-02
  1.1593E+01  3.8712E+01  2.7033E-03  3.4557E-01  5.2822E-02  4.1213E-01  5.2243E-02
  1.1605E+01  3.8753E+01  2.7090E-03  3.4620E-01  5.2830E-02  4.1210E-01  5.2254E-02
  1.1618E+01  3.8793E+01  2.7146E-03  3.4684E-01  5.2839E-02  4.1206E-01  5.2265E-02
  1.1630E+01  3.8835E+01  2.7203E-03  3.4749E-01  5.2847E-02  4.1202E-01  5.2275E-02
  1.1642E+01  3.8875E+01  2.7260E-03  3.4812E-01  5.2855E-02  4.1199E-01  5.2286E-02
  1.1654E+01  3.8916E+01  2.7316E-03  3.4876E-01  5.2863E-02  4.1195E-01  5.2296E-02
  1.1666E+01  3.8956E+01  2.7372E-03  3.4939E-01  5.2872E-02  4.1192E-01  5.2307E-02
  1.1679E+01  3.8998E+01  2.7430E-03  3.5004E-01  5.2880E-02  4.1188E-01  5.2317E-02
  1.1691E+01  3.9038E+01  2.7486E-03  3.5067E-01  5.2888E-02  4.1185E-01  5.2328E-02
  1.1703E+01  3.9079E+01  2.7542E-03  3.5131E-01  5.2897E-02  4.1181E-01  5.2338E-02
  1.1715E+01  3.9120E+01  2.7599E-03  3.5195E-01  5.2905E-02  4.1177E-01  5.2349E-02
  1.1728E+01  3.9160E+01  2.7655E-03  3.5258E-01  5.2913E-02  4.1174E-01  5.2359E-02
  1.1740E+01  3.9201E+01  2.7713E-03  3.5323E-01  5.2921E-02  4.1170E-01  5.2370E-02
  1.1752E+01  3.9242E+01  2.7769E-03  3.5387E-01  5.2930E-02  4.1167E-01  5.2380E-02
  1.1764E+01  3.9283E+01  2.7825E-03  3.5450E-01  5.2938E-02  4.1163E-01  5.2391E-02
  1.1776E+01  3.9323E+01  2.7882E-03  3.5514E-01  5.2946E-02  4.1160E-01  5.2401E-02
  1.1789E+01  3.9365E+01  2.7939E-03  3.5579E-01  5.2954E-02  4.1156E-01  5.2411E-02
  1.1801E+01  3.9405E+01  2.7995E-03  3.5643E-01  5.2963E-02  4.1153E-01  5.2422E-02
  1.1813E+01  3.9446E+01  2.8052E-03  3.5706E-01  5.2971E-02  4.1149E-01  5.2432E-02
  1.1825E+01  3.9486E+01  2.8108E-03  3.5770E-01  5.2979E-02  4.1146E-01  5.2442E-02
  1.1838E+01  3.9527E+01  2.8165E-03  3.5834E-01  5.2987E-02  4.1143E-01  5.2453E-02
  1.1850E+01  3.9568E+01  2.8222E-03  3.5899E-01  5.2995E-02  4.1139E-01  5.2463E-02
  1.1862E+01  3.9609E+01  2.8278E-03  3.5962E-01  5.3004E-02  4.1136E-01  5.2473E-02
  1.1874E+01  3.9649E+01  2.8335E-03  3.6026E-01  5.3012E-02  4.1132E-01  5.2484E-02
  1.1886E+01  3.9690E+01  2.8391E-03  3.6090E-01  5.3020E-02  4.1129E-01  5.2494E-02
  1.1899E+01  3.9731E+01  2.8448E-03  3.6155E-01  5.3028E-02  4.1125E-01  5.2504E-02
  1.1909E+01  3.9766E+01  2.8496E-03  3.6209E-01  5.3035E-02  4.1123E-01  5.2513E-02
  1.1911E+01  3.9772E+01  2.8505E-03  3.6219E-01  5.3037E-02  4.1122E-01  5.2514E-02
  1.1923E+01  3.9813E+01  2.8561E-03  3.6283E-01  5.3045E-02  4.1119E-01  5.2525E-02
  1.1935E+01  3.9853E+01  2.8618E-03  3.6346E-01  5.3053E-02  4.1115E-01  5.2535E-02
  1.1947E+01  3.9894E+01  2.8674E-03  3.6410E-01  5.3061E-02  4.1112E-01  5.2545E-02
  1.1960E+01  3.9935E+01  2.8731E-03  3.6475E-01  5.3069E-02  4.1109E-01  5.2555E-02
  1.1972E+01  3.9976E+01  2.8788E-03  3.6539E-01  5.3078E-02  4.1105E-01  5.2565E-02
  1.1984E+01  4.0016E+01  2.8844E-03  3.6603E-01  5.3086E-02  4.1102E-01  5.2576E-02
  1.1996E+01  4.0057E+01  2.8900E-03  3.6667E-01  5.3094E-02  4.1099E-01  5.2586E-02
  1.2009E+01  4.0098E+01  2.8958E-03  3.6732E-01  5.3102E-02  4.1095E-01  5.2596E-02
  1.2021E+01  4.0139E+01  2.9014E-03  3.6796E-01  5.3110E-02  4.1092E-01  5.2606E-02
  1.2033E+01  4.0179E+01  2.9071E-03  3.6860E-01  5.3119E-02  4.1089E-01  5.2616E-02
  1.2045E+01  4.0220E+01  2.9127E-03  3.6924E-01  5.3127E-02  4.1086E-01  5.2626E-02
  1.2057E+01  4.0261E+01  2.9183E-03  3.6988E-01  5.3135E-02  4.1082E-01  5.2636E-02
  1.2070E+01  4.0302E+01  2.9241E-03  3.7053E-01  5.3143E-02  4.1079E-01  5.2646E-02
  1.2082E+01  4.0342E+01  2.9297E-03  3.7117E-01  5.3151E-02  4.1076E-01  5.2656E-02
  1.2094E+01  4.0383E+01  2.9353E-03  3.7181E-01  5.3195E-02  4.1059E-01  5.2703E-02
  1.2106E+01  4.0424E+01  2.9410E-03  3.7245E-01  5.3562E-02  4.1013E-01  5.3076E-02
  1.2119E+01  4.0465E+01  2.9468E-03  3.7311E-01  5.2746E-02  4.1122E-01  5.2251E-02
  1.2131E+01  4.0506E+01  2.9518E-03  3.7367E-01  3.6897E-02  4.1917E-01  3.6161E-02
  1.2143E+01  4.0546E+01  2.9550E-03  3.7400E-01  2.5156E-02  4.0827E-01  2.4126E-02
  1.2155E+01  4.0587E+01  2.9585E-03  3.7437E-01  3.8592E-02  4.0522E-01  3.7942E-02
  1.2167E+01  4.0627E+01  2.9626E-03  3.7482E-01  3.1496E-02  4.1707E-01  3.0652E-02
  1.2180E+01  4.0669E+01  2.9657E-03  3.7514E-01  2.7332E-02  4.0583E-01  2.6413E-02
  1.2192E+01  4.0709E+01  2.9696E-03  3.7555E-01  4.0271E-02  4.0978E-01  3.9643E-02
  1.2204E+01  4.0750E+01  2.9734E-03  3.7597E-01  2.7213E-02  4.1461E-01  2.6258E-02
  1.2216E+01  4.0790E+01  2.9764E-03  3.7628E-01  3.0941E-02  4.0367E-01  3.0152E-02
  1.2229E+01  4.0832E+01  2.9806E-03  3.7673E-01  3.8274E-02  4.1540E-01  3.7605E-02
  1.2241E+01  4.0872E+01  2.9840E-03  3.7709E-01  2.4859E-02  4.1134E-01  2.3841E-02
  1.2253E+01  4.0913E+01  2.9872E-03  3.7743E-01  3.5687E-02  4.0352E-01  3.5016E-02
  1.2265E+01  4.0954E+01  2.9914E-03  3.7789E-01  3.4359E-02  4.1736E-01  3.3615E-02
  1.2277E+01  4.0994E+01  2.9945E-03  3.7821E-01  2.5467E-02  4.0754E-01  2.4507E-02
  1.2290E+01  4.1035E+01  2.9981E-03  3.7860E-01  3.9231E-02  4.0619E-01  3.8622E-02
  1.2302E+01  4.1076E+01  3.0021E-03  3.7904E-01  2.9465E-02  4.1617E-01  2.8612E-02
  1.2314E+01  4.1117E+01  3.0051E-03  3.7934E-01  2.7931E-02  4.0449E-01  2.7084E-02
  1.2326E+01  4.1157E+01  3.0090E-03  3.7976E-01  3.9724E-02  4.1145E-01  3.9115E-02
  1.2339E+01  4.1199E+01  3.0127E-03  3.8016E-01  2.5804E-02  4.1335E-01  2.4852E-02
  1.2351E+01  4.1239E+01  3.0157E-03  3.8048E-01  3.2319E-02  4.0308E-01  3.1606E-02
  1.2363E+01  4.1280E+01  3.0198E-03  3.8093E-01  3.7023E-02  4.1599E-01  3.6364E-02
  1.2375E+01  4.1320E+01  3.0231E-03  3.8128E-01  2.4809E-02  4.0955E-01  2.3850E-02
  1.2387E+01  4.1361E+01  3.0264E-03  3.8162E-01  3.6590E-02  4.0363E-01  3.5968E-02
  1.2400E+01  4.1402E+01  3.0306E-03  3.8208E-01  3.2243E-02  4.1710E-01  3.1490E-02
  1.2412E+01  4.1443E+01  3.0336E-03  3.8239E-01  2.5661E-02  4.0575E-01  2.4766E-02
  1.2424E+01  4.1483E+01  3.0372E-03  3.8278E-01  3.9455E-02  4.0746E-01  3.8876E-02
  1.2436E+01  4.1524E+01  3.0410E-03  3.8320E-01  2.7870E-02  4.1526E-01  2.7016E-02
  1.2449E+01  4.1565E+01  3.0440E-03  3.8351E-01  2.9090E-02  4.0358E-01  2.8322E-02
  1.2461E+01  4.1606E+01  3.0480E-03  3.8394E-01  3.8866E-02  4.1289E-01  3.8271E-02
  1.2473E+01  4.1647E+01  3.0515E-03  3.8432E-01  2.5232E-02  4.1175E-01  2.4315E-02
  1.2485E+01  4.1687E+01  3.0545E-03  3.8464E-01  3.3365E-02  4.0274E-01  3.2710E-02
  1.2497E+01  4.1728E+01  3.0586E-03  3.8509E-01  3.5404E-02  4.1660E-01  3.4747E-02
  1.2510E+01  4.1769E+01  3.0618E-03  3.8542E-01  2.4311E-02  4.0735E-01  2.3392E-02
  1.2522E+01  4.1810E+01  3.0652E-03  3.8578E-01  3.7680E-02  4.0434E-01  3.7105E-02
  1.2534E+01  4.1850E+01  3.0691E-03  3.8622E-01  3.0434E-02  4.1660E-01  2.9678E-02
  1.2546E+01  4.1891E+01  3.0721E-03  3.8652E-01  2.6234E-02  4.0480E-01  2.5407E-02
  1.2559E+01  4.1932E+01  3.0758E-03  3.8693E-01  3.9370E-02  4.0891E-01  3.8814E-02
  1.2571E+01  4.1973E+01  3.0795E-03  3.8734E-01  2.6633E-02  4.1375E-01  2.5789E-02
  1.2583E+01  4.2013E+01  3.0825E-03  3.8764E-01  3.0053E-02  4.0296E-01  2.9350E-02
  1.2595E+01  4.2054E+01  3.0864E-03  3.8808E-01  3.7718E-02  4.1419E-01  3.7131E-02
  1.2607E+01  4.2095E+01  3.0898E-03  3.8843E-01  2.4196E-02  4.1079E-01  2.3291E-02
  1.2620E+01  4.2136E+01  3.0929E-03  3.8877E-01  3.4801E-02  4.0262E-01  3.4206E-02
  1.2632E+01  4.2176E+01  3.0970E-03  3.8921E-01  3.3319E-02  4.1696E-01  3.2653E-02
  1.2644E+01  4.2217E+01  3.0999E-03  3.8953E-01  2.4464E-02  4.0624E-01  2.3601E-02
  1.2656E+01  4.2258E+01  3.1034E-03  3.8990E-01  3.8192E-02  4.0507E-01  3.7651E-02
  1.2669E+01  4.2299E+01  3.1073E-03  3.9033E-01  2.8835E-02  4.1551E-01  2.8079E-02
  1.2681E+01  4.2340E+01  3.1102E-03  3.9063E-01  2.7175E-02  4.0394E-01  2.6420E-02
  1.2693E+01  4.2380E+01  3.1140E-03  3.9104E-01  3.8884E-02  4.1038E-01  3.8345E-02
  1.2705E+01  4.2421E+01  3.1175E-03  3.9143E-01  2.5286E-02  4.1280E-01  2.4444E-02
  1.2717E+01  4.2461E+01  3.1204E-03  3.9173E-01  3.1151E-02  4.0224E-01  3.0508E-02
  1.2730E+01  4.2503E+01  3.1245E-03  3.9218E-01  3.6014E-02  4.1566E-01  3.5425E-02
  1.2742E+01  4.2543E+01  3.1276E-03  3.9252E-01  2.3657E-02  4.0836E-01  2.2786E-02
  1.2754E+01  4.2584E+01  3.1308E-03  3.9285E-01  3.5741E-02  4.0284E-01  3.5189E-02
  1.2766E+01  4.2624E+01  3.1347E-03  3.9329E-01  3.1863E-02  4.1661E-01  3.1201E-02
  1.2778E+01  4.2666E+01  3.1377E-03  3.9361E-01  2.5056E-02  4.0538E-01  2.4259E-02
  1.2791E+01  4.2706E+01  3.1412E-03  3.9399E-01  3.8540E-02  4.0645E-01  3.8026E-02
  1.2803E+01  4.2747E+01  3.1450E-03  3.9440E-01  2.7223E-02  4.1464E-01  2.6463E-02
  1.2815E+01  4.2788E+01  3.1478E-03  3.9469E-01  2.7975E-02  4.0283E-01  2.7282E-02
  1.2827E+01  4.2828E+01  3.1516E-03  3.9511E-01  3.8047E-02  4.1220E-01  3.7518E-02
  1.2840E+01  4.2869E+01  3.1550E-03  3.9549E-01  2.4140E-02  4.1150E-01  2.3304E-02
  1.2852E+01  4.2910E+01  3.1580E-03  3.9580E-01  3.2557E-02  4.0197E-01  3.1974E-02
  1.2864E+01  4.2951E+01  3.1619E-03  3.9624E-01  3.4674E-02  4.1607E-01  3.4090E-02
  1.2876E+01  4.2991E+01  3.1650E-03  3.9656E-01  2.3838E-02  4.0748E-01  2.3019E-02
  1.2888E+01  4.3033E+01  3.1683E-03  3.9692E-01  3.6729E-02  4.0350E-01  3.6216E-02
  1.2901E+01  4.3073E+01  3.1722E-03  3.9735E-01  2.9805E-02  4.1609E-01  2.9132E-02
  1.2913E+01  4.3114E+01  3.1750E-03  3.9764E-01  2.5406E-02  4.0400E-01  2.4663E-02
  1.2925E+01  4.3154E+01  3.1785E-03  3.9804E-01  3.8469E-02  4.0810E-01  3.7974E-02
  1.2937E+01  4.3195E+01  3.1821E-03  3.9843E-01  2.5812E-02  4.1369E-01  2.5052E-02
  1.2950E+01  4.3236E+01  3.1850E-03  3.9873E-01  2.9268E-02  4.0217E-01  2.8640E-02
  1.2962E+01  4.3277E+01  3.1888E-03  3.9916E-01  3.6939E-02  4.1362E-01  3.6416E-02
  1.2974E+01  4.3317E+01  3.1921E-03  3.9951E-01  2.3815E-02  4.0981E-01  2.3015E-02
  1.2986E+01  4.3358E+01  3.1951E-03  3.9983E-01  3.3587E-02  4.0191E-01  3.3048E-02
  1.2998E+01  4.3399E+01  3.1991E-03  4.0027E-01  3.2690E-02  4.1647E-01  3.2097E-02
  1.3011E+01  4.3440E+01  3.2020E-03  4.0058E-01  2.3679E-02  4.0552E-01  2.2902E-02
  1.3023E+01  4.3481E+01  3.2053E-03  4.0094E-01  3.7350E-02  4.0450E-01  3.6866E-02
  1.3035E+01  4.3521E+01  3.2090E-03  4.0136E-01  2.8116E-02  4.1542E-01  2.7437E-02
  1.3047E+01  4.3562E+01  3.2118E-03  4.0165E-01  2.6154E-02  4.0321E-01  2.5469E-02
  1.3059E+01  4.3603E+01  3.2155E-03  4.0205E-01  3.8071E-02  4.0976E-01  3.7590E-02
  1.3072E+01  4.3644E+01  3.2189E-03  4.0243E-01  2.4818E-02  4.1207E-01  2.4070E-02
  1.3084E+01  4.3684E+01  3.2218E-03  4.0273E-01  3.0303E-02  4.0176E-01  2.9726E-02
  1.3096E+01  4.3725E+01  3.2256E-03  4.0316E-01  3.5599E-02  4.1482E-01  3.5078E-02
  1.3108E+01  4.3766E+01  3.2288E-03  4.0350E-01  2.2960E-02  4.0790E-01  2.2176E-02
  1.3121E+01  4.3807E+01  3.2318E-03  4.0383E-01  3.4930E-02  4.0223E-01  3.4436E-02
  1.3133E+01  4.3847E+01  3.2357E-03  4.0426E-01  3.0900E-02  4.1643E-01  3.0302E-02
  1.3145E+01  4.3888E+01  3.2385E-03  4.0456E-01  2.4052E-02  4.0458E-01  2.3326E-02
  1.3157E+01  4.3929E+01  3.2418E-03  4.0492E-01  3.7634E-02  4.0552E-01  3.7174E-02
  1.3169E+01  4.3970E+01  3.2456E-03  4.0534E-01  2.6695E-02  4.1413E-01  2.6017E-02
  1.3182E+01  4.4010E+01  3.2483E-03  4.0563E-01  2.7245E-02  4.0249E-01  2.6622E-02
  1.3194E+01  4.4051E+01  3.2520E-03  4.0604E-01  3.7320E-02  4.1139E-01  3.6849E-02
  1.3206E+01  4.4092E+01  3.2553E-03  4.0640E-01  2.3645E-02  4.1116E-01  2.2898E-02
  1.3218E+01  4.4133E+01  3.2582E-03  4.0670E-01  3.1765E-02  4.0136E-01  3.1241E-02
  1.3231E+01  4.4174E+01  3.2620E-03  4.0714E-01  3.3734E-02  4.1596E-01  3.3206E-02
  1.3243E+01  4.4214E+01  3.2649E-03  4.0745E-01  2.2835E-02  4.0628E-01  2.2088E-02
  1.3255E+01  4.4255E+01  3.2681E-03  4.0779E-01  3.5728E-02  4.0275E-01  3.5266E-02
  1.3267E+01  4.4295E+01  3.2719E-03  4.0821E-01  2.9512E-02  4.1583E-01  2.8916E-02
  1.3279E+01  4.4337E+01  3.2746E-03  4.0851E-01  2.4818E-02  4.0380E-01  2.4150E-02
  1.3292E+01  4.4377E+01  3.2781E-03  4.0889E-01  3.7661E-02  4.0726E-01  3.7219E-02
  1.3304E+01  4.4418E+01  3.2816E-03  4.0928E-01  2.5232E-02  4.1323E-01  2.4550E-02
  1.3316E+01  4.4458E+01  3.2843E-03  4.0957E-01  2.8210E-02  4.0164E-01  2.7638E-02
  1.3328E+01  4.4499E+01  3.2880E-03  4.0998E-01  3.6227E-02  4.1320E-01  3.5759E-02
  1.3340E+01  4.4540E+01  3.2912E-03  4.1033E-01  2.2770E-02  4.0980E-01  2.2034E-02
  1.3353E+01  4.4581E+01  3.2941E-03  4.1064E-01  3.2841E-02  4.0139E-01  3.2358E-02
  1.3365E+01  4.4622E+01  3.2979E-03  4.1107E-01  3.2352E-02  4.1610E-01  3.1827E-02
  1.3377E+01  4.4662E+01  3.3008E-03  4.1137E-01  2.3167E-02  4.0574E-01  2.2468E-02
  1.3389E+01  4.4703E+01  3.3040E-03  4.1173E-01  3.6486E-02  4.0381E-01  3.6052E-02
  1.3402E+01  4.4744E+01  3.3077E-03  4.1214E-01  2.7555E-02  4.1507E-01  2.6947E-02
  1.3414E+01  4.4785E+01  3.3103E-03  4.1242E-01  2.5393E-02  4.0263E-01  2.4774E-02
  1.3426E+01  4.4825E+01  3.3139E-03  4.1281E-01  3.7285E-02  4.0920E-01  3.6854E-02
  1.3438E+01  4.4866E+01  3.3172E-03  4.1319E-01  2.4020E-02  4.1225E-01  2.3338E-02
  1.3450E+01  4.4907E+01  3.3200E-03  4.1348E-01  2.9589E-02  4.0123E-01  2.9070E-02
  1.3463E+01  4.4948E+01  3.3237E-03  4.1390E-01  3.4915E-02  4.1446E-01  3.4449E-02
  1.3475E+01  4.4988E+01  3.3268E-03  4.1423E-01  2.2700E-02  4.0804E-01  2.2001E-02
  1.3487E+01  4.5029E+01  3.3297E-03  4.1455E-01  3.3803E-02  4.0163E-01  3.3354E-02
  1.3499E+01  4.5070E+01  3.3335E-03  4.1498E-01  3.0346E-02  4.1613E-01  2.9810E-02
  1.3512E+01  4.5111E+01  3.3362E-03  4.1527E-01  2.3323E-02  4.0405E-01  2.2665E-02
  1.3524E+01  4.5151E+01  3.3395E-03  4.1563E-01  3.6849E-02  4.0521E-01  3.6435E-02
  1.3536E+01  4.5192E+01  3.3431E-03  4.1603E-01  2.6015E-02  4.1427E-01  2.5401E-02
  1.3548E+01  4.5233E+01  3.3457E-03  4.1630E-01  2.6286E-02  4.0202E-01  2.5717E-02
  1.3560E+01  4.5274E+01  3.3493E-03  4.1671E-01  3.6592E-02  4.1098E-01  3.6169E-02
  1.3573E+01  4.5315E+01  3.3525E-03  4.1707E-01  2.3283E-02  4.1052E-01  2.2616E-02
  1.3585E+01  4.5355E+01  3.3553E-03  4.1736E-01  3.0657E-02  4.0105E-01  3.0178E-02
  1.3597E+01  4.5396E+01  3.3590E-03  4.1778E-01  3.3431E-02  4.1544E-01  3.2962E-02
  1.3609E+01  4.5437E+01  3.3619E-03  4.1810E-01  2.2163E-02  4.0586E-01  2.1486E-02
  1.3621E+01  4.5478E+01  3.3649E-03  4.1843E-01  3.4980E-02  4.0239E-01  3.4564E-02
  1.3634E+01  4.5518E+01  3.3686E-03  4.1884E-01  2.8618E-02  4.1582E-01  2.8075E-02
  1.3646E+01  4.5559E+01  3.3713E-03  4.1912E-01  2.3888E-02  4.0327E-01  2.3277E-02
  1.3658E+01  4.5599E+01  3.3746E-03  4.1950E-01  3.6887E-02  4.0650E-01  3.6489E-02
  1.3670E+01  4.5641E+01  3.3781E-03  4.1989E-01  2.4799E-02  4.1282E-01  2.4187E-02
  1.3683E+01  4.5681E+01  3.3807E-03  4.2017E-01  2.7501E-02  4.0148E-01  2.6983E-02
  1.3695E+01  4.5722E+01  3.3844E-03  4.2057E-01  3.5600E-02  4.1265E-01  3.5181E-02
  1.3707E+01  4.5763E+01  3.3874E-03  4.2091E-01  2.2282E-02  4.0966E-01  2.1618E-02
  1.3719E+01  4.5804E+01  3.3902E-03  4.2122E-01  3.2115E-02  4.0103E-01  3.1679E-02
  1.3731E+01  4.5844E+01  3.3940E-03  4.2164E-01  3.1475E-02  4.1617E-01  3.0997E-02
  1.3744E+01  4.5885E+01  3.3967E-03  4.2193E-01  2.2307E-02  4.0488E-01  2.1667E-02
  1.3756E+01  4.5926E+01  3.3998E-03  4.2227E-01  3.5592E-02  4.0322E-01  3.5199E-02
  1.3768E+01  4.5966E+01  3.4034E-03  4.2268E-01  2.7333E-02  4.1501E-01  2.6791E-02
  1.3780E+01  4.6008E+01  3.4060E-03  4.2296E-01  2.4815E-02  4.0260E-01  2.4254E-02
  1.3792E+01  4.6048E+01  3.4095E-03  4.2335E-01  3.6581E-02  4.0856E-01  3.6193E-02
  1.3805E+01  4.6089E+01  3.4127E-03  4.2371E-01  2.3495E-02  4.1195E-01  2.2879E-02
  1.3817E+01  4.6129E+01  3.4153E-03  4.2399E-01  2.8586E-02  4.0092E-01  2.8111E-02
  1.3829E+01  4.6171E+01  3.4191E-03  4.2441E-01  3.4067E-02  4.1458E-01  3.3643E-02
  1.3841E+01  4.6211E+01  3.4220E-03  4.2473E-01  2.1707E-02  4.0755E-01  2.1061E-02
  1.3854E+01  4.6252E+01  3.4248E-03  4.2504E-01  3.3110E-02  4.0135E-01  3.2705E-02
  1.3866E+01  4.6292E+01  3.4285E-03  4.2545E-01  3.0100E-02  4.1604E-01  2.9621E-02
  1.3878E+01  4.6333E+01  3.4311E-03  4.2574E-01  2.2771E-02  4.0437E-01  2.2173E-02
  1.3890E+01  4.6374E+01  3.4344E-03  4.2610E-01  3.6074E-02  4.0468E-01  3.5700E-02
  1.3902E+01  4.6415E+01  3.4378E-03  4.2649E-01  2.5514E-02  4.1408E-01  2.4959E-02
  1.3915E+01  4.6456E+01  3.4404E-03  4.2676E-01  2.5587E-02  4.0166E-01  2.5069E-02
  1.3927E+01  4.6496E+01  3.4439E-03  4.2715E-01  3.5911E-02  4.1069E-01  3.5529E-02
  1.3939E+01  4.6537E+01  3.4470E-03  4.2751E-01  2.2363E-02  4.1071E-01  2.1746E-02
  1.3951E+01  4.6578E+01  3.4497E-03  4.2779E-01  3.0000E-02  4.0079E-01  2.9567E-02
  1.3964E+01  4.6619E+01  3.4533E-03  4.2821E-01  3.2837E-02  4.1530E-01  3.2415E-02
  1.3976E+01  4.6659E+01  3.4561E-03  4.2851E-01  2.1877E-02  4.0651E-01  2.1267E-02
  1.3988E+01  4.6700E+01  3.4591E-03  4.2883E-01  3.3955E-02  4.0189E-01  3.3575E-02
  1.4000E+01  4.6741E+01  3.4627E-03  4.2925E-01  2.8127E-02  4.1571E-01  2.7637E-02
  1.4012E+01  4.6782E+01  3.4653E-03  4.2952E-01  2.3211E-02  4.0294E-01  2.2654E-02
  1.4025E+01  4.6822E+01  3.4685E-03  4.2989E-01  3.6149E-02  4.0646E-01  3.5789E-02
  1.4037E+01  4.6863E+01  3.4719E-03  4.3026E-01  2.4143E-02  4.1320E-01  2.3583E-02
  1.4049E+01  4.6904E+01  3.4744E-03  4.3054E-01  2.6860E-02  4.0116E-01  2.6389E-02
  1.4061E+01  4.6945E+01  3.4780E-03  4.3094E-01  3.4956E-02  4.1245E-01  3.4577E-02
  1.4073E+01  4.6985E+01  3.4810E-03  4.3127E-01  2.2023E-02  4.0909E-01  2.1428E-02
  1.4086E+01  4.7026E+01  3.4837E-03  4.3157E-01  3.1058E-02  4.0084E-01  3.0657E-02
  1.4098E+01  4.7067E+01  3.4873E-03  4.3198E-01  3.1260E-02  4.1597E-01  3.0833E-02
  1.4110E+01  4.7108E+01  3.4900E-03  4.3227E-01  2.1672E-02  4.0459E-01  2.1087E-02
  1.4122E+01  4.7149E+01  3.4930E-03  4.3261E-01  3.4898E-02  4.0308E-01  3.4542E-02
  1.4135E+01  4.7189E+01  3.4965E-03  4.3300E-01  2.6500E-02  4.1517E-01  2.6003E-02
  1.4147E+01  4.7230E+01  3.4990E-03  4.3327E-01  2.3945E-02  4.0231E-01  2.3429E-02
  1.4159E+01  4.7271E+01  3.5024E-03  4.3365E-01  3.5904E-02  4.0834E-01  3.5553E-02
  1.4171E+01  4.7312E+01  3.5056E-03  4.3401E-01  2.3152E-02  4.1161E-01  2.2597E-02
  1.4183E+01  4.7352E+01  3.5081E-03  4.3429E-01  2.7896E-02  4.0091E-01  2.7463E-02
  1.4196E+01  4.7393E+01  3.5117E-03  4.3469E-01  3.3758E-02  4.1402E-01  3.3378E-02
  1.4208E+01  4.7433E+01  3.5146E-03  4.3501E-01  2.1198E-02  4.0803E-01  2.0608E-02
  1.4220E+01  4.7475E+01  3.5173E-03  4.3531E-01  3.2442E-02  4.0120E-01  3.2073E-02
  1.4232E+01  4.7515E+01  3.5209E-03  4.3572E-01  2.9282E-02  4.1625E-01  2.8843E-02
  1.4245E+01  4.7556E+01  3.5235E-03  4.3600E-01  2.2029E-02  4.0378E-01  2.1480E-02
  1.4257E+01  4.7597E+01  3.5266E-03  4.3634E-01  3.5290E-02  4.0419E-01  3.4951E-02
  1.4269E+01  4.7638E+01  3.5300E-03  4.3673E-01  2.5111E-02  4.1393E-01  2.4610E-02
  1.4281E+01  4.7678E+01  3.5325E-03  4.3700E-01  2.5014E-02  4.0175E-01  2.4543E-02
  1.4293E+01  4.7719E+01  3.5359E-03  4.3739E-01  3.5303E-02  4.1021E-01  3.4958E-02
  1.4306E+01  4.7760E+01  3.5390E-03  4.3773E-01  2.2012E-02  4.1076E-01  2.1454E-02
  1.4318E+01  4.7800E+01  3.5415E-03  4.3801E-01  2.9055E-02  4.0063E-01  2.8657E-02
  1.4330E+01  4.7842E+01  3.5451E-03  4.3842E-01  3.2040E-02  4.1557E-01  3.1653E-02
  1.4342E+01  4.7882E+01  3.5478E-03  4.3872E-01  2.0988E-02  4.0564E-01  2.0424E-02
  1.4354E+01  4.7923E+01  3.5507E-03  4.3903E-01  3.3307E-02  4.0177E-01  3.2962E-02
  1.4367E+01  4.7963E+01  3.5542E-03  4.3943E-01  2.7954E-02  4.1581E-01  2.7515E-02
  1.4379E+01  4.8005E+01  3.5567E-03  4.3971E-01  2.2778E-02  4.0315E-01  2.2271E-02
  1.4391E+01  4.8045E+01  3.5599E-03  4.4006E-01  3.5463E-02  4.0601E-01  3.5136E-02
  1.4403E+01  4.8086E+01  3.5632E-03  4.4043E-01  2.3692E-02  4.1309E-01  2.3184E-02
  1.4416E+01  4.8126E+01  3.5656E-03  4.4070E-01  2.5949E-02  4.0107E-01  2.5515E-02
  1.4428E+01  4.8167E+01  3.5691E-03  4.4109E-01  3.4367E-02  4.1237E-01  3.4022E-02
  1.4440E+01  4.8208E+01  3.5720E-03  4.4142E-01  2.1136E-02  4.0945E-01  2.0581E-02
  1.4452E+01  4.8249E+01  3.5746E-03  4.4171E-01  3.0448E-02  4.0076E-01  3.0083E-02
  1.4464E+01  4.8290E+01  3.5782E-03  4.4211E-01  3.0750E-02  4.1598E-01  3.0362E-02
  1.4477E+01  4.8330E+01  3.5808E-03  4.4240E-01  2.1328E-02  4.0524E-01  2.0796E-02
  1.4489E+01  4.8371E+01  3.5838E-03  4.4273E-01  3.4162E-02  4.0283E-01  3.3837E-02
  1.4501E+01  4.8412E+01  3.5872E-03  4.4312E-01  2.6064E-02  4.1516E-01  2.5612E-02
  1.4513E+01  4.8453E+01  3.5896E-03  4.4338E-01  2.3316E-02  4.0213E-01  2.2844E-02
  1.4526E+01  4.8493E+01  3.5928E-03  4.4375E-01  3.5239E-02  4.0811E-01  3.4920E-02
  1.4538E+01  4.8534E+01  3.5960E-03  4.4410E-01  2.2505E-02  4.1215E-01  2.1994E-02
  1.4550E+01  4.8575E+01  3.5985E-03  4.4437E-01  2.7312E-02  4.0080E-01  2.6916E-02
  1.4562E+01  4.8616E+01  3.6020E-03  4.4477E-01  3.3193E-02  4.1397E-01  3.2848E-02
  1.4574E+01  4.8656E+01  3.6047E-03  4.4508E-01  2.1034E-02  4.0775E-01  2.0504E-02
  1.4587E+01  4.8697E+01  3.6074E-03  4.4538E-01  3.1449E-02  4.0106E-01  3.1109E-02
  1.4599E+01  4.8738E+01  3.6110E-03  4.4578E-01  2.8845E-02  4.1627E-01  2.8448E-02
  1.4611E+01  4.8779E+01  3.6135E-03  4.4606E-01  2.1431E-02  4.0362E-01  2.0927E-02
  1.4623E+01  4.8819E+01  3.6164E-03  4.4639E-01  3.4640E-02  4.0423E-01  3.4331E-02
  1.4635E+01  4.8860E+01  3.6198E-03  4.4677E-01  2.4569E-02  4.1443E-01  2.4110E-02
  1.4648E+01  4.8901E+01  3.6221E-03  4.4703E-01  2.4191E-02  4.0167E-01  2.3755E-02
  1.4660E+01  4.8942E+01  3.6255E-03  4.4741E-01  3.4695E-02  4.1013E-01  3.4381E-02
  1.4672E+01  4.8983E+01  3.6285E-03  4.4775E-01  2.1755E-02  4.1045E-01  2.1251E-02
  1.4684E+01  4.9023E+01  3.6310E-03  4.4802E-01  2.8384E-02  4.0074E-01  2.8019E-02
  1.4697E+01  4.9064E+01  3.6345E-03  4.4842E-01  3.1833E-02  4.1529E-01  3.1485E-02
  1.4709E+01  4.9105E+01  3.6372E-03  4.4872E-01  2.0450E-02  4.0562E-01  1.9932E-02
  1.4721E+01  4.9146E+01  3.6399E-03  4.4903E-01  3.2688E-02  4.0178E-01  3.2373E-02
  1.4733E+01  4.9186E+01  3.6434E-03  4.4942E-01  2.7190E-02  4.1613E-01  2.6785E-02
  1.4745E+01  4.9227E+01  3.6458E-03  4.4969E-01  2.1976E-02  4.0297E-01  2.1505E-02
  1.4758E+01  4.9267E+01  3.6488E-03  4.5003E-01  3.4793E-02  4.0559E-01  3.4495E-02
  1.4770E+01  4.9309E+01  3.6521E-03  4.5040E-01  2.3366E-02  4.1300E-01  2.2905E-02
  1.4782E+01  4.9349E+01  3.6545E-03  4.5066E-01  2.5380E-02  4.0127E-01  2.4982E-02
  1.4794E+01  4.9390E+01  3.6578E-03  4.5105E-01  3.3846E-02  4.1207E-01  3.3533E-02
  1.4806E+01  4.9431E+01  3.6607E-03  4.5137E-01  2.0778E-02  4.0963E-01  2.0273E-02
  1.4819E+01  4.9472E+01  3.6633E-03  4.5165E-01  2.9845E-02  4.0078E-01  2.9511E-02
  1.4831E+01  4.9512E+01  3.6667E-03  4.5205E-01  3.0000E-02  4.1637E-01  2.9643E-02
  1.4843E+01  4.9553E+01  3.6693E-03  4.5233E-01  2.0569E-02  4.0465E-01  2.0076E-02
  1.4855E+01  4.9594E+01  3.6721E-03  4.5264E-01  3.3380E-02  4.0261E-01  3.3083E-02
  1.4868E+01  4.9634E+01  3.6754E-03  4.5303E-01  2.5948E-02  4.1540E-01  2.5541E-02
  1.4880E+01  4.9676E+01  3.6779E-03  4.5330E-01  2.2876E-02  4.0243E-01  2.2443E-02
  1.4892E+01  4.9716E+01  3.6810E-03  4.5366E-01  3.4639E-02  4.0775E-01  3.4348E-02
  1.4904E+01  4.9757E+01  3.6841E-03  4.5400E-01  2.2095E-02  4.1214E-01  2.1628E-02
  1.4916E+01  4.9797E+01  3.6865E-03  4.5426E-01  2.6439E-02  4.0085E-01  2.6073E-02
  1.4929E+01  4.9839E+01  3.6899E-03  4.5466E-01  3.2472E-02  4.1440E-01  3.2155E-02
  1.4941E+01  4.9879E+01  3.6926E-03  4.5496E-01  2.0172E-02  4.0801E-01  1.9675E-02
  1.4953E+01  4.9920E+01  3.6952E-03  4.5525E-01  3.0877E-02  4.0112E-01  3.0567E-02
  1.4965E+01  4.9960E+01  3.6986E-03  4.5564E-01  2.8697E-02  4.1642E-01  2.8338E-02
  1.4978E+01  5.0001E+01  3.7011E-03  4.5592E-01  2.1030E-02  4.0426E-01  2.0567E-02
  1.4990E+01  5.0042E+01  3.7040E-03  4.5625E-01  3.3974E-02  4.0403E-01  3.3691E-02
  1.5002E+01  5.0083E+01  3.7073E-03  4.5662E-01  2.4177E-02  4.1451E-01  2.3758E-02
  1.5014E+01  5.0124E+01  3.7096E-03  4.5688E-01  2.3608E-02  4.0164E-01  2.3206E-02
  1.5026E+01  5.0164E+01  3.7128E-03  4.5724E-01  3.4120E-02  4.1007E-01  3.3833E-02
  1.5039E+01  5.0205E+01  3.7158E-03  4.5758E-01  2.0968E-02  4.1092E-01  2.0497E-02
  1.5051E+01  5.0246E+01  3.7182E-03  4.5785E-01  2.7844E-02  4.0081E-01  2.7509E-02
  1.5063E+01  5.0287E+01  3.7216E-03  4.5824E-01  3.1344E-02  4.1538E-01  3.1026E-02
  1.5075E+01  5.0327E+01  3.7242E-03  4.5853E-01  2.0310E-02  4.0656E-01  1.9839E-02
  1.5087E+01  5.0368E+01  3.7269E-03  4.5883E-01  3.1774E-02  4.0166E-01  3.1483E-02
  1.5100E+01  5.0409E+01  3.7303E-03  4.5922E-01  2.6804E-02  4.1626E-01  2.6434E-02
  1.5112E+01  5.0450E+01  3.7326E-03  4.5948E-01  2.1413E-02  4.0293E-01  2.0979E-02
  1.5124E+01  5.0490E+01  3.7356E-03  4.5982E-01  3.4178E-02  4.0581E-01  3.3905E-02
  1.5136E+01  5.0531E+01  3.7388E-03  4.6018E-01  2.2837E-02  4.1365E-01  2.2411E-02
  1.5149E+01  5.0572E+01  3.7411E-03  4.6044E-01  2.4848E-02  4.0127E-01  2.4482E-02
  1.5161E+01  5.0613E+01  3.7444E-03  4.6081E-01  3.3306E-02  4.1210E-01  3.3020E-02
  1.5173E+01  5.0653E+01  3.7472E-03  4.6113E-01  2.0606E-02  4.0932E-01  2.0148E-02
  1.5185E+01  5.0694E+01  3.7496E-03  4.6140E-01  2.8914E-02  4.0093E-01  2.8604E-02
  1.5197E+01  5.0735E+01  3.7530E-03  4.6180E-01  2.9873E-02  4.1634E-01  2.9551E-02
  1.5210E+01  5.0776E+01  3.7556E-03  4.6208E-01  2.0048E-02  4.0465E-01  1.9593E-02
  1.5222E+01  5.0817E+01  3.7583E-03  4.6239E-01  3.2802E-02  4.0276E-01  3.2529E-02
  1.5234E+01  5.0857E+01  3.7616E-03  4.6276E-01  2.5232E-02  4.1581E-01  2.4854E-02
  1.5246E+01  5.0898E+01  3.7639E-03  4.6302E-01  2.2121E-02  4.0244E-01  2.1718E-02
  1.5259E+01  5.0939E+01  3.7670E-03  4.6337E-01  3.4069E-02  4.0778E-01  3.3803E-02
  1.5271E+01  5.0980E+01  3.7700E-03  4.6372E-01  2.1843E-02  4.1205E-01  2.1418E-02
  1.5283E+01  5.1020E+01  3.7723E-03  4.6398E-01  2.5874E-02  4.0114E-01  2.5536E-02
  1.5295E+01  5.1061E+01  3.7756E-03  4.6436E-01  3.2239E-02  4.1397E-01  3.1951E-02
  1.5307E+01  5.1101E+01  3.7783E-03  4.6466E-01  1.9791E-02  4.0854E-01  1.9334E-02
  1.5320E+01  5.1143E+01  3.7809E-03  4.6494E-01  3.0319E-02  4.0129E-01  3.0034E-02
  1.5332E+01  5.1183E+01  3.7842E-03  4.6533E-01  2.7992E-02  4.1689E-01  2.7660E-02
  1.5344E+01  5.1224E+01  3.7866E-03  4.6559E-01  2.0379E-02  4.0393E-01  1.9950E-02
  1.5356E+01  5.1265E+01  3.7894E-03  4.6591E-01  3.3286E-02  4.0385E-01  3.3026E-02
  1.5369E+01  5.1306E+01  3.7927E-03  4.6629E-01  2.3867E-02  4.1461E-01  2.3484E-02
  1.5381E+01  5.1346E+01  3.7949E-03  4.6654E-01  2.3159E-02  4.0202E-01  2.2789E-02
  1.5393E+01  5.1387E+01  3.7981E-03  4.6690E-01  3.3603E-02  4.0981E-01  3.3340E-02
  1.5405E+01  5.1428E+01  3.8009E-03  4.6723E-01  2.0725E-02  4.1121E-01  2.0295E-02
  1.5417E+01  5.1468E+01  3.8033E-03  4.6749E-01  2.7014E-02  4.0098E-01  2.6702E-02
  1.5430E+01  5.1510E+01  3.8067E-03  4.6788E-01  3.0660E-02  4.1591E-01  3.0366E-02
  1.5442E+01  5.1550E+01  3.8092E-03  4.6816E-01  1.9510E-02  4.0603E-01  1.9069E-02
  1.5454E+01  5.1591E+01  3.8117E-03  4.6845E-01  3.1235E-02  4.0185E-01  3.0968E-02
  1.5466E+01  5.1631E+01  3.8151E-03  4.6883E-01  2.6719E-02  4.1658E-01  2.6384E-02
  1.5478E+01  5.1672E+01  3.8174E-03  4.6909E-01  2.0958E-02  4.0359E-01  2.0557E-02
  1.5491E+01  5.1713E+01  3.8203E-03  4.6943E-01  3.3585E-02  4.0565E-01  3.3334E-02
  1.5503E+01  5.1754E+01  3.8234E-03  4.6978E-01  2.2482E-02  4.1379E-01  2.2092E-02
  1.5515E+01  5.1794E+01  3.8256E-03  4.7003E-01  2.4053E-02  4.0149E-01  2.3712E-02
  1.5527E+01  5.1835E+01  3.8289E-03  4.7040E-01  3.2811E-02  4.1223E-01  3.2548E-02
  1.5540E+01  5.1876E+01  3.8316E-03  4.7072E-01  1.9841E-02  4.0994E-01  1.9410E-02
  1.5552E+01  5.1917E+01  3.8340E-03  4.7098E-01  2.8409E-02  4.0116E-01  2.8123E-02
  1.5564E+01  5.1958E+01  3.8373E-03  4.7137E-01  2.9454E-02  4.1657E-01  2.9158E-02
  1.5576E+01  5.1998E+01  3.8398E-03  4.7164E-01  1.9838E-02  4.0560E-01  1.9421E-02
  1.5588E+01  5.2039E+01  3.8424E-03  4.7194E-01  3.1981E-02  4.0264E-01  3.1729E-02
  1.5601E+01  5.2080E+01  3.8457E-03  4.7232E-01  2.4888E-02  4.1604E-01  2.4542E-02
  1.5613E+01  5.2121E+01  3.8479E-03  4.7257E-01  2.1594E-02  4.0254E-01  2.1221E-02
  1.5625E+01  5.2161E+01  3.8509E-03  4.7291E-01  3.3496E-02  4.0779E-01  3.3251E-02
  1.5637E+01  5.2202E+01  3.8539E-03  4.7325E-01  2.1314E-02  4.1286E-01  2.0919E-02
  1.5650E+01  5.2243E+01  3.8562E-03  4.7351E-01  2.5388E-02  4.0135E-01  2.5076E-02
  1.5662E+01  5.2284E+01  3.8594E-03  4.7388E-01  3.1765E-02  4.1414E-01  3.1502E-02
  1.5674E+01  5.2324E+01  3.8621E-03  4.7418E-01  1.9703E-02  4.0829E-01  1.9288E-02
  1.5686E+01  5.2365E+01  3.8645E-03  4.7446E-01  2.9434E-02  4.0150E-01  2.9168E-02
  1.5698E+01  5.2406E+01  3.8678E-03  4.7484E-01  2.7923E-02  4.1712E-01  2.7621E-02
  1.5711E+01  5.2447E+01  3.8702E-03  4.7510E-01  1.9880E-02  4.0405E-01  1.9482E-02
  1.5723E+01  5.2487E+01  3.8729E-03  4.7542E-01  3.2742E-02  4.0416E-01  3.2503E-02
  1.5735E+01  5.2528E+01  3.8760E-03  4.7578E-01  2.3431E-02  4.1537E-01  2.3077E-02
  1.5747E+01  5.2569E+01  3.8782E-03  4.7602E-01  2.2441E-02  4.0222E-01  2.2095E-02
  1.5760E+01  5.2610E+01  3.8814E-03  4.7638E-01  3.3089E-02  4.0996E-01  3.2847E-02
  1.5772E+01  5.2651E+01  3.8842E-03  4.7671E-01  2.0545E-02  4.1115E-01  2.0153E-02
  1.5784E+01  5.2691E+01  3.8865E-03  4.7696E-01  2.6454E-02  4.0138E-01  2.6166E-02
  1.5796E+01  5.2732E+01  3.8897E-03  4.7734E-01  3.0523E-02  4.1577E-01  3.0256E-02
  1.5808E+01  5.2772E+01  3.8922E-03  4.7762E-01  1.9074E-02  4.0661E-01  1.8665E-02
  1.5821E+01  5.2814E+01  3.8948E-03  4.7791E-01  3.0716E-02  4.0215E-01  3.0470E-02
  1.5833E+01  5.2854E+01  3.8980E-03  4.7829E-01  2.6057E-02  4.1715E-01  2.5745E-02
  1.5845E+01  5.2895E+01  3.9002E-03  4.7854E-01  2.0396E-02  4.0351E-01  2.0023E-02
  1.5857E+01  5.2935E+01  3.9031E-03  4.7886E-01  3.2995E-02  4.0551E-01  3.2764E-02
  1.5870E+01  5.2977E+01  3.9062E-03  4.7922E-01  2.2237E-02  4.1394E-01  2.1879E-02
  1.5882E+01  5.3017E+01  3.9084E-03  4.7946E-01  2.3597E-02  4.0196E-01  2.3280E-02
  1.5894E+01  5.3058E+01  3.9115E-03  4.7982E-01  3.2370E-02  4.1213E-01  3.2129E-02
  1.5906E+01  5.3099E+01  3.9142E-03  4.8013E-01  1.9584E-02  4.1036E-01  1.9188E-02
  1.5918E+01  5.3139E+01  3.9165E-03  4.8039E-01  2.7626E-02  4.0146E-01  2.7360E-02
  1.5931E+01  5.3180E+01  3.9198E-03  4.8078E-01  2.8806E-02  4.1721E-01  2.8531E-02
  1.5943E+01  5.3221E+01  3.9222E-03  4.8104E-01  1.9152E-02  4.0522E-01  1.8761E-02
  1.5955E+01  5.3262E+01  3.9247E-03  4.8134E-01  3.1474E-02  4.0292E-01  3.1241E-02
  1.5967E+01  5.3302E+01  3.9279E-03  4.8171E-01  2.4852E-02  4.1651E-01  2.4537E-02
  1.5980E+01  5.3344E+01  3.9302E-03  4.8196E-01  2.1264E-02  4.0309E-01  2.0919E-02
  1.5992E+01  5.3384E+01  3.9331E-03  4.8230E-01  3.2977E-02  4.0767E-01  3.2752E-02
  1.6004E+01  5.3425E+01  3.9360E-03  4.8263E-01  2.0990E-02  4.1307E-01  2.0626E-02
  1.6016E+01  5.3465E+01  3.9382E-03  4.8287E-01  2.4619E-02  4.0167E-01  2.4328E-02
  1.6028E+01  5.3506E+01  3.9414E-03  4.8324E-01  3.1341E-02  4.1445E-01  3.1098E-02
  1.6041E+01  5.3547E+01  3.9440E-03  4.8354E-01  1.8952E-02  4.0903E-01  1.8559E-02
  1.6053E+01  5.3588E+01  3.9463E-03  4.8381E-01  2.8958E-02  4.0184E-01  2.8712E-02
  1.6065E+01  5.3628E+01  3.9496E-03  4.8418E-01  2.7570E-02  4.1746E-01  2.7292E-02
  1.6077E+01  5.3669E+01  3.9519E-03  4.8444E-01  1.9602E-02  4.0493E-01  1.9234E-02
  1.6090E+01  5.3710E+01  3.9546E-03  4.8476E-01  3.2163E-02  4.0423E-01  3.1942E-02
  1.6102E+01  5.3751E+01  3.9577E-03  4.8511E-01  2.3123E-02  4.1566E-01  2.2797E-02
  1.6114E+01  5.3792E+01  3.9598E-03  4.8535E-01  2.1948E-02  4.0245E-01  2.1627E-02
  1.6126E+01  5.3832E+01  3.9628E-03  4.8570E-01  3.2596E-02  4.1010E-01  3.2374E-02
  1.6138E+01  5.3873E+01  3.9656E-03  4.8602E-01  2.0006E-02  4.1209E-01  1.9639E-02
  1.6151E+01  5.3914E+01  3.9678E-03  4.8627E-01  2.6113E-02  4.0165E-01  2.5848E-02
  1.6163E+01  5.3955E+01  3.9715E-03  4.8670E-01  4.2716E-02  4.0573E-01  4.2552E-02
  1.6175E+01  5.3995E+01  3.9761E-03  4.8724E-01  4.4611E-02  4.0841E-01  4.4452E-02
  1.6200E+01  5.4080E+01  3.9855E-03  4.8835E-01  4.4225E-02  4.0775E-01  4.4066E-02
