  2.4326E+01  8.1185E+01  4.6443E-03  5.6380E-01  5.0073E-02  4.2772E-01 -4.9938E-02
  2.4327E+01  8.1189E+01  4.6438E-03  5.6373E-01  5.0073E-02  4.2772E-01 -4.9938E-02
  2.4329E+01  8.1194E+01  4.6432E-03  5.6366E-01  5.0072E-02  4.2773E-01 -4.9938E-02
  2.4330E+01  8.1198E+01  4.6427E-03  5.6360E-01  5.0072E-02  4.2773E-01 -4.9937E-02
  2.4331E+01  8.1203E+01  4.6421E-03  5.6353E-01  5.0072E-02  4.2774E-01 -4.9937E-02
  2.4333E+01  8.1207E+01  4.6415E-03  5.6347E-01  5.0071E-02  4.2775E-01 -4.9937E-02
  2.4334E+01  8.1211E+01  4.6410E-03  5.6340E-01  5.0071E-02  4.2775E-01 -4.9936E-02
  2.4335E+01  8.1215E+01  4.6404E-03  5.6333E-01  5.0071E-02  4.2776E-01 -4.9936E-02
  2.4337E+01  8.1220E+01  4.6398E-03  5.6326E-01  5.0070E-02  4.2776E-01 -4.9935E-02
  2.4338E+01  8.1224E+01  4.6393E-03  5.6320E-01  5.0070E-02  4.2777E-01 -4.9935E-02
  2.4339E+01  8.1229E+01  4.6387E-03  5.6313E-01  5.0070E-02  4.2778E-01 -4.9935E-02
  2.4341E+01  8.1233E+01  4.6382E-03  5.6307E-01  5.0069E-02  4.2778E-01 -4.9934E-02
  2.4342E+01  8.1238E+01  4.6376E-03  5.6300E-01  5.0069E-02  4.2779E-01 -4.9934E-02
  2.4343E+01  8.1242E+01  4.6371E-03  5.6293E-01  5.0069E-02  4.2779E-01 -4.9934E-02
  2.4345E+01  8.1247E+01  4.6365E-03  5.6286E-01  5.0068E-02  4.2780E-01 -4.9933E-02
  2.4346E+01  8.1251E+01  4.6360E-03  5.6280E-01  5.0068E-02  4.2781E-01 -4.9933E-02
  2.4347E+01  8.1256E+01  4.6354E-03  5.6273E-01  5.0067E-02  4.2781E-01 -4.9933E-02
  2.4349E+01  8.1260E+01  4.6349E-03  5.6267E-01  5.0067E-02  4.2782E-01 -4.9932E-02
  2.4350E+01  8.1265E+01  4.6343E-03  5.6260E-01  5.0067E-02  4.2783E-01 -4.9932E-02
  2.4351E+01  8.1269E+01  4.6338E-03  5.6253E-01  5.0066E-02  4.2783E-01 -4.9931E-02
  2.4353E+01  8.1274E+01  4.6332E-03  5.6246E-01  5.0066E-02  4.2784E-01 -4.9931E-02
  2.4354E+01  8.1278E+01  4.6327E-03  5.6240E-01  5.0066E-02  4.2784E-01 -4.9931E-02
  2.4355E+01  8.1283E+01  4.6321E-03  5.6233E-01  5.0065E-02  4.2785E-01 -4.9930E-02
  2.4357E+01  8.1287E+01  4.6316E-03  5.6227E-01  5.0065E-02  4.2786E-01 -4.9930E-02
  2.4358E+01  8.1292E+01  4.6310E-03  5.6220E-01  5.0065E-02  4.2786E-01 -4.9930E-02
  2.4359E+01  8.1296E+01  4.6305E-03  5.6213E-01  5.0064E-02  4.2787E-01 -4.9929E-02
  2.4361E+01  8.1301E+01  4.6299E-03  5.6206E-01  5.0064E-02  4.2787E-01 -4.9929E-02
  2.4362E+01  8.1305E+01  4.6293E-03  5.6200E-01  5.0064E-02  4.2788E-01 -4.9928E-02
  2.4363E+01  8.1310E+01  4.6288E-03  5.6193E-01  5.0063E-02  4.2789E-01 -4.9928E-02
  2.4365E+01  8.1314E+01  4.6282E-03  5.6187E-01  5.0063E-02  4.2789E-01 -4.9928E-02
  2.4366E+01  8.1319E+01  4.6277E-03  5.6180E-01  5.0063E-02  4.2790E-01 -4.9927E-02
  2.4367E+01  8.1323E+01  4.6271E-03  5.6173E-01  5.0062E-02  4.2790E-01 -4.9927E-02
  2.4369E+01  8.1327E+01  4.6265E-03  5.6166E-01  5.0062E-02  4.2791E-01 -4.9927E-02
  2.4370E+01  8.1331E+01  4.6260E-03  5.6160E-01  5.0062E-02  4.2792E-01 -4.9926E-02
  2.4371E+01  8.1336E+01  4.6254E-03  5.6153E-01  5.0061E-02  4.2792E-01 -4.9926E-02
  2.4373E+01  8.1340E+01  4.6249E-03  5.6147E-01  5.0061E-02  4.2793E-01 -4.9925E-02
  2.4374E+01  8.1345E+01  4.6243E-03  5.6140E-01  5.0061E-02  4.2794E-01 -4.9925E-02
  2.4375E+01  8.1349E+01  4.6238E-03  5.6133E-01  5.0060E-02  4.2794E-01 -4.9925E-02
  2.4377E+01  8.1354E+01  4.6232E-03  5.6126E-01  5.0060E-02  4.2795E-01 -4.9924E-02
  2.4378E+01  8.1358E+01  4.6227E-03  5.6120E-01  5.0060E-02  4.2795E-01 -4.9924E-02
  2.4379E+01  8.1363E+01  4.6221E-03  5.6113E-01  5.0059E-02  4.2796E-01 -4.9924E-02
  2.4381E+01  8.1367E+01  4.6216E-03  5.6107E-01  5.0059E-02  4.2797E-01 -4.9923E-02
  2.4382E+01  8.1372E+01  4.6210E-03  5.6100E-01  5.0059E-02  4.2797E-01 -4.9923E-02
  2.4383E+01  8.1376E+01  4.6205E-03  5.6093E-01  5.0058E-02  4.2798E-01 -4.9922E-02
  2.4385E+01  8.1381E+01  4.6199E-03  5.6086E-01  5.0058E-02  4.2798E-01 -4.9922E-02
  2.4386E+01  8.1385E+01  4.6194E-03  5.6080E-01  5.0058E-02  4.2799E-01 -4.9922E-02
  2.4388E+01  8.1390E+01  4.6188E-03  5.6073E-01  5.0057E-02  4.2800E-01 -4.9921E-02
  2.4389E+01  8.1394E+01  4.6183E-03  5.6067E-01  5.0057E-02  4.2800E-01 -4.9921E-02
  2.4390E+01  8.1399E+01  4.6177E-03  5.6060E-01  5.0057E-02  4.2801E-01 -4.9921E-02
  2.4391E+01  8.1403E+01  4.6172E-03  5.6053E-01  5.0056E-02  4.2801E-01 -4.9920E-02
  2.4393E+01  8.1408E+01  4.6166E-03  5.6046E-01  5.0056E-02  4.2802E-01 -4.9920E-02
  2.4394E+01  8.1412E+01  4.6160E-03  5.6040E-01  5.0056E-02  4.2803E-01 -4.9919E-02
  2.4396E+01  8.1417E+01  4.6155E-03  5.6033E-01  5.0055E-02  4.2803E-01 -4.9919E-02
  2.4397E+01  8.1421E+01  4.6149E-03  5.6027E-01  5.0055E-02  4.2804E-01 -4.9919E-02
  2.4398E+01  8.1426E+01  4.6143E-03  5.6020E-01  5.0055E-02  4.2804E-01 -4.9918E-02
  2.4399E+01  8.1430E+01  4.6138E-03  5.6013E-01  5.0054E-02  4.2805E-01 -4.9918E-02
  2.4401E+01  8.1434E+01  4.6132E-03  5.6006E-01  5.0054E-02  4.2806E-01 -4.9918E-02
  2.4402E+01  8.1438E+01  4.6127E-03  5.6000E-01  5.0054E-02  4.2806E-01 -4.9917E-02
  2.4404E+01  8.1443E+01  4.6121E-03  5.5993E-01  5.0053E-02  4.2807E-01 -4.9917E-02
  2.4405E+01  8.1447E+01  4.6116E-03  5.5987E-01  5.0053E-02  4.2807E-01 -4.9916E-02
  2.4406E+01  8.1452E+01  4.6110E-03  5.5980E-01  5.0053E-02  4.2808E-01 -4.9916E-02
  2.4407E+01  8.1456E+01  4.6105E-03  5.5973E-01  5.0052E-02  4.2809E-01 -4.9916E-02
  2.4409E+01  8.1461E+01  4.6099E-03  5.5966E-01  5.0052E-02  4.2809E-01 -4.9915E-02
  2.4410E+01  8.1465E+01  4.6094E-03  5.5960E-01  5.0052E-02  4.2810E-01 -4.9915E-02
  2.4412E+01  8.1470E+01  4.6088E-03  5.5953E-01  5.0051E-02  4.2811E-01 -4.9915E-02
  2.4413E+01  8.1474E+01  4.6083E-03  5.5947E-01  5.0051E-02  4.2811E-01 -4.9914E-02
  2.4414E+01  8.1479E+01  4.6077E-03  5.5940E-01  5.0051E-02  4.2812E-01 -4.9914E-02
  2.4416E+01  8.1483E+01  4.6072E-03  5.5934E-01  5.0050E-02  4.2812E-01 -4.9913E-02
  2.4417E+01  8.1488E+01  4.6066E-03  5.5926E-01  5.0050E-02  4.2813E-01 -4.9913E-02
  2.4418E+01  8.1492E+01  4.6061E-03  5.5920E-01  5.0050E-02  4.2814E-01 -4.9913E-02
  2.4420E+01  8.1497E+01  4.6055E-03  5.5913E-01  5.0049E-02  4.2814E-01 -4.9912E-02
  2.4421E+01  8.1501E+01  4.6050E-03  5.5907E-01  5.0049E-02  4.2815E-01 -4.9912E-02
  2.4422E+01  8.1506E+01  4.6044E-03  5.5900E-01  5.0049E-02  4.2815E-01 -4.9912E-02
  2.4424E+01  8.1510E+01  4.6038E-03  5.5894E-01  5.0048E-02  4.2816E-01 -4.9911E-02
  2.4425E+01  8.1515E+01  4.6033E-03  5.5886E-01  5.0048E-02  4.2817E-01 -4.9911E-02
  2.4426E+01  8.1519E+01  4.6027E-03  5.5880E-01  5.0048E-02  4.2817E-01 -4.9910E-02
  2.4428E+01  8.1524E+01  4.6022E-03  5.5873E-01  5.0047E-02  4.2818E-01 -4.9910E-02
  2.4429E+01  8.1528E+01  4.6016E-03  5.5867E-01  5.0047E-02  4.2818E-01 -4.9910E-02
  2.4430E+01  8.1533E+01  4.6010E-03  5.5860E-01  5.0047E-02  4.2819E-01 -4.9909E-02
  2.4432E+01  8.1537E+01  4.6005E-03  5.5854E-01  5.0046E-02  4.2820E-01 -4.9909E-02
  2.4433E+01  8.1542E+01  4.5999E-03  5.5847E-01  5.0046E-02  4.2820E-01 -4.9909E-02
  2.4434E+01  8.1546E+01  4.5994E-03  5.5840E-01  5.0046E-02  4.2821E-01 -4.9908E-02
  2.4436E+01  8.1550E+01  4.5988E-03  5.5833E-01  5.0045E-02  4.2821E-01 -4.9908E-02
  2.4437E+01  8.1554E+01  4.5983E-03  5.5827E-01  5.0045E-02  4.2822E-01 -4.9907E-02
  2.4438E+01  8.1559E+01  4.5977E-03  5.5820E-01  5.0045E-02  4.2823E-01 -4.9907E-02
  2.4440E+01  8.1563E+01  4.5972E-03  5.5814E-01  5.0044E-02  4.2823E-01 -4.9907E-02
  2.4441E+01  8.1568E+01  4.5966E-03  5.5807E-01  5.0044E-02  4.2824E-01 -4.9906E-02
  2.4442E+01  8.1572E+01  4.5961E-03  5.5800E-01  5.0044E-02  4.2824E-01 -4.9906E-02
  2.4444E+01  8.1577E+01  4.5955E-03  5.5793E-01  5.0043E-02  4.2825E-01 -4.9906E-02
  2.4445E+01  8.1581E+01  4.5950E-03  5.5787E-01  5.0043E-02  4.2826E-01 -4.9905E-02
  2.4446E+01  8.1586E+01  4.5944E-03  5.5780E-01  5.0043E-02  4.2826E-01 -4.9905E-02
  2.4448E+01  8.1590E+01  4.5939E-03  5.5774E-01  5.0042E-02  4.2827E-01 -4.9904E-02
  2.4449E+01  8.1595E+01  4.5933E-03  5.5767E-01  5.0042E-02  4.2828E-01 -4.9904E-02
  2.4450E+01  8.1599E+01  4.5928E-03  5.5760E-01  5.0042E-02  4.2828E-01 -4.9904E-02
  2.4452E+01  8.1604E+01  4.5922E-03  5.5753E-01  5.0041E-02  4.2829E-01 -4.9903E-02
  2.4453E+01  8.1608E+01  4.5917E-03  5.5747E-01  5.0041E-02  4.2829E-01 -4.9903E-02
  2.4454E+01  8.1613E+01  4.5911E-03  5.5740E-01  5.0041E-02  4.2830E-01 -4.9903E-02
  2.4456E+01  8.1617E+01  4.5905E-03  5.5734E-01  5.0040E-02  4.2831E-01 -4.9902E-02
  2.4457E+01  8.1622E+01  4.5900E-03  5.5727E-01  5.0040E-02  4.2831E-01 -4.9902E-02
  2.4458E+01  8.1626E+01  4.5894E-03  5.5720E-01  5.0040E-02  4.2832E-01 -4.9901E-02
  2.4460E+01  8.1631E+01  4.5888E-03  5.5713E-01  5.0039E-02  4.2832E-01 -4.9901E-02
  2.4461E+01  8.1635E+01  4.5883E-03  5.5707E-01  5.0039E-02  4.2833E-01 -4.9901E-02
  2.4462E+01  8.1640E+01  4.5877E-03  5.5700E-01  5.0039E-02  4.2834E-01 -4.9900E-02
  2.4464E+01  8.1644E+01  4.5872E-03  5.5694E-01  5.0038E-02  4.2834E-01 -4.9900E-02
  2.4465E+01  8.1649E+01  4.5866E-03  5.5687E-01  5.0038E-02  4.2835E-01 -4.9900E-02
  2.4466E+01  8.1653E+01  4.5861E-03  5.5680E-01  5.0038E-02  4.2835E-01 -4.9899E-02
  2.4468E+01  8.1657E+01  4.5855E-03  5.5673E-01  5.0037E-02  4.2836E-01 -4.9899E-02
  2.4469E+01  8.1662E+01  4.5850E-03  5.5667E-01  5.0037E-02  4.2837E-01 -4.9898E-02
  2.4470E+01  8.1666E+01  4.5844E-03  5.5660E-01  5.0036E-02  4.2837E-01 -4.9898E-02
  2.4472E+01  8.1670E+01  4.5839E-03  5.5654E-01  5.0036E-02  4.2838E-01 -4.9898E-02
  2.4473E+01  8.1675E+01  4.5833E-03  5.5647E-01  5.0036E-02  4.2838E-01 -4.9897E-02
  2.4474E+01  8.1679E+01  4.5828E-03  5.5640E-01  5.0035E-02  4.2839E-01 -4.9897E-02
  2.4476E+01  8.1684E+01  4.5822E-03  5.5633E-01  5.0035E-02  4.2840E-01 -4.9897E-02
  2.4477E+01  8.1688E+01  4.5817E-03  5.5627E-01  5.0035E-02  4.2840E-01 -4.9896E-02
  2.4478E+01  8.1693E+01  4.5811E-03  5.5620E-01  5.0034E-02  4.2841E-01 -4.9896E-02
  2.4480E+01  8.1697E+01  4.5806E-03  5.5614E-01  5.0034E-02  4.2841E-01 -4.9895E-02
  2.4481E+01  8.1702E+01  4.5800E-03  5.5607E-01  5.0034E-02  4.2842E-01 -4.9895E-02
  2.4482E+01  8.1706E+01  4.5795E-03  5.5601E-01  5.0033E-02  4.2843E-01 -4.9895E-02
  2.4484E+01  8.1711E+01  4.5789E-03  5.5593E-01  5.0033E-02  4.2843E-01 -4.9894E-02
  2.4485E+01  8.1715E+01  4.5783E-03  5.5587E-01  5.0033E-02  4.2844E-01 -4.9894E-02
  2.4486E+01  8.1720E+01  4.5778E-03  5.5580E-01  5.0032E-02  4.2845E-01 -4.9894E-02
  2.4488E+01  8.1724E+01  4.5772E-03  5.5574E-01  5.0032E-02  4.2845E-01 -4.9893E-02
  2.4489E+01  8.1729E+01  4.5767E-03  5.5567E-01  5.0032E-02  4.2846E-01 -4.9893E-02
  2.4490E+01  8.1733E+01  4.5761E-03  5.5561E-01  5.0031E-02  4.2846E-01 -4.9892E-02
  2.4492E+01  8.1738E+01  4.5755E-03  5.5554E-01  5.0031E-02  4.2847E-01 -4.9892E-02
  2.4493E+01  8.1742E+01  4.5750E-03  5.5547E-01  5.0031E-02  4.2848E-01 -4.9892E-02
  2.4494E+01  8.1747E+01  4.5744E-03  5.5540E-01  5.0030E-02  4.2848E-01 -4.9891E-02
  2.4496E+01  8.1751E+01  4.5739E-03  5.5534E-01  5.0030E-02  4.2849E-01 -4.9891E-02
  2.4497E+01  8.1756E+01  4.5733E-03  5.5527E-01  5.0030E-02  4.2849E-01 -4.9891E-02
  2.4498E+01  8.1760E+01  4.5728E-03  5.5521E-01  5.0029E-02  4.2850E-01 -4.9890E-02
  2.4500E+01  8.1765E+01  4.5722E-03  5.5514E-01  5.0029E-02  4.2851E-01 -4.9890E-02
  2.4501E+01  8.1769E+01  4.5717E-03  5.5507E-01  5.0029E-02  4.2851E-01 -4.9889E-02
  2.4503E+01  8.1773E+01  4.5711E-03  5.5500E-01  5.0028E-02  4.2852E-01 -4.9889E-02
  2.4504E+01  8.1777E+01  4.5706E-03  5.5494E-01  5.0028E-02  4.2852E-01 -4.9889E-02
  2.4505E+01  8.1782E+01  4.5700E-03  5.5487E-01  5.0028E-02  4.2853E-01 -4.9888E-02
  2.4506E+01  8.1786E+01  4.5695E-03  5.5481E-01  5.0027E-02  4.2854E-01 -4.9888E-02
  2.4508E+01  8.1791E+01  4.5689E-03  5.5474E-01  5.0027E-02  4.2854E-01 -4.9888E-02
  2.4509E+01  8.1795E+01  4.5684E-03  5.5467E-01  5.0027E-02  4.2855E-01 -4.9887E-02
  2.4511E+01  8.1800E+01  4.5678E-03  5.5460E-01  5.0026E-02  4.2855E-01 -4.9887E-02
  2.4512E+01  8.1804E+01  4.5673E-03  5.5454E-01  5.0026E-02  4.2856E-01 -4.9886E-02
  2.4513E+01  8.1809E+01  4.5667E-03  5.5447E-01  5.0026E-02  4.2857E-01 -4.9886E-02
  2.4514E+01  8.1813E+01  4.5662E-03  5.5441E-01  5.0025E-02  4.2857E-01 -4.9886E-02
  2.4516E+01  8.1818E+01  4.5656E-03  5.5434E-01  5.0025E-02  4.2858E-01 -4.9885E-02
  2.4517E+01  8.1822E+01  4.5650E-03  5.5427E-01  5.0025E-02  4.2858E-01 -4.9885E-02
  2.4519E+01  8.1827E+01  4.5645E-03  5.5420E-01  5.0024E-02  4.2859E-01 -4.9885E-02
  2.4520E+01  8.1831E+01  4.5639E-03  5.5414E-01  5.0024E-02  4.2860E-01 -4.9884E-02
  2.4521E+01  8.1836E+01  4.5634E-03  5.5407E-01  5.0024E-02  4.2860E-01 -4.9884E-02
  2.4522E+01  8.1840E+01  4.5628E-03  5.5401E-01  5.0023E-02  4.2861E-01 -4.9883E-02
  2.4524E+01  8.1845E+01  4.5622E-03  5.5394E-01  5.0023E-02  4.2862E-01 -4.9883E-02
  2.4525E+01  8.1849E+01  4.5617E-03  5.5387E-01  5.0023E-02  4.2862E-01 -4.9883E-02
  2.4527E+01  8.1854E+01  4.5611E-03  5.5380E-01  5.0022E-02  4.2863E-01 -4.9882E-02
  2.4528E+01  8.1858E+01  4.5606E-03  5.5374E-01  5.0022E-02  4.2863E-01 -4.9882E-02
  2.4529E+01  8.1863E+01  4.5600E-03  5.5367E-01  5.0022E-02  4.2864E-01 -4.9882E-02
  2.4531E+01  8.1867E+01  4.5595E-03  5.5361E-01  5.0021E-02  4.2865E-01 -4.9881E-02
  2.4532E+01  8.1872E+01  4.5589E-03  5.5354E-01  5.0021E-02  4.2865E-01 -4.9881E-02
  2.4533E+01  8.1876E+01  4.5584E-03  5.5348E-01  5.0021E-02  4.2866E-01 -4.9880E-02
  2.4535E+01  8.1880E+01  4.5578E-03  5.5340E-01  5.0020E-02  4.2866E-01 -4.9880E-02
  2.4536E+01  8.1885E+01  4.5573E-03  5.5334E-01  5.0020E-02  4.2867E-01 -4.9880E-02
  2.4537E+01  8.1889E+01  4.5567E-03  5.5327E-01  5.0020E-02  4.2868E-01 -4.9879E-02
  2.4539E+01  8.1893E+01  4.5562E-03  5.5321E-01  5.0019E-02  4.2868E-01 -4.9879E-02
  2.4540E+01  8.1898E+01  4.5556E-03  5.5314E-01  5.0019E-02  4.2869E-01 -4.9879E-02
  2.4541E+01  8.1902E+01  4.5551E-03  5.5308E-01  5.0019E-02  4.2869E-01 -4.9878E-02
  2.4543E+01  8.1907E+01  4.5545E-03  5.5301E-01  5.0018E-02  4.2870E-01 -4.9878E-02
  2.4544E+01  8.1911E+01  4.5540E-03  5.5294E-01  5.0018E-02  4.2871E-01 -4.9877E-02
  2.4545E+01  8.1916E+01  4.5534E-03  5.5287E-01  5.0018E-02  4.2871E-01 -4.9877E-02
  2.4547E+01  8.1920E+01  4.5529E-03  5.5281E-01  5.0017E-02  4.2872E-01 -4.9877E-02
  2.4548E+01  8.1925E+01  4.5523E-03  5.5274E-01  5.0017E-02  4.2872E-01 -4.9876E-02
  2.4549E+01  8.1929E+01  4.5517E-03  5.5268E-01  5.0017E-02  4.2873E-01 -4.9876E-02
  2.4551E+01  8.1934E+01  4.5512E-03  5.5261E-01  5.0016E-02  4.2874E-01 -4.9876E-02
  2.4552E+01  8.1938E+01  4.5506E-03  5.5254E-01  5.0016E-02  4.2874E-01 -4.9875E-02
  2.4553E+01  8.1943E+01  4.5500E-03  5.5247E-01  5.0014E-02  4.2872E-01 -4.9873E-02
  2.4555E+01  8.1947E+01  4.5495E-03  5.5241E-01  5.0003E-02  4.2863E-01 -4.9862E-02
  2.4556E+01  8.1952E+01  4.5489E-03  5.5234E-01  4.9940E-02  4.2825E-01 -4.9800E-02
  2.4557E+01  8.1956E+01  4.5484E-03  5.5228E-01  4.9744E-02  4.2809E-01 -4.9602E-02
  2.4559E+01  8.1961E+01  4.5478E-03  5.5221E-01  4.9292E-02  4.2873E-01 -4.9149E-02
  2.4560E+01  8.1965E+01  4.5473E-03  5.5215E-01  4.8769E-02  4.2904E-01 -4.8625E-02
  2.4561E+01  8.1970E+01  4.5468E-03  5.5208E-01  4.8147E-02  4.2912E-01 -4.8000E-02
  2.4563E+01  8.1974E+01  4.5463E-03  5.5202E-01  4.7586E-02  4.2914E-01 -4.7438E-02
  2.4564E+01  8.1979E+01  4.5457E-03  5.5195E-01  4.6956E-02  4.2915E-01 -4.6805E-02
  2.4565E+01  8.1983E+01  4.5452E-03  5.5189E-01  4.6395E-02  4.2916E-01 -4.6242E-02
  2.4567E+01  8.1988E+01  4.5447E-03  5.5183E-01  4.5764E-02  4.2916E-01 -4.5610E-02
  2.4568E+01  8.1992E+01  4.5442E-03  5.5177E-01  4.5204E-02  4.2917E-01 -4.5047E-02
  2.4569E+01  8.1996E+01  4.5437E-03  5.5171E-01  4.4574E-02  4.2918E-01 -4.4415E-02
  2.4571E+01  8.2000E+01  4.5432E-03  5.5165E-01  4.4013E-02  4.2918E-01 -4.3852E-02
  2.4572E+01  8.2005E+01  4.5427E-03  5.5159E-01  4.3383E-02  4.2919E-01 -4.3220E-02
  2.4573E+01  8.2009E+01  4.5423E-03  5.5154E-01  4.2823E-02  4.2920E-01 -4.2657E-02
  2.4575E+01  8.2014E+01  4.5418E-03  5.5148E-01  4.2193E-02  4.2920E-01 -4.2025E-02
  2.4576E+01  8.2018E+01  4.5413E-03  5.5142E-01  4.1633E-02  4.2921E-01 -4.1463E-02
  2.4577E+01  8.2023E+01  4.5408E-03  5.5137E-01  4.1004E-02  4.2922E-01 -4.0831E-02
  2.4579E+01  8.2027E+01  4.5404E-03  5.5132E-01  4.0444E-02  4.2922E-01 -4.0269E-02
  2.4580E+01  8.2032E+01  4.5399E-03  5.5126E-01  3.9815E-02  4.2923E-01 -3.9637E-02
  2.4581E+01  8.2036E+01  4.5395E-03  5.5121E-01  3.9255E-02  4.2924E-01 -3.9075E-02
  2.4583E+01  8.2041E+01  4.5391E-03  5.5116E-01  3.8627E-02  4.2924E-01 -3.8443E-02
  2.4584E+01  8.2045E+01  4.5387E-03  5.5111E-01  3.8067E-02  4.2925E-01 -3.7881E-02
  2.4585E+01  8.2050E+01  4.5382E-03  5.5105E-01  3.7439E-02  4.2926E-01 -3.7249E-02
  2.4587E+01  8.2054E+01  4.5378E-03  5.5101E-01  3.6880E-02  4.2926E-01 -3.6687E-02
  2.4588E+01  8.2059E+01  4.5374E-03  5.5096E-01  3.6252E-02  4.2927E-01 -3.6056E-02
  2.4589E+01  8.2063E+01  4.5370E-03  5.5091E-01  3.5693E-02  4.2927E-01 -3.5494E-02
  2.4591E+01  8.2068E+01  4.5366E-03  5.5086E-01  3.5065E-02  4.2928E-01 -3.4862E-02
  2.4592E+01  8.2072E+01  4.5363E-03  5.5082E-01  3.4507E-02  4.2929E-01 -3.4301E-02
  2.4593E+01  8.2077E+01  4.5359E-03  5.5077E-01  3.3879E-02  4.2929E-01 -3.3669E-02
  2.4595E+01  8.2081E+01  4.5355E-03  5.5073E-01  3.3321E-02  4.2930E-01 -3.3108E-02
  2.4596E+01  8.2086E+01  4.5351E-03  5.5068E-01  3.2694E-02  4.2931E-01 -3.2477E-02
  2.4597E+01  8.2090E+01  4.5348E-03  5.5064E-01  3.2137E-02  4.2931E-01 -3.1915E-02
  2.4599E+01  8.2095E+01  4.5344E-03  5.5060E-01  3.1510E-02  4.2932E-01 -3.1284E-02
  2.4600E+01  8.2099E+01  4.5341E-03  5.5056E-01  3.0953E-02  4.2933E-01 -3.0722E-02
  2.4601E+01  8.2104E+01  4.5337E-03  5.5052E-01  3.0326E-02  4.2933E-01 -3.0091E-02
  2.4603E+01  8.2108E+01  4.5334E-03  5.5048E-01  2.9770E-02  4.2934E-01 -2.9530E-02
  2.4604E+01  8.2112E+01  4.5331E-03  5.5044E-01  2.9144E-02  4.2935E-01 -2.8899E-02
  2.4605E+01  8.2116E+01  4.5328E-03  5.5040E-01  2.8587E-02  4.2935E-01 -2.8338E-02
  2.4607E+01  8.2121E+01  4.5324E-03  5.5036E-01  2.7962E-02  4.2936E-01 -2.7707E-02
  2.4608E+01  8.2125E+01  4.5321E-03  5.5033E-01  2.7406E-02  4.2937E-01 -2.7146E-02
  2.4609E+01  8.2130E+01  4.5318E-03  5.5029E-01  2.6782E-02  4.2937E-01 -2.6515E-02
  2.4611E+01  8.2134E+01  4.5315E-03  5.5026E-01  2.6226E-02  4.2938E-01 -2.5954E-02
  2.4612E+01  8.2139E+01  4.5312E-03  5.5022E-01  2.5602E-02  4.2939E-01 -2.5323E-02
  2.4613E+01  8.2143E+01  4.5310E-03  5.5019E-01  2.5048E-02  4.2939E-01 -2.4762E-02
  2.4615E+01  8.2148E+01  4.5307E-03  5.5015E-01  2.4424E-02  4.2940E-01 -2.4131E-02
  2.4616E+01  8.2152E+01  4.5304E-03  5.5012E-01  2.3870E-02  4.2941E-01 -2.3570E-02
  2.4617E+01  8.2157E+01  4.5302E-03  5.5009E-01  2.3248E-02  4.2941E-01 -2.2940E-02
  2.4619E+01  8.2161E+01  4.5299E-03  5.5006E-01  2.2695E-02  4.2942E-01 -2.2379E-02
  2.4620E+01  8.2166E+01  4.5297E-03  5.5003E-01  2.2073E-02  4.2943E-01 -2.1748E-02
  2.4621E+01  8.2170E+01  4.5294E-03  5.5000E-01  2.1521E-02  4.2943E-01 -2.1188E-02
  2.4623E+01  8.2175E+01  4.5292E-03  5.4997E-01  2.0901E-02  4.2944E-01 -2.0557E-02
  2.4624E+01  8.2179E+01  4.5290E-03  5.4995E-01  2.0349E-02  4.2944E-01 -1.9996E-02
  2.4626E+01  8.2184E+01  4.5287E-03  5.4992E-01  1.9730E-02  4.2945E-01 -1.9366E-02
  2.4627E+01  8.2188E+01  4.5285E-03  5.4990E-01  1.9180E-02  4.2946E-01 -1.8805E-02
  2.4628E+01  8.2193E+01  4.5283E-03  5.4987E-01  1.8563E-02  4.2946E-01 -1.8175E-02
  2.4629E+01  8.2197E+01  4.5281E-03  5.4985E-01  1.8014E-02  4.2947E-01 -1.7614E-02
  2.4631E+01  8.2202E+01  4.5279E-03  5.4982E-01  1.7398E-02  4.2948E-01 -1.6984E-02
  2.4632E+01  8.2206E+01  4.5277E-03  5.4980E-01  1.6851E-02  4.2948E-01 -1.6423E-02
  2.4634E+01  8.2211E+01  4.5275E-03  5.4978E-01  1.6238E-02  4.2949E-01 -1.5793E-02
  2.4635E+01  8.2215E+01  4.5274E-03  5.4976E-01  1.5693E-02  4.2950E-01 -1.5232E-02
  2.4636E+01  8.2219E+01  4.5272E-03  5.4974E-01  1.5083E-02  4.2950E-01 -1.4602E-02
  2.4637E+01  8.2224E+01  4.5270E-03  5.4972E-01  1.4540E-02  4.2951E-01 -1.4042E-02
  2.4639E+01  8.2228E+01  4.5269E-03  5.4970E-01  1.3933E-02  4.2952E-01 -1.3412E-02
  2.4640E+01  8.2232E+01  4.5267E-03  5.4969E-01  1.3394E-02  4.2952E-01 -1.2851E-02
  2.4642E+01  8.2237E+01  4.5266E-03  5.4967E-01  1.2791E-02  4.2953E-01 -1.2221E-02
  2.4643E+01  8.2241E+01  4.5265E-03  5.4965E-01  1.2257E-02  4.2954E-01 -1.1660E-02
  2.4644E+01  8.2246E+01  4.5263E-03  5.4964E-01  1.1659E-02  4.2954E-01 -1.1030E-02
  2.4645E+01  8.2250E+01  4.5262E-03  5.4962E-01  1.1130E-02  4.2955E-01 -1.0470E-02
  2.4647E+01  8.2255E+01  4.5261E-03  5.4961E-01  1.0540E-02  4.2956E-01 -9.8400E-03
  2.4648E+01  8.2259E+01  4.5260E-03  5.4960E-01  1.0019E-02  4.2956E-01 -9.2795E-03
  2.4650E+01  8.2264E+01  4.5259E-03  5.4958E-01  9.4384E-03  4.2957E-01 -8.6496E-03
  2.4651E+01  8.2268E+01  4.5258E-03  5.4957E-01  8.9276E-03  4.2958E-01 -8.0891E-03
  2.4652E+01  8.2273E+01  4.5257E-03  5.4956E-01  8.3612E-03  4.2958E-01 -7.4592E-03
  2.4654E+01  8.2277E+01  4.5256E-03  5.4955E-01  7.8653E-03  4.2959E-01 -6.8988E-03
  2.4655E+01  8.2282E+01  4.5255E-03  5.4954E-01  7.3192E-03  4.2960E-01 -6.2689E-03
  2.4656E+01  8.2286E+01  4.5255E-03  5.4954E-01  6.8454E-03  4.2960E-01 -5.7085E-03
  2.4658E+01  8.2291E+01  4.5254E-03  5.4953E-01  6.3297E-03  4.2961E-01 -5.0786E-03
  2.4659E+01  8.2295E+01  4.5253E-03  5.4952E-01  5.8896E-03  4.2961E-01 -4.5182E-03
  2.4660E+01  8.2300E+01  4.5253E-03  5.4952E-01  5.4216E-03  4.2962E-01 -3.8883E-03
  2.4662E+01  8.2304E+01  4.5252E-03  5.4951E-01  5.0349E-03  4.2963E-01 -3.3280E-03
  2.4663E+01  8.2309E+01  4.5252E-03  5.4951E-01  4.6428E-03  4.2963E-01 -2.6981E-03
  2.4664E+01  8.2313E+01  4.5252E-03  5.4951E-01  4.3412E-03  4.2964E-01 -2.1377E-03
  2.4666E+01  8.2318E+01  4.5251E-03  5.4950E-01  4.0683E-03  4.2965E-01 -1.5079E-03
  2.4667E+01  8.2322E+01  4.5251E-03  5.4950E-01  3.8955E-03  4.2965E-01 -9.4752E-04
  2.4668E+01  8.2327E+01  4.5251E-03  5.4950E-01  3.7920E-03  4.2966E-01 -3.1768E-04
  2.4670E+01  8.2331E+01  4.5251E-03  5.4950E-01  3.7865E-03  4.2967E-01  2.4269E-04
  2.4671E+01  8.2335E+01  4.5251E-03  5.4950E-01  3.8782E-03  4.2967E-01  8.7252E-04
  2.4672E+01  8.2339E+01  4.5251E-03  5.4950E-01  4.0413E-03  4.2968E-01  1.4329E-03
  2.4674E+01  8.2344E+01  4.5251E-03  5.4951E-01  4.3052E-03  4.2969E-01  2.0627E-03
  2.4675E+01  8.2348E+01  4.5251E-03  5.4951E-01  4.6001E-03  4.2969E-01  2.6231E-03
  2.4676E+01  8.2353E+01  4.5252E-03  5.4951E-01  4.9862E-03  4.2970E-01  3.2530E-03
  2.4678E+01  8.2357E+01  4.5252E-03  5.4952E-01  5.3686E-03  4.2971E-01  3.8134E-03
  2.4679E+01  8.2362E+01  4.5252E-03  5.4952E-01  5.8329E-03  4.2971E-01  4.4432E-03
  2.4680E+01  8.2366E+01  4.5253E-03  5.4953E-01  6.2703E-03  4.2972E-01  5.0036E-03
  2.4682E+01  8.2371E+01  4.5253E-03  5.4954E-01  6.7836E-03  4.2973E-01  5.6335E-03
  2.4683E+01  8.2375E+01  4.5254E-03  5.4954E-01  7.2557E-03  4.2973E-01  6.1939E-03
  2.4684E+01  8.2380E+01  4.5255E-03  5.4955E-01  7.8003E-03  4.2974E-01  6.8238E-03
  2.4686E+01  8.2384E+01  4.5255E-03  5.4956E-01  8.2950E-03  4.2975E-01  7.3842E-03
  2.4687E+01  8.2389E+01  4.5256E-03  5.4957E-01  8.8604E-03  4.2975E-01  8.0141E-03
  2.4688E+01  8.2393E+01  4.5257E-03  5.4958E-01  9.3704E-03  4.2976E-01  8.5746E-03
  2.4690E+01  8.2398E+01  4.5258E-03  5.4960E-01  9.9500E-03  4.2977E-01  9.2045E-03
  2.4691E+01  8.2402E+01  4.5259E-03  5.4961E-01  1.0471E-02  4.2977E-01  9.7650E-03
  2.4692E+01  8.2407E+01  4.5260E-03  5.4962E-01  1.1060E-02  4.2978E-01  1.0395E-02
  2.4694E+01  8.2411E+01  4.5261E-03  5.4964E-01  1.1589E-02  4.2978E-01  1.0955E-02
  2.4695E+01  8.2416E+01  4.5262E-03  5.4965E-01  1.2186E-02  4.2979E-01  1.1585E-02
  2.4696E+01  8.2420E+01  4.5264E-03  5.4967E-01  1.2720E-02  4.2980E-01  1.2146E-02
  2.4698E+01  8.2425E+01  4.5265E-03  5.4968E-01  1.3323E-02  4.2980E-01  1.2776E-02
  2.4699E+01  8.2429E+01  4.5266E-03  5.4970E-01  1.3862E-02  4.2981E-01  1.3337E-02
  2.4700E+01  8.2434E+01  4.5268E-03  5.4972E-01  1.4469E-02  4.2982E-01  1.3967E-02
  2.4702E+01  8.2438E+01  4.5269E-03  5.4974E-01  1.5011E-02  4.2982E-01  1.4527E-02
  2.4703E+01  8.2442E+01  4.5271E-03  5.4976E-01  1.5621E-02  4.2983E-01  1.5157E-02
  2.4704E+01  8.2447E+01  4.5272E-03  5.4978E-01  1.6166E-02  4.2984E-01  1.5718E-02
  2.4706E+01  8.2451E+01  4.5274E-03  5.4980E-01  1.6779E-02  4.2984E-01  1.6348E-02
  2.4707E+01  8.2455E+01  4.5276E-03  5.4982E-01  1.7326E-02  4.2985E-01  1.6909E-02
  2.4708E+01  8.2460E+01  4.5278E-03  5.4985E-01  1.7941E-02  4.2986E-01  1.7539E-02
  2.4710E+01  8.2464E+01  4.5280E-03  5.4987E-01  1.8490E-02  4.2986E-01  1.8100E-02
  2.4711E+01  8.2469E+01  4.5282E-03  5.4989E-01  1.9107E-02  4.2987E-01  1.8730E-02
  2.4712E+01  8.2473E+01  4.5284E-03  5.4992E-01  1.9657E-02  4.2988E-01  1.9291E-02
  2.4714E+01  8.2478E+01  4.5286E-03  5.4995E-01  2.0276E-02  4.2988E-01  1.9921E-02
  2.4715E+01  8.2482E+01  4.5288E-03  5.4997E-01  2.0827E-02  4.2990E-01  2.0481E-02
  2.4716E+01  8.2487E+01  4.5290E-03  5.5000E-01  2.1438E-02  4.2995E-01  2.1102E-02
  2.4718E+01  8.2491E+01  4.5293E-03  5.5003E-01  2.1948E-02  4.3012E-01  2.1621E-02
  2.4719E+01  8.2496E+01  4.5295E-03  5.5006E-01  2.2384E-02  4.3022E-01  2.2063E-02
  2.4720E+01  8.2500E+01  4.5297E-03  5.5009E-01  2.2568E-02  4.2982E-01  2.2250E-02
  2.4722E+01  8.2505E+01  4.5300E-03  5.5012E-01  2.2624E-02  4.2955E-01  2.2307E-02
  2.4723E+01  8.2509E+01  4.5302E-03  5.5015E-01  2.2633E-02  4.2950E-01  2.2317E-02
  2.4724E+01  8.2514E+01  4.5305E-03  5.5018E-01  2.2635E-02  4.2949E-01  2.2318E-02
  2.4726E+01  8.2518E+01  4.5307E-03  5.5021E-01  2.2635E-02  4.2950E-01  2.2319E-02
  2.4727E+01  8.2523E+01  4.5309E-03  5.5024E-01  2.2636E-02  4.2951E-01  2.2319E-02
  2.4728E+01  8.2527E+01  4.5312E-03  5.5026E-01  2.2636E-02  4.2951E-01  2.2320E-02
  2.4730E+01  8.2532E+01  4.5314E-03  5.5030E-01  2.2636E-02  4.2952E-01  2.2320E-02
  2.4731E+01  8.2536E+01  4.5316E-03  5.5032E-01  2.2637E-02  4.2952E-01  2.2320E-02
  2.4732E+01  8.2541E+01  4.5319E-03  5.5036E-01  2.2637E-02  4.2953E-01  2.2321E-02
  2.4734E+01  8.2545E+01  4.5321E-03  5.5038E-01  2.2637E-02  4.2953E-01  2.2321E-02
  2.4735E+01  8.2550E+01  4.5324E-03  5.5042E-01  2.2638E-02  4.2954E-01  2.2321E-02
  2.4736E+01  8.2554E+01  4.5326E-03  5.5044E-01  2.2638E-02  4.2955E-01  2.2322E-02
  2.4738E+01  8.2558E+01  4.5329E-03  5.5047E-01  2.2639E-02  4.2955E-01  2.2322E-02
  2.4739E+01  8.2562E+01  4.5331E-03  5.5050E-01  2.2639E-02  4.2956E-01  2.2323E-02
  2.4741E+01  8.2567E+01  4.5333E-03  5.5053E-01  2.2639E-02  4.2956E-01  2.2323E-02
  2.4742E+01  8.2571E+01  4.5336E-03  5.5056E-01  2.2640E-02  4.2957E-01  2.2323E-02
  2.4743E+01  8.2576E+01  4.5338E-03  5.5059E-01  2.2640E-02  4.2958E-01  2.2324E-02
  2.4744E+01  8.2580E+01  4.5340E-03  5.5062E-01  2.2640E-02  4.2958E-01  2.2324E-02
  2.4746E+01  8.2585E+01  4.5343E-03  5.5065E-01  2.2641E-02  4.2959E-01  2.2325E-02
  2.4747E+01  8.2589E+01  4.5345E-03  5.5068E-01  2.2641E-02  4.2959E-01  2.2325E-02
  2.4749E+01  8.2594E+01  4.5348E-03  5.5071E-01  2.2641E-02  4.2960E-01  2.2325E-02
  2.4750E+01  8.2598E+01  4.5350E-03  5.5074E-01  2.2642E-02  4.2961E-01  2.2326E-02
  2.4751E+01  8.2603E+01  4.5353E-03  5.5077E-01  2.2642E-02  4.2961E-01  2.2326E-02
  2.4752E+01  8.2607E+01  4.5355E-03  5.5080E-01  2.2642E-02  4.2962E-01  2.2326E-02
  2.4754E+01  8.2612E+01  4.5357E-03  5.5083E-01  2.2643E-02  4.2962E-01  2.2327E-02
  2.4755E+01  8.2616E+01  4.5360E-03  5.5086E-01  2.2643E-02  4.2963E-01  2.2327E-02
  2.4757E+01  8.2621E+01  4.5362E-03  5.5089E-01  2.2643E-02  4.2964E-01  2.2328E-02
  2.4758E+01  8.2625E+01  4.5364E-03  5.5092E-01  2.2644E-02  4.2964E-01  2.2328E-02
  2.4759E+01  8.2630E+01  4.5367E-03  5.5095E-01  2.2644E-02  4.2965E-01  2.2328E-02
  2.4760E+01  8.2634E+01  4.5369E-03  5.5098E-01  2.2644E-02  4.2965E-01  2.2329E-02
  2.4762E+01  8.2639E+01  4.5372E-03  5.5101E-01  2.2645E-02  4.2966E-01  2.2329E-02
  2.4763E+01  8.2643E+01  4.5374E-03  5.5104E-01  2.2645E-02  4.2966E-01  2.2329E-02
  2.4765E+01  8.2648E+01  4.5377E-03  5.5107E-01  2.2645E-02  4.2967E-01  2.2330E-02
  2.4766E+01  8.2652E+01  4.5379E-03  5.5110E-01  2.2646E-02  4.2968E-01  2.2330E-02
  2.4767E+01  8.2657E+01  4.5381E-03  5.5113E-01  2.2646E-02  4.2968E-01  2.2331E-02
  2.4769E+01  8.2661E+01  4.5384E-03  5.5116E-01  2.2647E-02  4.2969E-01  2.2331E-02
  2.4770E+01  8.2666E+01  4.5386E-03  5.5119E-01  2.2647E-02  4.2969E-01  2.2331E-02
  2.4771E+01  8.2670E+01  4.5388E-03  5.5122E-01  2.2647E-02  4.2970E-01  2.2332E-02
  2.4773E+01  8.2674E+01  4.5391E-03  5.5125E-01  2.2648E-02  4.2971E-01  2.2332E-02
  2.4774E+01  8.2678E+01  4.5393E-03  5.5128E-01  2.2648E-02  4.2971E-01  2.2332E-02
  2.4775E+01  8.2683E+01  4.5396E-03  5.5131E-01  2.2648E-02  4.2972E-01  2.2333E-02
  2.4777E+01  8.2687E+01  4.5398E-03  5.5134E-01  2.2649E-02  4.2972E-01  2.2333E-02
  2.4778E+01  8.2692E+01  4.5401E-03  5.5137E-01  2.2649E-02  4.2973E-01  2.2334E-02
  2.4779E+01  8.2696E+01  4.5403E-03  5.5140E-01  2.2649E-02  4.2974E-01  2.2334E-02
  2.4781E+01  8.2701E+01  4.5405E-03  5.5143E-01  2.2650E-02  4.2974E-01  2.2334E-02
  2.4782E+01  8.2705E+01  4.5408E-03  5.5146E-01  2.2650E-02  4.2975E-01  2.2335E-02
  2.4783E+01  8.2710E+01  4.5410E-03  5.5149E-01  2.2650E-02  4.2975E-01  2.2335E-02
  2.4785E+01  8.2714E+01  4.5412E-03  5.5152E-01  2.2651E-02  4.2976E-01  2.2335E-02
  2.4786E+01  8.2719E+01  4.5415E-03  5.5155E-01  2.2651E-02  4.2977E-01  2.2336E-02
  2.4787E+01  8.2723E+01  4.5417E-03  5.5158E-01  2.2651E-02  4.2977E-01  2.2336E-02
  2.4789E+01  8.2728E+01  4.5420E-03  5.5161E-01  2.2652E-02  4.2978E-01  2.2337E-02
  2.4790E+01  8.2732E+01  4.5422E-03  5.5164E-01  2.2652E-02  4.2978E-01  2.2337E-02
  2.4791E+01  8.2737E+01  4.5425E-03  5.5167E-01  2.2652E-02  4.2979E-01  2.2337E-02
  2.4793E+01  8.2741E+01  4.5427E-03  5.5169E-01  2.2653E-02  4.2979E-01  2.2338E-02
  2.4794E+01  8.2746E+01  4.5429E-03  5.5173E-01  2.2653E-02  4.2980E-01  2.2338E-02
  2.4795E+01  8.2750E+01  4.5432E-03  5.5175E-01  2.2653E-02  4.2981E-01  2.2338E-02
  2.4797E+01  8.2755E+01  4.5434E-03  5.5179E-01  2.2654E-02  4.2981E-01  2.2339E-02
  2.4798E+01  8.2759E+01  4.5436E-03  5.5181E-01  2.2654E-02  4.2982E-01  2.2339E-02
  2.4799E+01  8.2764E+01  4.5439E-03  5.5185E-01  2.2655E-02  4.2982E-01  2.2340E-02
  2.4801E+01  8.2768E+01  4.5441E-03  5.5187E-01  2.2655E-02  4.2983E-01  2.2340E-02
  2.4802E+01  8.2773E+01  4.5444E-03  5.5191E-01  2.2655E-02  4.2984E-01  2.2340E-02
  2.4803E+01  8.2777E+01  4.5446E-03  5.5193E-01  2.2656E-02  4.2984E-01  2.2341E-02
  2.4805E+01  8.2781E+01  4.5449E-03  5.5196E-01  2.2656E-02  4.2985E-01  2.2341E-02
  2.4806E+01  8.2785E+01  4.5451E-03  5.5199E-01  2.2656E-02  4.2985E-01  2.2342E-02
  2.4807E+01  8.2790E+01  4.5453E-03  5.5202E-01  2.2657E-02  4.2986E-01  2.2342E-02
  2.4809E+01  8.2794E+01  4.5456E-03  5.5205E-01  2.2657E-02  4.2987E-01  2.2342E-02
  2.4810E+01  8.2799E+01  4.5458E-03  5.5208E-01  2.2657E-02  4.2987E-01  2.2343E-02
  2.4811E+01  8.2803E+01  4.5460E-03  5.5211E-01  2.2658E-02  4.2988E-01  2.2343E-02
  2.4813E+01  8.2808E+01  4.5463E-03  5.5214E-01  2.2658E-02  4.2988E-01  2.2343E-02
  2.4814E+01  8.2812E+01  4.5465E-03  5.5217E-01  2.2658E-02  4.2989E-01  2.2344E-02
  2.4815E+01  8.2817E+01  4.5468E-03  5.5220E-01  2.2659E-02  4.2990E-01  2.2344E-02
  2.4817E+01  8.2821E+01  4.5470E-03  5.5223E-01  2.2659E-02  4.2990E-01  2.2345E-02
  2.4818E+01  8.2826E+01  4.5473E-03  5.5226E-01  2.2659E-02  4.2991E-01  2.2345E-02
  2.4819E+01  8.2830E+01  4.5475E-03  5.5229E-01  2.2660E-02  4.2991E-01  2.2345E-02
  2.4821E+01  8.2835E+01  4.5477E-03  5.5232E-01  2.2660E-02  4.2992E-01  2.2346E-02
  2.4822E+01  8.2839E+01  4.5480E-03  5.5235E-01  2.2660E-02  4.2993E-01  2.2346E-02
  2.4823E+01  8.2844E+01  4.5482E-03  5.5238E-01  2.2661E-02  4.2993E-01  2.2346E-02
  2.4825E+01  8.2848E+01  4.5484E-03  5.5241E-01  2.2661E-02  4.2994E-01  2.2347E-02
  2.4826E+01  8.2853E+01  4.5487E-03  5.5244E-01  2.2661E-02  4.2994E-01  2.2347E-02
  2.4827E+01  8.2857E+01  4.5489E-03  5.5247E-01  2.2662E-02  4.2995E-01  2.2348E-02
  2.4829E+01  8.2862E+01  4.5492E-03  5.5250E-01  2.2662E-02  4.2996E-01  2.2348E-02
  2.4830E+01  8.2866E+01  4.5494E-03  5.5253E-01  2.2662E-02  4.2996E-01  2.2348E-02
  2.4831E+01  8.2871E+01  4.5497E-03  5.5256E-01  2.2663E-02  4.2997E-01  2.2349E-02
  2.4833E+01  8.2875E+01  4.5499E-03  5.5259E-01  2.2663E-02  4.2997E-01  2.2349E-02
  2.4834E+01  8.2880E+01  4.5501E-03  5.5262E-01  2.2664E-02  4.2998E-01  2.2349E-02
  2.4835E+01  8.2884E+01  4.5504E-03  5.5265E-01  2.2664E-02  4.2998E-01  2.2350E-02
  2.4837E+01  8.2889E+01  4.5506E-03  5.5268E-01  2.2664E-02  4.2999E-01  2.2350E-02
  2.4838E+01  8.2893E+01  4.5508E-03  5.5271E-01  2.2665E-02  4.3000E-01  2.2351E-02
  2.4839E+01  8.2897E+01  4.5511E-03  5.5274E-01  2.2665E-02  4.3000E-01  2.2351E-02
  2.4841E+01  8.2901E+01  4.5513E-03  5.5277E-01  2.2665E-02  4.3001E-01  2.2351E-02
  2.4842E+01  8.2906E+01  4.5516E-03  5.5280E-01  2.2666E-02  4.3002E-01  2.2352E-02
  2.4843E+01  8.2910E+01  4.5518E-03  5.5283E-01  2.2666E-02  4.3002E-01  2.2352E-02
  2.4845E+01  8.2915E+01  4.5521E-03  5.5286E-01  2.2666E-02  4.3003E-01  2.2352E-02
  2.4846E+01  8.2919E+01  4.5523E-03  5.5289E-01  2.2667E-02  4.3003E-01  2.2353E-02
  2.4847E+01  8.2924E+01  4.5525E-03  5.5292E-01  2.2667E-02  4.3004E-01  2.2353E-02
  2.4849E+01  8.2928E+01  4.5528E-03  5.5295E-01  2.2667E-02  4.3004E-01  2.2354E-02
  2.4850E+01  8.2933E+01  4.5530E-03  5.5298E-01  2.2668E-02  4.3005E-01  2.2354E-02
  2.4851E+01  8.2937E+01  4.5532E-03  5.5301E-01  2.2668E-02  4.3006E-01  2.2354E-02
  2.4853E+01  8.2942E+01  4.5535E-03  5.5304E-01  2.2668E-02  4.3006E-01  2.2355E-02
  2.4854E+01  8.2946E+01  4.5537E-03  5.5307E-01  2.2669E-02  4.3007E-01  2.2355E-02
  2.4856E+01  8.2951E+01  4.5540E-03  5.5310E-01  2.2669E-02  4.3007E-01  2.2356E-02
  2.4857E+01  8.2955E+01  4.5542E-03  5.5313E-01  2.2669E-02  4.3008E-01  2.2356E-02
  2.4858E+01  8.2960E+01  4.5544E-03  5.5316E-01  2.2670E-02  4.3009E-01  2.2356E-02
  2.4859E+01  8.2964E+01  4.5547E-03  5.5319E-01  2.2670E-02  4.3009E-01  2.2357E-02
  2.4861E+01  8.2969E+01  4.5549E-03  5.5322E-01  2.2671E-02  4.3010E-01  2.2357E-02
  2.4862E+01  8.2973E+01  4.5552E-03  5.5325E-01  2.2671E-02  4.3010E-01  2.2357E-02
  2.4864E+01  8.2978E+01  4.5554E-03  5.5328E-01  2.2671E-02  4.3011E-01  2.2358E-02
  2.4865E+01  8.2982E+01  4.5556E-03  5.5331E-01  2.2672E-02  4.3012E-01  2.2358E-02
  2.4866E+01  8.2987E+01  4.5559E-03  5.5334E-01  2.2672E-02  4.3012E-01  2.2359E-02
  2.4867E+01  8.2991E+01  4.5561E-03  5.5336E-01  2.2672E-02  4.3013E-01  2.2359E-02
  2.4869E+01  8.2996E+01  4.5564E-03  5.5340E-01  2.2673E-02  4.3013E-01  2.2359E-02
  2.4870E+01  8.3000E+01  4.5566E-03  5.5342E-01  2.2673E-02  4.3014E-01  2.2360E-02
  2.4872E+01  8.3004E+01  4.5568E-03  5.5346E-01  2.2673E-02  4.3015E-01  2.2360E-02
  2.4873E+01  8.3009E+01  4.5571E-03  5.5348E-01  2.2674E-02  4.3015E-01  2.2360E-02
  2.4874E+01  8.3013E+01  4.5573E-03  5.5352E-01  2.2674E-02  4.3016E-01  2.2361E-02
  2.4875E+01  8.3017E+01  4.5576E-03  5.5354E-01  2.2674E-02  4.3016E-01  2.2361E-02
  2.4877E+01  8.3022E+01  4.5578E-03  5.5358E-01  2.2675E-02  4.3017E-01  2.2362E-02
  2.4878E+01  8.3026E+01  4.5580E-03  5.5360E-01  2.2675E-02  4.3018E-01  2.2362E-02
  2.4880E+01  8.3031E+01  4.5583E-03  5.5364E-01  2.2675E-02  4.3018E-01  2.2362E-02
  2.4881E+01  8.3035E+01  4.5585E-03  5.5366E-01  2.2676E-02  4.3019E-01  2.2363E-02
  2.4882E+01  8.3040E+01  4.5588E-03  5.5369E-01  2.2676E-02  4.3019E-01  2.2363E-02
  2.4884E+01  8.3044E+01  4.5590E-03  5.5372E-01  2.2676E-02  4.3020E-01  2.2363E-02
  2.4885E+01  8.3049E+01  4.5592E-03  5.5375E-01  2.2677E-02  4.3021E-01  2.2364E-02
  2.4886E+01  8.3053E+01  4.5595E-03  5.5378E-01  2.2677E-02  4.3021E-01  2.2364E-02
  2.4888E+01  8.3058E+01  4.5597E-03  5.5381E-01  2.2677E-02  4.3022E-01  2.2365E-02
  2.4889E+01  8.3062E+01  4.5600E-03  5.5384E-01  2.2678E-02  4.3022E-01  2.2365E-02
  2.4890E+01  8.3067E+01  4.5602E-03  5.5387E-01  2.2678E-02  4.3023E-01  2.2365E-02
  2.4892E+01  8.3071E+01  4.5604E-03  5.5390E-01  2.2678E-02  4.3024E-01  2.2366E-02
  2.4893E+01  8.3076E+01  4.5607E-03  5.5393E-01  2.2679E-02  4.3024E-01  2.2366E-02
  2.4894E+01  8.3080E+01  4.5609E-03  5.5396E-01  2.2679E-02  4.3025E-01  2.2366E-02
  2.4896E+01  8.3085E+01  4.5612E-03  5.5399E-01  2.2680E-02  4.3025E-01  2.2367E-02
  2.4897E+01  8.3089E+01  4.5614E-03  5.5402E-01  2.2680E-02  4.3026E-01  2.2367E-02
  2.4898E+01  8.3094E+01  4.5616E-03  5.5405E-01  2.2680E-02  4.3027E-01  2.2368E-02
  2.4900E+01  8.3098E+01  4.5619E-03  5.5408E-01  2.2681E-02  4.3027E-01  2.2368E-02
  2.4901E+01  8.3103E+01  4.5621E-03  5.5411E-01  2.2681E-02  4.3028E-01  2.2368E-02
  2.4902E+01  8.3107E+01  4.5624E-03  5.5414E-01  2.2681E-02  4.3028E-01  2.2369E-02
  2.4904E+01  8.3112E+01  4.5626E-03  5.5417E-01  2.2682E-02  4.3029E-01  2.2369E-02
  2.4905E+01  8.3116E+01  4.5628E-03  5.5420E-01  2.2682E-02  4.3030E-01  2.2369E-02
  2.4906E+01  8.3120E+01  4.5631E-03  5.5423E-01  2.2682E-02  4.3030E-01  2.2370E-02
  2.4908E+01  8.3124E+01  4.5633E-03  5.5426E-01  2.2683E-02  4.3031E-01  2.2370E-02
  2.4909E+01  8.3129E+01  4.5636E-03  5.5429E-01  2.2683E-02  4.3032E-01  2.2371E-02
  2.4910E+01  8.3133E+01  4.5638E-03  5.5432E-01  2.2683E-02  4.3032E-01  2.2371E-02
  2.4912E+01  8.3138E+01  4.5640E-03  5.5435E-01  2.2684E-02  4.3033E-01  2.2371E-02
  2.4913E+01  8.3142E+01  4.5643E-03  5.5438E-01  2.2684E-02  4.3033E-01  2.2372E-02
  2.4914E+01  8.3147E+01  4.5645E-03  5.5441E-01  2.2684E-02  4.3034E-01  2.2372E-02
  2.4916E+01  8.3151E+01  4.5648E-03  5.5444E-01  2.2685E-02  4.3034E-01  2.2372E-02
  2.4917E+01  8.3156E+01  4.5650E-03  5.5447E-01  2.2685E-02  4.3035E-01  2.2373E-02
  2.4918E+01  8.3160E+01  4.5652E-03  5.5450E-01  2.2685E-02  4.3036E-01  2.2373E-02
  2.4920E+01  8.3165E+01  4.5655E-03  5.5453E-01  2.2686E-02  4.3036E-01  2.2374E-02
  2.4921E+01  8.3169E+01  4.5657E-03  5.5456E-01  2.2686E-02  4.3037E-01  2.2374E-02
  2.4922E+01  8.3174E+01  4.5660E-03  5.5459E-01  2.2687E-02  4.3038E-01  2.2374E-02
  2.4924E+01  8.3178E+01  4.5662E-03  5.5462E-01  2.2687E-02  4.3038E-01  2.2375E-02
  2.4925E+01  8.3183E+01  4.5664E-03  5.5465E-01  2.2687E-02  4.3039E-01  2.2375E-02
  2.4926E+01  8.3187E+01  4.5667E-03  5.5468E-01  2.2688E-02  4.3039E-01  2.2376E-02
  2.4928E+01  8.3192E+01  4.5669E-03  5.5471E-01  2.2688E-02  4.3040E-01  2.2376E-02
  2.4929E+01  8.3196E+01  4.5672E-03  5.5474E-01  2.2688E-02  4.3041E-01  2.2376E-02
  2.4930E+01  8.3201E+01  4.5674E-03  5.5477E-01  2.2689E-02  4.3041E-01  2.2377E-02
  2.4932E+01  8.3205E+01  4.5676E-03  5.5480E-01  2.2689E-02  4.3042E-01  2.2377E-02
  2.4933E+01  8.3210E+01  4.5679E-03  5.5483E-01  2.2689E-02  4.3042E-01  2.2377E-02
  2.4934E+01  8.3214E+01  4.5681E-03  5.5486E-01  2.2690E-02  4.3043E-01  2.2378E-02
  2.4936E+01  8.3219E+01  4.5684E-03  5.5489E-01  2.2690E-02  4.3044E-01  2.2378E-02
  2.4937E+01  8.3223E+01  4.5686E-03  5.5492E-01  2.2690E-02  4.3044E-01  2.2379E-02
  2.4938E+01  8.3228E+01  4.5688E-03  5.5495E-01  2.2691E-02  4.3045E-01  2.2379E-02
  2.4940E+01  8.3232E+01  4.5691E-03  5.5498E-01  2.2691E-02  4.3045E-01  2.2379E-02
  2.4941E+01  8.3236E+01  4.5693E-03  5.5501E-01  2.2691E-02  4.3046E-01  2.2380E-02
  2.4942E+01  8.3240E+01  4.5695E-03  5.5504E-01  2.2692E-02  4.3047E-01  2.2380E-02
  2.4944E+01  8.3245E+01  4.5698E-03  5.5507E-01  2.2692E-02  4.3047E-01  2.2380E-02
  2.4945E+01  8.3249E+01  4.5700E-03  5.5510E-01  2.2692E-02  4.3048E-01  2.2381E-02
  2.4946E+01  8.3254E+01  4.5703E-03  5.5513E-01  2.2693E-02  4.3048E-01  2.2381E-02
  2.4948E+01  8.3258E+01  4.5705E-03  5.5516E-01  2.2693E-02  4.3049E-01  2.2382E-02
  2.4949E+01  8.3263E+01  4.5708E-03  5.5519E-01  2.2693E-02  4.3050E-01  2.2382E-02
  2.4950E+01  8.3267E+01  4.5710E-03  5.5522E-01  2.2694E-02  4.3050E-01  2.2382E-02
  2.4952E+01  8.3272E+01  4.5712E-03  5.5525E-01  2.2694E-02  4.3051E-01  2.2383E-02
  2.4953E+01  8.3276E+01  4.5715E-03  5.5528E-01  2.2694E-02  4.3051E-01  2.2383E-02
  2.4954E+01  8.3281E+01  4.5717E-03  5.5531E-01  2.2695E-02  4.3052E-01  2.2383E-02
  2.4956E+01  8.3285E+01  4.5719E-03  5.5534E-01  2.2695E-02  4.3053E-01  2.2384E-02
  2.4957E+01  8.3290E+01  4.5722E-03  5.5537E-01  2.2696E-02  4.3053E-01  2.2384E-02
  2.4958E+01  8.3294E+01  4.5724E-03  5.5540E-01  2.2696E-02  4.3054E-01  2.2385E-02
  2.4960E+01  8.3299E+01  4.5727E-03  5.5543E-01  2.2696E-02  4.3054E-01  2.2385E-02
  2.4961E+01  8.3303E+01  4.5729E-03  5.5545E-01  2.2697E-02  4.3055E-01  2.2385E-02
  2.4962E+01  8.3308E+01  4.5732E-03  5.5549E-01  2.2697E-02  4.3056E-01  2.2386E-02
  2.4964E+01  8.3312E+01  4.5734E-03  5.5551E-01  2.2697E-02  4.3056E-01  2.2386E-02
  2.4965E+01  8.3317E+01  4.5736E-03  5.5555E-01  2.2698E-02  4.3057E-01  2.2386E-02
  2.4966E+01  8.3321E+01  4.5739E-03  5.5557E-01  2.2698E-02  4.3057E-01  2.2387E-02
  2.4968E+01  8.3326E+01  4.5741E-03  5.5561E-01  2.2698E-02  4.3058E-01  2.2387E-02
  2.4969E+01  8.3330E+01  4.5743E-03  5.5563E-01  2.2699E-02  4.3059E-01  2.2388E-02
  2.4971E+01  8.3335E+01  4.5746E-03  5.5567E-01  2.2699E-02  4.3059E-01  2.2388E-02
  2.4972E+01  8.3339E+01  4.5748E-03  5.5569E-01  2.2699E-02  4.3060E-01  2.2388E-02
  2.4973E+01  8.3343E+01  4.5751E-03  5.5573E-01  2.2700E-02  4.3061E-01  2.2389E-02
  2.4974E+01  8.3347E+01  4.5753E-03  5.5575E-01  2.2700E-02  4.3061E-01  2.2389E-02
  2.4976E+01  8.3352E+01  4.5756E-03  5.5579E-01  2.2700E-02  4.3062E-01  2.2390E-02
  2.4977E+01  8.3356E+01  4.5758E-03  5.5581E-01  2.2701E-02  4.3062E-01  2.2390E-02
  2.4979E+01  8.3361E+01  4.5760E-03  5.5584E-01  2.2701E-02  4.3063E-01  2.2390E-02
  2.4980E+01  8.3365E+01  4.5763E-03  5.5587E-01  2.2701E-02  4.3064E-01  2.2391E-02
  2.4981E+01  8.3370E+01  4.5765E-03  5.5590E-01  2.2702E-02  4.3064E-01  2.2391E-02
  2.4982E+01  8.3374E+01  4.5767E-03  5.5593E-01  2.2702E-02  4.3065E-01  2.2391E-02
  2.4984E+01  8.3379E+01  4.5770E-03  5.5596E-01  2.2703E-02  4.3065E-01  2.2392E-02
  2.4985E+01  8.3383E+01  4.5772E-03  5.5599E-01  2.2703E-02  4.3066E-01  2.2392E-02
  2.4987E+01  8.3388E+01  4.5775E-03  5.5602E-01  2.2703E-02  4.3067E-01  2.2393E-02
  2.4988E+01  8.3392E+01  4.5777E-03  5.5605E-01  2.2704E-02  4.3067E-01  2.2393E-02
  2.4989E+01  8.3397E+01  4.5780E-03  5.5608E-01  2.2704E-02  4.3068E-01  2.2393E-02
  2.4990E+01  8.3401E+01  4.5782E-03  5.5611E-01  2.2704E-02  4.3068E-01  2.2394E-02
  2.4992E+01  8.3406E+01  4.5784E-03  5.5614E-01  2.2705E-02  4.3069E-01  2.2394E-02
  2.4993E+01  8.3410E+01  4.5787E-03  5.5617E-01  2.2705E-02  4.3070E-01  2.2394E-02
  2.4995E+01  8.3415E+01  4.5789E-03  5.5620E-01  2.2705E-02  4.3070E-01  2.2395E-02
  2.4996E+01  8.3419E+01  4.5791E-03  5.5623E-01  2.2706E-02  4.3071E-01  2.2395E-02
  2.4997E+01  8.3424E+01  4.5794E-03  5.5626E-01  2.2706E-02  4.3072E-01  2.2396E-02
  2.4999E+01  8.3428E+01  4.5796E-03  5.5629E-01  2.2706E-02  4.3072E-01  2.2396E-02
  2.5000E+01  8.3433E+01  4.5799E-03  5.5632E-01  2.2707E-02  4.3073E-01  2.2396E-02
  2.5001E+01  8.3437E+01  4.5801E-03  5.5635E-01  2.2707E-02  4.3073E-01  2.2397E-02
  2.5003E+01  8.3442E+01  4.5804E-03  5.5638E-01  2.2707E-02  4.3074E-01  2.2397E-02
  2.5004E+01  8.3446E+01  4.5806E-03  5.5641E-01  2.2708E-02  4.3075E-01  2.2397E-02
  2.5005E+01  8.3451E+01  4.5808E-03  5.5644E-01  2.2708E-02  4.3075E-01  2.2398E-02
  2.5007E+01  8.3455E+01  4.5811E-03  5.5647E-01  2.2708E-02  4.3076E-01  2.2398E-02
  2.5008E+01  8.3459E+01  4.5813E-03  5.5650E-01  2.2709E-02  4.3076E-01  2.2399E-02
  2.5009E+01  8.3463E+01  4.5815E-03  5.5653E-01  2.2709E-02  4.3077E-01  2.2399E-02
  2.5011E+01  8.3468E+01  4.5818E-03  5.5656E-01  2.2709E-02  4.3078E-01  2.2399E-02
  2.5012E+01  8.3472E+01  4.5820E-03  5.5659E-01  2.2710E-02  4.3078E-01  2.2400E-02
  2.5013E+01  8.3477E+01  4.5823E-03  5.5662E-01  2.2710E-02  4.3079E-01  2.2400E-02
  2.5015E+01  8.3481E+01  4.5825E-03  5.5665E-01  2.2711E-02  4.3079E-01  2.2400E-02
  2.5016E+01  8.3486E+01  4.5828E-03  5.5668E-01  2.2711E-02  4.3080E-01  2.2401E-02
  2.5017E+01  8.3490E+01  4.5830E-03  5.5671E-01  2.2711E-02  4.3081E-01  2.2401E-02
  2.5019E+01  8.3495E+01  4.5832E-03  5.5674E-01  2.2712E-02  4.3081E-01  2.2402E-02
  2.5020E+01  8.3499E+01  4.5835E-03  5.5677E-01  2.2712E-02  4.3082E-01  2.2402E-02
  2.5021E+01  8.3504E+01  4.5837E-03  5.5680E-01  2.2712E-02  4.3083E-01  2.2402E-02
  2.5023E+01  8.3508E+01  4.5839E-03  5.5683E-01  2.2713E-02  4.3083E-01  2.2403E-02
  2.5024E+01  8.3513E+01  4.5842E-03  5.5686E-01  2.2713E-02  4.3084E-01  2.2403E-02
  2.5025E+01  8.3517E+01  4.5844E-03  5.5689E-01  2.2713E-02  4.3084E-01  2.2403E-02
  2.5027E+01  8.3522E+01  4.5847E-03  5.5692E-01  2.2714E-02  4.3085E-01  2.2404E-02
  2.5028E+01  8.3526E+01  4.5849E-03  5.5695E-01  2.2714E-02  4.3086E-01  2.2404E-02
  2.5029E+01  8.3531E+01  4.5852E-03  5.5698E-01  2.2714E-02  4.3086E-01  2.2405E-02
  2.5031E+01  8.3535E+01  4.5854E-03  5.5701E-01  2.2715E-02  4.3087E-01  2.2405E-02
  2.5032E+01  8.3540E+01  4.5856E-03  5.5704E-01  2.2715E-02  4.3087E-01  2.2405E-02
  2.5033E+01  8.3544E+01  4.5859E-03  5.5707E-01  2.2715E-02  4.3088E-01  2.2406E-02
  2.5035E+01  8.3549E+01  4.5861E-03  5.5710E-01  2.2716E-02  4.3089E-01  2.2406E-02
  2.5036E+01  8.3553E+01  4.5863E-03  5.5713E-01  2.2716E-02  4.3089E-01  2.2406E-02
  2.5037E+01  8.3558E+01  4.5866E-03  5.5716E-01  2.2716E-02  4.3090E-01  2.2407E-02
  2.5039E+01  8.3562E+01  4.5868E-03  5.5719E-01  2.2717E-02  4.3090E-01  2.2407E-02
  2.5040E+01  8.3566E+01  4.5871E-03  5.5722E-01  2.2717E-02  4.3091E-01  2.2408E-02
  2.5041E+01  8.3571E+01  4.5873E-03  5.5725E-01  2.2717E-02  4.3092E-01  2.2408E-02
  2.5043E+01  8.3575E+01  4.5876E-03  5.5728E-01  2.2718E-02  4.3092E-01  2.2408E-02
  2.5044E+01  8.3579E+01  4.5878E-03  5.5731E-01  2.2718E-02  4.3093E-01  2.2409E-02
  2.5045E+01  8.3584E+01  4.5880E-03  5.5734E-01  2.2719E-02  4.3094E-01  2.2409E-02
  2.5047E+01  8.3588E+01  4.5883E-03  5.5737E-01  2.2719E-02  4.3094E-01  2.2410E-02
  2.5048E+01  8.3593E+01  4.5885E-03  5.5740E-01  2.2719E-02  4.3095E-01  2.2410E-02
  2.5049E+01  8.3597E+01  4.5887E-03  5.5743E-01  2.2720E-02  4.3095E-01  2.2410E-02
  2.5051E+01  8.3602E+01  4.5890E-03  5.5746E-01  2.2720E-02  4.3096E-01  2.2411E-02
  2.5052E+01  8.3606E+01  4.5892E-03  5.5749E-01  2.2720E-02  4.3097E-01  2.2411E-02
  2.5053E+01  8.3611E+01  4.5895E-03  5.5752E-01  2.2721E-02  4.3097E-01  2.2411E-02
  2.5055E+01  8.3615E+01  4.5897E-03  5.5755E-01  2.2721E-02  4.3098E-01  2.2412E-02
  2.5056E+01  8.3620E+01  4.5900E-03  5.5758E-01  2.2721E-02  4.3098E-01  2.2412E-02
  2.5057E+01  8.3624E+01  4.5902E-03  5.5761E-01  2.2722E-02  4.3099E-01  2.2413E-02
  2.5059E+01  8.3629E+01  4.5904E-03  5.5764E-01  2.2722E-02  4.3100E-01  2.2413E-02
  2.5060E+01  8.3633E+01  4.5907E-03  5.5767E-01  2.2722E-02  4.3100E-01  2.2413E-02
  2.5061E+01  8.3638E+01  4.5909E-03  5.5770E-01  2.2723E-02  4.3101E-01  2.2414E-02
  2.5063E+01  8.3642E+01  4.5911E-03  5.5773E-01  2.2723E-02  4.3102E-01  2.2414E-02
  2.5064E+01  8.3647E+01  4.5914E-03  5.5776E-01  2.2723E-02  4.3102E-01  2.2414E-02
  2.5065E+01  8.3651E+01  4.5916E-03  5.5779E-01  2.2724E-02  4.3103E-01  2.2415E-02
  2.5067E+01  8.3656E+01  4.5919E-03  5.5782E-01  2.2724E-02  4.3103E-01  2.2415E-02
  2.5068E+01  8.3660E+01  4.5921E-03  5.5785E-01  2.2724E-02  4.3104E-01  2.2416E-02
  2.5069E+01  8.3665E+01  4.5924E-03  5.5788E-01  2.2725E-02  4.3105E-01  2.2416E-02
  2.5071E+01  8.3669E+01  4.5926E-03  5.5791E-01  2.2725E-02  4.3105E-01  2.2416E-02
  2.5072E+01  8.3674E+01  4.5928E-03  5.5794E-01  2.2726E-02  4.3106E-01  2.2417E-02
  2.5073E+01  8.3678E+01  4.5931E-03  5.5797E-01  2.2726E-02  4.3106E-01  2.2417E-02
  2.5075E+01  8.3682E+01  4.5933E-03  5.5800E-01  2.2726E-02  4.3107E-01  2.2417E-02
  2.5076E+01  8.3686E+01  4.5935E-03  5.5803E-01  2.2727E-02  4.3108E-01  2.2418E-02
  2.5077E+01  8.3691E+01  4.5938E-03  5.5806E-01  2.2727E-02  4.3108E-01  2.2418E-02
  2.5079E+01  8.3695E+01  4.5940E-03  5.5809E-01  2.2727E-02  4.3109E-01  2.2419E-02
  2.5080E+01  8.3700E+01  4.5942E-03  5.5811E-01  2.2728E-02  4.3109E-01  2.2419E-02
  2.5080E+01  8.3700E+01  4.5943E-03  5.5812E-01  2.2728E-02  4.3110E-01  2.2419E-02
  2.5081E+01  8.3704E+01  4.5945E-03  5.5815E-01  2.2728E-02  4.3110E-01  2.2419E-02
  2.5083E+01  8.3709E+01  4.5948E-03  5.5818E-01  2.2728E-02  4.3111E-01  2.2420E-02
  2.5084E+01  8.3713E+01  4.5950E-03  5.5821E-01  2.2729E-02  4.3111E-01  2.2420E-02
  2.5085E+01  8.3718E+01  4.5952E-03  5.5824E-01  2.2729E-02  4.3112E-01  2.2421E-02
  2.5087E+01  8.3722E+01  4.5955E-03  5.5827E-01  2.2729E-02  4.3113E-01  2.2421E-02
  2.5088E+01  8.3727E+01  4.5957E-03  5.5830E-01  2.2730E-02  4.3113E-01  2.2421E-02
  2.5089E+01  8.3731E+01  4.5959E-03  5.5832E-01  2.2730E-02  4.3114E-01  2.2422E-02
  2.5091E+01  8.3736E+01  4.5962E-03  5.5836E-01  2.2730E-02  4.3114E-01  2.2422E-02
  2.5092E+01  8.3740E+01  4.5964E-03  5.5838E-01  2.2731E-02  4.3115E-01  2.2422E-02
  2.5094E+01  8.3745E+01  4.5967E-03  5.5842E-01  2.2731E-02  4.3116E-01  2.2423E-02
  2.5095E+01  8.3749E+01  4.5969E-03  5.5844E-01  2.2731E-02  4.3116E-01  2.2423E-02
  2.5096E+01  8.3754E+01  4.5972E-03  5.5848E-01  2.2732E-02  4.3117E-01  2.2424E-02
  2.5097E+01  8.3758E+01  4.5974E-03  5.5850E-01  2.2732E-02  4.3118E-01  2.2424E-02
  2.5099E+01  8.3763E+01  4.5976E-03  5.5854E-01  2.2732E-02  4.3118E-01  2.2424E-02
  2.5100E+01  8.3767E+01  4.5979E-03  5.5856E-01  2.2733E-02  4.3119E-01  2.2425E-02
  2.5102E+01  8.3772E+01  4.5981E-03  5.5860E-01  2.2733E-02  4.3119E-01  2.2425E-02
  2.5103E+01  8.3776E+01  4.5983E-03  5.5862E-01  2.2734E-02  4.3120E-01  2.2425E-02
  2.5104E+01  8.3781E+01  4.5986E-03  5.5866E-01  2.2734E-02  4.3121E-01  2.2426E-02
  2.5105E+01  8.3785E+01  4.5988E-03  5.5868E-01  2.2734E-02  4.3121E-01  2.2426E-02
  2.5107E+01  8.3789E+01  4.5991E-03  5.5872E-01  2.2735E-02  4.3122E-01  2.2427E-02
  2.5108E+01  8.3794E+01  4.5993E-03  5.5874E-01  2.2735E-02  4.3123E-01  2.2427E-02
  2.5110E+01  8.3798E+01  4.5996E-03  5.5878E-01  2.2735E-02  4.3123E-01  2.2427E-02
  2.5111E+01  8.3802E+01  4.5998E-03  5.5880E-01  2.2736E-02  4.3124E-01  2.2428E-02
  2.5112E+01  8.3807E+01  4.6000E-03  5.5884E-01  2.2736E-02  4.3124E-01  2.2428E-02
  2.5113E+01  8.3811E+01  4.6003E-03  5.5886E-01  2.2736E-02  4.3125E-01  2.2428E-02
  2.5115E+01  8.3816E+01  4.6005E-03  5.5890E-01  2.2737E-02  4.3126E-01  2.2429E-02
  2.5116E+01  8.3820E+01  4.6007E-03  5.5892E-01  2.2737E-02  4.3126E-01  2.2429E-02
  2.5118E+01  8.3825E+01  4.6010E-03  5.5896E-01  2.2737E-02  4.3127E-01  2.2430E-02
  2.5119E+01  8.3829E+01  4.6012E-03  5.5898E-01  2.2738E-02  4.3127E-01  2.2430E-02
  2.5120E+01  8.3834E+01  4.6015E-03  5.5902E-01  2.2738E-02  4.3128E-01  2.2430E-02
  2.5122E+01  8.3838E+01  4.6017E-03  5.5904E-01  2.2738E-02  4.3129E-01  2.2431E-02
  2.5123E+01  8.3843E+01  4.6020E-03  5.5907E-01  2.2739E-02  4.3129E-01  2.2431E-02
  2.5124E+01  8.3847E+01  4.6022E-03  5.5910E-01  2.2739E-02  4.3130E-01  2.2431E-02
  2.5126E+01  8.3852E+01  4.6024E-03  5.5913E-01  2.2739E-02  4.3131E-01  2.2432E-02
  2.5127E+01  8.3856E+01  4.6027E-03  5.5916E-01  2.2740E-02  4.3131E-01  2.2432E-02
  2.5128E+01  8.3861E+01  4.6029E-03  5.5919E-01  2.2740E-02  4.3132E-01  2.2433E-02
  2.5130E+01  8.3865E+01  4.6031E-03  5.5922E-01  2.2740E-02  4.3132E-01  2.2433E-02
  2.5131E+01  8.3870E+01  4.6034E-03  5.5925E-01  2.2741E-02  4.3133E-01  2.2433E-02
  2.5132E+01  8.3874E+01  4.6036E-03  5.5928E-01  2.2741E-02  4.3134E-01  2.2434E-02
  2.5134E+01  8.3879E+01  4.6039E-03  5.5931E-01  2.2742E-02  4.3134E-01  2.2434E-02
  2.5135E+01  8.3883E+01  4.6041E-03  5.5934E-01  2.2742E-02  4.3135E-01  2.2434E-02
  2.5136E+01  8.3888E+01  4.6044E-03  5.5937E-01  2.2742E-02  4.3136E-01  2.2435E-02
  2.5138E+01  8.3892E+01  4.6046E-03  5.5940E-01  2.2743E-02  4.3136E-01  2.2435E-02
  2.5139E+01  8.3897E+01  4.6048E-03  5.5943E-01  2.2743E-02  4.3137E-01  2.2436E-02
  2.5140E+01  8.3901E+01  4.6051E-03  5.5946E-01  2.2743E-02  4.3137E-01  2.2436E-02
  2.5142E+01  8.3905E+01  4.6053E-03  5.5949E-01  2.2744E-02  4.3138E-01  2.2436E-02
  2.5143E+01  8.3909E+01  4.6055E-03  5.5952E-01  2.2744E-02  4.3139E-01  2.2437E-02
  2.5144E+01  8.3914E+01  4.6058E-03  5.5955E-01  2.2744E-02  4.3139E-01  2.2437E-02
  2.5146E+01  8.3918E+01  4.6060E-03  5.5958E-01  2.2745E-02  4.3140E-01  2.2437E-02
  2.5147E+01  8.3923E+01  4.6063E-03  5.5961E-01  2.2745E-02  4.3141E-01  2.2438E-02
  2.5148E+01  8.3927E+01  4.6065E-03  5.5964E-01  2.2745E-02  4.3141E-01  2.2438E-02
  2.5150E+01  8.3932E+01  4.6068E-03  5.5967E-01  2.2746E-02  4.3142E-01  2.2439E-02
  2.5151E+01  8.3936E+01  4.6070E-03  5.5970E-01  2.2746E-02  4.3142E-01  2.2439E-02
  2.5152E+01  8.3941E+01  4.6072E-03  5.5973E-01  2.2746E-02  4.3143E-01  2.2439E-02
  2.5154E+01  8.3945E+01  4.6075E-03  5.5976E-01  2.2747E-02  4.3144E-01  2.2440E-02
  2.5155E+01  8.3950E+01  4.6077E-03  5.5979E-01  2.2747E-02  4.3144E-01  2.2440E-02
  2.5156E+01  8.3954E+01  4.6079E-03  5.5982E-01  2.2747E-02  4.3145E-01  2.2441E-02
  2.5158E+01  8.3959E+01  4.6082E-03  5.5985E-01  2.2748E-02  4.3146E-01  2.2441E-02
  2.5159E+01  8.3963E+01  4.6084E-03  5.5988E-01  2.2748E-02  4.3146E-01  2.2441E-02
  2.5160E+01  8.3968E+01  4.6087E-03  5.5991E-01  2.2749E-02  4.3147E-01  2.2442E-02
  2.5162E+01  8.3972E+01  4.6089E-03  5.5994E-01  2.2749E-02  4.3147E-01  2.2442E-02
  2.5163E+01  8.3977E+01  4.6092E-03  5.5997E-01  2.2749E-02  4.3148E-01  2.2442E-02
  2.5164E+01  8.3981E+01  4.6094E-03  5.6000E-01  2.2750E-02  4.3149E-01  2.2443E-02
  2.5166E+01  8.3986E+01  4.6096E-03  5.6003E-01  2.2750E-02  4.3149E-01  2.2443E-02
  2.5167E+01  8.3990E+01  4.6099E-03  5.6006E-01  2.2750E-02  4.3150E-01  2.2444E-02
  2.5168E+01  8.3995E+01  4.6101E-03  5.6009E-01  2.2751E-02  4.3151E-01  2.2444E-02
  2.5170E+01  8.3999E+01  4.6103E-03  5.6012E-01  2.2751E-02  4.3151E-01  2.2444E-02
  2.5171E+01  8.4004E+01  4.6106E-03  5.6015E-01  2.2751E-02  4.3152E-01  2.2445E-02
  2.5172E+01  8.4008E+01  4.6108E-03  5.6018E-01  2.2752E-02  4.3152E-01  2.2445E-02
  2.5174E+01  8.4013E+01  4.6111E-03  5.6021E-01  2.2752E-02  4.3153E-01  2.2445E-02
  2.5175E+01  8.4017E+01  4.6113E-03  5.6024E-01  2.2752E-02  4.3154E-01  2.2446E-02
  2.5176E+01  8.4021E+01  4.6116E-03  5.6027E-01  2.2753E-02  4.3154E-01  2.2446E-02
  2.5178E+01  8.4025E+01  4.6118E-03  5.6030E-01  2.2753E-02  4.3155E-01  2.2447E-02
  2.5179E+01  8.4030E+01  4.6120E-03  5.6033E-01  2.2753E-02  4.3156E-01  2.2447E-02
  2.5180E+01  8.4034E+01  4.6123E-03  5.6036E-01  2.2754E-02  4.3156E-01  2.2447E-02
  2.5182E+01  8.4039E+01  4.6125E-03  5.6039E-01  2.2754E-02  4.3157E-01  2.2448E-02
  2.5183E+01  8.4043E+01  4.6127E-03  5.6042E-01  2.2754E-02  4.3157E-01  2.2448E-02
  2.5184E+01  8.4048E+01  4.6130E-03  5.6045E-01  2.2755E-02  4.3158E-01  2.2448E-02
  2.5186E+01  8.4052E+01  4.6132E-03  5.6048E-01  2.2755E-02  4.3159E-01  2.2449E-02
  2.5187E+01  8.4057E+01  4.6135E-03  5.6051E-01  2.2756E-02  4.3159E-01  2.2449E-02
  2.5188E+01  8.4061E+01  4.6137E-03  5.6054E-01  2.2756E-02  4.3160E-01  2.2450E-02
  2.5190E+01  8.4066E+01  4.6140E-03  5.6057E-01  2.2756E-02  4.3161E-01  2.2450E-02
  2.5191E+01  8.4070E+01  4.6142E-03  5.6060E-01  2.2757E-02  4.3161E-01  2.2450E-02
  2.5192E+01  8.4075E+01  4.6144E-03  5.6063E-01  2.2757E-02  4.3162E-01  2.2451E-02
  2.5194E+01  8.4079E+01  4.6147E-03  5.6066E-01  2.2757E-02  4.3162E-01  2.2451E-02
  2.5195E+01  8.4084E+01  4.6149E-03  5.6069E-01  2.2758E-02  4.3163E-01  2.2451E-02
  2.5196E+01  8.4088E+01  4.6151E-03  5.6072E-01  2.2758E-02  4.3164E-01  2.2452E-02
  2.5198E+01  8.4093E+01  4.6154E-03  5.6075E-01  2.2758E-02  4.3164E-01  2.2452E-02
  2.5199E+01  8.4097E+01  4.6156E-03  5.6078E-01  2.2759E-02  4.3165E-01  2.2453E-02
  2.5200E+01  8.4102E+01  4.6159E-03  5.6081E-01  2.2759E-02  4.3166E-01  2.2453E-02
  2.5202E+01  8.4106E+01  4.6161E-03  5.6084E-01  2.2759E-02  4.3166E-01  2.2453E-02
  2.5203E+01  8.4111E+01  4.6164E-03  5.6087E-01  2.2760E-02  4.3167E-01  2.2454E-02
  2.5204E+01  8.4115E+01  4.6166E-03  5.6090E-01  2.2760E-02  4.3167E-01  2.2454E-02
  2.5206E+01  8.4120E+01  4.6168E-03  5.6093E-01  2.2760E-02  4.3168E-01  2.2455E-02
  2.5207E+01  8.4124E+01  4.6171E-03  5.6096E-01  2.2761E-02  4.3169E-01  2.2455E-02
  2.5209E+01  8.4128E+01  4.6173E-03  5.6099E-01  2.2761E-02  4.3169E-01  2.2455E-02
  2.5210E+01  8.4133E+01  4.6175E-03  5.6102E-01  2.2761E-02  4.3170E-01  2.2456E-02
  2.5211E+01  8.4137E+01  4.6178E-03  5.6105E-01  2.2762E-02  4.3171E-01  2.2456E-02
  2.5212E+01  8.4141E+01  4.6180E-03  5.6108E-01  2.2762E-02  4.3171E-01  2.2456E-02
  2.5214E+01  8.4146E+01  4.6183E-03  5.6111E-01  2.2763E-02  4.3172E-01  2.2457E-02
  2.5215E+01  8.4150E+01  4.6185E-03  5.6114E-01  2.2763E-02  4.3172E-01  2.2457E-02
  2.5217E+01  8.4155E+01  4.6188E-03  5.6117E-01  2.2763E-02  4.3173E-01  2.2458E-02
  2.5218E+01  8.4159E+01  4.6190E-03  5.6120E-01  2.2764E-02  4.3174E-01  2.2458E-02
  2.5219E+01  8.4164E+01  4.6192E-03  5.6123E-01  2.2764E-02  4.3174E-01  2.2458E-02
  2.5220E+01  8.4168E+01  4.6195E-03  5.6126E-01  2.2764E-02  4.3175E-01  2.2459E-02
  2.5222E+01  8.4173E+01  4.6197E-03  5.6129E-01  2.2765E-02  4.3176E-01  2.2459E-02
  2.5223E+01  8.4177E+01  4.6199E-03  5.6132E-01  2.2765E-02  4.3176E-01  2.2459E-02
  2.5225E+01  8.4182E+01  4.6202E-03  5.6135E-01  2.2765E-02  4.3177E-01  2.2460E-02
  2.5226E+01  8.4186E+01  4.6204E-03  5.6138E-01  2.2766E-02  4.3177E-01  2.2460E-02
  2.5227E+01  8.4191E+01  4.6207E-03  5.6141E-01  2.2766E-02  4.3178E-01  2.2461E-02
  2.5228E+01  8.4195E+01  4.6209E-03  5.6144E-01  2.2766E-02  4.3179E-01  2.2461E-02
  2.5230E+01  8.4200E+01  4.6212E-03  5.6147E-01  2.2767E-02  4.3179E-01  2.2461E-02
  2.5231E+01  8.4204E+01  4.6214E-03  5.6150E-01  2.2767E-02  4.3180E-01  2.2462E-02
  2.5233E+01  8.4209E+01  4.6216E-03  5.6153E-01  2.2767E-02  4.3181E-01  2.2462E-02
  2.5234E+01  8.4213E+01  4.6219E-03  5.6156E-01  2.2768E-02  4.3181E-01  2.2462E-02
  2.5235E+01  8.4218E+01  4.6221E-03  5.6159E-01  2.2768E-02  4.3182E-01  2.2463E-02
  2.5237E+01  8.4222E+01  4.6223E-03  5.6162E-01  2.2768E-02  4.3182E-01  2.2463E-02
  2.5238E+01  8.4227E+01  4.6226E-03  5.6165E-01  2.2769E-02  4.3183E-01  2.2464E-02
  2.5239E+01  8.4231E+01  4.6228E-03  5.6168E-01  2.2769E-02  4.3184E-01  2.2464E-02
  2.5241E+01  8.4236E+01  4.6231E-03  5.6171E-01  2.2769E-02  4.3184E-01  2.2464E-02
  2.5242E+01  8.4240E+01  4.6233E-03  5.6174E-01  2.2770E-02  4.3185E-01  2.2465E-02
  2.5243E+01  8.4244E+01  4.6236E-03  5.6177E-01  2.2770E-02  4.3186E-01  2.2465E-02
  2.5245E+01  8.4248E+01  4.6238E-03  5.6180E-01  2.2771E-02  4.3186E-01  2.2465E-02
  2.5246E+01  8.4253E+01  4.6240E-03  5.6183E-01  2.2771E-02  4.3187E-01  2.2466E-02
  2.5247E+01  8.4257E+01  4.6243E-03  5.6186E-01  2.2771E-02  4.3188E-01  2.2466E-02
  2.5249E+01  8.4262E+01  4.6245E-03  5.6189E-01  2.2772E-02  4.3188E-01  2.2467E-02
  2.5250E+01  8.4266E+01  4.6247E-03  5.6192E-01  2.2772E-02  4.3189E-01  2.2467E-02
  2.5251E+01  8.4271E+01  4.6250E-03  5.6195E-01  2.2772E-02  4.3189E-01  2.2467E-02
  2.5253E+01  8.4275E+01  4.6252E-03  5.6198E-01  2.2773E-02  4.3190E-01  2.2468E-02
  2.5254E+01  8.4280E+01  4.6255E-03  5.6201E-01  2.2773E-02  4.3191E-01  2.2468E-02
  2.5255E+01  8.4284E+01  4.6257E-03  5.6204E-01  2.2773E-02  4.3191E-01  2.2468E-02
  2.5257E+01  8.4289E+01  4.6260E-03  5.6207E-01  2.2774E-02  4.3192E-01  2.2469E-02
  2.5258E+01  8.4293E+01  4.6262E-03  5.6210E-01  2.2774E-02  4.3193E-01  2.2469E-02
  2.5259E+01  8.4298E+01  4.6264E-03  5.6213E-01  2.2774E-02  4.3193E-01  2.2470E-02
  2.5261E+01  8.4302E+01  4.6267E-03  5.6216E-01  2.2775E-02  4.3194E-01  2.2470E-02
  2.5262E+01  8.4307E+01  4.6269E-03  5.6219E-01  2.2775E-02  4.3194E-01  2.2470E-02
  2.5263E+01  8.4311E+01  4.6271E-03  5.6222E-01  2.2775E-02  4.3195E-01  2.2471E-02
  2.5265E+01  8.4316E+01  4.6274E-03  5.6225E-01  2.2776E-02  4.3196E-01  2.2471E-02
  2.5266E+01  8.4320E+01  4.6276E-03  5.6228E-01  2.2776E-02  4.3196E-01  2.2471E-02
  2.5267E+01  8.4325E+01  4.6279E-03  5.6231E-01  2.2776E-02  4.3197E-01  2.2472E-02
  2.5269E+01  8.4329E+01  4.6281E-03  5.6234E-01  2.2777E-02  4.3198E-01  2.2472E-02
  2.5270E+01  8.4334E+01  4.6284E-03  5.6237E-01  2.2777E-02  4.3198E-01  2.2473E-02
  2.5271E+01  8.4338E+01  4.6286E-03  5.6240E-01  2.2778E-02  4.3199E-01  2.2473E-02
  2.5273E+01  8.4343E+01  4.6288E-03  5.6243E-01  2.2778E-02  4.3200E-01  2.2473E-02
  2.5274E+01  8.4347E+01  4.6291E-03  5.6246E-01  2.2778E-02  4.3200E-01  2.2474E-02
  2.5275E+01  8.4351E+01  4.6293E-03  5.6249E-01  2.2779E-02  4.3201E-01  2.2474E-02
  2.5277E+01  8.4356E+01  4.6295E-03  5.6252E-01  2.2779E-02  4.3201E-01  2.2475E-02
  2.5278E+01  8.4360E+01  4.6298E-03  5.6255E-01  2.2779E-02  4.3202E-01  2.2475E-02
  2.5279E+01  8.4364E+01  4.6300E-03  5.6258E-01  2.2780E-02  4.3203E-01  2.2475E-02
  2.5281E+01  8.4369E+01  4.6303E-03  5.6261E-01  2.2780E-02  4.3203E-01  2.2476E-02
  2.5282E+01  8.4373E+01  4.6305E-03  5.6264E-01  2.2780E-02  4.3204E-01  2.2476E-02
  2.5283E+01  8.4378E+01  4.6308E-03  5.6267E-01  2.2781E-02  4.3205E-01  2.2476E-02
  2.5285E+01  8.4382E+01  4.6310E-03  5.6270E-01  2.2781E-02  4.3205E-01  2.2477E-02
  2.5286E+01  8.4387E+01  4.6312E-03  5.6273E-01  2.2781E-02  4.3206E-01  2.2477E-02
  2.5287E+01  8.4391E+01  4.6315E-03  5.6276E-01  2.2782E-02  4.3206E-01  2.2478E-02
  2.5289E+01  8.4396E+01  4.6317E-03  5.6279E-01  2.2782E-02  4.3207E-01  2.2478E-02
  2.5290E+01  8.4400E+01  4.6319E-03  5.6282E-01  2.2782E-02  4.3208E-01  2.2478E-02
  2.5291E+01  8.4405E+01  4.6322E-03  5.6285E-01  2.2783E-02  4.3208E-01  2.2479E-02
  2.5293E+01  8.4409E+01  4.6324E-03  5.6288E-01  2.2783E-02  4.3209E-01  2.2479E-02
  2.5294E+01  8.4414E+01  4.6327E-03  5.6291E-01  2.2783E-02  4.3210E-01  2.2479E-02
  2.5295E+01  8.4418E+01  4.6329E-03  5.6294E-01  2.2784E-02  4.3210E-01  2.2480E-02
  2.5297E+01  8.4423E+01  4.6332E-03  5.6297E-01  2.2784E-02  4.3211E-01  2.2480E-02
  2.5298E+01  8.4427E+01  4.6334E-03  5.6300E-01  2.2784E-02  4.3212E-01  2.2481E-02
  2.5299E+01  8.4432E+01  4.6336E-03  5.6303E-01  2.2785E-02  4.3212E-01  2.2481E-02
  2.5301E+01  8.4436E+01  4.6339E-03  5.6306E-01  2.2785E-02  4.3213E-01  2.2481E-02
  2.5302E+01  8.4441E+01  4.6341E-03  5.6309E-01  2.2785E-02  4.3214E-01  2.2482E-02
  2.5303E+01  8.4445E+01  4.6343E-03  5.6312E-01  2.2783E-02  4.3218E-01  2.2479E-02
  2.5305E+01  8.4450E+01  4.6346E-03  5.6315E-01  2.2760E-02  4.3239E-01  2.2455E-02
  2.5306E+01  8.4454E+01  4.6348E-03  5.6318E-01  2.2662E-02  4.3299E-01  2.2355E-02
  2.5307E+01  8.4459E+01  4.6351E-03  5.6321E-01  2.2304E-02  4.3356E-01  2.1992E-02
  2.5309E+01  8.4463E+01  4.6353E-03  5.6324E-01  2.1727E-02  4.3349E-01  2.1406E-02
  2.5310E+01  8.4467E+01  4.6355E-03  5.6327E-01  2.0944E-02  4.3342E-01  2.0611E-02
  2.5311E+01  8.4471E+01  4.6357E-03  5.6329E-01  2.0217E-02  4.3342E-01  1.9872E-02
  2.5313E+01  8.4476E+01  4.6359E-03  5.6332E-01  1.9396E-02  4.3341E-01  1.9036E-02
  2.5314E+01  8.4480E+01  4.6361E-03  5.6334E-01  1.8665E-02  4.3342E-01  1.8291E-02
  2.5315E+01  8.4485E+01  4.6363E-03  5.6337E-01  1.7846E-02  4.3342E-01  1.7454E-02
  2.5317E+01  8.4489E+01  4.6365E-03  5.6339E-01  1.7118E-02  4.3343E-01  1.6710E-02
  2.5318E+01  8.4494E+01  4.6367E-03  5.6341E-01  1.6302E-02  4.3343E-01  1.5873E-02
  2.5319E+01  8.4498E+01  4.6368E-03  5.6343E-01  1.5578E-02  4.3344E-01  1.5128E-02
  2.5321E+01  8.4503E+01  4.6370E-03  5.6345E-01  1.4766E-02  4.3345E-01  1.4291E-02
  2.5322E+01  8.4507E+01  4.6371E-03  5.6347E-01  1.4047E-02  4.3345E-01  1.3546E-02
  2.5324E+01  8.4512E+01  4.6373E-03  5.6349E-01  1.3241E-02  4.3346E-01  1.2709E-02
  2.5325E+01  8.4516E+01  4.6374E-03  5.6350E-01  1.2528E-02  4.3346E-01  1.1964E-02
  2.5326E+01  8.4521E+01  4.6375E-03  5.6352E-01  1.1731E-02  4.3347E-01  1.1126E-02
  2.5327E+01  8.4525E+01  4.6376E-03  5.6353E-01  1.1027E-02  4.3347E-01  1.0382E-02
  2.5329E+01  8.4530E+01  4.6377E-03  5.6355E-01  1.0243E-02  4.3348E-01  9.5442E-03
  2.5330E+01  8.4534E+01  4.6378E-03  5.6356E-01  9.5522E-03  4.3348E-01  8.7992E-03
  2.5332E+01  8.4539E+01  4.6379E-03  5.6357E-01  8.7869E-03  4.3349E-01  7.9619E-03
  2.5333E+01  8.4543E+01  4.6380E-03  5.6358E-01  8.1179E-03  4.3349E-01  7.2169E-03
  2.5334E+01  8.4548E+01  4.6381E-03  5.6359E-01  7.3835E-03  4.3350E-01  6.3796E-03
  2.5335E+01  8.4552E+01  4.6381E-03  5.6360E-01  6.7502E-03  4.3351E-01  5.6346E-03
  2.5337E+01  8.4557E+01  4.6382E-03  5.6361E-01  6.0687E-03  4.3351E-01  4.7972E-03
  2.5338E+01  8.4561E+01  4.6382E-03  5.6361E-01  5.4988E-03  4.3352E-01  4.0521E-03
  2.5340E+01  8.4566E+01  4.6382E-03  5.6362E-01  4.9144E-03  4.3352E-01  3.2147E-03
  2.5341E+01  8.4570E+01  4.6383E-03  5.6362E-01  4.4628E-03  4.3353E-01  2.4697E-03
  2.5342E+01  8.4575E+01  4.6383E-03  5.6362E-01  4.0597E-03  4.3353E-01  1.6323E-03
  2.5343E+01  8.4579E+01  4.6383E-03  5.6362E-01  3.8216E-03  4.3354E-01  8.8722E-04
  2.5345E+01  8.4583E+01  4.6383E-03  5.6363E-01  3.7176E-03  4.3354E-01  4.9809E-05
  2.5346E+01  8.4587E+01  4.6383E-03  5.6363E-01  3.7817E-03  4.3355E-01 -6.9526E-04
  2.5348E+01  8.4592E+01  4.6382E-03  5.6362E-01  4.0209E-03  4.3356E-01 -1.5327E-03
  2.5349E+01  8.4596E+01  4.6382E-03  5.6362E-01  4.3597E-03  4.3356E-01 -2.2777E-03
  2.5350E+01  8.4601E+01  4.6382E-03  5.6362E-01  4.8501E-03  4.3357E-01 -3.1151E-03
  2.5352E+01  8.4605E+01  4.6381E-03  5.6361E-01  5.3592E-03  4.3357E-01 -3.8602E-03
  2.5353E+01  8.4610E+01  4.6381E-03  5.6361E-01  5.9906E-03  4.3358E-01 -4.6976E-03
  2.5354E+01  8.4614E+01  4.6380E-03  5.6360E-01  6.5912E-03  4.3358E-01 -5.4426E-03
  2.5356E+01  8.4619E+01  4.6379E-03  5.6359E-01  7.2980E-03  4.3359E-01 -6.2800E-03
  2.5357E+01  8.4623E+01  4.6379E-03  5.6358E-01  7.9482E-03  4.3359E-01 -7.0250E-03
  2.5358E+01  8.4628E+01  4.6378E-03  5.6357E-01  8.6971E-03  4.3360E-01 -7.8623E-03
  2.5360E+01  8.4632E+01  4.6377E-03  5.6356E-01  9.3761E-03  4.3361E-01 -8.6073E-03
  2.5361E+01  8.4637E+01  4.6376E-03  5.6355E-01  1.0150E-02  4.3361E-01 -9.4446E-03
  2.5362E+01  8.4641E+01  4.6374E-03  5.6354E-01  1.0847E-02  4.3362E-01 -1.0190E-02
  2.5364E+01  8.4646E+01  4.6373E-03  5.6352E-01  1.1637E-02  4.3362E-01 -1.1027E-02
  2.5365E+01  8.4650E+01  4.6372E-03  5.6351E-01  1.2345E-02  4.3363E-01 -1.1772E-02
  2.5366E+01  8.4655E+01  4.6370E-03  5.6349E-01  1.3146E-02  4.3363E-01 -1.2609E-02
  2.5368E+01  8.4659E+01  4.6369E-03  5.6348E-01  1.3862E-02  4.3364E-01 -1.3354E-02
  2.5369E+01  8.4664E+01  4.6367E-03  5.6346E-01  1.4670E-02  4.3364E-01 -1.4191E-02
  2.5370E+01  8.4668E+01  4.6366E-03  5.6344E-01  1.5392E-02  4.3365E-01 -1.4936E-02
  2.5372E+01  8.4673E+01  4.6364E-03  5.6342E-01  1.6206E-02  4.3366E-01 -1.5773E-02
  2.5373E+01  8.4677E+01  4.6362E-03  5.6340E-01  1.6931E-02  4.3366E-01 -1.6518E-02
  2.5374E+01  8.4682E+01  4.6360E-03  5.6337E-01  1.7749E-02  4.3367E-01 -1.7355E-02
  2.5376E+01  8.4686E+01  4.6358E-03  5.6335E-01  1.8478E-02  4.3367E-01 -1.8100E-02
  2.5377E+01  8.4690E+01  4.6356E-03  5.6332E-01  1.9298E-02  4.3368E-01 -1.8936E-02
  2.5378E+01  8.4694E+01  4.6354E-03  5.6330E-01  2.0030E-02  4.3368E-01 -1.9681E-02
  2.5380E+01  8.4699E+01  4.6351E-03  5.6327E-01  2.0853E-02  4.3369E-01 -2.0518E-02
  2.5381E+01  8.4703E+01  4.6349E-03  5.6324E-01  2.1586E-02  4.3369E-01 -2.1263E-02
  2.5382E+01  8.4708E+01  4.6347E-03  5.6321E-01  2.2411E-02  4.3370E-01 -2.2099E-02
  2.5384E+01  8.4712E+01  4.6344E-03  5.6319E-01  2.3145E-02  4.3371E-01 -2.2844E-02
  2.5385E+01  8.4717E+01  4.6341E-03  5.6315E-01  2.3971E-02  4.3371E-01 -2.3681E-02
  2.5386E+01  8.4721E+01  4.6339E-03  5.6312E-01  2.4707E-02  4.3372E-01 -2.4425E-02
  2.5388E+01  8.4726E+01  4.6336E-03  5.6309E-01  2.5534E-02  4.3372E-01 -2.5262E-02
  2.5389E+01  8.4730E+01  4.6333E-03  5.6305E-01  2.6271E-02  4.3373E-01 -2.6006E-02
  2.5390E+01  8.4735E+01  4.6330E-03  5.6302E-01  2.7100E-02  4.3373E-01 -2.6843E-02
  2.5392E+01  8.4739E+01  4.6327E-03  5.6298E-01  2.7837E-02  4.3374E-01 -2.7587E-02
  2.5393E+01  8.4744E+01  4.6324E-03  5.6294E-01  2.8666E-02  4.3375E-01 -2.8423E-02
  2.5394E+01  8.4748E+01  4.6321E-03  5.6291E-01  2.9404E-02  4.3375E-01 -2.9167E-02
  2.5396E+01  8.4753E+01  4.6317E-03  5.6287E-01  3.0234E-02  4.3376E-01 -3.0004E-02
  2.5397E+01  8.4757E+01  4.6314E-03  5.6283E-01  3.0972E-02  4.3376E-01 -3.0748E-02
  2.5398E+01  8.4762E+01  4.6310E-03  5.6278E-01  3.1803E-02  4.3377E-01 -3.1584E-02
  2.5400E+01  8.4766E+01  4.6307E-03  5.6274E-01  3.2542E-02  4.3377E-01 -3.2328E-02
  2.5401E+01  8.4771E+01  4.6303E-03  5.6270E-01  3.3372E-02  4.3378E-01 -3.3164E-02
  2.5402E+01  8.4775E+01  4.6299E-03  5.6266E-01  3.4112E-02  4.3379E-01 -3.3908E-02
  2.5404E+01  8.4780E+01  4.6295E-03  5.6261E-01  3.4943E-02  4.3379E-01 -3.4744E-02
  2.5405E+01  8.4784E+01  4.6291E-03  5.6256E-01  3.5682E-02  4.3380E-01 -3.5487E-02
  2.5406E+01  8.4789E+01  4.6287E-03  5.6251E-01  3.6514E-02  4.3380E-01 -3.6323E-02
  2.5408E+01  8.4793E+01  4.6283E-03  5.6247E-01  3.7254E-02  4.3381E-01 -3.7067E-02
  2.5409E+01  8.4798E+01  4.6279E-03  5.6241E-01  3.8085E-02  4.3382E-01 -3.7902E-02
  2.5410E+01  8.4802E+01  4.6275E-03  5.6236E-01  3.8825E-02  4.3382E-01 -3.8646E-02
  2.5412E+01  8.4806E+01  4.6270E-03  5.6231E-01  3.9657E-02  4.3383E-01 -3.9481E-02
  2.5413E+01  8.4810E+01  4.6266E-03  5.6226E-01  4.0397E-02  4.3383E-01 -4.0225E-02
  2.5414E+01  8.4815E+01  4.6261E-03  5.6220E-01  4.1229E-02  4.3384E-01 -4.1060E-02
  2.5416E+01  8.4819E+01  4.6257E-03  5.6215E-01  4.1969E-02  4.3384E-01 -4.1803E-02
  2.5417E+01  8.4824E+01  4.6252E-03  5.6209E-01  4.2801E-02  4.3385E-01 -4.2638E-02
  2.5418E+01  8.4828E+01  4.6247E-03  5.6204E-01  4.3541E-02  4.3386E-01 -4.3381E-02
  2.5420E+01  8.4833E+01  4.6242E-03  5.6197E-01  4.4373E-02  4.3386E-01 -4.4216E-02
  2.5421E+01  8.4837E+01  4.6237E-03  5.6192E-01  4.5114E-02  4.3387E-01 -4.4959E-02
  2.5422E+01  8.4842E+01  4.6232E-03  5.6185E-01  4.5946E-02  4.3387E-01 -4.5794E-02
  2.5424E+01  8.4846E+01  4.6227E-03  5.6180E-01  4.6686E-02  4.3388E-01 -4.6537E-02
  2.5425E+01  8.4851E+01  4.6222E-03  5.6173E-01  4.7518E-02  4.3389E-01 -4.7371E-02
  2.5426E+01  8.4855E+01  4.6217E-03  5.6167E-01  4.8258E-02  4.3389E-01 -4.8114E-02
  2.5428E+01  8.4860E+01  4.6211E-03  5.6160E-01  4.9090E-02  4.3390E-01 -4.8948E-02
  2.5429E+01  8.4864E+01  4.6206E-03  5.6154E-01  4.9831E-02  4.3390E-01 -4.9690E-02
  2.5430E+01  8.4869E+01  4.6200E-03  5.6147E-01  5.0663E-02  4.3391E-01 -5.0525E-02
  2.5432E+01  8.4873E+01  4.6194E-03  5.6140E-01  5.1403E-02  4.3392E-01 -5.1267E-02
  2.5433E+01  8.4878E+01  4.6188E-03  5.6133E-01  5.2235E-02  4.3392E-01 -5.2101E-02
  2.5434E+01  8.4882E+01  4.6183E-03  5.6127E-01  5.2975E-02  4.3393E-01 -5.2843E-02
  2.5436E+01  8.4887E+01  4.6176E-03  5.6119E-01  5.3807E-02  4.3394E-01 -5.3677E-02
  2.5437E+01  8.4891E+01  4.6171E-03  5.6112E-01  5.4547E-02  4.3394E-01 -5.4419E-02
  2.5439E+01  8.4896E+01  4.6164E-03  5.6105E-01  5.5379E-02  4.3395E-01 -5.5252E-02
  2.5440E+01  8.4900E+01  4.6158E-03  5.6098E-01  5.6118E-02  4.3395E-01 -5.5994E-02
  2.5441E+01  8.4905E+01  4.6152E-03  5.6090E-01  5.6950E-02  4.3396E-01 -5.6827E-02
  2.5442E+01  8.4909E+01  4.6146E-03  5.6082E-01  5.7690E-02  4.3397E-01 -5.7569E-02
  2.5444E+01  8.4913E+01  4.6139E-03  5.6074E-01  5.8521E-02  4.3397E-01 -5.8402E-02
  2.5445E+01  8.4918E+01  4.6133E-03  5.6067E-01  5.9261E-02  4.3398E-01 -5.9143E-02
  2.5447E+01  8.4922E+01  4.6126E-03  5.6058E-01  6.0093E-02  4.3398E-01 -5.9976E-02
  2.5448E+01  8.4926E+01  4.6119E-03  5.6051E-01  6.0832E-02  4.3399E-01 -6.0717E-02
  2.5449E+01  8.4931E+01  4.6112E-03  5.6042E-01  6.1663E-02  4.3400E-01 -6.1550E-02
  2.5450E+01  8.4935E+01  4.6106E-03  5.6034E-01  6.2403E-02  4.3400E-01 -6.2290E-02
  2.5452E+01  8.4940E+01  4.6098E-03  5.6026E-01  6.3234E-02  4.3401E-01 -6.3123E-02
  2.5453E+01  8.4944E+01  4.6092E-03  5.6018E-01  6.3973E-02  4.3402E-01 -6.3863E-02
  2.5455E+01  8.4949E+01  4.6084E-03  5.6008E-01  6.4804E-02  4.3402E-01 -6.4696E-02
  2.5456E+01  8.4953E+01  4.6077E-03  5.6000E-01  6.5543E-02  4.3403E-01 -6.5436E-02
  2.5457E+01  8.4958E+01  4.6070E-03  5.5991E-01  6.6374E-02  4.3404E-01 -6.6268E-02
  2.5458E+01  8.4962E+01  4.6063E-03  5.5983E-01  6.7113E-02  4.3404E-01 -6.7008E-02
  2.5460E+01  8.4967E+01  4.6055E-03  5.5973E-01  6.7943E-02  4.3405E-01 -6.7840E-02
  2.5461E+01  8.4971E+01  4.6048E-03  5.5965E-01  6.8682E-02  4.3405E-01 -6.8580E-02
  2.5463E+01  8.4976E+01  4.6039E-03  5.5955E-01  6.9512E-02  4.3406E-01 -6.9411E-02
  2.5464E+01  8.4980E+01  4.6032E-03  5.5946E-01  7.0251E-02  4.3406E-01 -7.0151E-02
  2.5465E+01  8.4985E+01  4.6024E-03  5.5936E-01  7.1078E-02  4.3402E-01 -7.0979E-02
  2.5467E+01  8.4989E+01  4.6016E-03  5.5927E-01  7.1801E-02  4.3381E-01 -7.1703E-02
  2.5468E+01  8.4994E+01  4.6008E-03  5.5917E-01  7.2539E-02  4.3292E-01 -7.2442E-02
  2.5469E+01  8.4998E+01  4.6000E-03  5.5908E-01  7.2999E-02  4.3218E-01 -7.2904E-02
  2.5471E+01  8.5003E+01  4.5992E-03  5.5897E-01  7.3215E-02  4.3262E-01 -7.3119E-02
  2.5472E+01  8.5007E+01  4.5984E-03  5.5888E-01  7.3260E-02  4.3289E-01 -7.3164E-02
  2.5473E+01  8.5012E+01  4.5975E-03  5.5878E-01  7.3269E-02  4.3297E-01 -7.3174E-02
  2.5475E+01  8.5016E+01  4.5968E-03  5.5869E-01  7.3270E-02  4.3299E-01 -7.3174E-02
  2.5476E+01  8.5021E+01  4.5959E-03  5.5858E-01  7.3269E-02  4.3300E-01 -7.3174E-02
  2.5477E+01  8.5025E+01  4.5951E-03  5.5849E-01  7.3269E-02  4.3300E-01 -7.3173E-02
  2.5479E+01  8.5029E+01  4.5943E-03  5.5839E-01  7.3269E-02  4.3301E-01 -7.3173E-02
  2.5480E+01  8.5033E+01  4.5935E-03  5.5830E-01  7.3268E-02  4.3302E-01 -7.3173E-02
  2.5481E+01  8.5038E+01  4.5927E-03  5.5819E-01  7.3268E-02  4.3302E-01 -7.3172E-02
  2.5483E+01  8.5042E+01  4.5919E-03  5.5810E-01  7.3268E-02  4.3303E-01 -7.3172E-02
  2.5484E+01  8.5047E+01  4.5910E-03  5.5800E-01  7.3267E-02  4.3304E-01 -7.3171E-02
  2.5485E+01  8.5051E+01  4.5903E-03  5.5791E-01  7.3267E-02  4.3304E-01 -7.3171E-02
  2.5487E+01  8.5056E+01  4.5894E-03  5.5780E-01  7.3267E-02  4.3305E-01 -7.3171E-02
  2.5488E+01  8.5060E+01  4.5886E-03  5.5771E-01  7.3266E-02  4.3306E-01 -7.3170E-02
  2.5489E+01  8.5065E+01  4.5878E-03  5.5761E-01  7.3266E-02  4.3306E-01 -7.3170E-02
  2.5491E+01  8.5069E+01  4.5870E-03  5.5752E-01  7.3266E-02  4.3307E-01 -7.3169E-02
  2.5492E+01  8.5074E+01  4.5862E-03  5.5741E-01  7.3265E-02  4.3308E-01 -7.3169E-02
  2.5493E+01  8.5078E+01  4.5854E-03  5.5732E-01  7.3265E-02  4.3308E-01 -7.3169E-02
  2.5495E+01  8.5083E+01  4.5845E-03  5.5722E-01  7.3265E-02  4.3309E-01 -7.3168E-02
  2.5496E+01  8.5087E+01  4.5838E-03  5.5712E-01  7.3264E-02  4.3310E-01 -7.3168E-02
  2.5497E+01  8.5092E+01  4.5829E-03  5.5702E-01  7.3264E-02  4.3310E-01 -7.3168E-02
  2.5499E+01  8.5096E+01  4.5821E-03  5.5693E-01  7.3264E-02  4.3311E-01 -7.3167E-02
  2.5500E+01  8.5101E+01  4.5813E-03  5.5683E-01  7.3263E-02  4.3312E-01 -7.3167E-02
  2.5501E+01  8.5105E+01  4.5805E-03  5.5673E-01  7.3263E-02  4.3312E-01 -7.3166E-02
  2.5503E+01  8.5110E+01  4.5797E-03  5.5663E-01  7.3263E-02  4.3313E-01 -7.3166E-02
  2.5504E+01  8.5114E+01  4.5789E-03  5.5654E-01  7.3262E-02  4.3314E-01 -7.3166E-02
  2.5505E+01  8.5119E+01  4.5780E-03  5.5644E-01  7.3262E-02  4.3314E-01 -7.3165E-02
  2.5507E+01  8.5123E+01  4.5773E-03  5.5634E-01  7.3262E-02  4.3315E-01 -7.3165E-02
  2.5508E+01  8.5128E+01  4.5764E-03  5.5624E-01  7.3261E-02  4.3316E-01 -7.3165E-02
  2.5509E+01  8.5132E+01  4.5756E-03  5.5615E-01  7.3261E-02  4.3316E-01 -7.3164E-02
  2.5511E+01  8.5137E+01  4.5748E-03  5.5605E-01  7.3261E-02  4.3317E-01 -7.3164E-02
  2.5512E+01  8.5141E+01  4.5740E-03  5.5595E-01  7.3260E-02  4.3318E-01 -7.3163E-02
  2.5513E+01  8.5145E+01  4.5732E-03  5.5585E-01  7.3260E-02  4.3318E-01 -7.3163E-02
  2.5515E+01  8.5149E+01  4.5724E-03  5.5576E-01  7.3260E-02  4.3319E-01 -7.3163E-02
  2.5516E+01  8.5154E+01  4.5715E-03  5.5565E-01  7.3259E-02  4.3320E-01 -7.3162E-02
  2.5517E+01  8.5158E+01  4.5708E-03  5.5556E-01  7.3259E-02  4.3320E-01 -7.3162E-02
  2.5519E+01  8.5163E+01  4.5699E-03  5.5546E-01  7.3258E-02  4.3321E-01 -7.3161E-02
  2.5520E+01  8.5167E+01  4.5691E-03  5.5537E-01  7.3258E-02  4.3322E-01 -7.3161E-02
  2.5521E+01  8.5172E+01  4.5683E-03  5.5526E-01  7.3258E-02  4.3322E-01 -7.3161E-02
  2.5523E+01  8.5176E+01  4.5675E-03  5.5517E-01  7.3257E-02  4.3323E-01 -7.3160E-02
  2.5524E+01  8.5181E+01  4.5667E-03  5.5507E-01  7.3257E-02  4.3324E-01 -7.3160E-02
  2.5525E+01  8.5185E+01  4.5659E-03  5.5498E-01  7.3257E-02  4.3324E-01 -7.3160E-02
  2.5527E+01  8.5190E+01  4.5650E-03  5.5487E-01  7.3256E-02  4.3325E-01 -7.3159E-02
  2.5528E+01  8.5194E+01  4.5643E-03  5.5478E-01  7.3256E-02  4.3326E-01 -7.3159E-02
  2.5529E+01  8.5199E+01  4.5634E-03  5.5468E-01  7.3256E-02  4.3326E-01 -7.3158E-02
  2.5531E+01  8.5203E+01  4.5626E-03  5.5459E-01  7.3255E-02  4.3327E-01 -7.3158E-02
  2.5532E+01  8.5208E+01  4.5618E-03  5.5448E-01  7.3255E-02  4.3328E-01 -7.3158E-02
  2.5533E+01  8.5212E+01  4.5610E-03  5.5439E-01  7.3255E-02  4.3328E-01 -7.3157E-02
  2.5535E+01  8.5217E+01  4.5602E-03  5.5429E-01  7.3254E-02  4.3329E-01 -7.3157E-02
  2.5536E+01  8.5221E+01  4.5594E-03  5.5420E-01  7.3254E-02  4.3330E-01 -7.3157E-02
  2.5537E+01  8.5226E+01  4.5585E-03  5.5409E-01  7.3254E-02  4.3330E-01 -7.3156E-02
  2.5539E+01  8.5230E+01  4.5578E-03  5.5400E-01  7.3253E-02  4.3331E-01 -7.3156E-02
  2.5540E+01  8.5235E+01  4.5569E-03  5.5390E-01  7.3253E-02  4.3332E-01 -7.3155E-02
  2.5541E+01  8.5239E+01  4.5561E-03  5.5381E-01  7.3253E-02  4.3332E-01 -7.3155E-02
  2.5543E+01  8.5244E+01  4.5553E-03  5.5370E-01  7.3252E-02  4.3333E-01 -7.3155E-02
  2.5544E+01  8.5248E+01  4.5545E-03  5.5361E-01  7.3252E-02  4.3334E-01 -7.3154E-02
  2.5545E+01  8.5252E+01  4.5537E-03  5.5351E-01  7.3252E-02  4.3334E-01 -7.3154E-02
  2.5547E+01  8.5256E+01  4.5529E-03  5.5341E-01  7.3251E-02  4.3335E-01 -7.3153E-02
  2.5548E+01  8.5261E+01  4.5520E-03  5.5331E-01  7.3251E-02  4.3336E-01 -7.3153E-02
  2.5549E+01  8.5265E+01  4.5513E-03  5.5322E-01  7.3251E-02  4.3336E-01 -7.3153E-02
  2.5551E+01  8.5270E+01  4.5504E-03  5.5312E-01  7.3250E-02  4.3337E-01 -7.3152E-02
  2.5552E+01  8.5274E+01  4.5496E-03  5.5302E-01  7.3250E-02  4.3338E-01 -7.3152E-02
  2.5553E+01  8.5279E+01  4.5488E-03  5.5292E-01  7.3250E-02  4.3338E-01 -7.3152E-02
  2.5555E+01  8.5283E+01  4.5480E-03  5.5283E-01  7.3249E-02  4.3339E-01 -7.3151E-02
  2.5556E+01  8.5288E+01  4.5472E-03  5.5273E-01  7.3249E-02  4.3340E-01 -7.3151E-02
  2.5557E+01  8.5292E+01  4.5464E-03  5.5263E-01  7.3249E-02  4.3340E-01 -7.3150E-02
  2.5559E+01  8.5297E+01  4.5455E-03  5.5253E-01  7.3248E-02  4.3341E-01 -7.3150E-02
  2.5560E+01  8.5301E+01  4.5448E-03  5.5244E-01  7.3248E-02  4.3342E-01 -7.3150E-02
  2.5562E+01  8.5306E+01  4.5439E-03  5.5234E-01  7.3247E-02  4.3342E-01 -7.3149E-02
  2.5563E+01  8.5310E+01  4.5431E-03  5.5224E-01  7.3247E-02  4.3343E-01 -7.3149E-02
  2.5564E+01  8.5315E+01  4.5423E-03  5.5214E-01  7.3247E-02  4.3344E-01 -7.3149E-02
  2.5565E+01  8.5319E+01  4.5415E-03  5.5205E-01  7.3246E-02  4.3344E-01 -7.3148E-02
  2.5567E+01  8.5324E+01  4.5407E-03  5.5194E-01  7.3246E-02  4.3345E-01 -7.3148E-02
  2.5568E+01  8.5328E+01  4.5399E-03  5.5185E-01  7.3246E-02  4.3346E-01 -7.3147E-02
  2.5570E+01  8.5333E+01  4.5390E-03  5.5175E-01  7.3245E-02  4.3346E-01 -7.3147E-02
  2.5571E+01  8.5337E+01  4.5383E-03  5.5166E-01  7.3245E-02  4.3347E-01 -7.3147E-02
  2.5572E+01  8.5342E+01  4.5374E-03  5.5155E-01  7.3245E-02  4.3348E-01 -7.3146E-02
  2.5573E+01  8.5346E+01  4.5366E-03  5.5146E-01  7.3244E-02  4.3348E-01 -7.3146E-02
  2.5575E+01  8.5351E+01  4.5358E-03  5.5136E-01  7.3244E-02  4.3349E-01 -7.3145E-02
  2.5576E+01  8.5355E+01  4.5350E-03  5.5127E-01  7.3244E-02  4.3350E-01 -7.3145E-02
  2.5578E+01  8.5360E+01  4.5342E-03  5.5116E-01  7.3243E-02  4.3350E-01 -7.3145E-02
  2.5579E+01  8.5364E+01  4.5334E-03  5.5107E-01  7.3243E-02  4.3351E-01 -7.3144E-02
  2.5580E+01  8.5368E+01  4.5325E-03  5.5097E-01  7.3243E-02  4.3352E-01 -7.3144E-02
  2.5581E+01  8.5372E+01  4.5318E-03  5.5088E-01  7.3242E-02  4.3352E-01 -7.3144E-02
  2.5583E+01  8.5377E+01  4.5309E-03  5.5077E-01  7.3242E-02  4.3353E-01 -7.3143E-02
  2.5584E+01  8.5381E+01  4.5301E-03  5.5068E-01  7.3242E-02  4.3353E-01 -7.3143E-02
  2.5586E+01  8.5386E+01  4.5293E-03  5.5058E-01  7.3241E-02  4.3354E-01 -7.3142E-02
  2.5587E+01  8.5390E+01  4.5285E-03  5.5049E-01  7.3241E-02  4.3355E-01 -7.3142E-02
  2.5588E+01  8.5395E+01  4.5277E-03  5.5038E-01  7.3241E-02  4.3355E-01 -7.3142E-02
  2.5590E+01  8.5399E+01  4.5269E-03  5.5029E-01  7.3240E-02  4.3356E-01 -7.3141E-02
  2.5591E+01  8.5404E+01  4.5260E-03  5.5019E-01  7.3240E-02  4.3357E-01 -7.3141E-02
  2.5592E+01  8.5408E+01  4.5253E-03  5.5010E-01  7.3240E-02  4.3357E-01 -7.3141E-02
  2.5594E+01  8.5413E+01  4.5244E-03  5.4999E-01  7.3239E-02  4.3358E-01 -7.3140E-02
  2.5595E+01  8.5417E+01  4.5236E-03  5.4990E-01  7.3239E-02  4.3359E-01 -7.3140E-02
  2.5596E+01  8.5422E+01  4.5228E-03  5.4980E-01  7.3239E-02  4.3359E-01 -7.3139E-02
  2.5598E+01  8.5426E+01  4.5220E-03  5.4971E-01  7.3238E-02  4.3360E-01 -7.3139E-02
  2.5599E+01  8.5431E+01  4.5212E-03  5.4960E-01  7.3238E-02  4.3361E-01 -7.3139E-02
  2.5600E+01  8.5435E+01  4.5204E-03  5.4951E-01  7.3238E-02  4.3361E-01 -7.3138E-02
  2.5602E+01  8.5440E+01  4.5195E-03  5.4941E-01  7.3237E-02  4.3362E-01 -7.3138E-02
  2.5603E+01  8.5444E+01  4.5188E-03  5.4932E-01  7.3237E-02  4.3363E-01 -7.3137E-02
  2.5604E+01  8.5449E+01  4.5179E-03  5.4921E-01  7.3237E-02  4.3363E-01 -7.3137E-02
  2.5606E+01  8.5453E+01  4.5171E-03  5.4912E-01  7.3236E-02  4.3364E-01 -7.3137E-02
  2.5607E+01  8.5458E+01  4.5163E-03  5.4902E-01  7.3236E-02  4.3365E-01 -7.3136E-02
  2.5608E+01  8.5462E+01  4.5155E-03  5.4892E-01  7.3235E-02  4.3365E-01 -7.3136E-02
  2.5610E+01  8.5467E+01  4.5147E-03  5.4882E-01  7.3235E-02  4.3366E-01 -7.3136E-02
  2.5611E+01  8.5471E+01  4.5139E-03  5.4873E-01  7.3235E-02  4.3367E-01 -7.3135E-02
  2.5612E+01  8.5475E+01  4.5130E-03  5.4863E-01  7.3234E-02  4.3367E-01 -7.3135E-02
  2.5614E+01  8.5480E+01  4.5123E-03  5.4853E-01  7.3234E-02  4.3368E-01 -7.3134E-02
  2.5615E+01  8.5484E+01  4.5114E-03  5.4843E-01  7.3234E-02  4.3369E-01 -7.3134E-02
  2.5616E+01  8.5488E+01  4.5106E-03  5.4834E-01  7.3233E-02  4.3369E-01 -7.3134E-02
  2.5618E+01  8.5493E+01  4.5098E-03  5.4824E-01  7.3233E-02  4.3370E-01 -7.3133E-02
  2.5619E+01  8.5497E+01  4.5090E-03  5.4814E-01  7.3233E-02  4.3371E-01 -7.3133E-02
  2.5620E+01  8.5502E+01  4.5082E-03  5.4804E-01  7.3232E-02  4.3371E-01 -7.3132E-02
  2.5622E+01  8.5506E+01  4.5074E-03  5.4795E-01  7.3232E-02  4.3372E-01 -7.3132E-02
  2.5623E+01  8.5511E+01  4.5065E-03  5.4785E-01  7.3232E-02  4.3373E-01 -7.3132E-02
  2.5624E+01  8.5515E+01  4.5058E-03  5.4775E-01  7.3231E-02  4.3373E-01 -7.3131E-02
  2.5626E+01  8.5520E+01  4.5049E-03  5.4765E-01  7.3231E-02  4.3374E-01 -7.3131E-02
  2.5627E+01  8.5524E+01  4.5041E-03  5.4756E-01  7.3231E-02  4.3375E-01 -7.3131E-02
  2.5628E+01  8.5529E+01  4.5033E-03  5.4745E-01  7.3230E-02  4.3375E-01 -7.3130E-02
  2.5630E+01  8.5533E+01  4.5025E-03  5.4736E-01  7.3230E-02  4.3376E-01 -7.3130E-02
  2.5631E+01  8.5538E+01  4.5017E-03  5.4726E-01  7.3230E-02  4.3377E-01 -7.3129E-02
  2.5632E+01  8.5542E+01  4.5009E-03  5.4717E-01  7.3229E-02  4.3377E-01 -7.3129E-02
  2.5634E+01  8.5547E+01  4.5000E-03  5.4706E-01  7.3229E-02  4.3378E-01 -7.3129E-02
  2.5635E+01  8.5551E+01  4.4993E-03  5.4697E-01  7.3229E-02  4.3379E-01 -7.3128E-02
  2.5636E+01  8.5556E+01  4.4984E-03  5.4687E-01  7.3228E-02  4.3379E-01 -7.3128E-02
  2.5638E+01  8.5560E+01  4.4976E-03  5.4678E-01  7.3228E-02  4.3380E-01 -7.3127E-02
  2.5639E+01  8.5565E+01  4.4968E-03  5.4667E-01  7.3228E-02  4.3381E-01 -7.3127E-02
  2.5640E+01  8.5569E+01  4.4960E-03  5.4658E-01  7.3227E-02  4.3381E-01 -7.3127E-02
  2.5642E+01  8.5574E+01  4.4952E-03  5.4648E-01  7.3227E-02  4.3382E-01 -7.3126E-02
  2.5643E+01  8.5578E+01  4.4944E-03  5.4639E-01  7.3227E-02  4.3383E-01 -7.3126E-02
  2.5644E+01  8.5583E+01  4.4935E-03  5.4628E-01  7.3226E-02  4.3383E-01 -7.3126E-02
  2.5646E+01  8.5587E+01  4.4928E-03  5.4619E-01  7.3226E-02  4.3384E-01 -7.3125E-02
  2.5647E+01  8.5591E+01  4.4919E-03  5.4609E-01  7.3225E-02  4.3385E-01 -7.3125E-02
  2.5648E+01  8.5595E+01  4.4911E-03  5.4600E-01  7.3225E-02  4.3385E-01 -7.3124E-02
  2.5650E+01  8.5600E+01  4.4903E-03  5.4589E-01  7.3225E-02  4.3386E-01 -7.3124E-02
  2.5651E+01  8.5604E+01  4.4895E-03  5.4580E-01  7.3224E-02  4.3386E-01 -7.3124E-02
  2.5652E+01  8.5609E+01  4.4887E-03  5.4570E-01  7.3224E-02  4.3387E-01 -7.3123E-02
  2.5654E+01  8.5613E+01  4.4879E-03  5.4561E-01  7.3224E-02  4.3388E-01 -7.3123E-02
  2.5655E+01  8.5618E+01  4.4870E-03  5.4550E-01  7.3223E-02  4.3388E-01 -7.3122E-02
  2.5656E+01  8.5622E+01  4.4863E-03  5.4541E-01  7.3223E-02  4.3389E-01 -7.3122E-02
  2.5658E+01  8.5627E+01  4.4854E-03  5.4531E-01  7.3223E-02  4.3390E-01 -7.3122E-02
  2.5659E+01  8.5631E+01  4.4846E-03  5.4522E-01  7.3222E-02  4.3390E-01 -7.3121E-02
  2.5660E+01  8.5636E+01  4.4838E-03  5.4511E-01  7.3222E-02  4.3391E-01 -7.3121E-02
  2.5662E+01  8.5640E+01  4.4830E-03  5.4502E-01  7.3222E-02  4.3392E-01 -7.3121E-02
  2.5663E+01  8.5645E+01  4.4822E-03  5.4492E-01  7.3221E-02  4.3392E-01 -7.3120E-02
  2.5664E+01  8.5649E+01  4.4814E-03  5.4483E-01  7.3221E-02  4.3393E-01 -7.3120E-02
  2.5666E+01  8.5654E+01  4.4805E-03  5.4472E-01  7.3221E-02  4.3394E-01 -7.3119E-02
  2.5667E+01  8.5658E+01  4.4798E-03  5.4463E-01  7.3220E-02  4.3394E-01 -7.3119E-02
  2.5668E+01  8.5663E+01  4.4789E-03  5.4453E-01  7.3220E-02  4.3395E-01 -7.3119E-02
  2.5670E+01  8.5667E+01  4.4781E-03  5.4444E-01  7.3220E-02  4.3396E-01 -7.3118E-02
  2.5671E+01  8.5672E+01  4.4773E-03  5.4433E-01  7.3219E-02  4.3396E-01 -7.3118E-02
  2.5672E+01  8.5676E+01  4.4765E-03  5.4424E-01  7.3219E-02  4.3397E-01 -7.3118E-02
  2.5674E+01  8.5681E+01  4.4757E-03  5.4414E-01  7.3219E-02  4.3398E-01 -7.3117E-02
  2.5675E+01  8.5685E+01  4.4749E-03  5.4405E-01  7.3218E-02  4.3398E-01 -7.3117E-02
  2.5677E+01  8.5690E+01  4.4740E-03  5.4394E-01  7.3218E-02  4.3399E-01 -7.3116E-02
  2.5678E+01  8.5694E+01  4.4733E-03  5.4385E-01  7.3218E-02  4.3400E-01 -7.3116E-02
  2.5679E+01  8.5698E+01  4.4724E-03  5.4375E-01  7.3217E-02  4.3400E-01 -7.3116E-02
  2.5680E+01  8.5703E+01  4.4716E-03  5.4365E-01  7.3217E-02  4.3401E-01 -7.3115E-02
  2.5682E+01  8.5707E+01  4.4708E-03  5.4355E-01  7.3217E-02  4.3402E-01 -7.3115E-02
  2.5683E+01  8.5711E+01  4.4700E-03  5.4346E-01  7.3216E-02  4.3402E-01 -7.3114E-02
  2.5685E+01  8.5716E+01  4.4692E-03  5.4336E-01  7.3216E-02  4.3403E-01 -7.3114E-02
  2.5686E+01  8.5720E+01  4.4684E-03  5.4326E-01  7.3216E-02  4.3404E-01 -7.3114E-02
  2.5687E+01  8.5725E+01  4.4675E-03  5.4316E-01  7.3215E-02  4.3404E-01 -7.3113E-02
  2.5688E+01  8.5729E+01  4.4668E-03  5.4307E-01  7.3215E-02  4.3405E-01 -7.3113E-02
  2.5690E+01  8.5734E+01  4.4659E-03  5.4297E-01  7.3214E-02  4.3406E-01 -7.3112E-02
  2.5691E+01  8.5738E+01  4.4651E-03  5.4287E-01  7.3214E-02  4.3406E-01 -7.3112E-02
  2.5693E+01  8.5743E+01  4.4643E-03  5.4277E-01  7.3214E-02  4.3407E-01 -7.3112E-02
  2.5694E+01  8.5747E+01  4.4635E-03  5.4268E-01  7.3213E-02  4.3407E-01 -7.3111E-02
  2.5695E+01  8.5752E+01  4.4627E-03  5.4258E-01  7.3213E-02  4.3408E-01 -7.3111E-02
  2.5696E+01  8.5756E+01  4.4619E-03  5.4248E-01  7.3213E-02  4.3409E-01 -7.3111E-02
  2.5698E+01  8.5761E+01  4.4610E-03  5.4238E-01  7.3212E-02  4.3409E-01 -7.3110E-02
  2.5699E+01  8.5765E+01  4.4603E-03  5.4229E-01  7.3212E-02  4.3410E-01 -7.3110E-02
  2.5701E+01  8.5770E+01  4.4594E-03  5.4219E-01  7.3212E-02  4.3411E-01 -7.3109E-02
  2.5702E+01  8.5774E+01  4.4586E-03  5.4209E-01  7.3211E-02  4.3411E-01 -7.3109E-02
  2.5703E+01  8.5779E+01  4.4578E-03  5.4199E-01  7.3211E-02  4.3412E-01 -7.3109E-02
  2.5705E+01  8.5783E+01  4.4570E-03  5.4190E-01  7.3211E-02  4.3413E-01 -7.3108E-02
  2.5706E+01  8.5788E+01  4.4562E-03  5.4180E-01  7.3210E-02  4.3413E-01 -7.3108E-02
  2.5707E+01  8.5792E+01  4.4554E-03  5.4170E-01  7.3210E-02  4.3414E-01 -7.3108E-02
  2.5709E+01  8.5797E+01  4.4545E-03  5.4160E-01  7.3210E-02  4.3415E-01 -7.3107E-02
  2.5710E+01  8.5801E+01  4.4538E-03  5.4151E-01  7.3209E-02  4.3415E-01 -7.3107E-02
  2.5711E+01  8.5806E+01  4.4529E-03  5.4141E-01  7.3209E-02  4.3416E-01 -7.3106E-02
  2.5713E+01  8.5810E+01  4.4521E-03  5.4131E-01  7.3209E-02  4.3417E-01 -7.3106E-02
  2.5714E+01  8.5814E+01  4.4513E-03  5.4121E-01  7.3208E-02  4.3417E-01 -7.3106E-02
  2.5715E+01  8.5818E+01  4.4505E-03  5.4112E-01  7.3208E-02  4.3418E-01 -7.3105E-02
  2.5717E+01  8.5823E+01  4.4497E-03  5.4102E-01  7.3208E-02  4.3419E-01 -7.3105E-02
  2.5718E+01  8.5827E+01  4.4489E-03  5.4092E-01  7.3207E-02  4.3419E-01 -7.3104E-02
  2.5719E+01  8.5832E+01  4.4480E-03  5.4082E-01  7.3207E-02  4.3420E-01 -7.3104E-02
  2.5721E+01  8.5836E+01  4.4473E-03  5.4073E-01  7.3207E-02  4.3421E-01 -7.3104E-02
  2.5722E+01  8.5841E+01  4.4464E-03  5.4062E-01  7.3206E-02  4.3421E-01 -7.3103E-02
  2.5723E+01  8.5845E+01  4.4456E-03  5.4053E-01  7.3206E-02  4.3422E-01 -7.3103E-02
  2.5725E+01  8.5850E+01  4.4448E-03  5.4043E-01  7.3206E-02  4.3423E-01 -7.3102E-02
  2.5726E+01  8.5854E+01  4.4440E-03  5.4034E-01  7.3205E-02  4.3423E-01 -7.3102E-02
  2.5727E+01  8.5859E+01  4.4432E-03  5.4023E-01  7.3205E-02  4.3424E-01 -7.3102E-02
  2.5730E+01  8.5868E+01  4.4415E-03  5.4004E-01  7.3204E-02  4.3425E-01 -7.3101E-02
