  3.3715E+00  1.1287E+01  5.0633E+01  4.5619E-01  2.9877E+02  1.3496E+01 -2.9730E+02
  3.3828E+00  1.1324E+01  5.0633E+01  4.5618E-01  2.9875E+02  1.3496E+01 -2.9728E+02
  3.3950E+00  1.1365E+01  5.0633E+01  4.5617E-01  2.9873E+02  1.3496E+01 -2.9727E+02
  3.4074E+00  1.1406E+01  5.0633E+01  4.5617E-01  2.9872E+02  1.3496E+01 -2.9725E+02
  3.4195E+00  1.1446E+01  5.0633E+01  4.5616E-01  2.9870E+02  1.3497E+01 -2.9723E+02
  3.4317E+00  1.1487E+01  5.0633E+01  4.5615E-01  2.9869E+02  1.3497E+01 -2.9722E+02
  3.4439E+00  1.1528E+01  5.0633E+01  4.5614E-01  2.9867E+02  1.3497E+01 -2.9720E+02
  3.4560E+00  1.1568E+01  5.0633E+01  4.5614E-01  2.9865E+02  1.3497E+01 -2.9718E+02
  3.4684E+00  1.1610E+01  5.0633E+01  4.5613E-01  2.9864E+02  1.3497E+01 -2.9717E+02
  3.4806E+00  1.1650E+01  5.0633E+01  4.5612E-01  2.9862E+02  1.3497E+01 -2.9715E+02
  3.4928E+00  1.1691E+01  5.0633E+01  4.5612E-01  2.9860E+02  1.3498E+01 -2.9713E+02
  3.5049E+00  1.1731E+01  5.0633E+01  4.5611E-01  2.9859E+02  1.3498E+01 -2.9712E+02
  3.5173E+00  1.1773E+01  5.0633E+01  4.5610E-01  2.9857E+02  1.3498E+01 -2.9710E+02
  3.5295E+00  1.1813E+01  5.0633E+01  4.5609E-01  2.9855E+02  1.3498E+01 -2.9708E+02
  3.5417E+00  1.1854E+01  5.0633E+01  4.5609E-01  2.9854E+02  1.3498E+01 -2.9707E+02
  3.5538E+00  1.1894E+01  5.0633E+01  4.5608E-01  2.9852E+02  1.3498E+01 -2.9705E+02
  3.5660E+00  1.1935E+01  5.0633E+01  4.5607E-01  2.9851E+02  1.3499E+01 -2.9703E+02
  3.5784E+00  1.1976E+01  5.0633E+01  4.5607E-01  2.9849E+02  1.3499E+01 -2.9702E+02
  3.5905E+00  1.2017E+01  5.0633E+01  4.5606E-01  2.9847E+02  1.3499E+01 -2.9700E+02
  3.6027E+00  1.2058E+01  5.0633E+01  4.5605E-01  2.9846E+02  1.3499E+01 -2.9699E+02
  3.6149E+00  1.2098E+01  5.0633E+01  4.5604E-01  2.9844E+02  1.3499E+01 -2.9697E+02
  3.6273E+00  1.2139E+01  5.0633E+01  4.5604E-01  2.9842E+02  1.3500E+01 -2.9695E+02
  3.6394E+00  1.2180E+01  5.0633E+01  4.5603E-01  2.9841E+02  1.3500E+01 -2.9694E+02
  3.6516E+00  1.2221E+01  5.0633E+01  4.5602E-01  2.9839E+02  1.3500E+01 -2.9692E+02
  3.6638E+00  1.2261E+01  5.0633E+01  4.5602E-01  2.9838E+02  1.3500E+01 -2.9690E+02
  3.6760E+00  1.2302E+01  5.0633E+01  4.5601E-01  2.9836E+02  1.3500E+01 -2.9689E+02
  3.6883E+00  1.2343E+01  5.0633E+01  4.5600E-01  2.9834E+02  1.3500E+01 -2.9687E+02
  3.7005E+00  1.2384E+01  5.0633E+01  4.5600E-01  2.9833E+02  1.3501E+01 -2.9685E+02
  3.7127E+00  1.2424E+01  5.0633E+01  4.5599E-01  2.9831E+02  1.3501E+01 -2.9684E+02
  3.7248E+00  1.2465E+01  5.0633E+01  4.5598E-01  2.9829E+02  1.3501E+01 -2.9682E+02
  3.7372E+00  1.2506E+01  5.0633E+01  4.5597E-01  2.9828E+02  1.3501E+01 -2.9680E+02
  3.7494E+00  1.2547E+01  5.0633E+01  4.5597E-01  2.9826E+02  1.3501E+01 -2.9679E+02
  3.7616E+00  1.2587E+01  5.0633E+01  4.5596E-01  2.9824E+02  1.3501E+01 -2.9677E+02
  3.7737E+00  1.2628E+01  5.0633E+01  4.5595E-01  2.9823E+02  1.3502E+01 -2.9675E+02
  3.7859E+00  1.2669E+01  5.0633E+01  4.5595E-01  2.9821E+02  1.3502E+01 -2.9674E+02
  3.7983E+00  1.2710E+01  5.0633E+01  4.5594E-01  2.9820E+02  1.3502E+01 -2.9672E+02
  3.8105E+00  1.2751E+01  5.0633E+01  4.5593E-01  2.9818E+02  1.3502E+01 -2.9671E+02
  3.8226E+00  1.2791E+01  5.0633E+01  4.5592E-01  2.9816E+02  1.3502E+01 -2.9669E+02
  3.8348E+00  1.2832E+01  5.0633E+01  4.5592E-01  2.9815E+02  1.3502E+01 -2.9667E+02
  3.8472E+00  1.2873E+01  5.0633E+01  4.5591E-01  2.9813E+02  1.3503E+01 -2.9666E+02
  3.8594E+00  1.2914E+01  5.0633E+01  4.5590E-01  2.9811E+02  1.3503E+01 -2.9664E+02
  3.8715E+00  1.2954E+01  5.0633E+01  4.5590E-01  2.9810E+02  1.3503E+01 -2.9662E+02
  3.8837E+00  1.2995E+01  5.0633E+01  4.5589E-01  2.9808E+02  1.3503E+01 -2.9661E+02
  3.8959E+00  1.3035E+01  5.0633E+01  4.5588E-01  2.9807E+02  1.3503E+01 -2.9659E+02
  3.9083E+00  1.3077E+01  5.0633E+01  4.5587E-01  2.9805E+02  1.3503E+01 -2.9657E+02
  3.9204E+00  1.3117E+01  5.0633E+01  4.5587E-01  2.9803E+02  1.3504E+01 -2.9656E+02
  3.9326E+00  1.3158E+01  5.0633E+01  4.5586E-01  2.9802E+02  1.3504E+01 -2.9654E+02
  3.9448E+00  1.3199E+01  5.0633E+01  4.5585E-01  2.9800E+02  1.3504E+01 -2.9653E+02
  3.9571E+00  1.3240E+01  5.0633E+01  4.5585E-01  2.9798E+02  1.3504E+01 -2.9651E+02
  3.9693E+00  1.3280E+01  5.0633E+01  4.5584E-01  2.9797E+02  1.3504E+01 -2.9649E+02
  3.9815E+00  1.3321E+01  5.0633E+01  4.5583E-01  2.9795E+02  1.3504E+01 -2.9648E+02
  3.9937E+00  1.3362E+01  5.0633E+01  4.5583E-01  2.9794E+02  1.3505E+01 -2.9646E+02
  4.0060E+00  1.3403E+01  5.0633E+01  4.5582E-01  2.9792E+02  1.3505E+01 -2.9644E+02
  4.0182E+00  1.3444E+01  5.0633E+01  4.5581E-01  2.9790E+02  1.3505E+01 -2.9643E+02
  4.0304E+00  1.3484E+01  5.0633E+01  4.5580E-01  2.9789E+02  1.3505E+01 -2.9641E+02
  4.0426E+00  1.3525E+01  5.0633E+01  4.5580E-01  2.9787E+02  1.3505E+01 -2.9639E+02
  4.0547E+00  1.3565E+01  5.0633E+01  4.5579E-01  2.9786E+02  1.3505E+01 -2.9638E+02
  4.0671E+00  1.3607E+01  5.0633E+01  4.5578E-01  2.9784E+02  1.3505E+01 -2.9636E+02
  4.0793E+00  1.3647E+01  5.0633E+01  4.5578E-01  2.9782E+02  1.3506E+01 -2.9635E+02
  4.0891E+00  1.3680E+01  5.0633E+01  4.5577E-01  2.9781E+02  1.3506E+01 -2.9633E+02
  4.0914E+00  1.3688E+01  5.0633E+01  4.5577E-01  2.9781E+02  1.3506E+01 -2.9633E+02
  4.1036E+00  1.3728E+01  5.0633E+01  4.5576E-01  2.9779E+02  1.3506E+01 -2.9631E+02
  4.1160E+00  1.3770E+01  5.0633E+01  4.5575E-01  2.9777E+02  1.3506E+01 -2.9630E+02
  4.1282E+00  1.3810E+01  5.0633E+01  4.5575E-01  2.9776E+02  1.3506E+01 -2.9628E+02
  4.1403E+00  1.3851E+01  5.0633E+01  4.5574E-01  2.9774E+02  1.3506E+01 -2.9626E+02
  4.1525E+00  1.3892E+01  5.0633E+01  4.5573E-01  2.9773E+02  1.3507E+01 -2.9625E+02
  4.1647E+00  1.3932E+01  5.0633E+01  4.5573E-01  2.9771E+02  1.3507E+01 -2.9623E+02
  4.1771E+00  1.3973E+01  5.0633E+01  4.5572E-01  2.9769E+02  1.3507E+01 -2.9621E+02
  4.1892E+00  1.4014E+01  5.0633E+01  4.5571E-01  2.9768E+02  1.3507E+01 -2.9620E+02
  4.2014E+00  1.4055E+01  5.0633E+01  4.5571E-01  2.9766E+02  1.3507E+01 -2.9618E+02
  4.2136E+00  1.4095E+01  5.0633E+01  4.5570E-01  2.9765E+02  1.3507E+01 -2.9617E+02
  4.2260E+00  1.4137E+01  5.0633E+01  4.5569E-01  2.9763E+02  1.3507E+01 -2.9615E+02
  4.2381E+00  1.4177E+01  5.0633E+01  4.5568E-01  2.9761E+02  1.3508E+01 -2.9613E+02
  4.2503E+00  1.4218E+01  5.0633E+01  4.5568E-01  2.9760E+02  1.3508E+01 -2.9612E+02
  4.2625E+00  1.4258E+01  5.0633E+01  4.5567E-01  2.9758E+02  1.3508E+01 -2.9610E+02
  4.2746E+00  1.4299E+01  5.0633E+01  4.5566E-01  2.9756E+02  1.3508E+01 -2.9608E+02
  4.2870E+00  1.4340E+01  5.0633E+01  4.5566E-01  2.9755E+02  1.3508E+01 -2.9607E+02
  4.2992E+00  1.4381E+01  5.0633E+01  4.5565E-01  2.9753E+02  1.3508E+01 -2.9605E+02
  4.3114E+00  1.4421E+01  5.0633E+01  4.5564E-01  2.9752E+02  1.3508E+01 -2.9604E+02
  4.3235E+00  1.4462E+01  5.0633E+01  4.5563E-01  2.9750E+02  1.3509E+01 -2.9602E+02
  4.3359E+00  1.4503E+01  5.0633E+01  4.5563E-01  2.9748E+02  1.3509E+01 -2.9600E+02
  4.3481E+00  1.4544E+01  5.0633E+01  4.5562E-01  2.9747E+02  1.3509E+01 -2.9599E+02
  4.3603E+00  1.4585E+01  5.0633E+01  4.5561E-01  2.9745E+02  1.3509E+01 -2.9597E+02
  4.3724E+00  1.4625E+01  5.0633E+01  4.5561E-01  2.9744E+02  1.3509E+01 -2.9595E+02
  4.3846E+00  1.4666E+01  5.0633E+01  4.5560E-01  2.9742E+02  1.3509E+01 -2.9594E+02
  4.3970E+00  1.4707E+01  5.0633E+01  4.5559E-01  2.9740E+02  1.3509E+01 -2.9592E+02
  4.4091E+00  1.4748E+01  5.0633E+01  4.5559E-01  2.9739E+02  1.3510E+01 -2.9591E+02
  4.4213E+00  1.4788E+01  5.0633E+01  4.5558E-01  2.9737E+02  1.3510E+01 -2.9589E+02
  4.4335E+00  1.4829E+01  5.0633E+01  4.5557E-01  2.9736E+02  1.3510E+01 -2.9587E+02
  4.4459E+00  1.4870E+01  5.0633E+01  4.5556E-01  2.9734E+02  1.3510E+01 -2.9586E+02
  4.4580E+00  1.4911E+01  5.0633E+01  4.5556E-01  2.9732E+02  1.3510E+01 -2.9584E+02
  4.4702E+00  1.4951E+01  5.0633E+01  4.5555E-01  2.9731E+02  1.3510E+01 -2.9582E+02
  4.4824E+00  1.4992E+01  5.0633E+01  4.5554E-01  2.9729E+02  1.3510E+01 -2.9581E+02
  4.4946E+00  1.5033E+01  5.0633E+01  4.5554E-01  2.9728E+02  1.3511E+01 -2.9579E+02
  4.5069E+00  1.5074E+01  5.0633E+01  4.5553E-01  2.9726E+02  1.3511E+01 -2.9578E+02
  4.5191E+00  1.5114E+01  5.0633E+01  4.5552E-01  2.9724E+02  1.3511E+01 -2.9576E+02
  4.5313E+00  1.5155E+01  5.0633E+01  4.5551E-01  2.9723E+02  1.3511E+01 -2.9574E+02
  4.5435E+00  1.5196E+01  5.0633E+01  4.5551E-01  2.9721E+02  1.3511E+01 -2.9573E+02
  4.5558E+00  1.5237E+01  5.0633E+01  4.5550E-01  2.9719E+02  1.3511E+01 -2.9571E+02
  4.5680E+00  1.5278E+01  5.0633E+01  4.5549E-01  2.9718E+02  1.3511E+01 -2.9569E+02
  4.5802E+00  1.5318E+01  5.0633E+01  4.5549E-01  2.9716E+02  1.3512E+01 -2.9568E+02
  4.5923E+00  1.5359E+01  5.0633E+01  4.5548E-01  2.9715E+02  1.3512E+01 -2.9566E+02
  4.6045E+00  1.5399E+01  5.0633E+01  4.5547E-01  2.9713E+02  1.3512E+01 -2.9565E+02
  4.6169E+00  1.5441E+01  5.0633E+01  4.5547E-01  2.9711E+02  1.3512E+01 -2.9563E+02
  4.6291E+00  1.5481E+01  5.0633E+01  4.5546E-01  2.9710E+02  1.3512E+01 -2.9561E+02
  4.6412E+00  1.5522E+01  5.0633E+01  4.5545E-01  2.9708E+02  1.3512E+01 -2.9560E+02
  4.6534E+00  1.5562E+01  5.0633E+01  4.5544E-01  2.9707E+02  1.3512E+01 -2.9558E+02
  4.6658E+00  1.5604E+01  5.0633E+01  4.5544E-01  2.9705E+02  1.3512E+01 -2.9557E+02
  4.6780E+00  1.5644E+01  5.0633E+01  4.5543E-01  2.9703E+02  1.3513E+01 -2.9555E+02
  4.6901E+00  1.5685E+01  5.0633E+01  4.5542E-01  2.9702E+02  1.3513E+01 -2.9553E+02
  4.7023E+00  1.5726E+01  5.0633E+01  4.5542E-01  2.9700E+02  1.3513E+01 -2.9552E+02
  4.7145E+00  1.5766E+01  5.0633E+01  4.5541E-01  2.9699E+02  1.3513E+01 -2.9550E+02
  4.7269E+00  1.5807E+01  5.0633E+01  4.5540E-01  2.9697E+02  1.3513E+01 -2.9548E+02
  4.7390E+00  1.5848E+01  5.0633E+01  4.5539E-01  2.9695E+02  1.3513E+01 -2.9547E+02
  4.7512E+00  1.5889E+01  5.0633E+01  4.5539E-01  2.9694E+02  1.3513E+01 -2.9545E+02
  4.7634E+00  1.5929E+01  5.0633E+01  4.5538E-01  2.9692E+02  1.3514E+01 -2.9544E+02
  4.7757E+00  1.5971E+01  5.0633E+01  4.5537E-01  2.9691E+02  1.3514E+01 -2.9542E+02
  4.7879E+00  1.6011E+01  5.0633E+01  4.5537E-01  2.9689E+02  1.3514E+01 -2.9540E+02
  4.8001E+00  1.6052E+01  5.0633E+01  4.5536E-01  2.9688E+02  1.3514E+01 -2.9539E+02
  4.8123E+00  1.6092E+01  5.0633E+01  4.5535E-01  2.9686E+02  1.3514E+01 -2.9537E+02
  4.8244E+00  1.6133E+01  5.0633E+01  4.5535E-01  2.9684E+02  1.3514E+01 -2.9536E+02
  4.8368E+00  1.6174E+01  5.0633E+01  4.5534E-01  2.9683E+02  1.3514E+01 -2.9534E+02
  4.8490E+00  1.6215E+01  5.0633E+01  4.5533E-01  2.9681E+02  1.3514E+01 -2.9532E+02
  4.8612E+00  1.6255E+01  5.0633E+01  4.5532E-01  2.9680E+02  1.3515E+01 -2.9531E+02
  4.8733E+00  1.6296E+01  5.0633E+01  4.5532E-01  2.9678E+02  1.3515E+01 -2.9529E+02
  4.8857E+00  1.6337E+01  5.0633E+01  4.5531E-01  2.9676E+02  1.3515E+01 -2.9528E+02
  4.8979E+00  1.6378E+01  5.0633E+01  4.5530E-01  2.9675E+02  1.3515E+01 -2.9526E+02
  4.9100E+00  1.6419E+01  5.0633E+01  4.5530E-01  2.9673E+02  1.3515E+01 -2.9524E+02
  4.9222E+00  1.6459E+01  5.0633E+01  4.5529E-01  2.9672E+02  1.3515E+01 -2.9523E+02
  4.9346E+00  1.6500E+01  5.0633E+01  4.5528E-01  2.9670E+02  1.3515E+01 -2.9521E+02
  4.9468E+00  1.6541E+01  5.0633E+01  4.5528E-01  2.9668E+02  1.3515E+01 -2.9519E+02
  4.9589E+00  1.6582E+01  5.0633E+01  4.5527E-01  2.9667E+02  1.3516E+01 -2.9518E+02
  4.9711E+00  1.6622E+01  5.0633E+01  4.5526E-01  2.9665E+02  1.3516E+01 -2.9516E+02
  4.9833E+00  1.6663E+01  5.0633E+01  4.5525E-01  2.9664E+02  1.3516E+01 -2.9515E+02
  4.9957E+00  1.6704E+01  5.0633E+01  4.5525E-01  2.9662E+02  1.3516E+01 -2.9513E+02
  5.0078E+00  1.6745E+01  5.0633E+01  4.5524E-01  2.9660E+02  1.3516E+01 -2.9511E+02
  5.0101E+00  1.6752E+01  5.0633E+01  4.5524E-01  2.9660E+02  1.3516E+01 -2.9511E+02
  5.0200E+00  1.6785E+01  5.0633E+01  4.5523E-01  2.9659E+02  1.3516E+01 -2.9510E+02
  5.0322E+00  1.6826E+01  5.0633E+01  4.5523E-01  2.9657E+02  1.3516E+01 -2.9508E+02
  5.0446E+00  1.6867E+01  5.0633E+01  4.5522E-01  2.9656E+02  1.3516E+01 -2.9507E+02
  5.0567E+00  1.6908E+01  5.0633E+01  4.5521E-01  2.9654E+02  1.3516E+01 -2.9505E+02
  5.0689E+00  1.6948E+01  5.0633E+01  4.5520E-01  2.9653E+02  1.3517E+01 -2.9503E+02
  5.0811E+00  1.6989E+01  5.0633E+01  4.5520E-01  2.9651E+02  1.3517E+01 -2.9502E+02
  5.0932E+00  1.7030E+01  5.0633E+01  4.5519E-01  2.9649E+02  1.3517E+01 -2.9500E+02
  5.1056E+00  1.7071E+01  5.0633E+01  4.5518E-01  2.9648E+02  1.3517E+01 -2.9499E+02
  5.1178E+00  1.7112E+01  5.0633E+01  4.5518E-01  2.9646E+02  1.3517E+01 -2.9497E+02
  5.1300E+00  1.7152E+01  5.0633E+01  4.5517E-01  2.9645E+02  1.3517E+01 -2.9495E+02
  5.1421E+00  1.7193E+01  5.0633E+01  4.5516E-01  2.9643E+02  1.3517E+01 -2.9494E+02
  5.1545E+00  1.7234E+01  5.0633E+01  4.5516E-01  2.9641E+02  1.3517E+01 -2.9492E+02
  5.1667E+00  1.7275E+01  5.0633E+01  4.5515E-01  2.9640E+02  1.3518E+01 -2.9491E+02
  5.1789E+00  1.7315E+01  5.0633E+01  4.5514E-01  2.9638E+02  1.3518E+01 -2.9489E+02
  5.1910E+00  1.7356E+01  5.0633E+01  4.5513E-01  2.9637E+02  1.3518E+01 -2.9487E+02
  5.2032E+00  1.7396E+01  5.0633E+01  4.5513E-01  2.9635E+02  1.3518E+01 -2.9486E+02
  5.2156E+00  1.7438E+01  5.0633E+01  4.5512E-01  2.9634E+02  1.3518E+01 -2.9484E+02
  5.2278E+00  1.7478E+01  5.0633E+01  4.5511E-01  2.9632E+02  1.3518E+01 -2.9483E+02
  5.2399E+00  1.7519E+01  5.0633E+01  4.5511E-01  2.9630E+02  1.3518E+01 -2.9481E+02
  5.2521E+00  1.7560E+01  5.0633E+01  4.5510E-01  2.9629E+02  1.3518E+01 -2.9480E+02
  5.2645E+00  1.7601E+01  5.0633E+01  4.5509E-01  2.9627E+02  1.3518E+01 -2.9478E+02
  5.2766E+00  1.7641E+01  5.0633E+01  4.5509E-01  2.9626E+02  1.3519E+01 -2.9476E+02
  5.2888E+00  1.7682E+01  5.0633E+01  4.5508E-01  2.9624E+02  1.3519E+01 -2.9475E+02
  5.3010E+00  1.7723E+01  5.0633E+01  4.5507E-01  2.9622E+02  1.3519E+01 -2.9473E+02
  5.3132E+00  1.7763E+01  5.0633E+01  4.5506E-01  2.9621E+02  1.3519E+01 -2.9472E+02
  5.3255E+00  1.7805E+01  5.0633E+01  4.5506E-01  2.9619E+02  1.3519E+01 -2.9470E+02
  5.3377E+00  1.7845E+01  5.0633E+01  4.5505E-01  2.9618E+02  1.3519E+01 -2.9468E+02
  5.3499E+00  1.7886E+01  5.0633E+01  4.5504E-01  2.9616E+02  1.3519E+01 -2.9467E+02
  5.3621E+00  1.7926E+01  5.0633E+01  4.5504E-01  2.9615E+02  1.3519E+01 -2.9465E+02
  5.3744E+00  1.7968E+01  5.0633E+01  4.5503E-01  2.9613E+02  1.3519E+01 -2.9464E+02
  5.3866E+00  1.8008E+01  5.0633E+01  4.5502E-01  2.9611E+02  1.3519E+01 -2.9462E+02
  5.3988E+00  1.8049E+01  5.0633E+01  4.5502E-01  2.9610E+02  1.3519E+01 -2.9460E+02
  5.4109E+00  1.8089E+01  5.0633E+01  4.5501E-01  2.9608E+02  1.3520E+01 -2.9459E+02
  5.4231E+00  1.8130E+01  5.0633E+01  4.5500E-01  2.9607E+02  1.3520E+01 -2.9457E+02
  5.4355E+00  1.8171E+01  5.0633E+01  4.5499E-01  2.9605E+02  1.3520E+01 -2.9456E+02
  5.4477E+00  1.8212E+01  5.0633E+01  4.5499E-01  2.9604E+02  1.3520E+01 -2.9454E+02
  5.4598E+00  1.8253E+01  5.0633E+01  4.5498E-01  2.9602E+02  1.3520E+01 -2.9452E+02
  5.4720E+00  1.8293E+01  5.0633E+01  4.5497E-01  2.9600E+02  1.3520E+01 -2.9451E+02
  5.4844E+00  1.8334E+01  5.0633E+01  4.5497E-01  2.9599E+02  1.3520E+01 -2.9449E+02
  5.4966E+00  1.8375E+01  5.0633E+01  4.5496E-01  2.9597E+02  1.3520E+01 -2.9448E+02
  5.5087E+00  1.8416E+01  5.0633E+01  4.5495E-01  2.9596E+02  1.3520E+01 -2.9446E+02
  5.5209E+00  1.8456E+01  5.0633E+01  4.5494E-01  2.9594E+02  1.3520E+01 -2.9445E+02
  5.5331E+00  1.8497E+01  5.0633E+01  4.5494E-01  2.9593E+02  1.3521E+01 -2.9443E+02
  5.5455E+00  1.8538E+01  5.0633E+01  4.5493E-01  2.9591E+02  1.3521E+01 -2.9441E+02
  5.5576E+00  1.8579E+01  5.0633E+01  4.5492E-01  2.9589E+02  1.3521E+01 -2.9440E+02
  5.5698E+00  1.8619E+01  5.0633E+01  4.5492E-01  2.9588E+02  1.3521E+01 -2.9438E+02
  5.5820E+00  1.8660E+01  5.0633E+01  4.5491E-01  2.9586E+02  1.3521E+01 -2.9437E+02
  5.5944E+00  1.8701E+01  5.0633E+01  4.5490E-01  2.9585E+02  1.3521E+01 -2.9435E+02
  5.6065E+00  1.8742E+01  5.0633E+01  4.5490E-01  2.9583E+02  1.3521E+01 -2.9433E+02
  5.6187E+00  1.8782E+01  5.0633E+01  4.5489E-01  2.9582E+02  1.3521E+01 -2.9432E+02
  5.6309E+00  1.8823E+01  5.0633E+01  4.5488E-01  2.9580E+02  1.3521E+01 -2.9430E+02
  5.6430E+00  1.8864E+01  5.0633E+01  4.5487E-01  2.9578E+02  1.3521E+01 -2.9429E+02
  5.6554E+00  1.8905E+01  5.0633E+01  4.5487E-01  2.9577E+02  1.3521E+01 -2.9427E+02
  5.6676E+00  1.8946E+01  5.0633E+01  4.5486E-01  2.9575E+02  1.3521E+01 -2.9426E+02
  5.6798E+00  1.8986E+01  5.0633E+01  4.5485E-01  2.9574E+02  1.3521E+01 -2.9424E+02
  5.6919E+00  1.9027E+01  5.0633E+01  4.5485E-01  2.9572E+02  1.3522E+01 -2.9422E+02
  5.7043E+00  1.9068E+01  5.0633E+01  4.5484E-01  2.9571E+02  1.3522E+01 -2.9421E+02
  5.7165E+00  1.9109E+01  5.0633E+01  4.5483E-01  2.9569E+02  1.3522E+01 -2.9419E+02
  5.7287E+00  1.9149E+01  5.0633E+01  4.5483E-01  2.9567E+02  1.3522E+01 -2.9418E+02
  5.7408E+00  1.9190E+01  5.0633E+01  4.5482E-01  2.9566E+02  1.3522E+01 -2.9416E+02
  5.7530E+00  1.9230E+01  5.0633E+01  4.5481E-01  2.9564E+02  1.3522E+01 -2.9414E+02
  5.7654E+00  1.9272E+01  5.0633E+01  4.5480E-01  2.9563E+02  1.3522E+01 -2.9413E+02
  5.7775E+00  1.9312E+01  5.0633E+01  4.5480E-01  2.9561E+02  1.3522E+01 -2.9411E+02
  5.7897E+00  1.9353E+01  5.0633E+01  4.5479E-01  2.9560E+02  1.3522E+01 -2.9410E+02
  5.8019E+00  1.9394E+01  5.0633E+01  4.5478E-01  2.9558E+02  1.3522E+01 -2.9408E+02
  5.8143E+00  1.9435E+01  5.0633E+01  4.5478E-01  2.9557E+02  1.3522E+01 -2.9407E+02
  5.8264E+00  1.9475E+01  5.0633E+01  4.5477E-01  2.9555E+02  1.3522E+01 -2.9405E+02
  5.8386E+00  1.9516E+01  5.0633E+01  4.5476E-01  2.9553E+02  1.3522E+01 -2.9403E+02
  5.8508E+00  1.9557E+01  5.0633E+01  4.5476E-01  2.9552E+02  1.3522E+01 -2.9402E+02
  5.8632E+00  1.9598E+01  5.0633E+01  4.5475E-01  2.9550E+02  1.3522E+01 -2.9400E+02
  5.8753E+00  1.9639E+01  5.0633E+01  4.5474E-01  2.9549E+02  1.3522E+01 -2.9399E+02
  5.8875E+00  1.9679E+01  5.0633E+01  4.5473E-01  2.9547E+02  1.3522E+01 -2.9397E+02
  5.8997E+00  1.9720E+01  5.0633E+01  4.5473E-01  2.9546E+02  1.3522E+01 -2.9396E+02
  5.9118E+00  1.9760E+01  5.0633E+01  4.5472E-01  2.9544E+02  1.3522E+01 -2.9394E+02
  5.9242E+00  1.9802E+01  5.0633E+01  4.5471E-01  2.9542E+02  1.3522E+01 -2.9392E+02
  5.9364E+00  1.9842E+01  5.0633E+01  4.5471E-01  2.9541E+02  1.3522E+01 -2.9391E+02
  5.9486E+00  1.9883E+01  5.0633E+01  4.5470E-01  2.9539E+02  1.3522E+01 -2.9389E+02
  5.9607E+00  1.9923E+01  5.0633E+01  4.5469E-01  2.9538E+02  1.3523E+01 -2.9388E+02
  5.9731E+00  1.9965E+01  5.0633E+01  4.5469E-01  2.9536E+02  1.3523E+01 -2.9386E+02
  5.9853E+00  2.0005E+01  5.0633E+01  4.5468E-01  2.9535E+02  1.3523E+01 -2.9385E+02
  5.9975E+00  2.0046E+01  5.0633E+01  4.5467E-01  2.9533E+02  1.3523E+01 -2.9383E+02
  6.0096E+00  2.0087E+01  5.0633E+01  4.5466E-01  2.9532E+02  1.3523E+01 -2.9381E+02
  6.0218E+00  2.0127E+01  5.0633E+01  4.5466E-01  2.9530E+02  1.3523E+01 -2.9380E+02
  6.0342E+00  2.0168E+01  5.0633E+01  4.5465E-01  2.9528E+02  1.3523E+01 -2.9378E+02
  6.0464E+00  2.0209E+01  5.0633E+01  4.5464E-01  2.9527E+02  1.3523E+01 -2.9377E+02
  6.0585E+00  2.0250E+01  5.0633E+01  4.5464E-01  2.9525E+02  1.3523E+01 -2.9375E+02
  6.0707E+00  2.0290E+01  5.0633E+01  4.5463E-01  2.9524E+02  1.3523E+01 -2.9374E+02
  6.0831E+00  2.0332E+01  5.0633E+01  4.5462E-01  2.9522E+02  1.3523E+01 -2.9372E+02
  6.0952E+00  2.0372E+01  5.0633E+01  4.5462E-01  2.9521E+02  1.3523E+01 -2.9370E+02
  6.1074E+00  2.0413E+01  5.0633E+01  4.5461E-01  2.9519E+02  1.3523E+01 -2.9369E+02
  6.1196E+00  2.0453E+01  5.0633E+01  4.5460E-01  2.9518E+02  1.3523E+01 -2.9367E+02
  6.1318E+00  2.0494E+01  5.0633E+01  4.5459E-01  2.9516E+02  1.3523E+01 -2.9366E+02
  6.1441E+00  2.0535E+01  5.0633E+01  4.5459E-01  2.9514E+02  1.3523E+01 -2.9364E+02
  6.1563E+00  2.0576E+01  5.0633E+01  4.5458E-01  2.9513E+02  1.3523E+01 -2.9363E+02
  6.1685E+00  2.0616E+01  5.0633E+01  4.5457E-01  2.9511E+02  1.3523E+01 -2.9361E+02
  6.1807E+00  2.0657E+01  5.0633E+01  4.5457E-01  2.9510E+02  1.3523E+01 -2.9359E+02
  6.1930E+00  2.0698E+01  5.0633E+01  4.5456E-01  2.9508E+02  1.3523E+01 -2.9358E+02
  6.2052E+00  2.0739E+01  5.0633E+01  4.5455E-01  2.9507E+02  1.3523E+01 -2.9356E+02
  6.2174E+00  2.0780E+01  5.0633E+01  4.5455E-01  2.9505E+02  1.3523E+01 -2.9355E+02
  6.2295E+00  2.0820E+01  5.0633E+01  4.5454E-01  2.9504E+02  1.3523E+01 -2.9353E+02
  6.2417E+00  2.0861E+01  5.0633E+01  4.5453E-01  2.9502E+02  1.3523E+01 -2.9352E+02
  6.2541E+00  2.0902E+01  5.0633E+01  4.5452E-01  2.9501E+02  1.3523E+01 -2.9350E+02
  6.2663E+00  2.0943E+01  5.0633E+01  4.5452E-01  2.9499E+02  1.3523E+01 -2.9349E+02
  6.2784E+00  2.0983E+01  5.0633E+01  4.5451E-01  2.9497E+02  1.3523E+01 -2.9347E+02
  6.2906E+00  2.1024E+01  5.0633E+01  4.5450E-01  2.9496E+02  1.3524E+01 -2.9345E+02
  6.3030E+00  2.1065E+01  5.0633E+01  4.5450E-01  2.9494E+02  1.3524E+01 -2.9344E+02
  6.3152E+00  2.1106E+01  5.0633E+01  4.5449E-01  2.9493E+02  1.3524E+01 -2.9342E+02
  6.3273E+00  2.1146E+01  5.0633E+01  4.5448E-01  2.9491E+02  1.3524E+01 -2.9341E+02
  6.3395E+00  2.1187E+01  5.0633E+01  4.5448E-01  2.9490E+02  1.3524E+01 -2.9339E+02
  6.3517E+00  2.1228E+01  5.0633E+01  4.5447E-01  2.9488E+02  1.3524E+01 -2.9338E+02
  6.3641E+00  2.1269E+01  5.0633E+01  4.5446E-01  2.9487E+02  1.3524E+01 -2.9336E+02
  6.3762E+00  2.1309E+01  5.0633E+01  4.5445E-01  2.9485E+02  1.3524E+01 -2.9334E+02
  6.3884E+00  2.1350E+01  5.0633E+01  4.5445E-01  2.9483E+02  1.3524E+01 -2.9333E+02
  6.4006E+00  2.1391E+01  5.0633E+01  4.5444E-01  2.9482E+02  1.3524E+01 -2.9331E+02
  6.4130E+00  2.1432E+01  5.0633E+01  4.5443E-01  2.9480E+02  1.3524E+01 -2.9330E+02
  6.4251E+00  2.1473E+01  5.0633E+01  4.5443E-01  2.9479E+02  1.3524E+01 -2.9328E+02
  6.4373E+00  2.1513E+01  5.0633E+01  4.5442E-01  2.9477E+02  1.3524E+01 -2.9327E+02
  6.4495E+00  2.1554E+01  5.0633E+01  4.5441E-01  2.9476E+02  1.3524E+01 -2.9325E+02
  6.4616E+00  2.1594E+01  5.0633E+01  4.5441E-01  2.9474E+02  1.3524E+01 -2.9324E+02
  6.4740E+00  2.1636E+01  5.0633E+01  4.5440E-01  2.9473E+02  1.3524E+01 -2.9322E+02
  6.4862E+00  2.1676E+01  5.0633E+01  4.5439E-01  2.9471E+02  1.3524E+01 -2.9320E+02
  6.4984E+00  2.1717E+01  5.0633E+01  4.5438E-01  2.9470E+02  1.3524E+01 -2.9319E+02
  6.5105E+00  2.1757E+01  5.0633E+01  4.5438E-01  2.9468E+02  1.3524E+01 -2.9317E+02
  6.5229E+00  2.1799E+01  5.0633E+01  4.5437E-01  2.9466E+02  1.3524E+01 -2.9316E+02
  6.5351E+00  2.1839E+01  5.0633E+01  4.5436E-01  2.9465E+02  1.3524E+01 -2.9314E+02
  6.5473E+00  2.1880E+01  5.0633E+01  4.5436E-01  2.9463E+02  1.3524E+01 -2.9313E+02
  6.5594E+00  2.1921E+01  5.0633E+01  4.5435E-01  2.9462E+02  1.3524E+01 -2.9311E+02
  6.5716E+00  2.1961E+01  5.0633E+01  4.5434E-01  2.9460E+02  1.3524E+01 -2.9310E+02
  6.5821E+00  2.1996E+01  5.0633E+01  4.5434E-01  2.9459E+02  1.3524E+01 -2.9308E+02
  6.5840E+00  2.2002E+01  5.0633E+01  4.5434E-01  2.9459E+02  1.3524E+01 -2.9308E+02
  6.5961E+00  2.2043E+01  5.0633E+01  4.5433E-01  2.9457E+02  1.3524E+01 -2.9306E+02
  6.6083E+00  2.2084E+01  5.0633E+01  4.5432E-01  2.9456E+02  1.3524E+01 -2.9305E+02
  6.6205E+00  2.2124E+01  5.0633E+01  4.5431E-01  2.9454E+02  1.3524E+01 -2.9303E+02
  6.6329E+00  2.2166E+01  5.0633E+01  4.5431E-01  2.9453E+02  1.3524E+01 -2.9302E+02
  6.6450E+00  2.2206E+01  5.0633E+01  4.5430E-01  2.9451E+02  1.3524E+01 -2.9300E+02
  6.6572E+00  2.2247E+01  5.0633E+01  4.5429E-01  2.9450E+02  1.3524E+01 -2.9299E+02
  6.6694E+00  2.2287E+01  5.0633E+01  4.5429E-01  2.9448E+02  1.3524E+01 -2.9297E+02
  6.6816E+00  2.2328E+01  5.0633E+01  4.5428E-01  2.9446E+02  1.3524E+01 -2.9296E+02
  6.6939E+00  2.2369E+01  5.0633E+01  4.5427E-01  2.9445E+02  1.3524E+01 -2.9294E+02
  6.7061E+00  2.2410E+01  5.0633E+01  4.5427E-01  2.9443E+02  1.3524E+01 -2.9292E+02
  6.7183E+00  2.2450E+01  5.0633E+01  4.5426E-01  2.9442E+02  1.3524E+01 -2.9291E+02
  6.7304E+00  2.2491E+01  5.0633E+01  4.5425E-01  2.9440E+02  1.3524E+01 -2.9289E+02
  6.7428E+00  2.2532E+01  5.0633E+01  4.5424E-01  2.9439E+02  1.3524E+01 -2.9288E+02
  6.7550E+00  2.2573E+01  5.0633E+01  4.5424E-01  2.9437E+02  1.3524E+01 -2.9286E+02
  6.7672E+00  2.2614E+01  5.0633E+01  4.5423E-01  2.9436E+02  1.3524E+01 -2.9285E+02
  6.7793E+00  2.2654E+01  5.0633E+01  4.5422E-01  2.9434E+02  1.3524E+01 -2.9283E+02
  6.7917E+00  2.2695E+01  5.0633E+01  4.5422E-01  2.9433E+02  1.3524E+01 -2.9282E+02
  6.8039E+00  2.2736E+01  5.0632E+01  4.5421E-01  2.9439E+02  1.3525E+01 -2.9288E+02
  6.8161E+00  2.2777E+01  5.0630E+01  4.5420E-01  2.9455E+02  1.3528E+01 -2.9304E+02
  6.8282E+00  2.2817E+01  5.0655E+01  4.5420E-01  2.9354E+02  1.3528E+01 -2.9203E+02
  6.8404E+00  2.2858E+01  5.0750E+01  4.5419E-01  2.9283E+02  1.3547E+01 -2.9131E+02
  6.8528E+00  2.2899E+01  5.0839E+01  4.5418E-01  2.9437E+02  1.3564E+01 -2.9286E+02
  6.8650E+00  2.2940E+01  5.0899E+01  4.5418E-01  2.9398E+02  1.3565E+01 -2.9246E+02
  6.8771E+00  2.2980E+01  5.1002E+01  4.5417E-01  2.9385E+02  1.3587E+01 -2.9233E+02
  6.8893E+00  2.3021E+01  5.1074E+01  4.5416E-01  2.9535E+02  1.3598E+01 -2.9383E+02
  6.9017E+00  2.3062E+01  5.1147E+01  4.5415E-01  2.9443E+02  1.3605E+01 -2.9290E+02
  6.9139E+00  2.3103E+01  5.1251E+01  4.5415E-01  2.9506E+02  1.3629E+01 -2.9353E+02
  6.9260E+00  2.3143E+01  5.1311E+01  4.5414E-01  2.9603E+02  1.3630E+01 -2.9450E+02
  6.9382E+00  2.3184E+01  5.1398E+01  4.5413E-01  2.9504E+02  1.3645E+01 -2.9350E+02
  6.9504E+00  2.3225E+01  5.1494E+01  4.5413E-01  2.9629E+02  1.3668E+01 -2.9476E+02
  6.9627E+00  2.3266E+01  5.1552E+01  4.5412E-01  2.9646E+02  1.3667E+01 -2.9493E+02
  6.9749E+00  2.3307E+01  5.1651E+01  4.5411E-01  2.9592E+02  1.3688E+01 -2.9438E+02
  6.9871E+00  2.3347E+01  5.1733E+01  4.5411E-01  2.9746E+02  1.3704E+01 -2.9593E+02
  6.9993E+00  2.3388E+01  5.1796E+01  4.5410E-01  2.9686E+02  1.3706E+01 -2.9532E+02
  7.0116E+00  2.3429E+01  5.1902E+01  4.5409E-01  2.9699E+02  1.3730E+01 -2.9545E+02
  7.0238E+00  2.3470E+01  5.1969E+01  4.5409E-01  2.9836E+02  1.3736E+01 -2.9682E+02
  7.0360E+00  2.3510E+01  5.2046E+01  4.5408E-01  2.9734E+02  1.3747E+01 -2.9580E+02
  7.0482E+00  2.3551E+01  5.2149E+01  4.5408E-01  2.9817E+02  1.3771E+01 -2.9662E+02
  7.0603E+00  2.3591E+01  5.2207E+01  4.5407E-01  2.9892E+02  1.3771E+01 -2.9738E+02
  7.0727E+00  2.3633E+01  5.2299E+01  4.5406E-01  2.9806E+02  1.3789E+01 -2.9650E+02
  7.0849E+00  2.3673E+01  5.2390E+01  4.5406E-01  2.9941E+02  1.3809E+01 -2.9786E+02
  7.0970E+00  2.3714E+01  5.2448E+01  4.5405E-01  2.9930E+02  1.3809E+01 -2.9775E+02
  7.1092E+00  2.3755E+01  5.2550E+01  4.5404E-01  2.9894E+02  1.3831E+01 -2.9739E+02
  7.1216E+00  2.3796E+01  5.2628E+01  4.5404E-01  3.0053E+02  1.3843E+01 -2.9898E+02
  7.1338E+00  2.3836E+01  5.2696E+01  4.5403E-01  2.9969E+02  1.3849E+01 -2.9814E+02
  7.1459E+00  2.3877E+01  5.2801E+01  4.5402E-01  3.0004E+02  1.3872E+01 -2.9848E+02
  7.1581E+00  2.3918E+01  5.2865E+01  4.5402E-01  3.0126E+02  1.3877E+01 -2.9971E+02
  7.1703E+00  2.3958E+01  5.2945E+01  4.5401E-01  3.0027E+02  1.3890E+01 -2.9870E+02
  7.1827E+00  2.4000E+01  5.3046E+01  4.5401E-01  3.0127E+02  1.3913E+01 -2.9971E+02
  7.1948E+00  2.4040E+01  5.3103E+01  4.5400E-01  3.0172E+02  1.3912E+01 -3.0016E+02
  7.2070E+00  2.4081E+01  5.3198E+01  4.5399E-01  3.0098E+02  1.3933E+01 -2.9941E+02
  7.2192E+00  2.4121E+01  5.3286E+01  4.5399E-01  3.0249E+02  1.3950E+01 -3.0093E+02
  7.2316E+00  2.4163E+01  5.3347E+01  4.5398E-01  3.0208E+02  1.3951E+01 -3.0051E+02
  7.2437E+00  2.4203E+01  5.3452E+01  4.5397E-01  3.0195E+02  1.3974E+01 -3.0037E+02
  7.2559E+00  2.4244E+01  5.3524E+01  4.5397E-01  3.0345E+02  1.3984E+01 -3.0188E+02
  7.2681E+00  2.4284E+01  5.3595E+01  4.5396E-01  3.0254E+02  1.3992E+01 -3.0097E+02
  7.2802E+00  2.4325E+01  5.3698E+01  4.5396E-01  3.0306E+02  1.4015E+01 -3.0149E+02
  7.2926E+00  2.4366E+01  5.3760E+01  4.5395E-01  3.0408E+02  1.4017E+01 -3.0251E+02
  7.3048E+00  2.4407E+01  5.3846E+01  4.5394E-01  3.0309E+02  1.4033E+01 -3.0151E+02
  7.3170E+00  2.4448E+01  5.3943E+01  4.5394E-01  3.0434E+02  1.4055E+01 -3.0276E+02
  7.3291E+00  2.4488E+01  5.4000E+01  4.5393E-01  3.0449E+02  1.4054E+01 -3.0291E+02
  7.3415E+00  2.4529E+01  5.4101E+01  4.5393E-01  3.0391E+02  1.4076E+01 -3.0232E+02
  7.3537E+00  2.4570E+01  5.4183E+01  4.5392E-01  3.0546E+02  1.4091E+01 -3.0388E+02
  7.3659E+00  2.4611E+01  5.4246E+01  4.5391E-01  3.0486E+02  1.4094E+01 -3.0328E+02
  7.3780E+00  2.4651E+01  5.4350E+01  4.5391E-01  3.0492E+02  1.4117E+01 -3.0333E+02
  7.3902E+00  2.4692E+01  5.4418E+01  4.5390E-01  3.0631E+02  1.4125E+01 -3.0472E+02
  7.4026E+00  2.4733E+01  5.4495E+01  4.5390E-01  3.0530E+02  1.4135E+01 -3.0371E+02
  7.4148E+00  2.4774E+01  5.4598E+01  4.5389E-01  3.0612E+02  1.4159E+01 -3.0453E+02
  7.4269E+00  2.4814E+01  5.4656E+01  4.5389E-01  3.0684E+02  1.4159E+01 -3.0525E+02
  7.4391E+00  2.4855E+01  5.4747E+01  4.5388E-01  3.0592E+02  1.4178E+01 -3.0432E+02
  7.4515E+00  2.4896E+01  5.4841E+01  4.5387E-01  3.0732E+02  1.4198E+01 -3.0573E+02
  7.4636E+00  2.4937E+01  5.4899E+01  4.5387E-01  3.0720E+02  1.4198E+01 -3.0561E+02
  7.4758E+00  2.4977E+01  5.5000E+01  4.5386E-01  3.0682E+02  1.4219E+01 -3.0522E+02
  7.4880E+00  2.5018E+01  5.5077E+01  4.5386E-01  3.0835E+02  1.4233E+01 -3.0675E+02
  7.5002E+00  2.5059E+01  5.5144E+01  4.5385E-01  3.0758E+02  1.4238E+01 -3.0597E+02
  7.5125E+00  2.5100E+01  5.5251E+01  4.5385E-01  3.0790E+02  1.4262E+01 -3.0629E+02
  7.5247E+00  2.5141E+01  5.5314E+01  4.5384E-01  3.0910E+02  1.4266E+01 -3.0750E+02
  7.5369E+00  2.5181E+01  5.5396E+01  4.5383E-01  3.0805E+02  1.4279E+01 -3.0644E+02
  7.5491E+00  2.5222E+01  5.5496E+01  4.5383E-01  3.0905E+02  1.4303E+01 -3.0744E+02
  7.5614E+00  2.5263E+01  5.5554E+01  4.5382E-01  3.0953E+02  1.4302E+01 -3.0792E+02
  7.5736E+00  2.5304E+01  5.5649E+01  4.5382E-01  3.0879E+02  1.4322E+01 -3.0717E+02
  7.5858E+00  2.5344E+01  5.5736E+01  4.5381E-01  3.1023E+02  1.4341E+01 -3.0861E+02
  7.5979E+00  2.5385E+01  5.5796E+01  4.5381E-01  3.0987E+02  1.4342E+01 -3.0825E+02
  7.6101E+00  2.5425E+01  5.5900E+01  4.5380E-01  3.0969E+02  1.4365E+01 -3.0807E+02
  7.6225E+00  2.5467E+01  5.5974E+01  4.5380E-01  3.1120E+02  1.4375E+01 -3.0959E+02
  7.6347E+00  2.5507E+01  5.6045E+01  4.5379E-01  3.1025E+02  1.4383E+01 -3.0862E+02
  7.6468E+00  2.5548E+01  5.6150E+01  4.5378E-01  3.1079E+02  1.4407E+01 -3.0916E+02
  7.6590E+00  2.5589E+01  5.6211E+01  4.5378E-01  3.1181E+02  1.4409E+01 -3.1019E+02
  7.6714E+00  2.5630E+01  5.6298E+01  4.5377E-01  3.1082E+02  1.4425E+01 -3.0919E+02
  7.6836E+00  2.5670E+01  5.6394E+01  4.5377E-01  3.1198E+02  1.4447E+01 -3.1035E+02
  7.6957E+00  2.5711E+01  5.6450E+01  4.5376E-01  3.1217E+02  1.4446E+01 -3.1054E+02
  7.7079E+00  2.5752E+01  5.6549E+01  4.5376E-01  3.1157E+02  1.4468E+01 -3.0993E+02
  7.7201E+00  2.5792E+01  5.6632E+01  4.5375E-01  3.1311E+02  1.4484E+01 -3.1148E+02
  7.7325E+00  2.5834E+01  5.6696E+01  4.5375E-01  3.1248E+02  1.4487E+01 -3.1085E+02
  7.7446E+00  2.5874E+01  5.6802E+01  4.5374E-01  3.1254E+02  1.4510E+01 -3.1090E+02
  7.7568E+00  2.5915E+01  5.6870E+01  4.5374E-01  3.1393E+02  1.4518E+01 -3.1230E+02
  7.7690E+00  2.5955E+01  5.6945E+01  4.5373E-01  3.1294E+02  1.4528E+01 -3.1130E+02
  7.7814E+00  2.5997E+01  5.7049E+01  4.5373E-01  3.1367E+02  1.4552E+01 -3.1203E+02
  7.7935E+00  2.6037E+01  5.7107E+01  4.5372E-01  3.1442E+02  1.4553E+01 -3.1278E+02
  7.8057E+00  2.6078E+01  5.7198E+01  4.5372E-01  3.1350E+02  1.4571E+01 -3.1185E+02
  7.8179E+00  2.6118E+01  5.7291E+01  4.5371E-01  3.1487E+02  1.4592E+01 -3.1322E+02
  7.8300E+00  2.6159E+01  5.7349E+01  4.5370E-01  3.1476E+02  1.4591E+01 -3.1311E+02
  7.8424E+00  2.6200E+01  5.7452E+01  4.5370E-01  3.1434E+02  1.4614E+01 -3.1269E+02
  7.8546E+00  2.6241E+01  5.7530E+01  4.5369E-01  3.1588E+02  1.4628E+01 -3.1423E+02
  7.8668E+00  2.6282E+01  5.7596E+01  4.5369E-01  3.1511E+02  1.4633E+01 -3.1345E+02
  7.8789E+00  2.6322E+01  5.7700E+01  4.5368E-01  3.1535E+02  1.4656E+01 -3.1369E+02
  7.8913E+00  2.6363E+01  5.7766E+01  4.5368E-01  3.1658E+02  1.4661E+01 -3.1492E+02
  7.9035E+00  2.6404E+01  5.7847E+01  4.5367E-01  3.1554E+02  1.4674E+01 -3.1388E+02
  7.9157E+00  2.6445E+01  5.7947E+01  4.5367E-01  3.1654E+02  1.4698E+01 -3.1487E+02
  7.9278E+00  2.6485E+01  5.8004E+01  4.5366E-01  3.1700E+02  1.4697E+01 -3.1534E+02
  7.9402E+00  2.6527E+01  5.8101E+01  4.5366E-01  3.1620E+02  1.4719E+01 -3.1453E+02
  7.9524E+00  2.6567E+01  5.8189E+01  4.5365E-01  3.1767E+02  1.4737E+01 -3.1600E+02
  7.9645E+00  2.6608E+01  5.8249E+01  4.5365E-01  3.1730E+02  1.4737E+01 -3.1564E+02
  7.9767E+00  2.6648E+01  5.8351E+01  4.5364E-01  3.1709E+02  1.4760E+01 -3.1542E+02
  7.9889E+00  2.6689E+01  5.8425E+01  4.5364E-01  3.1857E+02  1.4771E+01 -3.1690E+02
  8.0013E+00  2.6730E+01  5.8497E+01  4.5363E-01  3.1764E+02  1.4779E+01 -3.1597E+02
  8.0134E+00  2.6771E+01  5.8601E+01  4.5363E-01  3.1818E+02  1.4803E+01 -3.1650E+02
  8.0256E+00  2.6811E+01  5.8662E+01  4.5362E-01  3.1917E+02  1.4805E+01 -3.1750E+02
  8.0378E+00  2.6852E+01  5.8748E+01  4.5362E-01  3.1813E+02  1.4820E+01 -3.1645E+02
  8.0502E+00  2.6893E+01  5.8847E+01  4.5361E-01  3.1933E+02  1.4844E+01 -3.1765E+02
  8.0623E+00  2.6934E+01  5.8904E+01  4.5361E-01  3.1951E+02  1.4843E+01 -3.1783E+02
  8.0745E+00  2.6975E+01  5.9001E+01  4.5361E-01  3.1889E+02  1.4864E+01 -3.1720E+02
  8.0867E+00  2.7015E+01  5.9085E+01  4.5360E-01  3.2038E+02  1.4881E+01 -3.1870E+02
  8.0989E+00  2.7056E+01  5.9147E+01  4.5360E-01  3.1980E+02  1.4884E+01 -3.1812E+02
  8.1112E+00  2.7097E+01  5.9254E+01  4.5359E-01  3.1984E+02  1.4908E+01 -3.1814E+02
  8.1234E+00  2.7138E+01  5.9322E+01  4.5359E-01  3.2121E+02  1.4915E+01 -3.1952E+02
  8.1356E+00  2.7178E+01  5.9398E+01  4.5358E-01  3.2017E+02  1.4925E+01 -3.1848E+02
  8.1477E+00  2.7219E+01  5.9501E+01  4.5358E-01  3.2090E+02  1.4950E+01 -3.1920E+02
  8.1601E+00  2.7260E+01  5.9561E+01  4.5357E-01  3.2167E+02  1.4951E+01 -3.1998E+02
  8.1723E+00  2.7301E+01  5.9651E+01  4.5357E-01  3.2076E+02  1.4969E+01 -3.1906E+02
  8.1845E+00  2.7341E+01  5.9743E+01  4.5356E-01  3.2204E+02  1.4990E+01 -3.2034E+02
  8.1966E+00  2.7382E+01  5.9801E+01  4.5356E-01  3.2197E+02  1.4990E+01 -3.2027E+02
  8.2088E+00  2.7423E+01  5.9902E+01  4.5355E-01  3.2153E+02  1.5013E+01 -3.1982E+02
  8.2212E+00  2.7464E+01  5.9982E+01  4.5355E-01  3.2308E+02  1.5026E+01 -3.2137E+02
  8.2334E+00  2.7504E+01  6.0049E+01  4.5354E-01  3.2226E+02  1.5031E+01 -3.2055E+02
  8.2455E+00  2.7545E+01  6.0154E+01  4.5354E-01  3.2250E+02  1.5055E+01 -3.2079E+02
  8.2577E+00  2.7586E+01  6.0219E+01  4.5353E-01  3.2374E+02  1.5061E+01 -3.2203E+02
  8.2701E+00  2.7627E+01  6.0300E+01  4.5353E-01  3.2270E+02  1.5074E+01 -3.2099E+02
  8.2823E+00  2.7668E+01  6.0400E+01  4.5353E-01  3.2362E+02  1.5097E+01 -3.2190E+02
  8.2944E+00  2.7708E+01  6.0457E+01  4.5352E-01  3.2411E+02  1.5097E+01 -3.2240E+02
  8.3066E+00  2.7749E+01  6.0552E+01  4.5352E-01  3.2330E+02  1.5118E+01 -3.2157E+02
  8.3188E+00  2.7789E+01  6.0641E+01  4.5351E-01  3.2475E+02  1.5136E+01 -3.2303E+02
  8.3312E+00  2.7831E+01  6.0702E+01  4.5351E-01  3.2437E+02  1.5137E+01 -3.2265E+02
  8.3433E+00  2.7871E+01  6.0806E+01  4.5350E-01  3.2415E+02  1.5161E+01 -3.2242E+02
  8.3555E+00  2.7912E+01  6.0879E+01  4.5350E-01  3.2563E+02  1.5172E+01 -3.2391E+02
  8.3677E+00  2.7952E+01  6.0949E+01  4.5349E-01  3.2472E+02  1.5179E+01 -3.2299E+02
  8.3800E+00  2.7994E+01  6.1055E+01  4.5349E-01  3.2518E+02  1.5203E+01 -3.2344E+02
  8.3922E+00  2.8034E+01  6.1116E+01  4.5349E-01  3.2619E+02  1.5206E+01 -3.2446E+02
  8.4044E+00  2.8075E+01  6.1201E+01  4.5348E-01  3.2516E+02  1.5222E+01 -3.2342E+02
  8.4166E+00  2.8116E+01  6.1299E+01  4.5348E-01  3.2631E+02  1.5245E+01 -3.2458E+02
  8.4287E+00  2.8156E+01  6.1356E+01  4.5347E-01  3.2651E+02  1.5244E+01 -3.2478E+02
  8.4411E+00  2.8197E+01  6.1456E+01  4.5347E-01  3.2584E+02  1.5266E+01 -3.2410E+02
  8.4533E+00  2.8238E+01  6.1540E+01  4.5346E-01  3.2735E+02  1.5283E+01 -3.2561E+02
  8.4655E+00  2.8279E+01  6.1602E+01  4.5346E-01  3.2677E+02  1.5285E+01 -3.2503E+02
  8.4776E+00  2.8319E+01  6.1706E+01  4.5345E-01  3.2674E+02  1.5309E+01 -3.2499E+02
  8.4900E+00  2.8361E+01  6.1776E+01  4.5345E-01  3.2812E+02  1.5317E+01 -3.2638E+02
  8.5022E+00  2.8401E+01  6.1851E+01  4.5345E-01  3.2710E+02  1.5328E+01 -3.2535E+02
  8.5143E+00  2.8442E+01  6.1954E+01  4.5344E-01  3.2782E+02  1.5352E+01 -3.2607E+02
  8.5265E+00  2.8482E+01  6.2013E+01  4.5344E-01  3.2858E+02  1.5353E+01 -3.2683E+02
  8.5387E+00  2.8523E+01  6.2103E+01  4.5343E-01  3.2760E+02  1.5370E+01 -3.2584E+02
  8.5511E+00  2.8564E+01  6.2199E+01  4.5343E-01  3.2892E+02  1.5393E+01 -3.2717E+02
  8.5632E+00  2.8605E+01  6.2256E+01  4.5343E-01  3.2884E+02  1.5392E+01 -3.2709E+02
  8.5754E+00  2.8645E+01  6.2356E+01  4.5342E-01  3.2838E+02  1.5414E+01 -3.2661E+02
  8.5876E+00  2.8686E+01  6.2436E+01  4.5342E-01  3.2987E+02  1.5429E+01 -3.2811E+02
  8.6000E+00  2.8727E+01  6.2503E+01  4.5341E-01  3.2909E+02  1.5434E+01 -3.2733E+02
  8.6121E+00  2.8768E+01  6.2608E+01  4.5341E-01  3.2933E+02  1.5459E+01 -3.2756E+02
  8.6243E+00  2.8809E+01  6.2673E+01  4.5340E-01  3.3055E+02  1.5463E+01 -3.2879E+02
  8.6365E+00  2.8849E+01  6.2753E+01  4.5340E-01  3.2947E+02  1.5476E+01 -3.2770E+02
  8.6487E+00  2.8890E+01  6.2854E+01  4.5340E-01  3.3038E+02  1.5501E+01 -3.2860E+02
  8.6610E+00  2.8931E+01  6.2913E+01  4.5339E-01  3.3090E+02  1.5501E+01 -3.2913E+02
  8.6732E+00  2.8972E+01  6.3006E+01  4.5339E-01  3.3008E+02  1.5520E+01 -3.2830E+02
  8.6854E+00  2.9012E+01  6.3095E+01  4.5338E-01  3.3146E+02  1.5540E+01 -3.2968E+02
  8.6975E+00  2.9053E+01  6.3155E+01  4.5338E-01  3.3113E+02  1.5541E+01 -3.2936E+02
  8.7099E+00  2.9094E+01  6.3260E+01  4.5338E-01  3.3088E+02  1.5565E+01 -3.2910E+02
  8.7221E+00  2.9135E+01  6.3334E+01  4.5337E-01  3.3236E+02  1.5575E+01 -3.3058E+02
  8.7343E+00  2.9175E+01  6.3404E+01  4.5337E-01  3.3140E+02  1.5583E+01 -3.2961E+02
  8.7464E+00  2.9216E+01  6.3509E+01  4.5336E-01  3.3184E+02  1.5608E+01 -3.3005E+02
  8.7586E+00  2.9257E+01  6.3571E+01  4.5336E-01  3.3289E+02  1.5611E+01 -3.3110E+02
  8.7710E+00  2.9298E+01  6.3656E+01  4.5336E-01  3.3186E+02  1.5627E+01 -3.3006E+02
  8.7832E+00  2.9338E+01  6.3754E+01  4.5335E-01  3.3293E+02  1.5650E+01 -3.3114E+02
  8.7953E+00  2.9379E+01  6.3811E+01  4.5335E-01  3.3316E+02  1.5649E+01 -3.3137E+02
  8.8075E+00  2.9420E+01  6.3908E+01  4.5334E-01  3.3248E+02  1.5671E+01 -3.3067E+02
  8.8199E+00  2.9461E+01  6.3994E+01  4.5334E-01  3.3399E+02  1.5688E+01 -3.3220E+02
  8.8321E+00  2.9502E+01  6.4057E+01  4.5334E-01  3.3337E+02  1.5690E+01 -3.3157E+02
  8.8442E+00  2.9542E+01  6.4162E+01  4.5333E-01  3.3333E+02  1.5715E+01 -3.3153E+02
  8.8564E+00  2.9583E+01  6.4231E+01  4.5333E-01  3.3472E+02  1.5723E+01 -3.3292E+02
  8.8686E+00  2.9623E+01  6.4305E+01  4.5332E-01  3.3371E+02  1.5733E+01 -3.3190E+02
  8.8810E+00  2.9665E+01  6.4410E+01  4.5332E-01  3.3435E+02  1.5758E+01 -3.3254E+02
  8.8931E+00  2.9705E+01  6.4469E+01  4.5332E-01  3.3514E+02  1.5759E+01 -3.3333E+02
  8.9053E+00  2.9746E+01  6.4558E+01  4.5331E-01  3.3416E+02  1.5777E+01 -3.3234E+02
  8.9175E+00  2.9786E+01  6.4652E+01  4.5331E-01  3.3545E+02  1.5799E+01 -3.3363E+02
  8.9298E+00  2.9828E+01  6.4711E+01  4.5330E-01  3.3536E+02  1.5798E+01 -3.3354E+02
  8.9420E+00  2.9868E+01  6.4813E+01  4.5330E-01  3.3487E+02  1.5822E+01 -3.3305E+02
  8.9542E+00  2.9909E+01  6.4892E+01  4.5330E-01  3.3638E+02  1.5836E+01 -3.3456E+02
  8.9664E+00  2.9950E+01  6.4957E+01  4.5329E-01  3.3562E+02  1.5840E+01 -3.3379E+02
  8.9785E+00  2.9990E+01  6.5062E+01  4.5329E-01  3.3576E+02  1.5864E+01 -3.3393E+02
  8.9909E+00  3.0031E+01  6.5129E+01  4.5329E-01  3.3701E+02  1.5871E+01 -3.3518E+02
  9.0031E+00  3.0072E+01  6.5208E+01  4.5328E-01  3.3594E+02  1.5883E+01 -3.3411E+02
  9.0153E+00  3.0113E+01  6.5309E+01  4.5328E-01  3.3684E+02  1.5908E+01 -3.3501E+02
  9.0274E+00  3.0153E+01  6.5367E+01  4.5327E-01  3.3735E+02  1.5907E+01 -3.3552E+02
  9.0398E+00  3.0195E+01  6.5463E+01  4.5327E-01  3.3647E+02  1.5929E+01 -3.3462E+02
  9.0520E+00  3.0235E+01  6.5552E+01  4.5327E-01  3.3788E+02  1.5948E+01 -3.3604E+02
  9.0641E+00  3.0276E+01  6.5611E+01  4.5326E-01  3.3755E+02  1.5948E+01 -3.3571E+02
  9.0763E+00  3.0316E+01  6.5714E+01  4.5326E-01  3.3725E+02  1.5971E+01 -3.3540E+02
  9.0885E+00  3.0357E+01  6.5789E+01  4.5326E-01  3.3870E+02  1.5984E+01 -3.3686E+02
  9.1009E+00  3.0398E+01  6.5859E+01  4.5325E-01  3.3778E+02  1.5991E+01 -3.3593E+02
  9.1130E+00  3.0439E+01  6.5964E+01  4.5325E-01  3.3821E+02  1.6016E+01 -3.3636E+02
  9.1252E+00  3.0479E+01  6.6027E+01  4.5324E-01  3.3923E+02  1.6019E+01 -3.3739E+02
  9.1374E+00  3.0520E+01  6.6111E+01  4.5324E-01  3.3815E+02  1.6034E+01 -3.3630E+02
  9.1498E+00  3.0561E+01  6.6211E+01  4.5324E-01  3.3926E+02  1.6058E+01 -3.3740E+02
  9.1619E+00  3.0602E+01  6.6268E+01  4.5323E-01  3.3948E+02  1.6057E+01 -3.3763E+02
  9.1741E+00  3.0643E+01  6.6365E+01  4.5323E-01  3.3879E+02  1.6079E+01 -3.3693E+02
  9.1863E+00  3.0683E+01  6.6449E+01  4.5323E-01  3.4022E+02  1.6097E+01 -3.3836E+02
  9.1985E+00  3.0724E+01  6.6511E+01  4.5322E-01  3.3967E+02  1.6099E+01 -3.3781E+02
  9.2108E+00  3.0765E+01  6.6617E+01  4.5322E-01  3.3961E+02  1.6124E+01 -3.3774E+02
  9.2230E+00  3.0806E+01  6.6687E+01  4.5322E-01  3.4098E+02  1.6132E+01 -3.3912E+02
  9.2352E+00  3.0846E+01  6.6762E+01  4.5321E-01  3.3993E+02  1.6142E+01 -3.3806E+02
  9.2473E+00  3.0887E+01  6.6866E+01  4.5321E-01  3.4056E+02  1.6167E+01 -3.3869E+02
  9.2597E+00  3.0928E+01  6.6926E+01  4.5321E-01  3.4137E+02  1.6168E+01 -3.3950E+02
  9.2719E+00  3.0969E+01  6.7015E+01  4.5320E-01  3.4040E+02  1.6186E+01 -3.3852E+02
  9.2841E+00  3.1009E+01  6.7109E+01  4.5320E-01  3.4160E+02  1.6208E+01 -3.3973E+02
  9.2962E+00  3.1050E+01  6.7166E+01  4.5319E-01  3.4157E+02  1.6208E+01 -3.3969E+02
  9.3084E+00  3.1091E+01  6.7267E+01  4.5319E-01  3.4104E+02  1.6231E+01 -3.3916E+02
  9.3208E+00  3.1132E+01  6.7348E+01  4.5319E-01  3.4256E+02  1.6245E+01 -3.4068E+02
  9.3330E+00  3.1172E+01  6.7414E+01  4.5318E-01  3.4175E+02  1.6250E+01 -3.3986E+02
  9.3451E+00  3.1213E+01  6.7520E+01  4.5318E-01  3.4190E+02  1.6275E+01 -3.4001E+02
  9.3573E+00  3.1254E+01  6.7586E+01  4.5318E-01  3.4315E+02  1.6281E+01 -3.4126E+02
  9.3697E+00  3.1295E+01  6.7666E+01  4.5317E-01  3.4208E+02  1.6294E+01 -3.4019E+02
  9.3819E+00  3.1336E+01  6.7766E+01  4.5317E-01  3.4291E+02  1.6318E+01 -3.4101E+02
  9.3940E+00  3.1376E+01  6.7824E+01  4.5317E-01  3.4344E+02  1.6318E+01 -3.4155E+02
  9.4062E+00  3.1417E+01  6.7917E+01  4.5316E-01  3.4255E+02  1.6339E+01 -3.4065E+02
  9.4184E+00  3.1457E+01  6.8008E+01  4.5316E-01  3.4394E+02  1.6359E+01 -3.4204E+02
  9.4308E+00  3.1499E+01  6.8068E+01  4.5316E-01  3.4360E+02  1.6359E+01 -3.4170E+02
  9.4429E+00  3.1539E+01  6.8172E+01  4.5315E-01  3.4329E+02  1.6383E+01 -3.4138E+02
  9.4551E+00  3.1580E+01  6.8247E+01  4.5315E-01  3.4475E+02  1.6395E+01 -3.4285E+02
  9.4673E+00  3.1620E+01  6.8316E+01  4.5315E-01  3.4384E+02  1.6402E+01 -3.4193E+02
  9.4797E+00  3.1662E+01  6.8422E+01  4.5314E-01  3.4420E+02  1.6427E+01 -3.4229E+02
  9.4918E+00  3.1702E+01  6.8484E+01  4.5314E-01  3.4523E+02  1.6431E+01 -3.4332E+02
  9.5040E+00  3.1743E+01  6.8568E+01  4.5314E-01  3.4416E+02  1.6446E+01 -3.4224E+02
  9.5162E+00  3.1784E+01  6.8666E+01  4.5313E-01  3.4523E+02  1.6470E+01 -3.4331E+02
  9.5283E+00  3.1824E+01  6.8723E+01  4.5313E-01  3.4547E+02  1.6469E+01 -3.4356E+02
  9.5407E+00  3.1865E+01  6.8823E+01  4.5313E-01  3.4472E+02  1.6492E+01 -3.4280E+02
  9.5529E+00  3.1906E+01  6.8908E+01  4.5312E-01  3.4618E+02  1.6509E+01 -3.4426E+02
  9.5651E+00  3.1947E+01  6.8969E+01  4.5312E-01  3.4563E+02  1.6511E+01 -3.4370E+02
  9.5772E+00  3.1987E+01  6.9073E+01  4.5312E-01  3.4550E+02  1.6535E+01 -3.4357E+02
  9.5896E+00  3.2029E+01  6.9145E+01  4.5311E-01  3.4688E+02  1.6545E+01 -3.4495E+02
  9.6018E+00  3.2069E+01  6.9219E+01  4.5311E-01  3.4585E+02  1.6554E+01 -3.4391E+02
  9.6140E+00  3.2110E+01  6.9323E+01  4.5311E-01  3.4647E+02  1.6579E+01 -3.4453E+02
  9.6261E+00  3.2150E+01  6.9382E+01  4.5310E-01  3.4727E+02  1.6580E+01 -3.4534E+02
  9.6383E+00  3.2191E+01  6.9471E+01  4.5310E-01  3.4623E+02  1.6598E+01 -3.4428E+02
  9.6507E+00  3.2232E+01  6.9568E+01  4.5310E-01  3.4747E+02  1.6621E+01 -3.4553E+02
  9.6628E+00  3.2273E+01  6.9625E+01  4.5309E-01  3.4744E+02  1.6621E+01 -3.4549E+02
  9.6750E+00  3.2313E+01  6.9725E+01  4.5309E-01  3.4689E+02  1.6643E+01 -3.4494E+02
  9.6872E+00  3.2354E+01  6.9805E+01  4.5309E-01  3.4834E+02  1.6659E+01 -3.4639E+02
  9.6996E+00  3.2395E+01  6.9871E+01  4.5309E-01  3.4757E+02  1.6664E+01 -3.4562E+02
  9.7117E+00  3.2436E+01  6.9977E+01  4.5308E-01  3.4772E+02  1.6689E+01 -3.4577E+02
  9.7239E+00  3.2477E+01  7.0043E+01  4.5308E-01  3.4895E+02  1.6694E+01 -3.4700E+02
  9.7361E+00  3.2517E+01  7.0122E+01  4.5308E-01  3.4784E+02  1.6707E+01 -3.4588E+02
  9.7483E+00  3.2558E+01  7.0224E+01  4.5307E-01  3.4866E+02  1.6732E+01 -3.4669E+02
  9.7606E+00  3.2599E+01  7.0283E+01  4.5307E-01  3.4922E+02  1.6732E+01 -3.4726E+02
  9.7728E+00  3.2640E+01  7.0375E+01  4.5307E-01  3.4833E+02  1.6752E+01 -3.4637E+02
  9.7850E+00  3.2680E+01  7.0466E+01  4.5306E-01  3.4964E+02  1.6773E+01 -3.4768E+02
  9.7972E+00  3.2721E+01  7.0525E+01  4.5306E-01  3.4936E+02  1.6773E+01 -3.4739E+02
  9.8095E+00  3.2762E+01  7.0629E+01  4.5306E-01  3.4901E+02  1.6798E+01 -3.4704E+02
  9.8217E+00  3.2803E+01  7.0705E+01  4.5305E-01  3.5047E+02  1.6809E+01 -3.4850E+02
  9.8339E+00  3.2843E+01  7.0774E+01  4.5305E-01  3.4951E+02  1.6816E+01 -3.4754E+02
  9.8460E+00  3.2884E+01  7.0879E+01  4.5305E-01  3.4986E+02  1.6841E+01 -3.4788E+02
  9.8582E+00  3.2925E+01  7.0942E+01  4.5304E-01  3.5093E+02  1.6845E+01 -3.4895E+02
  9.8706E+00  3.2966E+01  7.1026E+01  4.5304E-01  3.4985E+02  1.6861E+01 -3.4787E+02
  9.8828E+00  3.3006E+01  7.1125E+01  4.5304E-01  3.5084E+02  1.6884E+01 -3.4885E+02
  9.8949E+00  3.3047E+01  7.1182E+01  4.5304E-01  3.5111E+02  1.6884E+01 -3.4913E+02
  9.9071E+00  3.3088E+01  7.1279E+01  4.5303E-01  3.5035E+02  1.6907E+01 -3.4836E+02
  9.9195E+00  3.3129E+01  7.1366E+01  4.5303E-01  3.5182E+02  1.6924E+01 -3.4983E+02
  9.9317E+00  3.3170E+01  7.1427E+01  4.5303E-01  3.5122E+02  1.6926E+01 -3.4923E+02
  9.9438E+00  3.3210E+01  7.1532E+01  4.5302E-01  3.5109E+02  1.6951E+01 -3.4909E+02
  9.9560E+00  3.3251E+01  7.1604E+01  4.5302E-01  3.5247E+02  1.6960E+01 -3.5048E+02
  9.9682E+00  3.3291E+01  7.1676E+01  4.5302E-01  3.5145E+02  1.6970E+01 -3.4945E+02
  9.9806E+00  3.3333E+01  7.1781E+01  4.5301E-01  3.5200E+02  1.6995E+01 -3.4999E+02
  9.9927E+00  3.3373E+01  7.1841E+01  4.5301E-01  3.5282E+02  1.6996E+01 -3.5081E+02
  1.0005E+01  3.3414E+01  7.1929E+01  4.5301E-01  3.5178E+02  1.7014E+01 -3.4977E+02
  1.0017E+01  3.3454E+01  7.2025E+01  4.5301E-01  3.5299E+02  1.7037E+01 -3.5098E+02
  1.0029E+01  3.3496E+01  7.2083E+01  4.5300E-01  3.5294E+02  1.7036E+01 -3.5093E+02
  1.0042E+01  3.3536E+01  7.2184E+01  4.5300E-01  3.5237E+02  1.7060E+01 -3.5035E+02
  1.0054E+01  3.3577E+01  7.2265E+01  4.5300E-01  3.5384E+02  1.7075E+01 -3.5183E+02
  1.0066E+01  3.3618E+01  7.2329E+01  4.5299E-01  3.5309E+02  1.7079E+01 -3.5107E+02
  1.0078E+01  3.3658E+01  7.2434E+01  4.5299E-01  3.5315E+02  1.7104E+01 -3.5113E+02
  1.0091E+01  3.3699E+01  7.2502E+01  4.5299E-01  3.5440E+02  1.7111E+01 -3.5238E+02
  1.0103E+01  3.3740E+01  7.2580E+01  4.5299E-01  3.5330E+02  1.7123E+01 -3.5128E+02
  1.0115E+01  3.3781E+01  7.2682E+01  4.5298E-01  3.5411E+02  1.7148E+01 -3.5208E+02
  1.0127E+01  3.3821E+01  7.2741E+01  4.5298E-01  3.5466E+02  1.7148E+01 -3.5264E+02
  1.0139E+01  3.3863E+01  7.2835E+01  4.5298E-01  3.5371E+02  1.7170E+01 -3.5167E+02
  1.0152E+01  3.3903E+01  7.2926E+01  4.5297E-01  3.5505E+02  1.7190E+01 -3.5302E+02
  1.0164E+01  3.3944E+01  7.2985E+01  4.5297E-01  3.5476E+02  1.7190E+01 -3.5273E+02
  1.0176E+01  3.3984E+01  7.3087E+01  4.5297E-01  3.5438E+02  1.7213E+01 -3.5233E+02
  1.0188E+01  3.4025E+01  7.3163E+01  4.5297E-01  3.5581E+02  1.7227E+01 -3.5377E+02
  1.0200E+01  3.4066E+01  7.3233E+01  4.5296E-01  3.5488E+02  1.7234E+01 -3.5284E+02
  1.0213E+01  3.4107E+01  7.3338E+01  4.5296E-01  3.5522E+02  1.7259E+01 -3.5318E+02
  1.0225E+01  3.4147E+01  7.3401E+01  4.5296E-01  3.5627E+02  1.7262E+01 -3.5423E+02
  1.0237E+01  3.4188E+01  7.3484E+01  4.5295E-01  3.5515E+02  1.7277E+01 -3.5310E+02
  1.0249E+01  3.4229E+01  7.3585E+01  4.5295E-01  3.5616E+02  1.7302E+01 -3.5411E+02
  1.0262E+01  3.4270E+01  7.3642E+01  4.5295E-01  3.5643E+02  1.7301E+01 -3.5438E+02
  1.0274E+01  3.4311E+01  7.3738E+01  4.5295E-01  3.5566E+02  1.7323E+01 -3.5360E+02
  1.0286E+01  3.4351E+01  7.3824E+01  4.5294E-01  3.5704E+02  1.7342E+01 -3.5498E+02
  1.0298E+01  3.4392E+01  7.3885E+01  4.5294E-01  3.5652E+02  1.7344E+01 -3.5446E+02
  1.0310E+01  3.4433E+01  7.3991E+01  4.5294E-01  3.5636E+02  1.7369E+01 -3.5430E+02
  1.0323E+01  3.4474E+01  7.4063E+01  4.5294E-01  3.5773E+02  1.7378E+01 -3.5567E+02
  1.0335E+01  3.4514E+01  7.4136E+01  4.5293E-01  3.5667E+02  1.7387E+01 -3.5460E+02
  1.0347E+01  3.4555E+01  7.4240E+01  4.5293E-01  3.5720E+02  1.7413E+01 -3.5513E+02
  1.0359E+01  3.4596E+01  7.4302E+01  4.5293E-01  3.5804E+02  1.7415E+01 -3.5597E+02
  1.0372E+01  3.4637E+01  7.4389E+01  4.5292E-01  3.5702E+02  1.7433E+01 -3.5494E+02
  1.0384E+01  3.4677E+01  7.4484E+01  4.5292E-01  3.5815E+02  1.7456E+01 -3.5607E+02
  1.0396E+01  3.4718E+01  7.4542E+01  4.5292E-01  3.5816E+02  1.7455E+01 -3.5608E+02
  1.0408E+01  3.4759E+01  7.4642E+01  4.5292E-01  3.5754E+02  1.7479E+01 -3.5545E+02
  1.0420E+01  3.4800E+01  7.4724E+01  4.5291E-01  3.5902E+02  1.7494E+01 -3.5694E+02
  1.0433E+01  3.4840E+01  7.4789E+01  4.5291E-01  3.5823E+02  1.7498E+01 -3.5614E+02
  1.0445E+01  3.4881E+01  7.4895E+01  4.5291E-01  3.5829E+02  1.7523E+01 -3.5619E+02
  1.0457E+01  3.4922E+01  7.4962E+01  4.5291E-01  3.5954E+02  1.7530E+01 -3.5745E+02
  1.0469E+01  3.4963E+01  7.5041E+01  4.5290E-01  3.5845E+02  1.7543E+01 -3.5635E+02
  1.0481E+01  3.5004E+01  7.5142E+01  4.5290E-01  3.5918E+02  1.7567E+01 -3.5708E+02
  1.0494E+01  3.5044E+01  7.5200E+01  4.5290E-01  3.5976E+02  1.7568E+01 -3.5766E+02
  1.0506E+01  3.5085E+01  7.5293E+01  4.5290E-01  3.5880E+02  1.7589E+01 -3.5669E+02
  1.0518E+01  3.5125E+01  7.5384E+01  4.5289E-01  3.6012E+02  1.7609E+01 -3.5802E+02
  1.0530E+01  3.5167E+01  7.5444E+01  4.5289E-01  3.5982E+02  1.7609E+01 -3.5771E+02
  1.0543E+01  3.5207E+01  7.5548E+01  4.5289E-01  3.5941E+02  1.7634E+01 -3.5730E+02
  1.0555E+01  3.5248E+01  7.5624E+01  4.5288E-01  3.6085E+02  1.7647E+01 -3.5874E+02
  1.0567E+01  3.5288E+01  7.5692E+01  4.5288E-01  3.5995E+02  1.7653E+01 -3.5783E+02
  1.0579E+01  3.5330E+01  7.5798E+01  4.5288E-01  3.6022E+02  1.7678E+01 -3.5809E+02
  1.0591E+01  3.5370E+01  7.5861E+01  4.5288E-01  3.6127E+02  1.7683E+01 -3.5915E+02
  1.0604E+01  3.5411E+01  7.5944E+01  4.5287E-01  3.6016E+02  1.7698E+01 -3.5803E+02
  1.0616E+01  3.5452E+01  7.6043E+01  4.5287E-01  3.6114E+02  1.7722E+01 -3.5901E+02
  1.0628E+01  3.5492E+01  7.6101E+01  4.5287E-01  3.6142E+02  1.7721E+01 -3.5930E+02
  1.0640E+01  3.5533E+01  7.6199E+01  4.5287E-01  3.6059E+02  1.7745E+01 -3.5846E+02
  1.0652E+01  3.5574E+01  7.6286E+01  4.5286E-01  3.6200E+02  1.7763E+01 -3.5987E+02
  1.0665E+01  3.5615E+01  7.6346E+01  4.5286E-01  3.6148E+02  1.7764E+01 -3.5934E+02
  1.0677E+01  3.5655E+01  7.6450E+01  4.5286E-01  3.6126E+02  1.7788E+01 -3.5912E+02
  1.0689E+01  3.5697E+01  7.6523E+01  4.5286E-01  3.6263E+02  1.7799E+01 -3.6049E+02
  1.0701E+01  3.5737E+01  7.6596E+01  4.5285E-01  3.6158E+02  1.7809E+01 -3.5944E+02
  1.0714E+01  3.5778E+01  7.6700E+01  4.5285E-01  3.6212E+02  1.7834E+01 -3.5997E+02
  1.0726E+01  3.5818E+01  7.6761E+01  4.5285E-01  3.6295E+02  1.7835E+01 -3.6080E+02
  1.0738E+01  3.5859E+01  7.6848E+01  4.5285E-01  3.6185E+02  1.7852E+01 -3.5970E+02
  1.0750E+01  3.5900E+01  7.6946E+01  4.5284E-01  3.6302E+02  1.7877E+01 -3.6086E+02
  1.0762E+01  3.5941E+01  7.7003E+01  4.5284E-01  3.6302E+02  1.7876E+01 -3.6087E+02
  1.0775E+01  3.5981E+01  7.7102E+01  4.5284E-01  3.6239E+02  1.7899E+01 -3.6023E+02
  1.0787E+01  3.6022E+01  7.7184E+01  4.5284E-01  3.6380E+02  1.7916E+01 -3.6164E+02
  1.0799E+01  3.6063E+01  7.7249E+01  4.5283E-01  3.6305E+02  1.7920E+01 -3.6089E+02
  1.0811E+01  3.6104E+01  7.7355E+01  4.5283E-01  3.6311E+02  1.7945E+01 -3.6094E+02
  1.0824E+01  3.6145E+01  7.7422E+01  4.5283E-01  3.6435E+02  1.7951E+01 -3.6218E+02
  1.0836E+01  3.6185E+01  7.7500E+01  4.5283E-01  3.6322E+02  1.7964E+01 -3.6104E+02
  1.0848E+01  3.6226E+01  7.7604E+01  4.5282E-01  3.6379E+02  1.7986E+01 -3.6162E+02
  1.0860E+01  3.6267E+01  7.7643E+01  4.5282E-01  3.6531E+02  1.7987E+01 -3.6314E+02
  1.0872E+01  3.6308E+01  7.7643E+01  4.5282E-01  3.6531E+02  1.7987E+01 -3.6315E+02
  1.0885E+01  3.6348E+01  7.7642E+01  4.5282E-01  3.6524E+02  1.7989E+01 -3.6307E+02
  1.0897E+01  3.6389E+01  7.7642E+01  4.5281E-01  3.6522E+02  1.7989E+01 -3.6305E+02
  1.0909E+01  3.6430E+01  7.7642E+01  4.5281E-01  3.6521E+02  1.7989E+01 -3.6305E+02
  1.0921E+01  3.6471E+01  7.7642E+01  4.5281E-01  3.6521E+02  1.7989E+01 -3.6304E+02
  1.0933E+01  3.6511E+01  7.7642E+01  4.5281E-01  3.6520E+02  1.7989E+01 -3.6303E+02
  1.0946E+01  3.6552E+01  7.7642E+01  4.5281E-01  3.6519E+02  1.7989E+01 -3.6303E+02
  1.0958E+01  3.6593E+01  7.7642E+01  4.5280E-01  3.6519E+02  1.7989E+01 -3.6302E+02
  1.0970E+01  3.6634E+01  7.7642E+01  4.5280E-01  3.6518E+02  1.7989E+01 -3.6301E+02
  1.0982E+01  3.6674E+01  7.7642E+01  4.5280E-01  3.6517E+02  1.7989E+01 -3.6300E+02
  1.0995E+01  3.6715E+01  7.7642E+01  4.5280E-01  3.6516E+02  1.7989E+01 -3.6300E+02
  1.1007E+01  3.6756E+01  7.7642E+01  4.5279E-01  3.6516E+02  1.7989E+01 -3.6299E+02
  1.1019E+01  3.6797E+01  7.7642E+01  4.5279E-01  3.6515E+02  1.7990E+01 -3.6298E+02
  1.1031E+01  3.6838E+01  7.7642E+01  4.5279E-01  3.6514E+02  1.7990E+01 -3.6298E+02
  1.1043E+01  3.6878E+01  7.7642E+01  4.5279E-01  3.6514E+02  1.7990E+01 -3.6297E+02
  1.1056E+01  3.6919E+01  7.7642E+01  4.5278E-01  3.6513E+02  1.7990E+01 -3.6296E+02
  1.1068E+01  3.6959E+01  7.7642E+01  4.5278E-01  3.6512E+02  1.7990E+01 -3.6295E+02
  1.1080E+01  3.7001E+01  7.7642E+01  4.5278E-01  3.6512E+02  1.7990E+01 -3.6295E+02
  1.1092E+01  3.7041E+01  7.7642E+01  4.5278E-01  3.6511E+02  1.7990E+01 -3.6294E+02
  1.1105E+01  3.7082E+01  7.7642E+01  4.5277E-01  3.6510E+02  1.7990E+01 -3.6293E+02
  1.1117E+01  3.7122E+01  7.7642E+01  4.5277E-01  3.6509E+02  1.7990E+01 -3.6293E+02
  1.1129E+01  3.7164E+01  7.7642E+01  4.5277E-01  3.6509E+02  1.7990E+01 -3.6292E+02
  1.1141E+01  3.7204E+01  7.7642E+01  4.5277E-01  3.6508E+02  1.7990E+01 -3.6291E+02
  1.1153E+01  3.7245E+01  7.7642E+01  4.5276E-01  3.6507E+02  1.7990E+01 -3.6290E+02
  1.1166E+01  3.7286E+01  7.7642E+01  4.5276E-01  3.6507E+02  1.7990E+01 -3.6290E+02
  1.1178E+01  3.7326E+01  7.7642E+01  4.5276E-01  3.6506E+02  1.7990E+01 -3.6289E+02
  1.1190E+01  3.7367E+01  7.7642E+01  4.5276E-01  3.6505E+02  1.7990E+01 -3.6288E+02
  1.1202E+01  3.7408E+01  7.7642E+01  4.5275E-01  3.6505E+02  1.7990E+01 -3.6288E+02
  1.1214E+01  3.7449E+01  7.7642E+01  4.5275E-01  3.6504E+02  1.7991E+01 -3.6287E+02
  1.1227E+01  3.7489E+01  7.7642E+01  4.5275E-01  3.6503E+02  1.7991E+01 -3.6286E+02
  1.1239E+01  3.7531E+01  7.7642E+01  4.5275E-01  3.6502E+02  1.7991E+01 -3.6286E+02
  1.1251E+01  3.7571E+01  7.7642E+01  4.5274E-01  3.6502E+02  1.7991E+01 -3.6285E+02
  1.1263E+01  3.7612E+01  7.7642E+01  4.5274E-01  3.6501E+02  1.7991E+01 -3.6284E+02
  1.1276E+01  3.7652E+01  7.7642E+01  4.5274E-01  3.6500E+02  1.7991E+01 -3.6283E+02
  1.1288E+01  3.7693E+01  7.7642E+01  4.5274E-01  3.6500E+02  1.7991E+01 -3.6283E+02
  1.1300E+01  3.7734E+01  7.7642E+01  4.5274E-01  3.6499E+02  1.7991E+01 -3.6282E+02
  1.1312E+01  3.7775E+01  7.7642E+01  4.5273E-01  3.6498E+02  1.7991E+01 -3.6281E+02
  1.1324E+01  3.7815E+01  7.7642E+01  4.5273E-01  3.6498E+02  1.7991E+01 -3.6281E+02
  1.1337E+01  3.7856E+01  7.7642E+01  4.5273E-01  3.6497E+02  1.7991E+01 -3.6280E+02
  1.1349E+01  3.7897E+01  7.7642E+01  4.5273E-01  3.6496E+02  1.7991E+01 -3.6279E+02
  1.1361E+01  3.7938E+01  7.7642E+01  4.5272E-01  3.6496E+02  1.7991E+01 -3.6278E+02
  1.1373E+01  3.7979E+01  7.7642E+01  4.5272E-01  3.6495E+02  1.7991E+01 -3.6278E+02
  1.1386E+01  3.8019E+01  7.7642E+01  4.5272E-01  3.6494E+02  1.7991E+01 -3.6277E+02
  1.1398E+01  3.8060E+01  7.7642E+01  4.5272E-01  3.6493E+02  1.7991E+01 -3.6276E+02
  1.1410E+01  3.8101E+01  7.7642E+01  4.5271E-01  3.6493E+02  1.7991E+01 -3.6276E+02
  1.1422E+01  3.8142E+01  7.7642E+01  4.5271E-01  3.6492E+02  1.7991E+01 -3.6275E+02
  1.1434E+01  3.8182E+01  7.7642E+01  4.5271E-01  3.6491E+02  1.7992E+01 -3.6274E+02
  1.1447E+01  3.8223E+01  7.7642E+01  4.5271E-01  3.6491E+02  1.7992E+01 -3.6274E+02
  1.1459E+01  3.8264E+01  7.7642E+01  4.5270E-01  3.6490E+02  1.7992E+01 -3.6273E+02
  1.1471E+01  3.8305E+01  7.7642E+01  4.5270E-01  3.6489E+02  1.7992E+01 -3.6272E+02
  1.1483E+01  3.8345E+01  7.7642E+01  4.5270E-01  3.6489E+02  1.7992E+01 -3.6271E+02
  1.1495E+01  3.8386E+01  7.7642E+01  4.5270E-01  3.6488E+02  1.7992E+01 -3.6271E+02
  1.1508E+01  3.8427E+01  7.7642E+01  4.5269E-01  3.6487E+02  1.7992E+01 -3.6270E+02
  1.1520E+01  3.8468E+01  7.7642E+01  4.5269E-01  3.6486E+02  1.7992E+01 -3.6269E+02
  1.1532E+01  3.8508E+01  7.7642E+01  4.5269E-01  3.6486E+02  1.7992E+01 -3.6269E+02
  1.1544E+01  3.8549E+01  7.7642E+01  4.5269E-01  3.6485E+02  1.7992E+01 -3.6268E+02
  1.1557E+01  3.8590E+01  7.7642E+01  4.5268E-01  3.6484E+02  1.7992E+01 -3.6267E+02
  1.1569E+01  3.8631E+01  7.7642E+01  4.5268E-01  3.6484E+02  1.7992E+01 -3.6267E+02
  1.1581E+01  3.8672E+01  7.7642E+01  4.5268E-01  3.6483E+02  1.7992E+01 -3.6266E+02
  1.1593E+01  3.8712E+01  7.7642E+01  4.5268E-01  3.6482E+02  1.7992E+01 -3.6265E+02
  1.1605E+01  3.8753E+01  7.7642E+01  4.5267E-01  3.6482E+02  1.7992E+01 -3.6264E+02
  1.1618E+01  3.8793E+01  7.7642E+01  4.5267E-01  3.6481E+02  1.7992E+01 -3.6264E+02
  1.1630E+01  3.8835E+01  7.7642E+01  4.5267E-01  3.6480E+02  1.7992E+01 -3.6263E+02
  1.1642E+01  3.8875E+01  7.7642E+01  4.5267E-01  3.6479E+02  1.7992E+01 -3.6262E+02
  1.1654E+01  3.8916E+01  7.7642E+01  4.5266E-01  3.6479E+02  1.7992E+01 -3.6262E+02
  1.1666E+01  3.8956E+01  7.7642E+01  4.5266E-01  3.6478E+02  1.7992E+01 -3.6261E+02
  1.1679E+01  3.8998E+01  7.7642E+01  4.5266E-01  3.6477E+02  1.7992E+01 -3.6260E+02
  1.1691E+01  3.9038E+01  7.7642E+01  4.5266E-01  3.6477E+02  1.7992E+01 -3.6259E+02
  1.1703E+01  3.9079E+01  7.7642E+01  4.5266E-01  3.6476E+02  1.7992E+01 -3.6259E+02
  1.1715E+01  3.9120E+01  7.7643E+01  4.5265E-01  3.6475E+02  1.7992E+01 -3.6258E+02
  1.1728E+01  3.9160E+01  7.7643E+01  4.5265E-01  3.6475E+02  1.7992E+01 -3.6257E+02
  1.1740E+01  3.9201E+01  7.7643E+01  4.5265E-01  3.6474E+02  1.7992E+01 -3.6257E+02
  1.1752E+01  3.9242E+01  7.7643E+01  4.5265E-01  3.6473E+02  1.7992E+01 -3.6256E+02
  1.1764E+01  3.9283E+01  7.7643E+01  4.5264E-01  3.6472E+02  1.7992E+01 -3.6255E+02
  1.1776E+01  3.9323E+01  7.7643E+01  4.5264E-01  3.6472E+02  1.7992E+01 -3.6255E+02
  1.1789E+01  3.9365E+01  7.7643E+01  4.5264E-01  3.6471E+02  1.7992E+01 -3.6254E+02
  1.1801E+01  3.9405E+01  7.7643E+01  4.5264E-01  3.6470E+02  1.7992E+01 -3.6253E+02
  1.1813E+01  3.9446E+01  7.7643E+01  4.5263E-01  3.6470E+02  1.7992E+01 -3.6252E+02
  1.1825E+01  3.9486E+01  7.7643E+01  4.5263E-01  3.6469E+02  1.7992E+01 -3.6252E+02
  1.1838E+01  3.9527E+01  7.7643E+01  4.5263E-01  3.6468E+02  1.7992E+01 -3.6251E+02
  1.1850E+01  3.9568E+01  7.7643E+01  4.5263E-01  3.6468E+02  1.7992E+01 -3.6250E+02
  1.1862E+01  3.9609E+01  7.7643E+01  4.5262E-01  3.6467E+02  1.7992E+01 -3.6250E+02
  1.1874E+01  3.9649E+01  7.7643E+01  4.5262E-01  3.6466E+02  1.7992E+01 -3.6249E+02
  1.1886E+01  3.9690E+01  7.7643E+01  4.5262E-01  3.6466E+02  1.7992E+01 -3.6248E+02
  1.1899E+01  3.9731E+01  7.7643E+01  4.5262E-01  3.6465E+02  1.7992E+01 -3.6247E+02
  1.1909E+01  3.9766E+01  7.7643E+01  4.5261E-01  3.6464E+02  1.7992E+01 -3.6247E+02
  1.1911E+01  3.9772E+01  7.7643E+01  4.5261E-01  3.6464E+02  1.7992E+01 -3.6247E+02
  1.1923E+01  3.9813E+01  7.7643E+01  4.5261E-01  3.6463E+02  1.7992E+01 -3.6246E+02
  1.1935E+01  3.9853E+01  7.7643E+01  4.5261E-01  3.6463E+02  1.7992E+01 -3.6245E+02
  1.1947E+01  3.9894E+01  7.7643E+01  4.5261E-01  3.6462E+02  1.7992E+01 -3.6245E+02
  1.1960E+01  3.9935E+01  7.7643E+01  4.5260E-01  3.6461E+02  1.7992E+01 -3.6244E+02
  1.1972E+01  3.9976E+01  7.7643E+01  4.5260E-01  3.6461E+02  1.7992E+01 -3.6243E+02
  1.1984E+01  4.0016E+01  7.7643E+01  4.5260E-01  3.6460E+02  1.7992E+01 -3.6243E+02
  1.1996E+01  4.0057E+01  7.7643E+01  4.5260E-01  3.6459E+02  1.7992E+01 -3.6242E+02
  1.2009E+01  4.0098E+01  7.7643E+01  4.5259E-01  3.6459E+02  1.7992E+01 -3.6241E+02
  1.2021E+01  4.0139E+01  7.7643E+01  4.5259E-01  3.6458E+02  1.7992E+01 -3.6240E+02
  1.2033E+01  4.0179E+01  7.7643E+01  4.5259E-01  3.6457E+02  1.7992E+01 -3.6240E+02
  1.2045E+01  4.0220E+01  7.7643E+01  4.5259E-01  3.6456E+02  1.7992E+01 -3.6239E+02
  1.2057E+01  4.0261E+01  7.7643E+01  4.5259E-01  3.6456E+02  1.7992E+01 -3.6238E+02
  1.2070E+01  4.0302E+01  7.7643E+01  4.5258E-01  3.6455E+02  1.7992E+01 -3.6238E+02
  1.2082E+01  4.0342E+01  7.7643E+01  4.5258E-01  3.6454E+02  1.7992E+01 -3.6237E+02
  1.2094E+01  4.0383E+01  7.7642E+01  4.5258E-01  3.6454E+02  1.7993E+01 -3.6237E+02
  1.2106E+01  4.0424E+01  7.7642E+01  4.5258E-01  3.6463E+02  1.7994E+01 -3.6245E+02
  1.2119E+01  4.0465E+01  7.7639E+01  4.5257E-01  3.6479E+02  1.7997E+01 -3.6261E+02
  1.2131E+01  4.0506E+01  7.7674E+01  4.5257E-01  3.6334E+02  1.7997E+01 -3.6116E+02
  1.2143E+01  4.0546E+01  7.7801E+01  4.5257E-01  3.6233E+02  1.8024E+01 -3.6014E+02
  1.2155E+01  4.0587E+01  7.7916E+01  4.5257E-01  3.6414E+02  1.8047E+01 -3.6195E+02
  1.2167E+01  4.0627E+01  7.7995E+01  4.5256E-01  3.6343E+02  1.8049E+01 -3.6123E+02
  1.2180E+01  4.0669E+01  7.8133E+01  4.5256E-01  3.6312E+02  1.8082E+01 -3.6092E+02
  1.2192E+01  4.0709E+01  7.8227E+01  4.5256E-01  3.6486E+02  1.8095E+01 -3.6266E+02
  1.2204E+01  4.0750E+01  7.8322E+01  4.5256E-01  3.6345E+02  1.8108E+01 -3.6124E+02
  1.2216E+01  4.0790E+01  7.8460E+01  4.5255E-01  3.6410E+02  1.8141E+01 -3.6189E+02
  1.2229E+01  4.0832E+01  7.8540E+01  4.5255E-01  3.6514E+02  1.8143E+01 -3.6294E+02
  1.2241E+01  4.0872E+01  7.8656E+01  4.5255E-01  3.6369E+02  1.8166E+01 -3.6147E+02
  1.2253E+01  4.0913E+01  7.8782E+01  4.5255E-01  3.6517E+02  1.8197E+01 -3.6295E+02
  1.2265E+01  4.0954E+01  7.8857E+01  4.5254E-01  3.6516E+02  1.8196E+01 -3.6294E+02
  1.2277E+01  4.0994E+01  7.8987E+01  4.5254E-01  3.6429E+02  1.8226E+01 -3.6205E+02
  1.2290E+01  4.1035E+01  7.9096E+01  4.5254E-01  3.6611E+02  1.8248E+01 -3.6389E+02
  1.2302E+01  4.1076E+01  7.9180E+01  4.5254E-01  3.6509E+02  1.8253E+01 -3.6285E+02
  1.2314E+01  4.1117E+01  7.9319E+01  4.5254E-01  3.6511E+02  1.8287E+01 -3.6287E+02
  1.2326E+01  4.1157E+01  7.9408E+01  4.5253E-01  3.6670E+02  1.8295E+01 -3.6447E+02
  1.2339E+01  4.1199E+01  7.9512E+01  4.5253E-01  3.6517E+02  1.8312E+01 -3.6292E+02
  1.2351E+01  4.1239E+01  7.9646E+01  4.5253E-01  3.6612E+02  1.8345E+01 -3.6387E+02
  1.2363E+01  4.1280E+01  7.9723E+01  4.5253E-01  3.6684E+02  1.8345E+01 -3.6460E+02
  1.2375E+01  4.1320E+01  7.9842E+01  4.5252E-01  3.6556E+02  1.8371E+01 -3.6329E+02
  1.2387E+01  4.1361E+01  7.9963E+01  4.5252E-01  3.6714E+02  1.8400E+01 -3.6488E+02
  1.2400E+01  4.1402E+01  8.0041E+01  4.5252E-01  3.6676E+02  1.8400E+01 -3.6449E+02
  1.2412E+01  4.1443E+01  8.0176E+01  4.5252E-01  3.6618E+02  1.8433E+01 -3.6390E+02
  1.2424E+01  4.1483E+01  8.0277E+01  4.5252E-01  3.6802E+02  1.8449E+01 -3.6576E+02
  1.2436E+01  4.1524E+01  8.0366E+01  4.5251E-01  3.6674E+02  1.8457E+01 -3.6447E+02
  1.2449E+01  4.1565E+01  8.0507E+01  4.5251E-01  3.6706E+02  1.8491E+01 -3.6477E+02
  1.2461E+01  4.1606E+01  8.0590E+01  4.5251E-01  3.6841E+02  1.8497E+01 -3.6613E+02
  1.2473E+01  4.1647E+01  8.0698E+01  4.5251E-01  3.6692E+02  1.8517E+01 -3.6463E+02
  1.2485E+01  4.1687E+01  8.0828E+01  4.5250E-01  3.6806E+02  1.8549E+01 -3.6577E+02
  1.2497E+01  4.1728E+01  8.0903E+01  4.5250E-01  3.6845E+02  1.8548E+01 -3.6616E+02
  1.2510E+01  4.1769E+01  8.1032E+01  4.5250E-01  3.6731E+02  1.8579E+01 -3.6501E+02
  1.2522E+01  4.1810E+01  8.1146E+01  4.5250E-01  3.6911E+02  1.8602E+01 -3.6682E+02
  1.2534E+01  4.1850E+01  8.1226E+01  4.5250E-01  3.6835E+02  1.8604E+01 -3.6605E+02
  1.2546E+01  4.1891E+01  8.1363E+01  4.5249E-01  3.6801E+02  1.8637E+01 -3.6570E+02
  1.2559E+01  4.1932E+01  8.1460E+01  4.5249E-01  3.6977E+02  1.8651E+01 -3.6747E+02
  1.2571E+01  4.1973E+01  8.1554E+01  4.5249E-01  3.6837E+02  1.8663E+01 -3.6606E+02
  1.2583E+01  4.2013E+01  8.1691E+01  4.5249E-01  3.6894E+02  1.8696E+01 -3.6662E+02
  1.2595E+01  4.2054E+01  8.1770E+01  4.5249E-01  3.7002E+02  1.8699E+01 -3.6771E+02
  1.2607E+01  4.2095E+01  8.1884E+01  4.5248E-01  3.6856E+02  1.8721E+01 -3.6623E+02
  1.2620E+01  4.2136E+01  8.2013E+01  4.5248E-01  3.7003E+02  1.8753E+01 -3.6771E+02
  1.2632E+01  4.2176E+01  8.2088E+01  4.5248E-01  3.6997E+02  1.8752E+01 -3.6764E+02
  1.2644E+01  4.2217E+01  8.2219E+01  4.5248E-01  3.6906E+02  1.8784E+01 -3.6672E+02
  1.2656E+01  4.2258E+01  8.2328E+01  4.5247E-01  3.7089E+02  1.8805E+01 -3.6856E+02
  1.2669E+01  4.2299E+01  8.2413E+01  4.5247E-01  3.6989E+02  1.8810E+01 -3.6754E+02
  1.2681E+01  4.2340E+01  8.2550E+01  4.5247E-01  3.6985E+02  1.8842E+01 -3.6750E+02
  1.2693E+01  4.2380E+01  8.2639E+01  4.5247E-01  3.7143E+02  1.8852E+01 -3.6909E+02
  1.2705E+01  4.2421E+01  8.2740E+01  4.5247E-01  3.6993E+02  1.8868E+01 -3.6757E+02
  1.2717E+01  4.2461E+01  8.2875E+01  4.5246E-01  3.7083E+02  1.8902E+01 -3.6847E+02
  1.2730E+01  4.2503E+01  8.2954E+01  4.5246E-01  3.7155E+02  1.8902E+01 -3.6919E+02
  1.2742E+01  4.2543E+01  8.3075E+01  4.5246E-01  3.7019E+02  1.8929E+01 -3.6781E+02
  1.2754E+01  4.2584E+01  8.3196E+01  4.5246E-01  3.7182E+02  1.8957E+01 -3.6945E+02
  1.2766E+01  4.2624E+01  8.3272E+01  4.5246E-01  3.7147E+02  1.8957E+01 -3.6910E+02
  1.2778E+01  4.2666E+01  8.3408E+01  4.5245E-01  3.7082E+02  1.8989E+01 -3.6844E+02
  1.2791E+01  4.2706E+01  8.3509E+01  4.5245E-01  3.7262E+02  1.9007E+01 -3.7024E+02
  1.2803E+01  4.2747E+01  8.3597E+01  4.5245E-01  3.7137E+02  1.9015E+01 -3.6899E+02
  1.2815E+01  4.2788E+01  8.3736E+01  4.5245E-01  3.7165E+02  1.9049E+01 -3.6926E+02
  1.2827E+01  4.2828E+01  8.3820E+01  4.5245E-01  3.7302E+02  1.9054E+01 -3.7064E+02
  1.2840E+01  4.2869E+01  8.3930E+01  4.5244E-01  3.7146E+02  1.9074E+01 -3.6906E+02
  1.2852E+01  4.2910E+01  8.4061E+01  4.5244E-01  3.7263E+02  1.9107E+01 -3.7023E+02
  1.2864E+01  4.2951E+01  8.4137E+01  4.5244E-01  3.7301E+02  1.9106E+01 -3.7062E+02
  1.2876E+01  4.2991E+01  8.4261E+01  4.5244E-01  3.7187E+02  1.9135E+01 -3.6945E+02
  1.2888E+01  4.3033E+01  8.4378E+01  4.5244E-01  3.7358E+02  1.9161E+01 -3.7118E+02
  1.2901E+01  4.3073E+01  8.4457E+01  4.5244E-01  3.7286E+02  1.9163E+01 -3.7045E+02
  1.2913E+01  4.3114E+01  8.4594E+01  4.5243E-01  3.7252E+02  1.9196E+01 -3.7009E+02
  1.2925E+01  4.3154E+01  8.4690E+01  4.5243E-01  3.7427E+02  1.9209E+01 -3.7185E+02
  1.2937E+01  4.3195E+01  8.4784E+01  4.5243E-01  3.7283E+02  1.9221E+01 -3.7040E+02
  1.2950E+01  4.3236E+01  8.4924E+01  4.5243E-01  3.7339E+02  1.9255E+01 -3.7096E+02
  1.2962E+01  4.3277E+01  8.5004E+01  4.5243E-01  3.7447E+02  1.9258E+01 -3.7204E+02
  1.2974E+01  4.3317E+01  8.5117E+01  4.5242E-01  3.7302E+02  1.9281E+01 -3.7058E+02
  1.2986E+01  4.3358E+01  8.5243E+01  4.5242E-01  3.7435E+02  1.9312E+01 -3.7191E+02
  1.2998E+01  4.3399E+01  8.5320E+01  4.5242E-01  3.7436E+02  1.9312E+01 -3.7192E+02
  1.3011E+01  4.3440E+01  8.5451E+01  4.5242E-01  3.7345E+02  1.9344E+01 -3.7099E+02
  1.3023E+01  4.3481E+01  8.5559E+01  4.5242E-01  3.7528E+02  1.9364E+01 -3.7284E+02
  1.3035E+01  4.3521E+01  8.5643E+01  4.5241E-01  3.7424E+02  1.9369E+01 -3.7179E+02
  1.3047E+01  4.3562E+01  8.5781E+01  4.5241E-01  3.7415E+02  1.9402E+01 -3.7169E+02
  1.3059E+01  4.3603E+01  8.5873E+01  4.5241E-01  3.7576E+02  1.9413E+01 -3.7330E+02
  1.3072E+01  4.3644E+01  8.5973E+01  4.5241E-01  3.7427E+02  1.9429E+01 -3.7180E+02
  1.3084E+01  4.3684E+01  8.6107E+01  4.5241E-01  3.7507E+02  1.9461E+01 -3.7260E+02
  1.3096E+01  4.3725E+01  8.6184E+01  4.5241E-01  3.7585E+02  1.9462E+01 -3.7338E+02
  1.3108E+01  4.3766E+01  8.6306E+01  4.5240E-01  3.7446E+02  1.9489E+01 -3.7198E+02
  1.3121E+01  4.3807E+01  8.6427E+01  4.5240E-01  3.7610E+02  1.9518E+01 -3.7362E+02
  1.3133E+01  4.3847E+01  8.6504E+01  4.5240E-01  3.7569E+02  1.9517E+01 -3.7321E+02
  1.3145E+01  4.3888E+01  8.6639E+01  4.5240E-01  3.7500E+02  1.9550E+01 -3.7251E+02
  1.3157E+01  4.3929E+01  8.6741E+01  4.5240E-01  3.7682E+02  1.9568E+01 -3.7433E+02
  1.3169E+01  4.3970E+01  8.6831E+01  4.5239E-01  3.7559E+02  1.9576E+01 -3.7308E+02
  1.3182E+01  4.4010E+01  8.6968E+01  4.5239E-01  3.7580E+02  1.9609E+01 -3.7329E+02
  1.3194E+01  4.4051E+01  8.7053E+01  4.5239E-01  3.7717E+02  1.9616E+01 -3.7467E+02
  1.3206E+01  4.4092E+01  8.7159E+01  4.5239E-01  3.7563E+02  1.9635E+01 -3.7311E+02
  1.3218E+01  4.4133E+01  8.7293E+01  4.5239E-01  3.7679E+02  1.9669E+01 -3.7427E+02
  1.3231E+01  4.4174E+01  8.7369E+01  4.5239E-01  3.7713E+02  1.9667E+01 -3.7461E+02
  1.3243E+01  4.4214E+01  8.7495E+01  4.5238E-01  3.7592E+02  1.9698E+01 -3.7339E+02
  1.3255E+01  4.4255E+01  8.7610E+01  4.5238E-01  3.7766E+02  1.9723E+01 -3.7513E+02
  1.3267E+01  4.4295E+01  8.7689E+01  4.5238E-01  3.7699E+02  1.9724E+01 -3.7446E+02
  1.3279E+01  4.4337E+01  8.7827E+01  4.5238E-01  3.7657E+02  1.9757E+01 -3.7403E+02
  1.3292E+01  4.4377E+01  8.7923E+01  4.5238E-01  3.7828E+02  1.9772E+01 -3.7575E+02
  1.3304E+01  4.4418E+01  8.8016E+01  4.5238E-01  3.7687E+02  1.9784E+01 -3.7433E+02
  1.3316E+01  4.4458E+01  8.8154E+01  4.5237E-01  3.7740E+02  1.9817E+01 -3.7485E+02
  1.3328E+01  4.4499E+01  8.8235E+01  4.5237E-01  3.7850E+02  1.9820E+01 -3.7596E+02
  1.3340E+01  4.4540E+01  8.8350E+01  4.5237E-01  3.7696E+02  1.9843E+01 -3.7440E+02
  1.3353E+01  4.4581E+01  8.8477E+01  4.5237E-01  3.7834E+02  1.9875E+01 -3.7578E+02
  1.3365E+01  4.4622E+01  8.8552E+01  4.5237E-01  3.7838E+02  1.9874E+01 -3.7582E+02
  1.3377E+01  4.4662E+01  8.8681E+01  4.5236E-01  3.7740E+02  1.9904E+01 -3.7483E+02
  1.3389E+01  4.4703E+01  8.8792E+01  4.5236E-01  3.7917E+02  1.9927E+01 -3.7661E+02
  1.3402E+01  4.4744E+01  8.8875E+01  4.5236E-01  3.7817E+02  1.9932E+01 -3.7560E+02
  1.3414E+01  4.4785E+01  8.9014E+01  4.5236E-01  3.7808E+02  1.9966E+01 -3.7549E+02
  1.3426E+01  4.4825E+01  8.9104E+01  4.5236E-01  3.7967E+02  1.9975E+01 -3.7710E+02
  1.3438E+01  4.4866E+01  8.9204E+01  4.5236E-01  3.7813E+02  1.9991E+01 -3.7554E+02
  1.3450E+01  4.4907E+01  8.9341E+01  4.5235E-01  3.7894E+02  2.0025E+01 -3.7635E+02
  1.3463E+01  4.4948E+01  8.9419E+01  4.5235E-01  3.7971E+02  2.0026E+01 -3.7712E+02
  1.3475E+01  4.4988E+01  8.9537E+01  4.5235E-01  3.7835E+02  2.0052E+01 -3.7574E+02
  1.3487E+01  4.5029E+01  8.9659E+01  4.5235E-01  3.7984E+02  2.0081E+01 -3.7723E+02
  1.3499E+01  4.5070E+01  8.9737E+01  4.5235E-01  3.7950E+02  2.0081E+01 -3.7690E+02
  1.3512E+01  4.5111E+01  8.9871E+01  4.5235E-01  3.7881E+02  2.0114E+01 -3.7619E+02
  1.3524E+01  4.5151E+01  8.9974E+01  4.5235E-01  3.8062E+02  2.0132E+01 -3.7801E+02
  1.3536E+01  4.5192E+01  9.0062E+01  4.5234E-01  3.7935E+02  2.0140E+01 -3.7673E+02
  1.3548E+01  4.5233E+01  9.0201E+01  4.5234E-01  3.7951E+02  2.0174E+01 -3.7688E+02
  1.3560E+01  4.5274E+01  9.0287E+01  4.5234E-01  3.8092E+02  2.0181E+01 -3.7829E+02
  1.3573E+01  4.5315E+01  9.0393E+01  4.5234E-01  3.7939E+02  2.0200E+01 -3.7675E+02
  1.3585E+01  4.5355E+01  9.0525E+01  4.5234E-01  3.8041E+02  2.0232E+01 -3.7777E+02
  1.3597E+01  4.5396E+01  9.0600E+01  4.5234E-01  3.8086E+02  2.0232E+01 -3.7822E+02
  1.3609E+01  4.5437E+01  9.0727E+01  4.5233E-01  3.7962E+02  2.0263E+01 -3.7696E+02
  1.3621E+01  4.5478E+01  9.0843E+01  4.5233E-01  3.8135E+02  2.0287E+01 -3.7870E+02
  1.3634E+01  4.5518E+01  9.0922E+01  4.5233E-01  3.8062E+02  2.0289E+01 -3.7797E+02
  1.3646E+01  4.5559E+01  9.1059E+01  4.5233E-01  3.8017E+02  2.0322E+01 -3.7751E+02
  1.3658E+01  4.5599E+01  9.1156E+01  4.5233E-01  3.8191E+02  2.0337E+01 -3.7925E+02
  1.3670E+01  4.5641E+01  9.1250E+01  4.5233E-01  3.8051E+02  2.0349E+01 -3.7784E+02
  1.3683E+01  4.5681E+01  9.1387E+01  4.5232E-01  3.8096E+02  2.0382E+01 -3.7828E+02
  1.3695E+01  4.5722E+01  9.1468E+01  4.5232E-01  3.8207E+02  2.0386E+01 -3.7941E+02
  1.3707E+01  4.5763E+01  9.1580E+01  4.5232E-01  3.8055E+02  2.0408E+01 -3.7787E+02
  1.3719E+01  4.5804E+01  9.1710E+01  4.5232E-01  3.8192E+02  2.0441E+01 -3.7924E+02
  1.3731E+01  4.5844E+01  9.1785E+01  4.5232E-01  3.8191E+02  2.0439E+01 -3.7922E+02
  1.3744E+01  4.5885E+01  9.1916E+01  4.5232E-01  3.8089E+02  2.0471E+01 -3.7819E+02
  1.3756E+01  4.5926E+01  9.2026E+01  4.5232E-01  3.8267E+02  2.0494E+01 -3.7998E+02
  1.3768E+01  4.5966E+01  9.2108E+01  4.5231E-01  3.8172E+02  2.0498E+01 -3.7902E+02
  1.3780E+01  4.6008E+01  9.2247E+01  4.5231E-01  3.8154E+02  2.0531E+01 -3.7883E+02
  1.3792E+01  4.6048E+01  9.2338E+01  4.5231E-01  3.8312E+02  2.0542E+01 -3.8042E+02
  1.3805E+01  4.6089E+01  9.2437E+01  4.5231E-01  3.8159E+02  2.0557E+01 -3.7888E+02
  1.3817E+01  4.6129E+01  9.2573E+01  4.5231E-01  3.8237E+02  2.0591E+01 -3.7965E+02
  1.3829E+01  4.6171E+01  9.2652E+01  4.5231E-01  3.8314E+02  2.0592E+01 -3.8042E+02
  1.3841E+01  4.6211E+01  9.2771E+01  4.5230E-01  3.8170E+02  2.0618E+01 -3.7896E+02
  1.3854E+01  4.6252E+01  9.2894E+01  4.5230E-01  3.8324E+02  2.0648E+01 -3.8051E+02
  1.3866E+01  4.6292E+01  9.2970E+01  4.5230E-01  3.8294E+02  2.0648E+01 -3.8021E+02
  1.3878E+01  4.6333E+01  9.3102E+01  4.5230E-01  3.8217E+02  2.0679E+01 -3.7942E+02
  1.3890E+01  4.6374E+01  9.3208E+01  4.5230E-01  3.8394E+02  2.0699E+01 -3.8120E+02
  1.3902E+01  4.6415E+01  9.3295E+01  4.5230E-01  3.8270E+02  2.0707E+01 -3.7995E+02
  1.3915E+01  4.6456E+01  9.3434E+01  4.5230E-01  3.8286E+02  2.0741E+01 -3.8010E+02
  1.3927E+01  4.6496E+01  9.3519E+01  4.5229E-01  3.8425E+02  2.0747E+01 -3.8150E+02
  1.3939E+01  4.6537E+01  9.3627E+01  4.5229E-01  3.8264E+02  2.0767E+01 -3.7988E+02
  1.3951E+01  4.6578E+01  9.3760E+01  4.5229E-01  3.8370E+02  2.0800E+01 -3.8094E+02
  1.3964E+01  4.6619E+01  9.3835E+01  4.5229E-01  3.8414E+02  2.0800E+01 -3.8138E+02
  1.3976E+01  4.6659E+01  9.3959E+01  4.5229E-01  3.8290E+02  2.0828E+01 -3.8012E+02
  1.3988E+01  4.6700E+01  9.4076E+01  4.5229E-01  3.8451E+02  2.0855E+01 -3.8174E+02
  1.4000E+01  4.6741E+01  9.4156E+01  4.5229E-01  3.8386E+02  2.0857E+01 -3.8108E+02
  1.4012E+01  4.6782E+01  9.4292E+01  4.5228E-01  3.8340E+02  2.0891E+01 -3.8061E+02
  1.4025E+01  4.6822E+01  9.4389E+01  4.5228E-01  3.8513E+02  2.0905E+01 -3.8235E+02
  1.4037E+01  4.6863E+01  9.4482E+01  4.5228E-01  3.8369E+02  2.0916E+01 -3.8089E+02
  1.4049E+01  4.6904E+01  9.4622E+01  4.5228E-01  3.8413E+02  2.0951E+01 -3.8133E+02
  1.4061E+01  4.6945E+01  9.4703E+01  4.5228E-01  3.8524E+02  2.0954E+01 -3.8245E+02
  1.4073E+01  4.6985E+01  9.4815E+01  4.5228E-01  3.8373E+02  2.0977E+01 -3.8092E+02
  1.4086E+01  4.7026E+01  9.4942E+01  4.5228E-01  3.8496E+02  2.1008E+01 -3.8214E+02
  1.4098E+01  4.7067E+01  9.5018E+01  4.5227E-01  3.8506E+02  2.1008E+01 -3.8225E+02
  1.4110E+01  4.7108E+01  9.5149E+01  4.5227E-01  3.8400E+02  2.1040E+01 -3.8117E+02
  1.4122E+01  4.7149E+01  9.5259E+01  4.5227E-01  3.8578E+02  2.1062E+01 -3.8296E+02
  1.4135E+01  4.7189E+01  9.5342E+01  4.5227E-01  3.8477E+02  2.1066E+01 -3.8194E+02
  1.4147E+01  4.7230E+01  9.5480E+01  4.5227E-01  3.8456E+02  2.1100E+01 -3.8172E+02
  1.4159E+01  4.7271E+01  9.5573E+01  4.5227E-01  3.8617E+02  2.1111E+01 -3.8334E+02
  1.4171E+01  4.7312E+01  9.5671E+01  4.5227E-01  3.8465E+02  2.1127E+01 -3.8181E+02
  1.4183E+01  4.7352E+01  9.5806E+01  4.5226E-01  3.8534E+02  2.1160E+01 -3.8249E+02
  1.4196E+01  4.7393E+01  9.5884E+01  4.5226E-01  3.8616E+02  2.1161E+01 -3.8332E+02
  1.4208E+01  4.7433E+01  9.6002E+01  4.5226E-01  3.8470E+02  2.1187E+01 -3.8184E+02
  1.4220E+01  4.7475E+01  9.6128E+01  4.5226E-01  3.8624E+02  2.1217E+01 -3.8339E+02
  1.4232E+01  4.7515E+01  9.6204E+01  4.5226E-01  3.8589E+02  2.1217E+01 -3.8303E+02
  1.4245E+01  4.7556E+01  9.6338E+01  4.5226E-01  3.8509E+02  2.1250E+01 -3.8221E+02
  1.4257E+01  4.7597E+01  9.6442E+01  4.5226E-01  3.8686E+02  2.1269E+01 -3.8399E+02
  1.4269E+01  4.7638E+01  9.6530E+01  4.5226E-01  3.8564E+02  2.1277E+01 -3.8276E+02
  1.4281E+01  4.7678E+01  9.6668E+01  4.5225E-01  3.8574E+02  2.1310E+01 -3.8285E+02
  1.4293E+01  4.7719E+01  9.6754E+01  4.5225E-01  3.8712E+02  2.1318E+01 -3.8424E+02
  1.4306E+01  4.7760E+01  9.6858E+01  4.5225E-01  3.8554E+02  2.1336E+01 -3.8265E+02
  1.4318E+01  4.7800E+01  9.6992E+01  4.5225E-01  3.8655E+02  2.1370E+01 -3.8365E+02
  1.4330E+01  4.7842E+01  9.7069E+01  4.5225E-01  3.8698E+02  2.1369E+01 -3.8409E+02
  1.4342E+01  4.7882E+01  9.7194E+01  4.5225E-01  3.8568E+02  2.1400E+01 -3.8277E+02
  1.4354E+01  4.7923E+01  9.7311E+01  4.5225E-01  3.8734E+02  2.1426E+01 -3.8443E+02
  1.4367E+01  4.7963E+01  9.7389E+01  4.5224E-01  3.8672E+02  2.1427E+01 -3.8380E+02
  1.4379E+01  4.8005E+01  9.7526E+01  4.5224E-01  3.8618E+02  2.1460E+01 -3.8326E+02
  1.4391E+01  4.8045E+01  9.7624E+01  4.5224E-01  3.8787E+02  2.1476E+01 -3.8496E+02
  1.4403E+01  4.8086E+01  9.7716E+01  4.5224E-01  3.8646E+02  2.1487E+01 -3.8353E+02
  1.4416E+01  4.8126E+01  9.7854E+01  4.5224E-01  3.8687E+02  2.1521E+01 -3.8393E+02
  1.4428E+01  4.8167E+01  9.7936E+01  4.5224E-01  3.8801E+02  2.1524E+01 -3.8508E+02
  1.4440E+01  4.8208E+01  9.8050E+01  4.5224E-01  3.8640E+02  2.1547E+01 -3.8346E+02
  1.4452E+01  4.8249E+01  9.8178E+01  4.5224E-01  3.8767E+02  2.1580E+01 -3.8472E+02
  1.4464E+01  4.8290E+01  9.8253E+01  4.5223E-01  3.8777E+02  2.1579E+01 -3.8482E+02
  1.4477E+01  4.8330E+01  9.8381E+01  4.5223E-01  3.8669E+02  2.1609E+01 -3.8373E+02
  1.4489E+01  4.8371E+01  9.8494E+01  4.5223E-01  3.8840E+02  2.1633E+01 -3.8544E+02
  1.4501E+01  4.8412E+01  9.8576E+01  4.5223E-01  3.8743E+02  2.1637E+01 -3.8446E+02
  1.4513E+01  4.8453E+01  9.8714E+01  4.5223E-01  3.8722E+02  2.1671E+01 -3.8424E+02
  1.4526E+01  4.8493E+01  9.8806E+01  4.5223E-01  3.8881E+02  2.1682E+01 -3.8585E+02
  1.4538E+01  4.8534E+01  9.8904E+01  4.5223E-01  3.8725E+02  2.1697E+01 -3.8426E+02
  1.4550E+01  4.8575E+01  9.9042E+01  4.5223E-01  3.8794E+02  2.1732E+01 -3.8495E+02
  1.4562E+01  4.8616E+01  9.9120E+01  4.5222E-01  3.8876E+02  2.1733E+01 -3.8577E+02
  1.4574E+01  4.8656E+01  9.9237E+01  4.5222E-01  3.8732E+02  2.1759E+01 -3.8431E+02
  1.4587E+01  4.8697E+01  9.9361E+01  4.5222E-01  3.8871E+02  2.1789E+01 -3.8571E+02
  1.4599E+01  4.8738E+01  9.9438E+01  4.5222E-01  3.8843E+02  2.1789E+01 -3.8543E+02
  1.4611E+01  4.8779E+01  9.9571E+01  4.5222E-01  3.8762E+02  2.1822E+01 -3.8461E+02
  1.4623E+01  4.8819E+01  9.9676E+01  4.5222E-01  3.8940E+02  2.1841E+01 -3.8639E+02
  1.4635E+01  4.8860E+01  9.9763E+01  4.5222E-01  3.8814E+02  2.1848E+01 -3.8513E+02
  1.4648E+01  4.8901E+01  9.9901E+01  4.5222E-01  3.8818E+02  2.1882E+01 -3.8516E+02
  1.4660E+01  4.8942E+01  9.9990E+01  4.5221E-01  3.8960E+02  2.1890E+01 -3.8658E+02
  1.4672E+01  4.8983E+01  1.0009E+02  4.5221E-01  3.8803E+02  2.1909E+01 -3.8499E+02
  1.4684E+01  4.9023E+01  1.0023E+02  4.5221E-01  3.8894E+02  2.1942E+01 -3.8591E+02
  1.4697E+01  4.9064E+01  1.0030E+02  4.5221E-01  3.8944E+02  2.1942E+01 -3.8641E+02
  1.4709E+01  4.9105E+01  1.0043E+02  4.5221E-01  3.8810E+02  2.1972E+01 -3.8505E+02
  1.4721E+01  4.9146E+01  1.0055E+02  4.5221E-01  3.8977E+02  2.1998E+01 -3.8672E+02
  1.4733E+01  4.9186E+01  1.0062E+02  4.5221E-01  3.8909E+02  2.1999E+01 -3.8603E+02
  1.4745E+01  4.9227E+01  1.0076E+02  4.5221E-01  3.8852E+02  2.2033E+01 -3.8545E+02
  1.4758E+01  4.9267E+01  1.0086E+02  4.5221E-01  3.9023E+02  2.2049E+01 -3.8717E+02
  1.4770E+01  4.9309E+01  1.0095E+02  4.5220E-01  3.8882E+02  2.2060E+01 -3.8575E+02
  1.4782E+01  4.9349E+01  1.0109E+02  4.5220E-01  3.8916E+02  2.2093E+01 -3.8608E+02
  1.4794E+01  4.9390E+01  1.0117E+02  4.5220E-01  3.9031E+02  2.2098E+01 -3.8724E+02
  1.4806E+01  4.9431E+01  1.0128E+02  4.5220E-01  3.8873E+02  2.2120E+01 -3.8564E+02
  1.4819E+01  4.9472E+01  1.0141E+02  4.5220E-01  3.8999E+02  2.2153E+01 -3.8690E+02
  1.4831E+01  4.9512E+01  1.0149E+02  4.5220E-01  3.9003E+02  2.2151E+01 -3.8694E+02
  1.4843E+01  4.9553E+01  1.0162E+02  4.5220E-01  3.8891E+02  2.2184E+01 -3.8580E+02
  1.4855E+01  4.9594E+01  1.0173E+02  4.5220E-01  3.9063E+02  2.2207E+01 -3.8753E+02
  1.4868E+01  4.9634E+01  1.0181E+02  4.5219E-01  3.8971E+02  2.2210E+01 -3.8660E+02
  1.4880E+01  4.9676E+01  1.0195E+02  4.5219E-01  3.8942E+02  2.2244E+01 -3.8630E+02
  1.4892E+01  4.9716E+01  1.0204E+02  4.5219E-01  3.9099E+02  2.2256E+01 -3.8788E+02
  1.4904E+01  4.9757E+01  1.0214E+02  4.5219E-01  3.8945E+02  2.2271E+01 -3.8632E+02
  1.4916E+01  4.9797E+01  1.0227E+02  4.5219E-01  3.9010E+02  2.2305E+01 -3.8697E+02
  1.4929E+01  4.9839E+01  1.0235E+02  4.5219E-01  3.9092E+02  2.2306E+01 -3.8779E+02
  1.4941E+01  4.9879E+01  1.0247E+02  4.5219E-01  3.8940E+02  2.2331E+01 -3.8626E+02
  1.4953E+01  4.9920E+01  1.0260E+02  4.5219E-01  3.9085E+02  2.2363E+01 -3.8771E+02
  1.4965E+01  4.9960E+01  1.0267E+02  4.5219E-01  3.9060E+02  2.2362E+01 -3.8746E+02
  1.4978E+01  5.0001E+01  1.0280E+02  4.5218E-01  3.8972E+02  2.2394E+01 -3.8656E+02
  1.4990E+01  5.0042E+01  1.0291E+02  4.5218E-01  3.9144E+02  2.2415E+01 -3.8829E+02
  1.5002E+01  5.0083E+01  1.0300E+02  4.5218E-01  3.9023E+02  2.2422E+01 -3.8706E+02
  1.5014E+01  5.0124E+01  1.0314E+02  4.5218E-01  3.9027E+02  2.2457E+01 -3.8709E+02
  1.5026E+01  5.0164E+01  1.0322E+02  4.5218E-01  3.9167E+02  2.2464E+01 -3.8851E+02
  1.5039E+01  5.0205E+01  1.0333E+02  4.5218E-01  3.9003E+02  2.2483E+01 -3.8684E+02
  1.5051E+01  5.0246E+01  1.0346E+02  4.5218E-01  3.9097E+02  2.2517E+01 -3.8779E+02
  1.5063E+01  5.0287E+01  1.0354E+02  4.5218E-01  3.9146E+02  2.2516E+01 -3.8828E+02
  1.5075E+01  5.0327E+01  1.0366E+02  4.5218E-01  3.9014E+02  2.2545E+01 -3.8694E+02
  1.5087E+01  5.0368E+01  1.0378E+02  4.5217E-01  3.9166E+02  2.2573E+01 -3.8847E+02
  1.5100E+01  5.0409E+01  1.0386E+02  4.5217E-01  3.9105E+02  2.2574E+01 -3.8785E+02
  1.5112E+01  5.0450E+01  1.0399E+02  4.5217E-01  3.9048E+02  2.2608E+01 -3.8727E+02
  1.5124E+01  5.0490E+01  1.0409E+02  4.5217E-01  3.9219E+02  2.2623E+01 -3.8899E+02
  1.5136E+01  5.0531E+01  1.0418E+02  4.5217E-01  3.9075E+02  2.2633E+01 -3.8753E+02
  1.5149E+01  5.0572E+01  1.0433E+02  4.5217E-01  3.9107E+02  2.2669E+01 -3.8784E+02
  1.5161E+01  5.0613E+01  1.0441E+02  4.5217E-01  3.9221E+02  2.2673E+01 -3.8899E+02
  1.5173E+01  5.0653E+01  1.0452E+02  4.5217E-01  3.9065E+02  2.2695E+01 -3.8741E+02
  1.5185E+01  5.0694E+01  1.0465E+02  4.5217E-01  3.9177E+02  2.2727E+01 -3.8853E+02
  1.5197E+01  5.0735E+01  1.0472E+02  4.5216E-01  3.9192E+02  2.2727E+01 -3.8868E+02
  1.5210E+01  5.0776E+01  1.0485E+02  4.5216E-01  3.9076E+02  2.2759E+01 -3.8750E+02
  1.5222E+01  5.0817E+01  1.0496E+02  4.5216E-01  3.9248E+02  2.2782E+01 -3.8924E+02
  1.5234E+01  5.0857E+01  1.0504E+02  4.5216E-01  3.9151E+02  2.2785E+01 -3.8825E+02
  1.5246E+01  5.0898E+01  1.0518E+02  4.5216E-01  3.9118E+02  2.2820E+01 -3.8791E+02
  1.5259E+01  5.0939E+01  1.0528E+02  4.5216E-01  3.9278E+02  2.2832E+01 -3.8952E+02
  1.5271E+01  5.0980E+01  1.0537E+02  4.5216E-01  3.9124E+02  2.2847E+01 -3.8797E+02
  1.5283E+01  5.1020E+01  1.0551E+02  4.5216E-01  3.9182E+02  2.2880E+01 -3.8854E+02
  1.5295E+01  5.1061E+01  1.0559E+02  4.5216E-01  3.9268E+02  2.2882E+01 -3.8940E+02
  1.5307E+01  5.1101E+01  1.0570E+02  4.5216E-01  3.9115E+02  2.2907E+01 -3.8785E+02
  1.5320E+01  5.1143E+01  1.0583E+02  4.5215E-01  3.9259E+02  2.2939E+01 -3.8930E+02
  1.5332E+01  5.1183E+01  1.0591E+02  4.5215E-01  3.9229E+02  2.2938E+01 -3.8900E+02
  1.5344E+01  5.1224E+01  1.0604E+02  4.5215E-01  3.9138E+02  2.2971E+01 -3.8807E+02
  1.5356E+01  5.1265E+01  1.0615E+02  4.5215E-01  3.9311E+02  2.2992E+01 -3.8980E+02
  1.5369E+01  5.1306E+01  1.0623E+02  4.5215E-01  3.9191E+02  2.2998E+01 -3.8859E+02
  1.5381E+01  5.1346E+01  1.0637E+02  4.5215E-01  3.9189E+02  2.3032E+01 -3.8856E+02
  1.5393E+01  5.1387E+01  1.0646E+02  4.5215E-01  3.9328E+02  2.3041E+01 -3.8997E+02
  1.5405E+01  5.1428E+01  1.0656E+02  4.5215E-01  3.9167E+02  2.3059E+01 -3.8833E+02
  1.5417E+01  5.1468E+01  1.0670E+02  4.5215E-01  3.9256E+02  2.3093E+01 -3.8923E+02
  1.5430E+01  5.1510E+01  1.0677E+02  4.5215E-01  3.9305E+02  2.3092E+01 -3.8971E+02
  1.5442E+01  5.1550E+01  1.0690E+02  4.5214E-01  3.9165E+02  2.3122E+01 -3.8830E+02
  1.5454E+01  5.1591E+01  1.0702E+02  4.5214E-01  3.9323E+02  2.3149E+01 -3.8988E+02
  1.5466E+01  5.1631E+01  1.0709E+02  4.5214E-01  3.9265E+02  2.3150E+01 -3.8930E+02
  1.5478E+01  5.1672E+01  1.0723E+02  4.5214E-01  3.9199E+02  2.3183E+01 -3.8862E+02
  1.5491E+01  5.1713E+01  1.0733E+02  4.5214E-01  3.9367E+02  2.3200E+01 -3.9031E+02
  1.5503E+01  5.1754E+01  1.0742E+02  4.5214E-01  3.9226E+02  2.3211E+01 -3.8889E+02
  1.5515E+01  5.1794E+01  1.0756E+02  4.5214E-01  3.9255E+02  2.3245E+01 -3.8917E+02
  1.5527E+01  5.1835E+01  1.0764E+02  4.5214E-01  3.9372E+02  2.3250E+01 -3.9035E+02
  1.5540E+01  5.1876E+01  1.0775E+02  4.5214E-01  3.9206E+02  2.3272E+01 -3.8867E+02
  1.5552E+01  5.1917E+01  1.0788E+02  4.5214E-01  3.9322E+02  2.3305E+01 -3.8983E+02
  1.5564E+01  5.1958E+01  1.0796E+02  4.5213E-01  3.9337E+02  2.3304E+01 -3.8998E+02
  1.5576E+01  5.1998E+01  1.0808E+02  4.5213E-01  3.9220E+02  2.3334E+01 -3.8879E+02
  1.5588E+01  5.2039E+01  1.0820E+02  4.5213E-01  3.9382E+02  2.3360E+01 -3.9041E+02
  1.5601E+01  5.2080E+01  1.0828E+02  4.5213E-01  3.9290E+02  2.3363E+01 -3.8949E+02
  1.5613E+01  5.2121E+01  1.0842E+02  4.5213E-01  3.9257E+02  2.3397E+01 -3.8915E+02
  1.5625E+01  5.2161E+01  1.0851E+02  4.5213E-01  3.9417E+02  2.3409E+01 -3.9075E+02
  1.5637E+01  5.2202E+01  1.0861E+02  4.5213E-01  3.9259E+02  2.3423E+01 -3.8915E+02
  1.5650E+01  5.2243E+01  1.0875E+02  4.5213E-01  3.9316E+02  2.3458E+01 -3.8972E+02
  1.5662E+01  5.2284E+01  1.0883E+02  4.5213E-01  3.9402E+02  2.3460E+01 -3.9058E+02
  1.5674E+01  5.2324E+01  1.0894E+02  4.5213E-01  3.9250E+02  2.3486E+01 -3.8905E+02
  1.5686E+01  5.2365E+01  1.0907E+02  4.5212E-01  3.9380E+02  2.3516E+01 -3.9035E+02
  1.5698E+01  5.2406E+01  1.0914E+02  4.5212E-01  3.9361E+02  2.3516E+01 -3.9016E+02
  1.5711E+01  5.2447E+01  1.0928E+02  4.5212E-01  3.9266E+02  2.3550E+01 -3.8919E+02
  1.5723E+01  5.2487E+01  1.0938E+02  4.5212E-01  3.9439E+02  2.3569E+01 -3.9093E+02
  1.5735E+01  5.2528E+01  1.0947E+02  4.5212E-01  3.9316E+02  2.3575E+01 -3.8968E+02
  1.5747E+01  5.2569E+01  1.0961E+02  4.5212E-01  3.9308E+02  2.3610E+01 -3.8960E+02
  1.5760E+01  5.2610E+01  1.0970E+02  4.5212E-01  3.9451E+02  2.3619E+01 -3.9103E+02
  1.5772E+01  5.2651E+01  1.0980E+02  4.5212E-01  3.9290E+02  2.3637E+01 -3.8940E+02
  1.5784E+01  5.2691E+01  1.0993E+02  4.5212E-01  3.9370E+02  2.3670E+01 -3.9021E+02
  1.5796E+01  5.2732E+01  1.1001E+02  4.5212E-01  3.9425E+02  2.3671E+01 -3.9075E+02
  1.5808E+01  5.2772E+01  1.1013E+02  4.5212E-01  3.9282E+02  2.3699E+01 -3.8930E+02
  1.5821E+01  5.2814E+01  1.1025E+02  4.5211E-01  3.9441E+02  2.3728E+01 -3.9090E+02
  1.5833E+01  5.2854E+01  1.1033E+02  4.5211E-01  3.9377E+02  2.3728E+01 -3.9026E+02
  1.5845E+01  5.2895E+01  1.1046E+02  4.5211E-01  3.9309E+02  2.3762E+01 -3.8956E+02
  1.5857E+01  5.2935E+01  1.1056E+02  4.5211E-01  3.9477E+02  2.3780E+01 -3.9125E+02
  1.5870E+01  5.2977E+01  1.1066E+02  4.5211E-01  3.9337E+02  2.3790E+01 -3.8984E+02
  1.5882E+01  5.3017E+01  1.1079E+02  4.5211E-01  3.9359E+02  2.3823E+01 -3.9005E+02
  1.5894E+01  5.3058E+01  1.1088E+02  4.5211E-01  3.9476E+02  2.3829E+01 -3.9123E+02
  1.5906E+01  5.3099E+01  1.1099E+02  4.5211E-01  3.9313E+02  2.3850E+01 -3.8958E+02
  1.5918E+01  5.3139E+01  1.1112E+02  4.5211E-01  3.9425E+02  2.3884E+01 -3.9069E+02
  1.5931E+01  5.3180E+01  1.1119E+02  4.5211E-01  3.9438E+02  2.3882E+01 -3.9083E+02
  1.5943E+01  5.3221E+01  1.1132E+02  4.5211E-01  3.9316E+02  2.3915E+01 -3.8959E+02
  1.5955E+01  5.3262E+01  1.1143E+02  4.5210E-01  3.9482E+02  2.3939E+01 -3.9125E+02
  1.5967E+01  5.3302E+01  1.1151E+02  4.5210E-01  3.9393E+02  2.3941E+01 -3.9036E+02
  1.5980E+01  5.3344E+01  1.1165E+02  4.5210E-01  3.9353E+02  2.3976E+01 -3.8994E+02
  1.5992E+01  5.3384E+01  1.1175E+02  4.5210E-01  3.9509E+02  2.3989E+01 -3.9151E+02
  1.6004E+01  5.3425E+01  1.1184E+02  4.5210E-01  3.9353E+02  2.4003E+01 -3.8993E+02
  1.6016E+01  5.3465E+01  1.1198E+02  4.5210E-01  3.9407E+02  2.4037E+01 -3.9047E+02
  1.6028E+01  5.3506E+01  1.1206E+02  4.5210E-01  3.9495E+02  2.4039E+01 -3.9136E+02
  1.6041E+01  5.3547E+01  1.1218E+02  4.5210E-01  3.9334E+02  2.4064E+01 -3.8973E+02
  1.6053E+01  5.3588E+01  1.1230E+02  4.5210E-01  3.9469E+02  2.4096E+01 -3.9107E+02
  1.6065E+01  5.3628E+01  1.1238E+02  4.5210E-01  3.9449E+02  2.4095E+01 -3.9088E+02
  1.6077E+01  5.3669E+01  1.1251E+02  4.5210E-01  3.9351E+02  2.4127E+01 -3.8988E+02
  1.6090E+01  5.3710E+01  1.1262E+02  4.5210E-01  3.9518E+02  2.4149E+01 -3.9156E+02
  1.6102E+01  5.3751E+01  1.1270E+02  4.5209E-01  3.9399E+02  2.4155E+01 -3.9035E+02
  1.6114E+01  5.3792E+01  1.1284E+02  4.5209E-01  3.9391E+02  2.4190E+01 -3.9026E+02
  1.6126E+01  5.3832E+01  1.1293E+02  4.5209E-01  3.9533E+02  2.4199E+01 -3.9169E+02
  1.6138E+01  5.3873E+01  1.1303E+02  4.5209E-01  3.9366E+02  2.4216E+01 -3.9000E+02
  1.6151E+01  5.3914E+01  1.1317E+02  4.5209E-01  3.9434E+02  2.4247E+01 -3.9067E+02
  1.6163E+01  5.3955E+01  1.1322E+02  4.5209E-01  3.9617E+02  2.4250E+01 -3.9253E+02
  1.6175E+01  5.3995E+01  1.1322E+02  4.5209E-01  3.9614E+02  2.4251E+01 -3.9249E+02
  1.6200E+01  5.4080E+01  1.1322E+02  4.5209E-01  3.9602E+02  2.4253E+01 -3.9237E+02
