 -8.058446869937E-04  2.501418299073E-04  1.123595123320E+00  1.187389407175E+05 -6.918697823327E+04  3.531421926240E+07  1.327518147104E+01 -4.882812500000E-04   1   5
  8.594390457933E-04  1.940023778591E-04  8.770759666752E-04 -8.965826260020E+04 -6.180586219458E+04 -7.531342767256E+04 -1.124651149567E+01 -4.882812500000E-04   1   3
  1.309208682234E-03 -3.077732616277E-05  1.153701992383E-03 -1.634815384926E+05  1.104212811885E+04 -6.532878107048E+04 -1.124654658556E+01 -4.882812500000E-04   1   3
  3.477497256559E-04  6.605785546897E-05  6.225280129939E-04 -3.541755090833E+04 -2.901694921553E+04 -3.352339640144E+04 -1.124690264103E+01 -4.882812500000E-04   1   3
  9.496309402600E-04 -2.642794431125E-05  9.680185023093E-04 -1.254373735077E+05  9.951225551918E+03 -3.599421572974E+04 -1.124684519943E+01 -4.882812500000E-04   1   3
  4.997522556637E-04  1.075927950877E-04  7.078775567819E-04 -5.397096896006E+04 -4.539341732065E+04 -4.185715896011E+04 -1.124680542361E+01 -4.882812500000E-04   1   3
  1.134975155070E-03 -2.962918402746E-05  1.076092284757E-03 -1.522836455572E+05  1.213195091413E+04 -3.937247042705E+04 -1.124680268465E+01 -4.882812500000E-04   1   3
 -6.890829829090E-04  5.879931264483E-05  7.489740825473E-05  4.517320415782E+04 -2.610968888059E+04  1.007859566236E+05 -1.124823832018E+01 -4.882812500000E-04   1   5
  2.290982043540E-03  5.405794416865E-05  1.491307110062E-03 -2.323506556400E+05 -3.031491269206E+04 -2.159932547628E+05 -1.124547758140E+01 -4.882812500000E-04   1   5
 -8.800686900085E-04 -8.268440347657E-05 -4.027543778728E-05  6.605492844708E+04  2.818112549869E+04  1.148323335551E+05 -1.124840070401E+01 -4.882812500000E-04   1   5
  1.955615434390E-03  5.230637640065E-05  1.285452261667E-03 -1.683963007694E+05 -2.263446767988E+04 -2.375488438198E+05 -1.124528781509E+01 -4.882812500000E-04   1   5
  1.681082755566E-04 -3.250062063745E-05  4.209080678248E-04  4.325212304587E+04  1.415796315812E+04 -1.218050523303E+05 -1.124619218078E+01 -4.882812500000E-04   1   5
 -1.689560783614E-03  2.380243080453E-04 -6.885990285841E-04  1.488591035141E+05 -5.304502325800E+04  1.795263352378E+05 -1.124969656455E+01 -4.882812500000E-04   1   5
  2.461023561139E-03 -9.632418038920E-06  1.482839061463E-03 -2.095443818706E+05 -4.949523341588E+03 -3.075229085787E+05 -1.124472113307E+01 -4.882812500000E-04   1   5
 -1.493070625497E-03  2.224713130808E-06 -3.941992617849E-04  1.677831884074E+05 -4.247615519843E+03  1.000772027320E+05 -1.124822072549E+01 -4.882812500000E-04   1   5
  2.320052618914E-03  3.531378537972E-05  1.403007182517E-03 -1.849854608868E+05 -8.462549619238E+02 -3.123378595483E+05 -1.124467163008E+01 -4.882812500000E-04   1   5
  9.824777977924E-05  3.796671404631E-05  3.905159877906E-04  4.155860168318E+04 -1.897866859582E+04 -1.004502590044E+05 -1.124641615595E+01 -4.882812500000E-04   1   5
  1.128109726842E-04  5.426080899537E-05  5.684541395254E-04 -6.809908957191E+04 -1.801990169906E+04  8.722458097361E+04 -1.124797275591E+01 -4.882812500000E-04   1   5
  2.216100618163E-03  1.192131362339E-05  1.407399793917E-03 -2.040915864016E+05 -1.593490000190E+04 -2.472284087161E+05 -1.124525920042E+01 -4.882812500000E-04   1   5
  1.048928247137E-03 -1.905498588102E-06  9.114731965703E-04 -8.640376179905E+04 -8.377978325101E+03 -1.336570716764E+05 -1.124610639840E+01 -4.882812500000E-04   1   5
 -1.540648020964E-03 -7.392302312736E-05 -5.119219803780E-04  1.316861569617E+05  2.248560313116E+04  1.724752331017E+05 -1.124931333952E+01 -4.882812500000E-04   1   5
  1.699846447889E-03 -3.691986888893E-05  1.163777247406E-03 -1.449521353355E+05  1.868553284310E+04 -2.082245836921E+05 -1.124557842011E+01 -4.882812500000E-04   1   5
  3.801628817958E-03 -8.922403779658E-05  2.192946687594E-03 -3.763013792388E+05  4.259086406799E+04 -3.860501577553E+05 -1.124373191692E+01 -4.882812500000E-04   1   5
  1.559073933807E-03  2.361495009797E-05  1.216106297109E-03 -1.657856103299E+05 -1.482623627933E+04 -1.348541450330E+05 -1.124606552676E+01 -4.882812500000E-04   1   5
  2.212649452480E-03 -1.121296302692E-04  1.321501259790E-03 -1.590418978645E+05  4.850349117649E+04 -3.284108490336E+05 -1.124452243066E+01 -4.882812500000E-04   1   5
  3.030972799726E-03 -6.730191471489E-06  1.729198143474E-03 -2.560237848271E+05 -7.643096031321E+03 -3.864146777925E+05 -1.124393897172E+01 -4.882812500000E-04   1   5
 -2.469582846881E-04 -5.864427464541E-06  3.161981267095E-04  1.690029440653E+04 -2.959689817327E+03  3.831166639563E+04 -1.124753118683E+01 -4.882812500000E-04   1   5
 -9.035200901006E-04 -7.912606478237E-05 -2.685736129404E-05  8.737046709347E+04  3.277052118552E+04  8.381542723667E+04 -1.124797881152E+01 -4.882812500000E-04   1   5
  2.295792597626E-04 -7.197680431485E-05  5.478753088897E-04 -1.265024097550E+04  3.543682516208E+04 -4.099861486600E+04 -1.124682830189E+01 -4.882812500000E-04   1   5
 -1.265080620856E-03  1.823308139067E-04 -4.293978015819E-04  8.122202135045E+04 -4.614366597102E+04  1.882630816834E+05 -1.124972565885E+01 -4.882812500000E-04   1   5
  3.214450129913E-04  7.518558997622E-05  6.816823748743E-04 -7.949711401996E+04 -3.013400018642E+04  5.112641051622E+04 -1.124760069111E+01 -4.882812500000E-04   1   5
 -2.160065881468E-03 -5.748738822872E-05 -9.312713367240E-04  2.243959012859E+05  1.398636360579E+04  1.698650801515E+05 -1.124951624515E+01 -4.882812500000E-04   1   5
 -4.015572804925E-04  3.256714369246E-05  2.643292270925E-04  3.158137457990E+04 -2.998827942671E+04  4.832720665214E+04 -1.124759252825E+01 -4.882812500000E-04   1   5
 -8.568285238024E-04  4.456743555276E-05  2.747066960573E-06  7.678931167306E+04 -2.832448863709E+04  9.102448263254E+04 -1.124803363791E+01 -4.882812500000E-04   1   5
 -1.219578155835E-03  2.531523978650E-05 -2.926031411634E-04  9.540465200936E+04  7.016693479853E+03  1.496719289116E+05 -1.124900208917E+01 -4.882812500000E-04   1   5
  3.989028591722E-04 -7.323110807560E-06  5.216515590833E-04  2.073854561366E+04  6.369395324044E+03 -1.444553201509E+05 -1.124602649798E+01 -4.882812500000E-04   1   5
  8.032075901983E-04  3.930705723155E-05  7.626455348513E-04 -4.477435837603E+04 -3.049930991745E+04 -1.395684649240E+05 -1.124605469108E+01 -4.882812500000E-04   1   5
  3.119803625536E-04 -9.792686102886E-05  6.804221540249E-04 -9.502957473933E+04  3.172567237108E+04  8.222514301155E+04 -1.124790776181E+01 -4.882812500000E-04   1   5
  9.750866162702E-04  1.340066609367E-04  8.385086905376E-04 -6.143706450293E+04 -5.792738519101E+04 -1.578532219634E+05 -1.124590737069E+01 -4.882812500000E-04   1   5
 -1.408788792116E-03  1.368520766878E-04 -3.884484769714E-04  1.316684110282E+05 -4.087411026194E+04  1.377350232072E+05 -1.124879665905E+01 -4.882812500000E-04   1   5
  2.280213435956E-03  1.333208637410E-04  1.415389261752E-03 -1.999084941215E+05 -6.276778784177E+04 -2.727693733149E+05 -1.124501236067E+01 -4.882812500000E-04   1   5
  7.482559766020E-04  1.129452765510E-05  7.418924455833E-04 -4.467951919167E+04 -4.674508596260E+03 -1.240456660985E+05 -1.124619722241E+01 -4.882812500000E-04   1   5
  2.142538918982E-03  6.848663154671E-05  1.380505851938E-03 -1.984192646633E+05 -3.244837565337E+04 -2.352438937150E+05 -1.124533273793E+01 -4.882812500000E-04   1   5
  1.444257372573E-03 -1.113486572499E-04  1.053514739336E-03 -1.132717563712E+05  5.175930557447E+04 -1.949190988822E+05 -1.124563172291E+01 -4.882812500000E-04   1   5
  1.473310995242E-03  1.329750821472E-04  1.161407438809E-03 -1.557121188121E+05 -5.696178100974E+04 -1.264834083407E+05 -1.124612999045E+01 -4.882812500000E-04   1   5
 -5.240710490274E-04  9.283569600222E-06  1.462610415204E-04  6.181072022573E+04  5.075463594017E+03  3.375861162317E+04 -1.124751030468E+01 -4.882812500000E-04   1   5
 -1.951729941811E-03 -7.921103807425E-05 -9.363639095150E-04  1.788150726360E+05  2.174441624844E+04  1.950694760013E+05 -1.125019130080E+01 -4.882812500000E-04   1   5
  9.204786164987E-04  6.198850851095E-05  8.474157914615E-04 -7.404564859674E+04 -2.885552682485E+04 -1.200597932724E+05 -1.124622866328E+01 -4.882812500000E-04   1   5
  3.401628117585E-03 -7.323971782589E-05  1.970716715387E-03 -3.509589123675E+05  3.431438451656E+04 -3.153670818184E+05 -1.124465024317E+01 -4.882812500000E-04   1   5
  5.897717529391E-04  3.171372081067E-05  7.176352291964E-04 -4.654132486159E+04  5.868458230613E+03 -7.748827357331E+04 -1.124651800750E+01 -4.882812500000E-04   1   5
  1.735356021664E-04 -3.523988649333E-05  5.138637304789E-04 -1.298249653572E+04  1.985734600212E+04 -2.604466747741E+04 -1.124701979100E+01 -4.882812500000E-04   1   5
  1.677308861361E-03  9.096928141275E-05  1.221294781862E-03 -1.606951418541E+05 -4.712082378102E+04 -1.743891915131E+05 -1.124575204457E+01 -4.882812500000E-04   1   5
  1.677832238913E-03 -4.277326233963E-05  1.124520999590E-03 -1.310171452345E+05  1.544468915053E+04 -2.274545148218E+05 -1.124543991469E+01 -4.882812500000E-04   1   5
 -6.367260235564E-04 -1.017873278314E-05  1.091170150933E-04  5.680105739174E+04  4.577580399184E+03  7.309237717976E+04 -1.124783599469E+01 -4.882812500000E-04   1   5
 -1.016773866142E-03  5.781314708017E-05 -1.218813138264E-04  8.896744712067E+04 -2.751620511088E+04  1.111781629917E+05 -1.124836592021E+01 -4.882812500000E-04   1   5
  1.983876470254E-03  1.050187393772E-04  1.266382343627E-03 -1.596629549436E+05 -4.799377463528E+04 -2.617155895309E+05 -1.124510396117E+01 -4.882812500000E-04   1   5
 -7.767311449412E-04  1.980187583368E-06 -3.192365560722E-05  1.449826518176E+05  5.877838445541E+02 -4.943699937917E+04 -1.124676447918E+01 -4.882812500000E-04   1   5
  1.104758316451E-03 -2.026850521789E-05  1.060287565905E-03 -1.406106888180E+05  9.938672157639E+03 -5.277931929237E+04 -1.124665865574E+01 -4.882812500000E-04   1   5
 -1.069026314780E-03  8.701828595202E-05 -2.080271236091E-04  7.130918226801E+04 -3.292441554478E+04  1.540293261375E+05 -1.124902409975E+01 -4.882812500000E-04   1   5
 -8.942500030737E-04 -1.296624076039E-04 -7.514164126743E-05  5.821827557418E+04  3.817704427524E+04  1.320525179133E+05 -1.124867024643E+01 -4.882812500000E-04   1   5
 -7.133509539304E-04 -4.830939637342E-06  3.868791384964E-05  1.005714417599E+05 -4.400398899804E+02  1.122681823260E+04 -1.124733145849E+01 -4.882812500000E-04   1   5
  2.521905369407E-04 -1.775122195191E-05  4.685098341062E-04  1.953782302564E+04  7.629426480611E+03 -1.027046604232E+05 -1.124641673973E+01 -4.882812500000E-04   1   5
 -7.070171219541E-04  1.793478434026E-05  9.351176647199E-05  7.073617325545E+04 -9.267631924462E+03  6.386674866690E+04 -1.124770341366E+01 -4.882812500000E-04   1   5
  4.781557064166E-04 -4.201435190066E-05  6.241097130777E-04 -2.219912710071E+04  2.771543709362E+04 -9.040380267779E+04 -1.124646826461E+01 -4.882812500000E-04   1   5
  1.491312244778E-03 -6.058262490342E-05  9.210938340978E-04 -4.601450869624E+04  2.705411823477E+04 -3.304442054749E+05 -1.124452553219E+01 -4.882812500000E-04   1   5
  5.368313962350E-04  2.074649998736E-05  7.433418532288E-04 -5.643984828913E+04 -1.554496837340E+04 -4.960117224178E+04 -1.124670983189E+01 -4.882812500000E-04   1   5
 -2.363822572054E-03  8.988510902592E-05 -1.120374681459E-03  2.419867551646E+05 -2.439419864379E+04  1.914290727925E+05 -1.124997157826E+01 -4.882812500000E-04   1   5
  2.197490616924E-03 -3.152246369642E-05  1.533394339841E-03 -2.579740685036E+05  1.071972033017E+04 -1.405338109874E+05 -1.124603282354E+01 -4.882812500000E-04   1   5
 -1.692381618408E-03 -7.784388873713E-05 -5.303698796286E-04  1.791049765580E+05  2.751692949712E+04  1.297698556719E+05 -1.124863480699E+01 -4.882812500000E-04   1   5
 -1.067917311591E-03 -9.863749155659E-05 -2.787920828748E-04  5.983092242449E+04  2.188252896641E+04  1.753175425765E+05 -1.124946226596E+01 -4.882812500000E-04   1   5
  2.005271791595E-04 -5.592940986749E-05  6.051861350036E-04 -5.820024598213E+04  2.545178414491E+04  4.594233984381E+04 -1.124757206477E+01 -4.882812500000E-04   1   5
 -1.469449475680E-03 -2.096439484322E-05 -4.185893958863E-04  1.448724445903E+05  8.439310756360E+03  1.315398445130E+05 -1.124871088668E+01 -4.882812500000E-04   1   5
  1.362558065768E-03 -1.808528773499E-05  1.198664687791E-03 -1.859683284537E+05  4.839735877716E+03 -3.895603039180E+04 -1.124678619588E+01 -4.882812500000E-04   1   5
 -7.717149128752E-04  6.454840169016E-05  6.047770267248E-05  6.037084610736E+04 -3.493915507126E+04  9.501164337140E+04 -1.124807793517E+01 -4.882812500000E-04   1   5
  2.965555039268E-03 -1.417485831068E-04  1.778672004722E-03 -3.040440827386E+05  5.655782925117E+04 -2.755571809308E+05 -1.124498309017E+01 -4.882812500000E-04   1   5
  1.135599888566E-03 -6.210609199541E-05  8.190473856293E-04 -4.578892628649E+04  3.012742277709E+04 -2.290288170294E+05 -1.124541658578E+01 -4.882812500000E-04   1   5
  6.617854517658E-04  4.556872725914E-07  8.029411235611E-04 -7.568563866905E+04 -1.457748403227E+03 -4.756857030679E+04 -1.124674440677E+01 -4.882812500000E-04   1   5
  2.350662487752E-03 -4.440453487677E-05  1.356263328685E-03 -1.514614089656E+05  2.307574932100E+04 -3.817771377810E+05 -1.124399295473E+01 -4.882812500000E-04   1   5
 -2.598296807295E-04 -8.877535779975E-06  3.133628571974E-04  3.519037188940E+04  7.195802904923E+03  6.741640324891E+03 -1.124720987178E+01 -4.882812500000E-04   1   5
  2.939015471325E-03 -3.094643667780E-06  1.782923934808E-03 -2.371691907429E+05 -2.741381640394E+03 -3.949178095856E+05 -1.124348433236E+01 -4.882812500000E-04   1   5
  3.548914762774E-03 -4.432166492266E-05  2.021936822809E-03 -3.472100637346E+05  1.785041488362E+04 -3.645547775500E+05 -1.124411458295E+01 -4.882812500000E-04   1   5
 -1.241282773974E-03 -5.642595814160E-05 -2.545516111483E-04  1.209770899752E+05  2.560741758027E+04  1.141940747397E+05 -1.124840891297E+01 -4.882812500000E-04   1   5
  5.760365068334E-04 -5.467297990843E-05  6.383609865028E-04 -2.574222791945E+04  2.617131765343E+04 -1.114882688707E+05 -1.124637326057E+01 -4.882812500000E-04   1   5
 -1.050724591094E-03 -6.422906530735E-05 -1.342610472757E-04  1.076476721677E+05  1.803484968289E+04  8.623844255357E+04 -1.124809742677E+01 -4.882812500000E-04   1   5
  1.911238442060E-03  1.747213036987E-05  1.124608049669E-03 -8.812175714655E+04 -8.438807404058E+03 -3.732051914228E+05 -1.124409091955E+01 -4.882812500000E-04   1   5
 -4.572850306898E-04 -9.977029953559E-05  2.342147780554E-04  3.829078662917E+04  3.723390229018E+04  5.216919077295E+04 -1.124761340798E+01 -4.882812500000E-04   1   5
  2.808936793147E-03  8.266026674397E-05  1.702881340068E-03 -2.801609445788E+05 -4.061242580040E+04 -2.758821630963E+05 -1.124497791181E+01 -4.882812500000E-04   1   5
 -2.091734187714E-03  1.023742077203E-04 -8.374880976720E-04  2.157204614617E+05 -2.916063164343E+04  1.689012182457E+05 -1.124929944063E+01 -4.882812500000E-04   1   5
 -1.097171724587E-03 -1.545249787110E-04 -3.382986828218E-04  6.629876444603E+04  3.546383434605E+04  1.715615002089E+05 -1.124956271582E+01 -4.882812500000E-04   1   5
  2.093470584947E-03  4.225644471696E-05  1.270314593500E-03 -1.565930999670E+05 -1.604342867488E+04 -2.988686288259E+05 -1.124485388161E+01 -4.882812500000E-04   1   5
  6.108869100820E-04 -1.647376822471E-05  7.931081261381E-04 -7.656444010962E+04  2.004406925312E+04 -3.408668946962E+04 -1.124686010677E+01 -4.882812500000E-04   1   5
  6.815141263141E-04 -2.000729533860E-05  8.517477177015E-04 -9.614357374890E+04  1.448930605567E+04 -1.836571733152E+04 -1.124697402874E+01 -4.882812500000E-04   1   5
  1.601722678610E-04  6.984637257031E-05  4.267375152684E-04  3.540221315997E+04 -3.310461758131E+04 -1.067943568639E+05 -1.124634283402E+01 -4.882812500000E-04   1   5
 -1.219132384092E-03 -4.379005975368E-05 -2.883076208482E-04  9.330764014356E+04 -3.006641533847E+03  1.532065745597E+05 -1.124902541821E+01 -4.882812500000E-04   1   5
 -5.204718673565E-04 -8.032765661662E-05  1.738052990685E-04  3.529831901227E+04  2.771519451780E+04  7.397782756937E+04 -1.124793642492E+01 -4.882812500000E-04   1   5
  4.115832687605E-04 -1.852293340899E-05  5.486203617604E-04  9.784794462108E+03  1.037737905559E+04 -1.287284624521E+05 -1.124614829504E+01 -4.882812500000E-04   1   5
  3.816306932407E-03  2.774130092503E-05  2.176847861317E-03 -3.803029472083E+05 -1.625732764873E+04 -3.840208307488E+05 -1.124386439669E+01 -4.882812500000E-04   1   5
  7.586132034965E-04  1.275998375291E-05  6.669925934031E-04 -7.406488515899E+03 -5.946756986544E+03 -1.933771474669E+05 -1.124564794232E+01 -4.882812500000E-04   1   5
 -2.393125958115E-04  8.314643939222E-05  3.757683819492E-04 -1.955249558877E+03 -3.354510213533E+04  6.364744388404E+04 -1.124770142254E+01 -4.882812500000E-04   1   5
  1.353759195058E-03  1.078059319628E-04  9.453263257231E-04 -8.210749766914E+04 -3.711092764189E+04 -2.271705094630E+05 -1.124546339960E+01 -4.882812500000E-04   1   5
  4.501845449798E-04  4.001946190517E-06  6.726686174447E-04 -4.932207211595E+04 -6.821027618463E+02 -3.594250363687E+04 -1.124689679972E+01 -4.882812500000E-04   1   5
  1.410407426649E-03  1.001015919008E-04  9.745689139131E-04 -8.800482154983E+04 -5.112627328655E+04 -2.312128445190E+05 -1.124539904279E+01 -4.882812500000E-04   1   5
 -1.787778183585E-03 -1.998157753479E-05 -7.563704074021E-04  1.644083734349E+05  5.309799610233E+03  1.786225970420E+05 -1.124973137646E+01 -4.882812500000E-04   1   5
  1.139338858408E-03  6.934186962169E-05  1.081883726348E-03 -1.555081620294E+05 -2.793316553749E+04 -3.496141383290E+04 -1.124684017125E+01 -4.882812500000E-04   1   5
  1.730047346190E-03 -5.035299581487E-05  1.059331862873E-03 -8.271278799649E+04  2.028799286021E+04 -3.325629862126E+05 -1.124450048961E+01 -4.882812500000E-04   1   5
  1.932778853196E-03 -2.884652917968E-05  1.181985071431E-03 -1.273203872421E+05  1.839801859339E+04 -3.062639522797E+05 -1.124475474589E+01 -4.882812500000E-04   1   5
  8.893437808327E-04 -6.685363014602E-05  8.134108853577E-04 -7.378046146712E+04  2.708208844843E+04 -1.118469962475E+05 -1.124637798972E+01 -4.882812500000E-04   1   5
 -1.102523015363E-03  8.559460848476E-05 -1.823319641050E-04  9.418929412621E+04 -3.519068675528E+04  1.244311573977E+05 -1.124854178422E+01 -4.882812500000E-04   1   5
  1.543245168047E-04  1.312699773305E-05  5.470232062601E-04 -3.236487237808E+04 -5.618956360900E+03  1.359802924144E+04 -1.124731320625E+01 -4.882812500000E-04   1   5
  1.814505560914E-03 -9.165171054627E-05  1.102007518117E-03 -9.686096245116E+04  4.540728255309E+04 -3.295915117184E+05 -1.124452492219E+01 -4.882812500000E-04   1   5
 -1.876307331315E-03  4.865364175106E-05 -7.263758999321E-04  1.807231030125E+05 -1.226940981445E+04  1.727992645562E+05 -1.124940682306E+01 -4.882812500000E-04   1   5
 -6.649663073778E-04  2.535267691030E-04  4.617946810237E-05  2.081940517228E+04 -6.393085742050E+04  1.378205015753E+05 -1.124873843326E+01 -4.882812500000E-04   1   5
 -6.715468906527E-04 -2.853781874483E-05  1.266996694449E-04  5.288104174740E+04  2.556971177192E+04  8.119749063963E+04 -1.124791177085E+01 -4.882812500000E-04   1   5
  1.044361454365E-03  1.491556888389E-05  8.764279153726E-04 -7.043488489325E+04 -9.417102741468E+03 -1.603952458100E+05 -1.124589139086E+01 -4.882812500000E-04   1   5
  2.349790257386E-03 -1.069385535669E-04  1.473775101564E-03 -2.184166406701E+05  5.133136391548E+04 -2.577173195405E+05 -1.124512138439E+01 -4.882812500000E-04   1   5
 -4.378446616893E-04  7.857259028946E-06  2.748795378593E-04  1.219411393342E+04  3.778986194111E+03  8.832264107015E+04 -1.124797799684E+01 -4.882812500000E-04   1   5
  3.983214724241E-04  1.625896191954E-05  6.897537232520E-04 -5.406159177038E+04 -2.142517725903E+04 -1.594820201825E+04 -1.124699981266E+01 -4.882812500000E-04   1   5
  2.591134160297E-04  2.642859001931E-05  5.695517040867E-04 -3.059142637579E+04 -1.150237133909E+01 -1.441774008176E+04 -1.124707570710E+01 -4.882812500000E-04   1   5
 -7.967267177415E-04  9.414195026724E-05 -1.369899254389E-05  3.903708534956E+04 -2.188044042507E+04  1.411730408587E+05 -1.124873540836E+01 -4.882812500000E-04   1   5
 -1.656930779417E-03 -3.443082599519E-05 -5.545881273439E-04  1.559538926956E+05  1.112321583542E+04  1.623215800131E+05 -1.124910211679E+01 -4.882812500000E-04   1   5
  3.014797719973E-03 -1.510474934687E-05  1.734866660342E-03 -2.635719026609E+05  1.168388639137E+04 -3.670698117644E+05 -1.124412717987E+01 -4.882812500000E-04   1   5
 -8.762502243916E-04  4.584513459450E-05 -1.601576653720E-05  9.387784321715E+04 -2.451068447913E+04  6.797542573182E+04 -1.124778750064E+01 -4.882812500000E-04   1   5
  2.405381816190E-03 -6.564093612485E-05  1.515528829672E-03 -2.303257660521E+05  3.422392690231E+04 -2.531434013182E+05 -1.124516820900E+01 -4.882812500000E-04   1   5
  2.646863419623E-03 -1.428236527833E-04  1.642747100780E-03 -2.726978927329E+05  5.886793720619E+04 -2.423198089366E+05 -1.124527254203E+01 -4.882812500000E-04   1   5
  9.519440975589E-05 -1.917152965898E-04  5.199856304130E-04 -2.447978611530E+04  6.271334432312E+04  1.525652370876E+04 -1.124729130017E+01 -4.882812500000E-04   1   5
  2.588396937745E-03 -3.183494415246E-05  1.544566083056E-03 -1.880468322316E+05  1.267240015022E+04 -3.846727393726E+05 -1.124378662785E+01 -4.882812500000E-04   1   5
  1.888312494809E-03 -3.952774753203E-05  1.363000674761E-03 -2.012469262039E+05  1.660358594998E+04 -1.588005256716E+05 -1.124584630189E+01 -4.882812500000E-04   1   5
 -6.126413058303E-04  2.966850101665E-04 -5.741084776445E-05 -6.701584172960E+03 -6.120540631409E+04  1.749975856011E+05 -1.124953133444E+01 -4.882812500000E-04   1   5
 -1.518444073536E-04 -2.829092797987E-05  3.590272953005E-04  2.759007603697E+04  2.297668625505E+04 -7.893188731275E+03 -1.124708539264E+01 -4.882812500000E-04   1   5
 -4.274228334434E-05 -5.179897308798E-05  4.061950995169E-04  1.916139118970E+04  3.068546265355E+04 -2.424698376581E+04 -1.124697981102E+01 -4.882812500000E-04   1   5
  2.263067129361E-05 -5.695461624633E-05  4.329393492208E-04  2.260310865430E+04  2.329568519423E+04 -4.876710966706E+04 -1.124675338212E+01 -4.882812500000E-04   1   5
 -7.042053056694E-04  4.146839420463E-05  9.674398969706E-05  5.611505978513E+04 -2.483832863281E+04  8.465196259166E+04 -1.124797888226E+01 -4.882812500000E-04   1   5
  2.385451971071E-03  1.723649855238E-04  1.514821432654E-03 -2.384677922763E+05 -7.078307937740E+04 -2.315266144148E+05 -1.124535962831E+01 -4.882812500000E-04   1   5
  2.005292615324E-03  3.966895552684E-05  1.383349386974E-03 -2.052745875239E+05 -1.982399889058E+04 -1.847638240777E+05 -1.124569191870E+01 -4.882812500000E-04   1   5
  1.410559947272E-03 -5.644866084159E-06  1.107448068435E-03 -1.374222479427E+05 -3.184858168233E+03 -1.436879212200E+05 -1.124603474006E+01 -4.882812500000E-04   1   5
 -1.091640898232E-04  1.101947210559E-05  4.328413054462E-04 -9.241749572584E+03 -1.696453926689E+04  3.933991021878E+04 -1.124753506144E+01 -4.882812500000E-04   1   5
  3.637757761717E-04 -7.460761087673E-05  6.314562603555E-04 -2.682593310725E+04  3.739153229586E+04 -5.360212009030E+04 -1.124668077907E+01 -4.882812500000E-04   1   5
  3.524674836847E-03  1.366979367514E-04  2.054485593731E-03 -3.331466496040E+05 -5.967143445065E+04 -3.861200983262E+05 -1.124370309548E+01 -4.882812500000E-04   1   5
 -6.563135396759E-04 -2.826882019792E-05  9.495232309598E-05  5.245970275792E+04  1.442496592039E+04  8.083767876401E+04 -1.124800223676E+01 -4.882812500000E-04   1   5
  1.982741966175E-03  5.925042612996E-05  1.300169152921E-03 -1.770533674648E+05 -2.752529643564E+04 -2.298823193236E+05 -1.124538699055E+01 -4.882812500000E-04   1   5
  1.318900234898E-03  5.561986199843E-05  9.131012972670E-04 -6.717119856868E+04 -2.439380680457E+04 -2.427589823892E+05 -1.124529715821E+01 -4.882812500000E-04   1   5
  7.161776308700E-04 -9.217314932404E-05  7.226473243613E-04 -3.665884022293E+04  3.978809295601E+04 -1.308052619162E+05 -1.124613229286E+01 -4.882812500000E-04   1   5
 -7.116591096544E-04  7.021900645647E-06  5.735198170886E-05  4.151319591610E+04 -4.135006472994E+03  1.117919245764E+05 -1.124839372619E+01 -4.882812500000E-04   1   5
  1.071976535737E-03 -1.675890440795E-05  1.021793126972E-03 -1.275513486927E+05  1.383172602978E+04 -6.823072297369E+04 -1.124656501882E+01 -4.882812500000E-04   1   5
  9.899510964864E-04  6.004307185876E-05  8.721076556253E-04 -7.859905207585E+04 -2.512391109050E+04 -1.313378934824E+05 -1.124615097849E+01 -4.882812500000E-04   1   5
  2.150098667046E-03  2.310125321393E-05  1.253750977431E-03 -1.239762304590E+05 -9.136921572892E+03 -3.766114714158E+05 -1.124406638613E+01 -4.882812500000E-04   1   5
  2.210449620322E-03  1.930547831299E-05  1.505825912031E-03 -2.396263075177E+05 -8.493013818417E+03 -1.796767871898E+05 -1.124571660543E+01 -4.882812500000E-04   1   5
 -2.534101575326E-04  7.635394793823E-05  1.232257939807E-04 -6.074398360380E+04 -1.728552401859E+04  1.760881233511E+05 -1.124963474153E+01 -4.882812500000E-04   1   5
  2.630280131470E-03 -7.274234800518E-05  1.637003123380E-03 -2.672040607065E+05  3.240180784862E+04 -2.488989124652E+05 -1.124521327075E+01 -4.882812500000E-04   1   5
 -1.428148147386E-03 -8.682035494509E-05 -4.062399531277E-04  1.312069854370E+05  3.295676735471E+04  1.448494416831E+05 -1.124887806676E+01 -4.882812500000E-04   1   5
 -3.232465556770E-04  1.103642435303E-04  3.150466673714E-04 -8.310962504020E+03 -4.064175446622E+04  9.731973061270E+04 -1.124810063235E+01 -4.882812500000E-04   1   5
 -6.531306155164E-04 -1.993483207599E-06  8.403888020281E-05  5.311942188158E+04  2.053424058978E+03  7.932375746989E+04 -1.124802247940E+01 -4.882812500000E-04   1   5
 -2.362437601440E-05  8.574326104179E-05  3.102335291829E-04  7.560625832726E+04 -3.776691378715E+04 -1.298328669788E+05 -1.124613872956E+01 -4.882812500000E-04   1   5
  1.356662251091E-04  1.603516001342E-05  5.310818349606E-04 -1.683390028496E+04 -1.562780141987E+04 -1.096786019493E+04 -1.124708833339E+01 -4.882812500000E-04   1   5
  5.281096471843E-04 -8.648571495080E-05  5.930256200208E-04  3.138068866065E+03  3.711260426339E+04 -1.513869897486E+05 -1.124598790131E+01 -4.882812500000E-04   1   5
  5.202536162607E-04 -5.420252404949E-05  4.771752777366E-04  5.076930156436E+04  2.210470657922E+04 -2.343527183152E+05 -1.124537958245E+01 -4.882812500000E-04   1   5
  4.262271419250E-04 -9.621138214670E-06  5.895651946384E-04 -1.344993913776E+04  5.653779895438E+03 -9.359718577682E+04 -1.124647886963E+01 -4.882812500000E-04   1   5
 -2.023114391921E-03  2.223267053803E-05 -6.937268901337E-04  2.401028381088E+05 -5.416098325301E+03  1.077882885424E+05 -1.124834142682E+01 -4.882812500000E-04   1   5
  2.842546573727E-03  5.738715421757E-05  1.660970266501E-03 -2.613779765970E+05 -2.748130443192E+04 -3.196380005729E+05 -1.124463333341E+01 -4.882812500000E-04   1   5
 -1.713011915266E-03  1.593989988066E-04 -6.511159259528E-04  1.572699405109E+05 -4.510973644690E+04  1.716446828210E+05 -1.124944286568E+01 -4.882812500000E-04   1   5
  2.454542225468E-03 -1.489721989999E-05  1.461618210006E-03 -2.000495261429E+05  1.016920574509E+04 -3.247356141169E+05 -1.124458990478E+01 -4.882812500000E-04   1   5
  6.330250279001E-04 -1.401400568585E-05  8.142923373218E-04 -9.135341861852E+04  6.178266511605E+03 -1.281414314234E+04 -1.124705733816E+01 -4.882812500000E-04   1   5
  1.710087124954E-03 -4.962708647152E-05  1.301463084638E-03 -1.916356875710E+05  2.234618170974E+04 -1.282106361959E+05 -1.124610699533E+01 -4.882812500000E-04   1   5
  5.631202901064E-04 -9.111741757883E-05  7.598180862767E-04 -7.179766976058E+04  3.979223437678E+04 -2.795650985200E+04 -1.124691978368E+01 -4.882812500000E-04   1   5
  7.053510887609E-04  1.991997323404E-06  6.443321860607E-04 -2.745757556165E+03  4.697345893464E+02 -1.874048503081E+05 -1.124570041545E+01 -4.882812500000E-04   1   5
 -1.087367619982E-03 -9.589290485511E-05 -2.367978572759E-04  6.469091975110E+04  3.167940014802E+04  1.710020624434E+05 -1.124925119375E+01 -4.882812500000E-04   1   5
  2.557039189093E-05  1.592564294830E-04  4.972303645230E-04 -4.441780015726E+04 -4.628711415293E+04  7.010629791123E+04 -1.124782958372E+01 -4.882812500000E-04   1   5
 -2.142976777316E-04  2.883666809688E-05  3.959527721578E-04 -4.053356619715E+03 -2.057879259318E+04  5.852351176139E+04 -1.124766187209E+01 -4.882812500000E-04   1   5
  2.616547787869E-03  7.217957349897E-06  1.592532217820E-03 -2.506440225729E+05 -5.031535202141E+03 -2.754820315461E+05 -1.124501850806E+01 -4.882812500000E-04   1   5
  6.649110851917E-04  1.060274755978E-05  6.543798458150E-04 -1.508688959058E+04 -8.735002019649E+03 -1.516279388995E+05 -1.124597399687E+01 -4.882812500000E-04   1   5
 -4.580037699359E-04 -7.654503734852E-05  2.047964952283E-04  5.775240182526E+02  2.971502858411E+04  1.177949399915E+05 -1.124842786888E+01 -4.882812500000E-04   1   5
  2.135988671805E-03  4.406186643107E-05  1.489769772302E-03 -2.334945180527E+05 -1.962190146540E+04 -1.710897599443E+05 -1.124575194009E+01 -4.882812500000E-04   1   5
  3.461068240639E-03  4.852324362799E-05  2.014026758968E-03 -3.544479421042E+05 -2.666742146704E+04 -3.279627508253E+05 -1.124448254994E+01 -4.882812500000E-04   1   5
  2.766286524149E-03  5.106207980584E-05  1.628659265518E-03 -2.397121672108E+05 -3.083461002748E+04 -3.379245809262E+05 -1.124437652731E+01 -4.882812500000E-04   1   5
 -2.631837312046E-04 -8.398156224078E-05  2.871745943687E-04  3.099787097695E+04  2.490271493565E+04  1.306607886875E+04 -1.124738651398E+01 -4.882812500000E-04   1   5
 -4.450064131332E-04  8.109261040557E-05  6.458323046377E-05 -3.158973652460E+04 -2.132368031674E+04  1.731759403740E+05 -1.124946695240E+01 -4.882812500000E-04   1   5
 -6.172670301910E-04  6.021982358444E-05  1.187213067466E-04  1.826284726447E+04 -2.626632849962E+04  1.275095504215E+05 -1.124853379163E+01 -4.882812500000E-04   1   5
  1.742914913709E-03 -7.786504363788E-05  1.114486860708E-03 -1.149307294325E+05  4.129111495189E+04 -2.753852682778E+05 -1.124500841158E+01 -4.882812500000E-04   1   5
 -1.105265990680E-03  1.058909577819E-05 -2.121404249718E-04  8.230840414088E+04 -1.639434175800E+04  1.441743444960E+05 -1.124887256991E+01 -4.882812500000E-04   1   5
 -4.329307871842E-04 -1.459624991676E-04  1.994706946269E-04 -1.436250273503E+04  4.143854611129E+04  1.378956441485E+05 -1.124869225155E+01 -4.882812500000E-04   1   5
 -1.015316312527E-03  6.234501739350E-05 -1.043753969792E-04  1.079339000524E+05 -2.467531924723E+04  7.715487544204E+04 -1.124795656270E+01 -4.882812500000E-04   1   5
  1.954940566332E-03 -2.659700103523E-05  1.166675810485E-03 -1.216040100484E+05  1.243108127882E+04 -3.231521161102E+05 -1.124464030378E+01 -4.882812500000E-04   1   5
 -5.085001440759E-04  1.653369396599E-06  2.338545808531E-04  3.888695691229E+04 -6.907529537955E+03  6.173069221094E+04 -1.124767153590E+01 -4.882812500000E-04   1   5
  1.330833846085E-03  3.909244256977E-05  8.983594733507E-04 -5.695423707841E+04 -2.129543282385E+04 -2.634201600954E+05 -1.124510070019E+01 -4.882812500000E-04   1   5
  9.013078253711E-04 -8.319425770593E-05  7.078478527487E-04 -1.521943437373E+04  3.888936463273E+04 -2.200292704531E+05 -1.124547117827E+01 -4.882812500000E-04   1   5
  6.042960102853E-04 -1.629323264604E-05  7.578999900388E-04 -5.418676788837E+04 -6.344819611980E+03 -7.412197375607E+04 -1.124654279435E+01 -4.882812500000E-04   1   5
  2.893726088091E-03 -2.736933015454E-05  1.664429961079E-03 -2.343782378233E+05  1.720271077805E+04 -3.850471405866E+05 -1.124389906770E+01 -4.882812500000E-04   1   5
 -1.668985410161E-03  2.104634852241E-04 -6.701300305774E-04  1.424758309411E+05 -5.275920114717E+04  1.852870537228E+05 -1.124973452583E+01 -4.882812500000E-04   1   5
  2.369223757390E-03 -2.044270054025E-05  1.554439272353E-03 -2.493927993183E+05  8.678805093708E+03 -2.083699318226E+05 -1.124552593298E+01 -4.882812500000E-04   1   5
 -1.212515504658E-03  3.403336796473E-06 -2.965648526503E-04  1.015699026616E+05 -1.161469627131E+04  1.422375713006E+05 -1.124887609206E+01 -4.882812500000E-04   1   5
  2.567731779082E-03 -2.441267464227E-05  1.495072906286E-03 -1.775874436268E+05  1.558114070232E+04 -3.956117462352E+05 -1.124373865342E+01 -4.882812500000E-04   1   5
  2.150568337760E-03 -4.360923573678E-05  1.251379944592E-03 -1.244963119784E+05  2.477089508334E+04 -3.744426888960E+05 -1.124407960156E+01 -4.882812500000E-04   1   5
  2.163845398708E-03  1.000765740814E-04  1.367332148647E-03 -1.870598525384E+05 -4.796971115252E+04 -2.625149490995E+05 -1.124508402055E+01 -4.882812500000E-04   1   5
 -2.438624935417E-04  5.774263539818E-05  3.227694899066E-04  2.919920888367E+04 -2.516573805832E+04  1.112337776709E+04 -1.124728238894E+01 -4.882812500000E-04   1   5
  3.638556537830E-03  4.637117137409E-05  2.091276856916E-03 -3.714829975308E+05 -2.825220474702E+04 -3.480490887159E+05 -1.124428658524E+01 -4.882812500000E-04   1   5
 -2.637408778848E-04  6.167586998241E-06  2.883202038837E-04  4.604055470449E+04 -1.108730401318E+04 -9.318283630006E+03 -1.124707763835E+01 -4.882812500000E-04   1   5
  1.692386273422E-03 -1.353269872122E-04  1.240784798788E-03 -1.708438762103E+05  5.656920939097E+04 -1.592446089596E+05 -1.124587367415E+01 -4.882812500000E-04   1   5
  6.895279212512E-04 -5.154608106743E-05  8.678705690341E-04 -1.107393660481E+05  1.881143148286E+04  7.527587691203E+03 -1.124719246155E+01 -4.882812500000E-04   1   5
 -1.895334474785E-04 -1.261577828222E-05  3.849670481537E-04 -2.184220291905E+04  7.816967878862E+03  8.558462542719E+04 -1.124800534444E+01 -4.882812500000E-04   1   5
 -1.508766334329E-06 -8.562594641813E-06  4.559911186992E-04 -1.944830769438E+04  2.619300472054E+03  3.414987723339E+04 -1.124752493847E+01 -4.882812500000E-04   1   5
  3.115805301852E-03  5.545711899017E-05  1.803928024808E-03 -3.040218272445E+05 -2.414113067379E+04 -3.193953326699E+05 -1.124464719372E+01 -4.882812500000E-04   1   5
 -1.083872393591E-03  1.054446341818E-04 -1.719402368405E-04  8.867590945637E+04 -3.898694500360E+04  1.282721241168E+05 -1.124859444069E+01 -4.882812500000E-04   1   5
  1.166385162955E-03 -9.176676477263E-05  1.022632842687E-03 -1.248717998122E+05  4.304523510834E+04 -9.805774346516E+04 -1.124637376165E+01 -4.882812500000E-04   1   5
  1.362209694558E-04  1.276069426776E-04  4.980517106847E-04  2.473729928355E+03 -5.163995359537E+04 -4.386342368403E+04 -1.124679640173E+01 -4.882812500000E-04   1   5
  1.258424970403E-03  1.274961460375E-04  1.048282563369E-03 -1.296758084606E+05 -5.124997998547E+04 -1.137547480038E+05 -1.124625781033E+01 -4.882812500000E-04   1   5
 -1.159686596895E-03  6.203934637300E-06 -1.820852596270E-04  1.373958861046E+05 -8.613795088540E+02  6.405644698100E+04 -1.124779557122E+01 -4.882812500000E-04   1   5
 -2.395038567492E-04 -1.674993799996E-06  3.375656305171E-04 -2.965953737972E+04  1.386232100092E+03  1.129877520221E+05 -1.124835609727E+01 -4.882812500000E-04   1   5
 -1.162092783622E-05 -8.949842205401E-05  4.671920140382E-04 -1.463279286509E+04  4.055999575134E+04  2.547290545705E+04 -1.124740649467E+01 -4.882812500000E-04   1   5
  2.228401446556E-03  3.705695145362E-05  1.322717876891E-03 -1.222370451590E+05 -1.940469616791E+04 -4.014426282624E+05 -1.124364661691E+01 -4.882812500000E-04   1   5
 -1.146212361534E-03 -1.421326069953E-05 -2.342646985896E-04  9.318818929888E+04 -6.722718902549E+02  1.369432696066E+05 -1.124877842374E+01 -4.882812500000E-04   1   5
 -4.294160320497E-04  1.119645186451E-04  2.183020419699E-04  6.445634141162E+04 -3.732250329519E+04 -2.252732709393E+03 -1.124713763222E+01 -4.882812500000E-04   1   5
  1.010392033206E-03 -6.673815738563E-05  8.779318072225E-04 -7.736891811698E+04  3.396695000843E+04 -1.383422207301E+05 -1.124607274058E+01 -4.882812500000E-04   1   5
  1.544556816770E-03  1.982663161650E-05  1.037055542837E-03 -1.039157545628E+05 -2.009997733490E+04 -2.384810883671E+05 -1.124534078041E+01 -4.882812500000E-04   1   5
  6.942903882513E-04 -4.014603483917E-05  8.369895188507E-04 -9.620613597545E+04  1.845322174797E+04 -2.018425333276E+04 -1.124700362578E+01 -4.882812500000E-04   1   5
 -7.677855317596E-04  1.927924713882E-05 -1.995241704256E-05  2.039966666342E+04 -8.328167516627E+03  1.625552340402E+05 -1.124908929625E+01 -4.882812500000E-04   1   5
 -1.540085769986E-03  8.736846470545E-05 -4.199592169474E-04  1.701019358901E+05 -3.263317517165E+04  1.061526483802E+05 -1.124830595904E+01 -4.882812500000E-04   1   5
 -3.121673158836E-04 -1.398891890532E-07  2.230647812791E-04 -3.627948335978E+04  1.362699105881E+02  1.446092249092E+05 -1.124892249196E+01 -4.882812500000E-04   1   5
 -1.007063451609E-03  1.061923339648E-05 -8.792747674802E-05  1.207872138355E+05 -6.282399867325E+03  5.502824077688E+04 -1.124764549389E+01 -4.882812500000E-04   1   5
 -1.405471354028E-04  1.004509714918E-05  3.798187362036E-04  5.035289278322E+03  1.425383131848E+04  2.646025596406E+04 -1.124745441047E+01 -4.882812500000E-04   1   5
  1.690557856476E-03  3.972802645108E-05  1.079660824674E-03 -1.070131125153E+05 -2.106460996701E+04 -2.741975894148E+05 -1.124503685461E+01 -4.882812500000E-04   1   5
  2.046611438729E-03 -5.281249578705E-05  1.285114212189E-03 -1.636826392656E+05  3.252396452318E+04 -2.709129983734E+05 -1.124503261723E+01 -4.882812500000E-04   1   5
  1.220969702991E-03 -1.475507046266E-05  8.077756854485E-04 -2.216579856060E+04  6.924633766382E+03 -2.987301361322E+05 -1.124481615310E+01 -4.882812500000E-04   1   5
  3.837270053788E-03 -6.922265400057E-05  2.193283682906E-03 -4.007322761850E+05  3.610042854393E+04 -3.514922979614E+05 -1.124424911334E+01 -4.882812500000E-04   1   5
  6.175751349599E-04 -5.599941974994E-06  8.118138838173E-04 -8.427083869171E+04  5.833697228700E+03 -2.281061805794E+04 -1.124694786214E+01 -4.882812500000E-04   1   5
  1.428179714895E-03 -1.581344926016E-05  1.037771466277E-03 -1.075861228050E+05 -1.844117181612E+04 -1.999638822215E+05 -1.124559602073E+01 -4.882812500000E-04   1   5
  1.789597163486E-03 -1.761857332852E-04  1.294780075198E-03 -1.854230340207E+05  6.111998598970E+04 -1.592834131344E+05 -1.124585740596E+01 -4.882812500000E-04   1   5
 -2.047788560547E-03 -1.549048960409E-04 -8.595092871404E-04  2.075679251529E+05  3.987515039961E+04  1.700045415232E+05 -1.124948880384E+01 -4.882812500000E-04   1   5
  1.252651856606E-03 -1.906256516154E-05  9.849403963371E-04 -1.019005764239E+05 -9.849262049510E+03 -1.586781570057E+05 -1.124589615156E+01 -4.882812500000E-04   1   5
 -1.100807897983E-03 -2.079073676249E-05 -1.828903607048E-04  8.965299791767E+04  5.015117507406E+03  1.296321885256E+05 -1.124864112925E+01 -4.882812500000E-04   1   5
 -4.682104443887E-04  5.346456183667E-05  1.855005305966E-04  5.992629191804E+04 -2.622197000982E+04  1.790763017990E+04 -1.124737232877E+01 -4.882812500000E-04   1   5
  2.557304872244E-03  2.109081894740E-05  1.503891944056E-03 -2.052915005561E+05 -2.503658197851E+03 -3.391650660133E+05 -1.124437301484E+01 -4.882812500000E-04   1   5
 -4.909708253944E-04 -1.142152498767E-05  1.701412484909E-04  7.131678994063E+04  2.400248333546E+03  5.706283235066E+03 -1.124722302051E+01 -4.882812500000E-04   1   5
  1.151150093440E-03  2.845230475593E-05  7.389224928989E-04  1.159123412892E+02 -1.204331124071E+04 -3.198685615195E+05 -1.124466075431E+01 -4.882812500000E-04   1   5
  2.724927134811E-03 -6.269101271856E-05  1.568614716853E-03 -2.179419026210E+05  3.890396038477E+04 -3.669855219499E+05 -1.124414456336E+01 -4.882812500000E-04   1   5
 -1.275961068297E-03  3.790427412818E-05 -2.587321207610E-04  1.385426000217E+05 -9.879933109154E+03  9.184323929374E+04 -1.124813424992E+01 -4.882812500000E-04   1   5
  2.236510827333E-03 -6.832089098397E-05  1.508119754673E-03 -2.373358475861E+05  3.078128646030E+04 -1.925059213164E+05 -1.124561788445E+01 -4.882812500000E-04   1   5
  4.613225116420E-04  2.153903231081E-05  6.867154962173E-04 -3.814635256406E+04 -2.324347966849E+04 -6.040804085398E+04 -1.124661431683E+01 -4.882812500000E-04   1   5
  1.728101987965E-03 -4.680786393247E-05  1.275114180905E-03 -1.784787498210E+05  2.836772203818E+04 -1.574063460769E+05 -1.124589015245E+01 -4.882812500000E-04   1   5
 -8.382663452988E-04  5.730794406604E-05 -1.511357359107E-05  1.046596851150E+05 -2.413547107617E+04  3.802774829172E+04 -1.124754864161E+01 -4.882812500000E-04   1   5
 -1.947816988761E-03 -1.266622653254E-04 -7.619909493966E-04  1.941742212304E+05  3.627847287053E+04  1.684722852577E+05 -1.124932842022E+01 -4.882812500000E-04   1   5
 -1.268379017997E-03  5.046719632375E-05 -2.599296319039E-04  1.310397447839E+05 -1.824655069810E+04  1.034459999635E+05 -1.124826709156E+01 -4.882812500000E-04   1   5
  3.837483435639E-04  1.277784358975E-05  6.275539144966E-04 -2.967384291670E+04 -7.865121200459E+02 -5.095042356305E+04 -1.124672431286E+01 -4.882812500000E-04   1   5
  3.066034363228E-03  6.123404148152E-05  1.843467894937E-03 -3.203406407581E+05 -2.881272101997E+04 -2.757961463610E+05 -1.124497917356E+01 -4.882812500000E-04   1   5
  1.259237047068E-03 -2.704599367703E-05  9.048201897446E-04 -6.235135135246E+04  8.876302038479E+03 -2.360589109536E+05 -1.124531624932E+01 -4.882812500000E-04   1   5
  2.596327077816E-03 -2.953354076666E-05  1.536496600501E-03 -2.137943319384E+05  1.885949392321E+04 -3.366259639929E+05 -1.124439377650E+01 -4.882812500000E-04   1   5
  1.529145421122E-03 -1.166711174044E-04  9.810278971158E-04 -7.678610163600E+04  5.470503146111E+04 -2.854761357872E+05 -1.124494381705E+01 -4.882812500000E-04   1   5
 -1.326437965060E-03 -7.298306243775E-05 -3.540115781722E-04  1.066540071110E+05  1.658834597942E+03  1.607650778299E+05 -1.124907477337E+01 -4.882812500000E-04   1   5
  1.638482076988E-03 -1.627806410810E-06  1.252261977074E-03 -1.861435836844E+05  1.575206560059E+03 -1.161766488081E+05 -1.124625245440E+01 -4.882812500000E-04   1   5
 -6.307590593861E-04 -5.751558174083E-05 -2.293942702813E-05 -4.400859428851E+03  1.454273144525E+04  1.737397590261E+05 -1.124942151845E+01 -4.882812500000E-04   1   5
  2.397110714239E-03  4.560585156461E-05  1.444837974391E-03 -2.099055881443E+05 -2.194572837697E+04 -2.868220897118E+05 -1.124495997732E+01 -4.882812500000E-04   1   5
 -3.211854785162E-04 -8.535499975997E-05  2.421344551060E-04 -2.998078522226E+04  2.257803714136E+04  1.375506486170E+05 -1.124874112706E+01 -4.882812500000E-04   1   5
  2.349579209734E-03 -1.147184355414E-04  1.382344014539E-03 -1.833225820421E+05  4.725225430904E+04 -3.227306462640E+05 -1.124463686736E+01 -4.882812500000E-04   1   5
  7.812613968919E-04 -5.125084790471E-05  9.228807278596E-04 -1.267173567264E+05  1.762569403572E+04  1.127545958351E+04 -1.124721999819E+01 -4.882812500000E-04   1   5
  1.969044421376E-03 -1.374555577677E-05  1.200357491218E-03 -1.388335773556E+05  1.129297970815E+03 -2.946398871573E+05 -1.124489247704E+01 -4.882812500000E-04   1   5
 -1.622041909979E-04  1.475078829509E-05  3.142628123811E-04  4.976002737346E+04 -1.593188590605E+04 -4.328781948864E+04 -1.124680631019E+01 -4.882812500000E-04   1   5
 -6.588735378945E-04 -3.546000028958E-05  9.484440384067E-05  3.853322199414E+04  1.965875934696E+04  1.037224845819E+05 -1.124827317042E+01 -4.882812500000E-04   1   5
 -1.954547068804E-04  2.806234142498E-06  3.331381247917E-04  2.818166866283E+04  6.224829061195E+03  5.045508616045E+03 -1.124720100243E+01 -4.882812500000E-04   1   5
 -1.486330109743E-03  1.079097258491E-04 -4.138826554314E-04  1.470487810300E+05 -3.469889780445E+04  1.322694668365E+05 -1.124866198886E+01 -4.882812500000E-04   1   5
 -1.879868759172E-04  9.622244336732E-05  3.899851399021E-04 -1.386798416208E+04 -3.652043898951E+04  7.175057380238E+04 -1.124782645691E+01 -4.882812500000E-04   1   5
 -1.199893227899E-03 -1.788000107837E-06 -2.138316485716E-04  1.302187065843E+05 -2.081778757702E+03  8.910671781193E+04 -1.124806305050E+01 -4.882812500000E-04   1   5
  3.084949132124E-04 -2.466601937863E-05  6.796100056550E-04 -7.806076046204E+04  1.076288735440E+04  5.121086238780E+04 -1.124760124862E+01 -4.882812500000E-04   1   5
 -1.559497391084E-03 -7.585017942953E-05 -4.078494261885E-04  1.963784440331E+05  2.482351523648E+04  6.563837825416E+04 -1.124779775167E+01 -4.882812500000E-04   1   5
 -7.310355857180E-04 -1.889744849448E-06 -1.640451361826E-04  7.265438729059E+02  1.292030430736E+03  1.905613335432E+05 -1.124988210189E+01 -4.882812500000E-04   1   5
  1.471069258829E-03  8.151251465536E-05  1.147703348690E-03 -1.654665712389E+05 -2.931532623801E+04 -1.066490956629E+05 -1.124639161201E+01 -4.882812500000E-04   1   5
 -1.593009397676E-03 -1.488950728106E-06 -4.431261295945E-04  1.840355545450E+05 -5.870969683431E+02  9.773414237357E+04 -1.124816810242E+01 -4.882812500000E-04   1   5
 -1.978697086737E-03  4.280772825220E-05 -6.753349110791E-04  2.335444841637E+05 -1.131208877926E+04  1.063231107948E+05 -1.124836998355E+01 -4.882812500000E-04   1   5
 -1.277406296559E-03 -2.020801300507E-05 -2.844286148149E-04  1.243259708001E+05  1.638352865772E+04  1.198317592468E+05 -1.124847124927E+01 -4.882812500000E-04   1   5
  3.565189437679E-03 -1.644169129381E-04  2.043254871898E-03 -3.687286338874E+05  6.656118407970E+04 -3.294497356749E+05 -1.124449691679E+01 -4.882812500000E-04   1   5
  3.029234275932E-03  1.523122392068E-04  1.709516306681E-03 -2.559969586944E+05 -5.740284309829E+04 -3.852445804330E+05 -1.124398736509E+01 -4.882812500000E-04   1   5
 -2.299477689206E-04 -1.081036421982E-04  3.317136850127E-04  2.889306640601E+04  4.440636285156E+04  8.443527287632E+03 -1.124723480616E+01 -4.882812500000E-04   1   5
 -9.503680640757E-04  8.326315801867E-06 -6.434236599007E-05  1.077976831331E+05 -5.295135351641E+03  6.408565462771E+04 -1.124775418161E+01 -4.882812500000E-04   1   5
 -4.381679689192E-04 -1.117261611288E-04  2.524366151482E-04  2.709946028898E+04  4.707712875141E+04  6.622677681928E+04 -1.124774458474E+01 -4.882812500000E-04   1   5
 -1.135445384000E-03  7.126891906198E-06 -3.338933040318E-04  7.095246096287E+04 -1.826458280027E+03  1.731588112678E+05 -1.124950305003E+01 -4.882812500000E-04   1   5
  3.968354063558E-03 -7.997106928713E-05  2.305499854905E-03 -4.043915563257E+05  3.333161421594E+04 -3.819043011372E+05 -1.124369651756E+01 -4.882812500000E-04   1   5
 -5.836452738680E-05 -5.242348920282E-05  2.939401032265E-04  7.894981945726E+04  2.398758804498E+04 -1.259045766216E+05 -1.124617057653E+01 -4.882812500000E-04   1   5
  2.003906883242E-03  5.817808045759E-05  1.440533847521E-03 -2.283581828746E+05 -2.886337350809E+04 -1.425312192313E+05 -1.124599675799E+01 -4.882812500000E-04   1   5
  1.632912077127E-03  4.234626291335E-06  1.233314390802E-03 -1.671152289837E+05  2.090346792900E+03 -1.524175240014E+05 -1.124593133469E+01 -4.882812500000E-04   1   5
 -6.016127930384E-04  2.522242720998E-05  1.471198010863E-04  4.777689359023E+04 -1.290820617670E+04  7.337603084990E+04 -1.124787013011E+01 -4.882812500000E-04   1   5
  2.087141790117E-03  2.757072019554E-05  1.226718055611E-03 -1.059945405108E+05 -1.173583666249E+04 -3.905416881825E+05 -1.124384776669E+01 -4.882812500000E-04   1   5
 -4.330140460110E-04 -4.979262747129E-05  2.560565617096E-04  7.235533791469E+03  2.012776731653E+04  9.761609998908E+04 -1.124812019111E+01 -4.882812500000E-04   1   5
 -1.332665994741E-03  3.255933990682E-05 -3.218892381758E-04  1.292451967085E+05 -1.609881087921E+04  1.248351146012E+05 -1.124855475884E+01 -4.882812500000E-04   1   5
 -1.498407385935E-03 -6.469215220869E-05 -5.907922234250E-04  1.208013373986E+05  2.048585377359E+04  1.800713113713E+05 -1.124974047981E+01 -4.882812500000E-04   1   5
 -1.877297234142E-03  1.334057475376E-04 -8.623458136250E-04  1.724986447829E+05 -2.912552114920E+04  1.862692706459E+05 -1.125000483974E+01 -4.882812500000E-04   1   5
 -3.462214409397E-04 -2.371527237008E-05  2.389708349568E-04  5.817281713270E+04  9.149507468827E+03 -1.039234231736E+04 -1.124709993161E+01 -4.882812500000E-04   1   5
 -7.043812641534E-04  1.385073821157E-05  5.079004985453E-05  1.004351625211E+05 -7.734946091931E+03  1.105395982115E+04 -1.124727616741E+01 -4.882812500000E-04   1   5
 -1.327290680833E-03  7.476710903905E-05 -3.671776807019E-04  1.143701790790E+05 -3.058909829365E+04  1.481637894379E+05 -1.124897285918E+01 -4.882812500000E-04   1   5
  1.988827480503E-03  4.728235647834E-05  1.279794406861E-03 -1.669080371437E+05 -3.562179927333E+04 -2.498319185707E+05 -1.124521842306E+01 -4.882812500000E-04   1   5
  6.770211982412E-04 -2.319418981379E-05  6.745949003493E-04 -1.279555226136E+04  7.974950468662E+03 -1.653829000541E+05 -1.124586239270E+01 -4.882812500000E-04   1   5
 -1.175017216864E-03 -2.428887520348E-05 -2.330684520699E-04  1.052964311027E+05  4.687868185171E+03  1.254305456016E+05 -1.124856819990E+01 -4.882812500000E-04   1   5
 -5.336875754065E-04 -7.395185264639E-05  1.585594684232E-04  7.151411730587E+04  3.500226971626E+04  1.512106555347E+04 -1.124730130022E+01 -4.882812500000E-04   1   5
  1.821176614809E-03  2.338073601687E-05  1.316247145294E-03 -1.835474436263E+05 -1.420731622831E+04 -1.756629723725E+05 -1.124573220960E+01 -4.882812500000E-04   1   5
 -1.216440453393E-03 -1.113591909480E-04 -2.932794791406E-04  9.451435043884E+04  3.886916903196E+04  1.520510750055E+05 -1.124900282872E+01 -4.882812500000E-04   1   5
  9.316695349325E-04 -2.820449157929E-05  9.584907257849E-04 -1.133719871308E+05  2.167634549366E+04 -5.501693828162E+04 -1.124666086505E+01 -4.882812500000E-04   1   5
 -8.991779673728E-04  8.190671774599E-06 -8.398085150674E-05  5.545303701183E+04 -6.781789304857E+03  1.360938452469E+05 -1.124877137470E+01 -4.882812500000E-04   1   5
 -6.979632097358E-04 -3.345932332825E-05  8.249181406073E-05  7.893090185454E+04  1.484805529787E+04  4.599133820096E+04 -1.124757978733E+01 -4.882812500000E-04   1   5
 -1.423133195181E-03 -8.086809632559E-06 -4.353335344371E-04  1.279578717097E+05 -1.095348881653E+03  1.520053180002E+05 -1.124902387969E+01 -4.882812500000E-04   1   5
 -1.588614816276E-03  3.819771326365E-06 -4.961807956279E-04  1.607166317383E+05  8.889028272752E+02  1.352276402395E+05 -1.124877507208E+01 -4.882812500000E-04   1   5
 -1.415180435514E-03  1.033721110230E-04 -4.538012072233E-04  1.120931755239E+05 -2.622446782159E+04  1.733280546481E+05 -1.124937754460E+01 -4.882812500000E-04   1   5
  2.302717036357E-03  3.712560692772E-05  1.331955419449E-03 -1.539952973962E+05 -2.382988995978E+04 -3.618419451578E+05 -1.124421739481E+01 -4.882812500000E-04   1   5
 -1.522733223071E-03 -1.620116137164E-04 -4.858194237023E-04  1.420307191279E+05  4.498139167107E+04  1.492287247472E+05 -1.124902062378E+01 -4.882812500000E-04   1   5
  2.746168844294E-03 -4.433695442275E-05  1.661201441857E-03 -2.677401030806E+05  2.400904046900E+04 -2.814573595101E+05 -1.124495197726E+01 -4.882812500000E-04   1   5
 -1.230501689274E-03 -1.848675782848E-04 -2.447755561032E-04  1.169450971433E+05  5.180854982662E+04  1.170545232852E+05 -1.124843432979E+01 -4.882812500000E-04   1   5
  1.745368046494E-03  4.162565092531E-06  1.099021564692E-03 -1.120236401085E+05 -1.711341344512E+03 -2.795459543812E+05 -1.124499507345E+01 -4.882812500000E-04   1   5
  1.327216624714E-03  2.413565435416E-05  9.471610708038E-04 -8.513678064824E+04 -1.037647534230E+04 -2.112031416153E+05 -1.124556076871E+01 -4.882812500000E-04   1   5
 -3.530941415202E-04 -1.359003676603E-05  3.056099492809E-04  2.168984378570E+04 -1.184922254400E+04  5.053188133547E+04 -1.124760879561E+01 -4.882812500000E-04   1   5
  1.804581385956E-03 -5.017665026627E-05  1.101214276228E-03 -9.072265502433E+04  2.475862805549E+04 -3.375673692685E+05 -1.124441064668E+01 -4.882812500000E-04   1   5
  8.556856706946E-04  8.225308468752E-06  6.680677518285E-04  5.511721425096E+02 -3.578998391497E+03 -2.376098535863E+05 -1.124534359233E+01 -4.882812500000E-04   1   5
  1.899135001494E-03  6.155651404088E-05  1.231560865479E-03 -1.567886120038E+05 -3.830824172670E+04 -2.436061265630E+05 -1.124529937633E+01 -4.882812500000E-04   1   5
  2.549805078590E-04  4.511357733132E-05  6.160493166547E-04 -4.655279525333E+04 -2.030052866176E+04  1.019536887854E+04 -1.124725444290E+01 -4.882812500000E-04   1   5
  1.981188616180E-03 -2.233673010321E-05  1.414071901541E-03 -2.159196750765E+05  1.347936792928E+04 -1.595360049288E+05 -1.124585812241E+01 -4.882812500000E-04   1   5
 -2.524964577273E-04 -6.705825858937E-05  3.008051131741E-04  4.364068980598E+04  2.558299867274E+04 -1.211366629112E+04 -1.124708304625E+01 -4.882812500000E-04   1   5
 -2.145551849439E-03  1.808406241220E-05 -8.873316269866E-04  2.217512743480E+05 -7.082116574497E+03  1.728367082104E+05 -1.124939822208E+01 -4.882812500000E-04   1   5
  2.156131798399E-03 -1.353861053158E-04  1.324591010582E-03 -1.707304293083E+05  5.895145134174E+04 -2.910429330949E+05 -1.124486916433E+01 -4.882812500000E-04   1   5
  1.488937723516E-03 -4.733098837700E-05  1.197685813351E-03 -1.680110057697E+05  2.179236748265E+04 -1.100945027272E+05 -1.124626492074E+01 -4.882812500000E-04   1   5
  6.076815291760E-04 -1.050681149460E-05  8.028310203587E-04 -1.067700185304E+05  2.764020908217E+03  2.369177086721E+04 -1.124742091494E+01 -4.882812500000E-04   1   5
  1.032883360112E-03 -5.167022759024E-05  8.766706851624E-04 -7.374638860278E+04  3.113588694410E+04 -1.514561836133E+05 -1.124597256275E+01 -4.882812500000E-04   1   5
 -2.359187487403E-04  9.771736562066E-07  3.512604685336E-04 -8.396716752948E+03  2.989047070063E+02  7.407324624877E+04 -1.124790919022E+01 -4.882812500000E-04   1   5
 -1.673518998339E-03 -8.676544929806E-05 -6.984376877821E-04  1.409341913760E+05  2.680861694203E+04  1.902015630468E+05 -1.124986700810E+01 -4.882812500000E-04   1   5
  1.183880949454E-03 -4.079394934985E-05  1.102428343449E-03 -1.548272368045E+05  1.758871249592E+04 -4.831820180948E+04 -1.124670475451E+01 -4.882812500000E-04   1   5
  4.904844276755E-04  5.035837440927E-05  5.583033141070E-04  1.655266934094E+04 -2.632654513429E+04 -1.635486698904E+05 -1.124587212186E+01 -4.882812500000E-04   1   5
 -5.494210191913E-04  7.747430953170E-05  1.535481711064E-04  1.382064037557E+04 -2.591937424745E+04  1.193219807803E+05 -1.124843242642E+01 -4.882812500000E-04   1   5
  2.676261602256E-03 -7.060929069056E-06  1.648168336950E-03 -2.638368724406E+05  2.485690891976E+03 -2.689814607060E+05 -1.124503055897E+01 -4.882812500000E-04   1   5
  1.468729645939E-04 -3.523180066060E-05  4.216906654295E-04  3.262272782055E+04  1.715536293692E+04 -9.708632100198E+04 -1.124643300797E+01 -4.882812500000E-04   1   5
  2.075625135514E-03  8.660551500867E-05  1.233053943275E-03 -1.213051444196E+05 -3.883159276904E+04 -3.595920948822E+05 -1.124419757998E+01 -4.882812500000E-04   1   5
  1.058346395659E-03  1.227574830826E-05  7.192962305866E-04 -3.601931306538E+03 -7.625237998284E+03 -2.855369965712E+05 -1.124495268591E+01 -4.882812500000E-04   1   5
  1.935298841930E-03 -1.888908181052E-05  1.360966258024E-03 -1.980562195416E+05  6.846284398710E+03 -1.790292819865E+05 -1.124572014450E+01 -4.882812500000E-04   1   5
  2.341935695947E-03  1.088159459476E-04  1.393516087474E-03 -1.749233996017E+05 -5.450480389322E+04 -3.363001953132E+05 -1.124441632817E+01 -4.882812500000E-04   1   5
  1.250076890129E-03 -2.065350706171E-05  8.800223905123E-04 -6.318270350270E+04  1.712850331033E+04 -2.294893383897E+05 -1.124542289889E+01 -4.882812500000E-04   1   5
  4.434606224958E-04 -8.291135581964E-05  7.350112001685E-04 -1.093482969047E+05  2.447506158567E+04  7.467044071643E+04 -1.124786024954E+01 -4.882812500000E-04   1   5
  7.772479416301E-04 -1.565265056305E-05  7.636610622812E-04 -5.308848838712E+04  1.783260402840E+04 -1.168647423643E+05 -1.124625967397E+01 -4.882812500000E-04   1   5
 -1.414213147569E-03 -1.232553159667E-04 -6.417684426963E-04  1.020580477162E+05  3.030511304541E+04  1.908475650804E+05 -1.125017875427E+01 -4.882812500000E-04   1   5
  3.262259668487E-04  8.240402514106E-05  6.649733895556E-04 -5.906298525943E+04 -3.793119438504E+04  1.394296866129E+04 -1.124725053824E+01 -4.882812500000E-04   1   5
  2.905235568448E-03 -1.955174185614E-05  1.795186857747E-03 -3.079862977382E+05  7.258006478674E+03 -2.530478683611E+05 -1.124514375473E+01 -4.882812500000E-04   1   5
  1.788397011338E-03 -3.194635908944E-05  1.270601744023E-03 -1.728133943137E+05  1.710502627378E+04 -1.823987321223E+05 -1.124569149583E+01 -4.882812500000E-04   1   5
  1.840402565804E-03  1.278405590452E-04  1.175448569273E-03 -1.332895721311E+05 -5.825985040859E+04 -2.694855632354E+05 -1.124504696591E+01 -4.882812500000E-04   1   5
  1.815513735949E-03  1.777645309480E-04  1.226946233147E-03 -1.599281876336E+05 -7.331209201136E+04 -2.142269132786E+05 -1.124549106158E+01 -4.882812500000E-04   1   5
 -4.287775614430E-05  5.517451317528E-05  4.290540217593E-04 -3.947399352736E+03 -2.640965532899E+04  1.551578342833E+04 -1.124736219254E+01 -4.882812500000E-04   1   5
  8.671359840325E-04  8.119865099725E-05  6.740355515638E-04 -4.714108922429E+03 -3.418348239886E+04 -2.300767205941E+05 -1.124541062591E+01 -4.882812500000E-04   1   5
 -7.917311254914E-04 -1.373419800699E-05  2.524702465356E-05  8.026055692633E+04  8.916251297381E+03  6.836134454440E+04 -1.124783578812E+01 -4.882812500000E-04   1   5
  1.312181588950E-03 -3.960864629920E-05  1.092266047811E-03 -1.441691808592E+05  1.836237594498E+04 -1.041351736996E+05 -1.124635878274E+01 -4.882812500000E-04   1   5
 -2.199381395986E-03 -6.489846518070E-05 -1.037249649849E-03  1.972529050929E+05  1.261772090400E+04  2.255332358938E+05 -1.125037380751E+01 -4.882812500000E-04   1   5
  2.138475145728E-03 -7.185357234696E-05  1.381456901801E-03 -1.989265816755E+05  3.605783784630E+04 -2.344964274290E+05 -1.124534984992E+01 -4.882812500000E-04   1   5
 -2.807267485051E-05  2.298485458187E-05  4.139017257190E-04  1.586229754109E+04 -2.186419321674E+04 -2.261302541462E+04 -1.124700639886E+01 -4.882812500000E-04   1   5
  5.373613205354E-04 -1.041820511648E-04  5.587418201265E-04  2.308257344995E+04  4.261009392269E+04 -1.891915903241E+05 -1.124566620194E+01 -4.882812500000E-04   1   5
  2.947777368440E-04 -1.272941453699E-04  6.404249263485E-04 -4.962583714650E+04  4.907727364834E+04  5.304486538060E+03 -1.124717735948E+01 -4.882812500000E-04   1   5
  1.367265078866E-03 -1.161262592678E-05  1.061165882881E-03 -1.148328754528E+05  2.172895043661E+04 -1.724587234673E+05 -1.124576874595E+01 -4.882812500000E-04   1   5
  1.776798010917E-03 -2.150356379193E-06  1.347213536873E-03 -2.074909924042E+05 -3.601299175367E+02 -1.172370860295E+05 -1.124619542286E+01 -4.882812500000E-04   1   5
  3.535583873585E-03  7.770750053457E-06  2.050207134392E-03 -3.710968220495E+05 -1.481593357151E+03 -3.177859533224E+05 -1.124461303607E+01 -4.882812500000E-04   1   5
 -1.324852701822E-03 -3.290615398504E-06 -3.596517633455E-04  1.206263733174E+05 -3.262764999385E+03  1.364718154010E+05 -1.124883820362E+01 -4.882812500000E-04   1   5
  3.269778845460E-03  1.604071258848E-05  1.908096553926E-03 -3.167756559826E+05 -1.092094946241E+04 -3.430637611665E+05 -1.124431902539E+01 -4.882812500000E-04   1   5
 -1.302730373704E-03 -8.010654997897E-05 -3.064289747594E-04  1.221962072261E+05  2.784076660302E+04  1.283128386879E+05 -1.124860874875E+01 -4.882812500000E-04   1   5
  9.863979649276E-04  6.470290081759E-05  8.829916665709E-04 -7.961496064353E+04 -3.519402907713E+04 -1.286621428101E+05 -1.124613769586E+01 -4.882812500000E-04   1   5
  3.861797597793E-04  1.547190632333E-05  6.386585698723E-04 -2.796272166533E+04 -1.994307690937E+04 -5.582498362177E+04 -1.124665198242E+01 -4.882812500000E-04   1   5
 -1.495919034355E-04  3.163844860231E-05  3.886984492238E-04  8.566079743390E+03 -2.793306075216E+04  2.136183625434E+04 -1.124736749043E+01 -4.882812500000E-04   1   5
  2.073571515508E-04  3.691714578232E-07  6.083621393567E-04 -4.301643241932E+04 -4.335689212191E+03  1.445012464185E+04 -1.124727285782E+01 -4.882812500000E-04   1   5
 -1.108982759203E-03  2.149610288832E-05 -2.642608191956E-04  8.787990492016E+04  5.233269199822E+03  1.395331503390E+05 -1.124893215475E+01 -4.882812500000E-04   1   5
  1.375507604062E-03  1.293849658594E-05  1.123645955347E-03 -1.471136631900E+05 -3.203944331778E+03 -1.160707954178E+05 -1.124623113916E+01 -4.882812500000E-04   1   5
 -2.005903386700E-04  2.159843511889E-05  3.627839396130E-04 -2.448894221315E+04 -6.774034953365E+03  9.582574391879E+04 -1.124812960711E+01 -4.882812500000E-04   1   5
  1.195998734885E-03 -6.942182702358E-05  1.024250486921E-03 -1.185818229713E+05  3.967259636620E+04 -1.172270852588E+05 -1.124619911082E+01 -4.882812500000E-04   1   5
  2.031520243743E-03  8.021465480476E-06  1.241395469514E-03 -1.537911398634E+05 -3.322064798529E+03 -2.852242838556E+05 -1.124498947049E+01 -4.882812500000E-04   1   5
  4.009523695896E-04 -1.114440330186E-04  5.291788784927E-04  1.958536180676E+04  4.341121367998E+04 -1.459078232931E+05 -1.124602246827E+01 -4.882812500000E-04   1   5
 -2.499182853403E-04  1.036608197609E-04  2.736036756692E-04  6.254370162769E+04 -4.565800994125E+04 -4.570033915661E+04 -1.124678881201E+01 -4.882812500000E-04   1   5
  1.337228382086E-04 -1.298850352325E-05  5.451549173827E-04 -2.346699275810E+04  1.806322694585E+04  2.169726141013E+03 -1.124717046940E+01 -4.882812500000E-04   1   5
  2.772965692505E-03  4.917646140540E-05  1.599200471694E-03 -2.244783078680E+05 -3.002806825667E+04 -3.684239716904E+05 -1.124410836150E+01 -4.882812500000E-04   1   5
  1.579408970799E-05 -8.457516093193E-05  5.104390705157E-04 -3.509993385507E+04  3.766376653382E+04  5.447916181855E+04 -1.124762903635E+01 -4.882812500000E-04   1   5
 -9.928392766472E-05  2.876315199069E-05  3.708403710112E-04  3.052131166998E+04 -2.521387230136E+04 -2.777153284200E+04 -1.124693228247E+01 -4.882812500000E-04   1   5
 -9.405741900352E-04  4.119844579842E-06 -1.267690896127E-04  4.813900109460E+04  1.215322312053E+03  1.604888882069E+05 -1.124907759801E+01 -4.882812500000E-04   1   5
 -2.363401741181E-04  1.577779630524E-05  2.799901644579E-04  6.008200848753E+04 -1.030667274230E+04 -4.399860892043E+04 -1.124680796949E+01 -4.882812500000E-04   1   5
  1.001387178465E-03  4.392669642083E-06  8.660269153216E-04 -8.907483547744E+04 -6.822386660637E+02 -1.129853674392E+05 -1.124636961807E+01 -4.882812500000E-04   1   5
 -1.415210179976E-03 -1.684475481685E-04 -5.174363201927E-04  1.073904558814E+05  4.488630134519E+04  1.812889722923E+05 -1.124966670786E+01 -4.882812500000E-04   1   5
 -7.422791276128E-04 -1.022148169436E-04 -9.405226919457E-05  1.234955088071E+04  2.735442758547E+04  1.730005128834E+05 -1.124944507373E+01 -4.882812500000E-04   1   5
  1.483849633165E-04 -2.937256948976E-05  4.193208815406E-04  3.790054595353E+04  1.834823253167E+04 -1.066007593344E+05 -1.124633011197E+01 -4.882812500000E-04   1   5
  4.731041197545E-05  7.373245662911E-06  4.164460417924E-04  2.984717932857E+04 -1.040537061308E+04 -6.417213070470E+04 -1.124662245685E+01 -4.882812500000E-04   1   5
 -9.774382748796E-04  1.591309641667E-04 -5.887100333446E-05  1.094721158063E+05 -4.947319822569E+04  6.323169802771E+04 -1.124773524035E+01 -4.882812500000E-04   1   5
 -1.036235903331E-03  4.811261099563E-05 -1.378900467135E-04  8.476692184937E+04 -2.220289895826E+04  1.230239433254E+05 -1.124851681736E+01 -4.882812500000E-04   1   5
  1.058131707422E-04  7.663173532069E-05  5.325475113673E-04 -2.783403857139E+04 -3.340443099285E+04  1.706185799845E+04 -1.124732472378E+01 -4.882812500000E-04   1   5
  5.215883979818E-04  1.164341679628E-05  7.659206428268E-04 -6.988384396250E+04 -8.025003958297E+03 -2.384468811157E+04 -1.124693058569E+01 -4.882812500000E-04   1   5
 -5.326888346549E-04  3.121771174652E-05  1.683710751448E-04  1.639748572197E+04 -1.761751955298E+04  1.093461189755E+05 -1.124832672959E+01 -4.882812500000E-04   1   5
  3.086333666449E-03 -2.436753319273E-05  1.798290346780E-03 -2.550396941898E+05  1.277195525595E+04 -4.023271104563E+05 -1.124356953597E+01 -4.882812500000E-04   1   5
  1.289238112806E-04  5.120864501955E-05  5.605892253784E-04 -3.324718681315E+04 -3.026903164977E+04  1.975738945366E+04 -1.124731581254E+01 -4.882812500000E-04   1   5
  1.763130696470E-04 -1.188266115289E-05  5.639202296950E-04 -2.410114760600E+04 -1.088823864420E+04 -1.036964646691E+04 -1.124708263159E+01 -4.882812500000E-04   1   5
  2.087554006076E-03  8.781878334765E-05  1.262592085775E-03 -1.488407189462E+05 -3.887196148084E+04 -3.112416815082E+05 -1.124470619704E+01 -4.882812500000E-04   1   5
  1.486766016716E-03 -5.166896711834E-05  1.058539320475E-03 -1.155559856706E+05  1.613906608345E+04 -2.030524318593E+05 -1.124561587221E+01 -4.882812500000E-04   1   5
 -9.422524075040E-04 -1.999187321722E-04 -2.368220621398E-04  4.317919655918E+04  4.472750225927E+04  1.719396859088E+05 -1.124951280480E+01 -4.882812500000E-04   1   5
  6.623017035816E-04  8.929595211702E-06  6.657963058774E-04 -2.100509578387E+04 -7.544153882679E+03 -1.431640380067E+05 -1.124607259787E+01 -4.882812500000E-04   1   5
 -1.309149709727E-03  7.112808574183E-05 -4.793126637725E-04  9.011784360509E+04 -1.977271846464E+04  1.839199002920E+05 -1.124977774399E+01 -4.882812500000E-04   1   5
  2.077635425033E-03 -4.850542623112E-05  1.256909229561E-03 -1.040361141848E+05  2.121968411132E+04 -3.925578911370E+05 -1.124371833344E+01 -4.882812500000E-04   1   5
 -1.839874532562E-03 -1.374975662576E-04 -7.714511436032E-04  1.738740610809E+05  3.587614871889E+04  1.752540214074E+05 -1.124964521465E+01 -4.882812500000E-04   1   5
 -1.273507047082E-03 -8.081260657673E-06 -2.727651503132E-04  1.928960163398E+05  2.120620493295E+03 -3.916725083582E+03 -1.124715416909E+01 -4.882812500000E-04   1   5
 -9.888550412105E-04  5.875601451110E-05 -1.533398135303E-04  6.917960630473E+04 -2.248792427188E+04  1.372890913781E+05 -1.124881638289E+01 -4.882812500000E-04   1   5
 -1.033742782021E-03  3.889510507078E-05 -1.020874178594E-04  1.094506751639E+05 -2.418919860406E+04  8.155153426564E+04 -1.124792845561E+01 -4.882812500000E-04   1   5
  2.471407171216E-03 -9.712819591579E-05  1.540996529878E-03 -2.437127419619E+05  4.277347965933E+04 -2.454397036509E+05 -1.124526479008E+01 -4.882812500000E-04   1   5
 -1.378688359203E-03 -1.077071421237E-04 -3.000847186765E-04  1.495597218797E+05  2.682283147088E+04  9.748474533288E+04 -1.124816057177E+01 -4.882812500000E-04   1   5
  1.257265653078E-04 -3.663719020359E-05  4.203997116470E-04  3.314243261370E+04  1.865226278974E+04 -9.225289809991E+04 -1.124645199402E+01 -4.882812500000E-04   1   5
  1.528910860921E-03 -1.556634817111E-05  1.184581004174E-03 -1.529784828204E+05  1.012839309908E+04 -1.504202804969E+05 -1.124594530487E+01 -4.882812500000E-04   1   5
  1.554121264441E-03 -7.274199327057E-05  1.153769875869E-03 -1.416781929791E+05  4.188931746870E+04 -1.743344979858E+05 -1.124575211467E+01 -4.882812500000E-04   1   5
 -1.170675841996E-03 -6.493498731893E-05 -2.638721721742E-04  7.773751388807E+04  2.035173721618E+04  1.695547804261E+05 -1.124917621556E+01 -4.882812500000E-04   1   5
 -1.377657230231E-03 -5.781337147818E-05 -3.259850289574E-04  1.466201597108E+05  2.599973913704E+04  1.058401448142E+05 -1.124828674578E+01 -4.882812500000E-04   1   5
  3.843137251855E-04  3.487486842075E-06  5.677448035237E-04 -8.176254580327E+03 -8.949300244549E+03 -8.975059089539E+04 -1.124648928091E+01 -4.882812500000E-04   1   5
  1.664147131462E-03  8.860755771368E-06  1.089246230752E-03 -1.162210321814E+05 -1.335727339651E+04 -2.488263927204E+05 -1.124524931417E+01 -4.882812500000E-04   1   5
 -9.718402595694E-04 -3.224216130745E-06 -9.508151784443E-05  1.269322761083E+05 -5.115596597413E+02  3.416998967621E+04 -1.124752330331E+01 -4.882812500000E-04   1   5
  1.321758616484E-03 -4.432728705760E-05  1.031847942718E-03 -1.087255689813E+05  3.194966830122E+04 -1.694799814754E+05 -1.124579424661E+01 -4.882812500000E-04   1   5
  4.128659337584E-04 -3.150865179163E-05  4.981191479063E-04  3.798151756255E+04  1.550685218581E+04 -1.806989559293E+05 -1.124572928213E+01 -4.882812500000E-04   1   5
  3.620567435445E-03 -6.500550377487E-05  2.072592022230E-03 -3.617793136225E+05  3.012902579981E+04 -3.594054174512E+05 -1.124415024809E+01 -4.882812500000E-04   1   5
  1.193980072528E-04 -7.728829741979E-05  5.466841879564E-04 -2.665493779447E+04  3.673982072686E+04  1.096533323478E+04 -1.124724020264E+01 -4.882812500000E-04   1   5
 -7.507522835860E-05 -1.243020442006E-05  4.768738338927E-04 -3.047669092724E+04  9.316585218135E+03  6.807496097192E+04 -1.124775981961E+01 -4.882812500000E-04   1   5
 -1.029426927268E-03 -9.691286536330E-05 -3.924596914275E-04  4.237475386320E+04  2.541096562487E+04  1.949519457019E+05 -1.125012659270E+01 -4.882812500000E-04   1   5
  6.056466242784E-04 -5.179730554553E-05  7.450314453405E-04 -5.379328336213E+04  3.543546626919E+04 -7.131165899575E+04 -1.124655681511E+01 -4.882812500000E-04   1   5
 -1.179285748270E-03 -4.304204762122E-05 -1.979763469402E-04  1.305055642091E+05  1.922507954390E+04  8.153234075453E+04 -1.124799168598E+01 -4.882812500000E-04   1   5
 -1.049906738571E-03 -8.227643743079E-05 -2.109556247027E-04  5.726565185960E+04  3.044362577015E+04  1.733170598144E+05 -1.124927379738E+01 -4.882812500000E-04   1   5
  1.649941720114E-04 -1.030410391638E-06  5.138777932687E-04  7.482924022131E+03  1.463792784562E+03 -5.982450073054E+04 -1.124662158932E+01 -4.882812500000E-04   1   5
 -1.378809396615E-03 -2.260852177430E-05 -3.551824256167E-04  1.378791920665E+05  1.286628546696E+04  1.228619661487E+05 -1.124854179395E+01 -4.882812500000E-04   1   5
 -2.309170273852E-04 -3.830235012035E-05  3.535952678477E-04  8.509640781975E+03  3.086443817248E+04  4.407841396917E+04 -1.124756494159E+01 -4.882812500000E-04   1   5
  3.350610973378E-04  8.980054610853E-05  6.153500447652E-04 -3.071200642156E+04 -4.050079050278E+04 -3.890624597794E+04 -1.124684465194E+01 -4.882812500000E-04   1   5
 -1.551845676831E-04 -8.006005479463E-05  4.154242435042E-04 -1.771976212947E+04  1.838029743146E+04  7.270463524216E+04 -1.124777698010E+01 -4.882812500000E-04   1   5
  7.991043956870E-04 -7.163121216003E-05  7.736088395478E-04 -5.818158936967E+04  3.232106314537E+04 -1.157895029871E+05 -1.124630604946E+01 -4.882812500000E-04   1   5
 -1.358803486469E-03 -4.213425350310E-05 -3.777474542037E-04  1.134246035341E+05  2.071264061565E+03  1.563196268388E+05 -1.124906159349E+01 -4.882812500000E-04   1   5
  2.720732262567E-03  8.303603587149E-05  1.679740824664E-03 -2.746610172507E+05 -4.010093019429E+04 -2.611431733736E+05 -1.124508279473E+01 -4.882812500000E-04   1   5
 -1.136468539229E-03  1.463146963755E-05 -2.371641089873E-04  8.039634574811E+04  3.209837912553E+03  1.531254197286E+05 -1.124902712909E+01 -4.882812500000E-04   1   5
  1.606539954083E-03  5.758304929055E-05  1.246850189457E-03 -1.800035380846E+05 -2.681067522408E+04 -1.195184558779E+05 -1.124618491743E+01 -4.882812500000E-04   1   5
  2.534290204838E-03  2.681807978485E-05  1.503867620078E-03 -2.064612351618E+05 -1.022176879348E+04 -3.333355641201E+05 -1.124444822305E+01 -4.882812500000E-04   1   5
 -4.628714194410E-04 -4.258158504819E-05  2.522550987647E-04  1.269009114393E+04  2.216831199753E+04  9.499048995396E+04 -1.124806144196E+01 -4.882812500000E-04   1   5
  1.797086398273E-03  4.575461627591E-05  1.107266938819E-03 -1.070945878788E+05 -2.649562968247E+04 -3.041031801867E+05 -1.124477088772E+01 -4.882812500000E-04   1   5
 -1.490425378758E-03  1.713641651522E-04 -4.198965970055E-04  1.431773280686E+05 -5.007913893185E+04  1.391008773369E+05 -1.124875167308E+01 -4.882812500000E-04   1   5
  2.623578687008E-03  1.438566122996E-04  1.548696371059E-03 -2.210897808954E+05 -5.879103508681E+04 -3.323052647631E+05 -1.124445867327E+01 -4.882812500000E-04   1   5
  2.868684036022E-04  1.335587108603E-04  5.867425831403E-04 -2.442212677797E+04 -4.815149983939E+04 -3.685713183559E+04 -1.124686525164E+01 -4.882812500000E-04   1   5
 -4.361305806562E-04  1.208397056935E-04  1.682941213974E-04  8.952363604337E+04 -4.807927215796E+04 -4.363636656476E+04 -1.124681152873E+01 -4.882812500000E-04   1   5
  5.658102290846E-04 -8.886075184293E-06  6.872968285894E-04 -3.979524784368E+04  1.387655628535E+04 -8.185411212756E+04 -1.124650682883E+01 -4.882812500000E-04   1   5
  1.026950731559E-03 -7.297675149149E-05  1.009816780767E-03 -1.352988052658E+05  2.934662278667E+04 -3.961952113256E+04 -1.124680651481E+01 -4.882812500000E-04   1   5
 -6.709899013440E-04  9.646918981122E-05  1.007491816265E-04  4.465311270224E+04 -3.747309260684E+04  9.656053970251E+04 -1.124814300713E+01 -4.882812500000E-04   1   5
  1.623210684472E-03  1.414671020966E-05  1.205626419498E-03 -1.559125745337E+05 -6.021641858667E+03 -1.691751978074E+05 -1.124579597120E+01 -4.882812500000E-04   1   5
  1.249236341540E-04  4.038648919594E-05  5.532545393667E-04 -3.130416235547E+04 -2.957464172891E+04  1.845098027088E+04 -1.124730311236E+01 -4.882812500000E-04   1   5
  7.966690006388E-06 -4.813747901577E-05  4.807693832485E-04 -2.134763847120E+04  2.832383626388E+04  3.142274491508E+04 -1.124747785889E+01 -4.882812500000E-04   1   5
  1.010165714482E-03 -5.646741056784E-05  9.664881466156E-04 -1.107342783278E+05  3.229874276851E+04 -8.175114041267E+04 -1.124648075006E+01 -4.882812500000E-04   1   5
 -2.173939530235E-03  8.450714794167E-05 -8.062881914050E-04  2.500648620362E+05 -2.515433495794E+04  1.303207776319E+05 -1.124864406275E+01 -4.882812500000E-04   1   5
 -1.062158070066E-03 -1.833816487297E-04 -2.135894319597E-04  7.788418992073E+04  5.204672626031E+04  1.413218754506E+05 -1.124890537619E+01 -4.882812500000E-04   1   5
 -8.658755454427E-04  1.007274665690E-04 -4.173027074561E-05  1.180078864212E+05 -3.517615371471E+04  1.946558623397E+04 -1.124741502210E+01 -4.882812500000E-04   1   5
 -4.659183362648E-04  1.336526128004E-04  2.024208677256E-04  1.187893101803E+04 -4.295052360792E+04  1.007897640669E+05 -1.124822361512E+01 -4.882812500000E-04   1   5
  1.197582462597E-03 -8.619519575934E-05  9.988983981064E-04 -1.180242079446E+05  3.111957306260E+04 -1.168159317121E+05 -1.124626700841E+01 -4.882812500000E-04   1   5
 -3.067600708573E-04  1.012390569587E-05  2.978895437804E-04  3.805375047842E+04 -4.194805681759E+03  1.123722058084E+04 -1.124726614671E+01 -4.882812500000E-04   1   5
 -3.473685984286E-04  6.751442390786E-06  2.721759865407E-04  2.936456332067E+04 -4.711156363456E+03  4.069286037514E+04 -1.124754843858E+01 -4.882812500000E-04   1   5
 -1.589183874101E-03  1.011177342952E-04 -5.198643042836E-04  1.412844029606E+05 -3.438979515565E+04  1.683056327306E+05 -1.124920092127E+01 -4.882812500000E-04   1   5
 -2.008301845099E-03  3.479182713523E-05 -8.287326121441E-04  2.003536546516E+05 -6.960288304013E+03  1.710953574372E+05 -1.124950108649E+01 -4.882812500000E-04   1   5
  1.589879662623E-03 -5.709369250900E-05  1.115405022827E-03 -1.288591815195E+05  3.772049463896E+04 -2.070022579464E+05 -1.124555160747E+01 -4.882812500000E-04   1   5
 -1.386829636607E-03  5.586275050001E-06 -4.045784485553E-04  1.309080356639E+05  3.181690380120E+03  1.357889930743E+05 -1.124884648638E+01 -4.882812500000E-04   1   5
 -3.005674723316E-04  5.578826322082E-06  2.695953911587E-04  3.588074410848E+04  2.934751942627E+03  2.019083906672E+04 -1.124737093048E+01 -4.882812500000E-04   1   5
  1.035993784990E-03 -1.218844141508E-04  7.654121130511E-04 -2.882636820383E+04  5.395892401660E+04 -2.344171084861E+05 -1.124537225555E+01 -4.882812500000E-04   1   5
 -1.339552403534E-03 -1.129605923645E-04 -2.860590782208E-04  1.620491211166E+05  3.300805817504E+04  6.606747821784E+04 -1.124784399567E+01 -4.882812500000E-04   1   5
  2.314083604001E-03 -1.322488325356E-04  1.369123943262E-03 -1.761055504826E+05  5.732983925241E+04 -3.259670729626E+05 -1.124457206943E+01 -4.882812500000E-04   1   5
  3.037345105734E-03 -3.473226520884E-05  1.782848540816E-03 -2.832264018037E+05  1.944133067983E+04 -3.372036620188E+05 -1.124438305207E+01 -4.882812500000E-04   1   5
  7.483102551658E-04 -3.836922055887E-05  7.977284556899E-04 -6.811954397990E+04  1.787137979936E+04 -8.470465415172E+04 -1.124650060995E+01 -4.882812500000E-04   1   5
 -1.216818222602E-03  1.142215620291E-04 -2.890960148549E-04  8.584988554493E+04 -3.323209205796E+04  1.674398653926E+05 -1.124914636386E+01 -4.882812500000E-04   1   5
 -3.633137434129E-04  1.169554263807E-04  2.696707708487E-04  1.210335443422E+04 -3.709503495217E+04  7.350313914998E+04 -1.124790050994E+01 -4.882812500000E-04   1   5
  3.928169289196E-03 -1.231564792947E-05  2.323564492432E-03 -3.953623937785E+05  4.326695858174E+03 -3.861063915981E+05 -1.124350285878E+01 -4.882812500000E-04   1   5
 -1.204644219613E-03  1.478727076768E-04 -4.061375883284E-04  7.057674914628E+04 -3.845488396920E+04  1.910496907388E+05 -1.124979708970E+01 -4.882812500000E-04   1   5
  9.628074910279E-04 -6.226558672000E-06  9.879593207454E-04 -1.210373611559E+05  4.310213489556E+03 -5.144906971493E+04 -1.124668704361E+01 -4.882812500000E-04   1   5
  2.285835878261E-03 -1.048781639930E-05  1.337048407495E-03 -1.479773185163E+05  2.764540271884E+03 -3.709819907867E+05 -1.124410056335E+01 -4.882812500000E-04   1   5
 -1.094756858763E-03 -5.686339379144E-05 -1.589933844688E-04  1.089632048410E+05  2.196080076961E+04  9.673674874891E+04 -1.124818813985E+01 -4.882812500000E-04   1   5
  1.964747137792E-03  8.230949486546E-05  1.203746653115E-03 -1.333826271294E+05 -3.995213976501E+04 -3.050015990744E+05 -1.124476060266E+01 -4.882812500000E-04   1   5
 -1.591627374451E-03  1.166481736533E-04 -5.366657379489E-04  1.411441735129E+05 -3.769542780751E+04  1.691885986112E+05 -1.124925974448E+01 -4.882812500000E-04   1   5
  9.691278098859E-04  1.578753368757E-06  9.038234811674E-04 -9.669294896748E+04  6.172162261406E+03 -9.545365392093E+04 -1.124645857272E+01 -4.882812500000E-04   1   5
 -6.629723992175E-04  6.706861618197E-05  6.780557842645E-05  1.065254760773E+05 -2.972960625735E+04 -1.219039177925E+04 -1.124706039201E+01 -4.882812500000E-04   1   5
  1.356353950656E-03  2.915540325116E-05  8.864877318568E-04 -5.256375035402E+04 -1.200218681721E+04 -2.804699662066E+05 -1.124501061246E+01 -4.882812500000E-04   1   5
 -1.732483727962E-03  8.980267444244E-06 -6.208003684836E-04  1.604823865110E+05 -1.974751648958E+03  1.727649477510E+05 -1.124930356643E+01 -4.882812500000E-04   1   5
 -1.012014943779E-03  4.351831879168E-05 -1.035606852251E-04  9.280302921805E+04 -1.730105165966E+04  1.025775412587E+05 -1.124823481899E+01 -4.882812500000E-04   1   5
  1.449371158822E-03  5.988299770110E-05  1.089187478814E-03 -1.257054826607E+05 -3.462575118969E+04 -1.733238630485E+05 -1.124577802955E+01 -4.882812500000E-04   1   5
  2.728997527631E-04  2.332622772077E-05  6.341580313687E-04 -4.874810964272E+04 -2.007090501351E+04  8.871312069096E+03 -1.124721914295E+01 -4.882812500000E-04   1   5
 -9.431776780877E-05  4.038587867037E-05  4.134431974581E-04  6.236838599888E+03 -1.869675416125E+04  1.143218476225E+04 -1.124727144527E+01 -4.882812500000E-04   1   5
 -4.354292779180E-04  1.509240080600E-05  2.350040518588E-04  3.715297030411E+03 -7.667736756916E+03  1.061688790066E+05 -1.124825364575E+01 -4.882812500000E-04   1   5
  2.285155390064E-03 -1.037712951840E-04  1.460489172924E-03 -2.254693881763E+05  4.126379940900E+04 -2.254200343656E+05 -1.124542988849E+01 -4.882812500000E-04   1   5
 -3.225038115861E-04 -5.211466528011E-05  3.242094074396E-04  1.494504591643E+04  2.831808010406E+04  5.552544779316E+04 -1.124763718663E+01 -4.882812500000E-04   1   5
 -6.632610243080E-04 -6.295823278076E-06  1.082537634860E-04  6.998250239205E+04 -4.783722180791E+03  5.434224623964E+04 -1.124762460010E+01 -4.882812500000E-04   1   5
 -1.942153461001E-03  2.620670493742E-05 -6.597821729002E-04  2.218381393411E+05 -7.560918503436E+03  1.196287911026E+05 -1.124849234840E+01 -4.882812500000E-04   1   5
  1.813025465381E-03 -6.207076821427E-05  1.361937203354E-03 -2.103230871330E+05  2.819096405276E+04 -1.218444648381E+05 -1.124614967649E+01 -4.882812500000E-04   1   5
 -1.914390541456E-03  3.717392239900E-05 -6.356201641369E-04  2.190927722109E+05 -1.141273830926E+04  1.166561781709E+05 -1.124844216177E+01 -4.882812500000E-04   1   5
 -8.735744588938E-05  5.819766127947E-05  4.631275485505E-04 -2.428400313298E+04 -3.175647088181E+04  6.242225625369E+04 -1.124768749496E+01 -4.882812500000E-04   1   5
 -2.601314541358E-04  4.218548711391E-05  3.376279994047E-04 -2.221917648555E+04 -1.685746689011E+04  1.046320364160E+05 -1.124823699803E+01 -4.882812500000E-04   1   5
 -6.925708120977E-04  9.891043815079E-05 -2.244258218782E-04 -4.999313696336E+03 -2.466062694371E+04  1.915055709395E+05 -1.125014840568E+01 -4.882812500000E-04   1   5
 -3.559303460197E-04 -9.868503114598E-06  2.680892247344E-04 -2.502694335602E+04  5.301556762806E+03  1.344353941446E+05 -1.124861043538E+01 -4.882812500000E-04   1   5
  1.565235550980E-03 -5.981161888447E-05  1.076093912137E-03 -1.175509260321E+05  2.941042169374E+04 -2.203238569440E+05 -1.124547639753E+01 -4.882812500000E-04   1   5
 -1.045350429857E-03  7.202010307506E-06 -1.250546042664E-04  8.909136899120E+04  9.789538369990E+02  1.147469733383E+05 -1.124841757079E+01 -4.882812500000E-04   1   5
  2.152182009864E-03  8.621258870189E-05  1.484124820556E-03 -2.323134785176E+05 -3.933060345310E+04 -1.767670797709E+05 -1.124571134613E+01 -4.882812500000E-04   1   5
 -1.247968356556E-03  5.886281918446E-05 -2.492308766433E-04  1.328840426911E+05 -2.263573241573E+04  9.529002983700E+04 -1.124817748778E+01 -4.882812500000E-04   1   5
  2.217596473832E-03  8.524170531080E-05  1.444897472848E-03 -2.187478987096E+05 -4.091394970217E+04 -2.195971046731E+05 -1.124544407169E+01 -4.882812500000E-04   1   5
 -1.528705042714E-03 -5.334873015408E-05 -6.012019888491E-04  1.254592134570E+05  1.318218220617E+04  1.788100902845E+05 -1.124972033283E+01 -4.882812500000E-04   1   5
 -1.719926091355E-03  4.628455166079E-05 -8.158062667318E-04  1.478386691706E+05 -1.432222640274E+04  1.890853388830E+05 -1.125017631994E+01 -4.882812500000E-04   1   5
 -8.921381782018E-04 -9.026801028642E-05 -1.633532869927E-05  8.176193481883E+04  3.753362389040E+04  9.020648811609E+04 -1.124803811132E+01 -4.882812500000E-04   1   5
  2.598282320933E-03 -7.398089381463E-05  1.549665199084E-03 -2.316389160736E+05  4.356393322153E+04 -3.048586552126E+05 -1.124475084410E+01 -4.882812500000E-04   1   5
 -1.006435651198E-03 -1.470393421369E-04 -3.138371254356E-04  4.125922205652E+04  3.709515758556E+04  1.912680095701E+05 -1.124986110653E+01 -4.882812500000E-04   1   5
  8.152043787849E-04 -7.003858605717E-05  5.837990635944E-04  3.499961885986E+04  3.057552327367E+04 -2.881361182633E+05 -1.124492649503E+01 -4.882812500000E-04   1   5
 -2.346380094979E-03  2.774551485452E-05 -9.498847507479E-04  2.570065258300E+05 -7.006087070381E+03  1.618539477799E+05 -1.124912912637E+01 -4.882812500000E-04   1   5
 -3.813107430392E-04 -6.236949952101E-05  2.311270593849E-04 -2.477081142387E+04  2.211073421117E+04  1.426135673081E+05 -1.124874111590E+01 -4.882812500000E-04   1   5
  2.118933692315E-03 -7.126211609281E-05  1.292047236811E-03 -1.633726080373E+05  4.362219888331E+04 -2.922787342944E+05 -1.124487914727E+01 -4.882812500000E-04   1   5
  2.418108176954E-03 -1.496862143743E-05  1.381813625875E-03 -1.692633246070E+05  7.390790217032E+03 -3.655388675478E+05 -1.124419617256E+01 -4.882812500000E-04   1   5
 -1.719476708058E-03 -3.879286266718E-04 -6.058160513762E-04  1.661262021218E+05  9.424070111431E+04  1.566393657952E+05 -1.124910204281E+01 -4.882812500000E-04   1   5
  1.334904926645E-03 -1.574020091684E-05  1.033812810707E-03 -1.080255524888E+05 -2.279417741197E+03 -1.760954116540E+05 -1.124576434284E+01 -4.882812500000E-04   1   5
 -3.805898778102E-04 -3.604528525303E-05  2.285116246552E-04 -2.302989843294E+04  1.166886078214E+04  1.391644110841E+05 -1.124871997912E+01 -4.882812500000E-04   1   5
 -6.197550531899E-04 -9.022706044436E-05  1.178945165812E-04  3.046798479357E+04  3.606838688700E+04  1.078353078346E+05 -1.124830518300E+01 -4.882812500000E-04   1   5
  2.694653133485E-03 -6.183947477590E-05  1.712692447843E-03 -2.942185974571E+05  2.707443708887E+04 -2.163441885803E+05 -1.124545374072E+01 -4.882812500000E-04   1   5
  3.086455924711E-04 -5.951209121633E-05  5.194167499003E-04  8.141359142385E+03  3.219339111091E+04 -9.801182290879E+04 -1.124640541132E+01 -4.882812500000E-04   1   5
 -2.972492845951E-04 -1.409604426149E-05  2.679093718494E-04  3.540571930229E+04 -2.159057228867E+03  1.834013198873E+04 -1.124738922666E+01 -4.882812500000E-04   1   5
  4.579306527508E-04  2.484338938348E-06  7.635772261116E-04 -1.184247630754E+05 -2.101819237673E+02  8.509786771186E+04 -1.124793420145E+01 -4.882812500000E-04   1   5
 -3.388951073578E-04 -2.869639734300E-05  2.943935080699E-04 -1.644367237730E+04  1.168684812305E+04  1.141554686058E+05 -1.124835067563E+01 -4.882812500000E-04   1   5
 -1.393073945144E-03 -9.105184403786E-05 -3.494216180375E-04  1.298418736109E+05  3.518179293340E+04  1.374618811195E+05 -1.124868731198E+01 -4.882812500000E-04   1   5
  5.925036369819E-04 -8.348789723777E-05  6.176296613607E-04  2.901288311687E+03  3.301711458155E+04 -1.688954365119E+05 -1.124582671891E+01 -4.882812500000E-04   1   5
  2.449373245101E-04  2.292002946809E-06  5.306827970757E-04 -1.492227797065E+03 -1.278951395890E+04 -6.132625522319E+04 -1.124663660604E+01 -4.882812500000E-04   1   5
  7.588941995084E-05 -4.474886193529E-05  4.481707032822E-04  2.050173073403E+04  2.801696368847E+04 -5.702614024598E+04 -1.124667369150E+01 -4.882812500000E-04   1   5
  3.125040397779E-04 -1.306954688296E-05  5.315962073704E-04  1.631065575641E+03  7.463770851866E+03 -8.617452876873E+04 -1.124649328625E+01 -4.882812500000E-04   1   5
  2.954237481979E-04  1.504752770482E-06  5.908583631757E-04 -1.873991651923E+04 -9.867697721161E+03 -4.892715122293E+04 -1.124673907916E+01 -4.882812500000E-04   1   5
 -9.017365283521E-04 -1.665958728508E-05 -2.377101785278E-05  7.792098020444E+04  4.954244279401E+03  9.682394587357E+04 -1.124816095644E+01 -4.882812500000E-04   1   5
  4.116622260343E-04  4.132291014405E-05  5.811889850897E-04 -1.155050924762E+04 -2.253684338255E+04 -9.127498446953E+04 -1.124647748271E+01 -4.882812500000E-04   1   5
  2.867964146517E-03 -3.808821107293E-05  1.708704166955E-03 -2.747164631949E+05  2.413919216681E+04 -3.044070430637E+05 -1.124474105153E+01 -4.882812500000E-04   1   5
