 -4.3086E-01 -3.3676E+00 -2.1987E+02  4.4133E-01  4.9160E+00  6.5868E+01 -3.8481E+00
 -4.2937E-01 -3.3606E+00 -2.1838E+02  4.4148E-01  4.9159E+00  6.5923E+01 -3.8469E+00
 -4.2789E-01 -3.3536E+00 -2.1690E+02  4.4162E-01  4.9159E+00  6.5978E+01 -3.8456E+00
 -4.2640E-01 -3.3466E+00 -2.1542E+02  4.4177E-01  4.9159E+00  6.6034E+01 -3.8443E+00
 -4.2492E-01 -3.3396E+00 -2.1393E+02  4.4192E-01  4.9158E+00  6.6089E+01 -3.8431E+00
 -4.2344E-01 -3.3326E+00 -2.1245E+02  4.4207E-01  4.9158E+00  6.6144E+01 -3.8418E+00
 -4.2196E-01 -3.3256E+00 -2.1097E+02  4.4222E-01  4.9157E+00  6.6199E+01 -3.8405E+00
 -4.2047E-01 -3.3187E+00 -2.0949E+02  4.4236E-01  4.9157E+00  6.6254E+01 -3.8393E+00
 -4.1899E-01 -3.3117E+00 -2.0800E+02  4.4251E-01  4.9157E+00  6.6309E+01 -3.8380E+00
 -4.1751E-01 -3.3047E+00 -2.0652E+02  4.4266E-01  4.9156E+00  6.6364E+01 -3.8368E+00
 -4.1603E-01 -3.2977E+00 -2.0504E+02  4.4281E-01  4.9156E+00  6.6419E+01 -3.8355E+00
 -4.1455E-01 -3.2907E+00 -2.0356E+02  4.4296E-01  4.9156E+00  6.6474E+01 -3.8342E+00
 -4.1307E-01 -3.2837E+00 -2.0208E+02  4.4311E-01  4.9155E+00  6.6529E+01 -3.8330E+00
 -4.1159E-01 -3.2767E+00 -2.0060E+02  4.4325E-01  4.9155E+00  6.6584E+01 -3.8317E+00
 -4.1011E-01 -3.2697E+00 -1.9912E+02  4.4340E-01  4.9155E+00  6.6639E+01 -3.8305E+00
 -4.0863E-01 -3.2628E+00 -1.9764E+02  4.4355E-01  4.9154E+00  6.6695E+01 -3.8292E+00
 -4.0715E-01 -3.2558E+00 -1.9616E+02  4.4370E-01  4.9154E+00  6.6750E+01 -3.8279E+00
 -4.0566E-01 -3.2488E+00 -1.9468E+02  4.4385E-01  4.9154E+00  6.6805E+01 -3.8267E+00
 -4.0418E-01 -3.2418E+00 -1.9319E+02  4.4400E-01  4.9153E+00  6.6860E+01 -3.8254E+00
 -4.0270E-01 -3.2348E+00 -1.9171E+02  4.4415E-01  4.9153E+00  6.6915E+01 -3.8241E+00
 -4.0122E-01 -3.2278E+00 -1.9023E+02  4.4430E-01  4.9153E+00  6.6970E+01 -3.8229E+00
 -3.9974E-01 -3.2208E+00 -1.8875E+02  4.4445E-01  4.9152E+00  6.7025E+01 -3.8216E+00
 -3.9826E-01 -3.2138E+00 -1.8727E+02  4.4460E-01  4.9152E+00  6.7080E+01 -3.8204E+00
 -3.9678E-01 -3.2069E+00 -1.8579E+02  4.4474E-01  4.9152E+00  6.7135E+01 -3.8191E+00
 -3.9530E-01 -3.1999E+00 -1.8431E+02  4.4489E-01  4.9151E+00  6.7191E+01 -3.8178E+00
 -3.9382E-01 -3.1929E+00 -1.8283E+02  4.4504E-01  4.9151E+00  6.7246E+01 -3.8166E+00
 -3.9234E-01 -3.1859E+00 -1.8135E+02  4.4519E-01  4.9151E+00  6.7301E+01 -3.8153E+00
 -3.9086E-01 -3.1789E+00 -1.7987E+02  4.4534E-01  4.9150E+00  6.7356E+01 -3.8141E+00
 -3.8937E-01 -3.1719E+00 -1.7839E+02  4.4549E-01  4.9150E+00  6.7411E+01 -3.8128E+00
 -3.8789E-01 -3.1649E+00 -1.7690E+02  4.4564E-01  4.9150E+00  6.7466E+01 -3.8115E+00
 -3.8641E-01 -3.1580E+00 -1.7542E+02  4.4579E-01  4.9149E+00  6.7521E+01 -3.8103E+00
 -3.8493E-01 -3.1510E+00 -1.7394E+02  4.4594E-01  4.9149E+00  6.7577E+01 -3.8090E+00
 -3.8345E-01 -3.1440E+00 -1.7246E+02  4.4609E-01  4.9149E+00  6.7632E+01 -3.8078E+00
 -3.8197E-01 -3.1370E+00 -1.7098E+02  4.4624E-01  4.9148E+00  6.7687E+01 -3.8065E+00
 -3.8049E-01 -3.1300E+00 -1.6950E+02  4.4639E-01  4.9178E+00  6.7781E+01 -3.8077E+00
 -3.7901E-01 -3.1230E+00 -1.6802E+02  4.4654E-01  4.9192E+00  6.7857E+01 -3.8076E+00
 -3.7753E-01 -3.1160E+00 -1.6654E+02  4.4668E-01  4.9215E+00  6.7943E+01 -3.8081E+00
 -3.7605E-01 -3.1090E+00 -1.6506E+02  4.4682E-01  4.9248E+00  6.8045E+01 -3.8095E+00
 -3.7456E-01 -3.1021E+00 -1.6358E+02  4.4696E-01  4.9299E+00  6.8171E+01 -3.8123E+00
 -3.7308E-01 -3.0951E+00 -1.6210E+02  4.4708E-01  4.9375E+00  6.8332E+01 -3.8170E+00
 -3.7160E-01 -3.0881E+00 -1.6062E+02  4.4720E-01  4.9489E+00  6.8544E+01 -3.8247E+00
 -3.7012E-01 -3.0811E+00 -1.5914E+02  4.4729E-01  4.9656E+00  6.8831E+01 -3.8366E+00
 -3.6864E-01 -3.0741E+00 -1.5766E+02  4.4736E-01  4.9898E+00  6.9222E+01 -3.8543E+00
 -3.6716E-01 -3.0671E+00 -1.5618E+02  4.4739E-01  5.0239E+00  6.9753E+01 -3.8797E+00
 -3.6568E-01 -3.0602E+00 -1.5470E+02  4.4737E-01  5.0704E+00  7.0460E+01 -3.9148E+00
 -3.6420E-01 -3.0532E+00 -1.5323E+02  4.4727E-01  5.1311E+00  7.1371E+01 -3.9608E+00
 -3.6272E-01 -3.0462E+00 -1.5176E+02  4.4709E-01  5.2056E+00  7.2487E+01 -4.0173E+00
 -3.6124E-01 -3.0393E+00 -1.5029E+02  4.4679E-01  5.2905E+00  7.3770E+01 -4.0814E+00
 -3.5976E-01 -3.0323E+00 -1.4883E+02  4.4637E-01  5.3793E+00  7.5137E+01 -4.1479E+00
 -3.5827E-01 -3.0254E+00 -1.4737E+02  4.4583E-01  5.4639E+00  7.6484E+01 -4.2101E+00
 -3.5679E-01 -3.0185E+00 -1.4592E+02  4.4516E-01  5.5372E+00  7.7712E+01 -4.2623E+00
 -3.5531E-01 -3.0116E+00 -1.4448E+02  4.4439E-01  5.5948E+00  7.8763E+01 -4.3012E+00
 -3.5383E-01 -3.0047E+00 -1.4305E+02  4.4352E-01  5.6359E+00  7.9616E+01 -4.3263E+00
 -3.5235E-01 -2.9979E+00 -1.4163E+02  4.4258E-01  5.6621E+00  8.0286E+01 -4.3388E+00
 -3.5087E-01 -2.9911E+00 -1.4022E+02  4.4157E-01  5.6761E+00  8.0802E+01 -4.3412E+00
 -3.4939E-01 -2.9843E+00 -1.3882E+02  4.4052E-01  5.6808E+00  8.1199E+01 -4.3359E+00
 -3.4791E-01 -2.9775E+00 -1.3743E+02  4.3943E-01  5.6789E+00  8.1509E+01 -4.3251E+00
 -3.4653E-01 -2.9712E+00 -1.3614E+02  4.3838E-01  5.6730E+00  8.1741E+01 -4.3114E+00
 -3.4499E-01 -2.9642E+00 -1.3472E+02  4.3718E-01  5.6632E+00  8.1955E+01 -4.2934E+00
 -3.4346E-01 -2.9573E+00 -1.3332E+02  4.3598E-01  5.6513E+00  8.2133E+01 -4.2737E+00
 -3.4207E-01 -2.9510E+00 -1.3205E+02  4.3485E-01  5.6392E+00  8.2277E+01 -4.2545E+00
 -3.4051E-01 -2.9440E+00 -1.3065E+02  4.3356E-01  5.6250E+00  8.2425E+01 -4.2322E+00
 -3.3910E-01 -2.9377E+00 -1.2939E+02  4.3238E-01  5.6117E+00  8.2555E+01 -4.2113E+00
 -3.3754E-01 -2.9307E+00 -1.2800E+02  4.3105E-01  5.5987E+00  8.2720E+01 -4.1892E+00
 -3.3612E-01 -2.9244E+00 -1.2675E+02  4.2983E-01  5.5845E+00  8.2832E+01 -4.1671E+00
 -3.3458E-01 -2.9176E+00 -1.2540E+02  4.2848E-01  5.5692E+00  8.2954E+01 -4.1431E+00
 -3.3315E-01 -2.9113E+00 -1.2416E+02  4.2721E-01  5.5554E+00  8.3065E+01 -4.1209E+00
 -3.3162E-01 -2.9045E+00 -1.2283E+02  4.2583E-01  5.5409E+00  8.3185E+01 -4.0971E+00
 -3.3018E-01 -2.8982E+00 -1.2161E+02  4.2453E-01  5.5275E+00  8.3296E+01 -4.0747E+00
 -3.2874E-01 -2.8919E+00 -1.2039E+02  4.2320E-01  5.5143E+00  8.3407E+01 -4.0524E+00
 -3.2717E-01 -2.8851E+00 -1.1907E+02  4.2174E-01  5.5003E+00  8.3528E+01 -4.0280E+00
 -3.2572E-01 -2.8788E+00 -1.1786E+02  4.2038E-01  5.4875E+00  8.3639E+01 -4.0054E+00
 -3.2427E-01 -2.8725E+00 -1.1665E+02  4.1900E-01  5.4749E+00  8.3753E+01 -3.9826E+00
 -3.2281E-01 -2.8662E+00 -1.1545E+02  4.1760E-01  5.4625E+00  8.3871E+01 -3.9594E+00
 -3.2135E-01 -2.8599E+00 -1.1426E+02  4.1618E-01  5.4504E+00  8.3989E+01 -3.9362E+00
 -3.1977E-01 -2.8531E+00 -1.1298E+02  4.1463E-01  5.4375E+00  8.4116E+01 -3.9110E+00
 -3.1830E-01 -2.8468E+00 -1.1180E+02  4.1317E-01  5.4256E+00  8.4234E+01 -3.8875E+00
 -3.1682E-01 -2.8405E+00 -1.1062E+02  4.1170E-01  5.4140E+00  8.4352E+01 -3.8638E+00
 -3.1534E-01 -2.8342E+00 -1.0945E+02  4.1021E-01  5.4026E+00  8.4470E+01 -3.8399E+00
 -3.1385E-01 -2.8279E+00 -1.0828E+02  4.0870E-01  5.3913E+00  8.4587E+01 -3.8159E+00
 -3.1237E-01 -2.8216E+00 -1.0712E+02  4.0718E-01  5.3802E+00  8.4705E+01 -3.7916E+00
 -3.1088E-01 -2.8154E+00 -1.0597E+02  4.0565E-01  5.3693E+00  8.4821E+01 -3.7673E+00
 -3.0940E-01 -2.8091E+00 -1.0484E+02  4.0411E-01  5.3587E+00  8.4937E+01 -3.7429E+00
 -3.0792E-01 -2.8029E+00 -1.0371E+02  4.0256E-01  5.3482E+00  8.5054E+01 -3.7183E+00
 -3.0644E-01 -2.7967E+00 -1.0259E+02  4.0100E-01  5.3379E+00  8.5176E+01 -3.6933E+00
 -3.0496E-01 -2.7905E+00 -1.0148E+02  3.9943E-01  5.3278E+00  8.5296E+01 -3.6681E+00
 -3.0348E-01 -2.7844E+00 -1.0038E+02  3.9784E-01  5.3179E+00  8.5417E+01 -3.6427E+00
 -3.0200E-01 -2.7782E+00 -9.9281E+01  3.9625E-01  5.3082E+00  8.5537E+01 -3.6172E+00
 -3.0052E-01 -2.7721E+00 -9.8194E+01  3.9465E-01  5.2986E+00  8.5656E+01 -3.5914E+00
 -2.9904E-01 -2.7660E+00 -9.7117E+01  3.9305E-01  5.2892E+00  8.5775E+01 -3.5654E+00
 -2.9756E-01 -2.7599E+00 -9.6047E+01  3.9143E-01  5.2800E+00  8.5894E+01 -3.5391E+00
 -2.9607E-01 -2.7538E+00 -9.4985E+01  3.8981E-01  5.2710E+00  8.6012E+01 -3.5126E+00
 -2.9459E-01 -2.7478E+00 -9.3931E+01  3.8818E-01  5.2620E+00  8.6129E+01 -3.4859E+00
 -2.9311E-01 -2.7417E+00 -9.2885E+01  3.8654E-01  5.2533E+00  8.6247E+01 -3.4589E+00
 -2.9163E-01 -2.7357E+00 -9.1848E+01  3.8489E-01  5.2447E+00  8.6364E+01 -3.4315E+00
 -2.9015E-01 -2.7297E+00 -9.0818E+01  3.8325E-01  5.2362E+00  8.6485E+01 -3.4037E+00
 -2.8877E-01 -2.7241E+00 -8.9864E+01  3.8170E-01  5.2285E+00  8.6598E+01 -3.3774E+00
 -2.8721E-01 -2.7178E+00 -8.8796E+01  3.7996E-01  5.2199E+00  8.6724E+01 -3.3474E+00
 -2.8571E-01 -2.7117E+00 -8.7774E+01  3.7827E-01  5.2118E+00  8.6846E+01 -3.3181E+00
 -2.8432E-01 -2.7061E+00 -8.6835E+01  3.7670E-01  5.2044E+00  8.6958E+01 -3.2907E+00
 -2.8275E-01 -2.6998E+00 -8.5784E+01  3.7493E-01  5.1962E+00  8.7085E+01 -3.2594E+00
 -2.8135E-01 -2.6942E+00 -8.4854E+01  3.7336E-01  5.1890E+00  8.7197E+01 -3.2312E+00
 -2.7978E-01 -2.6879E+00 -8.3821E+01  3.7159E-01  5.1811E+00  8.7322E+01 -3.1992E+00
 -2.7838E-01 -2.6823E+00 -8.2902E+01  3.7000E-01  5.1742E+00  8.7433E+01 -3.1701E+00
 -2.7682E-01 -2.6762E+00 -8.1890E+01  3.6824E-01  5.1666E+00  8.7557E+01 -3.1374E+00
 -2.7541E-01 -2.6706E+00 -8.0980E+01  3.6664E-01  5.1598E+00  8.7668E+01 -3.1073E+00
 -2.7386E-01 -2.6644E+00 -7.9987E+01  3.6489E-01  5.1525E+00  8.7792E+01 -3.0737E+00
 -2.7244E-01 -2.6588E+00 -7.9087E+01  3.6329E-01  5.1460E+00  8.7906E+01 -3.0424E+00
 -2.7090E-01 -2.6527E+00 -7.8114E+01  3.6154E-01  5.1390E+00  8.8031E+01 -3.0078E+00
 -2.6948E-01 -2.6471E+00 -7.7224E+01  3.5994E-01  5.1326E+00  8.8146E+01 -2.9755E+00
 -2.6794E-01 -2.6411E+00 -7.6268E+01  3.5821E-01  5.1259E+00  8.8269E+01 -2.9400E+00
 -2.6651E-01 -2.6355E+00 -7.5388E+01  3.5661E-01  5.1197E+00  8.8383E+01 -2.9066E+00
 -2.6497E-01 -2.6295E+00 -7.4451E+01  3.5489E-01  5.1132E+00  8.8505E+01 -2.8702E+00
 -2.6354E-01 -2.6239E+00 -7.3581E+01  3.5329E-01  5.1073E+00  8.8619E+01 -2.8355E+00
 -2.6210E-01 -2.6183E+00 -7.2715E+01  3.5170E-01  5.1014E+00  8.8732E+01 -2.8003E+00
 -2.6053E-01 -2.6122E+00 -7.1777E+01  3.4996E-01  5.0951E+00  8.8856E+01 -2.7613E+00
 -2.5909E-01 -2.6066E+00 -7.0921E+01  3.4837E-01  5.0894E+00  8.8969E+01 -2.7248E+00
 -2.5764E-01 -2.6010E+00 -7.0070E+01  3.4679E-01  5.0838E+00  8.9082E+01 -2.6876E+00
 -2.5609E-01 -2.5950E+00 -6.9164E+01  3.4510E-01  5.0778E+00  8.9204E+01 -2.6470E+00
 -2.5464E-01 -2.5894E+00 -6.8323E+01  3.4353E-01  5.0724E+00  8.9320E+01 -2.6083E+00
 -2.5318E-01 -2.5838E+00 -6.7487E+01  3.4197E-01  5.0670E+00  8.9435E+01 -2.5688E+00
 -2.5172E-01 -2.5782E+00 -6.6655E+01  3.4042E-01  5.0618E+00  8.9550E+01 -2.5286E+00
 -2.5026E-01 -2.5726E+00 -6.5828E+01  3.3888E-01  5.0566E+00  8.9665E+01 -2.4877E+00
 -2.4868E-01 -2.5666E+00 -6.4943E+01  3.3723E-01  5.0510E+00  8.9788E+01 -2.4428E+00
 -2.4722E-01 -2.5610E+00 -6.4126E+01  3.3571E-01  5.0460E+00  8.9903E+01 -2.4003E+00
 -2.4575E-01 -2.5554E+00 -6.3314E+01  3.3421E-01  5.0411E+00  9.0017E+01 -2.3571E+00
 -2.4428E-01 -2.5498E+00 -6.2507E+01  3.3272E-01  5.0362E+00  9.0131E+01 -2.3131E+00
 -2.4280E-01 -2.5442E+00 -6.1705E+01  3.3124E-01  5.0314E+00  9.0245E+01 -2.2683E+00
 -2.4132E-01 -2.5386E+00 -6.0907E+01  3.2979E-01  5.0267E+00  9.0359E+01 -2.2226E+00
 -2.3984E-01 -2.5330E+00 -6.0115E+01  3.2834E-01  5.0220E+00  9.0472E+01 -2.1761E+00
 -2.3836E-01 -2.5274E+00 -5.9327E+01  3.2692E-01  5.0175E+00  9.0586E+01 -2.1288E+00
 -2.3688E-01 -2.5218E+00 -5.8545E+01  3.2552E-01  5.0130E+00  9.0700E+01 -2.0804E+00
 -2.3539E-01 -2.5162E+00 -5.7767E+01  3.2414E-01  5.0085E+00  9.0815E+01 -2.0311E+00
 -2.3390E-01 -2.5106E+00 -5.6994E+01  3.2278E-01  5.0041E+00  9.0929E+01 -1.9810E+00
 -2.3241E-01 -2.5050E+00 -5.6226E+01  3.2145E-01  4.9999E+00  9.1043E+01 -1.9299E+00
 -2.3091E-01 -2.4994E+00 -5.5464E+01  3.2014E-01  4.9956E+00  9.1157E+01 -1.8780E+00
 -2.2943E-01 -2.4938E+00 -5.4715E+01  3.1887E-01  4.9915E+00  9.1269E+01 -1.8257E+00
 -2.2795E-01 -2.4883E+00 -5.3971E+01  3.1763E-01  4.9875E+00  9.1381E+01 -1.7726E+00
 -2.2647E-01 -2.4828E+00 -5.3234E+01  3.1642E-01  4.9835E+00  9.1493E+01 -1.7186E+00
 -2.2499E-01 -2.4773E+00 -5.2502E+01  3.1525E-01  4.9797E+00  9.1604E+01 -1.6639E+00
 -2.2351E-01 -2.4718E+00 -5.1777E+01  3.1410E-01  4.9758E+00  9.1715E+01 -1.6083E+00
 -2.2203E-01 -2.4663E+00 -5.1057E+01  3.1299E-01  4.9721E+00  9.1825E+01 -1.5520E+00
 -2.2055E-01 -2.4608E+00 -5.0343E+01  3.1192E-01  4.9684E+00  9.1935E+01 -1.4948E+00
 -2.1907E-01 -2.4553E+00 -4.9636E+01  3.1088E-01  4.9648E+00  9.2045E+01 -1.4367E+00
 -2.1758E-01 -2.4498E+00 -4.8934E+01  3.0988E-01  4.9612E+00  9.2155E+01 -1.3777E+00
 -2.1610E-01 -2.4444E+00 -4.8238E+01  3.0892E-01  4.9577E+00  9.2264E+01 -1.3178E+00
 -2.1462E-01 -2.4389E+00 -4.7547E+01  3.0800E-01  4.9543E+00  9.2373E+01 -1.2572E+00
 -2.1314E-01 -2.4335E+00 -4.6863E+01  3.0713E-01  4.9509E+00  9.2482E+01 -1.1958E+00
 -2.1166E-01 -2.4281E+00 -4.6184E+01  3.0629E-01  4.9476E+00  9.2590E+01 -1.1336E+00
 -2.1018E-01 -2.4226E+00 -4.5511E+01  3.0550E-01  4.9444E+00  9.2698E+01 -1.0707E+00
 -2.0870E-01 -2.4172E+00 -4.4844E+01  3.0476E-01  4.9412E+00  9.2806E+01 -1.0070E+00
 -2.0722E-01 -2.4118E+00 -4.4182E+01  3.0406E-01  4.9381E+00  9.2913E+01 -9.4260E-01
 -2.0574E-01 -2.4064E+00 -4.3526E+01  3.0341E-01  4.9350E+00  9.3019E+01 -8.7749E-01
 -2.0426E-01 -2.4010E+00 -4.2876E+01  3.0281E-01  4.9320E+00  9.3125E+01 -8.1170E-01
 -2.0277E-01 -2.3956E+00 -4.2231E+01  3.0226E-01  4.9291E+00  9.3231E+01 -7.4525E-01
 -2.0129E-01 -2.3902E+00 -4.1592E+01  3.0176E-01  4.9262E+00  9.3336E+01 -6.7817E-01
 -1.9981E-01 -2.3849E+00 -4.0959E+01  3.0131E-01  4.9233E+00  9.3441E+01 -6.1037E-01
 -1.9833E-01 -2.3795E+00 -4.0331E+01  3.0092E-01  4.9205E+00  9.3546E+01 -5.4193E-01
 -1.9685E-01 -2.3741E+00 -3.9708E+01  3.0059E-01  4.9178E+00  9.3650E+01 -4.7294E-01
 -1.9537E-01 -2.3688E+00 -3.9091E+01  3.0031E-01  4.9151E+00  9.3754E+01 -4.0344E-01
 -1.9389E-01 -2.3634E+00 -3.8480E+01  3.0009E-01  4.9124E+00  9.3857E+01 -3.3347E-01
 -1.9241E-01 -2.3581E+00 -3.7874E+01  2.9993E-01  4.9099E+00  9.3960E+01 -2.6306E-01
 -1.9093E-01 -2.3528E+00 -3.7273E+01  2.9983E-01  4.9073E+00  9.4062E+01 -1.9224E-01
 -1.8945E-01 -2.3474E+00 -3.6678E+01  2.9979E-01  4.9048E+00  9.4164E+01 -1.2107E-01
 -1.8797E-01 -2.3421E+00 -3.6088E+01  2.9981E-01  4.9024E+00  9.4265E+01 -4.9584E-02
 -1.8648E-01 -2.3368E+00 -3.5503E+01  2.9989E-01  4.9000E+00  9.4366E+01  2.2180E-02
 -1.8500E-01 -2.3315E+00 -3.4924E+01  3.0004E-01  4.8977E+00  9.4467E+01  9.4174E-02
 -1.8352E-01 -2.3262E+00 -3.4350E+01  3.0025E-01  4.8954E+00  9.4567E+01  1.6635E-01
 -1.8204E-01 -2.3209E+00 -3.3782E+01  3.0053E-01  4.8931E+00  9.4667E+01  2.3867E-01
 -1.8056E-01 -2.3156E+00 -3.3219E+01  3.0088E-01  4.8909E+00  9.4765E+01  3.1123E-01
 -1.7908E-01 -2.3104E+00 -3.2661E+01  3.0129E-01  4.8887E+00  9.4864E+01  3.8382E-01
 -1.7760E-01 -2.3051E+00 -3.2108E+01  3.0177E-01  4.8866E+00  9.4961E+01  4.5641E-01
 -1.7612E-01 -2.2998E+00 -3.1561E+01  3.0232E-01  4.8845E+00  9.5059E+01  5.2895E-01
 -1.7464E-01 -2.2945E+00 -3.1018E+01  3.0294E-01  4.8825E+00  9.5156E+01  6.0137E-01
 -1.7316E-01 -2.2893E+00 -3.0481E+01  3.0363E-01  4.8805E+00  9.5252E+01  6.7365E-01
 -1.7177E-01 -2.2844E+00 -2.9985E+01  3.0434E-01  4.8786E+00  9.5342E+01  7.4092E-01
 -1.7019E-01 -2.2788E+00 -2.9423E+01  3.0522E-01  4.8766E+00  9.5443E+01  8.1753E-01
 -1.6881E-01 -2.2739E+00 -2.8935E+01  3.0606E-01  4.8748E+00  9.5532E+01  8.8444E-01
 -1.6723E-01 -2.2683E+00 -2.8385E+01  3.0710E-01  4.8729E+00  9.5633E+01  9.6021E-01
 -1.6584E-01 -2.2634E+00 -2.7906E+01  3.0808E-01  4.8712E+00  9.5721E+01  1.0266E+00
 -1.6427E-01 -2.2579E+00 -2.7368E+01  3.0926E-01  4.8693E+00  9.5820E+01  1.1013E+00
 -1.6288E-01 -2.2530E+00 -2.6897E+01  3.1038E-01  4.8677E+00  9.5908E+01  1.1669E+00
 -1.6131E-01 -2.2475E+00 -2.6370E+01  3.1172E-01  4.8659E+00  9.6005E+01  1.2406E+00
 -1.5991E-01 -2.2426E+00 -2.5908E+01  3.1298E-01  4.8643E+00  9.6091E+01  1.3055E+00
 -1.5835E-01 -2.2371E+00 -2.5394E+01  3.1447E-01  4.8626E+00  9.6187E+01  1.3777E+00
 -1.5695E-01 -2.2322E+00 -2.4940E+01  3.1587E-01  4.8611E+00  9.6272E+01  1.4415E+00
 -1.5538E-01 -2.2267E+00 -2.4437E+01  3.1751E-01  4.8595E+00  9.6367E+01  1.5123E+00
 -1.5398E-01 -2.2218E+00 -2.3992E+01  3.1905E-01  4.8580E+00  9.6451E+01  1.5749E+00
 -1.5242E-01 -2.2163E+00 -2.3500E+01  3.2084E-01  4.8565E+00  9.6544E+01  1.6439E+00
 -1.5102E-01 -2.2114E+00 -2.3063E+01  3.2252E-01  4.8551E+00  9.6628E+01  1.7052E+00
 -1.4946E-01 -2.2060E+00 -2.2583E+01  3.2447E-01  4.8536E+00  9.6720E+01  1.7725E+00
 -1.4806E-01 -2.2011E+00 -2.2155E+01  3.2629E-01  4.8523E+00  9.6803E+01  1.8323E+00
 -1.4650E-01 -2.1956E+00 -2.1686E+01  3.2838E-01  4.8509E+00  9.6894E+01  1.8976E+00
 -1.4509E-01 -2.1907E+00 -2.1266E+01  3.3035E-01  4.8496E+00  9.6976E+01  1.9559E+00
 -1.4354E-01 -2.1853E+00 -2.0808E+01  3.3259E-01  4.8483E+00  9.7065E+01  2.0192E+00
 -1.4213E-01 -2.1804E+00 -2.0397E+01  3.3469E-01  4.8470E+00  9.7146E+01  2.0759E+00
 -1.4057E-01 -2.1750E+00 -1.9950E+01  3.3707E-01  4.8457E+00  9.7233E+01  2.1373E+00
 -1.3916E-01 -2.1701E+00 -1.9548E+01  3.3931E-01  4.8446E+00  9.7312E+01  2.1923E+00
 -1.3761E-01 -2.1648E+00 -1.9111E+01  3.4184E-01  4.8434E+00  9.7397E+01  2.2516E+00
 -1.3620E-01 -2.1599E+00 -1.8717E+01  3.4422E-01  4.8423E+00  9.7475E+01  2.3048E+00
 -1.3465E-01 -2.1545E+00 -1.8292E+01  3.4689E-01  4.8411E+00  9.7560E+01  2.3619E+00
 -1.3323E-01 -2.1496E+00 -1.7907E+01  3.4940E-01  4.8400E+00  9.7637E+01  2.4133E+00
 -1.3169E-01 -2.1443E+00 -1.7492E+01  3.5221E-01  4.8389E+00  9.7720E+01  2.4683E+00
 -1.3027E-01 -2.1394E+00 -1.7115E+01  3.5485E-01  4.8379E+00  9.7796E+01  2.5179E+00
 -1.2873E-01 -2.1341E+00 -1.6711E+01  3.5779E-01  4.8369E+00  9.7878E+01  2.5707E+00
 -1.2731E-01 -2.1292E+00 -1.6343E+01  3.6057E-01  4.8359E+00  9.7953E+01  2.6184E+00
 -1.2577E-01 -2.1239E+00 -1.5949E+01  3.6364E-01  4.8349E+00  9.8033E+01  2.6691E+00
 -1.2434E-01 -2.1190E+00 -1.5589E+01  3.6655E-01  4.8340E+00  9.8106E+01  2.7151E+00
 -1.2280E-01 -2.1137E+00 -1.5206E+01  3.6975E-01  4.8330E+00  9.8184E+01  2.7636E+00
 -1.2138E-01 -2.1088E+00 -1.4855E+01  3.7278E-01  4.8322E+00  9.8256E+01  2.8077E+00
 -1.1984E-01 -2.1035E+00 -1.4482E+01  3.7611E-01  4.8313E+00  9.8333E+01  2.8542E+00
 -1.1841E-01 -2.0986E+00 -1.4139E+01  3.7927E-01  4.8304E+00  9.8403E+01  2.8965E+00
 -1.1688E-01 -2.0934E+00 -1.3776E+01  3.8272E-01  4.8296E+00  9.8479E+01  2.9409E+00
 -1.1545E-01 -2.0885E+00 -1.3442E+01  3.8600E-01  4.8288E+00  9.8548E+01  2.9814E+00
 -1.1392E-01 -2.0832E+00 -1.3090E+01  3.8958E-01  4.8280E+00  9.8622E+01  3.0238E+00
 -1.1249E-01 -2.0783E+00 -1.2764E+01  3.9298E-01  4.8273E+00  9.8691E+01  3.0626E+00
 -1.1105E-01 -2.0734E+00 -1.2443E+01  3.9643E-01  4.8266E+00  9.8759E+01  3.1005E+00
 -1.0947E-01 -2.0680E+00 -1.2095E+01  4.0030E-01  4.8258E+00  9.8832E+01  3.1413E+00
 -1.0804E-01 -2.0631E+00 -1.1782E+01  4.0387E-01  4.8251E+00  9.8897E+01  3.1775E+00
 -1.0660E-01 -2.0582E+00 -1.1474E+01  4.0750E-01  4.8244E+00  9.8963E+01  3.2130E+00
 -1.0503E-01 -2.0529E+00 -1.1141E+01  4.1154E-01  4.8237E+00  9.9033E+01  3.2508E+00
 -1.0359E-01 -2.0480E+00 -1.0841E+01  4.1528E-01  4.8231E+00  9.9097E+01  3.2846E+00
 -1.0216E-01 -2.0431E+00 -1.0546E+01  4.1908E-01  4.8225E+00  9.9161E+01  3.3177E+00
 -1.0059E-01 -2.0377E+00 -1.0229E+01  4.2327E-01  4.8219E+00  9.9229E+01  3.3528E+00
 -9.9149E-02 -2.0328E+00 -9.9423E+00  4.2718E-01  4.8213E+00  9.9291E+01  3.3842E+00
 -9.7707E-02 -2.0279E+00 -9.6597E+00  4.3114E-01  4.8208E+00  9.9353E+01  3.4150E+00
 -9.6146E-02 -2.0226E+00 -9.3584E+00  4.3549E-01  4.8202E+00  9.9418E+01  3.4475E+00
 -9.4703E-02 -2.0177E+00 -9.0844E+00  4.3955E-01  4.8197E+00  9.9477E+01  3.4768E+00
 -9.3259E-02 -2.0128E+00 -8.8145E+00  4.4367E-01  4.8192E+00  9.9536E+01  3.5055E+00
 -9.1703E-02 -2.0075E+00 -8.5286E+00  4.4816E-01  4.8186E+00  9.9598E+01  3.5356E+00
 -9.0258E-02 -2.0026E+00 -8.2674E+00  4.5239E-01  4.8182E+00  9.9656E+01  3.5628E+00
 -8.8812E-02 -1.9977E+00 -8.0104E+00  4.5666E-01  4.8177E+00  9.9712E+01  3.5894E+00
 -8.7261E-02 -1.9925E+00 -7.7395E+00  4.6129E-01  4.8172E+00  9.9772E+01  3.6173E+00
 -8.5813E-02 -1.9876E+00 -7.4912E+00  4.6566E-01  4.8168E+00  9.9828E+01  3.6426E+00
 -8.4365E-02 -1.9827E+00 -7.2470E+00  4.7007E-01  4.8164E+00  9.9882E+01  3.6673E+00
 -8.2915E-02 -1.9778E+00 -7.0071E+00  4.7454E-01  4.8160E+00  9.9936E+01  3.6914E+00
 -8.1337E-02 -1.9725E+00 -6.7505E+00  4.7945E-01  4.8156E+00  9.9993E+01  3.7171E+00
 -7.9886E-02 -1.9676E+00 -6.5193E+00  4.8401E-01  4.8152E+00  1.0004E+02  3.7400E+00
 -7.8435E-02 -1.9627E+00 -6.2923E+00  4.8862E-01  4.8149E+00  1.0010E+02  3.7624E+00
 -7.6983E-02 -1.9578E+00 -6.0694E+00  4.9327E-01  4.8145E+00  1.0015E+02  3.7843E+00
 -7.5413E-02 -1.9525E+00 -5.8333E+00  4.9835E-01  4.8142E+00  1.0020E+02  3.8074E+00
 -7.3960E-02 -1.9476E+00 -5.6192E+00  5.0309E-01  4.8139E+00  1.0025E+02  3.8282E+00
 -7.2506E-02 -1.9427E+00 -5.4093E+00  5.0787E-01  4.8136E+00  1.0030E+02  3.8485E+00
 -7.1052E-02 -1.9378E+00 -5.2036E+00  5.1270E-01  4.8133E+00  1.0034E+02  3.8683E+00
 -6.9489E-02 -1.9325E+00 -4.9873E+00  5.1794E-01  4.8130E+00  1.0039E+02  3.8891E+00
 -6.8034E-02 -1.9276E+00 -4.7904E+00  5.2286E-01  4.8127E+00  1.0044E+02  3.9079E+00
 -6.6578E-02 -1.9227E+00 -4.5976E+00  5.2781E-01  4.8124E+00  1.0048E+02  3.9263E+00
 -6.5121E-02 -1.9178E+00 -4.4090E+00  5.3282E-01  4.8122E+00  1.0053E+02  3.9443E+00
 -6.3664E-02 -1.9129E+00 -4.2247E+00  5.3786E-01  4.8120E+00  1.0057E+02  3.9618E+00
 -6.2084E-02 -1.9076E+00 -4.0297E+00  5.4336E-01  4.8117E+00  1.0061E+02  3.9804E+00
 -6.0626E-02 -1.9027E+00 -3.8541E+00  5.4849E-01  4.8115E+00  1.0065E+02  3.9970E+00
 -5.9167E-02 -1.8978E+00 -3.6827E+00  5.5365E-01  4.8113E+00  1.0069E+02  4.0133E+00
 -5.7708E-02 -1.8929E+00 -3.5156E+00  5.5886E-01  4.8111E+00  1.0073E+02  4.0292E+00
 -5.6248E-02 -1.8880E+00 -3.3526E+00  5.6410E-01  4.8109E+00  1.0077E+02  4.0447E+00
 -5.4680E-02 -1.8827E+00 -3.1823E+00  5.6978E-01  4.8107E+00  1.0081E+02  4.0610E+00
 -5.3219E-02 -1.8778E+00 -3.0281E+00  5.7510E-01  4.8105E+00  1.0085E+02  4.0758E+00
 -5.1758E-02 -1.8729E+00 -2.8781E+00  5.8046E-01  4.8104E+00  1.0088E+02  4.0902E+00
 -5.0296E-02 -1.8680E+00 -2.7324E+00  5.8586E-01  4.8102E+00  1.0092E+02  4.1043E+00
 -4.8834E-02 -1.8631E+00 -2.5909E+00  5.9130E-01  4.8101E+00  1.0095E+02  4.1181E+00
 -4.7372E-02 -1.8582E+00 -2.4536E+00  5.9677E-01  4.8100E+00  1.0098E+02  4.1315E+00
 -4.5794E-02 -1.8529E+00 -2.3102E+00  6.0272E-01  4.8098E+00  1.0102E+02  4.1457E+00
 -4.4331E-02 -1.8480E+00 -2.1817E+00  6.0827E-01  4.8097E+00  1.0105E+02  4.1585E+00
 -4.2867E-02 -1.8431E+00 -2.0574E+00  6.1385E-01  4.8096E+00  1.0108E+02  4.1710E+00
 -4.1403E-02 -1.8382E+00 -1.9373E+00  6.1947E-01  4.8095E+00  1.0111E+02  4.1832E+00
 -3.9939E-02 -1.8333E+00 -1.8215E+00  6.2513E-01  4.8094E+00  1.0113E+02  4.1951E+00
 -3.8475E-02 -1.8284E+00 -1.7099E+00  6.3082E-01  4.8093E+00  1.0116E+02  4.2067E+00
 -3.6908E-02 -1.8232E+00 -1.5953E+00  6.3694E-01  4.8092E+00  1.0119E+02  4.2189E+00
 -3.5443E-02 -1.8183E+00 -1.4924E+00  6.4271E-01  4.8091E+00  1.0121E+02  4.2300E+00
 -3.3978E-02 -1.8134E+00 -1.3938E+00  6.4850E-01  4.8090E+00  1.0124E+02  4.2409E+00
 -3.2512E-02 -1.8085E+00 -1.2995E+00  6.5433E-01  4.8090E+00  1.0126E+02  4.2515E+00
 -3.1046E-02 -1.8036E+00 -1.2093E+00  6.6020E-01  4.8087E+00  1.0128E+02  4.2616E+00
 -2.9579E-02 -1.7987E+00 -1.1234E+00  6.6609E-01  4.8060E+00  1.0129E+02  4.2689E+00
 -2.8113E-02 -1.7938E+00 -1.0417E+00  6.7201E-01  4.8039E+00  1.0130E+02  4.2767E+00
 -2.6542E-02 -1.7886E+00 -9.5893E-01  6.7839E-01  4.8021E+00  1.0132E+02  4.2851E+00
 -2.5075E-02 -1.7837E+00 -8.8599E-01  6.8438E-01  4.7998E+00  1.0133E+02  4.2922E+00
 -2.3607E-02 -1.7788E+00 -8.1726E-01  6.9039E-01  4.7968E+00  1.0133E+02  4.2982E+00
 -2.2140E-02 -1.7739E+00 -7.5274E-01  6.9643E-01  4.7927E+00  1.0134E+02  4.3029E+00
 -2.0672E-02 -1.7690E+00 -6.9240E-01  7.0249E-01  4.7874E+00  1.0133E+02  4.3059E+00
 -1.9205E-02 -1.7641E+00 -6.3623E-01  7.0858E-01  4.7803E+00  1.0133E+02  4.3069E+00
 -1.7737E-02 -1.7592E+00 -5.8422E-01  7.1468E-01  4.7709E+00  1.0131E+02  4.3052E+00
 -1.6269E-02 -1.7543E+00 -5.3632E-01  7.2080E-01  4.7585E+00  1.0130E+02  4.3001E+00
 -1.4694E-02 -1.7490E+00 -4.8949E-01  7.2737E-01  4.7409E+00  1.0127E+02  4.2897E+00
 -1.3226E-02 -1.7441E+00 -4.4999E-01  7.3349E-01  4.7195E+00  1.0123E+02  4.2743E+00
 -1.1757E-02 -1.7392E+00 -4.1445E-01  7.3960E-01  4.6918E+00  1.0119E+02  4.2520E+00
 -1.0289E-02 -1.7343E+00 -3.8278E-01  7.4569E-01  4.6567E+00  1.0113E+02  4.2213E+00
 -8.8204E-03 -1.7294E+00 -3.5487E-01  7.5175E-01  4.6128E+00  1.0107E+02  4.1809E+00
 -7.3518E-03 -1.7245E+00 -3.3057E-01  7.5775E-01  4.5591E+00  1.0100E+02  4.1294E+00
 -5.8831E-03 -1.7196E+00 -3.0971E-01  7.6369E-01  4.4948E+00  1.0093E+02  4.0661E+00
 -4.4144E-03 -1.7147E+00 -2.9209E-01  7.6954E-01  4.4202E+00  1.0085E+02  3.9912E+00
 -2.9456E-03 -1.7098E+00 -2.7746E-01  7.7528E-01  4.3365E+00  1.0078E+02  3.9057E+00
 -1.3655E-03 -1.7045E+00 -2.6476E-01  7.8132E-01  4.2390E+00  1.0071E+02  3.8051E+00
  1.0328E-04 -1.6996E+00 -2.5546E-01  7.8681E-01  4.1452E+00  1.0067E+02  3.7073E+00
  1.5721E-03 -1.6947E+00 -2.4825E-01  7.9216E-01  4.0523E+00  1.0063E+02  3.6099E+00
  3.0409E-03 -1.6898E+00 -2.4284E-01  7.9737E-01  3.9642E+00  1.0062E+02  3.5170E+00
  4.5097E-03 -1.6849E+00 -2.3893E-01  8.0246E-01  3.8838E+00  1.0063E+02  3.4323E+00
  5.9785E-03 -1.6800E+00 -2.3625E-01  8.0744E-01  3.8132E+00  1.0065E+02  3.3581E+00
  7.4473E-03 -1.6751E+00 -2.3457E-01  8.1233E-01  3.7531E+00  1.0068E+02  3.2953E+00
  8.9162E-03 -1.6702E+00 -2.3367E-01  8.1713E-01  3.7034E+00  1.0072E+02  3.2441E+00
  1.0385E-02 -1.6653E+00 -2.3338E-01  8.2187E-01  3.6632E+00  1.0076E+02  3.2034E+00
  1.1963E-02 -1.6601E+00 -2.3361E-01  8.2691E-01  3.6292E+00  1.0080E+02  3.1702E+00
  1.3432E-02 -1.6552E+00 -2.3420E-01  8.3156E-01  3.6048E+00  1.0084E+02  3.1472E+00
  1.4901E-02 -1.6503E+00 -2.3506E-01  8.3618E-01  3.5858E+00  1.0087E+02  3.1307E+00
  1.6369E-02 -1.6454E+00 -2.3612E-01  8.4078E-01  3.5713E+00  1.0090E+02  3.1191E+00
  1.7838E-02 -1.6405E+00 -2.3735E-01  8.4537E-01  3.5603E+00  1.0093E+02  3.1115E+00
  1.9307E-02 -1.6356E+00 -2.3869E-01  8.4995E-01  3.5519E+00  1.0095E+02  3.1069E+00
  2.0776E-02 -1.6307E+00 -2.4013E-01  8.5452E-01  3.5456E+00  1.0097E+02  3.1047E+00
  2.2245E-02 -1.6258E+00 -2.4163E-01  8.5909E-01  3.5409E+00  1.0098E+02  3.1042E+00
  2.3714E-02 -1.6209E+00 -2.4318E-01  8.6367E-01  3.5374E+00  1.0099E+02  3.1049E+00
  2.5292E-02 -1.6156E+00 -2.4488E-01  8.6859E-01  3.5345E+00  1.0100E+02  3.1068E+00
  2.6760E-02 -1.6107E+00 -2.4650E-01  8.7316E-01  3.5326E+00  1.0101E+02  3.1094E+00
  2.8229E-02 -1.6058E+00 -2.4814E-01  8.7775E-01  3.5311E+00  1.0101E+02  3.1124E+00
  2.9698E-02 -1.6009E+00 -2.4979E-01  8.8234E-01  3.5291E+00  1.0103E+02  3.1145E+00
  3.1167E-02 -1.5960E+00 -2.5145E-01  8.8693E-01  3.5269E+00  1.0103E+02  3.1166E+00
  3.2636E-02 -1.5911E+00 -2.5311E-01  8.9152E-01  3.5268E+00  1.0103E+02  3.1210E+00
  3.4105E-02 -1.5862E+00 -2.5477E-01  8.9612E-01  3.5268E+00  1.0103E+02  3.1255E+00
  3.5573E-02 -1.5813E+00 -2.5643E-01  9.0073E-01  3.5268E+00  1.0103E+02  3.1298E+00
  3.7042E-02 -1.5764E+00 -2.5809E-01  9.0535E-01  3.5268E+00  1.0103E+02  3.1341E+00
  3.8620E-02 -1.5711E+00 -2.5987E-01  9.1031E-01  3.5268E+00  1.0103E+02  3.1387E+00
  4.0089E-02 -1.5662E+00 -2.6153E-01  9.1494E-01  3.5268E+00  1.0103E+02  3.1428E+00
  4.1558E-02 -1.5613E+00 -2.6319E-01  9.1958E-01  3.5268E+00  1.0103E+02  3.1469E+00
  4.3027E-02 -1.5564E+00 -2.6485E-01  9.2422E-01  3.5268E+00  1.0103E+02  3.1509E+00
  4.4495E-02 -1.5515E+00 -2.6652E-01  9.2886E-01  3.5269E+00  1.0103E+02  3.1549E+00
  4.5964E-02 -1.5466E+00 -2.6818E-01  9.3351E-01  3.5269E+00  1.0103E+02  3.1588E+00
  4.7433E-02 -1.5417E+00 -2.6984E-01  9.3817E-01  3.5269E+00  1.0103E+02  3.1627E+00
  4.8902E-02 -1.5368E+00 -2.7150E-01  9.4283E-01  3.5269E+00  1.0103E+02  3.1665E+00
  5.0371E-02 -1.5319E+00 -2.7316E-01  9.4750E-01  3.5269E+00  1.0103E+02  3.1702E+00
  5.1949E-02 -1.5267E+00 -2.7494E-01  9.5252E-01  3.5269E+00  1.0103E+02  3.1742E+00
  5.3418E-02 -1.5218E+00 -2.7660E-01  9.5720E-01  3.5269E+00  1.0103E+02  3.1778E+00
  5.4886E-02 -1.5169E+00 -2.7826E-01  9.6189E-01  3.5269E+00  1.0103E+02  3.1814E+00
  5.6355E-02 -1.5120E+00 -2.7992E-01  9.6658E-01  3.5269E+00  1.0103E+02  3.1849E+00
  5.7824E-02 -1.5071E+00 -2.8159E-01  9.7128E-01  3.5269E+00  1.0103E+02  3.1884E+00
  5.9293E-02 -1.5022E+00 -2.8325E-01  9.7598E-01  3.5269E+00  1.0103E+02  3.1918E+00
  6.0762E-02 -1.4973E+00 -2.8491E-01  9.8068E-01  3.5269E+00  1.0103E+02  3.1952E+00
  6.2230E-02 -1.4924E+00 -2.8657E-01  9.8539E-01  3.5269E+00  1.0103E+02  3.1985E+00
  6.3699E-02 -1.4875E+00 -2.8823E-01  9.9011E-01  3.5269E+00  1.0103E+02  3.2018E+00
  6.5277E-02 -1.4822E+00 -2.9001E-01  9.9518E-01  3.5269E+00  1.0103E+02  3.2053E+00
  6.6746E-02 -1.4773E+00 -2.9167E-01  9.9991E-01  3.5269E+00  1.0103E+02  3.2085E+00
  6.8215E-02 -1.4724E+00 -2.9333E-01  1.0046E+00  3.5269E+00  1.0103E+02  3.2116E+00
  6.9684E-02 -1.4675E+00 -2.9499E-01  1.0094E+00  3.5269E+00  1.0103E+02  3.2147E+00
  7.1153E-02 -1.4626E+00 -2.9665E-01  1.0141E+00  3.5269E+00  1.0103E+02  3.2178E+00
  7.2621E-02 -1.4577E+00 -2.9832E-01  1.0189E+00  3.5269E+00  1.0103E+02  3.2208E+00
  7.4090E-02 -1.4528E+00 -2.9998E-01  1.0236E+00  3.5269E+00  1.0103E+02  3.2237E+00
  7.5559E-02 -1.4479E+00 -3.0164E-01  1.0284E+00  3.5269E+00  1.0103E+02  3.2267E+00
  7.7028E-02 -1.4430E+00 -3.0330E-01  1.0331E+00  3.5269E+00  1.0103E+02  3.2296E+00
  7.8606E-02 -1.4377E+00 -3.0508E-01  1.0382E+00  3.5269E+00  1.0103E+02  3.2326E+00
  8.0075E-02 -1.4328E+00 -3.0674E-01  1.0430E+00  3.5269E+00  1.0103E+02  3.2354E+00
  8.1543E-02 -1.4279E+00 -3.0840E-01  1.0478E+00  3.5269E+00  1.0103E+02  3.2382E+00
  8.3012E-02 -1.4230E+00 -3.1006E-01  1.0525E+00  3.5269E+00  1.0103E+02  3.2409E+00
  8.4481E-02 -1.4181E+00 -3.1172E-01  1.0573E+00  3.5269E+00  1.0103E+02  3.2436E+00
  8.5950E-02 -1.4132E+00 -3.1338E-01  1.0621E+00  3.5269E+00  1.0103E+02  3.2463E+00
  8.7419E-02 -1.4083E+00 -3.1505E-01  1.0669E+00  3.5269E+00  1.0103E+02  3.2489E+00
  8.8888E-02 -1.4034E+00 -3.1671E-01  1.0717E+00  3.5269E+00  1.0103E+02  3.2515E+00
  9.0356E-02 -1.3985E+00 -3.1837E-01  1.0765E+00  3.5269E+00  1.0103E+02  3.2540E+00
  9.1934E-02 -1.3933E+00 -3.2015E-01  1.0816E+00  3.5269E+00  1.0103E+02  3.2567E+00
  9.3403E-02 -1.3884E+00 -3.2181E-01  1.0864E+00  3.5269E+00  1.0103E+02  3.2592E+00
  9.4872E-02 -1.3835E+00 -3.2347E-01  1.0912E+00  3.5269E+00  1.0103E+02  3.2617E+00
  9.6341E-02 -1.3786E+00 -3.2513E-01  1.0960E+00  3.5269E+00  1.0103E+02  3.2641E+00
  9.7810E-02 -1.3737E+00 -3.2679E-01  1.1008E+00  3.5269E+00  1.0103E+02  3.2665E+00
  9.9278E-02 -1.3688E+00 -3.2845E-01  1.1057E+00  3.5269E+00  1.0103E+02  3.2688E+00
  1.0075E-01 -1.3639E+00 -3.3011E-01  1.1105E+00  3.5269E+00  1.0103E+02  3.2711E+00
  1.0222E-01 -1.3590E+00 -3.3178E-01  1.1153E+00  3.5269E+00  1.0103E+02  3.2734E+00
  1.0368E-01 -1.3541E+00 -3.3344E-01  1.1201E+00  3.5269E+00  1.0103E+02  3.2757E+00
  1.0526E-01 -1.3488E+00 -3.3522E-01  1.1253E+00  3.5269E+00  1.0103E+02  3.2781E+00
  1.0673E-01 -1.3439E+00 -3.3688E-01  1.1301E+00  3.5269E+00  1.0103E+02  3.2803E+00
  1.0820E-01 -1.3390E+00 -3.3854E-01  1.1350E+00  3.5269E+00  1.0103E+02  3.2825E+00
  1.0967E-01 -1.3341E+00 -3.4020E-01  1.1398E+00  3.5269E+00  1.0103E+02  3.2846E+00
  1.1114E-01 -1.3292E+00 -3.4186E-01  1.1447E+00  3.5269E+00  1.0103E+02  3.2868E+00
  1.1261E-01 -1.3243E+00 -3.4352E-01  1.1495E+00  3.5269E+00  1.0103E+02  3.2889E+00
  1.1408E-01 -1.3194E+00 -3.4518E-01  1.1544E+00  3.5269E+00  1.0103E+02  3.2909E+00
  1.1554E-01 -1.3145E+00 -3.4684E-01  1.1592E+00  3.5269E+00  1.0103E+02  3.2930E+00
  1.1701E-01 -1.3096E+00 -3.4851E-01  1.1641E+00  3.5269E+00  1.0103E+02  3.2950E+00
  1.1859E-01 -1.3043E+00 -3.5029E-01  1.1693E+00  3.5269E+00  1.0103E+02  3.2971E+00
  1.2006E-01 -1.2994E+00 -3.5195E-01  1.1741E+00  3.5269E+00  1.0103E+02  3.2991E+00
  1.2153E-01 -1.2945E+00 -3.5361E-01  1.1790E+00  3.5269E+00  1.0103E+02  3.3010E+00
  1.2300E-01 -1.2896E+00 -3.5527E-01  1.1839E+00  3.5269E+00  1.0103E+02  3.3029E+00
  1.2447E-01 -1.2847E+00 -3.5693E-01  1.1887E+00  3.5269E+00  1.0103E+02  3.3048E+00
  1.2594E-01 -1.2798E+00 -3.5859E-01  1.1936E+00  3.5269E+00  1.0103E+02  3.3067E+00
  1.2740E-01 -1.2749E+00 -3.6025E-01  1.1985E+00  3.5269E+00  1.0103E+02  3.3086E+00
  1.2887E-01 -1.2700E+00 -3.6191E-01  1.2034E+00  3.5269E+00  1.0103E+02  3.3104E+00
  1.3034E-01 -1.2651E+00 -3.6358E-01  1.2082E+00  3.5269E+00  1.0103E+02  3.3122E+00
  1.3192E-01 -1.2599E+00 -3.6536E-01  1.2135E+00  3.5269E+00  1.0103E+02  3.3141E+00
  1.3339E-01 -1.2550E+00 -3.6702E-01  1.2184E+00  3.5269E+00  1.0103E+02  3.3159E+00
  1.3486E-01 -1.2501E+00 -3.6868E-01  1.2232E+00  3.5269E+00  1.0103E+02  3.3176E+00
  1.3633E-01 -1.2452E+00 -3.7034E-01  1.2281E+00  3.5269E+00  1.0103E+02  3.3193E+00
  1.3780E-01 -1.2403E+00 -3.7200E-01  1.2330E+00  3.5269E+00  1.0103E+02  3.3210E+00
  1.3926E-01 -1.2354E+00 -3.7366E-01  1.2379E+00  3.5269E+00  1.0103E+02  3.3227E+00
  1.4073E-01 -1.2305E+00 -3.7532E-01  1.2428E+00  3.5269E+00  1.0103E+02  3.3243E+00
  1.4220E-01 -1.2256E+00 -3.7698E-01  1.2477E+00  3.5269E+00  1.0103E+02  3.3260E+00
  1.4367E-01 -1.2207E+00 -3.7864E-01  1.2526E+00  3.5269E+00  1.0103E+02  3.3276E+00
  1.4525E-01 -1.2154E+00 -3.8043E-01  1.2579E+00  3.5270E+00  1.0103E+02  3.3293E+00
  1.4672E-01 -1.2105E+00 -3.8209E-01  1.2628E+00  3.5270E+00  1.0103E+02  3.3309E+00
  1.4819E-01 -1.2056E+00 -3.8375E-01  1.2677E+00  3.5270E+00  1.0103E+02  3.3325E+00
  1.4965E-01 -1.2007E+00 -3.8541E-01  1.2726E+00  3.5270E+00  1.0103E+02  3.3340E+00
  1.5112E-01 -1.1958E+00 -3.8707E-01  1.2775E+00  3.5270E+00  1.0103E+02  3.3355E+00
  1.5259E-01 -1.1909E+00 -3.8873E-01  1.2825E+00  3.5270E+00  1.0103E+02  3.3370E+00
  1.5406E-01 -1.1860E+00 -3.9039E-01  1.2874E+00  3.5270E+00  1.0103E+02  3.3385E+00
  1.5553E-01 -1.1811E+00 -3.9205E-01  1.2923E+00  3.5270E+00  1.0103E+02  3.3400E+00
  1.5700E-01 -1.1762E+00 -3.9371E-01  1.2972E+00  3.5270E+00  1.0103E+02  3.3415E+00
  1.5858E-01 -1.1710E+00 -3.9550E-01  1.3025E+00  3.5270E+00  1.0103E+02  3.3430E+00
  1.6005E-01 -1.1661E+00 -3.9716E-01  1.3074E+00  3.5270E+00  1.0103E+02  3.3444E+00
  1.6151E-01 -1.1612E+00 -3.9882E-01  1.3124E+00  3.5270E+00  1.0103E+02  3.3458E+00
  1.6298E-01 -1.1563E+00 -4.0048E-01  1.3173E+00  3.5270E+00  1.0103E+02  3.3472E+00
  1.6445E-01 -1.1514E+00 -4.0214E-01  1.3222E+00  3.5270E+00  1.0103E+02  3.3486E+00
  1.6592E-01 -1.1465E+00 -4.0380E-01  1.3272E+00  3.5270E+00  1.0103E+02  3.3500E+00
  1.6739E-01 -1.1416E+00 -4.0546E-01  1.3321E+00  3.5270E+00  1.0103E+02  3.3513E+00
  1.6886E-01 -1.1367E+00 -4.0712E-01  1.3370E+00  3.5270E+00  1.0103E+02  3.3526E+00
  1.7033E-01 -1.1318E+00 -4.0878E-01  1.3420E+00  3.5270E+00  1.0103E+02  3.3540E+00
  1.7191E-01 -1.1265E+00 -4.1057E-01  1.3473E+00  3.5270E+00  1.0103E+02  3.3554E+00
  1.7337E-01 -1.1216E+00 -4.1223E-01  1.3522E+00  3.5270E+00  1.0103E+02  3.3566E+00
  1.7484E-01 -1.1167E+00 -4.1389E-01  1.3572E+00  3.5270E+00  1.0103E+02  3.3579E+00
  1.7631E-01 -1.1118E+00 -4.1555E-01  1.3621E+00  3.5270E+00  1.0103E+02  3.3592E+00
  1.7778E-01 -1.1069E+00 -4.1721E-01  1.3671E+00  3.5270E+00  1.0103E+02  3.3604E+00
  1.7925E-01 -1.1020E+00 -4.1887E-01  1.3720E+00  3.5270E+00  1.0103E+02  3.3616E+00
  1.8072E-01 -1.0971E+00 -4.2053E-01  1.3770E+00  3.5270E+00  1.0103E+02  3.3629E+00
  1.8219E-01 -1.0922E+00 -4.2219E-01  1.3819E+00  3.5270E+00  1.0103E+02  3.3641E+00
  1.8366E-01 -1.0873E+00 -4.2385E-01  1.3869E+00  3.5270E+00  1.0103E+02  3.3653E+00
  1.8523E-01 -1.0820E+00 -4.2564E-01  1.3922E+00  3.5270E+00  1.0103E+02  3.3665E+00
  1.8670E-01 -1.0771E+00 -4.2730E-01  1.3972E+00  3.5270E+00  1.0103E+02  3.3677E+00
  1.8817E-01 -1.0722E+00 -4.2896E-01  1.4022E+00  3.5270E+00  1.0103E+02  3.3688E+00
  1.8964E-01 -1.0673E+00 -4.3062E-01  1.4071E+00  3.5270E+00  1.0103E+02  3.3700E+00
  1.9111E-01 -1.0624E+00 -4.3228E-01  1.4121E+00  3.5270E+00  1.0103E+02  3.3711E+00
  1.9258E-01 -1.0575E+00 -4.3394E-01  1.4171E+00  3.5270E+00  1.0103E+02  3.3722E+00
  1.9405E-01 -1.0526E+00 -4.3560E-01  1.4220E+00  3.5270E+00  1.0103E+02  3.3733E+00
  1.9552E-01 -1.0477E+00 -4.3726E-01  1.4270E+00  3.5270E+00  1.0103E+02  3.3744E+00
  1.9698E-01 -1.0428E+00 -4.3892E-01  1.4320E+00  3.5270E+00  1.0103E+02  3.3755E+00
  1.9856E-01 -1.0376E+00 -4.4071E-01  1.4373E+00  3.5270E+00  1.0103E+02  3.3767E+00
  2.0003E-01 -1.0327E+00 -4.4237E-01  1.4423E+00  3.5270E+00  1.0103E+02  3.3777E+00
  2.0150E-01 -1.0278E+00 -4.4403E-01  1.4473E+00  3.5270E+00  1.0103E+02  3.3788E+00
  2.0297E-01 -1.0229E+00 -4.4569E-01  1.4523E+00  3.5270E+00  1.0103E+02  3.3798E+00
  2.0444E-01 -1.0180E+00 -4.4735E-01  1.4572E+00  3.5270E+00  1.0103E+02  3.3808E+00
  2.0591E-01 -1.0131E+00 -4.4901E-01  1.4622E+00  3.5270E+00  1.0103E+02  3.3819E+00
  2.0738E-01 -1.0082E+00 -4.5067E-01  1.4672E+00  3.5270E+00  1.0103E+02  3.3829E+00
  2.0884E-01 -1.0033E+00 -4.5233E-01  1.4722E+00  3.5270E+00  1.0103E+02  3.3839E+00
  2.1031E-01 -9.9836E-01 -4.5399E-01  1.4772E+00  3.5270E+00  1.0103E+02  3.3848E+00
  2.1189E-01 -9.9310E-01 -4.5578E-01  1.4825E+00  3.5270E+00  1.0103E+02  3.3859E+00
  2.1336E-01 -9.8820E-01 -4.5744E-01  1.4875E+00  3.5270E+00  1.0103E+02  3.3869E+00
  2.1483E-01 -9.8330E-01 -4.5910E-01  1.4925E+00  3.5270E+00  1.0103E+02  3.3878E+00
  2.1630E-01 -9.7840E-01 -4.6076E-01  1.4975E+00  3.5270E+00  1.0103E+02  3.3888E+00
  2.1777E-01 -9.7350E-01 -4.6242E-01  1.5025E+00  3.5270E+00  1.0103E+02  3.3897E+00
  2.1924E-01 -9.6860E-01 -4.6408E-01  1.5075E+00  3.5270E+00  1.0103E+02  3.3906E+00
  2.2070E-01 -9.6370E-01 -4.6574E-01  1.5125E+00  3.5270E+00  1.0103E+02  3.3915E+00
  2.2217E-01 -9.5880E-01 -4.6740E-01  1.5175E+00  3.5270E+00  1.0103E+02  3.3925E+00
  2.2364E-01 -9.5390E-01 -4.6906E-01  1.5225E+00  3.5270E+00  1.0103E+02  3.3934E+00
  2.2522E-01 -9.4863E-01 -4.7084E-01  1.5279E+00  3.5270E+00  1.0103E+02  3.3943E+00
  2.2669E-01 -9.4373E-01 -4.7251E-01  1.5329E+00  3.5270E+00  1.0103E+02  3.3952E+00
  2.2816E-01 -9.3883E-01 -4.7417E-01  1.5379E+00  3.5270E+00  1.0103E+02  3.3961E+00
  2.2963E-01 -9.3393E-01 -4.7583E-01  1.5429E+00  3.5270E+00  1.0103E+02  3.3969E+00
  2.3110E-01 -9.2903E-01 -4.7749E-01  1.5479E+00  3.5270E+00  1.0103E+02  3.3978E+00
  2.3256E-01 -9.2413E-01 -4.7915E-01  1.5529E+00  3.5270E+00  1.0103E+02  3.3986E+00
  2.3403E-01 -9.1923E-01 -4.8081E-01  1.5579E+00  3.5270E+00  1.0103E+02  3.3995E+00
  2.3550E-01 -9.1433E-01 -4.8247E-01  1.5629E+00  3.5270E+00  1.0103E+02  3.4003E+00
  2.3697E-01 -9.0943E-01 -4.8413E-01  1.5679E+00  3.5270E+00  1.0103E+02  3.4011E+00
  2.3855E-01 -9.0417E-01 -4.8591E-01  1.5733E+00  3.5270E+00  1.0103E+02  3.4020E+00
  2.4002E-01 -8.9927E-01 -4.8757E-01  1.5783E+00  3.5270E+00  1.0103E+02  3.4028E+00
  2.4149E-01 -8.9437E-01 -4.8924E-01  1.5833E+00  3.5270E+00  1.0103E+02  3.4036E+00
  2.4295E-01 -8.8947E-01 -4.9090E-01  1.5884E+00  3.5270E+00  1.0103E+02  3.4044E+00
  2.4442E-01 -8.8457E-01 -4.9256E-01  1.5934E+00  3.5270E+00  1.0103E+02  3.4052E+00
  2.4589E-01 -8.7967E-01 -4.9422E-01  1.5984E+00  3.5270E+00  1.0103E+02  3.4060E+00
  2.4736E-01 -8.7477E-01 -4.9588E-01  1.6034E+00  3.5270E+00  1.0103E+02  3.4067E+00
  2.4883E-01 -8.6987E-01 -4.9754E-01  1.6084E+00  3.5270E+00  1.0103E+02  3.4075E+00
  2.5030E-01 -8.6497E-01 -4.9920E-01  1.6135E+00  3.5270E+00  1.0103E+02  3.4083E+00
  2.5188E-01 -8.5971E-01 -5.0098E-01  1.6188E+00  3.5270E+00  1.0103E+02  3.4091E+00
  2.5335E-01 -8.5481E-01 -5.0264E-01  1.6239E+00  3.5270E+00  1.0103E+02  3.4098E+00
  2.5481E-01 -8.4991E-01 -5.0430E-01  1.6289E+00  3.5270E+00  1.0103E+02  3.4106E+00
  2.5628E-01 -8.4501E-01 -5.0597E-01  1.6339E+00  3.5270E+00  1.0103E+02  3.4113E+00
  2.5775E-01 -8.4011E-01 -5.0763E-01  1.6390E+00  3.5270E+00  1.0103E+02  3.4120E+00
  2.5922E-01 -8.3521E-01 -5.0929E-01  1.6440E+00  3.5270E+00  1.0103E+02  3.4127E+00
  2.6069E-01 -8.3031E-01 -5.1095E-01  1.6490E+00  3.5270E+00  1.0103E+02  3.4134E+00
  2.6216E-01 -8.2541E-01 -5.1261E-01  1.6540E+00  3.5270E+00  1.0103E+02  3.4141E+00
  2.6363E-01 -8.2051E-01 -5.1427E-01  1.6591E+00  3.5270E+00  1.0103E+02  3.4148E+00
  2.6521E-01 -8.1524E-01 -5.1605E-01  1.6645E+00  3.5270E+00  1.0103E+02  3.4156E+00
  2.6667E-01 -8.1034E-01 -5.1771E-01  1.6695E+00  3.5270E+00  1.0103E+02  3.4162E+00
  2.6814E-01 -8.0544E-01 -5.1937E-01  1.6745E+00  3.5270E+00  1.0103E+02  3.4169E+00
  2.6961E-01 -8.0054E-01 -5.2103E-01  1.6796E+00  3.5270E+00  1.0103E+02  3.4176E+00
  2.7108E-01 -7.9564E-01 -5.2270E-01  1.6846E+00  3.5270E+00  1.0103E+02  3.4183E+00
  2.7255E-01 -7.9074E-01 -5.2436E-01  1.6897E+00  3.5270E+00  1.0103E+02  3.4189E+00
  2.7402E-01 -7.8584E-01 -5.2602E-01  1.6947E+00  3.5270E+00  1.0103E+02  3.4196E+00
  2.7549E-01 -7.8094E-01 -5.2768E-01  1.6997E+00  3.5270E+00  1.0103E+02  3.4202E+00
  2.7696E-01 -7.7604E-01 -5.2934E-01  1.7048E+00  3.5270E+00  1.0103E+02  3.4209E+00
  2.7853E-01 -7.7078E-01 -5.3112E-01  1.7102E+00  3.5270E+00  1.0103E+02  3.4215E+00
  2.8000E-01 -7.6588E-01 -5.3278E-01  1.7152E+00  3.5270E+00  1.0103E+02  3.4222E+00
  2.8147E-01 -7.6098E-01 -5.3444E-01  1.7203E+00  3.5270E+00  1.0103E+02  3.4228E+00
  2.8294E-01 -7.5608E-01 -5.3610E-01  1.7253E+00  3.5270E+00  1.0103E+02  3.4234E+00
  2.8441E-01 -7.5118E-01 -5.3776E-01  1.7304E+00  3.5270E+00  1.0103E+02  3.4240E+00
  2.8588E-01 -7.4628E-01 -5.3943E-01  1.7354E+00  3.5270E+00  1.0103E+02  3.4246E+00
  2.8735E-01 -7.4138E-01 -5.4109E-01  1.7405E+00  3.5270E+00  1.0103E+02  3.4252E+00
  2.8882E-01 -7.3648E-01 -5.4275E-01  1.7455E+00  3.5270E+00  1.0103E+02  3.4258E+00
  2.9028E-01 -7.3158E-01 -5.4441E-01  1.7506E+00  3.5270E+00  1.0103E+02  3.4264E+00
  2.9186E-01 -7.2631E-01 -5.4619E-01  1.7560E+00  3.5271E+00  1.0103E+02  3.4271E+00
  2.9333E-01 -7.2141E-01 -5.4785E-01  1.7610E+00  3.5270E+00  1.0103E+02  3.4276E+00
  2.9480E-01 -7.1651E-01 -5.4951E-01  1.7661E+00  3.5266E+00  1.0104E+02  3.4278E+00
  2.9627E-01 -7.1161E-01 -5.5117E-01  1.7711E+00  3.5260E+00  1.0104E+02  3.4277E+00
  2.9774E-01 -7.0671E-01 -5.5283E-01  1.7762E+00  3.5252E+00  1.0104E+02  3.4274E+00
  2.9921E-01 -7.0181E-01 -5.5449E-01  1.7812E+00  3.5239E+00  1.0105E+02  3.4267E+00
  3.0068E-01 -6.9691E-01 -5.5615E-01  1.7863E+00  3.5221E+00  1.0105E+02  3.4254E+00
  3.0214E-01 -6.9201E-01 -5.5780E-01  1.7913E+00  3.5195E+00  1.0106E+02  3.4232E+00
  3.0361E-01 -6.8711E-01 -5.5946E-01  1.7964E+00  3.5158E+00  1.0108E+02  3.4199E+00
  3.0519E-01 -6.8185E-01 -5.6123E-01  1.8018E+00  3.5099E+00  1.0110E+02  3.4144E+00
  3.0666E-01 -6.7695E-01 -5.6288E-01  1.8068E+00  3.5021E+00  1.0114E+02  3.4069E+00
  3.0813E-01 -6.7205E-01 -5.6452E-01  1.8118E+00  3.4911E+00  1.0118E+02  3.3960E+00
  3.0960E-01 -6.6715E-01 -5.6615E-01  1.8168E+00  3.4757E+00  1.0124E+02  3.3805E+00
  3.1002E-01 -6.6575E-01 -5.6662E-01  1.8182E+00  3.4703E+00  1.0126E+02  3.3751E+00
  3.1107E-01 -6.6225E-01 -5.6777E-01  1.8218E+00  3.4544E+00  1.0132E+02  3.3591E+00
  3.1254E-01 -6.5735E-01 -5.6937E-01  1.8267E+00  3.4256E+00  1.0142E+02  3.3297E+00
  3.1400E-01 -6.5245E-01 -5.7096E-01  1.8316E+00  3.3873E+00  1.0154E+02  3.2907E+00
  3.1547E-01 -6.4755E-01 -5.7251E-01  1.8364E+00  3.3379E+00  1.0168E+02  3.2400E+00
  3.1694E-01 -6.4265E-01 -5.7403E-01  1.8411E+00  3.2760E+00  1.0183E+02  3.1764E+00
  3.1852E-01 -6.3739E-01 -5.7562E-01  1.8461E+00  3.1946E+00  1.0200E+02  3.0926E+00
  3.1999E-01 -6.3249E-01 -5.7705E-01  1.8506E+00  3.1053E+00  1.0214E+02  3.0005E+00
  3.2146E-01 -6.2759E-01 -5.7843E-01  1.8549E+00  3.0038E+00  1.0227E+02  2.8956E+00
  3.2293E-01 -6.2269E-01 -5.7974E-01  1.8591E+00  2.8918E+00  1.0238E+02  2.7795E+00
  3.2439E-01 -6.1779E-01 -5.8100E-01  1.8631E+00  2.7711E+00  1.0247E+02  2.6540E+00
  3.2586E-01 -6.1289E-01 -5.8219E-01  1.8669E+00  2.6437E+00  1.0254E+02  2.5210E+00
  3.2733E-01 -6.0799E-01 -5.8331E-01  1.8705E+00  2.5113E+00  1.0259E+02  2.3822E+00
  3.2880E-01 -6.0309E-01 -5.8437E-01  1.8739E+00  2.3754E+00  1.0263E+02  2.2389E+00
  3.3027E-01 -5.9819E-01 -5.8535E-01  1.8771E+00  2.2374E+00  1.0265E+02  2.0923E+00
  3.3185E-01 -5.9292E-01 -5.8633E-01  1.8803E+00  2.0879E+00  1.0267E+02  1.9322E+00
  3.3332E-01 -5.8802E-01 -5.8717E-01  1.8831E+00  1.9487E+00  1.0269E+02  1.7812E+00
  3.3479E-01 -5.8312E-01 -5.8794E-01  1.8856E+00  1.8102E+00  1.0270E+02  1.6290E+00
  3.3625E-01 -5.7822E-01 -5.8863E-01  1.8879E+00  1.6732E+00  1.0270E+02  1.4758E+00
  3.3772E-01 -5.7332E-01 -5.8926E-01  1.8899E+00  1.5388E+00  1.0271E+02  1.3219E+00
  3.3919E-01 -5.6842E-01 -5.8981E-01  1.8918E+00  1.4079E+00  1.0271E+02  1.1675E+00
  3.4066E-01 -5.6352E-01 -5.9029E-01  1.8934E+00  1.2820E+00  1.0272E+02  1.0126E+00
  3.4213E-01 -5.5862E-01 -5.9069E-01  1.8947E+00  1.1629E+00  1.0272E+02  8.5732E-01
  3.4360E-01 -5.5372E-01 -5.9103E-01  1.8959E+00  1.0531E+00  1.0272E+02  7.0173E-01
  3.4518E-01 -5.4846E-01 -5.9131E-01  1.8969E+00  9.4953E-01  1.0272E+02  5.3443E-01
  3.4665E-01 -5.4356E-01 -5.9149E-01  1.8975E+00  8.7116E-01  1.0272E+02  3.7863E-01
  3.4811E-01 -5.3866E-01 -5.9160E-01  1.8980E+00  8.1542E-01  1.0272E+02  2.2279E-01
  3.4958E-01 -5.3376E-01 -5.9164E-01  1.8982E+00  7.8716E-01  1.0272E+02  6.6912E-02
  3.5105E-01 -5.2886E-01 -5.9160E-01  1.8982E+00  7.8935E-01  1.0272E+02 -8.8969E-02
  3.5252E-01 -5.2396E-01 -5.9149E-01  1.8979E+00  8.2174E-01  1.0272E+02 -2.4484E-01
  3.5399E-01 -5.1906E-01 -5.9131E-01  1.8975E+00  8.8100E-01  1.0272E+02 -4.0068E-01
  3.5546E-01 -5.1416E-01 -5.9106E-01  1.8968E+00  9.6216E-01  1.0272E+02 -5.5647E-01
  3.5693E-01 -5.0926E-01 -5.9073E-01  1.8958E+00  1.0601E+00  1.0272E+02 -7.1220E-01
  3.5851E-01 -5.0399E-01 -5.9030E-01  1.8946E+00  1.1793E+00  1.0272E+02 -8.7939E-01
  3.5997E-01 -4.9909E-01 -5.8983E-01  1.8931E+00  1.2998E+00  1.0272E+02 -1.0349E+00
  3.6144E-01 -4.9419E-01 -5.8928E-01  1.8915E+00  1.4270E+00  1.0272E+02 -1.1903E+00
  3.6291E-01 -4.8929E-01 -5.8866E-01  1.8896E+00  1.5592E+00  1.0272E+02 -1.3456E+00
  3.6438E-01 -4.8439E-01 -5.8796E-01  1.8875E+00  1.6953E+00  1.0272E+02 -1.5006E+00
  3.6585E-01 -4.7949E-01 -5.8720E-01  1.8852E+00  1.8342E+00  1.0272E+02 -1.6555E+00
  3.6732E-01 -4.7459E-01 -5.8636E-01  1.8827E+00  1.9754E+00  1.0272E+02 -1.8102E+00
  3.6879E-01 -4.6969E-01 -5.8545E-01  1.8799E+00  2.1183E+00  1.0272E+02 -1.9647E+00
  3.7026E-01 -4.6479E-01 -5.8447E-01  1.8769E+00  2.2625E+00  1.0272E+02 -2.1189E+00
  3.7183E-01 -4.5953E-01 -5.8333E-01  1.8734E+00  2.4186E+00  1.0272E+02 -2.2843E+00
  3.7330E-01 -4.5463E-01 -5.8220E-01  1.8699E+00  2.5647E+00  1.0272E+02 -2.4380E+00
  3.7477E-01 -4.4973E-01 -5.8100E-01  1.8662E+00  2.7114E+00  1.0272E+02 -2.5914E+00
  3.7624E-01 -4.4483E-01 -5.7972E-01  1.8623E+00  2.8585E+00  1.0272E+02 -2.7445E+00
  3.7771E-01 -4.3993E-01 -5.7838E-01  1.8581E+00  3.0059E+00  1.0272E+02 -2.8972E+00
  3.7918E-01 -4.3503E-01 -5.7696E-01  1.8537E+00  3.1535E+00  1.0272E+02 -3.0496E+00
  3.8065E-01 -4.3013E-01 -5.7548E-01  1.8491E+00  3.3012E+00  1.0272E+02 -3.2015E+00
  3.8212E-01 -4.2523E-01 -5.7392E-01  1.8443E+00  3.4489E+00  1.0272E+02 -3.3531E+00
  3.8358E-01 -4.2033E-01 -5.7229E-01  1.8392E+00  3.5966E+00  1.0272E+02 -3.5043E+00
  3.8516E-01 -4.1507E-01 -5.7046E-01  1.8336E+00  3.7551E+00  1.0272E+02 -3.6663E+00
  3.8663E-01 -4.1017E-01 -5.6869E-01  1.8281E+00  3.9025E+00  1.0272E+02 -3.8166E+00
  3.8810E-01 -4.0527E-01 -5.6684E-01  1.8223E+00  4.0496E+00  1.0271E+02 -3.9664E+00
  3.8957E-01 -4.0037E-01 -5.6493E-01  1.8164E+00  4.1965E+00  1.0271E+02 -4.1157E+00
  3.9104E-01 -3.9547E-01 -5.6295E-01  1.8102E+00  4.3431E+00  1.0271E+02 -4.2645E+00
  3.9251E-01 -3.9057E-01 -5.6090E-01  1.8038E+00  4.4893E+00  1.0271E+02 -4.4128E+00
  3.9398E-01 -3.8567E-01 -5.5878E-01  1.7972E+00  4.6351E+00  1.0271E+02 -4.5605E+00
  3.9544E-01 -3.8077E-01 -5.5659E-01  1.7904E+00  4.7802E+00  1.0270E+02 -4.7074E+00
  3.9691E-01 -3.7587E-01 -5.5433E-01  1.7833E+00  4.9246E+00  1.0270E+02 -4.8534E+00
  3.9849E-01 -3.7060E-01 -5.5183E-01  1.7755E+00  5.0789E+00  1.0269E+02 -5.0092E+00
  3.9996E-01 -3.6570E-01 -5.4943E-01  1.7680E+00  5.2216E+00  1.0268E+02 -5.1533E+00
  4.0143E-01 -3.6080E-01 -5.4697E-01  1.7603E+00  5.3632E+00  1.0267E+02 -5.2962E+00
  4.0290E-01 -3.5590E-01 -5.4444E-01  1.7524E+00  5.5034E+00  1.0265E+02 -5.4376E+00
  4.0437E-01 -3.5100E-01 -5.4184E-01  1.7443E+00  5.6420E+00  1.0263E+02 -5.5772E+00
  4.0583E-01 -3.4610E-01 -5.3918E-01  1.7360E+00  5.7783E+00  1.0259E+02 -5.7145E+00
  4.0730E-01 -3.4120E-01 -5.3646E-01  1.7275E+00  5.9118E+00  1.0255E+02 -5.8489E+00
  4.0877E-01 -3.3630E-01 -5.3368E-01  1.7188E+00  6.0416E+00  1.0249E+02 -5.9795E+00
  4.1024E-01 -3.3140E-01 -5.3085E-01  1.7099E+00  6.1666E+00  1.0241E+02 -6.1052E+00
  4.1182E-01 -3.2614E-01 -5.2774E-01  1.7001E+00  6.2940E+00  1.0231E+02 -6.2333E+00
  4.1329E-01 -3.2124E-01 -5.2479E-01  1.6908E+00  6.4045E+00  1.0219E+02 -6.3444E+00
  4.1476E-01 -3.1634E-01 -5.2180E-01  1.6814E+00  6.5056E+00  1.0205E+02 -6.4458E+00
  4.1623E-01 -3.1144E-01 -5.1877E-01  1.6718E+00  6.5957E+00  1.0190E+02 -6.5362E+00
  4.1769E-01 -3.0654E-01 -5.1571E-01  1.6621E+00  6.6736E+00  1.0175E+02 -6.6144E+00
  4.1916E-01 -3.0164E-01 -5.1262E-01  1.6523E+00  6.7390E+00  1.0161E+02 -6.6798E+00
  4.2063E-01 -2.9674E-01 -5.0951E-01  1.6425E+00  6.7921E+00  1.0149E+02 -6.7328E+00
  4.2210E-01 -2.9184E-01 -5.0638E-01  1.6325E+00  6.8338E+00  1.0139E+02 -6.7743E+00
  4.2357E-01 -2.8694E-01 -5.0325E-01  1.6225E+00  6.8658E+00  1.0131E+02 -6.8059E+00
  4.2515E-01 -2.8167E-01 -4.9987E-01  1.6117E+00  6.8911E+00  1.0125E+02 -6.8307E+00
  4.2662E-01 -2.7677E-01 -4.9672E-01  1.6016E+00  6.9081E+00  1.0121E+02 -6.8471E+00
  4.2809E-01 -2.7187E-01 -4.9356E-01  1.5915E+00  6.9203E+00  1.0118E+02 -6.8587E+00
  4.2955E-01 -2.6697E-01 -4.9041E-01  1.5814E+00  6.9290E+00  1.0115E+02 -6.8667E+00
  4.3102E-01 -2.6207E-01 -4.8725E-01  1.5713E+00  6.9351E+00  1.0114E+02 -6.8720E+00
  4.3249E-01 -2.5717E-01 -4.8408E-01  1.5612E+00  6.9393E+00  1.0113E+02 -6.8755E+00
  4.3396E-01 -2.5227E-01 -4.8092E-01  1.5511E+00  6.9423E+00  1.0112E+02 -6.8777E+00
  4.3543E-01 -2.4737E-01 -4.7776E-01  1.5409E+00  6.9444E+00  1.0111E+02 -6.8789E+00
  4.3690E-01 -2.4247E-01 -4.7460E-01  1.5308E+00  6.9458E+00  1.0110E+02 -6.8795E+00
  4.3848E-01 -2.3721E-01 -4.7120E-01  1.5199E+00  6.9468E+00  1.0110E+02 -6.8796E+00
  4.3995E-01 -2.3231E-01 -4.6804E-01  1.5098E+00  6.9475E+00  1.0110E+02 -6.8794E+00
  4.4141E-01 -2.2741E-01 -4.6487E-01  1.4996E+00  6.9479E+00  1.0109E+02 -6.8789E+00
  4.4288E-01 -2.2251E-01 -4.6171E-01  1.4895E+00  6.9481E+00  1.0109E+02 -6.8781E+00
  4.4435E-01 -2.1761E-01 -4.5855E-01  1.4794E+00  6.9481E+00  1.0108E+02 -6.8772E+00
  4.4582E-01 -2.1271E-01 -4.5538E-01  1.4692E+00  6.9481E+00  1.0108E+02 -6.8762E+00
  4.4729E-01 -2.0781E-01 -4.5222E-01  1.4591E+00  6.9481E+00  1.0108E+02 -6.8752E+00
  4.4876E-01 -2.0291E-01 -4.4906E-01  1.4490E+00  6.9481E+00  1.0108E+02 -6.8742E+00
  4.5023E-01 -1.9801E-01 -4.4589E-01  1.4388E+00  6.9481E+00  1.0107E+02 -6.8731E+00
  4.5181E-01 -1.9274E-01 -4.4250E-01  1.4280E+00  6.9481E+00  1.0107E+02 -6.8720E+00
  4.5327E-01 -1.8784E-01 -4.3933E-01  1.4178E+00  6.9481E+00  1.0107E+02 -6.8709E+00
  4.5474E-01 -1.8294E-01 -4.3617E-01  1.4077E+00  6.9481E+00  1.0106E+02 -6.8698E+00
  4.5621E-01 -1.7804E-01 -4.3301E-01  1.3976E+00  6.9481E+00  1.0106E+02 -6.8686E+00
  4.5768E-01 -1.7314E-01 -4.2984E-01  1.3875E+00  6.9481E+00  1.0106E+02 -6.8675E+00
  4.5915E-01 -1.6824E-01 -4.2668E-01  1.3774E+00  6.9481E+00  1.0106E+02 -6.8663E+00
  4.6062E-01 -1.6334E-01 -4.2352E-01  1.3672E+00  6.9481E+00  1.0105E+02 -6.8651E+00
  4.6209E-01 -1.5844E-01 -4.2035E-01  1.3571E+00  6.9481E+00  1.0105E+02 -6.8638E+00
  4.6356E-01 -1.5354E-01 -4.1719E-01  1.3470E+00  6.9481E+00  1.0105E+02 -6.8625E+00
  4.6513E-01 -1.4828E-01 -4.1379E-01  1.3362E+00  6.9481E+00  1.0104E+02 -6.8611E+00
  4.6660E-01 -1.4338E-01 -4.1063E-01  1.3260E+00  6.9481E+00  1.0104E+02 -6.8598E+00
  4.6807E-01 -1.3848E-01 -4.0747E-01  1.3159E+00  6.9481E+00  1.0104E+02 -6.8584E+00
  4.6954E-01 -1.3358E-01 -4.0430E-01  1.3058E+00  6.9481E+00  1.0104E+02 -6.8570E+00
  4.7101E-01 -1.2868E-01 -4.0114E-01  1.2957E+00  6.9481E+00  1.0103E+02 -6.8556E+00
  4.7248E-01 -1.2378E-01 -3.9798E-01  1.2856E+00  6.9481E+00  1.0103E+02 -6.8541E+00
  4.7395E-01 -1.1888E-01 -3.9481E-01  1.2755E+00  6.9481E+00  1.0103E+02 -6.8526E+00
  4.7542E-01 -1.1398E-01 -3.9165E-01  1.2654E+00  6.9481E+00  1.0103E+02 -6.8511E+00
  4.7688E-01 -1.0908E-01 -3.8849E-01  1.2554E+00  6.9481E+00  1.0102E+02 -6.8495E+00
  4.7846E-01 -1.0381E-01 -3.8509E-01  1.2445E+00  6.9481E+00  1.0102E+02 -6.8478E+00
  4.7993E-01 -9.8910E-02 -3.8192E-01  1.2344E+00  6.9481E+00  1.0102E+02 -6.8461E+00
  4.8140E-01 -9.4010E-02 -3.7876E-01  1.2243E+00  6.9481E+00  1.0101E+02 -6.8444E+00
  4.8287E-01 -8.9110E-02 -3.7560E-01  1.2143E+00  6.9481E+00  1.0101E+02 -6.8427E+00
  4.8434E-01 -8.4210E-02 -3.7243E-01  1.2042E+00  6.9481E+00  1.0101E+02 -6.8409E+00
  4.8581E-01 -7.9310E-02 -3.6927E-01  1.1941E+00  6.9481E+00  1.0101E+02 -6.8391E+00
  4.8727E-01 -7.4410E-02 -3.6611E-01  1.1840E+00  6.9481E+00  1.0100E+02 -6.8372E+00
  4.8874E-01 -6.9510E-02 -3.6295E-01  1.1739E+00  6.9481E+00  1.0100E+02 -6.8353E+00
  4.9021E-01 -6.4610E-02 -3.5978E-01  1.1639E+00  6.9481E+00  1.0100E+02 -6.8333E+00
  4.9179E-01 -5.9345E-02 -3.5638E-01  1.1531E+00  6.9481E+00  1.0100E+02 -6.8312E+00
  4.9326E-01 -5.4445E-02 -3.5322E-01  1.1430E+00  6.9481E+00  1.0099E+02 -6.8291E+00
  4.9473E-01 -4.9545E-02 -3.5006E-01  1.1329E+00  6.9481E+00  1.0099E+02 -6.8269E+00
  4.9620E-01 -4.4645E-02 -3.4689E-01  1.1229E+00  6.9481E+00  1.0099E+02 -6.8248E+00
  4.9767E-01 -3.9745E-02 -3.4373E-01  1.1128E+00  6.9481E+00  1.0098E+02 -6.8225E+00
  4.9913E-01 -3.4845E-02 -3.4057E-01  1.1028E+00  6.9481E+00  1.0098E+02 -6.8202E+00
  5.0060E-01 -2.9945E-02 -3.3740E-01  1.0927E+00  6.9481E+00  1.0098E+02 -6.8178E+00
  5.0207E-01 -2.5045E-02 -3.3424E-01  1.0827E+00  6.9481E+00  1.0098E+02 -6.8154E+00
  5.0354E-01 -2.0145E-02 -3.3108E-01  1.0727E+00  6.9481E+00  1.0097E+02 -6.8128E+00
  5.0512E-01 -1.4880E-02 -3.2768E-01  1.0619E+00  6.9481E+00  1.0097E+02 -6.8101E+00
  5.0659E-01 -9.9798E-03 -3.2452E-01  1.0518E+00  6.9481E+00  1.0097E+02 -6.8074E+00
  5.0806E-01 -5.0798E-03 -3.2135E-01  1.0418E+00  6.9481E+00  1.0097E+02 -6.8047E+00
  5.0953E-01 -1.7976E-04 -3.1819E-01  1.0318E+00  6.9481E+00  1.0096E+02 -6.8018E+00
  5.1099E-01  4.7202E-03 -3.1503E-01  1.0218E+00  6.9481E+00  1.0096E+02 -6.7989E+00
  5.1246E-01  9.6202E-03 -3.1186E-01  1.0118E+00  6.9481E+00  1.0096E+02 -6.7959E+00
  5.1393E-01  1.4520E-02 -3.0870E-01  1.0017E+00  6.9481E+00  1.0096E+02 -6.7928E+00
  5.1540E-01  1.9420E-02 -3.0554E-01  9.9174E-01  6.9481E+00  1.0095E+02 -6.7897E+00
  5.1687E-01  2.4320E-02 -3.0237E-01  9.8174E-01  6.9481E+00  1.0095E+02 -6.7864E+00
  5.1845E-01  2.9585E-02 -2.9897E-01  9.7099E-01  6.9481E+00  1.0095E+02 -6.7828E+00
  5.1992E-01  3.4485E-02 -2.9581E-01  9.6100E-01  6.9481E+00  1.0094E+02 -6.7793E+00
  5.2139E-01  3.9385E-02 -2.9265E-01  9.5102E-01  6.9481E+00  1.0094E+02 -6.7757E+00
  5.2285E-01  4.4285E-02 -2.8949E-01  9.4104E-01  6.9481E+00  1.0094E+02 -6.7720E+00
  5.2432E-01  4.9185E-02 -2.8632E-01  9.3106E-01  6.9481E+00  1.0094E+02 -6.7681E+00
  5.2579E-01  5.4085E-02 -2.8316E-01  9.2109E-01  6.9481E+00  1.0093E+02 -6.7642E+00
  5.2726E-01  5.8985E-02 -2.8000E-01  9.1113E-01  6.9481E+00  1.0093E+02 -6.7601E+00
  5.2873E-01  6.3885E-02 -2.7683E-01  9.0117E-01  6.9481E+00  1.0093E+02 -6.7558E+00
  5.3020E-01  6.8785E-02 -2.7367E-01  8.9122E-01  6.9481E+00  1.0093E+02 -6.7515E+00
  5.3178E-01  7.4051E-02 -2.7027E-01  8.8054E-01  6.9481E+00  1.0092E+02 -6.7466E+00
  5.3325E-01  7.8951E-02 -2.6711E-01  8.7060E-01  6.9481E+00  1.0092E+02 -6.7419E+00
  5.3471E-01  8.3851E-02 -2.6394E-01  8.6067E-01  6.9481E+00  1.0092E+02 -6.7371E+00
  5.3618E-01  8.8751E-02 -2.6078E-01  8.5075E-01  6.9481E+00  1.0092E+02 -6.7320E+00
  5.3765E-01  9.3651E-02 -2.5762E-01  8.4084E-01  6.9481E+00  1.0091E+02 -6.7269E+00
  5.3912E-01  9.8551E-02 -2.5445E-01  8.3093E-01  6.9481E+00  1.0091E+02 -6.7215E+00
  5.4059E-01  1.0345E-01 -2.5129E-01  8.2103E-01  6.9481E+00  1.0091E+02 -6.7159E+00
  5.4206E-01  1.0835E-01 -2.4813E-01  8.1114E-01  6.9481E+00  1.0091E+02 -6.7101E+00
  5.4353E-01  1.1325E-01 -2.4497E-01  8.0126E-01  6.9481E+00  1.0090E+02 -6.7041E+00
  5.4510E-01  1.1852E-01 -2.4157E-01  7.9065E-01  6.9481E+00  1.0090E+02 -6.6974E+00
  5.4657E-01  1.2342E-01 -2.3840E-01  7.8078E-01  6.9481E+00  1.0090E+02 -6.6909E+00
  5.4804E-01  1.2832E-01 -2.3524E-01  7.7093E-01  6.9481E+00  1.0090E+02 -6.6842E+00
  5.4951E-01  1.3322E-01 -2.3208E-01  7.6109E-01  6.9481E+00  1.0089E+02 -6.6772E+00
  5.5098E-01  1.3812E-01 -2.2891E-01  7.5126E-01  6.9481E+00  1.0089E+02 -6.6699E+00
  5.5245E-01  1.4302E-01 -2.2575E-01  7.4143E-01  6.9481E+00  1.0089E+02 -6.6623E+00
  5.5392E-01  1.4792E-01 -2.2259E-01  7.3162E-01  6.9481E+00  1.0089E+02 -6.6545E+00
  5.5539E-01  1.5282E-01 -2.1942E-01  7.2182E-01  6.9481E+00  1.0088E+02 -6.6463E+00
  5.5686E-01  1.5772E-01 -2.1626E-01  7.1204E-01  6.9481E+00  1.0088E+02 -6.6377E+00
  5.5843E-01  1.6298E-01 -2.1286E-01  7.0154E-01  6.9481E+00  1.0088E+02 -6.6282E+00
  5.5990E-01  1.6788E-01 -2.0970E-01  6.9178E-01  6.9481E+00  1.0088E+02 -6.6189E+00
  5.6137E-01  1.7278E-01 -2.0654E-01  6.8203E-01  6.9481E+00  1.0087E+02 -6.6092E+00
  5.6284E-01  1.7768E-01 -2.0337E-01  6.7230E-01  6.9481E+00  1.0087E+02 -6.5990E+00
  5.6431E-01  1.8258E-01 -2.0021E-01  6.6259E-01  6.9481E+00  1.0087E+02 -6.5885E+00
  5.6578E-01  1.8748E-01 -1.9705E-01  6.5289E-01  6.9481E+00  1.0087E+02 -6.5774E+00
  5.6725E-01  1.9238E-01 -1.9388E-01  6.4320E-01  6.9481E+00  1.0086E+02 -6.5659E+00
  5.6871E-01  1.9728E-01 -1.9072E-01  6.3354E-01  6.9481E+00  1.0086E+02 -6.5538E+00
  5.7018E-01  2.0218E-01 -1.8756E-01  6.2389E-01  6.9481E+00  1.0086E+02 -6.5411E+00
  5.7176E-01  2.0745E-01 -1.8416E-01  6.1355E-01  6.9481E+00  1.0085E+02 -6.5269E+00
  5.7323E-01  2.1235E-01 -1.8099E-01  6.0394E-01  6.9481E+00  1.0085E+02 -6.5129E+00
  5.7470E-01  2.1725E-01 -1.7783E-01  5.9435E-01  6.9481E+00  1.0085E+02 -6.4983E+00
  5.7617E-01  2.2215E-01 -1.7467E-01  5.8479E-01  6.9481E+00  1.0085E+02 -6.4830E+00
  5.7764E-01  2.2705E-01 -1.7151E-01  5.7525E-01  6.9481E+00  1.0084E+02 -6.4669E+00
  5.7911E-01  2.3195E-01 -1.6834E-01  5.6573E-01  6.9481E+00  1.0084E+02 -6.4499E+00
  5.8057E-01  2.3685E-01 -1.6518E-01  5.5624E-01  6.9481E+00  1.0084E+02 -6.4321E+00
  5.8204E-01  2.4175E-01 -1.6202E-01  5.4678E-01  6.9481E+00  1.0084E+02 -6.4134E+00
  5.8351E-01  2.4665E-01 -1.5885E-01  5.3734E-01  6.9481E+00  1.0083E+02 -6.3936E+00
  5.8509E-01  2.5191E-01 -1.5545E-01  5.2724E-01  6.9480E+00  1.0083E+02 -6.3711E+00
  5.8656E-01  2.5681E-01 -1.5229E-01  5.1787E-01  6.9478E+00  1.0083E+02 -6.3489E+00
  5.8803E-01  2.6171E-01 -1.4913E-01  5.0853E-01  6.9476E+00  1.0083E+02 -6.3254E+00
  5.8950E-01  2.6661E-01 -1.4597E-01  4.9923E-01  6.9473E+00  1.0082E+02 -6.3005E+00
  5.9097E-01  2.7151E-01 -1.4280E-01  4.8996E-01  6.9468E+00  1.0082E+02 -6.2740E+00
  5.9243E-01  2.7641E-01 -1.3964E-01  4.8074E-01  6.9462E+00  1.0082E+02 -6.2459E+00
  5.9390E-01  2.8131E-01 -1.3648E-01  4.7156E-01  6.9453E+00  1.0081E+02 -6.2158E+00
  5.9537E-01  2.8621E-01 -1.3332E-01  4.6242E-01  6.9441E+00  1.0081E+02 -6.1836E+00
  5.9684E-01  2.9111E-01 -1.3016E-01  4.5333E-01  6.9424E+00  1.0080E+02 -6.1490E+00
  5.9842E-01  2.9638E-01 -1.2676E-01  4.4363E-01  6.9399E+00  1.0080E+02 -6.1088E+00
  5.9989E-01  3.0128E-01 -1.2361E-01  4.3466E-01  6.9366E+00  1.0079E+02 -6.0681E+00
  6.0136E-01  3.0618E-01 -1.2045E-01  4.2575E-01  6.9323E+00  1.0078E+02 -6.0238E+00
  6.0283E-01  3.1108E-01 -1.1730E-01  4.1691E-01  6.9267E+00  1.0077E+02 -5.9755E+00
  6.0429E-01  3.1598E-01 -1.1415E-01  4.0814E-01  6.9195E+00  1.0076E+02 -5.9225E+00
  6.0576E-01  3.2088E-01 -1.1101E-01  3.9945E-01  6.9105E+00  1.0075E+02 -5.8645E+00
  6.0723E-01  3.2578E-01 -1.0787E-01  3.9086E-01  6.8997E+00  1.0074E+02 -5.8010E+00
  6.0870E-01  3.3068E-01 -1.0474E-01  3.8236E-01  6.8870E+00  1.0073E+02 -5.7317E+00
  6.1017E-01  3.3558E-01 -1.0162E-01  3.7397E-01  6.8727E+00  1.0072E+02 -5.6566E+00
  6.1175E-01  3.4084E-01 -9.8277E-02  3.6508E-01  6.8558E+00  1.0071E+02 -5.5693E+00
  6.1322E-01  3.4574E-01 -9.5172E-02  3.5693E-01  6.8392E+00  1.0070E+02 -5.4821E+00
  6.1469E-01  3.5064E-01 -9.2077E-02  3.4892E-01  6.8219E+00  1.0070E+02 -5.3891E+00
  6.1615E-01  3.5554E-01 -8.8990E-02  3.4105E-01  6.8043E+00  1.0069E+02 -5.2904E+00
  6.1762E-01  3.6044E-01 -8.5913E-02  3.3333E-01  6.7868E+00  1.0069E+02 -5.1859E+00
  6.1909E-01  3.6534E-01 -8.2845E-02  3.2577E-01  6.7695E+00  1.0068E+02 -5.0755E+00
  6.2056E-01  3.7024E-01 -7.9785E-02  3.1838E-01  6.7527E+00  1.0068E+02 -4.9589E+00
  6.2203E-01  3.7514E-01 -7.6735E-02  3.1116E-01  6.7363E+00  1.0068E+02 -4.8358E+00
  6.2350E-01  3.8004E-01 -7.3692E-02  3.0412E-01  6.7205E+00  1.0068E+02 -4.7059E+00
  6.2508E-01  3.8531E-01 -7.0432E-02  2.9679E-01  6.7043E+00  1.0067E+02 -4.5581E+00
  6.2654E-01  3.9021E-01 -6.7406E-02  2.9018E-01  6.6899E+00  1.0067E+02 -4.4126E+00
  6.2801E-01  3.9511E-01 -6.4387E-02  2.8378E-01  6.6762E+00  1.0067E+02 -4.2588E+00
  6.2948E-01  4.0001E-01 -6.1376E-02  2.7762E-01  6.6632E+00  1.0066E+02 -4.0964E+00
  6.3095E-01  4.0491E-01 -5.8371E-02  2.7171E-01  6.6510E+00  1.0066E+02 -3.9248E+00
  6.3242E-01  4.0981E-01 -5.5372E-02  2.6606E-01  6.6396E+00  1.0066E+02 -3.7436E+00
  6.3389E-01  4.1471E-01 -5.2380E-02  2.6068E-01  6.6289E+00  1.0066E+02 -3.5525E+00
  6.3536E-01  4.1961E-01 -4.9393E-02  2.5559E-01  6.6189E+00  1.0066E+02 -3.3511E+00
  6.3683E-01  4.2451E-01 -4.6412E-02  2.5080E-01  6.6097E+00  1.0065E+02 -3.1392E+00
  6.3840E-01  4.2977E-01 -4.3215E-02  2.4601E-01  6.6007E+00  1.0065E+02 -2.8996E+00
  6.3987E-01  4.3467E-01 -4.0244E-02  2.4191E-01  6.5931E+00  1.0065E+02 -2.6656E+00
  6.4134E-01  4.3957E-01 -3.7278E-02  2.3816E-01  6.5862E+00  1.0065E+02 -2.4212E+00
  6.4281E-01  4.4447E-01 -3.4316E-02  2.3477E-01  6.5801E+00  1.0064E+02 -2.1666E+00
  6.4428E-01  4.4937E-01 -3.1357E-02  2.3177E-01  6.5748E+00  1.0064E+02 -1.9023E+00
  6.4575E-01  4.5427E-01 -2.8402E-02  2.2916E-01  6.5702E+00  1.0064E+02 -1.6291E+00
  6.4722E-01  4.5917E-01 -2.5451E-02  2.2696E-01  6.5664E+00  1.0064E+02 -1.3480E+00
  6.4869E-01  4.6407E-01 -2.2502E-02  2.2518E-01  6.5633E+00  1.0063E+02 -1.0599E+00
  6.5016E-01  4.6897E-01 -1.9555E-02  2.2383E-01  6.5610E+00  1.0063E+02 -7.6628E-01
  6.5173E-01  4.7424E-01 -1.6392E-02  2.2286E-01  6.5593E+00  1.0063E+02 -4.4619E-01
  6.5320E-01  4.7914E-01 -1.3449E-02  2.2242E-01  6.5586E+00  1.0062E+02 -1.4569E-01
  6.5467E-01  4.8404E-01 -1.0509E-02  2.2242E-01  6.5586E+00  1.0062E+02  1.5563E-01
  6.5614E-01  4.8894E-01 -7.5690E-03  2.2287E-01  6.5594E+00  1.0062E+02  4.5610E-01
  6.5761E-01  4.9384E-01 -4.6302E-03  2.2376E-01  6.5609E+00  1.0062E+02  7.5408E-01
  6.5908E-01  4.9874E-01 -1.6919E-03  2.2508E-01  6.5632E+00  1.0061E+02  1.0480E+00
  6.6055E-01  5.0364E-01  1.2462E-03  2.2683E-01  6.5662E+00  1.0061E+02  1.3364E+00
  6.6201E-01  5.0854E-01  4.1844E-03  2.2900E-01  6.5700E+00  1.0061E+02  1.6180E+00
  6.6348E-01  5.1344E-01  7.1231E-03  2.3158E-01  6.5746E+00  1.0061E+02  1.8917E+00
  6.6506E-01  5.1870E-01  1.0281E-02  2.3480E-01  6.5803E+00  1.0060E+02  2.1758E+00
  6.6653E-01  5.2360E-01  1.3222E-02  2.3818E-01  6.5864E+00  1.0060E+02  2.4302E+00
  6.6800E-01  5.2850E-01  1.6164E-02  2.4194E-01  6.5933E+00  1.0060E+02  2.6745E+00
  6.6947E-01  5.3340E-01  1.9108E-02  2.4605E-01  6.6009E+00  1.0060E+02  2.9083E+00
  6.7094E-01  5.3830E-01  2.2054E-02  2.5049E-01  6.6093E+00  1.0059E+02  3.1314E+00
  6.7241E-01  5.4320E-01  2.5002E-02  2.5526E-01  6.6185E+00  1.0059E+02  3.3439E+00
  6.7387E-01  5.4810E-01  2.7953E-02  2.6033E-01  6.6284E+00  1.0059E+02  3.5459E+00
  6.7534E-01  5.5300E-01  3.0908E-02  2.6569E-01  6.6391E+00  1.0058E+02  3.7376E+00
  6.7681E-01  5.5790E-01  3.3865E-02  2.7132E-01  6.6506E+00  1.0058E+02  3.9193E+00
  6.7839E-01  5.6317E-01  3.7047E-02  2.7767E-01  6.6637E+00  1.0058E+02  4.1039E+00
  6.7986E-01  5.6807E-01  4.0013E-02  2.8383E-01  6.6767E+00  1.0058E+02  4.2663E+00
  6.8133E-01  5.7297E-01  4.2983E-02  2.9022E-01  6.6905E+00  1.0057E+02  4.4200E+00
  6.8280E-01  5.7787E-01  4.5958E-02  2.9684E-01  6.7051E+00  1.0057E+02  4.5656E+00
  6.8427E-01  5.8277E-01  4.8938E-02  3.0366E-01  6.7204E+00  1.0057E+02  4.7035E+00
  6.8573E-01  5.8767E-01  5.1923E-02  3.1068E-01  6.7365E+00  1.0056E+02  4.8343E+00
  6.8720E-01  5.9257E-01  5.4914E-02  3.1789E-01  6.7533E+00  1.0056E+02  4.9583E+00
  6.8867E-01  5.9747E-01  5.7911E-02  3.2527E-01  6.7708E+00  1.0056E+02  5.0762E+00
  6.9014E-01  6.0237E-01  6.0914E-02  3.3283E-01  6.7891E+00  1.0056E+02  5.1882E+00
  6.9172E-01  6.0763E-01  6.4148E-02  3.4113E-01  6.8095E+00  1.0055E+02  5.3026E+00
  6.9319E-01  6.1253E-01  6.7165E-02  3.4901E-01  6.8291E+00  1.0055E+02  5.4038E+00
  6.9466E-01  6.1743E-01  7.0190E-02  3.5704E-01  6.8493E+00  1.0054E+02  5.5004E+00
  6.9613E-01  6.2233E-01  7.3221E-02  3.6520E-01  6.8700E+00  1.0054E+02  5.5925E+00
  6.9759E-01  6.2723E-01  7.6260E-02  3.7350E-01  6.8911E+00  1.0054E+02  5.6804E+00
  6.9906E-01  6.3213E-01  7.9307E-02  3.8193E-01  6.9124E+00  1.0053E+02  5.7642E+00
  7.0053E-01  6.3703E-01  8.2361E-02  3.9047E-01  6.9336E+00  1.0053E+02  5.8439E+00
  7.0200E-01  6.4193E-01  8.5422E-02  3.9913E-01  6.9545E+00  1.0052E+02  5.9195E+00
  7.0347E-01  6.4683E-01  8.8490E-02  4.0790E-01  6.9747E+00  1.0052E+02  5.9908E+00
  7.0505E-01  6.5210E-01  9.1794E-02  4.1744E-01  6.9951E+00  1.0051E+02  6.0624E+00
  7.0652E-01  6.5700E-01  9.4874E-02  4.2641E-01  7.0125E+00  1.0050E+02  6.1241E+00
  7.0799E-01  6.6190E-01  9.7959E-02  4.3547E-01  7.0280E+00  1.0050E+02  6.1810E+00
  7.0945E-01  6.6680E-01  1.0105E-01  4.4461E-01  7.0414E+00  1.0049E+02  6.2329E+00
  7.1092E-01  6.7170E-01  1.0414E-01  4.5382E-01  7.0525E+00  1.0049E+02  6.2800E+00
  7.1239E-01  6.7660E-01  1.0723E-01  4.6310E-01  7.0615E+00  1.0048E+02  6.3226E+00
  7.1386E-01  6.8150E-01  1.1033E-01  4.7244E-01  7.0686E+00  1.0048E+02  6.3610E+00
  7.1533E-01  6.8640E-01  1.1343E-01  4.8183E-01  7.0740E+00  1.0047E+02  6.3959E+00
  7.1680E-01  6.9130E-01  1.1652E-01  4.9127E-01  7.0781E+00  1.0047E+02  6.4275E+00
  7.1838E-01  6.9656E-01  1.1985E-01  5.0146E-01  7.0813E+00  1.0046E+02  6.4585E+00
  7.1984E-01  7.0146E-01  1.2295E-01  5.1099E-01  7.0834E+00  1.0046E+02  6.4850E+00
  7.2131E-01  7.0636E-01  1.2605E-01  5.2056E-01  7.0850E+00  1.0046E+02  6.5095E+00
  7.2278E-01  7.1126E-01  1.2915E-01  5.3016E-01  7.0861E+00  1.0045E+02  6.5323E+00
  7.2425E-01  7.1616E-01  1.3225E-01  5.3980E-01  7.0869E+00  1.0045E+02  6.5536E+00
  7.2572E-01  7.2106E-01  1.3535E-01  5.4946E-01  7.0875E+00  1.0045E+02  6.5736E+00
  7.2719E-01  7.2596E-01  1.3845E-01  5.5915E-01  7.0879E+00  1.0044E+02  6.5924E+00
  7.2866E-01  7.3086E-01  1.4155E-01  5.6887E-01  7.0881E+00  1.0044E+02  6.6101E+00
  7.3013E-01  7.3576E-01  1.4465E-01  5.7862E-01  7.0883E+00  1.0044E+02  6.6269E+00
  7.3170E-01  7.4103E-01  1.4798E-01  5.8912E-01  7.0885E+00  1.0043E+02  6.6439E+00
  7.3317E-01  7.4593E-01  1.5108E-01  5.9891E-01  7.0885E+00  1.0043E+02  6.6589E+00
  7.3464E-01  7.5083E-01  1.5418E-01  6.0873E-01  7.0885E+00  1.0043E+02  6.6731E+00
  7.3611E-01  7.5573E-01  1.5728E-01  6.1856E-01  7.0885E+00  1.0042E+02  6.6866E+00
  7.3758E-01  7.6063E-01  1.6038E-01  6.2842E-01  7.0885E+00  1.0042E+02  6.6995E+00
  7.3905E-01  7.6553E-01  1.6348E-01  6.3829E-01  7.0885E+00  1.0042E+02  6.7118E+00
  7.4052E-01  7.7043E-01  1.6658E-01  6.4819E-01  7.0885E+00  1.0041E+02  6.7236E+00
  7.4199E-01  7.7533E-01  1.6968E-01  6.5810E-01  7.0885E+00  1.0041E+02  6.7348E+00
  7.4345E-01  7.8023E-01  1.7278E-01  6.6802E-01  7.0886E+00  1.0041E+02  6.7455E+00
  7.4503E-01  7.8549E-01  1.7611E-01  6.7870E-01  7.0886E+00  1.0040E+02  6.7565E+00
  7.4650E-01  7.9039E-01  1.7921E-01  6.8866E-01  7.0886E+00  1.0040E+02  6.7663E+00
  7.4797E-01  7.9529E-01  1.8231E-01  6.9863E-01  7.0886E+00  1.0040E+02  6.7756E+00
  7.4944E-01  8.0019E-01  1.8541E-01  7.0861E-01  7.0886E+00  1.0039E+02  6.7846E+00
  7.5091E-01  8.0509E-01  1.8851E-01  7.1861E-01  7.0886E+00  1.0039E+02  6.7932E+00
  7.5238E-01  8.0999E-01  1.9161E-01  7.2862E-01  7.0886E+00  1.0039E+02  6.8015E+00
  7.5385E-01  8.1489E-01  1.9471E-01  7.3864E-01  7.0886E+00  1.0038E+02  6.8094E+00
  7.5531E-01  8.1979E-01  1.9781E-01  7.4868E-01  7.0886E+00  1.0038E+02  6.8170E+00
  7.5678E-01  8.2469E-01  2.0090E-01  7.5872E-01  7.0886E+00  1.0038E+02  6.8243E+00
  7.5836E-01  8.2996E-01  2.0424E-01  7.6952E-01  7.0886E+00  1.0037E+02  6.8318E+00
  7.5983E-01  8.3486E-01  2.0734E-01  7.7959E-01  7.0886E+00  1.0037E+02  6.8385E+00
  7.6130E-01  8.3976E-01  2.1043E-01  7.8966E-01  7.0886E+00  1.0037E+02  6.8450E+00
  7.6277E-01  8.4466E-01  2.1353E-01  7.9975E-01  7.0886E+00  1.0036E+02  6.8512E+00
  7.6424E-01  8.4956E-01  2.1663E-01  8.0984E-01  7.0886E+00  1.0036E+02  6.8572E+00
  7.6571E-01  8.5446E-01  2.1973E-01  8.1994E-01  7.0886E+00  1.0036E+02  6.8630E+00
  7.6717E-01  8.5936E-01  2.2283E-01  8.3005E-01  7.0886E+00  1.0035E+02  6.8686E+00
  7.6864E-01  8.6426E-01  2.2593E-01  8.4017E-01  7.0886E+00  1.0035E+02  6.8739E+00
  7.7011E-01  8.6916E-01  2.2903E-01  8.5030E-01  7.0886E+00  1.0035E+02  6.8791E+00
  7.7169E-01  8.7442E-01  2.3236E-01  8.6119E-01  7.0886E+00  1.0034E+02  6.8844E+00
  7.7316E-01  8.7932E-01  2.3546E-01  8.7133E-01  7.0886E+00  1.0034E+02  6.8893E+00
  7.7463E-01  8.8422E-01  2.3856E-01  8.8148E-01  7.0886E+00  1.0034E+02  6.8939E+00
  7.7610E-01  8.8912E-01  2.4166E-01  8.9164E-01  7.0886E+00  1.0034E+02  6.8984E+00
  7.7757E-01  8.9402E-01  2.4476E-01  9.0180E-01  7.0886E+00  1.0033E+02  6.9027E+00
  7.7903E-01  8.9892E-01  2.4786E-01  9.1197E-01  7.0886E+00  1.0033E+02  6.9069E+00
  7.8050E-01  9.0382E-01  2.5096E-01  9.2214E-01  7.0886E+00  1.0033E+02  6.9109E+00
  7.8197E-01  9.0872E-01  2.5406E-01  9.3232E-01  7.0886E+00  1.0032E+02  6.9149E+00
  7.8344E-01  9.1362E-01  2.5716E-01  9.4251E-01  7.0886E+00  1.0032E+02  6.9187E+00
  7.8502E-01  9.1889E-01  2.6049E-01  9.5346E-01  7.0886E+00  1.0032E+02  6.9226E+00
  7.8649E-01  9.2379E-01  2.6359E-01  9.6365E-01  7.0886E+00  1.0031E+02  6.9261E+00
  7.8796E-01  9.2869E-01  2.6669E-01  9.7386E-01  7.0886E+00  1.0031E+02  6.9296E+00
  7.8943E-01  9.3359E-01  2.6979E-01  9.8406E-01  7.0886E+00  1.0031E+02  6.9329E+00
  7.9089E-01  9.3849E-01  2.7289E-01  9.9428E-01  7.0886E+00  1.0030E+02  6.9361E+00
  7.9236E-01  9.4339E-01  2.7599E-01  1.0045E+00  7.0886E+00  1.0030E+02  6.9393E+00
  7.9383E-01  9.4829E-01  2.7909E-01  1.0147E+00  7.0886E+00  1.0030E+02  6.9423E+00
  7.9530E-01  9.5319E-01  2.8219E-01  1.0249E+00  7.0886E+00  1.0029E+02  6.9452E+00
  7.9677E-01  9.5809E-01  2.8529E-01  1.0352E+00  7.0886E+00  1.0029E+02  6.9481E+00
  7.9835E-01  9.6335E-01  2.8862E-01  1.0462E+00  7.0886E+00  1.0029E+02  6.9511E+00
  7.9982E-01  9.6825E-01  2.9172E-01  1.0564E+00  7.0886E+00  1.0028E+02  6.9538E+00
  8.0128E-01  9.7315E-01  2.9482E-01  1.0666E+00  7.0886E+00  1.0028E+02  6.9564E+00
  8.0275E-01  9.7805E-01  2.9792E-01  1.0769E+00  7.0886E+00  1.0028E+02  6.9589E+00
  8.0422E-01  9.8295E-01  3.0102E-01  1.0871E+00  7.0886E+00  1.0028E+02  6.9614E+00
  8.0569E-01  9.8785E-01  3.0412E-01  1.0974E+00  7.0886E+00  1.0027E+02  6.9638E+00
  8.0716E-01  9.9275E-01  3.0722E-01  1.1077E+00  7.0886E+00  1.0027E+02  6.9661E+00
  8.0863E-01  9.9765E-01  3.1032E-01  1.1179E+00  7.0886E+00  1.0027E+02  6.9684E+00
  8.1010E-01  1.0026E+00  3.1342E-01  1.1282E+00  7.0886E+00  1.0026E+02  6.9706E+00
  8.1168E-01  1.0078E+00  3.1675E-01  1.1392E+00  7.0886E+00  1.0026E+02  6.9729E+00
  8.1314E-01  1.0127E+00  3.1985E-01  1.1495E+00  7.0886E+00  1.0026E+02  6.9749E+00
  8.1461E-01  1.0176E+00  3.2295E-01  1.1598E+00  7.0886E+00  1.0025E+02  6.9770E+00
  8.1608E-01  1.0225E+00  3.2605E-01  1.1700E+00  7.0886E+00  1.0025E+02  6.9789E+00
  8.1755E-01  1.0274E+00  3.2914E-01  1.1803E+00  7.0886E+00  1.0025E+02  6.9809E+00
  8.1902E-01  1.0323E+00  3.3224E-01  1.1906E+00  7.0886E+00  1.0024E+02  6.9827E+00
  8.2049E-01  1.0372E+00  3.3534E-01  1.2009E+00  7.0886E+00  1.0024E+02  6.9846E+00
  8.2196E-01  1.0421E+00  3.3844E-01  1.2112E+00  7.0886E+00  1.0024E+02  6.9863E+00
  8.2343E-01  1.0470E+00  3.4154E-01  1.2215E+00  7.0886E+00  1.0024E+02  6.9881E+00
  8.2500E-01  1.0523E+00  3.4487E-01  1.2325E+00  7.0886E+00  1.0023E+02  6.9899E+00
  8.2647E-01  1.0572E+00  3.4797E-01  1.2428E+00  7.0886E+00  1.0023E+02  6.9915E+00
  8.2794E-01  1.0621E+00  3.5107E-01  1.2531E+00  7.0886E+00  1.0023E+02  6.9931E+00
  8.2941E-01  1.0670E+00  3.5417E-01  1.2634E+00  7.0886E+00  1.0022E+02  6.9947E+00
  8.3088E-01  1.0719E+00  3.5727E-01  1.2737E+00  7.0886E+00  1.0022E+02  6.9962E+00
  8.3235E-01  1.0768E+00  3.6037E-01  1.2840E+00  7.0886E+00  1.0022E+02  6.9977E+00
  8.3382E-01  1.0817E+00  3.6347E-01  1.2943E+00  7.0886E+00  1.0021E+02  6.9992E+00
  8.3529E-01  1.0866E+00  3.6657E-01  1.3046E+00  7.0886E+00  1.0021E+02  7.0006E+00
  8.3675E-01  1.0915E+00  3.6967E-01  1.3149E+00  7.0886E+00  1.0021E+02  7.0020E+00
  8.3833E-01  1.0967E+00  3.7300E-01  1.3260E+00  7.0886E+00  1.0021E+02  7.0035E+00
  8.3980E-01  1.1016E+00  3.7610E-01  1.3363E+00  7.0886E+00  1.0020E+02  7.0048E+00
  8.4127E-01  1.1065E+00  3.7920E-01  1.3467E+00  7.0886E+00  1.0020E+02  7.0061E+00
  8.4274E-01  1.1114E+00  3.8230E-01  1.3570E+00  7.0886E+00  1.0020E+02  7.0073E+00
  8.4421E-01  1.1163E+00  3.8540E-01  1.3673E+00  7.0886E+00  1.0019E+02  7.0086E+00
  8.4568E-01  1.1212E+00  3.8850E-01  1.3776E+00  7.0886E+00  1.0019E+02  7.0098E+00
  8.4715E-01  1.1261E+00  3.9160E-01  1.3879E+00  7.0886E+00  1.0019E+02  7.0110E+00
  8.4861E-01  1.1310E+00  3.9470E-01  1.3983E+00  7.0886E+00  1.0019E+02  7.0121E+00
  8.5008E-01  1.1359E+00  3.9780E-01  1.4086E+00  7.0886E+00  1.0018E+02  7.0132E+00
  8.5166E-01  1.1412E+00  4.0113E-01  1.4197E+00  7.0886E+00  1.0018E+02  7.0144E+00
  8.5313E-01  1.1461E+00  4.0423E-01  1.4300E+00  7.0886E+00  1.0018E+02  7.0155E+00
  8.5460E-01  1.1510E+00  4.0733E-01  1.4404E+00  7.0886E+00  1.0017E+02  7.0166E+00
  8.5607E-01  1.1559E+00  4.1043E-01  1.4507E+00  7.0886E+00  1.0017E+02  7.0176E+00
  8.5754E-01  1.1608E+00  4.1353E-01  1.4610E+00  7.0886E+00  1.0017E+02  7.0186E+00
  8.5901E-01  1.1657E+00  4.1663E-01  1.4714E+00  7.0886E+00  1.0016E+02  7.0196E+00
  8.6047E-01  1.1706E+00  4.1973E-01  1.4817E+00  7.0886E+00  1.0016E+02  7.0206E+00
  8.6194E-01  1.1755E+00  4.2283E-01  1.4920E+00  7.0886E+00  1.0016E+02  7.0215E+00
  8.6341E-01  1.1804E+00  4.2593E-01  1.5024E+00  7.0886E+00  1.0016E+02  7.0224E+00
  8.6499E-01  1.1857E+00  4.2926E-01  1.5135E+00  7.0886E+00  1.0015E+02  7.0234E+00
  8.6646E-01  1.1906E+00  4.3236E-01  1.5238E+00  7.0886E+00  1.0015E+02  7.0243E+00
  8.6793E-01  1.1955E+00  4.3546E-01  1.5342E+00  7.0886E+00  1.0015E+02  7.0252E+00
  8.6940E-01  1.2004E+00  4.3856E-01  1.5445E+00  7.0886E+00  1.0014E+02  7.0260E+00
  8.7087E-01  1.2053E+00  4.4166E-01  1.5549E+00  7.0886E+00  1.0014E+02  7.0269E+00
  8.7233E-01  1.2102E+00  4.4476E-01  1.5652E+00  7.0886E+00  1.0014E+02  7.0277E+00
  8.7380E-01  1.2151E+00  4.4785E-01  1.5756E+00  7.0884E+00  1.0014E+02  7.0283E+00
  8.7527E-01  1.2200E+00  4.5095E-01  1.5859E+00  7.0881E+00  1.0014E+02  7.0287E+00
  8.7674E-01  1.2249E+00  4.5405E-01  1.5963E+00  7.0874E+00  1.0013E+02  7.0289E+00
  8.7832E-01  1.2301E+00  4.5738E-01  1.6074E+00  7.0864E+00  1.0013E+02  7.0287E+00
  8.7979E-01  1.2350E+00  4.6048E-01  1.6178E+00  7.0851E+00  1.0013E+02  7.0281E+00
  8.8126E-01  1.2399E+00  4.6358E-01  1.6281E+00  7.0831E+00  1.0014E+02  7.0268E+00
  8.8272E-01  1.2448E+00  4.6667E-01  1.6385E+00  7.0803E+00  1.0014E+02  7.0247E+00
  8.8419E-01  1.2497E+00  4.6976E-01  1.6488E+00  7.0762E+00  1.0014E+02  7.0213E+00
  8.8566E-01  1.2546E+00  4.7285E-01  1.6591E+00  7.0704E+00  1.0016E+02  7.0161E+00
  8.8713E-01  1.2595E+00  4.7594E-01  1.6695E+00  7.0621E+00  1.0017E+02  7.0083E+00
  8.8860E-01  1.2644E+00  4.7902E-01  1.6798E+00  7.0504E+00  1.0019E+02  6.9972E+00
  8.9007E-01  1.2693E+00  4.8209E-01  1.6901E+00  7.0340E+00  1.0023E+02  6.9813E+00
  8.9165E-01  1.2746E+00  4.8538E-01  1.7011E+00  7.0095E+00  1.0028E+02  6.9572E+00
  8.9312E-01  1.2795E+00  4.8842E-01  1.7113E+00  6.9784E+00  1.0034E+02  6.9264E+00
  8.9458E-01  1.2844E+00  4.9144E-01  1.7215E+00  6.9374E+00  1.0042E+02  6.8857E+00
  8.9605E-01  1.2893E+00  4.9444E-01  1.7316E+00  6.8850E+00  1.0051E+02  6.8334E+00
  8.9752E-01  1.2942E+00  4.9740E-01  1.7416E+00  6.8198E+00  1.0061E+02  6.7683E+00
  8.9899E-01  1.2991E+00  5.0032E-01  1.7515E+00  6.7415E+00  1.0072E+02  6.6898E+00
  9.0046E-01  1.3040E+00  5.0320E-01  1.7613E+00  6.6503E+00  1.0082E+02  6.5984E+00
  9.0193E-01  1.3089E+00  5.0603E-01  1.7710E+00  6.5472E+00  1.0092E+02  6.4949E+00
  9.0340E-01  1.3138E+00  5.0881E-01  1.7804E+00  6.4338E+00  1.0100E+02  6.3810E+00
  9.0498E-01  1.3191E+00  5.1173E-01  1.7904E+00  6.3023E+00  1.0107E+02  6.2489E+00
  9.0644E-01  1.3240E+00  5.1439E-01  1.7995E+00  6.1727E+00  1.0113E+02  6.1187E+00
  9.0791E-01  1.3289E+00  5.1699E-01  1.8085E+00  6.0377E+00  1.0117E+02  5.9830E+00
  9.0938E-01  1.3338E+00  5.1952E-01  1.8172E+00  5.8986E+00  1.0120E+02  5.8431E+00
  9.1085E-01  1.3387E+00  5.2200E-01  1.8257E+00  5.7563E+00  1.0122E+02  5.6999E+00
  9.1232E-01  1.3436E+00  5.2441E-01  1.8339E+00  5.6115E+00  1.0124E+02  5.5541E+00
  9.1379E-01  1.3485E+00  5.2676E-01  1.8420E+00  5.4647E+00  1.0125E+02  5.4064E+00
  9.1526E-01  1.3534E+00  5.2904E-01  1.8499E+00  5.3165E+00  1.0126E+02  5.2570E+00
  9.1673E-01  1.3583E+00  5.3126E-01  1.8575E+00  5.1671E+00  1.0126E+02  5.1063E+00
  9.1830E-01  1.3635E+00  5.3357E-01  1.8655E+00  5.0054E+00  1.0126E+02  4.9432E+00
  9.1977E-01  1.3684E+00  5.3566E-01  1.8726E+00  4.8542E+00  1.0127E+02  4.7905E+00
  9.2124E-01  1.3733E+00  5.3767E-01  1.8796E+00  4.7021E+00  1.0127E+02  4.6368E+00
  9.2271E-01  1.3782E+00  5.3963E-01  1.8863E+00  4.5494E+00  1.0127E+02  4.4824E+00
  9.2418E-01  1.3831E+00  5.4151E-01  1.8928E+00  4.3962E+00  1.0127E+02  4.3272E+00
  9.2565E-01  1.3880E+00  5.4333E-01  1.8990E+00  4.2425E+00  1.0127E+02  4.1715E+00
  9.2712E-01  1.3929E+00  5.4508E-01  1.9050E+00  4.0886E+00  1.0127E+02  4.0153E+00
  9.2859E-01  1.3978E+00  5.4677E-01  1.9108E+00  3.9343E+00  1.0127E+02  3.8586E+00
  9.3005E-01  1.4027E+00  5.4839E-01  1.9164E+00  3.7798E+00  1.0127E+02  3.7014E+00
  9.3163E-01  1.4080E+00  5.5005E-01  1.9221E+00  3.6136E+00  1.0127E+02  3.5320E+00
  9.3310E-01  1.4129E+00  5.5153E-01  1.9272E+00  3.4588E+00  1.0127E+02  3.3739E+00
  9.3457E-01  1.4178E+00  5.5294E-01  1.9321E+00  3.3040E+00  1.0127E+02  3.2154E+00
  9.3604E-01  1.4227E+00  5.5428E-01  1.9367E+00  3.1491E+00  1.0127E+02  3.0565E+00
  9.3751E-01  1.4276E+00  5.5555E-01  1.9411E+00  2.9943E+00  1.0127E+02  2.8973E+00
  9.3898E-01  1.4325E+00  5.5676E-01  1.9452E+00  2.8397E+00  1.0127E+02  2.7376E+00
  9.4045E-01  1.4374E+00  5.5790E-01  1.9491E+00  2.6854E+00  1.0127E+02  2.5777E+00
  9.4191E-01  1.4423E+00  5.5897E-01  1.9528E+00  2.5315E+00  1.0127E+02  2.4174E+00
  9.4338E-01  1.4472E+00  5.5997E-01  1.9563E+00  2.3783E+00  1.0127E+02  2.2568E+00
  9.4496E-01  1.4525E+00  5.6097E-01  1.9597E+00  2.2145E+00  1.0127E+02  2.0840E+00
  9.4643E-01  1.4574E+00  5.6182E-01  1.9626E+00  2.0632E+00  1.0127E+02  1.9229E+00
  9.4790E-01  1.4623E+00  5.6261E-01  1.9653E+00  1.9133E+00  1.0127E+02  1.7615E+00
  9.4937E-01  1.4672E+00  5.6333E-01  1.9678E+00  1.7653E+00  1.0127E+02  1.5999E+00
  9.5084E-01  1.4721E+00  5.6398E-01  1.9701E+00  1.6197E+00  1.0127E+02  1.4382E+00
  9.5231E-01  1.4770E+00  5.6456E-01  1.9721E+00  1.4774E+00  1.0127E+02  1.2762E+00
  9.5377E-01  1.4819E+00  5.6507E-01  1.9738E+00  1.3395E+00  1.0127E+02  1.1141E+00
  9.5524E-01  1.4868E+00  5.6552E-01  1.9753E+00  1.2075E+00  1.0127E+02  9.5187E-01
  9.5671E-01  1.4917E+00  5.6589E-01  1.9766E+00  1.0838E+00  1.0127E+02  7.8952E-01
  9.5829E-01  1.4969E+00  5.6621E-01  1.9777E+00  9.6383E-01  1.0127E+02  6.1499E-01
  9.5976E-01  1.5018E+00  5.6644E-01  1.9785E+00  8.6893E-01  1.0127E+02  4.5246E-01
  9.6123E-01  1.5067E+00  5.6660E-01  1.9791E+00  7.9627E-01  1.0127E+02  2.8987E-01
  9.6270E-01  1.5116E+00  5.6669E-01  1.9794E+00  7.5235E-01  1.0127E+02  1.2725E-01
  9.6417E-01  1.5165E+00  5.6671E-01  1.9794E+00  7.4233E-01  1.0127E+02 -3.5393E-02
  9.6563E-01  1.5214E+00  5.6666E-01  1.9793E+00  7.6754E-01  1.0127E+02 -1.9803E-01
  9.6710E-01  1.5263E+00  5.6654E-01  1.9789E+00  8.2474E-01  1.0127E+02 -3.6064E-01
  9.6857E-01  1.5312E+00  5.6635E-01  1.9782E+00  9.0787E-01  1.0127E+02 -5.2321E-01
  9.7004E-01  1.5361E+00  5.6609E-01  1.9773E+00  1.0105E+00  1.0127E+02 -6.8571E-01
  9.7162E-01  1.5414E+00  5.6574E-01  1.9761E+00  1.1365E+00  1.0127E+02 -8.6019E-01
  9.7309E-01  1.5463E+00  5.6533E-01  1.9747E+00  1.2641E+00  1.0127E+02 -1.0225E+00
  9.7456E-01  1.5512E+00  5.6486E-01  1.9731E+00  1.3986E+00  1.0126E+02 -1.1845E+00
  9.7602E-01  1.5561E+00  5.6432E-01  1.9712E+00  1.5382E+00  1.0126E+02 -1.3460E+00
  9.7749E-01  1.5610E+00  5.6371E-01  1.9691E+00  1.6813E+00  1.0125E+02 -1.5071E+00
  9.7896E-01  1.5659E+00  5.6303E-01  1.9668E+00  1.8269E+00  1.0125E+02 -1.6676E+00
  9.8043E-01  1.5708E+00  5.6228E-01  1.9642E+00  1.9743E+00  1.0124E+02 -1.8275E+00
  9.8190E-01  1.5757E+00  5.6147E-01  1.9614E+00  2.1225E+00  1.0123E+02 -1.9864E+00
  9.8337E-01  1.5806E+00  5.6058E-01  1.9583E+00  2.2711E+00  1.0121E+02 -2.1440E+00
  9.8495E-01  1.5859E+00  5.5956E-01  1.9548E+00  2.4302E+00  1.0118E+02 -2.3115E+00
  9.8642E-01  1.5908E+00  5.5854E-01  1.9513E+00  2.5768E+00  1.0114E+02 -2.4649E+00
  9.8788E-01  1.5957E+00  5.5746E-01  1.9476E+00  2.7212E+00  1.0109E+02 -2.6151E+00
  9.8935E-01  1.6006E+00  5.5632E-01  1.9436E+00  2.8620E+00  1.0103E+02 -2.7611E+00
  9.9082E-01  1.6055E+00  5.5512E-01  1.9394E+00  2.9978E+00  1.0094E+02 -2.9014E+00
  9.9229E-01  1.6104E+00  5.5386E-01  1.9351E+00  3.1269E+00  1.0084E+02 -3.0343E+00
  9.9376E-01  1.6153E+00  5.5255E-01  1.9305E+00  3.2472E+00  1.0071E+02 -3.1580E+00
  9.9523E-01  1.6202E+00  5.5120E-01  1.9258E+00  3.3569E+00  1.0057E+02 -3.2705E+00
  9.9670E-01  1.6251E+00  5.4981E-01  1.9209E+00  3.4543E+00  1.0042E+02 -3.3701E+00
  9.9828E-01  1.6303E+00  5.4828E-01  1.9155E+00  3.5437E+00  1.0026E+02 -3.4616E+00
  9.9974E-01  1.6352E+00  5.4684E-01  1.9103E+00  3.6125E+00  1.0013E+02 -3.5317E+00
  1.0012E+00  1.6401E+00  5.4537E-01  1.9051E+00  3.6679E+00  1.0002E+02 -3.5881E+00
  1.0027E+00  1.6450E+00  5.4389E-01  1.8998E+00  3.7112E+00  9.9940E+01 -3.6320E+00
  1.0042E+00  1.6499E+00  5.4240E-01  1.8944E+00  3.7441E+00  9.9878E+01 -3.6653E+00
  1.0056E+00  1.6548E+00  5.4091E-01  1.8890E+00  3.7685E+00  9.9834E+01 -3.6899E+00
  1.0071E+00  1.6597E+00  5.3941E-01  1.8835E+00  3.7864E+00  9.9802E+01 -3.7077E+00
  1.0086E+00  1.6646E+00  5.3790E-01  1.8780E+00  3.7992E+00  9.9780E+01 -3.7203E+00
  1.0100E+00  1.6695E+00  5.3639E-01  1.8726E+00  3.8083E+00  9.9765E+01 -3.7292E+00
  1.0116E+00  1.6748E+00  5.3477E-01  1.8667E+00  3.8151E+00  9.9754E+01 -3.7356E+00
  1.0131E+00  1.6797E+00  5.3327E-01  1.8611E+00  3.8194E+00  9.9746E+01 -3.7396E+00
  1.0145E+00  1.6846E+00  5.3176E-01  1.8556E+00  3.8225E+00  9.9741E+01 -3.7423E+00
  1.0160E+00  1.6895E+00  5.3025E-01  1.8501E+00  3.8246E+00  9.9736E+01 -3.7439E+00
  1.0175E+00  1.6944E+00  5.2873E-01  1.8446E+00  3.8261E+00  9.9733E+01 -3.7450E+00
  1.0189E+00  1.6993E+00  5.2722E-01  1.8391E+00  3.8271E+00  9.9731E+01 -3.7455E+00
  1.0204E+00  1.7042E+00  5.2571E-01  1.8336E+00  3.8278E+00  9.9728E+01 -3.7457E+00
  1.0219E+00  1.7091E+00  5.2420E-01  1.8281E+00  3.8282E+00  9.9724E+01 -3.7457E+00
  1.0234E+00  1.7140E+00  5.2269E-01  1.8226E+00  3.8284E+00  9.9723E+01 -3.7453E+00
  1.0249E+00  1.7193E+00  5.2107E-01  1.8166E+00  3.8284E+00  9.9723E+01 -3.7448E+00
  1.0264E+00  1.7242E+00  5.1956E-01  1.8111E+00  3.8284E+00  9.9722E+01 -3.7443E+00
  1.0279E+00  1.7291E+00  5.1804E-01  1.8056E+00  3.8284E+00  9.9720E+01 -3.7438E+00
  1.0293E+00  1.7340E+00  5.1653E-01  1.8001E+00  3.8284E+00  9.9719E+01 -3.7433E+00
  1.0308E+00  1.7389E+00  5.1502E-01  1.7946E+00  3.8284E+00  9.9718E+01 -3.7427E+00
  1.0323E+00  1.7438E+00  5.1351E-01  1.7891E+00  3.8284E+00  9.9717E+01 -3.7422E+00
  1.0337E+00  1.7487E+00  5.1200E-01  1.7836E+00  3.8284E+00  9.9716E+01 -3.7417E+00
  1.0352E+00  1.7536E+00  5.1049E-01  1.7780E+00  3.8284E+00  9.9715E+01 -3.7411E+00
  1.0367E+00  1.7585E+00  5.0898E-01  1.7725E+00  3.8284E+00  9.9714E+01 -3.7406E+00
  1.0383E+00  1.7637E+00  5.0736E-01  1.7666E+00  3.8284E+00  9.9712E+01 -3.7400E+00
  1.0397E+00  1.7686E+00  5.0584E-01  1.7611E+00  3.8284E+00  9.9711E+01 -3.7394E+00
  1.0412E+00  1.7735E+00  5.0433E-01  1.7556E+00  3.8284E+00  9.9710E+01 -3.7389E+00
  1.0427E+00  1.7784E+00  5.0282E-01  1.7501E+00  3.8284E+00  9.9709E+01 -3.7383E+00
  1.0441E+00  1.7833E+00  5.0131E-01  1.7446E+00  3.8284E+00  9.9708E+01 -3.7377E+00
  1.0456E+00  1.7882E+00  4.9980E-01  1.7391E+00  3.8284E+00  9.9707E+01 -3.7371E+00
  1.0471E+00  1.7931E+00  4.9829E-01  1.7336E+00  3.8284E+00  9.9706E+01 -3.7365E+00
  1.0485E+00  1.7980E+00  4.9678E-01  1.7281E+00  3.8284E+00  9.9705E+01 -3.7360E+00
  1.0500E+00  1.8029E+00  4.9527E-01  1.7226E+00  3.8284E+00  9.9703E+01 -3.7354E+00
  1.0516E+00  1.8082E+00  4.9364E-01  1.7167E+00  3.8284E+00  9.9702E+01 -3.7347E+00
  1.0531E+00  1.8131E+00  4.9213E-01  1.7112E+00  3.8284E+00  9.9701E+01 -3.7341E+00
  1.0545E+00  1.8180E+00  4.9062E-01  1.7057E+00  3.8284E+00  9.9700E+01 -3.7335E+00
  1.0560E+00  1.8229E+00  4.8911E-01  1.7002E+00  3.8284E+00  9.9699E+01 -3.7329E+00
  1.0575E+00  1.8278E+00  4.8760E-01  1.6947E+00  3.8284E+00  9.9698E+01 -3.7322E+00
  1.0589E+00  1.8327E+00  4.8609E-01  1.6892E+00  3.8284E+00  9.9697E+01 -3.7316E+00
  1.0604E+00  1.8376E+00  4.8458E-01  1.6837E+00  3.8284E+00  9.9696E+01 -3.7310E+00
  1.0619E+00  1.8425E+00  4.8307E-01  1.6782E+00  3.8284E+00  9.9695E+01 -3.7303E+00
  1.0633E+00  1.8474E+00  4.8156E-01  1.6727E+00  3.8284E+00  9.9694E+01 -3.7297E+00
  1.0649E+00  1.8526E+00  4.7993E-01  1.6668E+00  3.8284E+00  9.9693E+01 -3.7290E+00
  1.0664E+00  1.8575E+00  4.7842E-01  1.6613E+00  3.8284E+00  9.9691E+01 -3.7283E+00
  1.0679E+00  1.8624E+00  4.7691E-01  1.6558E+00  3.8284E+00  9.9690E+01 -3.7276E+00
  1.0693E+00  1.8673E+00  4.7540E-01  1.6503E+00  3.8284E+00  9.9689E+01 -3.7269E+00
  1.0708E+00  1.8722E+00  4.7389E-01  1.6448E+00  3.8284E+00  9.9688E+01 -3.7263E+00
  1.0723E+00  1.8771E+00  4.7238E-01  1.6394E+00  3.8284E+00  9.9687E+01 -3.7256E+00
  1.0737E+00  1.8820E+00  4.7087E-01  1.6339E+00  3.8284E+00  9.9686E+01 -3.7249E+00
  1.0752E+00  1.8869E+00  4.6936E-01  1.6284E+00  3.8284E+00  9.9685E+01 -3.7242E+00
  1.0767E+00  1.8918E+00  4.6784E-01  1.6229E+00  3.8284E+00  9.9684E+01 -3.7234E+00
  1.0782E+00  1.8971E+00  4.6622E-01  1.6170E+00  3.8284E+00  9.9683E+01 -3.7227E+00
  1.0797E+00  1.9020E+00  4.6471E-01  1.6115E+00  3.8284E+00  9.9682E+01 -3.7219E+00
  1.0812E+00  1.9069E+00  4.6320E-01  1.6061E+00  3.8284E+00  9.9681E+01 -3.7212E+00
  1.0827E+00  1.9118E+00  4.6169E-01  1.6006E+00  3.8284E+00  9.9680E+01 -3.7205E+00
  1.0841E+00  1.9167E+00  4.6018E-01  1.5951E+00  3.8284E+00  9.9679E+01 -3.7197E+00
  1.0856E+00  1.9216E+00  4.5867E-01  1.5896E+00  3.8284E+00  9.9678E+01 -3.7190E+00
  1.0871E+00  1.9265E+00  4.5715E-01  1.5841E+00  3.8284E+00  9.9677E+01 -3.7182E+00
  1.0885E+00  1.9314E+00  4.5564E-01  1.5787E+00  3.8284E+00  9.9676E+01 -3.7174E+00
  1.0900E+00  1.9363E+00  4.5413E-01  1.5732E+00  3.8284E+00  9.9675E+01 -3.7166E+00
  1.0916E+00  1.9416E+00  4.5251E-01  1.5673E+00  3.8284E+00  9.9674E+01 -3.7158E+00
  1.0930E+00  1.9465E+00  4.5100E-01  1.5618E+00  3.8284E+00  9.9673E+01 -3.7150E+00
  1.0945E+00  1.9514E+00  4.4949E-01  1.5564E+00  3.8284E+00  9.9672E+01 -3.7142E+00
  1.0960E+00  1.9563E+00  4.4798E-01  1.5509E+00  3.8284E+00  9.9671E+01 -3.7134E+00
  1.0975E+00  1.9612E+00  4.4647E-01  1.5454E+00  3.8284E+00  9.9670E+01 -3.7125E+00
  1.0989E+00  1.9661E+00  4.4495E-01  1.5400E+00  3.8284E+00  9.9669E+01 -3.7117E+00
  1.1004E+00  1.9710E+00  4.4344E-01  1.5345E+00  3.8284E+00  9.9668E+01 -3.7109E+00
  1.1019E+00  1.9759E+00  4.4193E-01  1.5290E+00  3.8284E+00  9.9667E+01 -3.7100E+00
  1.1033E+00  1.9808E+00  4.4042E-01  1.5236E+00  3.8284E+00  9.9666E+01 -3.7091E+00
  1.1049E+00  1.9860E+00  4.3880E-01  1.5177E+00  3.8284E+00  9.9665E+01 -3.7082E+00
  1.1064E+00  1.9909E+00  4.3729E-01  1.5123E+00  3.8284E+00  9.9664E+01 -3.7073E+00
  1.1078E+00  1.9958E+00  4.3578E-01  1.5068E+00  3.8284E+00  9.9663E+01 -3.7064E+00
  1.1093E+00  2.0007E+00  4.3426E-01  1.5013E+00  3.8284E+00  9.9662E+01 -3.7055E+00
  1.1108E+00  2.0056E+00  4.3275E-01  1.4959E+00  3.8284E+00  9.9661E+01 -3.7046E+00
  1.1122E+00  2.0105E+00  4.3124E-01  1.4904E+00  3.8284E+00  9.9660E+01 -3.7037E+00
  1.1137E+00  2.0154E+00  4.2973E-01  1.4850E+00  3.8284E+00  9.9659E+01 -3.7028E+00
  1.1152E+00  2.0203E+00  4.2822E-01  1.4795E+00  3.8284E+00  9.9658E+01 -3.7018E+00
  1.1167E+00  2.0252E+00  4.2671E-01  1.4741E+00  3.8284E+00  9.9657E+01 -3.7009E+00
  1.1182E+00  2.0305E+00  4.2509E-01  1.4682E+00  3.8284E+00  9.9656E+01 -3.6998E+00
  1.1197E+00  2.0354E+00  4.2357E-01  1.4628E+00  3.8284E+00  9.9655E+01 -3.6989E+00
  1.1212E+00  2.0403E+00  4.2206E-01  1.4573E+00  3.8284E+00  9.9654E+01 -3.6979E+00
  1.1242E+00  2.0503E+00  4.1899E-01  1.4462E+00  3.8284E+00  9.9652E+01 -3.6958E+00
