  3.597837479483E-04  9.076756066704E-04  3.094496469209E-01 -1.713556464642E+04 -2.464660033884E+04  3.531490681888E+07  1.055916689111E+01 -4.882812500000E-04   1   5
 -8.786384589106E-04  7.853019777363E-04  8.768942339392E-04 -4.322204328920E+04 -2.232852765728E+04 -7.569492014945E+04 -1.124651149567E+01 -4.882812500000E-04   1   3
 -9.913187292929E-04 -1.374692610164E-04  1.153570658398E-03 -2.234113637535E+04  4.211940716716E+03 -6.651172806038E+04 -1.124654658556E+01 -4.882812500000E-04   1   3
 -3.643489815377E-04  3.509931307214E-04  6.143843609593E-04 -1.861430648413E+04 -1.222942967463E+04 -3.417237277386E+04 -1.124690264103E+01 -4.882812500000E-04   1   3
 -6.252140317338E-04 -1.231514176160E-04  9.631222260233E-04 -4.570583004497E+03  3.949247733200E+03 -3.700221788122E+04 -1.124684519943E+01 -4.882812500000E-04   1   3
 -4.845086791393E-04  5.519661381608E-04  7.019165206010E-04 -2.185754959801E+04 -1.878476884825E+04 -4.241598305160E+04 -1.124680542361E+01 -4.882812500000E-04   1   3
 -7.181716435671E-04 -1.481721668961E-04  1.073282305436E-03 -1.789697369056E+03  4.944669592366E+03 -4.049774208079E+04 -1.124680268465E+01 -4.882812500000E-04   1   3
  1.031289382764E-03  3.178779047056E-04  6.865715896026E-05  7.545569342311E+04 -1.183626334390E+04  1.004817577565E+05 -1.124823832018E+01 -4.882812500000E-04   1   5
 -2.479477364307E-03  3.512273069293E-04  1.515883692367E-03 -1.320889447855E+05 -1.226551020446E+04 -2.168829179594E+05 -1.124547758140E+01 -4.882812500000E-04   1   5
  1.206437941140E-03 -3.579556838342E-04 -4.450406285028E-05  8.261463623385E+04  1.183425170474E+04  1.145551146155E+05 -1.124840070401E+01 -4.882812500000E-04   1   5
 -2.505429487617E-03  2.706442906563E-04  1.303019197879E-03 -1.617396383403E+05 -8.366519302733E+03 -2.383464764024E+05 -1.124528781509E+01 -4.882812500000E-04   1   5
 -9.601275165199E-04 -1.704228354808E-04  4.131007293651E-04 -1.071035847511E+05  5.690764277604E+03 -1.225715312553E+05 -1.124619218078E+01 -4.882812500000E-04   1   5
  2.009197923013E-03  7.387960081312E-04 -6.771070448138E-04  1.207764466598E+05 -1.875657620988E+04  1.794726582312E+05 -1.124969656455E+01 -4.882812500000E-04   1   5
 -3.209215502886E-03  4.369748822711E-05  1.515838960110E-03 -2.106505625263E+05 -3.066809392959E+03 -3.083318545574E+05 -1.124472113307E+01 -4.882812500000E-04   1   5
  1.321294551642E-03  4.611371644146E-05 -3.922287296860E-04  5.007606173989E+04 -2.326296347870E+03  9.937939502297E+04 -1.124822072549E+01 -4.882812500000E-04   1   5
 -3.187440773682E-03  3.416787302638E-05  1.432612914465E-03 -2.190506745420E+05  1.792138802965E+03 -3.130999160313E+05 -1.124467163008E+01 -4.882812500000E-04   1   5
 -7.720479249844E-04  2.246722463340E-04  3.822573660803E-04 -8.893931146249E+04 -8.052074585126E+03 -1.011749430556E+05 -1.124641615595E+01 -4.882812500000E-04   1   5
  6.177529860916E-04  2.296985287452E-04  5.590953543669E-04  8.554609546052E+04 -7.341975400710E+03  8.663625419696E+04 -1.124797275591E+01 -4.882812500000E-04   1   5
 -2.672548306555E-03  1.722671141708E-04  1.430930368600E-03 -1.623094216579E+05 -7.367852986922E+03 -2.481055031330E+05 -1.124525920042E+01 -4.882812500000E-04   1   5
 -1.378016221581E-03  8.520918524006E-05  9.096691452481E-04 -9.102612736051E+04 -4.570905293379E+03 -1.344920413469E+05 -1.124610639840E+01 -4.882812500000E-04   1   5
  1.887940376312E-03 -2.925056682821E-04 -5.069167630360E-04  1.169402986479E+05  9.325385064055E+03  1.721665228578E+05 -1.124931333952E+01 -4.882812500000E-04   1   5
 -2.188134583375E-03 -2.192618938173E-04  1.174691538241E-03 -1.419131108404E+05  7.421970125934E+03 -2.090339670109E+05 -1.124557842011E+01 -4.882812500000E-04   1   5
 -4.340927193266E-03 -4.964553028198E-04  2.280028560469E-03 -2.468021642460E+05  1.440429041479E+04 -3.866210648837E+05 -1.124373191692E+01 -4.882812500000E-04   1   5
 -1.568817674198E-03  1.706929581556E-04  1.221535642867E-03 -7.513213764053E+04 -6.465504620447E+03 -1.359525608893E+05 -1.124606552676E+01 -4.882812500000E-04   1   5
 -3.267456704307E-03 -5.761518377766E-04  1.352227893274E-03 -2.376744532842E+05  1.687007423756E+04 -3.288985175756E+05 -1.124452243066E+01 -4.882812500000E-04   1   5
 -4.015673956650E-03  7.298677474710E-05  1.784976406560E-03 -2.673611362091E+05 -4.104816290303E+03 -3.871942511181E+05 -1.124393897172E+01 -4.882812500000E-04   1   5
  3.623561308453E-04  2.646682339639E-05  3.064798400251E-04  2.614625165469E+04 -1.994485096323E+03  3.772037707729E+04 -1.124753118683E+01 -4.882812500000E-04   1   5
  9.878095673217E-04 -4.025074343998E-04 -3.107600929309E-05  5.362857609048E+04  1.445819331470E+04  8.342282906833E+04 -1.124797881152E+01 -4.882812500000E-04   1   5
 -3.798642696257E-04 -4.218933679280E-04  5.398647022526E-04 -2.968771666212E+04  1.538263507853E+04 -4.160258624498E+04 -1.124682830189E+01 -4.882812500000E-04   1   5
  1.898934248264E-03  6.244598049744E-04 -4.255113081554E-04  1.393432798927E+05 -1.769589121817E+04  1.883318474108E+05 -1.124972565885E+01 -4.882812500000E-04   1   5
  2.727030662161E-04  3.714406977895E-04  6.731732821932E-04  5.872261566538E+04 -1.286666380716E+04  5.046137208964E+04 -1.124760069111E+01 -4.882812500000E-04   1   5
  2.123247852028E-03 -1.905253969464E-04 -9.150065986854E-04  9.917514647436E+04  5.189757072198E+03  1.693571828287E+05 -1.124951624515E+01 -4.882812500000E-04   1   5
  5.354096235980E-04  3.375468312747E-04  2.560061100983E-04  3.581271606659E+04 -1.516650364600E+04  4.783645144425E+04 -1.124759252825E+01 -4.882812500000E-04   1   5
  1.014982717664E-03  3.300038509036E-04 -2.264139088770E-06  6.057656497780E+04 -1.382617583928E+04  9.063563003709E+04 -1.124803363791E+01 -4.882812500000E-04   1   5
  1.614636002502E-03 -5.420041139146E-05 -2.933196464304E-04  1.074432273151E+05  5.429001505856E+03  1.493634577077E+05 -1.124900208917E+01 -4.882812500000E-04   1   5
 -1.217777537283E-03 -7.115797308870E-05  5.150399606689E-04 -1.215234009844E+05  2.952320196462E+03 -1.452289755004E+05 -1.124602649798E+01 -4.882812500000E-04   1   5
 -1.331848721027E-03  3.441482823251E-04  7.594105162310E-04 -1.043782150404E+05 -1.389827026866E+04 -1.402400550297E+05 -1.124605469108E+01 -4.882812500000E-04   1   5
  4.978962265899E-04 -4.060499888636E-04  6.722422992007E-04  8.596973505506E+04  1.273341038524E+04  8.160917430286E+04 -1.124790776181E+01 -4.882812500000E-04   1   5
 -1.527833461493E-03  6.965689964988E-04  8.404552126264E-04 -1.155937994964E+05 -2.263465018655E+04 -1.582574406822E+05 -1.124590737069E+01 -4.882812500000E-04   1   5
  1.587055183527E-03  5.325240320534E-04 -3.847378884603E-04  8.958600887075E+04 -1.649243095196E+04  1.374642626232E+05 -1.124879665905E+01 -4.882812500000E-04   1   5
 -2.887977061813E-03  7.399206037017E-04  1.446112489194E-03 -1.844041549181E+05 -2.331867528330E+04 -2.732004514582E+05 -1.124501236067E+01 -4.882812500000E-04   1   5
 -1.200779820617E-03  5.672728346968E-05  7.369194987362E-04 -9.221540091444E+04 -1.841386577938E+03 -1.248115817104E+05 -1.124619722241E+01 -4.882812500000E-04   1   5
 -2.565945453876E-03  3.832412431840E-04  1.402710582329E-03 -1.546638137760E+05 -1.237430533084E+04 -2.360168800289E+05 -1.124533273793E+01 -4.882812500000E-04   1   5
 -1.983525047377E-03 -6.146780715509E-04  1.062115333515E-03 -1.361957370843E+05  2.022155069537E+04 -1.954316041948E+05 -1.124563172291E+01 -4.882812500000E-04   1   5
 -1.492751951957E-03  6.872703514813E-04  1.168773564462E-03 -7.229980338446E+04 -2.245702691030E+04 -1.271005184910E+05 -1.124612999045E+01 -4.882812500000E-04   1   5
  4.322307945210E-04 -4.588982211230E-05  1.376420730879E-04  1.355723438459E+04  3.368227908257E+03  3.313368540451E+04 -1.124751030468E+01 -4.882812500000E-04   1   5
  2.224259443345E-03 -2.889596817079E-04 -9.233047999654E-04  1.276689285796E+05  8.736552993777E+03  1.948665389442E+05 -1.125019130080E+01 -4.882812500000E-04   1   5
 -1.230322915242E-03  3.443620455624E-04  8.447571381998E-04 -8.251776897277E+04 -1.179778838977E+04 -1.207689865166E+05 -1.124622866328E+01 -4.882812500000E-04   1   5
 -3.661995663167E-03 -4.031297914217E-04  2.035851238661E-03 -1.931856028040E+05  1.217302261265E+04 -3.158886942653E+05 -1.124465024317E+01 -4.882812500000E-04   1   5
 -7.964978872681E-04 -3.719199144182E-05  7.104339567177E-04 -5.387786195311E+04  5.002176326163E+03 -7.828645147727E+04 -1.124651800750E+01 -4.882812500000E-04   1   5
 -2.424659010624E-04 -2.327982899668E-04  5.046254602479E-04 -1.686332919079E+04  8.969941998441E+03 -2.671459973328E+04 -1.124701979100E+01 -4.882812500000E-04   1   5
 -1.924647695463E-03  5.526830996310E-04  1.232386589115E-03 -1.105236630656E+05 -1.918467102105E+04 -1.751293953274E+05 -1.124575204457E+01 -4.882812500000E-04   1   5
 -2.319168533438E-03 -1.899397014974E-04  1.135813803146E-03 -1.601455976652E+05  5.326812671858E+03 -2.282091078695E+05 -1.124543991469E+01 -4.882812500000E-04   1   5
  7.594870038377E-04 -5.551382107415E-05  1.013787505072E-04  4.565345953092E+04  2.052362086996E+03  7.256769679369E+04 -1.124783599469E+01 -4.882812500000E-04   1   5
  1.229303632455E-03  3.319569119523E-04 -1.250069719773E-04  7.501068909482E+04 -1.276754593082E+04  1.108248533241E+05 -1.124836592021E+01 -4.882812500000E-04   1   5
 -2.691751811023E-03  5.685411592425E-04  1.287810377603E-03 -1.830154834180E+05 -1.783044294965E+04 -2.622706618836E+05 -1.124510396117E+01 -4.882812500000E-04   1   5
 -4.507317718095E-05 -4.600074158280E-06 -3.862234030882E-05 -6.548607846026E+04  4.329395256138E+02 -5.029411831122E+04 -1.124676447918E+01 -4.882812500000E-04   1   5
 -7.995108277097E-04 -1.182809703225E-04  1.057277210303E-03 -1.427835654517E+04  4.250494909401E+03 -5.389676462726E+04 -1.124665865574E+01 -4.882812500000E-04   1   5
  1.575617834138E-03  4.118176411592E-04 -2.092331295894E-04  1.140713453915E+05 -1.462454056701E+04  1.539229239820E+05 -1.124902409975E+01 -4.882812500000E-04   1   5
  1.339654988743E-03 -4.989253055211E-04 -7.796512992353E-05  9.809283736532E+04  1.524338697900E+04  1.319631037229E+05 -1.124867024643E+01 -4.882812500000E-04   1   5
  3.763714316900E-04  9.725471751672E-07  3.124759035844E-05 -7.946326355629E+03 -5.181084761041E+02  1.050900426925E+04 -1.124733145849E+01 -4.882812500000E-04   1   5
 -8.520206545997E-04 -9.211983242331E-05  4.603211469724E-04 -8.703105917715E+04  3.081335747935E+03 -1.034559967758E+05 -1.124641673973E+01 -4.882812500000E-04   1   5
  7.443866335389E-04  1.103698231416E-04  8.629939875554E-05  3.838254595441E+04 -4.292722081124E+03  6.330951585324E+04 -1.124770341366E+01 -4.882812500000E-04   1   5
 -8.474065631270E-04 -3.183135644865E-04  6.172680220463E-04 -6.891881531882E+04  1.255338919341E+04 -9.108921990356E+04 -1.124646826461E+01 -4.882812500000E-04   1   5
 -2.988543700779E-03 -3.199539427165E-04  9.351401672026E-04 -2.593679707889E+05  9.605533219434E+03 -3.312090050909E+05 -1.124452553219E+01 -4.882812500000E-04   1   5
 -5.410928876658E-04  1.769363956288E-04  7.355414481687E-04 -2.604884146962E+04 -7.326318555421E+03 -5.041444954418E+04 -1.124670983189E+01 -4.882812500000E-04   1   5
  2.360508847511E-03  3.246912796026E-04 -1.098265667657E-03  1.132750344477E+05 -9.717951135284E+03  1.911437256159E+05 -1.124997157826E+01 -4.882812500000E-04   1   5
 -1.904271836389E-03 -1.339328649836E-04  1.551800352381E-03 -6.721213229413E+04  3.766581567779E+03 -1.416962569783E+05 -1.124603282354E+01 -4.882812500000E-04   1   5
  1.633963793070E-03 -3.473296642276E-04 -5.236624980478E-04  7.378998803241E+04  1.181990631263E+04  1.292252240353E+05 -1.124863480699E+01 -4.882812500000E-04   1   5
  1.719301106955E-03 -3.053127071033E-04 -2.800384503236E-04  1.320307044031E+05  7.686451131311E+03  1.752905388935E+05 -1.124946226596E+01 -4.882812500000E-04   1   5
  2.816372334031E-04 -3.078584756689E-04  5.960375117765E-04  5.052542744901E+04  1.126341235195E+04  4.528658472407E+04 -1.124757206477E+01 -4.882812500000E-04   1   5
  1.558105338853E-03 -1.043348515176E-04 -4.162689831558E-04  8.135881337930E+04  3.781302701447E+03  1.310013580789E+05 -1.124871088668E+01 -4.882812500000E-04   1   5
 -8.227174736550E-04 -6.377497470711E-05  1.198665571264E-03  2.839776231634E+03  1.608515004264E+03 -4.022915714344E+04 -1.124678619588E+01 -4.882812500000E-04   1   5
  1.028219553134E-03  4.144459537782E-04  5.530696419848E-05  6.873583665702E+04 -1.655672732755E+04  9.469720050631E+04 -1.124807793517E+01 -4.882812500000E-04   1   5
 -3.197394096429E-03 -6.818591091063E-04  1.828640010404E-03 -1.692116892415E+05  1.940768225426E+04 -2.760314614204E+05 -1.124498309017E+01 -4.882812500000E-04   1   5
 -2.122022898489E-03 -3.549528542143E-04  8.227918596406E-04 -1.778356337935E+05  1.174821603729E+04 -2.296918280245E+05 -1.124541658578E+01 -4.882812500000E-04   1   5
 -5.878410583187E-04  1.550909249168E-05  7.956828747969E-04 -2.221205332357E+04 -7.759131589546E+02 -4.844280910107E+04 -1.124674440677E+01 -4.882812500000E-04   1   5
 -3.713607459581E-03 -2.666224111827E-04  1.391977185675E-03 -2.832047169721E+05  8.296314574424E+03 -3.824890121228E+05 -1.124399295473E+01 -4.882812500000E-04   1   5
  1.562477331220E-04 -8.157630482481E-05  3.037491406953E-04 -5.287709708996E+02  3.519491179526E+03  6.083171145402E+03 -1.124720987178E+01 -4.882812500000E-04   1   5
 -4.042025882262E-03  2.571123010592E-05  1.836316915922E-03 -2.777065676407E+05 -1.516383849641E+03 -3.958547065256E+05 -1.124348433236E+01 -4.882812500000E-04   1   5
 -4.089157002021E-03 -2.133823436809E-04  2.095419480323E-03 -2.353305403933E+05  5.711947062437E+03 -3.652298610885E+05 -1.124411458295E+01 -4.882812500000E-04   1   5
  1.338385311882E-03 -3.108939913188E-04 -2.551136169537E-04  7.142730210668E+04  1.176233342915E+04  1.137385245311E+05 -1.124840891297E+01 -4.882812500000E-04   1   5
 -1.035168765066E-03 -3.113016197765E-04  6.325356800540E-04 -8.485822738498E+04  1.086708361667E+04 -1.121655982266E+05 -1.124637326057E+01 -4.882812500000E-04   1   5
  1.069214330216E-03 -2.371959581442E-04 -1.377244204474E-04  5.250998366568E+04  6.850760291088E+03  8.572117621750E+04 -1.124809742677E+01 -4.882812500000E-04   1   5
 -3.466232471780E-03  9.851464121174E-05  1.148673342531E-03 -2.866909967870E+05 -2.996382049390E+03 -3.739424404943E+05 -1.124409091955E+01 -4.882812500000E-04   1   5
  5.793007931155E-04 -4.640209281331E-04  2.270093484715E-04  3.699591682879E+04  1.560704183173E+04  5.175566175097E+04 -1.124761340798E+01 -4.882812500000E-04   1   5
 -3.127649022568E-03  4.758582671000E-04  1.745852681780E-03 -1.728174263327E+05 -1.516603873666E+04 -2.765858383109E+05 -1.124497791181E+01 -4.882812500000E-04   1   5
  2.078404687205E-03  3.839227120999E-04 -8.219091504649E-04  9.872175268592E+04 -1.172774281810E+04  1.683952797263E+05 -1.124929944063E+01 -4.882812500000E-04   1   5
  1.703731436009E-03 -4.905471957188E-04 -3.381210557974E-04  1.279148616730E+05  1.270928709793E+04  1.715956041085E+05 -1.124956271582E+01 -4.882812500000E-04   1   5
 -3.003639926990E-03  1.947565436791E-04  1.293947118610E-03 -2.137725032602E+05 -5.381313804598E+03 -2.995378419686E+05 -1.124485388161E+01 -4.882812500000E-04   1   5
 -4.548032234172E-04 -2.205927874009E-04  7.856607674773E-04 -9.544954046079E+03  1.007343138921E+04 -3.493917315852E+04 -1.124686010677E+01 -4.882812500000E-04   1   5
 -3.673586554357E-04 -1.656735671023E-04  8.444552328502E-04  6.829106792074E+03  6.861283566278E+03 -1.929650944924E+04 -1.124697402874E+01 -4.882812500000E-04   1   5
 -8.392975445809E-04  3.943914614025E-04  4.195264793752E-04 -9.256954705978E+04 -1.377886567490E+04 -1.074295043164E+05 -1.124634283402E+01 -4.882812500000E-04   1   5
  1.640373221603E-03 -1.931913243135E-06 -2.889537346669E-04  1.106672628623E+05 -4.069812643177E+03  1.529189139710E+05 -1.124902541821E+01 -4.882812500000E-04   1   5
  7.655321002609E-04 -3.504511555660E-04  1.663783231178E-04  5.532979420813E+04  1.142452013326E+04  7.357994594849E+04 -1.124793642492E+01 -4.882812500000E-04   1   5
 -1.105409736632E-03 -1.209408634234E-04  5.417068116095E-04 -1.064277400250E+05  4.457622203809E+03 -1.294810897910E+05 -1.124614829504E+01 -4.882812500000E-04   1   5
 -4.322860472624E-03  1.850684259745E-04  2.262490413703E-03 -2.434466472056E+05 -5.925793719086E+03 -3.846576727532E+05 -1.124386439669E+01 -4.882812500000E-04   1   5
 -1.713769876952E-03  7.063613718629E-05  6.643451554805E-04 -1.558661932400E+05 -2.347006650689E+03 -1.941361991301E+05 -1.124564794232E+01 -4.882812500000E-04   1   5
  5.882343693018E-04  4.133110481554E-04  3.674728280798E-04  5.483941229579E+04 -1.449137793495E+04  6.319476214562E+04 -1.124770142254E+01 -4.882812500000E-04   1   5
 -2.174606733744E-03  4.601763515037E-04  9.526382340638E-04 -1.673777870610E+05 -1.255980354644E+04 -2.277192877916E+05 -1.124546339960E+01 -4.882812500000E-04   1   5
 -4.268288169717E-04  1.011281934915E-05  6.640391375338E-04 -1.849422728786E+04 -1.524381178689E+02 -3.671864187767E+04 -1.124689679972E+01 -4.882812500000E-04   1   5
 -2.234793582391E-03  5.984428946772E-04  9.840345300071E-04 -1.705110751083E+05 -2.018595134199E+04 -2.316685320971E+05 -1.124539904279E+01 -4.882812500000E-04   1   5
  2.035373980063E-03 -7.099435647244E-05 -7.475739575113E-04  1.165690567818E+05  2.078192923990E+03  1.782850529048E+05 -1.124973137646E+01 -4.882812500000E-04   1   5
 -6.862091353079E-04  3.421851551653E-04  1.079796310156E-03  2.535930212110E+03 -1.135857094047E+04 -3.599362789761E+04 -1.124684017125E+01 -4.882812500000E-04   1   5
 -3.090082980921E-03 -2.434285625925E-04  1.077394751454E-03 -2.533773252389E+05  6.861689005424E+03 -3.332881276320E+05 -1.124450048961E+01 -4.882812500000E-04   1   5
 -2.996490516472E-03 -2.090074299269E-04  1.202543687101E-03 -2.255365847320E+05  7.369816319581E+03 -3.069278535905E+05 -1.124475474589E+01 -4.882812500000E-04   1   5
 -1.158432451155E-03 -3.297599388065E-04  8.101748680551E-04 -7.595122071626E+04  1.061637585004E+04 -1.125518462755E+05 -1.124637798972E+01 -4.882812500000E-04   1   5
  1.360476869207E-03  4.337179534690E-04 -1.836909305477E-04  8.476830126795E+04 -1.580426756524E+04  1.241598979263E+05 -1.124854178422E+01 -4.882812500000E-04   1   5
  5.495569789158E-05  6.844868394107E-05  5.371428363414E-04  1.874834717180E+04 -2.411949505582E+03  1.290773791221E+04 -1.124731320625E+01 -4.882812500000E-04   1   5
 -3.110185359862E-03 -5.298310636626E-04  1.123408631271E-03 -2.492604878964E+05  1.670700002051E+04 -3.301287443903E+05 -1.124452492219E+01 -4.882812500000E-04   1   5
  2.031435383267E-03  1.659093872911E-04 -7.158963710230E-04  1.092680753640E+05 -4.655657697478E+03  1.723042773445E+05 -1.124940682306E+01 -4.882812500000E-04   1   5
  1.288244106567E-03  8.636768373342E-04  4.558068539529E-05  1.092368593341E+05 -2.364293270057E+04  1.381169825406E+05 -1.124873843326E+01 -4.882812500000E-04   1   5
  8.915752467852E-04 -2.888693848323E-04  1.199504853143E-04  5.941340133501E+04  1.305397158442E+04  8.075189335714E+04 -1.124791177085E+01 -4.882812500000E-04   1   5
 -1.576968246422E-03  1.082000559103E-04  8.754682936828E-04 -1.163500262923E+05 -4.085267423874E+03 -1.611707279363E+05 -1.124589139086E+01 -4.882812500000E-04   1   5
 -2.812468129780E-03 -6.041939698790E-04  1.503965527649E-03 -1.693751733549E+05  1.934959779796E+04 -2.583508426585E+05 -1.124512138439E+01 -4.882812500000E-04   1   5
  8.704982683833E-04 -3.352090652484E-05  2.662973607812E-04  7.469633012127E+04  2.582366167733E+03  8.782150435211E+04 -1.124797799684E+01 -4.882812500000E-04   1   5
 -2.418424061262E-04  2.350800231785E-04  6.810661267208E-04  5.853245874075E+02 -1.093484467898E+04 -1.671342925438E+04 -1.124699981266E+01 -4.882812500000E-04   1   5
 -2.163158512984E-04  1.998253426173E-05  5.600233072815E-04 -6.988847027124E+03  1.474467724410E+03 -1.513235908009E+04 -1.124707570710E+01 -4.882812500000E-04   1   5
  1.359770834278E-03  3.012974449015E-04 -1.844996275496E-05  1.080258812630E+05 -7.725220623325E+03  1.410436132230E+05 -1.124873540836E+01 -4.882812500000E-04   1   5
  1.845393329341E-03 -1.429446220500E-04 -5.485155087442E-04  1.027854745346E+05  4.699338347841E+03  1.618539227838E+05 -1.124910211679E+01 -4.882812500000E-04   1   5
 -3.871948256110E-03 -1.297654399555E-04  1.788774395654E-03 -2.504562980392E+05  4.665178648693E+03 -3.678702198380E+05 -1.124412717987E+01 -4.882812500000E-04   1   5
  8.409226287344E-04  2.906853776123E-04 -2.129005506440E-05  3.743609326537E+04 -1.146015664218E+04  6.747066305396E+04 -1.124778750064E+01 -4.882812500000E-04   1   5
 -2.791232516514E-03 -3.988102531592E-04  1.545166961969E-03 -1.623129400886E+05  1.326938799949E+04 -2.539712189297E+05 -1.124516820900E+01 -4.882812500000E-04   1   5
 -2.822220673099E-03 -7.081324731147E-04  1.681335392611E-03 -1.471697288196E+05  2.104465564182E+04 -2.428433076297E+05 -1.124527254203E+01 -4.882812500000E-04   1   5
  9.229735806491E-05 -7.976806859612E-04  5.150257579933E-04  1.884648305389E+04  2.438086957520E+04  1.503001364509E+04 -1.124729130017E+01 -4.882812500000E-04   1   5
 -3.819823827204E-03 -1.516755647733E-04  1.586542962427E-03 -2.776355683964E+05  4.044441804567E+03 -3.854409037154E+05 -1.124378662785E+01 -4.882812500000E-04   1   5
 -1.902264359993E-03 -2.003995303807E-04  1.375494566433E-03 -9.116894083540E+04  6.347511991717E+03 -1.598999370416E+05 -1.124584630189E+01 -4.882812500000E-04   1   5
  1.520627843759E-03  8.701456569017E-04 -5.737371758613E-05  1.421401446251E+05 -2.036417616410E+04  1.754389247162E+05 -1.124953133444E+01 -4.882812500000E-04   1   5
  3.661083772937E-07 -2.602781639503E-04  3.496863846071E-04 -1.165606746827E+04  1.118061047749E+04 -8.530878172219E+03 -1.124708539264E+01 -4.882812500000E-04   1   5
 -1.478571522823E-04 -3.577825495668E-04  3.973224358776E-04 -2.174496078453E+04  1.403971252826E+04 -2.485541889351E+04 -1.124697981102E+01 -4.882812500000E-04   1   5
 -3.470950195816E-04 -2.843774323672E-04  4.239922699324E-04 -4.158717922054E+04  9.537427440321E+03 -4.943277945901E+04 -1.124675338212E+01 -4.882812500000E-04   1   5
  9.259602425656E-04  2.911199323201E-04  9.028933680538E-05  6.119245969373E+04 -1.195782210172E+04  8.424274077811E+04 -1.124797888226E+01 -4.882812500000E-04   1   5
 -2.632002071911E-03  8.527612410448E-04  1.547532535029E-03 -1.438530854212E+05 -2.554585831585E+04 -2.318728952646E+05 -1.124535962831E+01 -4.882812500000E-04   1   5
 -2.136021277001E-03  2.333842223979E-04  1.399394250207E-03 -1.113595104459E+05 -7.919702071426E+03 -1.857770124425E+05 -1.124569191870E+01 -4.882812500000E-04   1   5
 -1.582216786474E-03  2.876243612188E-05  1.110622193890E-03 -8.842420395400E+04 -2.022308525932E+03 -1.446688651143E+05 -1.124603474006E+01 -4.882812500000E-04   1   5
  3.767091977629E-04  1.853049163158E-04  4.231433260836E-04  3.852969456037E+04 -8.951107113679E+03  3.873752066429E+04 -1.124753506144E+01 -4.882812500000E-04   1   5
 -5.146337201755E-04 -4.438282116348E-04  6.241701452906E-04 -3.614223519316E+04  1.619276283456E+04 -5.423369125077E+04 -1.124668077907E+01 -4.882812500000E-04   1   5
 -4.223551843687E-03  7.041763485815E-04  2.132439126366E-03 -2.540860062102E+05 -1.953756712620E+04 -3.866257398741E+05 -1.124370309548E+01 -4.882812500000E-04   1   5
  8.612954203928E-04 -1.721788989043E-04  8.768476286880E-05  5.682781227203E+04  6.703928413470E+03  8.037760605233E+04 -1.124800223676E+01 -4.882812500000E-04   1   5
 -2.456769226796E-03  3.260955655266E-04  1.318179666005E-03 -1.534976652408E+05 -1.048178501454E+04 -2.306660349881E+05 -1.124538699055E+01 -4.882812500000E-04   1   5
 -2.286636783724E-03  2.910643761608E-04  9.195975089407E-04 -1.842165029794E+05 -9.103418723738E+03 -2.434040963135E+05 -1.124529715821E+01 -4.882812500000E-04   1   5
 -1.228876774421E-03 -4.793961029245E-04  7.193608930329E-04 -9.823799256876E+04  1.580792647654E+04 -1.313991578912E+05 -1.124613229286E+01 -4.882812500000E-04   1   5
  1.130883591588E-03  4.865377006496E-05  5.073630476476E-05  8.610607172389E+04 -2.009908069806E+03  1.114728030533E+05 -1.124839372619E+01 -4.882812500000E-04   1   5
 -8.925717293388E-04 -1.559274690677E-04  1.018750929296E-03 -2.845171108928E+04  6.533408978180E+03 -6.927028666699E+04 -1.124656501882E+01 -4.882812500000E-04   1   5
 -1.338078293147E-03  3.041061380713E-04  8.702755420162E-04 -9.062075126507E+04 -9.851909471210E+03 -1.320661392878E+05 -1.124615097849E+01 -4.882812500000E-04   1   5
 -3.581670402641E-03  1.096180842220E-04  1.283456453232E-03 -2.824035898609E+05 -2.958769480044E+03 -3.773270667054E+05 -1.124406638613E+01 -4.882812500000E-04   1   5
 -2.182858037107E-03  1.017284907459E-04  1.525951233288E-03 -1.011250802400E+05 -3.257717089646E+03 -1.808012090473E+05 -1.124571660543E+01 -4.882812500000E-04   1   5
  1.382956962362E-03  2.401374476196E-04  1.156778568709E-04  1.524967825172E+05 -6.138774213649E+03  1.763898009947E+05 -1.124963474153E+01 -4.882812500000E-04   1   5
 -2.855307863936E-03 -3.853195510833E-04  1.672515567566E-03 -1.526342898457E+05  1.189868652238E+04 -2.497460469638E+05 -1.124521327075E+01 -4.882812500000E-04   1   5
  1.636977049538E-03 -4.116176483344E-04 -4.030615015293E-04  9.431143666677E+04  1.460139632533E+04  1.445099726429E+05 -1.124887806676E+01 -4.882812500000E-04   1   5
  8.671706043834E-04  5.090945976872E-04  3.079970472699E-04  8.307136381571E+04 -1.733635632615E+04  9.704054039281E+04 -1.124810063235E+01 -4.882812500000E-04   1   5
  8.453654708597E-04 -2.294707852677E-05  7.651348750803E-05  5.509507101992E+04  1.061214958431E+03  7.884816100330E+04 -1.124802247940E+01 -4.882812500000E-04   1   5
 -9.240071645170E-04  4.536819250173E-04  3.037178152973E-04 -1.174569181569E+05 -1.519576256301E+04 -1.304895216939E+05 -1.124613872956E+01 -4.882812500000E-04   1   5
 -1.028759592581E-04  1.746553268291E-04  5.214717716730E-04 -2.364729274312E+03 -7.769908255428E+03 -1.165596483103E+04 -1.124708833339E+01 -4.882812500000E-04   1   5
 -1.297759363951E-03 -4.469000039361E-04  5.887748412879E-04 -1.215285878772E+05  1.457343593998E+04 -1.519993148418E+05 -1.124598790131E+01 -4.882812500000E-04   1   5
 -1.900088114494E-03 -2.665971402388E-04  4.748464535025E-04 -1.980034251358E+05  8.113112685550E+03 -2.352383259835E+05 -1.124537958245E+01 -4.882812500000E-04   1   5
 -8.375773177684E-04 -6.567723415276E-05  5.817835874491E-04 -7.172101240276E+04  2.494193094971E+03 -9.434286416496E+04 -1.124647886963E+01 -4.882812500000E-04   1   5
  1.617687520613E-03  7.349374738893E-05 -6.820969598302E-04  4.656399748964E+04 -1.930000682350E+03  1.070338824746E+05 -1.124834142682E+01 -4.882812500000E-04   1   5
 -3.465560455806E-03  3.220816905049E-04  1.706785780729E-03 -2.128190317205E+05 -9.907695205003E+03 -3.203613025705E+05 -1.124463333341E+01 -4.882812500000E-04   1   5
  1.956512023278E-03  5.950743568591E-04 -6.411337457519E-04  1.123964039678E+05 -1.811707478718E+04  1.714042859158E+05 -1.124944286568E+01 -4.882812500000E-04   1   5
 -3.321219249597E-03 -1.145744463341E-04  1.495541646832E-03 -2.253301046137E+05  4.070451674072E+03 -3.255003542789E+05 -1.124458990478E+01 -4.882812500000E-04   1   5
 -3.139475956565E-04 -7.476584900435E-05  8.064698654190E-04  9.733142550247E+03  2.622955706595E+03 -1.371032164655E+04 -1.124705733816E+01 -4.882812500000E-04   1   5
 -1.593888046094E-03 -2.676546581586E-04  1.309688987598E-03 -6.646958748449E+04  8.921482600751E+03 -1.293198985340E+05 -1.124610699533E+01 -4.882812500000E-04   1   5
 -4.028513595307E-04 -4.818944765343E-04  7.534617472557E-04 -6.759879199894E+03  1.675521214152E+04 -2.862343146322E+04 -1.124691978368E+01 -4.882812500000E-04   1   5
 -1.646483845683E-03 -3.348075437122E-06  6.409757575844E-04 -1.515561319720E+05  3.608369354930E+02 -1.881763464580E+05 -1.124570041545E+01 -4.882812500000E-04   1   5
  1.702268812637E-03 -4.059623244275E-04 -2.374138673323E-04  1.283943985707E+05  1.354979042133E+04  1.709682861945E+05 -1.124925119375E+01 -4.882812500000E-04   1   5
  5.157176076735E-04  6.043308444759E-04  4.901990149316E-04  6.617703429216E+04 -1.760540923639E+04  6.978922269114E+04 -1.124782958372E+01 -4.882812500000E-04   1   5
  5.566678375081E-04  2.367163480647E-04  3.866913143539E-04  5.283586621535E+04 -1.008265763643E+04  5.796620591936E+04 -1.124766187209E+01 -4.882812500000E-04   1   5
 -3.043986860479E-03  5.681317684320E-05  1.627969712024E-03 -1.775085078072E+05 -2.079130727590E+03 -2.763909164243E+05 -1.124501850806E+01 -4.882812500000E-04   1   5
 -1.387549901294E-03  9.802866130710E-05  6.496577792371E-04 -1.221442200870E+05 -4.006770939763E+03 -1.523648472588E+05 -1.124597399687E+01 -4.882812500000E-04   1   5
  1.067355691995E-03 -3.695011980242E-04  1.976588606662E-04  9.761929388935E+04  1.304157789016E+04  1.175615016731E+05 -1.124842786888E+01 -4.882812500000E-04   1   5
 -2.081735883741E-03  2.347213630488E-04  1.508132447120E-03 -9.426463372203E+04 -7.592117368070E+03 -1.722077334730E+05 -1.124575194009E+01 -4.882812500000E-04   1   5
 -3.767101799100E-03  3.070129702880E-04  2.081619681784E-03 -2.016695437688E+05 -9.912274708399E+03 -3.285787658894E+05 -1.124448254994E+01 -4.882812500000E-04   1   5
 -3.567562809111E-03  3.513699686477E-04  1.673499686747E-03 -2.316961392574E+05 -1.184604760923E+04 -3.386452080613E+05 -1.124437652731E+01 -4.882812500000E-04   1   5
  2.184576712489E-04 -3.225667907391E-04  2.783509251977E-04  6.973001534395E+03  9.262061840659E+03  1.251625562876E+04 -1.124738651398E+01 -4.882812500000E-04   1   5
  1.452428305818E-03  2.861139332815E-04  5.801669934724E-05  1.464484110648E+05 -8.248412682677E+03  1.734248356747E+05 -1.124946695240E+01 -4.882812500000E-04   1   5
  1.210485486381E-03  3.211341690139E-04  1.124428470067E-04  1.032016335987E+05 -1.198896499455E+04  1.273177078250E+05 -1.124853379163E+01 -4.882812500000E-04   1   5
 -2.693086696691E-03 -4.796633316553E-04  1.130927018251E-03 -2.021733954329E+05  1.603701957706E+04 -2.759245894313E+05 -1.124500841158E+01 -4.882812500000E-04   1   5
  1.518645882219E-03  1.799501219127E-04 -2.142053593796E-04  1.042242830084E+05 -8.986601264977E+03  1.439160475582E+05 -1.124887256991E+01 -4.882812500000E-04   1   5
  1.201669301499E-03 -5.459037764220E-04  1.938471295549E-04  1.162134353919E+05  1.628159679654E+04  1.378954263022E+05 -1.124869225155E+01 -4.882812500000E-04   1   5
  9.836321466323E-04  3.050326193477E-04 -1.080799601137E-04  4.456216088001E+04 -1.070856448444E+04  7.665202032551E+04 -1.124795656270E+01 -4.882812500000E-04   1   5
 -3.127373103325E-03 -1.461647745554E-04  1.188559258098E-03 -2.403611878952E+05  4.485823890776E+03 -3.238291605669E+05 -1.124464030378E+01 -4.882812500000E-04   1   5
  6.914388640385E-04  7.340253378869E-05  2.253864947789E-04  4.701508094540E+04 -3.833879989904E+03  6.117551871584E+04 -1.124767153590E+01 -4.882812500000E-04   1   5
 -2.450499550892E-03  2.468590417969E-04  9.058825556091E-04 -2.039482210217E+05 -8.430696716813E+03 -2.641039343392E+05 -1.124510070019E+01 -4.882812500000E-04   1   5
 -1.955941405542E-03 -4.606906098917E-04  7.091956613774E-04 -1.752414052477E+05  1.509122754121E+04 -2.206575251167E+05 -1.124547117827E+01 -4.882812500000E-04   1   5
 -7.319738999132E-04  5.368183430460E-05  7.506567805354E-04 -4.468024768242E+04 -4.384094169047E+03 -7.495655041229E+04 -1.124654279435E+01 -4.882812500000E-04   1   5
 -3.961578313035E-03 -1.945333546547E-04  1.715975976316E-03 -2.713985756919E+05  6.487083501106E+03 -3.858059197128E+05 -1.124389906770E+01 -4.882812500000E-04   1   5
  2.043269862631E-03  7.150025026993E-04 -6.591960137342E-04  1.265591634351E+05 -2.010195640383E+04  1.852401672838E+05 -1.124973452583E+01 -4.882812500000E-04   1   5
 -2.445457784107E-03 -1.041888042034E-04  1.579686704683E-03 -1.216434971795E+05  3.213543907587E+03 -2.094212541387E+05 -1.124552593298E+01 -4.882812500000E-04   1   5
  1.519003202211E-03  1.243337454256E-04 -2.975978713308E-04  9.609750445116E+04 -6.582717748974E+03  1.418796303404E+05 -1.124887609206E+01 -4.882812500000E-04   1   5
 -3.907332860741E-03 -1.758450710081E-04  1.537480092970E-03 -2.904247132647E+05  5.890908429055E+03 -3.963648537975E+05 -1.124373865342E+01 -4.882812500000E-04   1   5
 -3.575434358919E-03 -2.834885535623E-04  1.281577082657E-03 -2.815759894309E+05  9.231771893538E+03 -3.751626244727E+05 -1.124407960156E+01 -4.882812500000E-04   1   5
 -2.771077441799E-03  5.646206159598E-04  1.392833590654E-03 -1.788258408096E+05 -1.807073072385E+04 -2.631108607382E+05 -1.124508402055E+01 -4.882812500000E-04   1   5
  1.961970064669E-04  3.055599356538E-04  3.137713019276E-04  5.682285139202E+03 -1.085667706392E+04  1.055723338828E+04 -1.124728238894E+01 -4.882812500000E-04   1   5
 -3.987081881548E-03  3.211251703408E-04  2.167332750033E-03 -2.152886758977E+05 -1.066726110191E+04 -3.485648698209E+05 -1.124428658524E+01 -4.882812500000E-04   1   5
  2.523641065633E-05  1.199994667919E-04  2.788299843082E-04 -1.717438761203E+04 -5.819815878323E+03 -9.995114497229E+03 -1.124707763835E+01 -4.882812500000E-04   1   5
 -1.826474995907E-03 -6.833807451993E-04  1.252958932939E-03 -9.702246648890E+04  2.165316720033E+04 -1.598988283702E+05 -1.124587367415E+01 -4.882812500000E-04   1   5
 -1.949629432574E-04 -2.346878386442E-04  8.606598415494E-04  2.892716942252E+04  7.574819163600E+03  6.603310224347E+03 -1.124719246155E+01 -4.882812500000E-04   1   5
  7.288763535084E-04 -9.128816584651E-05  3.754860723785E-04  7.614574493083E+04  3.776030694471E+03  8.507040772520E+04 -1.124800534444E+01 -4.882812500000E-04   1   5
  2.555030643483E-04 -3.375170149835E-05  4.459480674913E-04  3.172281815200E+04  9.964873508467E+02  3.352643108735E+04 -1.124752493847E+01 -4.882812500000E-04   1   5
 -3.576346389677E-03  2.865004810514E-04  1.858492069153E-03 -2.051239092236E+05 -8.346727683807E+03 -3.200962063026E+05 -1.124464719372E+01 -4.882812500000E-04   1   5
  1.388010778917E-03  4.887150320574E-04 -1.730132578605E-04  8.961509216032E+04 -1.697269046122E+04  1.280666465822E+05 -1.124859444069E+01 -4.882812500000E-04   1   5
 -1.155577994632E-03 -5.138744565921E-04  1.023232484711E-03 -5.400942341004E+04  1.779162564548E+04 -9.882603820027E+04 -1.124637376165E+01 -4.882812500000E-04   1   5
 -3.549404220641E-04  6.316565624198E-04  4.916305593675E-04 -3.379207620504E+04 -2.110708262369E+04 -4.427751377070E+04 -1.124679640173E+01 -4.882812500000E-04   1   5
 -1.314853788537E-03  6.247195929593E-04  1.051539829282E-03 -6.678402978035E+04 -1.993411799788E+04 -1.143731314335E+05 -1.124625781033E+01 -4.882812500000E-04   1   5
  9.412154481192E-04  1.370370127655E-05 -1.850372161099E-04  2.823061497119E+04 -1.543372629738E+02  6.337159682521E+04 -1.124779557122E+01 -4.882812500000E-04   1   5
  9.473367232855E-04 -1.576487781960E-05  3.284671737399E-04  9.944624089368E+04  7.045479257552E+02  1.126011865371E+05 -1.124835609727E+01 -4.882812500000E-04   1   5
  2.167596699410E-04 -4.902512011310E-04  4.589651519937E-04  2.612153423480E+04  1.778904600012E+04  2.499118940261E+04 -1.124740649467E+01 -4.882812500000E-04   1   5
 -3.801147809212E-03  2.237736607546E-04  1.356526370631E-03 -3.039023668596E+05 -6.924691503114E+03 -4.021683861725E+05 -1.124364661691E+01 -4.882812500000E-04   1   5
  1.473867560159E-03 -3.783802643324E-06 -2.362478338780E-04  9.553879021514E+04 -1.147997450614E+03  1.365844316140E+05 -1.124877842374E+01 -4.882812500000E-04   1   5
  1.769703969081E-04  4.724680451444E-04  2.110242529272E-04 -1.099829469876E+04 -1.453346668698E+04 -2.745169471338E+03 -1.124713763222E+01 -4.882812500000E-04   1   5
 -1.403567650201E-03 -4.002329295784E-04  8.770527374741E-04 -9.723763550727E+04  1.410837387235E+04 -1.390392810495E+05 -1.124607274058E+01 -4.882812500000E-04   1   5
 -2.351876722166E-03  2.209528213690E-04  1.046616998824E-03 -1.747291173462E+05 -9.090737139194E+03 -2.391511643598E+05 -1.124534078041E+01 -4.882812500000E-04   1   5
 -3.967635946473E-04 -2.219849874352E-04  8.299881613938E-04  4.146182432180E+03  7.907807828190E+03 -2.105548557809E+04 -1.124700362578E+01 -4.882812500000E-04   1   5
  1.532358327444E-03  1.021848901880E-04 -2.504041352674E-05  1.316654313548E+05 -3.857538565956E+03  1.625186405064E+05 -1.124908929625E+01 -4.882812500000E-04   1   5
  1.400088935855E-03  4.076148814504E-04 -4.158723581792E-04  5.629600710281E+04 -1.411003787759E+04  1.056174323703E+05 -1.124830595904E+01 -4.882812500000E-04   1   5
  1.203226062651E-03 -1.512147396797E-06  2.147043797369E-04  1.256612649430E+05  6.862050715820E+01  1.445091147626E+05 -1.124892249196E+01 -4.882812500000E-04   1   5
  7.999908017854E-04  7.360307204990E-05 -9.262549077116E-05  2.231802585652E+04 -2.986778267958E+03  5.436676927636E+04 -1.124764549389E+01 -4.882812500000E-04   1   5
  2.657524763119E-04 -1.409757087246E-04  3.700130670075E-04  2.230092029804E+04  8.553086684900E+03  2.584652357471E+04 -1.124745441047E+01 -4.882812500000E-04   1   5
 -2.669139156843E-03  2.447658536057E-04  1.093725094032E-03 -2.032749658129E+05 -8.197119549865E+03 -2.748254207638E+05 -1.124503685461E+01 -4.882812500000E-04   1   5
 -2.792706077035E-03 -3.716856643479E-04  1.306939422669E-03 -1.908052373119E+05  1.314172139788E+04 -2.716117456627E+05 -1.124503261723E+01 -4.882812500000E-04   1   5
 -2.641725195587E-03 -8.151490849030E-05  8.150101978082E-04 -2.367619437667E+05  2.558845289119E+03 -2.995633634422E+05 -1.124481615310E+01 -4.882812500000E-04   1   5
 -4.094571431862E-03 -4.172043945456E-04  2.278382807023E-03 -2.129933474527E+05  1.290488183419E+04 -3.517824807102E+05 -1.124424911334E+01 -4.882812500000E-04   1   5
 -3.700291537860E-04 -6.482605529137E-05  8.039689143219E-04  1.548905936162E+03  2.894827463616E+03 -2.371841215734E+04 -1.124694786214E+01 -4.882812500000E-04   1   5
 -2.019291108892E-03  1.783036923402E-04  1.043554237527E-03 -1.419482218479E+05 -1.053095428013E+04 -2.007350628089E+05 -1.124559602073E+01 -4.882812500000E-04   1   5
 -1.870640913669E-03 -7.603792333480E-04  1.309801269194E-03 -9.494760666425E+04  2.157864437429E+04 -1.598676015326E+05 -1.124585740596E+01 -4.882812500000E-04   1   5
  2.081357011643E-03 -5.364416579602E-04 -8.436326150454E-04  1.024881975734E+05  1.527323177472E+04  1.696487864446E+05 -1.124948880384E+01 -4.882812500000E-04   1   5
 -1.666745014684E-03  8.762983217145E-05  9.865412519622E-04 -1.113570415259E+05 -6.323752175867E+03 -1.595086005594E+05 -1.124589615156E+01 -4.882812500000E-04   1   5
  1.414722543025E-03 -6.836512653877E-05 -1.854721831325E-04  9.164398189497E+04  1.798129149247E+03  1.292591197739E+05 -1.124864112925E+01 -4.882812500000E-04   1   5
  3.260832415676E-04  3.134303272783E-04  1.773303593996E-04  4.619932982874E+03 -1.173512666268E+04  1.734591152332E+04 -1.124737232877E+01 -4.882812500000E-04   1   5
 -3.506277112565E-03  4.074620492724E-05  1.541830305808E-03 -2.405324544161E+05  1.052684951121E+02 -3.399150504750E+05 -1.124437301484E+01 -4.882812500000E-04   1   5
  2.325767704424E-04 -3.354929045284E-05  1.613631116815E-04 -8.793883168086E+03  7.012063991949E+02  5.020575357147E+03 -1.124722302051E+01 -4.882812500000E-04   1   5
 -2.764727685869E-03  1.436492866006E-04  7.464990807644E-04 -2.578406006594E+05 -4.234206864693E+03 -3.207384322370E+05 -1.124466075431E+01 -4.882812500000E-04   1   5
 -3.757697364501E-03 -4.411656824883E-04  1.614787711943E-03 -2.590705287896E+05  1.482108191259E+04 -3.676155395299E+05 -1.124414456336E+01 -4.882812500000E-04   1   5
  1.194685102634E-03  1.320479219830E-04 -2.597593301588E-04  5.090035220383E+04 -3.624212299152E+03  9.122289532548E+04 -1.124813424992E+01 -4.882812500000E-04   1   5
 -2.278483270016E-03 -3.669926288484E-04  1.530369064379E-03 -1.110874680216E+05  1.179171796914E+04 -1.934904875491E+05 -1.124561788445E+01 -4.882812500000E-04   1   5
 -5.996152337828E-04  2.572839050823E-04  6.789302627336E-04 -3.920836714165E+04 -1.144992612071E+04 -6.115294934920E+04 -1.124661431683E+01 -4.882812500000E-04   1   5
 -1.812915580285E-03 -3.271974335178E-04  1.284901851254E-03 -9.252081265554E+04  1.211157534535E+04 -1.584139826876E+05 -1.124589015245E+01 -4.882812500000E-04   1   5
  6.147153619059E-04  2.948904147620E-04 -2.086573753185E-05  1.218134827005E+04 -1.046987406210E+04  3.744035388771E+04 -1.124754864161E+01 -4.882812500000E-04   1   5
  2.023930669101E-03 -4.771964548567E-04 -7.487179443200E-04  1.028984769270E+05  1.462866273198E+04  1.680614760245E+05 -1.124932842022E+01 -4.882812500000E-04   1   5
  1.272653196149E-03  2.291984167238E-04 -2.606295592002E-04  6.117950898279E+04 -7.791616335384E+03  1.029051935306E+05 -1.124826709156E+01 -4.882812500000E-04   1   5
 -5.248279779926E-04  1.774062564807E-05  6.188467593798E-04 -3.587115534800E+04  2.929543072942E+02 -5.171279163118E+04 -1.124672431286E+01 -4.882812500000E-04   1   5
 -3.229900434590E-03  3.394059198068E-04  1.893743379788E-03 -1.653349362361E+05 -1.055472611160E+04 -2.765233556328E+05 -1.124497917356E+01 -4.882812500000E-04   1   5
 -2.205226208827E-03 -1.108879745222E-04  9.095259301706E-04 -1.786142788566E+05  2.907233068380E+03 -2.367869822264E+05 -1.124531624932E+01 -4.882812500000E-04   1   5
 -3.490366303062E-03 -2.136922113983E-04  1.575610788361E-03 -2.354228025781E+05  7.369686644931E+03 -3.373914096034E+05 -1.124439377650E+01 -4.882812500000E-04   1   5
 -2.673988089984E-03 -6.448541595358E-04  9.956413749041E-04 -2.166129313175E+05  2.033829396502E+04 -2.859057789882E+05 -1.124494381705E+01 -4.882812500000E-04   1   5
  1.716178017433E-03 -7.321069930812E-05 -3.530754029737E-04  1.118938606042E+05 -2.875042219715E+03  1.604509902136E+05 -1.124907477337E+01 -4.882812500000E-04   1   5
 -1.491099702964E-03 -1.746248669079E-05  1.258335452824E-03 -5.920881963327E+04  7.381802935917E+02 -1.173057080578E+05 -1.124625245440E+01 -4.882812500000E-04   1   5
  1.533400504497E-03 -1.967939004091E-04 -2.868372534032E-05  1.422961310422E+05  5.513302682424E+03  1.738576446367E+05 -1.124942151845E+01 -4.882812500000E-04   1   5
 -3.043785408249E-03  2.577356349390E-04  1.475492121838E-03 -1.948578621835E+05 -8.142977052519E+03 -2.875634683002E+05 -1.124495997732E+01 -4.882812500000E-04   1   5
  1.142666163138E-03 -3.018891458209E-04  2.343661257795E-04  1.174457906737E+05  8.555294199130E+03  1.374121387345E+05 -1.124874112706E+01 -4.882812500000E-04   1   5
 -3.282580592462E-03 -5.654040395542E-04  1.416074258132E-03 -2.287897511405E+05  1.612057960305E+04 -3.232336924029E+05 -1.124463686736E+01 -4.882812500000E-04   1   5
 -2.047209074218E-04 -2.221666792952E-04  9.162818132014E-04  3.480084682351E+04  6.939533875779E+03  1.029065736156E+04 -1.124721999819E+01 -4.882812500000E-04   1   5
 -2.932169098412E-03 -2.146694470436E-05  1.220715492058E-03 -2.145656765187E+05 -2.962532182443E+02 -2.953174048025E+05 -1.124489247704E+01 -4.882812500000E-04   1   5
 -2.619631539190E-04  1.764959357778E-04  3.049643685508E-04 -4.521989916040E+04 -7.929051634860E+03 -4.399403181241E+04 -1.124680631019E+01 -4.882812500000E-04   1   5
  1.046451473596E-03 -2.326524289397E-04  8.808578126923E-05  7.965096961879E+04  9.392353365254E+03  1.033779600586E+05 -1.124827317042E+01 -4.882812500000E-04   1   5
  9.537724816273E-05 -6.267402321328E-05  3.233537281959E-04 -3.163123262591E+03  3.626094362666E+03  4.384366105303E+03 -1.124720100243E+01 -4.882812500000E-04   1   5
  1.569268960611E-03  4.455826061454E-04 -4.098491510517E-04  8.144634368624E+04 -1.439775240833E+04  1.318771988133E+05 -1.124866198886E+01 -4.882812500000E-04   1   5
  6.219417423646E-04  4.545248425526E-04  3.818918826575E-04  6.297503767663E+04 -1.552670078290E+04  7.135009758477E+04 -1.124782645691E+01 -4.882812500000E-04   1   5
  1.125135970864E-03  2.042118197247E-05 -2.160460065774E-04  4.805121753352E+04 -1.292627460650E+03  8.848385664755E+04 -1.124806305050E+01 -4.882812500000E-04   1   5
  2.846128767297E-04 -1.309821131761E-04  6.701482724198E-04  5.920519324146E+04  4.712229810638E+03  5.042907939783E+04 -1.124760124862E+01 -4.882812500000E-04   1   5
  1.111714345029E-03 -3.163522247806E-04 -4.045202738946E-04  1.889414084286E+04  1.000359096050E+04  6.495857279325E+04 -1.124779775167E+01 -4.882812500000E-04   1   5
  1.699544558879E-03 -1.501326755379E-05 -1.688897603354E-04  1.553098506542E+05  6.614608838013E+02  1.907261916768E+05 -1.124988210189E+01 -4.882812500000E-04   1   5
 -1.357048601921E-03  3.638888457020E-04  1.151828252531E-03 -5.551080135797E+04 -1.092872070203E+04 -1.075275768063E+05 -1.124639161201E+01 -4.882812500000E-04   1   5
  1.344238134988E-03  5.022503066339E-06 -4.396451174822E-04  4.529913479163E+04 -4.197637795824E+02  9.700307660555E+04 -1.124816810242E+01 -4.882812500000E-04   1   5
  1.599575326986E-03  1.507297453532E-04 -6.644525566382E-04  4.770557063906E+04 -4.221395374774E+03  1.055655049961E+05 -1.124836998355E+01 -4.882812500000E-04   1   5
  1.378450068367E-03 -1.868641000041E-04 -2.849409922311E-04  7.364899296536E+04  8.394607493398E+03  1.193256653421E+05 -1.124847124927E+01 -4.882812500000E-04   1   5
 -3.835862729121E-03 -7.970848148920E-04  2.119690548084E-03 -2.020970442525E+05  2.189983093482E+04 -3.294820781587E+05 -1.124449691679E+01 -4.882812500000E-04   1   5
 -4.011175028938E-03  6.926279386379E-04  1.769296426813E-03 -2.669834286330E+05 -1.767846088829E+04 -3.856820871738E+05 -1.124398736509E+01 -4.882812500000E-04   1   5
  1.674360627488E-04 -5.437275781931E-04  3.242398715786E-04  3.166465409937E+03  1.878109495655E+04  8.012657451376E+03 -1.124723480616E+01 -4.882812500000E-04   1   5
  8.345141121321E-04  6.160533460026E-05 -6.956150152010E-05  3.096235812390E+04 -2.561327267263E+03  6.346245408183E+04 -1.124775418161E+01 -4.882812500000E-04   1   5
  6.788820648996E-04 -5.763198407854E-04  2.460820445399E-04  5.085322101482E+04  2.066165787292E+04  6.592971863249E+04 -1.124774458474E+01 -4.882812500000E-04   1   5
  1.732480457376E-03  2.464399196145E-05 -3.351547409736E-04  1.285389299342E+05 -7.005438597252E+02  1.730582701446E+05 -1.124950305003E+01 -4.882812500000E-04   1   5
 -4.383874919767E-03 -3.957773466204E-04  2.398735062510E-03 -2.388044228820E+05  1.059702853032E+04 -3.824255376792E+05 -1.124369651756E+01 -4.882812500000E-04   1   5
 -8.849412914456E-04 -2.866985471750E-04  2.863629312075E-04 -1.152424920226E+05  9.790321155979E+03 -1.266806893967E+05 -1.124617057653E+01 -4.882812500000E-04   1   5
 -1.824629375883E-03  3.410187866785E-04  1.455395356374E-03 -7.239136225813E+04 -1.175251230783E+04 -1.436018067925E+05 -1.124599675799E+01 -4.882812500000E-04   1   5
 -1.731277896469E-03 -1.841716250252E-05  1.240374842385E-03 -8.972790218101E+04  1.345753396980E+03 -1.535054388835E+05 -1.124593133469E+01 -4.882812500000E-04   1   5
  7.941597392452E-04  1.540032748050E-04  1.393942891876E-04  5.266209762409E+04 -5.987787258661E+03  7.289036182860E+04 -1.124787013011E+01 -4.882812500000E-04   1   5
 -3.665364217710E-03  1.391487771542E-04  1.256058888734E-03 -2.979544802861E+05 -3.897479223486E+03 -3.912691148965E+05 -1.124384776669E+01 -4.882812500000E-04   1   5
  9.231413632158E-04 -2.484075867789E-04  2.479881740504E-04  8.161195314330E+04  8.853309680831E+03  9.720498837798E+04 -1.124812019111E+01 -4.882812500000E-04   1   5
  1.442890635604E-03  1.933681197317E-04 -3.215184851592E-04  7.744954306810E+04 -7.591003099469E+03  1.243378027800E+05 -1.124855475884E+01 -4.882812500000E-04   1   5
  1.928794316432E-03 -2.645614619680E-04 -5.863514698609E-04  1.253289553112E+05  8.675369383035E+03  1.798838858319E+05 -1.124974047981E+01 -4.882812500000E-04   1   5
  2.135952933107E-03  4.077665710563E-04 -8.502882222183E-04  1.223259959439E+05 -1.021032208269E+04  1.860612050013E+05 -1.125000483974E+01 -4.882812500000E-04   1   5
  6.257059033404E-05 -1.129460626521E-04  2.297344805013E-04 -1.886821178345E+04  3.752423589625E+03 -1.107948476978E+04 -1.124709993161E+01 -4.882812500000E-04   1   5
  3.570117747606E-04  9.097825967818E-05  4.333715928156E-05 -9.675152496036E+03 -3.563924565308E+03  1.033203401557E+04 -1.124727616741E+01 -4.882812500000E-04   1   5
  1.619734044972E-03  3.777198402413E-04 -3.655717026505E-04  9.986932669962E+04 -1.387991860021E+04  1.478705289017E+05 -1.124897285918E+01 -4.882812500000E-04   1   5
 -2.607120059893E-03  4.000328603938E-04  1.299315179900E-03 -1.719583005021E+05 -1.521250656753E+04 -2.505281842285E+05 -1.124521842306E+01 -4.882812500000E-04   1   5
 -1.447328840783E-03 -9.931447869282E-05  6.702415306929E-04 -1.287161872728E+05  2.826382415743E+03 -1.661350494693E+05 -1.124586239270E+01 -4.882812500000E-04   1   5
  1.385488771556E-03 -6.757770534519E-05 -2.349501634970E-04  8.234451322155E+04  1.417240172223E+03  1.249829386797E+05 -1.124856819990E+01 -4.882812500000E-04   1   5
  3.301318194190E-04 -4.202056306622E-04  1.513120293801E-04  8.807161895652E+01  1.550063307970E+04  1.459026842836E+04 -1.124730130022E+01 -4.882812500000E-04   1   5
 -1.974107277290E-03  1.636813508910E-04  1.327830447946E-03 -1.054546610846E+05 -6.018542152315E+03 -1.767361872699E+05 -1.124573220960E+01 -4.882812500000E-04   1   5
  1.618553043522E-03 -4.926438342414E-04 -2.922082761484E-04  1.081659568097E+05  1.680192797212E+04  1.519089046408E+05 -1.124900282872E+01 -4.882812500000E-04   1   5
 -7.411997707505E-04 -2.460299245788E-04  9.540133744500E-04 -2.043484338492E+04  1.019566250627E+04 -5.598787065349E+04 -1.124666086505E+01 -4.882812500000E-04   1   5
  1.386684429238E-03  7.734276565053E-05 -8.852638956802E-05  1.035631747851E+05 -3.505491149477E+03  1.358626461072E+05 -1.124877137470E+01 -4.882812500000E-04   1   5
  6.181983144174E-04 -1.801442823193E-04  7.526698982613E-05  2.337250877873E+04  6.557514255130E+03  4.540012113287E+04 -1.124757978733E+01 -4.882812500000E-04   1   5
  1.666037443295E-03  5.319047347150E-06 -4.334127119906E-04  9.831891714718E+04 -1.068639766360E+03  1.515731868404E+05 -1.124902387969E+01 -4.882812500000E-04   1   5
  1.629529523793E-03 -6.384507893953E-06 -4.920125396672E-04  8.116266131485E+04  7.182222487851E+02  1.346435634110E+05 -1.124877507208E+01 -4.882812500000E-04   1   5
  1.850093553354E-03  3.543424124049E-04 -4.503237675765E-04  1.218051744734E+05 -9.978836140092E+03  1.731283679711E+05 -1.124937754460E+01 -4.882812500000E-04   1   5
 -3.558967306935E-03  2.695298724980E-04  1.365088943743E-03 -2.674362862011E+05 -9.246234240991E+03 -3.624880023819E+05 -1.124421739481E+01 -4.882812500000E-04   1   5
  1.716056476539E-03 -5.950948109203E-04 -4.795572237550E-04  9.695854180218E+04  1.767302927968E+04  1.490103766825E+05 -1.124902062378E+01 -4.882812500000E-04   1   5
 -3.138151265402E-03 -2.779080803813E-04  1.701359175788E-03 -1.791191172139E+05  9.223481444462E+03 -2.823112767509E+05 -1.124495197726E+01 -4.882812500000E-04   1   5
  1.365272196063E-03 -6.829254795670E-04 -2.424193632856E-04  7.559380251003E+04  2.003934611595E+04  1.169202848278E+05 -1.124843432979E+01 -4.882812500000E-04   1   5
 -2.737139743543E-03  2.058915946498E-05  1.113984748010E-03 -2.075468671083E+05 -6.108336606788E+02 -2.802255900777E+05 -1.124499507345E+01 -4.882812500000E-04   1   5
 -2.069374739739E-03  1.244575829606E-04  9.518579078346E-04 -1.561815515173E+05 -3.919879980285E+03 -2.119139581650E+05 -1.124556076871E+01 -4.882812500000E-04   1   5
  5.496042269484E-04  1.134092712703E-04  2.964066335200E-04  4.129988454225E+04 -7.449873912449E+03  4.995803621434E+04 -1.124760879561E+01 -4.882812500000E-04   1   5
 -3.167439420320E-03 -2.888618705164E-04  1.121331769455E-03 -2.572604062474E+05  9.049356520785E+03 -3.382697950881E+05 -1.124441064668E+01 -4.882812500000E-04   1   5
 -2.052626213485E-03  4.279223791523E-05  6.679683865417E-04 -1.910050944850E+05 -1.345457366799E+03 -2.384200917685E+05 -1.124534359233E+01 -4.882812500000E-04   1   5
 -2.520799261195E-03  4.381785136342E-04  1.249107370314E-03 -1.681546094144E+05 -1.576654207046E+04 -2.442636792380E+05 -1.124529937633E+01 -4.882812500000E-04   1   5
  9.491382898128E-07  2.454255418100E-04  6.068039000895E-04  1.978190824931E+04 -8.808374794122E+03  9.501989400975E+03 -1.124725444290E+01 -4.882812500000E-04   1   5
 -1.935074482373E-03 -1.554800846334E-04  1.428331514970E-03 -8.801553084779E+04  5.723893433772E+03 -1.606728278028E+05 -1.124585812241E+01 -4.882812500000E-04   1   5
  2.993167747253E-05 -3.163936545190E-04  2.919789373422E-04 -1.572308781487E+04  1.043929975059E+04 -1.272359271866E+04 -1.124708304625E+01 -4.882812500000E-04   1   5
  2.123680480109E-03  8.808597371660E-05 -8.715994002998E-04  1.002804747146E+05 -3.212568608120E+03  1.722454890898E+05 -1.124939822208E+01 -4.882812500000E-04   1   5
 -2.970519763402E-03 -7.014540263659E-04  1.352949628625E-03 -2.046268058792E+05  2.106791638527E+04 -2.914669785154E+05 -1.124486916433E+01 -4.882812500000E-04   1   5
 -1.368091381610E-03 -2.605617348661E-04  1.201588256959E-03 -5.546871233121E+04  8.867987071028E+03 -1.111780674723E+05 -1.124626492074E+01 -4.882812500000E-04   1   5
 -5.112306871802E-05 -3.670459335192E-05  7.945897717124E-04  4.050538090026E+04  9.574402086389E+02  2.283049083929E+04 -1.124742091494E+01 -4.882812500000E-04   1   5
 -1.505626116870E-03 -3.595434673566E-04  8.761811162719E-04 -1.082929383397E+05  1.340580642934E+04 -1.521674440856E+05 -1.124597256275E+01 -4.882812500000E-04   1   5
  6.637126700553E-04 -2.356255035252E-06  3.417372135066E-04  6.449079938388E+04  2.197181068809E+02  7.355139056345E+04 -1.124790919022E+01 -4.882812500000E-04   1   5
  2.072522463081E-03 -3.479751519369E-04 -6.904419384343E-04  1.298618683174E+05  1.130435483568E+04  1.900218749425E+05 -1.124986700810E+01 -4.882812500000E-04   1   5
 -8.027825537349E-04 -2.130898342862E-04  1.100530595885E-03 -8.546065847586E+03  7.256344205083E+03 -4.945175161617E+04 -1.124670475451E+01 -4.882812500000E-04   1   5
 -1.382531128584E-03  3.086910770857E-04  5.533986784690E-04 -1.351029682572E+05 -1.092552943724E+04 -1.642417949179E+05 -1.124587212186E+01 -4.882812500000E-04   1   5
  1.109675710595E-03  3.305002805645E-04  1.467386027743E-04  9.587502813276E+04 -1.081818507646E+04  1.190983889440E+05 -1.124843242642E+01 -4.882812500000E-04   1   5
 -3.016090955994E-03 -3.055653989898E-05  1.684902726258E-03 -1.692422615796E+05  8.037869144381E+02 -2.699445802725E+05 -1.124503055897E+01 -4.882812500000E-04   1   5
 -7.715640134362E-04 -2.037671092693E-04  4.133864760210E-04 -8.510816933744E+04  7.229324777524E+03 -9.782111830283E+04 -1.124643300797E+01 -4.882812500000E-04   1   5
 -3.431950840790E-03  4.580090720373E-04  1.261507214917E-03 -2.693204949084E+05 -1.345384055889E+04 -3.602056118537E+05 -1.124419757998E+01 -4.882812500000E-04   1   5
 -2.489487892115E-03  8.702901183138E-05  7.237892444394E-04 -2.302992873412E+05 -3.099536939466E+03 -2.863846007248E+05 -1.124495268591E+01 -4.882812500000E-04   1   5
 -2.060446743456E-03 -8.439947576028E-05  1.374903043849E-03 -1.073511270415E+05  2.427526773162E+03 -1.801071805285E+05 -1.124572014450E+01 -4.882812500000E-04   1   5
 -3.377063583238E-03  6.346635401607E-04  1.428544025484E-03 -2.412862038723E+05 -1.990488126874E+04 -3.367711284861E+05 -1.124441632817E+01 -4.882812500000E-04   1   5
 -2.171223270245E-03 -1.910880864232E-04  8.845719758100E-04 -1.750663079006E+05  7.559299601675E+03 -2.301982961958E+05 -1.124542289889E+01 -4.882812500000E-04   1   5
  3.734844560650E-04 -3.186881065891E-04  7.267381566519E-04  8.063295827190E+04  9.372493026964E+03  7.397749965254E+04 -1.124786024954E+01 -4.882812500000E-04   1   5
 -1.160250701813E-03 -1.960345159283E-04  7.589913760715E-04 -8.487983114139E+04  8.629663126348E+03 -1.176257444473E+05 -1.124625967397E+01 -4.882812500000E-04   1   5
  1.973710682510E-03 -4.127409623119E-04 -6.374658096749E-04  1.374076483424E+05  1.147487260817E+04  1.907720274681E+05 -1.125017875427E+01 -4.882812500000E-04   1   5
 -5.140614890267E-06  4.572278929582E-04  6.570375256271E-04  2.451993224537E+04 -1.657816124297E+04  1.332639894039E+04 -1.124725053824E+01 -4.882812500000E-04   1   5
 -2.993363514614E-03 -8.860470531574E-05  1.838010155337E-03 -1.482553576857E+05  2.440404579733E+03 -2.539892140737E+05 -1.124514375473E+01 -4.882812500000E-04   1   5
 -2.035436754126E-03 -1.996884755768E-04  1.282035164603E-03 -1.157306635434E+05  6.987323200776E+03 -1.833863214558E+05 -1.124569149583E+01 -4.882812500000E-04   1   5
 -2.689129041888E-03  6.900966439914E-04  1.195523642128E-03 -1.939973276165E+05 -2.156599057421E+04 -2.698574481412E+05 -1.124504696591E+01 -4.882812500000E-04   1   5
 -2.273517546715E-03  8.840240388546E-04  1.246270308739E-03 -1.435769861240E+05 -2.700036342728E+04 -2.144912607651E+05 -1.124549106158E+01 -4.882812500000E-04   1   5
  1.519937941563E-04  3.166954779600E-04  4.197902618763E-04  1.564668296903E+04 -1.170655980263E+04  1.495713780895E+04 -1.124736219254E+01 -4.882812500000E-04   1   5
 -2.011078440320E-03  4.105638421981E-04  6.751187494601E-04 -1.848749682418E+05 -1.270572500211E+04 -2.307484604834E+05 -1.124541062591E+01 -4.882812500000E-04   1   5
  8.192820395618E-04 -1.034966348404E-04  1.872907917461E-05  4.122240567474E+04  4.325850224380E+03  6.781687042517E+04 -1.124783578812E+01 -4.882812500000E-04   1   5
 -1.253909284737E-03 -2.194412211635E-04  1.093241451459E-03 -5.496901591199E+04  7.526273985625E+03 -1.051267696562E+05 -1.124635878274E+01 -4.882812500000E-04   1   5
  2.552083300838E-03 -1.825043162578E-04 -1.018202487238E-03  1.495086840313E+05  4.177833042613E+03  2.253617753140E+05 -1.125037380751E+01 -4.882812500000E-04   1   5
 -2.549492746577E-03 -4.227538385075E-04  1.403720841409E-03 -1.529185989945E+05  1.401203338402E+04 -2.352792130691E+05 -1.124534984992E+01 -4.882812500000E-04   1   5
 -1.397703349598E-04  2.445624992777E-04  4.044898383929E-04 -1.960310554701E+04 -1.079951602893E+04 -2.325641156135E+04 -1.124700639886E+01 -4.882812500000E-04   1   5
 -1.580192040915E-03 -5.153678306000E-04  5.563404411663E-04 -1.563240737844E+05  1.608769645574E+04 -1.897919837709E+05 -1.124566620194E+01 -4.882812500000E-04   1   5
 -5.350165764974E-05 -6.068003249770E-04  6.337013633593E-04  1.606978497535E+04  2.021293998357E+04  4.825040691331E+03 -1.124717735948E+01 -4.882812500000E-04   1   5
 -1.775817815873E-03 -2.325709594122E-04  1.065062706028E-03 -1.160925950641E+05  1.068778253917E+04 -1.733239265785E+05 -1.124576874595E+01 -4.882812500000E-04   1   5
 -1.545847223932E-03  2.167554535501E-06  1.355784901871E-03 -5.524284019476E+04 -3.227520117445E+02 -1.184546837965E+05 -1.124619542286E+01 -4.882812500000E-04   1   5
 -3.728201219566E-03  2.075535608452E-05  2.119211595692E-03 -1.908580834143E+05 -2.367450122738E+02 -3.183841766859E+05 -1.124461303607E+01 -4.882812500000E-04   1   5
  1.534550826583E-03  3.168570800986E-05 -3.593828956051E-04  8.947258135998E+04 -2.073446262630E+03  1.360205793496E+05 -1.124883820362E+01 -4.882812500000E-04   1   5
 -3.795464523464E-03  1.229105411011E-04  1.969026701991E-03 -2.204594844849E+05 -4.286506520022E+03 -3.439287692113E+05 -1.124431902539E+01 -4.882812500000E-04   1   5
  1.464035762228E-03 -3.525758311198E-04 -3.056949218619E-04  8.236364634094E+04  1.187222150060E+04  1.279176035452E+05 -1.124860874875E+01 -4.882812500000E-04   1   5
 -1.316297032430E-03  4.116986670392E-04  8.816100485259E-04 -8.815848476413E+04 -1.495430147918E+04 -1.293493432446E+05 -1.124613769586E+01 -4.882812500000E-04   1   5
 -5.531013711654E-04  2.185678377892E-04  6.303527819629E-04 -3.921315694509E+04 -1.001876560154E+04 -5.655810829557E+04 -1.124665198242E+01 -4.882812500000E-04   1   5
  2.412817483581E-04  3.149409686572E-04  3.794910127001E-04  1.855614752850E+04 -1.390190044418E+04  2.080143872719E+04 -1.124736749043E+01 -4.882812500000E-04   1   5
  6.763169274994E-05  4.547569291368E-05  5.985572295105E-04  2.441720378663E+04 -2.404229953360E+03  1.369437180959E+04 -1.124727285782E+01 -4.882812500000E-04   1   5
  1.455252358615E-03 -3.841503049288E-05 -2.667024763017E-04  9.609670976968E+04  4.182441106115E+03  1.391993331318E+05 -1.124893215475E+01 -4.882812500000E-04   1   5
 -1.368807333736E-03  4.276908516036E-05  1.125490492040E-03 -6.440826798026E+04 -9.580359714468E+02 -1.171241784606E+05 -1.124623113916E+01 -4.882812500000E-04   1   5
  7.891132284367E-04  8.731667737832E-05  3.533921584123E-04  8.277939723502E+04 -2.717695110228E+03  9.537809717894E+04 -1.124812960711E+01 -4.882812500000E-04   1   5
 -1.310253346681E-03 -4.617858536965E-04  1.025300063761E-03 -7.106337934776E+04  1.711771538094E+04 -1.180283094745E+05 -1.124619911082E+01 -4.882812500000E-04   1   5
 -2.887095838537E-03  3.987018665936E-05  1.262582828334E-03 -2.039503209568E+05 -1.175881465111E+03 -2.859382970077E+05 -1.124498947049E+01 -4.882812500000E-04   1   5
 -1.207781608571E-03 -5.305182991288E-04  5.247680050968E-04 -1.201190900876E+05  1.651149456126E+04 -1.464602261773E+05 -1.124602246827E+01 -4.882812500000E-04   1   5
 -2.202335114493E-04  5.514710599880E-04  2.665928707850E-04 -4.677855047649E+04 -1.920936073177E+04 -4.618805249956E+04 -1.124678881201E+01 -4.882812500000E-04   1   5
 -1.208298346996E-05 -1.977971640830E-04  5.355252529479E-04  8.806986781950E+03  9.324865901974E+03  1.470840903893E+03 -1.124717046940E+01 -4.882812500000E-04   1   5
 -3.790348027583E-03  3.410727979125E-04  1.646334901974E-03 -2.593679739174E+05 -1.137626410571E+04 -3.690895405874E+05 -1.124410836150E+01 -4.882812500000E-04   1   5
  4.176326561657E-04 -4.571734035144E-04  5.020129316229E-04  5.322709510025E+04  1.665449996975E+04  5.397082778952E+04 -1.124762903635E+01 -4.882812500000E-04   1   5
 -1.615114198944E-04  2.836178513240E-04  3.616646741331E-04 -2.781166075267E+04 -1.230521503196E+04 -2.840660970227E+04 -1.124693228247E+01 -4.882812500000E-04   1   5
  1.575903779907E-03 -9.576775011828E-06 -1.304364135561E-04  1.238912984206E+05  9.248945971167E+02  1.603631110199E+05 -1.124907759801E+01 -4.882812500000E-04   1   5
 -2.205364399046E-04  1.188384932395E-04  2.707041594185E-04 -4.576426967208E+04 -4.776983807675E+03 -4.472479851473E+04 -1.124680796949E+01 -4.882812500000E-04   1   5
 -1.227174087322E-03  1.034855820165E-05  8.631371807967E-04 -7.584445344392E+04 -1.139838821163E+02 -1.137862229408E+05 -1.124636961807E+01 -4.882812500000E-04   1   5
  1.909538748706E-03 -6.002676215089E-04 -5.119008601434E-04  1.292435619846E+05  1.761873528658E+04  1.812865459533E+05 -1.124966670786E+01 -4.882812500000E-04   1   5
  1.576362607411E-03 -3.655499206125E-04 -9.821218668277E-05  1.391264209217E+05  1.068691481958E+04  1.731312565860E+05 -1.124944507373E+01 -4.882812500000E-04   1   5
 -8.437081062418E-04 -2.116416013868E-04  4.112395613512E-04 -9.403155810791E+04  8.177280439890E+03 -1.073439681571E+05 -1.124633011197E+01 -4.882812500000E-04   1   5
 -4.994264619280E-04  1.134627706046E-04  4.072168978241E-04 -5.872771279570E+04 -5.263798188437E+03 -6.489813299493E+04 -1.124662245685E+01 -4.882812500000E-04   1   5
  8.766178475431E-04  6.368300694249E-04 -6.059681570608E-05  3.412901721382E+04 -1.944470978453E+04  6.297353934061E+04 -1.124773524035E+01 -4.882812500000E-04   1   5
  1.328000790686E-03  2.691728797831E-04 -1.408651844376E-04  8.579134930491E+04 -1.028044337104E+04  1.226971435335E+05 -1.124851681736E+01 -4.882812500000E-04   1   5
  1.107347849561E-04  4.057795404865E-04  5.238147718942E-04  2.196024959585E+04 -1.441935909737E+04  1.650106957944E+04 -1.124732472378E+01 -4.882812500000E-04   1   5
 -3.292119080905E-04  9.219883423046E-05  7.575514870956E-04 -7.822637064631E+02 -3.770870718383E+03 -2.471386453712E+04 -1.124693058569E+01 -4.882812500000E-04   1   5
  1.037555093799E-03  2.081972402666E-04  1.608065492777E-04  8.820034659554E+04 -8.467726778040E+03  1.090390364106E+05 -1.124832672959E+01 -4.882812500000E-04   1   5
 -4.170502087523E-03 -1.471051605248E-04  1.857507762988E-03 -2.823806048121E+05  4.485547955775E+03 -4.031820759517E+05 -1.124356953597E+01 -4.882812500000E-04   1   5
  1.263268194336E-04  3.540307793926E-04  5.515468024621E-04  2.568288757576E+04 -1.409197114360E+04  1.913913613867E+04 -1.124731581254E+01 -4.882812500000E-04   1   5
 -1.047903162603E-04  1.043906389095E-04  5.542194668082E-04  5.335372891850E+02 -6.707639769212E+03 -1.109531401026E+04 -1.124708263159E+01 -4.882812500000E-04   1   5
 -3.092848839368E-03  4.608696204745E-04  1.288275396382E-03 -2.254978011091E+05 -1.382590093152E+04 -3.117955172283E+05 -1.124470619704E+01 -4.882812500000E-04   1   5
 -2.056872130818E-03 -2.039442017340E-04  1.065482884520E-03 -1.421045121972E+05  5.249813565308E+03 -2.038258511096E+05 -1.124561587221E+01 -4.882812500000E-04   1   5
  1.642712373594E-03 -6.226510514499E-04 -2.371156663717E-04  1.321371287085E+05  1.575793440189E+04  1.721160801807E+05 -1.124951280480E+01 -4.882812500000E-04   1   5
 -1.304099954368E-03  8.454706546971E-05  6.607123642328E-04 -1.118762612062E+05 -3.487152525436E+03 -1.439049679618E+05 -1.124607259787E+01 -4.882812500000E-04   1   5
  1.886400726268E-03  2.621377096102E-04 -4.774961129829E-04  1.344586359174E+05 -7.933694695362E+03  1.838572315058E+05 -1.124977774399E+01 -4.882812500000E-04   1   5
 -3.668943908438E-03 -2.505091963546E-04  1.286473762038E-03 -2.990864600794E+05  7.105544379667E+03 -3.933176624984E+05 -1.124371833344E+01 -4.882812500000E-04   1   5
  2.034424317818E-03 -4.815032814257E-04 -7.599883692060E-04  1.124814234029E+05  1.388802623375E+04  1.749830416832E+05 -1.124964521465E+01 -4.882812500000E-04   1   5
  4.976626446093E-04 -2.809303108470E-05 -2.746411966253E-04 -3.581677555755E+04  7.294786497015E+02 -4.737799758151E+03 -1.124715416909E+01 -4.882812500000E-04   1   5
  1.417890175694E-03  2.805121837084E-04 -1.564676493054E-04  1.006020843620E+05 -9.945923033012E+03  1.370793756537E+05 -1.124881638289E+01 -4.882812500000E-04   1   5
  1.006630852320E-03  2.822611192355E-04 -1.057183890033E-04  4.600202952476E+04 -1.172513094704E+04  8.103854688657E+04 -1.124792845561E+01 -4.882812500000E-04   1   5
 -2.774668876702E-03 -5.096553638688E-04  1.572890931171E-03 -1.550394753709E+05  1.571631130198E+04 -2.461777414561E+05 -1.124526479008E+01 -4.882812500000E-04   1   5
  1.291264345828E-03 -3.621734381407E-04 -2.986723661993E-04  5.506195839283E+04  9.608758052035E+03  9.697598509631E+04 -1.124816057177E+01 -4.882812500000E-04   1   5
 -7.281060477933E-04 -2.203787428203E-04  4.120146599846E-04 -8.129827580537E+04  7.976152535795E+03 -9.297913824973E+04 -1.124645199402E+01 -4.882812500000E-04   1   5
 -1.665251831580E-03 -1.160168966990E-04  1.189881882642E-03 -8.957751055696E+04  4.411625301737E+03 -1.514762398337E+05 -1.124594530487E+01 -4.882812500000E-04   1   5
 -1.875752240084E-03 -4.853617180211E-04  1.162156846186E-03 -1.140269936160E+05  1.756336999463E+04 -1.751016215951E+05 -1.124575211467E+01 -4.882812500000E-04   1   5
  1.727370363862E-03 -2.633070185868E-04 -2.642447972007E-04  1.251441828842E+05  8.522809932949E+03  1.694106489505E+05 -1.124917621556E+01 -4.882812500000E-04   1   5
  1.325479206517E-03 -3.158508561269E-04 -3.248575986142E-04  5.940593324016E+04  1.187300352876E+04  1.052980324377E+05 -1.124828674578E+01 -4.882812500000E-04   1   5
 -8.062167736242E-04  9.533260368848E-05  5.597556012035E-04 -7.104029908489E+04 -4.644444611129E+03 -9.048408924372E+04 -1.124648928091E+01 -4.882812500000E-04   1   5
 -2.481680759277E-03  1.436067492020E-04  1.101237164944E-03 -1.816945473184E+05 -6.275285874989E+03 -2.495159099761E+05 -1.124524931417E+01 -4.882812500000E-04   1   5
  6.398593208447E-04  2.923318709940E-06 -1.002855198038E-04  5.072996788592E+03 -4.691392039809E+02  3.344025595406E+04 -1.124752330331E+01 -4.882812500000E-04   1   5
 -1.745479285319E-03 -3.621013732059E-04  1.035619652381E-03 -1.158422870407E+05  1.411864266999E+04 -1.702606561061E+05 -1.124579424661E+01 -4.882812500000E-04   1   5
 -1.475882087600E-03 -1.829322028427E-04  4.928820530198E-04 -1.528911256549E+05  6.268156670129E+03 -1.815015183206E+05 -1.124572928213E+01 -4.882812500000E-04   1   5
 -4.073544239597E-03 -3.532744889802E-04  2.149101095326E-03 -2.276253570513E+05  1.029606691660E+04 -3.599823625741E+05 -1.124415024809E+01 -4.882812500000E-04   1   5
  6.321251354227E-05 -4.408399180592E-04  5.381940722788E-04  1.708686368451E+04  1.619693366378E+04  1.038785994815E+04 -1.124724020264E+01 -4.882812500000E-04   1   5
  5.716535205117E-04 -1.067229160613E-04  4.671105188435E-04  6.539052228629E+04  4.607490680860E+03  6.744451497595E+04 -1.124775981961E+01 -4.882812500000E-04   1   5
  1.853301969861E-03 -3.413998365062E-04 -3.934064262570E-04  1.517061462447E+05  9.972256027738E+03  1.950263165501E+05 -1.125012659270E+01 -4.882812500000E-04   1   5
 -7.399430310324E-04 -4.060593464014E-04  7.389967682448E-04 -4.557218340551E+04  1.627597014665E+04 -7.201787639374E+04 -1.124655681511E+01 -4.882812500000E-04   1   5
  1.074223510518E-03 -2.334641994118E-04 -2.001043888287E-04  4.329260853829E+04  8.661583206507E+03  8.094494540381E+04 -1.124799168598E+01 -4.882812500000E-04   1   5
  1.711101972228E-03 -3.826288687993E-04 -2.120644670837E-04  1.323418293924E+05  1.355216579740E+04  1.732997308028E+05 -1.124927379738E+01 -4.882812500000E-04   1   5
 -4.883963555917E-04 -1.592945968456E-05  5.046192437046E-04 -4.824194311305E+04  7.369844521637E+02 -6.056680144901E+04 -1.124662158932E+01 -4.882812500000E-04   1   5
  1.438776498472E-03 -1.518846959821E-04 -3.543427412659E-04  7.342131151203E+04  6.241064617664E+03  1.223155282487E+05 -1.124854179395E+01 -4.882812500000E-04   1   5
  4.332305644865E-04 -3.509329905535E-04  3.447510954563E-04  3.620348811337E+04  1.530885840847E+04  4.355897628779E+04 -1.124756494159E+01 -4.882812500000E-04   1   5
 -3.955334067451E-04  4.879107040039E-04  6.080965476417E-04 -2.348876751306E+04 -1.715645234342E+04 -3.947088549903E+04 -1.124684465194E+01 -4.882812500000E-04   1   5
  5.947016556701E-04 -2.527476986134E-04  4.061916319733E-04  6.209899053940E+04  6.092671250012E+03  7.216653105506E+04 -1.124777698010E+01 -4.882812500000E-04   1   5
 -1.146181135156E-03 -3.874162619812E-04  7.699516847748E-04 -8.142689261725E+04  1.312779980158E+04 -1.164597367510E+05 -1.124630604946E+01 -4.882812500000E-04   1   5
  1.704343717101E-03 -5.391365233321E-05 -3.764793198559E-04  1.079700755741E+05 -1.014060242860E+03  1.559697386378E+05 -1.124906159349E+01 -4.882812500000E-04   1   5
 -2.981276861424E-03  4.714086454698E-04  1.719148285434E-03 -1.613339827548E+05 -1.503378751047E+04 -2.618894434455E+05 -1.124508279473E+01 -4.882812500000E-04   1   5
  1.615184044724E-03 -2.245409573292E-05 -2.387989406372E-04  1.138409112846E+05  2.643883174588E+03  1.528853780492E+05 -1.124902712909E+01 -4.882812500000E-04   1   5
 -1.495225438567E-03  3.199318952948E-04  1.253249213587E-03 -6.220630446223E+04 -1.088945926633E+04 -1.205605254069E+05 -1.124618491743E+01 -4.882812500000E-04   1   5
 -3.433905823029E-03  1.236876341323E-04  1.540712567519E-03 -2.332183318420E+05 -3.329955289709E+03 -3.340922588250E+05 -1.124444822305E+01 -4.882812500000E-04   1   5
  9.225371396838E-04 -2.642262701329E-04  2.443614907944E-04  7.924596419828E+04  1.040047342456E+04  9.456275052734E+04 -1.124806144196E+01 -4.882812500000E-04   1   5
 -2.930422334420E-03  3.041657836676E-04  1.125321584575E-03 -2.278933959574E+05 -1.038745640108E+04 -3.047191415009E+05 -1.124477088772E+01 -4.882812500000E-04   1   5
  1.627996216704E-03  6.552565429438E-04 -4.138032362758E-04  8.843716976750E+04 -2.002289775459E+04  1.389069745522E+05 -1.124875167308E+01 -4.882812500000E-04   1   5
 -3.460836287725E-03  7.036634180415E-04  1.592027428987E-03 -2.295605297439E+05 -1.975306051054E+04 -3.327536281986E+05 -1.124445867327E+01 -4.882812500000E-04   1   5
 -3.628206692820E-04  6.001846641421E-04  5.803282841156E-04 -2.313071632398E+04 -1.890640446361E+04 -3.731374931113E+04 -1.124686525164E+01 -4.882812500000E-04   1   5
 -1.301412586216E-04  5.894460578206E-04  1.622371767017E-04 -4.988018739001E+04 -1.960458245904E+04 -4.411164914057E+04 -1.124681152873E+01 -4.882812500000E-04   1   5
 -8.271503742737E-04 -1.504042840836E-04  6.802000956266E-04 -5.957639015569E+04  7.001978457282E+03 -8.261740682527E+04 -1.124650682883E+01 -4.882812500000E-04   1   5
 -6.815400395382E-04 -3.594445137818E-04  1.006647875908E-03 -5.601433221510E+03  1.190571619422E+04 -4.056877630074E+04 -1.124680651481E+01 -4.882812500000E-04   1   5
  9.959453927657E-04  4.652678884225E-04  9.521460955220E-05  7.244153238702E+04 -1.629594645999E+04  9.630008829153E+04 -1.124814300713E+01 -4.882812500000E-04   1   5
 -1.856058867440E-03  7.254898306712E-05  1.213182606513E-03 -1.061454237607E+05 -2.315025314566E+03 -1.701966825009E+05 -1.124579597120E+01 -4.882812500000E-04   1   5
  1.105751015349E-04  3.386145461222E-04  5.441121425354E-04  2.341240857682E+04 -1.429830242551E+04  1.782928918830E+04 -1.124730311236E+01 -4.882812500000E-04   1   5
  2.576788440381E-04 -3.316300938727E-04  4.715363017090E-04  3.272449554256E+04  1.324684832793E+04  3.084201654423E+04 -1.124747785889E+01 -4.882812500000E-04   1   5
 -9.648708288432E-04 -3.767673916912E-04  9.639323369767E-04 -4.229654336960E+04  1.419017020333E+04 -8.261900499742E+04 -1.124648075006E+01 -4.882812500000E-04   1   5
  1.833797716074E-03  3.274452166889E-04 -7.902398485776E-04  6.199557605282E+04 -1.009348817148E+04  1.296970151983E+05 -1.124864406275E+01 -4.882812500000E-04   1   5
  1.475671848335E-03 -6.854497913372E-04 -2.127583369738E-04  1.022005380269E+05  2.054860214917E+04  1.413472209580E+05 -1.124890537619E+01 -4.882812500000E-04   1   5
  5.082729950817E-04  4.421821453479E-04 -4.641585484422E-05 -3.205282783159E+03 -1.416615956691E+04  1.892421198468E+04 -1.124741502210E+01 -4.882812500000E-04   1   5
  9.400100970943E-04  5.510189087746E-04  1.963997068665E-04  8.119971871903E+04 -1.745570093051E+04  1.006149371456E+05 -1.124822361512E+01 -4.882812500000E-04   1   5
 -1.320762061617E-03 -3.857492371111E-04  9.995717624088E-04 -7.227337610805E+04  1.157910471154E+04 -1.176049985118E+05 -1.124626700841E+01 -4.882812500000E-04   1   5
  2.296130852171E-04  5.133036688644E-05  2.883834651683E-04  5.007699855412E+03 -1.785660228869E+03  1.058767138651E+04 -1.124726614671E+01 -4.882812500000E-04   1   5
  4.369727693770E-04  5.426489453927E-05  2.628116430112E-04  2.772112772328E+04 -2.289409412466E+03  4.010617973489E+04 -1.124754843858E+01 -4.882812500000E-04   1   5
  1.877188216989E-03  4.380871799220E-04 -5.133975127902E-04  1.118961083904E+05 -1.485412504763E+04  1.680215709307E+05 -1.124920092127E+01 -4.882812500000E-04   1   5
  2.083128709589E-03  9.958224316826E-05 -8.157804609472E-04  1.057020383019E+05 -2.260795068721E+03  1.705677645021E+05 -1.124950108649E+01 -4.882812500000E-04   1   5
 -2.132664484685E-03 -4.299520969912E-04  1.125332211864E-03 -1.435479556146E+05  1.606733799412E+04 -2.076961302513E+05 -1.124555160747E+01 -4.882812500000E-04   1   5
  1.545704246622E-03 -2.905292859595E-05 -4.034930358265E-04  8.613758066592E+04  2.144522674649E+03  1.352945565515E+05 -1.124884648638E+01 -4.882812500000E-04   1   5
  2.429611407256E-04 -2.635076691055E-05  2.600182943751E-04  7.148488671044E+03  1.951355682934E+03  1.955840678282E+04 -1.124737093048E+01 -4.882812500000E-04   1   5
 -2.103695877564E-03 -6.433005310363E-04  7.704286266596E-04 -1.833413351968E+05  2.035424197253E+04 -2.348725312543E+05 -1.124537225555E+01 -4.882812500000E-04   1   5
  1.042426921062E-03 -4.299462501510E-04 -2.852162841178E-04  2.708132151889E+04  1.264333010676E+04  6.551010085958E+04 -1.124784399567E+01 -4.882812500000E-04   1   5
 -3.291241435590E-03 -6.808440719730E-04  1.403325116590E-03 -2.326768644340E+05  1.995757471025E+04 -3.263787687104E+05 -1.124457206943E+01 -4.882812500000E-04   1   5
 -3.662438053355E-03 -2.232743704050E-04  1.835623923987E-03 -2.221500791112E+05  7.272749012455E+03 -3.380419517817E+05 -1.124438305207E+01 -4.882812500000E-04   1   5
 -8.941369625866E-04 -2.137149963154E-04  7.921095578802E-04 -5.379869043513E+04  7.446089811181E+03 -8.550420301583E+04 -1.124650060995E+01 -4.882812500000E-04   1   5
  1.729902692167E-03  4.361514860261E-04 -2.880046941779E-04  1.219452285886E+05 -1.347198238663E+04  1.673420148946E+05 -1.124914636386E+01 -4.882812500000E-04   1   5
  6.972571579570E-04  4.762517421971E-04  2.623184347028E-04  5.888868626206E+04 -1.475872483655E+04  7.317778829450E+04 -1.124790050994E+01 -4.882812500000E-04   1   5
 -4.405818164756E-03 -5.270832808000E-05  2.414170315503E-03 -2.446415314611E+05  1.239922813714E+03 -3.869355400470E+05 -1.124350285878E+01 -4.882812500000E-04   1   5
  1.896036908101E-03  5.174041169447E-04 -4.039272989744E-04  1.435901220793E+05 -1.498469155680E+04  1.911079787608E+05 -1.124979708970E+01 -4.882812500000E-04   1   5
 -7.155968534182E-04 -4.936763771614E-05  9.832893844398E-04 -1.482134800834E+04  1.990554109169E+03 -5.250781090265E+04 -1.124668704361E+01 -4.882812500000E-04   1   5
 -3.598797255038E-03 -3.563326801364E-05  1.369650918996E-03 -2.737960677345E+05  6.653135917397E+02 -3.717104499262E+05 -1.124410056335E+01 -4.882812500000E-04   1   5
  1.153950483337E-03 -2.728087343703E-04 -1.617385452639E-04  5.967960730637E+04  9.547660417319E+03  9.625243915962E+04 -1.124818813985E+01 -4.882812500000E-04   1   5
 -2.995012874558E-03  4.681715193926E-04  1.226319543362E-03 -2.228322650169E+05 -1.478686030695E+04 -3.055313712340E+05 -1.124476060266E+01 -4.882812500000E-04   1   5
  1.884394562498E-03  4.846530346576E-04 -5.297982193206E-04  1.126217728609E+05 -1.598511318580E+04  1.689285610531E+05 -1.124925974448E+01 -4.882812500000E-04   1   5
 -1.050228571550E-03 -6.271737643141E-05  9.000966830152E-04 -5.618359524564E+04  3.409294151608E+03 -9.633594775543E+04 -1.124645857272E+01 -4.882812500000E-04   1   5
  1.823925060082E-04  3.594678684418E-04  6.104563604792E-05 -2.829078204307E+04 -1.276862090448E+04 -1.283515325813E+04 -1.124706039201E+01 -4.882812500000E-04   1   5
 -2.571034788987E-03  1.441484966729E-04  8.948719771987E-04 -2.171927751031E+05 -4.269784680225E+03 -2.811963347388E+05 -1.124501061246E+01 -4.882812500000E-04   1   5
  1.960208324537E-03  2.759794921881E-05 -6.132453057456E-04  1.113196544948E+05 -6.899299735116E+02  1.723100430688E+05 -1.124930356643E+01 -4.882812500000E-04   1   5
  1.169393315123E-03  2.140840795458E-04 -1.073201229799E-04  6.791976242211E+04 -7.614324932322E+03  1.021394203603E+05 -1.124823481899E+01 -4.882812500000E-04   1   5
 -1.831417766567E-03  4.010839509154E-04  1.095286307360E-03 -1.166619840170E+05 -1.455887376207E+04 -1.740694849144E+05 -1.124577802955E+01 -4.882812500000E-04   1   5
 -1.305373106238E-05  2.266222149892E-04  6.248736847655E-04  1.942029862547E+04 -9.888465888761E+03  8.146324905783E+03 -1.124721914295E+01 -4.882812500000E-04   1   5
  1.412262886495E-04  2.251556027752E-04  4.038565649351E-04  1.034278112680E+04 -8.201509863754E+03  1.081867156321E+04 -1.124727144527E+01 -4.882812500000E-04   1   5
  9.741632541190E-04  9.176324593414E-05  2.266256408188E-04  8.776742697394E+04 -3.599930809275E+03  1.057909223745E+05 -1.124825364575E+01 -4.882812500000E-04   1   5
 -2.556633841555E-03 -4.997702160846E-04  1.486519509172E-03 -1.422718775073E+05  1.477257303199E+04 -2.261735904805E+05 -1.124542988849E+01 -4.882812500000E-04   1   5
  5.649627712789E-04 -3.350253829366E-04  3.156541202994E-04  4.555837069146E+04  1.318026623099E+04  5.501716023052E+04 -1.124763718663E+01 -4.882812500000E-04   1   5
  6.521143687045E-04  4.518988903424E-05  1.005816728871E-04  3.025376585489E+04 -3.059637245728E+03  5.375309317340E+04 -1.124762460010E+01 -4.882812500000E-04   1   5
  1.663342776472E-03  9.901762496684E-05 -6.495243868830E-04  5.841647460640E+04 -2.974546217594E+03  1.188863471754E+05 -1.124849234840E+01 -4.882812500000E-04   1   5
 -1.596821167081E-03 -3.373964885095E-04  1.372239045375E-03 -5.878883035667E+04  1.131182591470E+04 -1.229536207436E+05 -1.124614967649E+01 -4.882812500000E-04   1   5
  1.635103082218E-03  1.476238689870E-04 -6.258532798047E-04  5.701143563052E+04 -4.609164958265E+03  1.159182954577E+05 -1.124844216177E+01 -4.882812500000E-04   1   5
  5.202540177622E-04  3.757419379970E-04  4.542720128601E-04  5.805749930769E+04 -1.482110937240E+04  6.190303997648E+04 -1.124768749496E+01 -4.882812500000E-04   1   5
  8.993232507542E-04  2.085626185228E-04  3.288183530596E-04  9.190339360217E+04 -7.413399319810E+03  1.042500935624E+05 -1.124823699803E+01 -4.882812500000E-04   1   5
  1.683822070629E-03  3.350568773144E-04 -2.286912395980E-04  1.563645628263E+05 -9.394541704174E+03  1.917298728181E+05 -1.125014840568E+01 -4.882812500000E-04   1   5
  1.159772397842E-03 -6.308026299729E-05  2.597887383089E-04  1.168927534998E+05  2.542558554344E+03  1.341568220138E+05 -1.124861043538E+01 -4.882812500000E-04   1   5
 -2.222048684348E-03 -3.461111481948E-04  1.085725720903E-03 -1.567448857396E+05  1.152419448751E+04 -2.210128431309E+05 -1.124547639753E+01 -4.882812500000E-04   1   5
  1.294206286527E-03 -4.742789297039E-06 -1.285369023972E-04  8.089393203339E+04  9.481045585325E+02  1.143237310747E+05 -1.124841757079E+01 -4.882812500000E-04   1   5
 -2.137164963151E-03  4.686870969760E-04  1.504430509891E-03 -9.995329321727E+04 -1.528552192366E+04 -1.776767302349E+05 -1.124571134613E+01 -4.882812500000E-04   1   5
  1.202143190575E-03  2.813381049629E-04 -2.501289456006E-04  5.396903098848E+04 -9.826421027377E+03  9.474606200984E+04 -1.124817748778E+01 -4.882812500000E-04   1   5
 -2.479853518959E-03  4.828872215095E-04  1.468777724172E-03 -1.379124383736E+05 -1.578820882886E+04 -2.203619761914E+05 -1.124544407169E+01 -4.882812500000E-04   1   5
  1.939061785172E-03 -1.791938043047E-04 -5.965665910779E-04  1.242967018931E+05  4.964754701011E+03  1.785873473325E+05 -1.124972033283E+01 -4.882812500000E-04   1   5
  2.089717220294E-03  1.858068894950E-04 -8.076662603778E-04  1.285798959830E+05 -6.043858142136E+03  1.889097754166E+05 -1.125017631994E+01 -4.882812500000E-04   1   5
  1.033303394319E-03 -4.609304831092E-04 -2.019793627694E-05  6.015614540272E+04  1.662817147011E+04  8.988287693556E+04 -1.124803811132E+01 -4.882812500000E-04   1   5
 -3.254475437998E-03 -4.988830024317E-04  1.588347133425E-03 -2.055133721476E+05  1.696704761026E+04 -3.055188263457E+05 -1.124475084410E+01 -4.882812500000E-04   1   5
  1.815045419819E-03 -5.026088177630E-04 -3.140702173588E-04  1.486508398908E+05  1.423043554736E+04  1.914115378351E+05 -1.124986110653E+01 -4.882812500000E-04   1   5
 -2.405812644528E-03 -3.638157890030E-04  5.867945876240E-04 -2.388135889029E+05  1.112730565461E+04 -2.890128000966E+05 -1.124492649503E+01 -4.882812500000E-04   1   5
  2.135538383857E-03  9.457780082176E-05 -9.298535164515E-04  8.645717863436E+04 -2.640200353450E+03  1.612194902457E+05 -1.124912912637E+01 -4.882812500000E-04   1   5
  1.215697911099E-03 -2.795036079406E-04  2.236021460154E-04  1.218944730907E+05  9.528867771101E+03  1.424505774565E+05 -1.124874111590E+01 -4.882812500000E-04   1   5
 -2.975911776467E-03 -4.981020022748E-04  1.317596878399E-03 -2.082496964963E+05  1.739372142734E+04 -2.928593597193E+05 -1.124487914727E+01 -4.882812500000E-04   1   5
 -3.641861826754E-03 -8.599697858826E-05  1.417792662501E-03 -2.687908339711E+05  2.630451823879E+03 -3.662383675562E+05 -1.124419617256E+01 -4.882812500000E-04   1   5
  1.860434228060E-03 -1.283852453456E-03 -5.856095456654E-04  9.993777568989E+04  3.459249086734E+04  1.570296537395E+05 -1.124910204281E+01 -4.882812500000E-04   1   5
 -1.786971971923E-03  1.196168689497E-05  1.036974876485E-03 -1.200322935027E+05 -2.137426066947E+03 -1.769585395646E+05 -1.124576434284E+01 -4.882812500000E-04   1   5
  1.191551155029E-03 -1.498556301005E-04  2.205061078685E-04  1.189571150320E+05  4.852586847931E+03  1.389613458675E+05 -1.124871997912E+01 -4.882812500000E-04   1   5
  1.059154295384E-03 -4.461539506270E-04  1.120244190808E-04  8.422160778238E+04  1.591167442944E+04  1.076119415571E+05 -1.124830518300E+01 -4.882812500000E-04   1   5
 -2.651294263850E-03 -3.234291527047E-04  1.748037609854E-03 -1.218717740861E+05  1.005768854782E+04 -2.172485474560E+05 -1.124545374072E+01 -4.882812500000E-04   1   5
 -8.383189525026E-04 -3.775107584216E-04  5.123249087158E-04 -8.093042371305E+04  1.393106590513E+04 -9.865906653608E+04 -1.124640541132E+01 -4.882812500000E-04   1   5
  2.413814920342E-04  1.190372049362E-05  2.583276907948E-04  7.208217479056E+03 -1.995405861075E+03  1.771029167822E+04 -1.124738922666E+01 -4.882812500000E-04   1   5
  4.576009513433E-04  4.115344795733E-06  7.546326846459E-04  9.218573248903E+04  1.114507008399E+01  8.427663304757E+04 -1.124793420145E+01 -4.882812500000E-04   1   5
  1.009001361178E-03 -1.442095081469E-04  2.858384003094E-04  9.948670589126E+04  5.188613573266E+03  1.137792776671E+05 -1.124835067563E+01 -4.882812500000E-04   1   5
  1.574327356071E-03 -4.380038772248E-04 -3.467292912471E-04  8.917366469019E+04  1.561523120819E+04  1.371261183358E+05 -1.124868731198E+01 -4.882812500000E-04   1   5
 -1.449243871373E-03 -4.019255889435E-04  6.140413935639E-04 -1.355454611669E+05  1.244126156503E+04 -1.695425803844E+05 -1.124582671891E+01 -4.882812500000E-04   1   5
 -5.613861812143E-04  1.344369436028E-04  5.217937263226E-04 -5.118582501460E+04 -6.856363667720E+03 -6.204739065647E+04 -1.124663660604E+01 -4.882812500000E-04   1   5
 -4.459448458850E-04 -3.241185718075E-04  4.395359954641E-04 -4.982857400444E+04  1.277349271915E+04 -5.768514313392E+04 -1.124667369150E+01 -4.882812500000E-04   1   5
 -7.627354082464E-04 -8.702573574269E-05  5.232738645466E-04 -7.115894762283E+04  3.286585872391E+03 -8.691496506367E+04 -1.124649328625E+01 -4.882812500000E-04   1   5
 -4.572235662813E-04  1.036070309994E-04  5.818494250530E-04 -3.425766105194E+04 -5.324318151215E+03 -4.967157623311E+04 -1.124673907916E+01 -4.882812500000E-04   1   5
  1.104974354637E-03 -6.445037493957E-05 -2.896226573823E-05  6.833962732541E+04  1.943372728223E+03  9.636962618519E+04 -1.124816095644E+01 -4.882812500000E-04   1   5
 -8.274858016353E-04  2.641804542289E-04  5.738158620610E-04 -7.158395570854E+04 -9.800436639361E+03 -9.195417767039E+04 -1.124647748271E+01 -4.882812500000E-04   1   5
 -3.350188418786E-03 -2.742654033532E-04  1.753957951131E-03 -1.962125959414E+05  9.545139378078E+03 -3.052402547167E+05 -1.124474105153E+01 -4.882812500000E-04   1   5
