 -4.3086E-01 -3.3676E+00  3.4750E+01  4.2517E-01  1.7355E+02  4.6812E+01 -1.3415E+02
 -4.2937E-01 -3.3606E+00  3.4750E+01  4.2530E-01  1.7354E+02  4.6852E+01 -1.3410E+02
 -4.2789E-01 -3.3536E+00  3.4750E+01  4.2544E-01  1.7354E+02  4.6892E+01 -1.3405E+02
 -4.2640E-01 -3.3466E+00  3.4750E+01  4.2557E-01  1.7354E+02  4.6931E+01 -1.3400E+02
 -4.2492E-01 -3.3396E+00  3.4750E+01  4.2571E-01  1.7354E+02  4.6971E+01 -1.3395E+02
 -4.2344E-01 -3.3326E+00  3.4750E+01  4.2584E-01  1.7354E+02  4.7011E+01 -1.3390E+02
 -4.2196E-01 -3.3256E+00  3.4750E+01  4.2598E-01  1.7354E+02  4.7051E+01 -1.3385E+02
 -4.2047E-01 -3.3187E+00  3.4750E+01  4.2611E-01  1.7354E+02  4.7090E+01 -1.3380E+02
 -4.1899E-01 -3.3117E+00  3.4750E+01  4.2625E-01  1.7354E+02  4.7130E+01 -1.3375E+02
 -4.1751E-01 -3.3047E+00  3.4750E+01  4.2638E-01  1.7353E+02  4.7170E+01 -1.3370E+02
 -4.1603E-01 -3.2977E+00  3.4750E+01  4.2652E-01  1.7353E+02  4.7210E+01 -1.3365E+02
 -4.1455E-01 -3.2907E+00  3.4750E+01  4.2665E-01  1.7353E+02  4.7249E+01 -1.3360E+02
 -4.1307E-01 -3.2837E+00  3.4750E+01  4.2679E-01  1.7353E+02  4.7289E+01 -1.3355E+02
 -4.1159E-01 -3.2767E+00  3.4750E+01  4.2692E-01  1.7353E+02  4.7329E+01 -1.3350E+02
 -4.1011E-01 -3.2697E+00  3.4750E+01  4.2706E-01  1.7353E+02  4.7369E+01 -1.3345E+02
 -4.0863E-01 -3.2628E+00  3.4750E+01  4.2719E-01  1.7353E+02  4.7408E+01 -1.3340E+02
 -4.0715E-01 -3.2558E+00  3.4750E+01  4.2733E-01  1.7353E+02  4.7448E+01 -1.3335E+02
 -4.0566E-01 -3.2488E+00  3.4750E+01  4.2746E-01  1.7352E+02  4.7488E+01 -1.3330E+02
 -4.0418E-01 -3.2418E+00  3.4750E+01  4.2760E-01  1.7352E+02  4.7528E+01 -1.3325E+02
 -4.0270E-01 -3.2348E+00  3.4750E+01  4.2774E-01  1.7352E+02  4.7568E+01 -1.3320E+02
 -4.0122E-01 -3.2278E+00  3.4750E+01  4.2787E-01  1.7352E+02  4.7607E+01 -1.3315E+02
 -3.9974E-01 -3.2208E+00  3.4750E+01  4.2801E-01  1.7352E+02  4.7647E+01 -1.3310E+02
 -3.9826E-01 -3.2138E+00  3.4750E+01  4.2814E-01  1.7352E+02  4.7687E+01 -1.3305E+02
 -3.9678E-01 -3.2069E+00  3.4750E+01  4.2828E-01  1.7352E+02  4.7727E+01 -1.3300E+02
 -3.9530E-01 -3.1999E+00  3.4750E+01  4.2842E-01  1.7352E+02  4.7766E+01 -1.3295E+02
 -3.9382E-01 -3.1929E+00  3.4750E+01  4.2855E-01  1.7352E+02  4.7806E+01 -1.3290E+02
 -3.9234E-01 -3.1859E+00  3.4750E+01  4.2869E-01  1.7351E+02  4.7846E+01 -1.3285E+02
 -3.9086E-01 -3.1789E+00  3.4750E+01  4.2883E-01  1.7351E+02  4.7886E+01 -1.3280E+02
 -3.8937E-01 -3.1719E+00  3.4750E+01  4.2896E-01  1.7351E+02  4.7926E+01 -1.3275E+02
 -3.8789E-01 -3.1649E+00  3.4750E+01  4.2910E-01  1.7351E+02  4.7966E+01 -1.3271E+02
 -3.8641E-01 -3.1580E+00  3.4750E+01  4.2924E-01  1.7351E+02  4.8005E+01 -1.3266E+02
 -3.8493E-01 -3.1510E+00  3.4750E+01  4.2937E-01  1.7351E+02  4.8045E+01 -1.3261E+02
 -3.8345E-01 -3.1440E+00  3.4750E+01  4.2951E-01  1.7351E+02  4.8085E+01 -1.3256E+02
 -3.8197E-01 -3.1370E+00  3.4750E+01  4.2965E-01  1.7351E+02  4.8125E+01 -1.3251E+02
 -3.8049E-01 -3.1300E+00  3.4750E+01  4.2979E-01  1.7350E+02  4.8165E+01 -1.3246E+02
 -3.7901E-01 -3.1230E+00  3.4750E+01  4.2993E-01  1.7350E+02  4.8204E+01 -1.3241E+02
 -3.7753E-01 -3.1160E+00  3.4750E+01  4.3007E-01  1.7350E+02  4.8244E+01 -1.3236E+02
 -3.7605E-01 -3.1090E+00  3.4750E+01  4.3022E-01  1.7350E+02  4.8284E+01 -1.3231E+02
 -3.7456E-01 -3.1021E+00  3.4750E+01  4.3038E-01  1.7350E+02  4.8324E+01 -1.3227E+02
 -3.7308E-01 -3.0951E+00  3.4750E+01  4.3054E-01  1.7350E+02  4.8364E+01 -1.3222E+02
 -3.7160E-01 -3.0881E+00  3.4750E+01  4.3071E-01  1.7350E+02  4.8404E+01 -1.3218E+02
 -3.7012E-01 -3.0811E+00  3.4750E+01  4.3090E-01  1.7350E+02  4.8444E+01 -1.3214E+02
 -3.6864E-01 -3.0741E+00  3.4750E+01  4.3112E-01  1.7349E+02  4.8485E+01 -1.3211E+02
 -3.6716E-01 -3.0671E+00  3.4750E+01  4.3137E-01  1.7349E+02  4.8525E+01 -1.3208E+02
 -3.6568E-01 -3.0602E+00  3.4750E+01  4.3168E-01  1.7349E+02  4.8566E+01 -1.3207E+02
 -3.6420E-01 -3.0532E+00  3.4750E+01  4.3205E-01  1.7349E+02  4.8607E+01 -1.3207E+02
 -3.6272E-01 -3.0462E+00  3.4750E+01  4.3252E-01  1.7349E+02  4.8649E+01 -1.3209E+02
 -3.6124E-01 -3.0393E+00  3.4750E+01  4.3309E-01  1.7349E+02  4.8692E+01 -1.3213E+02
 -3.5976E-01 -3.0323E+00  3.4750E+01  4.3377E-01  1.7349E+02  4.8735E+01 -1.3219E+02
 -3.5827E-01 -3.0254E+00  3.4750E+01  4.3458E-01  1.7349E+02  4.8780E+01 -1.3228E+02
 -3.5679E-01 -3.0185E+00  3.4750E+01  4.3550E-01  1.7348E+02  4.8826E+01 -1.3239E+02
 -3.5531E-01 -3.0116E+00  3.4750E+01  4.3652E-01  1.7348E+02  4.8872E+01 -1.3252E+02
 -3.5383E-01 -3.0047E+00  3.4750E+01  4.3763E-01  1.7348E+02  4.8917E+01 -1.3267E+02
 -3.5235E-01 -2.9979E+00  3.4750E+01  4.3880E-01  1.7348E+02  4.8964E+01 -1.3283E+02
 -3.5087E-01 -2.9911E+00  3.4750E+01  4.4003E-01  1.7348E+02  4.9011E+01 -1.3300E+02
 -3.4939E-01 -2.9843E+00  3.4750E+01  4.4129E-01  1.7348E+02  4.9058E+01 -1.3318E+02
 -3.4791E-01 -2.9775E+00  3.4750E+01  4.4259E-01  1.7348E+02  4.9106E+01 -1.3336E+02
 -3.4653E-01 -2.9712E+00  3.4750E+01  4.4382E-01  1.7348E+02  4.9152E+01 -1.3353E+02
 -3.4499E-01 -2.9642E+00  3.4750E+01  4.4522E-01  1.7348E+02  4.9203E+01 -1.3372E+02
 -3.4346E-01 -2.9573E+00  3.4750E+01  4.4661E-01  1.7347E+02  4.9253E+01 -1.3391E+02
 -3.4207E-01 -2.9510E+00  3.4750E+01  4.4791E-01  1.7347E+02  4.9300E+01 -1.3408E+02
 -3.4051E-01 -2.9440E+00  3.4750E+01  4.4937E-01  1.7347E+02  4.9352E+01 -1.3428E+02
 -3.3910E-01 -2.9377E+00  3.4750E+01  4.5070E-01  1.7347E+02  4.9394E+01 -1.3447E+02
 -3.3754E-01 -2.9307E+00  3.4750E+01  4.5219E-01  1.7347E+02  4.9441E+01 -1.3467E+02
 -3.3612E-01 -2.9244E+00  3.4750E+01  4.5355E-01  1.7347E+02  4.9483E+01 -1.3486E+02
 -3.3458E-01 -2.9176E+00  3.4750E+01  4.5505E-01  1.7347E+02  4.9531E+01 -1.3507E+02
 -3.3315E-01 -2.9113E+00  3.4750E+01  4.5644E-01  1.7347E+02  4.9574E+01 -1.3526E+02
 -3.3162E-01 -2.9045E+00  3.4750E+01  4.5794E-01  1.7347E+02  4.9622E+01 -1.3546E+02
 -3.3018E-01 -2.8982E+00  3.4750E+01  4.5936E-01  1.7346E+02  4.9667E+01 -1.3565E+02
 -3.2874E-01 -2.8919E+00  3.4750E+01  4.6079E-01  1.7346E+02  4.9712E+01 -1.3583E+02
 -3.2717E-01 -2.8851E+00  3.4750E+01  4.6235E-01  1.7346E+02  4.9762E+01 -1.3604E+02
 -3.2572E-01 -2.8788E+00  3.4750E+01  4.6381E-01  1.7346E+02  4.9808E+01 -1.3622E+02
 -3.2427E-01 -2.8725E+00  3.4750E+01  4.6527E-01  1.7346E+02  4.9852E+01 -1.3641E+02
 -3.2281E-01 -2.8662E+00  3.4750E+01  4.6675E-01  1.7346E+02  4.9892E+01 -1.3661E+02
 -3.2135E-01 -2.8599E+00  3.4750E+01  4.6825E-01  1.7346E+02  4.9933E+01 -1.3681E+02
 -3.1977E-01 -2.8531E+00  3.4750E+01  4.6987E-01  1.7346E+02  4.9978E+01 -1.3702E+02
 -3.1830E-01 -2.8468E+00  3.4750E+01  4.7138E-01  1.7346E+02  5.0020E+01 -1.3722E+02
 -3.1682E-01 -2.8405E+00  3.4750E+01  4.7291E-01  1.7346E+02  5.0062E+01 -1.3741E+02
 -3.1534E-01 -2.8342E+00  3.4750E+01  4.7445E-01  1.7346E+02  5.0105E+01 -1.3760E+02
 -3.1385E-01 -2.8279E+00  3.4750E+01  4.7601E-01  1.7346E+02  5.0148E+01 -1.3780E+02
 -3.1237E-01 -2.8216E+00  3.4750E+01  4.7757E-01  1.7346E+02  5.0192E+01 -1.3799E+02
 -3.1088E-01 -2.8154E+00  3.4750E+01  4.7913E-01  1.7346E+02  5.0236E+01 -1.3818E+02
 -3.0940E-01 -2.8091E+00  3.4750E+01  4.8070E-01  1.7346E+02  5.0280E+01 -1.3837E+02
 -3.0792E-01 -2.8029E+00  3.4750E+01  4.8227E-01  1.7346E+02  5.0323E+01 -1.3856E+02
 -3.0644E-01 -2.7967E+00  3.4750E+01  4.8385E-01  1.7345E+02  5.0361E+01 -1.3876E+02
 -3.0496E-01 -2.7905E+00  3.4750E+01  4.8543E-01  1.7345E+02  5.0399E+01 -1.3895E+02
 -3.0348E-01 -2.7844E+00  3.4750E+01  4.8702E-01  1.7345E+02  5.0438E+01 -1.3914E+02
 -3.0200E-01 -2.7782E+00  3.4750E+01  4.8862E-01  1.7345E+02  5.0477E+01 -1.3933E+02
 -3.0052E-01 -2.7721E+00  3.4750E+01  4.9022E-01  1.7345E+02  5.0516E+01 -1.3952E+02
 -2.9904E-01 -2.7660E+00  3.4750E+01  4.9183E-01  1.7345E+02  5.0556E+01 -1.3971E+02
 -2.9756E-01 -2.7599E+00  3.4750E+01  4.9344E-01  1.7345E+02  5.0596E+01 -1.3990E+02
 -2.9607E-01 -2.7538E+00  3.4750E+01  4.9505E-01  1.7345E+02  5.0637E+01 -1.4008E+02
 -2.9459E-01 -2.7478E+00  3.4750E+01  4.9667E-01  1.7345E+02  5.0678E+01 -1.4027E+02
 -2.9311E-01 -2.7417E+00  3.4750E+01  4.9830E-01  1.7345E+02  5.0720E+01 -1.4045E+02
 -2.9163E-01 -2.7357E+00  3.4750E+01  4.9993E-01  1.7345E+02  5.0761E+01 -1.4063E+02
 -2.9015E-01 -2.7297E+00  3.4750E+01  5.0156E-01  1.7345E+02  5.0796E+01 -1.4082E+02
 -2.8877E-01 -2.7241E+00  3.4750E+01  5.0309E-01  1.7345E+02  5.0829E+01 -1.4099E+02
 -2.8721E-01 -2.7178E+00  3.4750E+01  5.0481E-01  1.7345E+02  5.0867E+01 -1.4118E+02
 -2.8571E-01 -2.7117E+00  3.4750E+01  5.0648E-01  1.7345E+02  5.0903E+01 -1.4137E+02
 -2.8432E-01 -2.7061E+00  3.4750E+01  5.0803E-01  1.7345E+02  5.0938E+01 -1.4154E+02
 -2.8275E-01 -2.6998E+00  3.4750E+01  5.0978E-01  1.7345E+02  5.0977E+01 -1.4172E+02
 -2.8135E-01 -2.6942E+00  3.4750E+01  5.1134E-01  1.7345E+02  5.1012E+01 -1.4189E+02
 -2.7978E-01 -2.6879E+00  3.4750E+01  5.1309E-01  1.7345E+02  5.1052E+01 -1.4208E+02
 -2.7838E-01 -2.6823E+00  3.4750E+01  5.1466E-01  1.7345E+02  5.1089E+01 -1.4224E+02
 -2.7682E-01 -2.6762E+00  3.4750E+01  5.1641E-01  1.7345E+02  5.1129E+01 -1.4242E+02
 -2.7541E-01 -2.6706E+00  3.4750E+01  5.1800E-01  1.7345E+02  5.1167E+01 -1.4258E+02
 -2.7386E-01 -2.6644E+00  3.4750E+01  5.1974E-01  1.7345E+02  5.1205E+01 -1.4276E+02
 -2.7244E-01 -2.6588E+00  3.4750E+01  5.2134E-01  1.7345E+02  5.1236E+01 -1.4292E+02
 -2.7090E-01 -2.6527E+00  3.4750E+01  5.2308E-01  1.7345E+02  5.1271E+01 -1.4310E+02
 -2.6948E-01 -2.6471E+00  3.4750E+01  5.2469E-01  1.7345E+02  5.1303E+01 -1.4327E+02
 -2.6794E-01 -2.6411E+00  3.4750E+01  5.2643E-01  1.7345E+02  5.1338E+01 -1.4344E+02
 -2.6651E-01 -2.6355E+00  3.4750E+01  5.2805E-01  1.7345E+02  5.1371E+01 -1.4360E+02
 -2.6497E-01 -2.6295E+00  3.4750E+01  5.2978E-01  1.7345E+02  5.1406E+01 -1.4377E+02
 -2.6354E-01 -2.6239E+00  3.4750E+01  5.3141E-01  1.7345E+02  5.1440E+01 -1.4393E+02
 -2.6210E-01 -2.6183E+00  3.4750E+01  5.3304E-01  1.7346E+02  5.1475E+01 -1.4409E+02
 -2.6053E-01 -2.6122E+00  3.4750E+01  5.3482E-01  1.7346E+02  5.1512E+01 -1.4426E+02
 -2.5909E-01 -2.6066E+00  3.4750E+01  5.3646E-01  1.7346E+02  5.1548E+01 -1.4441E+02
 -2.5764E-01 -2.6010E+00  3.4750E+01  5.3811E-01  1.7346E+02  5.1583E+01 -1.4456E+02
 -2.5609E-01 -2.5950E+00  3.4750E+01  5.3987E-01  1.7346E+02  5.1620E+01 -1.4473E+02
 -2.5464E-01 -2.5894E+00  3.4750E+01  5.4152E-01  1.7346E+02  5.1649E+01 -1.4488E+02
 -2.5318E-01 -2.5838E+00  3.4750E+01  5.4318E-01  1.7346E+02  5.1679E+01 -1.4504E+02
 -2.5172E-01 -2.5782E+00  3.4750E+01  5.4483E-01  1.7346E+02  5.1709E+01 -1.4519E+02
 -2.5026E-01 -2.5726E+00  3.4750E+01  5.4649E-01  1.7346E+02  5.1740E+01 -1.4534E+02
 -2.4868E-01 -2.5666E+00  3.4750E+01  5.4829E-01  1.7346E+02  5.1773E+01 -1.4550E+02
 -2.4722E-01 -2.5610E+00  3.4750E+01  5.4995E-01  1.7346E+02  5.1805E+01 -1.4565E+02
 -2.4575E-01 -2.5554E+00  3.4750E+01  5.5162E-01  1.7346E+02  5.1837E+01 -1.4580E+02
 -2.4428E-01 -2.5498E+00  3.4750E+01  5.5330E-01  1.7346E+02  5.1870E+01 -1.4595E+02
 -2.4280E-01 -2.5442E+00  3.4750E+01  5.5497E-01  1.7346E+02  5.1903E+01 -1.4609E+02
 -2.4132E-01 -2.5386E+00  3.4750E+01  5.5665E-01  1.7346E+02  5.1937E+01 -1.4623E+02
 -2.3984E-01 -2.5330E+00  3.4750E+01  5.5832E-01  1.7346E+02  5.1971E+01 -1.4637E+02
 -2.3836E-01 -2.5274E+00  3.4750E+01  5.6000E-01  1.7347E+02  5.2005E+01 -1.4651E+02
 -2.3688E-01 -2.5218E+00  3.4750E+01  5.6169E-01  1.7347E+02  5.2033E+01 -1.4666E+02
 -2.3539E-01 -2.5162E+00  3.4750E+01  5.6337E-01  1.7346E+02  5.2061E+01 -1.4680E+02
 -2.3390E-01 -2.5106E+00  3.4750E+01  5.6505E-01  1.7347E+02  5.2089E+01 -1.4694E+02
 -2.3241E-01 -2.5050E+00  3.4750E+01  5.6674E-01  1.7347E+02  5.2118E+01 -1.4708E+02
 -2.3091E-01 -2.4994E+00  3.4750E+01  5.6842E-01  1.7347E+02  5.2147E+01 -1.4722E+02
 -2.2943E-01 -2.4938E+00  3.4750E+01  5.7009E-01  1.7347E+02  5.2177E+01 -1.4736E+02
 -2.2795E-01 -2.4883E+00  3.4750E+01  5.7176E-01  1.7347E+02  5.2207E+01 -1.4749E+02
 -2.2647E-01 -2.4828E+00  3.4750E+01  5.7342E-01  1.7347E+02  5.2237E+01 -1.4762E+02
 -2.2499E-01 -2.4773E+00  3.4750E+01  5.7509E-01  1.7347E+02  5.2267E+01 -1.4775E+02
 -2.2351E-01 -2.4718E+00  3.4750E+01  5.7675E-01  1.7347E+02  5.2299E+01 -1.4788E+02
 -2.2203E-01 -2.4663E+00  3.4750E+01  5.7840E-01  1.7347E+02  5.2330E+01 -1.4801E+02
 -2.2055E-01 -2.4608E+00  3.4750E+01  5.8006E-01  1.7347E+02  5.2362E+01 -1.4814E+02
 -2.1907E-01 -2.4553E+00  3.4750E+01  5.8171E-01  1.7347E+02  5.2392E+01 -1.4826E+02
 -2.1758E-01 -2.4498E+00  3.4750E+01  5.8336E-01  1.7347E+02  5.2417E+01 -1.4839E+02
 -2.1610E-01 -2.4444E+00  3.4750E+01  5.8500E-01  1.7347E+02  5.2443E+01 -1.4852E+02
 -2.1462E-01 -2.4389E+00  3.4750E+01  5.8665E-01  1.7347E+02  5.2469E+01 -1.4864E+02
 -2.1314E-01 -2.4335E+00  3.4750E+01  5.8828E-01  1.7347E+02  5.2495E+01 -1.4876E+02
 -2.1166E-01 -2.4281E+00  3.4750E+01  5.8992E-01  1.7348E+02  5.2522E+01 -1.4889E+02
 -2.1018E-01 -2.4226E+00  3.4750E+01  5.9155E-01  1.7348E+02  5.2549E+01 -1.4901E+02
 -2.0870E-01 -2.4172E+00  3.4750E+01  5.9318E-01  1.7348E+02  5.2576E+01 -1.4912E+02
 -2.0722E-01 -2.4118E+00  3.4750E+01  5.9480E-01  1.7348E+02  5.2604E+01 -1.4924E+02
 -2.0574E-01 -2.4064E+00  3.4750E+01  5.9642E-01  1.7348E+02  5.2633E+01 -1.4936E+02
 -2.0426E-01 -2.4010E+00  3.4750E+01  5.9804E-01  1.7348E+02  5.2662E+01 -1.4947E+02
 -2.0277E-01 -2.3956E+00  3.4750E+01  5.9965E-01  1.7348E+02  5.2691E+01 -1.4958E+02
 -2.0129E-01 -2.3902E+00  3.4750E+01  6.0126E-01  1.7348E+02  5.2720E+01 -1.4969E+02
 -1.9981E-01 -2.3849E+00  3.4750E+01  6.0286E-01  1.7348E+02  5.2746E+01 -1.4981E+02
 -1.9833E-01 -2.3795E+00  3.4750E+01  6.0446E-01  1.7348E+02  5.2769E+01 -1.4992E+02
 -1.9685E-01 -2.3741E+00  3.4750E+01  6.0606E-01  1.7348E+02  5.2792E+01 -1.5003E+02
 -1.9537E-01 -2.3688E+00  3.4750E+01  6.0765E-01  1.7348E+02  5.2816E+01 -1.5014E+02
 -1.9389E-01 -2.3634E+00  3.4750E+01  6.0923E-01  1.7349E+02  5.2840E+01 -1.5025E+02
 -1.9241E-01 -2.3581E+00  3.4750E+01  6.1081E-01  1.7349E+02  5.2865E+01 -1.5036E+02
 -1.9093E-01 -2.3528E+00  3.4750E+01  6.1238E-01  1.7349E+02  5.2890E+01 -1.5046E+02
 -1.8945E-01 -2.3474E+00  3.4750E+01  6.1395E-01  1.7349E+02  5.2915E+01 -1.5057E+02
 -1.8797E-01 -2.3421E+00  3.4750E+01  6.1552E-01  1.7349E+02  5.2941E+01 -1.5067E+02
 -1.8648E-01 -2.3368E+00  3.4750E+01  6.1707E-01  1.7349E+02  5.2967E+01 -1.5077E+02
 -1.8500E-01 -2.3315E+00  3.4750E+01  6.1863E-01  1.7349E+02  5.2994E+01 -1.5087E+02
 -1.8352E-01 -2.3262E+00  3.4750E+01  6.2017E-01  1.7349E+02  5.3021E+01 -1.5097E+02
 -1.8204E-01 -2.3209E+00  3.4750E+01  6.2171E-01  1.7350E+02  5.3048E+01 -1.5106E+02
 -1.8056E-01 -2.3156E+00  3.4750E+01  6.2325E-01  1.7350E+02  5.3069E+01 -1.5116E+02
 -1.7908E-01 -2.3104E+00  3.4750E+01  6.2478E-01  1.7350E+02  5.3090E+01 -1.5126E+02
 -1.7760E-01 -2.3051E+00  3.4750E+01  6.2630E-01  1.7350E+02  5.3111E+01 -1.5136E+02
 -1.7612E-01 -2.2998E+00  3.4750E+01  6.2782E-01  1.7350E+02  5.3133E+01 -1.5145E+02
 -1.7464E-01 -2.2945E+00  3.4750E+01  6.2933E-01  1.7350E+02  5.3155E+01 -1.5155E+02
 -1.7316E-01 -2.2893E+00  3.4750E+01  6.3083E-01  1.7350E+02  5.3178E+01 -1.5164E+02
 -1.7177E-01 -2.2844E+00  3.4750E+01  6.3223E-01  1.7350E+02  5.3199E+01 -1.5173E+02
 -1.7019E-01 -2.2788E+00  3.4750E+01  6.3382E-01  1.7350E+02  5.3224E+01 -1.5182E+02
 -1.6881E-01 -2.2739E+00  3.4750E+01  6.3520E-01  1.7350E+02  5.3247E+01 -1.5191E+02
 -1.6723E-01 -2.2683E+00  3.4750E+01  6.3677E-01  1.7350E+02  5.3272E+01 -1.5200E+02
 -1.6584E-01 -2.2634E+00  3.4750E+01  6.3815E-01  1.7350E+02  5.3295E+01 -1.5208E+02
 -1.6427E-01 -2.2579E+00  3.4750E+01  6.3970E-01  1.7351E+02  5.3322E+01 -1.5217E+02
 -1.6288E-01 -2.2530E+00  3.4750E+01  6.4107E-01  1.7351E+02  5.3346E+01 -1.5225E+02
 -1.6131E-01 -2.2475E+00  3.4750E+01  6.4261E-01  1.7351E+02  5.3366E+01 -1.5234E+02
 -1.5991E-01 -2.2426E+00  3.4750E+01  6.4396E-01  1.7351E+02  5.3384E+01 -1.5242E+02
 -1.5835E-01 -2.2371E+00  3.4750E+01  6.4548E-01  1.7351E+02  5.3404E+01 -1.5251E+02
 -1.5695E-01 -2.2322E+00  3.4750E+01  6.4682E-01  1.7351E+02  5.3422E+01 -1.5259E+02
 -1.5538E-01 -2.2267E+00  3.4750E+01  6.4832E-01  1.7351E+02  5.3443E+01 -1.5267E+02
 -1.5398E-01 -2.2218E+00  3.4750E+01  6.4965E-01  1.7351E+02  5.3463E+01 -1.5275E+02
 -1.5242E-01 -2.2163E+00  3.4750E+01  6.5112E-01  1.7351E+02  5.3485E+01 -1.5283E+02
 -1.5102E-01 -2.2114E+00  3.4750E+01  6.5244E-01  1.7351E+02  5.3505E+01 -1.5291E+02
 -1.4946E-01 -2.2060E+00  3.4750E+01  6.5390E-01  1.7351E+02  5.3527E+01 -1.5299E+02
 -1.4806E-01 -2.2011E+00  3.4750E+01  6.5520E-01  1.7351E+02  5.3548E+01 -1.5306E+02
 -1.4650E-01 -2.1956E+00  3.4750E+01  6.5664E-01  1.7351E+02  5.3572E+01 -1.5314E+02
 -1.4509E-01 -2.1907E+00  3.4750E+01  6.5793E-01  1.7352E+02  5.3593E+01 -1.5321E+02
 -1.4354E-01 -2.1853E+00  3.4750E+01  6.5935E-01  1.7352E+02  5.3617E+01 -1.5328E+02
 -1.4213E-01 -2.1804E+00  3.4750E+01  6.6062E-01  1.7352E+02  5.3636E+01 -1.5335E+02
 -1.4057E-01 -2.1750E+00  3.4750E+01  6.6202E-01  1.7352E+02  5.3653E+01 -1.5343E+02
 -1.3916E-01 -2.1701E+00  3.4750E+01  6.6328E-01  1.7352E+02  5.3669E+01 -1.5350E+02
 -1.3761E-01 -2.1648E+00  3.4750E+01  6.6465E-01  1.7352E+02  5.3687E+01 -1.5357E+02
 -1.3620E-01 -2.1599E+00  3.4750E+01  6.6590E-01  1.7352E+02  5.3704E+01 -1.5364E+02
 -1.3465E-01 -2.1545E+00  3.4750E+01  6.6725E-01  1.7352E+02  5.3723E+01 -1.5371E+02
 -1.3323E-01 -2.1496E+00  3.4750E+01  6.6848E-01  1.7352E+02  5.3741E+01 -1.5377E+02
 -1.3169E-01 -2.1443E+00  3.4750E+01  6.6981E-01  1.7352E+02  5.3760E+01 -1.5384E+02
 -1.3027E-01 -2.1394E+00  3.4750E+01  6.7102E-01  1.7352E+02  5.3778E+01 -1.5391E+02
 -1.2873E-01 -2.1341E+00  3.4750E+01  6.7233E-01  1.7352E+02  5.3799E+01 -1.5397E+02
 -1.2731E-01 -2.1292E+00  3.4750E+01  6.7353E-01  1.7352E+02  5.3818E+01 -1.5403E+02
 -1.2577E-01 -2.1239E+00  3.4750E+01  6.7481E-01  1.7353E+02  5.3837E+01 -1.5410E+02
 -1.2434E-01 -2.1190E+00  3.4750E+01  6.7599E-01  1.7352E+02  5.3851E+01 -1.5416E+02
 -1.2280E-01 -2.1137E+00  3.4750E+01  6.7725E-01  1.7353E+02  5.3867E+01 -1.5422E+02
 -1.2138E-01 -2.1088E+00  3.4750E+01  6.7841E-01  1.7353E+02  5.3881E+01 -1.5428E+02
 -1.1984E-01 -2.1035E+00  3.4750E+01  6.7965E-01  1.7353E+02  5.3897E+01 -1.5435E+02
 -1.1841E-01 -2.0986E+00  3.4750E+01  6.8079E-01  1.7353E+02  5.3913E+01 -1.5440E+02
 -1.1688E-01 -2.0934E+00  3.4750E+01  6.8201E-01  1.7353E+02  5.3930E+01 -1.5446E+02
 -1.1545E-01 -2.0885E+00  3.4750E+01  6.8313E-01  1.7353E+02  5.3946E+01 -1.5452E+02
 -1.1392E-01 -2.0832E+00  3.4750E+01  6.8432E-01  1.7353E+02  5.3964E+01 -1.5458E+02
 -1.1249E-01 -2.0783E+00  3.4750E+01  6.8542E-01  1.7353E+02  5.3981E+01 -1.5463E+02
 -1.1105E-01 -2.0734E+00  3.4750E+01  6.8652E-01  1.7353E+02  5.3997E+01 -1.5468E+02
 -1.0947E-01 -2.0680E+00  3.4750E+01  6.8771E-01  1.7353E+02  5.4011E+01 -1.5474E+02
 -1.0804E-01 -2.0631E+00  3.4750E+01  6.8878E-01  1.7353E+02  5.4024E+01 -1.5479E+02
 -1.0660E-01 -2.0582E+00  3.4750E+01  6.8984E-01  1.7353E+02  5.4037E+01 -1.5484E+02
 -1.0503E-01 -2.0529E+00  3.4750E+01  6.9099E-01  1.7353E+02  5.4052E+01 -1.5490E+02
 -1.0359E-01 -2.0480E+00  3.4750E+01  6.9203E-01  1.7353E+02  5.4066E+01 -1.5495E+02
 -1.0216E-01 -2.0431E+00  3.4750E+01  6.9306E-01  1.7353E+02  5.4080E+01 -1.5500E+02
 -1.0059E-01 -2.0377E+00  3.4750E+01  6.9417E-01  1.7353E+02  5.4096E+01 -1.5505E+02
 -9.9149E-02 -2.0328E+00  3.4750E+01  6.9518E-01  1.7353E+02  5.4111E+01 -1.5510E+02
 -9.7707E-02 -2.0279E+00  3.4750E+01  6.9618E-01  1.7353E+02  5.4126E+01 -1.5514E+02
 -9.6146E-02 -2.0226E+00  3.4750E+01  6.9725E-01  1.7353E+02  5.4141E+01 -1.5519E+02
 -9.4703E-02 -2.0177E+00  3.4750E+01  6.9822E-01  1.7353E+02  5.4152E+01 -1.5524E+02
 -9.3259E-02 -2.0128E+00  3.4750E+01  6.9919E-01  1.7353E+02  5.4163E+01 -1.5528E+02
 -9.1703E-02 -2.0075E+00  3.4750E+01  7.0021E-01  1.7353E+02  5.4176E+01 -1.5533E+02
 -9.0258E-02 -2.0026E+00  3.4750E+01  7.0115E-01  1.7353E+02  5.4188E+01 -1.5538E+02
 -8.8812E-02 -1.9977E+00  3.4750E+01  7.0208E-01  1.7354E+02  5.4201E+01 -1.5542E+02
 -8.7261E-02 -1.9925E+00  3.4750E+01  7.0306E-01  1.7354E+02  5.4215E+01 -1.5546E+02
 -8.5813E-02 -1.9876E+00  3.4750E+01  7.0396E-01  1.7354E+02  5.4228E+01 -1.5550E+02
 -8.4365E-02 -1.9827E+00  3.4750E+01  7.0486E-01  1.7354E+02  5.4242E+01 -1.5554E+02
 -8.2915E-02 -1.9778E+00  3.4750E+01  7.0574E-01  1.7354E+02  5.4255E+01 -1.5558E+02
 -8.1337E-02 -1.9725E+00  3.4750E+01  7.0668E-01  1.7354E+02  5.4266E+01 -1.5562E+02
 -7.9886E-02 -1.9676E+00  3.4750E+01  7.0753E-01  1.7354E+02  5.4276E+01 -1.5566E+02
 -7.8435E-02 -1.9627E+00  3.4750E+01  7.0837E-01  1.7354E+02  5.4286E+01 -1.5570E+02
 -7.6983E-02 -1.9578E+00  3.4750E+01  7.0920E-01  1.7354E+02  5.4297E+01 -1.5574E+02
 -7.5413E-02 -1.9525E+00  3.4750E+01  7.1009E-01  1.7354E+02  5.4308E+01 -1.5577E+02
 -7.3960E-02 -1.9476E+00  3.4750E+01  7.1089E-01  1.7354E+02  5.4320E+01 -1.5581E+02
 -7.2506E-02 -1.9427E+00  3.4750E+01  7.1168E-01  1.7354E+02  5.4331E+01 -1.5584E+02
 -7.1052E-02 -1.9378E+00  3.4750E+01  7.1245E-01  1.7354E+02  5.4343E+01 -1.5588E+02
 -6.9489E-02 -1.9325E+00  3.4750E+01  7.1327E-01  1.7354E+02  5.4355E+01 -1.5591E+02
 -6.8034E-02 -1.9276E+00  3.4750E+01  7.1402E-01  1.7354E+02  5.4366E+01 -1.5594E+02
 -6.6578E-02 -1.9227E+00  3.4750E+01  7.1476E-01  1.7354E+02  5.4374E+01 -1.5597E+02
 -6.5121E-02 -1.9178E+00  3.4750E+01  7.1548E-01  1.7354E+02  5.4383E+01 -1.5600E+02
 -6.3664E-02 -1.9129E+00  3.4750E+01  7.1619E-01  1.7354E+02  5.4391E+01 -1.5604E+02
 -6.2084E-02 -1.9076E+00  3.4750E+01  7.1694E-01  1.7354E+02  5.4401E+01 -1.5607E+02
 -6.0626E-02 -1.9027E+00  3.4750E+01  7.1762E-01  1.7354E+02  5.4410E+01 -1.5610E+02
 -5.9167E-02 -1.8978E+00  3.4750E+01  7.1828E-01  1.7354E+02  5.4420E+01 -1.5612E+02
 -5.7708E-02 -1.8929E+00  3.4750E+01  7.1893E-01  1.7354E+02  5.4429E+01 -1.5615E+02
 -5.6248E-02 -1.8880E+00  3.4750E+01  7.1957E-01  1.7353E+02  5.4439E+01 -1.5618E+02
 -5.4680E-02 -1.8827E+00  3.4750E+01  7.2024E-01  1.7353E+02  5.4450E+01 -1.5620E+02
 -5.3219E-02 -1.8778E+00  3.4750E+01  7.2084E-01  1.7353E+02  5.4459E+01 -1.5622E+02
 -5.1758E-02 -1.8729E+00  3.4750E+01  7.2143E-01  1.7353E+02  5.4465E+01 -1.5625E+02
 -5.0296E-02 -1.8680E+00  3.4750E+01  7.2201E-01  1.7353E+02  5.4472E+01 -1.5627E+02
 -4.8834E-02 -1.8631E+00  3.4750E+01  7.2257E-01  1.7353E+02  5.4479E+01 -1.5630E+02
 -4.7372E-02 -1.8582E+00  3.4750E+01  7.2312E-01  1.7353E+02  5.4486E+01 -1.5632E+02
 -4.5794E-02 -1.8529E+00  3.4750E+01  7.2369E-01  1.7353E+02  5.4494E+01 -1.5634E+02
 -4.4331E-02 -1.8480E+00  3.4750E+01  7.2421E-01  1.7353E+02  5.4501E+01 -1.5636E+02
 -4.2867E-02 -1.8431E+00  3.4750E+01  7.2471E-01  1.7353E+02  5.4509E+01 -1.5638E+02
 -4.1403E-02 -1.8382E+00  3.4750E+01  7.2519E-01  1.7353E+02  5.4516E+01 -1.5640E+02
 -3.9939E-02 -1.8333E+00  3.4750E+01  7.2566E-01  1.7353E+02  5.4524E+01 -1.5641E+02
 -3.8475E-02 -1.8284E+00  3.4750E+01  7.2611E-01  1.7352E+02  5.4531E+01 -1.5643E+02
 -3.6908E-02 -1.8232E+00  3.4750E+01  7.2658E-01  1.7352E+02  5.4536E+01 -1.5645E+02
 -3.5443E-02 -1.8183E+00  3.4750E+01  7.2700E-01  1.7352E+02  5.4541E+01 -1.5646E+02
 -3.3978E-02 -1.8134E+00  3.4750E+01  7.2740E-01  1.7352E+02  5.4546E+01 -1.5648E+02
 -3.2512E-02 -1.8085E+00  3.4750E+01  7.2779E-01  1.7352E+02  5.4551E+01 -1.5650E+02
 -3.1046E-02 -1.8036E+00  3.4750E+01  7.2816E-01  1.7352E+02  5.4556E+01 -1.5651E+02
 -2.9579E-02 -1.7987E+00  3.4750E+01  7.2851E-01  1.7352E+02  5.4561E+01 -1.5652E+02
 -2.8113E-02 -1.7938E+00  3.4750E+01  7.2885E-01  1.7352E+02  5.4566E+01 -1.5653E+02
 -2.6542E-02 -1.7886E+00  3.4750E+01  7.2919E-01  1.7351E+02  5.4571E+01 -1.5654E+02
 -2.5075E-02 -1.7837E+00  3.4750E+01  7.2949E-01  1.7351E+02  5.4576E+01 -1.5655E+02
 -2.3607E-02 -1.7788E+00  3.4750E+01  7.2978E-01  1.7351E+02  5.4580E+01 -1.5656E+02
 -2.2140E-02 -1.7739E+00  3.4750E+01  7.3005E-01  1.7350E+02  5.4585E+01 -1.5656E+02
 -2.0672E-02 -1.7690E+00  3.4750E+01  7.3030E-01  1.7350E+02  5.4587E+01 -1.5657E+02
 -1.9205E-02 -1.7641E+00  3.4750E+01  7.3053E-01  1.7350E+02  5.4590E+01 -1.5658E+02
 -1.7737E-02 -1.7592E+00  3.4750E+01  7.3075E-01  1.7350E+02  5.4593E+01 -1.5659E+02
 -1.6269E-02 -1.7543E+00  3.4750E+01  7.3095E-01  1.7350E+02  5.4595E+01 -1.5660E+02
 -1.4694E-02 -1.7490E+00  3.4750E+01  7.3114E-01  1.7349E+02  5.4597E+01 -1.5660E+02
 -1.3226E-02 -1.7441E+00  3.4750E+01  7.3131E-01  1.7349E+02  5.4599E+01 -1.5661E+02
 -1.1757E-02 -1.7392E+00  3.4750E+01  7.3145E-01  1.7349E+02  5.4601E+01 -1.5661E+02
 -1.0289E-02 -1.7343E+00  3.4750E+01  7.3158E-01  1.7348E+02  5.4602E+01 -1.5661E+02
 -8.8204E-03 -1.7294E+00  3.4750E+01  7.3169E-01  1.7348E+02  5.4603E+01 -1.5661E+02
 -7.3518E-03 -1.7245E+00  3.4750E+01  7.3179E-01  1.7347E+02  5.4604E+01 -1.5661E+02
 -5.8831E-03 -1.7196E+00  3.4750E+01  7.3187E-01  1.7347E+02  5.4604E+01 -1.5660E+02
 -4.4144E-03 -1.7147E+00  3.4750E+01  7.3194E-01  1.7346E+02  5.4604E+01 -1.5660E+02
 -2.9456E-03 -1.7098E+00  3.4750E+01  7.3199E-01  1.7346E+02  5.4604E+01 -1.5660E+02
 -1.3655E-03 -1.7045E+00  3.4750E+01  7.3203E-01  1.7346E+02  5.4604E+01 -1.5660E+02
  1.0328E-04 -1.6996E+00  3.4750E+01  7.3207E-01  1.7345E+02  5.4604E+01 -1.5660E+02
  1.5721E-03 -1.6947E+00  3.4750E+01  7.3209E-01  1.7345E+02  5.4604E+01 -1.5660E+02
  3.0409E-03 -1.6898E+00  3.4750E+01  7.3210E-01  1.7345E+02  5.4604E+01 -1.5660E+02
  4.5097E-03 -1.6849E+00  3.4750E+01  7.3211E-01  1.7345E+02  5.4603E+01 -1.5659E+02
  5.9785E-03 -1.6800E+00  3.4750E+01  7.3212E-01  1.7345E+02  5.4603E+01 -1.5659E+02
  7.4473E-03 -1.6751E+00  3.4750E+01  7.3212E-01  1.7344E+02  5.4602E+01 -1.5659E+02
  8.9162E-03 -1.6702E+00  3.4750E+01  7.3212E-01  1.7344E+02  5.4601E+01 -1.5659E+02
  1.0385E-02 -1.6653E+00  3.4750E+01  7.3212E-01  1.7344E+02  5.4600E+01 -1.5658E+02
  1.1963E-02 -1.6601E+00  3.4750E+01  7.3211E-01  1.7343E+02  5.4599E+01 -1.5658E+02
  1.3432E-02 -1.6552E+00  3.4750E+01  7.3211E-01  1.7343E+02  5.4597E+01 -1.5657E+02
  1.4901E-02 -1.6503E+00  3.4750E+01  7.3210E-01  1.7342E+02  5.4596E+01 -1.5657E+02
  1.6369E-02 -1.6454E+00  3.4750E+01  7.3210E-01  1.7342E+02  5.4595E+01 -1.5657E+02
  1.7838E-02 -1.6405E+00  3.4750E+01  7.3209E-01  1.7342E+02  5.4594E+01 -1.5656E+02
  1.9307E-02 -1.6356E+00  3.4750E+01  7.3208E-01  1.7341E+02  5.4594E+01 -1.5656E+02
  2.0776E-02 -1.6307E+00  3.4750E+01  7.3207E-01  1.7341E+02  5.4594E+01 -1.5656E+02
  2.2245E-02 -1.6258E+00  3.4750E+01  7.3207E-01  1.7341E+02  5.4594E+01 -1.5656E+02
  2.3714E-02 -1.6209E+00  3.4750E+01  7.3206E-01  1.7341E+02  5.4594E+01 -1.5655E+02
  2.5292E-02 -1.6156E+00  3.4750E+01  7.3205E-01  1.7341E+02  5.4595E+01 -1.5655E+02
  2.6760E-02 -1.6107E+00  3.4750E+01  7.3204E-01  1.7341E+02  5.4595E+01 -1.5655E+02
  2.8229E-02 -1.6058E+00  3.4750E+01  7.3203E-01  1.7341E+02  5.4595E+01 -1.5655E+02
  2.9698E-02 -1.6009E+00  3.4750E+01  7.3203E-01  1.7340E+02  5.4595E+01 -1.5655E+02
  3.1167E-02 -1.5960E+00  3.4750E+01  7.3202E-01  1.7340E+02  5.4595E+01 -1.5655E+02
  3.2636E-02 -1.5911E+00  3.4750E+01  7.3201E-01  1.7340E+02  5.4595E+01 -1.5654E+02
  3.4105E-02 -1.5862E+00  3.4750E+01  7.3200E-01  1.7340E+02  5.4595E+01 -1.5654E+02
  3.5573E-02 -1.5813E+00  3.4750E+01  7.3199E-01  1.7340E+02  5.4595E+01 -1.5654E+02
  3.7042E-02 -1.5764E+00  3.4750E+01  7.3199E-01  1.7340E+02  5.4595E+01 -1.5654E+02
  3.8620E-02 -1.5711E+00  3.4750E+01  7.3198E-01  1.7340E+02  5.4595E+01 -1.5654E+02
  4.0089E-02 -1.5662E+00  3.4750E+01  7.3197E-01  1.7340E+02  5.4595E+01 -1.5653E+02
  4.1558E-02 -1.5613E+00  3.4750E+01  7.3196E-01  1.7339E+02  5.4596E+01 -1.5653E+02
  4.3027E-02 -1.5564E+00  3.4750E+01  7.3195E-01  1.7339E+02  5.4596E+01 -1.5653E+02
  4.4495E-02 -1.5515E+00  3.4750E+01  7.3194E-01  1.7339E+02  5.4596E+01 -1.5653E+02
  4.5964E-02 -1.5466E+00  3.4750E+01  7.3194E-01  1.7339E+02  5.4596E+01 -1.5653E+02
  4.7433E-02 -1.5417E+00  3.4750E+01  7.3193E-01  1.7339E+02  5.4596E+01 -1.5652E+02
  4.8902E-02 -1.5368E+00  3.4750E+01  7.3192E-01  1.7339E+02  5.4596E+01 -1.5652E+02
  5.0371E-02 -1.5319E+00  3.4750E+01  7.3191E-01  1.7339E+02  5.4597E+01 -1.5652E+02
  5.1949E-02 -1.5267E+00  3.4750E+01  7.3190E-01  1.7339E+02  5.4597E+01 -1.5652E+02
  5.3418E-02 -1.5218E+00  3.4750E+01  7.3189E-01  1.7338E+02  5.4597E+01 -1.5652E+02
  5.4886E-02 -1.5169E+00  3.4750E+01  7.3189E-01  1.7338E+02  5.4597E+01 -1.5651E+02
  5.6355E-02 -1.5120E+00  3.4750E+01  7.3188E-01  1.7338E+02  5.4597E+01 -1.5651E+02
  5.7824E-02 -1.5071E+00  3.4750E+01  7.3187E-01  1.7338E+02  5.4597E+01 -1.5651E+02
  5.9293E-02 -1.5022E+00  3.4750E+01  7.3186E-01  1.7338E+02  5.4597E+01 -1.5651E+02
  6.0762E-02 -1.4973E+00  3.4750E+01  7.3185E-01  1.7338E+02  5.4598E+01 -1.5651E+02
  6.2230E-02 -1.4924E+00  3.4750E+01  7.3184E-01  1.7338E+02  5.4598E+01 -1.5651E+02
  6.3699E-02 -1.4875E+00  3.4750E+01  7.3184E-01  1.7338E+02  5.4598E+01 -1.5650E+02
  6.5277E-02 -1.4822E+00  3.4750E+01  7.3183E-01  1.7338E+02  5.4598E+01 -1.5650E+02
  6.6746E-02 -1.4773E+00  3.4750E+01  7.3182E-01  1.7337E+02  5.4598E+01 -1.5650E+02
  6.8215E-02 -1.4724E+00  3.4750E+01  7.3181E-01  1.7337E+02  5.4599E+01 -1.5650E+02
  6.9684E-02 -1.4675E+00  3.4750E+01  7.3180E-01  1.7337E+02  5.4599E+01 -1.5650E+02
  7.1153E-02 -1.4626E+00  3.4750E+01  7.3179E-01  1.7337E+02  5.4599E+01 -1.5650E+02
  7.2621E-02 -1.4577E+00  3.4750E+01  7.3179E-01  1.7337E+02  5.4599E+01 -1.5649E+02
  7.4090E-02 -1.4528E+00  3.4750E+01  7.3178E-01  1.7337E+02  5.4599E+01 -1.5649E+02
  7.5559E-02 -1.4479E+00  3.4750E+01  7.3177E-01  1.7337E+02  5.4599E+01 -1.5649E+02
  7.7028E-02 -1.4430E+00  3.4750E+01  7.3176E-01  1.7337E+02  5.4600E+01 -1.5649E+02
  7.8606E-02 -1.4377E+00  3.4750E+01  7.3175E-01  1.7337E+02  5.4600E+01 -1.5649E+02
  8.0075E-02 -1.4328E+00  3.4750E+01  7.3174E-01  1.7336E+02  5.4600E+01 -1.5649E+02
  8.1543E-02 -1.4279E+00  3.4750E+01  7.3174E-01  1.7336E+02  5.4600E+01 -1.5648E+02
  8.3012E-02 -1.4230E+00  3.4750E+01  7.3173E-01  1.7336E+02  5.4600E+01 -1.5648E+02
  8.4481E-02 -1.4181E+00  3.4750E+01  7.3172E-01  1.7336E+02  5.4601E+01 -1.5648E+02
  8.5950E-02 -1.4132E+00  3.4750E+01  7.3171E-01  1.7336E+02  5.4601E+01 -1.5648E+02
  8.7419E-02 -1.4083E+00  3.4750E+01  7.3170E-01  1.7336E+02  5.4601E+01 -1.5648E+02
  8.8888E-02 -1.4034E+00  3.4750E+01  7.3169E-01  1.7336E+02  5.4601E+01 -1.5648E+02
  9.0356E-02 -1.3985E+00  3.4750E+01  7.3169E-01  1.7336E+02  5.4602E+01 -1.5647E+02
  9.1934E-02 -1.3933E+00  3.4750E+01  7.3168E-01  1.7336E+02  5.4602E+01 -1.5647E+02
  9.3403E-02 -1.3884E+00  3.4750E+01  7.3167E-01  1.7336E+02  5.4602E+01 -1.5647E+02
  9.4872E-02 -1.3835E+00  3.4750E+01  7.3166E-01  1.7335E+02  5.4602E+01 -1.5647E+02
  9.6341E-02 -1.3786E+00  3.4750E+01  7.3165E-01  1.7335E+02  5.4603E+01 -1.5647E+02
  9.7810E-02 -1.3737E+00  3.4750E+01  7.3165E-01  1.7335E+02  5.4603E+01 -1.5647E+02
  9.9278E-02 -1.3688E+00  3.4750E+01  7.3164E-01  1.7335E+02  5.4603E+01 -1.5646E+02
  1.0075E-01 -1.3639E+00  3.4750E+01  7.3163E-01  1.7335E+02  5.4603E+01 -1.5646E+02
  1.0222E-01 -1.3590E+00  3.4750E+01  7.3162E-01  1.7335E+02  5.4603E+01 -1.5646E+02
  1.0368E-01 -1.3541E+00  3.4750E+01  7.3161E-01  1.7335E+02  5.4604E+01 -1.5646E+02
  1.0526E-01 -1.3488E+00  3.4750E+01  7.3160E-01  1.7335E+02  5.4604E+01 -1.5646E+02
  1.0673E-01 -1.3439E+00  3.4750E+01  7.3160E-01  1.7335E+02  5.4604E+01 -1.5646E+02
  1.0820E-01 -1.3390E+00  3.4750E+01  7.3159E-01  1.7335E+02  5.4605E+01 -1.5646E+02
  1.0967E-01 -1.3341E+00  3.4750E+01  7.3158E-01  1.7335E+02  5.4605E+01 -1.5645E+02
  1.1114E-01 -1.3292E+00  3.4750E+01  7.3157E-01  1.7335E+02  5.4605E+01 -1.5645E+02
  1.1261E-01 -1.3243E+00  3.4750E+01  7.3156E-01  1.7334E+02  5.4605E+01 -1.5645E+02
  1.1408E-01 -1.3194E+00  3.4750E+01  7.3155E-01  1.7334E+02  5.4606E+01 -1.5645E+02
  1.1554E-01 -1.3145E+00  3.4750E+01  7.3155E-01  1.7334E+02  5.4606E+01 -1.5645E+02
  1.1701E-01 -1.3096E+00  3.4750E+01  7.3154E-01  1.7334E+02  5.4606E+01 -1.5645E+02
  1.1859E-01 -1.3043E+00  3.4750E+01  7.3153E-01  1.7334E+02  5.4606E+01 -1.5644E+02
  1.2006E-01 -1.2994E+00  3.4750E+01  7.3152E-01  1.7334E+02  5.4607E+01 -1.5644E+02
  1.2153E-01 -1.2945E+00  3.4750E+01  7.3151E-01  1.7334E+02  5.4607E+01 -1.5644E+02
  1.2300E-01 -1.2896E+00  3.4750E+01  7.3150E-01  1.7334E+02  5.4607E+01 -1.5644E+02
  1.2447E-01 -1.2847E+00  3.4750E+01  7.3150E-01  1.7334E+02  5.4607E+01 -1.5644E+02
  1.2594E-01 -1.2798E+00  3.4750E+01  7.3149E-01  1.7334E+02  5.4608E+01 -1.5644E+02
  1.2740E-01 -1.2749E+00  3.4750E+01  7.3148E-01  1.7334E+02  5.4608E+01 -1.5644E+02
  1.2887E-01 -1.2700E+00  3.4750E+01  7.3147E-01  1.7334E+02  5.4608E+01 -1.5643E+02
  1.3034E-01 -1.2651E+00  3.4750E+01  7.3146E-01  1.7333E+02  5.4609E+01 -1.5643E+02
  1.3192E-01 -1.2599E+00  3.4750E+01  7.3145E-01  1.7333E+02  5.4609E+01 -1.5643E+02
  1.3339E-01 -1.2550E+00  3.4750E+01  7.3145E-01  1.7333E+02  5.4609E+01 -1.5643E+02
  1.3486E-01 -1.2501E+00  3.4750E+01  7.3144E-01  1.7333E+02  5.4609E+01 -1.5643E+02
  1.3633E-01 -1.2452E+00  3.4750E+01  7.3143E-01  1.7333E+02  5.4610E+01 -1.5643E+02
  1.3780E-01 -1.2403E+00  3.4750E+01  7.3142E-01  1.7333E+02  5.4610E+01 -1.5643E+02
  1.3926E-01 -1.2354E+00  3.4750E+01  7.3141E-01  1.7333E+02  5.4610E+01 -1.5642E+02
  1.4073E-01 -1.2305E+00  3.4750E+01  7.3141E-01  1.7333E+02  5.4611E+01 -1.5642E+02
  1.4220E-01 -1.2256E+00  3.4750E+01  7.3140E-01  1.7333E+02  5.4611E+01 -1.5642E+02
  1.4367E-01 -1.2207E+00  3.4750E+01  7.3139E-01  1.7333E+02  5.4611E+01 -1.5642E+02
  1.4525E-01 -1.2154E+00  3.4750E+01  7.3138E-01  1.7333E+02  5.4611E+01 -1.5642E+02
  1.4672E-01 -1.2105E+00  3.4750E+01  7.3137E-01  1.7333E+02  5.4612E+01 -1.5642E+02
  1.4819E-01 -1.2056E+00  3.4750E+01  7.3136E-01  1.7333E+02  5.4612E+01 -1.5642E+02
  1.4965E-01 -1.2007E+00  3.4750E+01  7.3136E-01  1.7332E+02  5.4612E+01 -1.5641E+02
  1.5112E-01 -1.1958E+00  3.4750E+01  7.3135E-01  1.7332E+02  5.4613E+01 -1.5641E+02
  1.5259E-01 -1.1909E+00  3.4750E+01  7.3134E-01  1.7332E+02  5.4613E+01 -1.5641E+02
  1.5406E-01 -1.1860E+00  3.4750E+01  7.3133E-01  1.7332E+02  5.4613E+01 -1.5641E+02
  1.5553E-01 -1.1811E+00  3.4750E+01  7.3132E-01  1.7332E+02  5.4614E+01 -1.5641E+02
  1.5700E-01 -1.1762E+00  3.4750E+01  7.3131E-01  1.7332E+02  5.4614E+01 -1.5641E+02
  1.5858E-01 -1.1710E+00  3.4750E+01  7.3131E-01  1.7332E+02  5.4614E+01 -1.5641E+02
  1.6005E-01 -1.1661E+00  3.4750E+01  7.3130E-01  1.7332E+02  5.4615E+01 -1.5640E+02
  1.6151E-01 -1.1612E+00  3.4750E+01  7.3129E-01  1.7332E+02  5.4615E+01 -1.5640E+02
  1.6298E-01 -1.1563E+00  3.4750E+01  7.3128E-01  1.7332E+02  5.4615E+01 -1.5640E+02
  1.6445E-01 -1.1514E+00  3.4750E+01  7.3127E-01  1.7332E+02  5.4615E+01 -1.5640E+02
  1.6592E-01 -1.1465E+00  3.4750E+01  7.3126E-01  1.7332E+02  5.4616E+01 -1.5640E+02
  1.6739E-01 -1.1416E+00  3.4750E+01  7.3126E-01  1.7332E+02  5.4616E+01 -1.5640E+02
  1.6886E-01 -1.1367E+00  3.4750E+01  7.3125E-01  1.7331E+02  5.4616E+01 -1.5640E+02
  1.7033E-01 -1.1318E+00  3.4750E+01  7.3124E-01  1.7331E+02  5.4617E+01 -1.5639E+02
  1.7191E-01 -1.1265E+00  3.4750E+01  7.3123E-01  1.7331E+02  5.4617E+01 -1.5639E+02
  1.7337E-01 -1.1216E+00  3.4750E+01  7.3122E-01  1.7331E+02  5.4617E+01 -1.5639E+02
  1.7484E-01 -1.1167E+00  3.4750E+01  7.3121E-01  1.7331E+02  5.4618E+01 -1.5639E+02
  1.7631E-01 -1.1118E+00  3.4750E+01  7.3121E-01  1.7331E+02  5.4618E+01 -1.5639E+02
  1.7778E-01 -1.1069E+00  3.4750E+01  7.3120E-01  1.7331E+02  5.4618E+01 -1.5639E+02
  1.7925E-01 -1.1020E+00  3.4750E+01  7.3119E-01  1.7331E+02  5.4619E+01 -1.5639E+02
  1.8072E-01 -1.0971E+00  3.4750E+01  7.3118E-01  1.7331E+02  5.4619E+01 -1.5638E+02
  1.8219E-01 -1.0922E+00  3.4750E+01  7.3117E-01  1.7331E+02  5.4619E+01 -1.5638E+02
  1.8366E-01 -1.0873E+00  3.4750E+01  7.3117E-01  1.7331E+02  5.4620E+01 -1.5638E+02
  1.8523E-01 -1.0820E+00  3.4750E+01  7.3116E-01  1.7331E+02  5.4620E+01 -1.5638E+02
  1.8670E-01 -1.0771E+00  3.4750E+01  7.3115E-01  1.7331E+02  5.4620E+01 -1.5638E+02
  1.8817E-01 -1.0722E+00  3.4750E+01  7.3114E-01  1.7331E+02  5.4621E+01 -1.5638E+02
  1.8964E-01 -1.0673E+00  3.4750E+01  7.3113E-01  1.7331E+02  5.4621E+01 -1.5638E+02
  1.9111E-01 -1.0624E+00  3.4750E+01  7.3112E-01  1.7330E+02  5.4621E+01 -1.5637E+02
  1.9258E-01 -1.0575E+00  3.4750E+01  7.3112E-01  1.7330E+02  5.4622E+01 -1.5637E+02
  1.9405E-01 -1.0526E+00  3.4750E+01  7.3111E-01  1.7330E+02  5.4622E+01 -1.5637E+02
  1.9552E-01 -1.0477E+00  3.4750E+01  7.3110E-01  1.7330E+02  5.4622E+01 -1.5637E+02
  1.9698E-01 -1.0428E+00  3.4750E+01  7.3109E-01  1.7330E+02  5.4623E+01 -1.5637E+02
  1.9856E-01 -1.0376E+00  3.4750E+01  7.3108E-01  1.7330E+02  5.4623E+01 -1.5637E+02
  2.0003E-01 -1.0327E+00  3.4750E+01  7.3107E-01  1.7330E+02  5.4623E+01 -1.5637E+02
  2.0150E-01 -1.0278E+00  3.4750E+01  7.3107E-01  1.7330E+02  5.4624E+01 -1.5636E+02
  2.0297E-01 -1.0229E+00  3.4750E+01  7.3106E-01  1.7330E+02  5.4624E+01 -1.5636E+02
  2.0444E-01 -1.0180E+00  3.4750E+01  7.3105E-01  1.7330E+02  5.4624E+01 -1.5636E+02
  2.0591E-01 -1.0131E+00  3.4750E+01  7.3104E-01  1.7330E+02  5.4625E+01 -1.5636E+02
  2.0738E-01 -1.0082E+00  3.4750E+01  7.3103E-01  1.7330E+02  5.4625E+01 -1.5636E+02
  2.0884E-01 -1.0033E+00  3.4750E+01  7.3102E-01  1.7330E+02  5.4625E+01 -1.5636E+02
  2.1031E-01 -9.9836E-01  3.4750E+01  7.3102E-01  1.7330E+02  5.4626E+01 -1.5636E+02
  2.1189E-01 -9.9310E-01  3.4750E+01  7.3101E-01  1.7329E+02  5.4626E+01 -1.5636E+02
  2.1336E-01 -9.8820E-01  3.4750E+01  7.3100E-01  1.7329E+02  5.4626E+01 -1.5635E+02
  2.1483E-01 -9.8330E-01  3.4750E+01  7.3099E-01  1.7329E+02  5.4627E+01 -1.5635E+02
  2.1630E-01 -9.7840E-01  3.4750E+01  7.3098E-01  1.7329E+02  5.4627E+01 -1.5635E+02
  2.1777E-01 -9.7350E-01  3.4750E+01  7.3097E-01  1.7329E+02  5.4627E+01 -1.5635E+02
  2.1924E-01 -9.6860E-01  3.4750E+01  7.3097E-01  1.7329E+02  5.4628E+01 -1.5635E+02
  2.2070E-01 -9.6370E-01  3.4750E+01  7.3096E-01  1.7329E+02  5.4628E+01 -1.5635E+02
  2.2217E-01 -9.5880E-01  3.4750E+01  7.3095E-01  1.7329E+02  5.4628E+01 -1.5635E+02
  2.2364E-01 -9.5390E-01  3.4750E+01  7.3094E-01  1.7329E+02  5.4629E+01 -1.5634E+02
  2.2522E-01 -9.4863E-01  3.4750E+01  7.3093E-01  1.7329E+02  5.4629E+01 -1.5634E+02
  2.2669E-01 -9.4373E-01  3.4750E+01  7.3092E-01  1.7329E+02  5.4629E+01 -1.5634E+02
  2.2816E-01 -9.3883E-01  3.4750E+01  7.3092E-01  1.7329E+02  5.4630E+01 -1.5634E+02
  2.2963E-01 -9.3393E-01  3.4750E+01  7.3091E-01  1.7329E+02  5.4630E+01 -1.5634E+02
  2.3110E-01 -9.2903E-01  3.4750E+01  7.3090E-01  1.7329E+02  5.4631E+01 -1.5634E+02
  2.3256E-01 -9.2413E-01  3.4750E+01  7.3089E-01  1.7329E+02  5.4631E+01 -1.5634E+02
  2.3403E-01 -9.1923E-01  3.4750E+01  7.3088E-01  1.7329E+02  5.4631E+01 -1.5634E+02
  2.3550E-01 -9.1433E-01  3.4750E+01  7.3088E-01  1.7328E+02  5.4632E+01 -1.5633E+02
  2.3697E-01 -9.0943E-01  3.4750E+01  7.3087E-01  1.7328E+02  5.4632E+01 -1.5633E+02
  2.3855E-01 -9.0417E-01  3.4750E+01  7.3086E-01  1.7328E+02  5.4632E+01 -1.5633E+02
  2.4002E-01 -8.9927E-01  3.4750E+01  7.3085E-01  1.7328E+02  5.4633E+01 -1.5633E+02
  2.4149E-01 -8.9437E-01  3.4750E+01  7.3084E-01  1.7328E+02  5.4633E+01 -1.5633E+02
  2.4295E-01 -8.8947E-01  3.4750E+01  7.3083E-01  1.7328E+02  5.4633E+01 -1.5633E+02
  2.4442E-01 -8.8457E-01  3.4750E+01  7.3083E-01  1.7328E+02  5.4634E+01 -1.5633E+02
  2.4589E-01 -8.7967E-01  3.4750E+01  7.3082E-01  1.7328E+02  5.4634E+01 -1.5632E+02
  2.4736E-01 -8.7477E-01  3.4750E+01  7.3081E-01  1.7328E+02  5.4635E+01 -1.5632E+02
  2.4883E-01 -8.6987E-01  3.4750E+01  7.3080E-01  1.7328E+02  5.4635E+01 -1.5632E+02
  2.5030E-01 -8.6497E-01  3.4750E+01  7.3079E-01  1.7328E+02  5.4635E+01 -1.5632E+02
  2.5188E-01 -8.5971E-01  3.4750E+01  7.3078E-01  1.7328E+02  5.4636E+01 -1.5632E+02
  2.5335E-01 -8.5481E-01  3.4750E+01  7.3078E-01  1.7328E+02  5.4636E+01 -1.5632E+02
  2.5481E-01 -8.4991E-01  3.4750E+01  7.3077E-01  1.7328E+02  5.4636E+01 -1.5632E+02
  2.5628E-01 -8.4501E-01  3.4750E+01  7.3076E-01  1.7328E+02  5.4637E+01 -1.5632E+02
  2.5775E-01 -8.4011E-01  3.4750E+01  7.3075E-01  1.7328E+02  5.4637E+01 -1.5631E+02
  2.5922E-01 -8.3521E-01  3.4750E+01  7.3074E-01  1.7327E+02  5.4638E+01 -1.5631E+02
  2.6069E-01 -8.3031E-01  3.4750E+01  7.3074E-01  1.7327E+02  5.4638E+01 -1.5631E+02
  2.6216E-01 -8.2541E-01  3.4750E+01  7.3073E-01  1.7327E+02  5.4638E+01 -1.5631E+02
  2.6363E-01 -8.2051E-01  3.4750E+01  7.3072E-01  1.7327E+02  5.4639E+01 -1.5631E+02
  2.6521E-01 -8.1524E-01  3.4750E+01  7.3071E-01  1.7327E+02  5.4639E+01 -1.5631E+02
  2.6667E-01 -8.1034E-01  3.4750E+01  7.3070E-01  1.7327E+02  5.4639E+01 -1.5631E+02
  2.6814E-01 -8.0544E-01  3.4750E+01  7.3069E-01  1.7327E+02  5.4640E+01 -1.5630E+02
  2.6961E-01 -8.0054E-01  3.4750E+01  7.3069E-01  1.7327E+02  5.4640E+01 -1.5630E+02
  2.7108E-01 -7.9564E-01  3.4750E+01  7.3068E-01  1.7327E+02  5.4641E+01 -1.5630E+02
  2.7255E-01 -7.9074E-01  3.4750E+01  7.3067E-01  1.7327E+02  5.4641E+01 -1.5630E+02
  2.7402E-01 -7.8584E-01  3.4750E+01  7.3066E-01  1.7327E+02  5.4641E+01 -1.5630E+02
  2.7549E-01 -7.8094E-01  3.4750E+01  7.3065E-01  1.7327E+02  5.4642E+01 -1.5630E+02
  2.7696E-01 -7.7604E-01  3.4750E+01  7.3064E-01  1.7327E+02  5.4642E+01 -1.5630E+02
  2.7853E-01 -7.7078E-01  3.4750E+01  7.3064E-01  1.7327E+02  5.4642E+01 -1.5630E+02
  2.8000E-01 -7.6588E-01  3.4750E+01  7.3063E-01  1.7327E+02  5.4643E+01 -1.5629E+02
  2.8147E-01 -7.6098E-01  3.4750E+01  7.3062E-01  1.7327E+02  5.4643E+01 -1.5629E+02
  2.8294E-01 -7.5608E-01  3.4750E+01  7.3061E-01  1.7327E+02  5.4644E+01 -1.5629E+02
  2.8441E-01 -7.5118E-01  3.4750E+01  7.3060E-01  1.7326E+02  5.4644E+01 -1.5629E+02
  2.8588E-01 -7.4628E-01  3.4750E+01  7.3059E-01  1.7326E+02  5.4644E+01 -1.5629E+02
  2.8735E-01 -7.4138E-01  3.4750E+01  7.3059E-01  1.7326E+02  5.4645E+01 -1.5629E+02
  2.8882E-01 -7.3648E-01  3.4750E+01  7.3058E-01  1.7326E+02  5.4645E+01 -1.5629E+02
  2.9028E-01 -7.3158E-01  3.4750E+01  7.3057E-01  1.7326E+02  5.4646E+01 -1.5629E+02
  2.9186E-01 -7.2631E-01  3.4750E+01  7.3056E-01  1.7326E+02  5.4646E+01 -1.5628E+02
  2.9333E-01 -7.2141E-01  3.4750E+01  7.3055E-01  1.7326E+02  5.4646E+01 -1.5628E+02
  2.9480E-01 -7.1651E-01  3.4750E+01  7.3054E-01  1.7326E+02  5.4647E+01 -1.5628E+02
  2.9627E-01 -7.1161E-01  3.4750E+01  7.3054E-01  1.7326E+02  5.4647E+01 -1.5628E+02
  2.9774E-01 -7.0671E-01  3.4750E+01  7.3053E-01  1.7326E+02  5.4647E+01 -1.5628E+02
  2.9921E-01 -7.0181E-01  3.4750E+01  7.3052E-01  1.7326E+02  5.4648E+01 -1.5628E+02
  3.0068E-01 -6.9691E-01  3.4750E+01  7.3051E-01  1.7326E+02  5.4648E+01 -1.5628E+02
  3.0214E-01 -6.9201E-01  3.4750E+01  7.3050E-01  1.7326E+02  5.4649E+01 -1.5628E+02
  3.0361E-01 -6.8711E-01  3.4750E+01  7.3050E-01  1.7326E+02  5.4649E+01 -1.5627E+02
  3.0519E-01 -6.8185E-01  3.4750E+01  7.3049E-01  1.7326E+02  5.4649E+01 -1.5627E+02
  3.0666E-01 -6.7695E-01  3.4750E+01  7.3048E-01  1.7326E+02  5.4650E+01 -1.5627E+02
  3.0813E-01 -6.7205E-01  3.4750E+01  7.3047E-01  1.7326E+02  5.4650E+01 -1.5627E+02
  3.0960E-01 -6.6715E-01  3.4750E+01  7.3046E-01  1.7326E+02  5.4651E+01 -1.5627E+02
  3.1002E-01 -6.6575E-01  3.4750E+01  7.3046E-01  1.7326E+02  5.4651E+01 -1.5627E+02
  3.1107E-01 -6.6225E-01  3.4750E+01  7.3046E-01  1.7325E+02  5.4651E+01 -1.5627E+02
  3.1254E-01 -6.5735E-01  3.4750E+01  7.3045E-01  1.7325E+02  5.4651E+01 -1.5627E+02
  3.1400E-01 -6.5245E-01  3.4751E+01  7.3044E-01  1.7325E+02  5.4652E+01 -1.5626E+02
  3.1547E-01 -6.4755E-01  3.4751E+01  7.3043E-01  1.7325E+02  5.4652E+01 -1.5626E+02
  3.1694E-01 -6.4265E-01  3.4751E+01  7.3043E-01  1.7325E+02  5.4653E+01 -1.5626E+02
  3.1852E-01 -6.3739E-01  3.4751E+01  7.3042E-01  1.7325E+02  5.4653E+01 -1.5626E+02
  3.1999E-01 -6.3249E-01  3.4751E+01  7.3041E-01  1.7325E+02  5.4653E+01 -1.5626E+02
  3.2146E-01 -6.2759E-01  3.4751E+01  7.3041E-01  1.7325E+02  5.4654E+01 -1.5626E+02
  3.2293E-01 -6.2269E-01  3.4751E+01  7.3040E-01  1.7325E+02  5.4654E+01 -1.5626E+02
  3.2439E-01 -6.1779E-01  3.4751E+01  7.3039E-01  1.7325E+02  5.4655E+01 -1.5626E+02
  3.2586E-01 -6.1289E-01  3.4751E+01  7.3039E-01  1.7325E+02  5.4655E+01 -1.5626E+02
  3.2733E-01 -6.0799E-01  3.4751E+01  7.3039E-01  1.7325E+02  5.4655E+01 -1.5626E+02
  3.2880E-01 -6.0309E-01  3.4751E+01  7.3038E-01  1.7325E+02  5.4656E+01 -1.5625E+02
  3.3027E-01 -5.9819E-01  3.4751E+01  7.3038E-01  1.7325E+02  5.4656E+01 -1.5625E+02
  3.3185E-01 -5.9292E-01  3.4751E+01  7.3037E-01  1.7325E+02  5.4656E+01 -1.5625E+02
  3.3332E-01 -5.8802E-01  3.4751E+01  7.3037E-01  1.7325E+02  5.4656E+01 -1.5625E+02
  3.3479E-01 -5.8312E-01  3.4751E+01  7.3037E-01  1.7325E+02  5.4657E+01 -1.5625E+02
  3.3625E-01 -5.7822E-01  3.4751E+01  7.3037E-01  1.7325E+02  5.4657E+01 -1.5625E+02
  3.3772E-01 -5.7332E-01  3.4751E+01  7.3036E-01  1.7325E+02  5.4657E+01 -1.5625E+02
  3.3919E-01 -5.6842E-01  3.4751E+01  7.3036E-01  1.7325E+02  5.4657E+01 -1.5625E+02
  3.4066E-01 -5.6352E-01  3.4751E+01  7.3036E-01  1.7325E+02  5.4657E+01 -1.5625E+02
  3.4213E-01 -5.5862E-01  3.4751E+01  7.3036E-01  1.7325E+02  5.4658E+01 -1.5625E+02
  3.4360E-01 -5.5372E-01  3.4751E+01  7.3036E-01  1.7324E+02  5.4658E+01 -1.5625E+02
  3.4518E-01 -5.4846E-01  3.4751E+01  7.3035E-01  1.7324E+02  5.4658E+01 -1.5625E+02
  3.4665E-01 -5.4356E-01  3.4751E+01  7.3035E-01  1.7324E+02  5.4658E+01 -1.5625E+02
  3.4811E-01 -5.3866E-01  3.4751E+01  7.3035E-01  1.7324E+02  5.4658E+01 -1.5625E+02
  3.4958E-01 -5.3376E-01  3.4751E+01  7.3035E-01  1.7324E+02  5.4658E+01 -1.5625E+02
  3.5105E-01 -5.2886E-01  3.4751E+01  7.3035E-01  1.7324E+02  5.4658E+01 -1.5625E+02
  3.5252E-01 -5.2396E-01  3.4751E+01  7.3035E-01  1.7324E+02  5.4659E+01 -1.5624E+02
  3.5399E-01 -5.1906E-01  3.4751E+01  7.3035E-01  1.7324E+02  5.4659E+01 -1.5624E+02
  3.5546E-01 -5.1416E-01  3.4751E+01  7.3034E-01  1.7324E+02  5.4659E+01 -1.5624E+02
  3.5693E-01 -5.0926E-01  3.4751E+01  7.3034E-01  1.7324E+02  5.4659E+01 -1.5624E+02
  3.5851E-01 -5.0399E-01  3.4751E+01  7.3034E-01  1.7324E+02  5.4659E+01 -1.5624E+02
  3.5997E-01 -4.9909E-01  3.4751E+01  7.3034E-01  1.7324E+02  5.4659E+01 -1.5624E+02
  3.6144E-01 -4.9419E-01  3.4751E+01  7.3033E-01  1.7324E+02  5.4659E+01 -1.5624E+02
  3.6291E-01 -4.8929E-01  3.4751E+01  7.3033E-01  1.7324E+02  5.4659E+01 -1.5624E+02
  3.6438E-01 -4.8439E-01  3.4751E+01  7.3033E-01  1.7324E+02  5.4659E+01 -1.5624E+02
  3.6585E-01 -4.7949E-01  3.4751E+01  7.3032E-01  1.7324E+02  5.4659E+01 -1.5624E+02
  3.6732E-01 -4.7459E-01  3.4751E+01  7.3032E-01  1.7324E+02  5.4659E+01 -1.5624E+02
  3.6879E-01 -4.6969E-01  3.4751E+01  7.3032E-01  1.7324E+02  5.4659E+01 -1.5624E+02
  3.7026E-01 -4.6479E-01  3.4751E+01  7.3031E-01  1.7324E+02  5.4659E+01 -1.5624E+02
  3.7183E-01 -4.5953E-01  3.4751E+01  7.3031E-01  1.7324E+02  5.4659E+01 -1.5624E+02
  3.7330E-01 -4.5463E-01  3.4751E+01  7.3030E-01  1.7324E+02  5.4659E+01 -1.5624E+02
  3.7477E-01 -4.4973E-01  3.4751E+01  7.3030E-01  1.7324E+02  5.4659E+01 -1.5624E+02
  3.7624E-01 -4.4483E-01  3.4751E+01  7.3029E-01  1.7324E+02  5.4659E+01 -1.5624E+02
  3.7771E-01 -4.3993E-01  3.4751E+01  7.3028E-01  1.7324E+02  5.4659E+01 -1.5624E+02
  3.7918E-01 -4.3503E-01  3.4751E+01  7.3027E-01  1.7324E+02  5.4659E+01 -1.5624E+02
  3.8065E-01 -4.3013E-01  3.4751E+01  7.3027E-01  1.7324E+02  5.4659E+01 -1.5624E+02
  3.8212E-01 -4.2523E-01  3.4751E+01  7.3026E-01  1.7324E+02  5.4659E+01 -1.5624E+02
  3.8358E-01 -4.2033E-01  3.4751E+01  7.3025E-01  1.7324E+02  5.4659E+01 -1.5624E+02
  3.8516E-01 -4.1507E-01  3.4751E+01  7.3024E-01  1.7324E+02  5.4659E+01 -1.5624E+02
  3.8663E-01 -4.1017E-01  3.4751E+01  7.3023E-01  1.7324E+02  5.4659E+01 -1.5624E+02
  3.8810E-01 -4.0527E-01  3.4751E+01  7.3021E-01  1.7324E+02  5.4659E+01 -1.5623E+02
  3.8957E-01 -4.0037E-01  3.4751E+01  7.3020E-01  1.7324E+02  5.4659E+01 -1.5623E+02
  3.9104E-01 -3.9547E-01  3.4751E+01  7.3019E-01  1.7324E+02  5.4659E+01 -1.5623E+02
  3.9251E-01 -3.9057E-01  3.4751E+01  7.3017E-01  1.7324E+02  5.4659E+01 -1.5623E+02
  3.9398E-01 -3.8567E-01  3.4751E+01  7.3016E-01  1.7324E+02  5.4659E+01 -1.5623E+02
  3.9544E-01 -3.8077E-01  3.4751E+01  7.3014E-01  1.7324E+02  5.4659E+01 -1.5623E+02
  3.9691E-01 -3.7587E-01  3.4751E+01  7.3013E-01  1.7324E+02  5.4659E+01 -1.5623E+02
  3.9849E-01 -3.7060E-01  3.4751E+01  7.3011E-01  1.7324E+02  5.4660E+01 -1.5623E+02
  3.9996E-01 -3.6570E-01  3.4751E+01  7.3009E-01  1.7324E+02  5.4660E+01 -1.5623E+02
  4.0143E-01 -3.6080E-01  3.4751E+01  7.3007E-01  1.7324E+02  5.4660E+01 -1.5623E+02
  4.0290E-01 -3.5590E-01  3.4751E+01  7.3005E-01  1.7324E+02  5.4660E+01 -1.5623E+02
  4.0437E-01 -3.5100E-01  3.4751E+01  7.3003E-01  1.7324E+02  5.4660E+01 -1.5623E+02
  4.0583E-01 -3.4610E-01  3.4751E+01  7.3001E-01  1.7324E+02  5.4660E+01 -1.5622E+02
  4.0730E-01 -3.4120E-01  3.4751E+01  7.2998E-01  1.7324E+02  5.4661E+01 -1.5622E+02
  4.0877E-01 -3.3630E-01  3.4751E+01  7.2996E-01  1.7324E+02  5.4661E+01 -1.5622E+02
  4.1024E-01 -3.3140E-01  3.4751E+01  7.2993E-01  1.7324E+02  5.4661E+01 -1.5622E+02
  4.1182E-01 -3.2614E-01  3.4751E+01  7.2991E-01  1.7324E+02  5.4661E+01 -1.5622E+02
  4.1329E-01 -3.2124E-01  3.4751E+01  7.2988E-01  1.7324E+02  5.4662E+01 -1.5622E+02
  4.1476E-01 -3.1634E-01  3.4751E+01  7.2985E-01  1.7324E+02  5.4662E+01 -1.5622E+02
  4.1623E-01 -3.1144E-01  3.4751E+01  7.2982E-01  1.7324E+02  5.4662E+01 -1.5621E+02
  4.1769E-01 -3.0654E-01  3.4751E+01  7.2980E-01  1.7324E+02  5.4663E+01 -1.5621E+02
  4.1916E-01 -3.0164E-01  3.4751E+01  7.2977E-01  1.7324E+02  5.4663E+01 -1.5621E+02
  4.2063E-01 -2.9674E-01  3.4751E+01  7.2974E-01  1.7324E+02  5.4663E+01 -1.5621E+02
  4.2210E-01 -2.9184E-01  3.4751E+01  7.2971E-01  1.7324E+02  5.4664E+01 -1.5621E+02
  4.2357E-01 -2.8694E-01  3.4751E+01  7.2968E-01  1.7324E+02  5.4664E+01 -1.5621E+02
  4.2515E-01 -2.8167E-01  3.4751E+01  7.2964E-01  1.7324E+02  5.4665E+01 -1.5621E+02
  4.2662E-01 -2.7677E-01  3.4751E+01  7.2961E-01  1.7324E+02  5.4665E+01 -1.5620E+02
  4.2809E-01 -2.7187E-01  3.4751E+01  7.2958E-01  1.7324E+02  5.4665E+01 -1.5620E+02
  4.2955E-01 -2.6697E-01  3.4751E+01  7.2955E-01  1.7324E+02  5.4666E+01 -1.5620E+02
  4.3102E-01 -2.6207E-01  3.4751E+01  7.2952E-01  1.7324E+02  5.4666E+01 -1.5620E+02
  4.3249E-01 -2.5717E-01  3.4751E+01  7.2949E-01  1.7324E+02  5.4667E+01 -1.5620E+02
  4.3396E-01 -2.5227E-01  3.4751E+01  7.2946E-01  1.7324E+02  5.4667E+01 -1.5620E+02
  4.3543E-01 -2.4737E-01  3.4751E+01  7.2943E-01  1.7324E+02  5.4668E+01 -1.5619E+02
  4.3690E-01 -2.4247E-01  3.4751E+01  7.2940E-01  1.7324E+02  5.4668E+01 -1.5619E+02
  4.3848E-01 -2.3721E-01  3.4751E+01  7.2937E-01  1.7324E+02  5.4669E+01 -1.5619E+02
  4.3995E-01 -2.3231E-01  3.4751E+01  7.2934E-01  1.7324E+02  5.4669E+01 -1.5619E+02
  4.4141E-01 -2.2741E-01  3.4751E+01  7.2931E-01  1.7324E+02  5.4669E+01 -1.5619E+02
  4.4288E-01 -2.2251E-01  3.4751E+01  7.2928E-01  1.7324E+02  5.4670E+01 -1.5619E+02
  4.4435E-01 -2.1761E-01  3.4751E+01  7.2925E-01  1.7324E+02  5.4670E+01 -1.5618E+02
  4.4582E-01 -2.1271E-01  3.4751E+01  7.2921E-01  1.7325E+02  5.4671E+01 -1.5618E+02
  4.4729E-01 -2.0781E-01  3.4751E+01  7.2918E-01  1.7325E+02  5.4671E+01 -1.5618E+02
  4.4876E-01 -2.0291E-01  3.4751E+01  7.2915E-01  1.7325E+02  5.4672E+01 -1.5618E+02
  4.5023E-01 -1.9801E-01  3.4751E+01  7.2912E-01  1.7325E+02  5.4672E+01 -1.5618E+02
  4.5181E-01 -1.9274E-01  3.4751E+01  7.2909E-01  1.7325E+02  5.4672E+01 -1.5618E+02
  4.5327E-01 -1.8784E-01  3.4751E+01  7.2906E-01  1.7325E+02  5.4673E+01 -1.5617E+02
  4.5474E-01 -1.8294E-01  3.4751E+01  7.2903E-01  1.7325E+02  5.4673E+01 -1.5617E+02
  4.5621E-01 -1.7804E-01  3.4751E+01  7.2900E-01  1.7325E+02  5.4674E+01 -1.5617E+02
  4.5768E-01 -1.7314E-01  3.4751E+01  7.2897E-01  1.7325E+02  5.4674E+01 -1.5617E+02
  4.5915E-01 -1.6824E-01  3.4751E+01  7.2894E-01  1.7325E+02  5.4675E+01 -1.5617E+02
  4.6062E-01 -1.6334E-01  3.4751E+01  7.2891E-01  1.7325E+02  5.4675E+01 -1.5617E+02
  4.6209E-01 -1.5844E-01  3.4751E+01  7.2888E-01  1.7325E+02  5.4675E+01 -1.5616E+02
  4.6356E-01 -1.5354E-01  3.4751E+01  7.2885E-01  1.7325E+02  5.4676E+01 -1.5616E+02
  4.6513E-01 -1.4828E-01  3.4751E+01  7.2881E-01  1.7325E+02  5.4676E+01 -1.5616E+02
  4.6660E-01 -1.4338E-01  3.4751E+01  7.2878E-01  1.7325E+02  5.4677E+01 -1.5616E+02
  4.6807E-01 -1.3848E-01  3.4751E+01  7.2875E-01  1.7325E+02  5.4677E+01 -1.5616E+02
  4.6954E-01 -1.3358E-01  3.4751E+01  7.2872E-01  1.7325E+02  5.4678E+01 -1.5616E+02
  4.7101E-01 -1.2868E-01  3.4751E+01  7.2869E-01  1.7325E+02  5.4678E+01 -1.5615E+02
  4.7248E-01 -1.2378E-01  3.4751E+01  7.2866E-01  1.7325E+02  5.4679E+01 -1.5615E+02
  4.7395E-01 -1.1888E-01  3.4751E+01  7.2863E-01  1.7325E+02  5.4679E+01 -1.5615E+02
  4.7542E-01 -1.1398E-01  3.4751E+01  7.2860E-01  1.7325E+02  5.4679E+01 -1.5615E+02
  4.7688E-01 -1.0908E-01  3.4751E+01  7.2857E-01  1.7325E+02  5.4680E+01 -1.5615E+02
  4.7846E-01 -1.0381E-01  3.4751E+01  7.2854E-01  1.7325E+02  5.4680E+01 -1.5615E+02
  4.7993E-01 -9.8910E-02  3.4751E+01  7.2851E-01  1.7325E+02  5.4681E+01 -1.5614E+02
  4.8140E-01 -9.4010E-02  3.4751E+01  7.2848E-01  1.7325E+02  5.4681E+01 -1.5614E+02
  4.8287E-01 -8.9110E-02  3.4751E+01  7.2844E-01  1.7325E+02  5.4682E+01 -1.5614E+02
  4.8434E-01 -8.4210E-02  3.4751E+01  7.2841E-01  1.7325E+02  5.4682E+01 -1.5614E+02
  4.8581E-01 -7.9310E-02  3.4751E+01  7.2838E-01  1.7325E+02  5.4682E+01 -1.5614E+02
  4.8727E-01 -7.4410E-02  3.4751E+01  7.2835E-01  1.7325E+02  5.4683E+01 -1.5614E+02
  4.8874E-01 -6.9510E-02  3.4751E+01  7.2832E-01  1.7325E+02  5.4683E+01 -1.5613E+02
  4.9021E-01 -6.4610E-02  3.4751E+01  7.2829E-01  1.7325E+02  5.4684E+01 -1.5613E+02
  4.9179E-01 -5.9345E-02  3.4751E+01  7.2826E-01  1.7325E+02  5.4684E+01 -1.5613E+02
  4.9326E-01 -5.4445E-02  3.4751E+01  7.2823E-01  1.7325E+02  5.4685E+01 -1.5613E+02
  4.9473E-01 -4.9545E-02  3.4751E+01  7.2820E-01  1.7325E+02  5.4685E+01 -1.5613E+02
  4.9620E-01 -4.4645E-02  3.4751E+01  7.2817E-01  1.7325E+02  5.4685E+01 -1.5613E+02
  4.9767E-01 -3.9745E-02  3.4751E+01  7.2814E-01  1.7325E+02  5.4686E+01 -1.5612E+02
  4.9913E-01 -3.4845E-02  3.4751E+01  7.2811E-01  1.7325E+02  5.4686E+01 -1.5612E+02
  5.0060E-01 -2.9945E-02  3.4751E+01  7.2808E-01  1.7325E+02  5.4687E+01 -1.5612E+02
  5.0207E-01 -2.5045E-02  3.4751E+01  7.2805E-01  1.7325E+02  5.4687E+01 -1.5612E+02
  5.0354E-01 -2.0145E-02  3.4751E+01  7.2802E-01  1.7325E+02  5.4688E+01 -1.5612E+02
  5.0512E-01 -1.4880E-02  3.4751E+01  7.2798E-01  1.7325E+02  5.4688E+01 -1.5612E+02
  5.0659E-01 -9.9798E-03  3.4751E+01  7.2795E-01  1.7325E+02  5.4689E+01 -1.5611E+02
  5.0806E-01 -5.0798E-03  3.4751E+01  7.2792E-01  1.7325E+02  5.4689E+01 -1.5611E+02
  5.0953E-01 -1.7976E-04  3.4751E+01  7.2789E-01  1.7325E+02  5.4689E+01 -1.5611E+02
  5.1099E-01  4.7202E-03  3.4751E+01  7.2786E-01  1.7325E+02  5.4690E+01 -1.5611E+02
  5.1246E-01  9.6202E-03  3.4751E+01  7.2783E-01  1.7325E+02  5.4690E+01 -1.5611E+02
  5.1393E-01  1.4520E-02  3.4751E+01  7.2780E-01  1.7325E+02  5.4691E+01 -1.5611E+02
  5.1540E-01  1.9420E-02  3.4751E+01  7.2777E-01  1.7325E+02  5.4691E+01 -1.5610E+02
  5.1687E-01  2.4320E-02  3.4751E+01  7.2774E-01  1.7325E+02  5.4692E+01 -1.5610E+02
  5.1845E-01  2.9585E-02  3.4751E+01  7.2771E-01  1.7325E+02  5.4692E+01 -1.5610E+02
  5.1992E-01  3.4485E-02  3.4751E+01  7.2768E-01  1.7325E+02  5.4692E+01 -1.5610E+02
  5.2139E-01  3.9385E-02  3.4751E+01  7.2765E-01  1.7325E+02  5.4693E+01 -1.5610E+02
  5.2285E-01  4.4285E-02  3.4751E+01  7.2762E-01  1.7325E+02  5.4693E+01 -1.5609E+02
  5.2432E-01  4.9185E-02  3.4751E+01  7.2758E-01  1.7325E+02  5.4694E+01 -1.5609E+02
  5.2579E-01  5.4085E-02  3.4751E+01  7.2755E-01  1.7325E+02  5.4694E+01 -1.5609E+02
  5.2726E-01  5.8985E-02  3.4751E+01  7.2752E-01  1.7325E+02  5.4695E+01 -1.5609E+02
  5.2873E-01  6.3885E-02  3.4751E+01  7.2749E-01  1.7325E+02  5.4695E+01 -1.5609E+02
  5.3020E-01  6.8785E-02  3.4751E+01  7.2746E-01  1.7325E+02  5.4696E+01 -1.5609E+02
  5.3178E-01  7.4051E-02  3.4751E+01  7.2743E-01  1.7325E+02  5.4696E+01 -1.5608E+02
  5.3325E-01  7.8951E-02  3.4751E+01  7.2740E-01  1.7325E+02  5.4696E+01 -1.5608E+02
  5.3471E-01  8.3851E-02  3.4751E+01  7.2737E-01  1.7325E+02  5.4697E+01 -1.5608E+02
  5.3618E-01  8.8751E-02  3.4751E+01  7.2734E-01  1.7325E+02  5.4697E+01 -1.5608E+02
  5.3765E-01  9.3651E-02  3.4751E+01  7.2731E-01  1.7325E+02  5.4698E+01 -1.5608E+02
  5.3912E-01  9.8551E-02  3.4751E+01  7.2728E-01  1.7325E+02  5.4698E+01 -1.5608E+02
  5.4059E-01  1.0345E-01  3.4751E+01  7.2725E-01  1.7325E+02  5.4699E+01 -1.5607E+02
  5.4206E-01  1.0835E-01  3.4751E+01  7.2722E-01  1.7325E+02  5.4699E+01 -1.5607E+02
  5.4353E-01  1.1325E-01  3.4751E+01  7.2719E-01  1.7325E+02  5.4699E+01 -1.5607E+02
  5.4510E-01  1.1852E-01  3.4751E+01  7.2715E-01  1.7325E+02  5.4700E+01 -1.5607E+02
  5.4657E-01  1.2342E-01  3.4751E+01  7.2712E-01  1.7325E+02  5.4700E+01 -1.5607E+02
  5.4804E-01  1.2832E-01  3.4751E+01  7.2709E-01  1.7325E+02  5.4701E+01 -1.5606E+02
  5.4951E-01  1.3322E-01  3.4751E+01  7.2706E-01  1.7325E+02  5.4701E+01 -1.5606E+02
  5.5098E-01  1.3812E-01  3.4751E+01  7.2703E-01  1.7325E+02  5.4702E+01 -1.5606E+02
  5.5245E-01  1.4302E-01  3.4751E+01  7.2700E-01  1.7325E+02  5.4702E+01 -1.5606E+02
  5.5392E-01  1.4792E-01  3.4751E+01  7.2697E-01  1.7325E+02  5.4703E+01 -1.5606E+02
  5.5539E-01  1.5282E-01  3.4751E+01  7.2694E-01  1.7325E+02  5.4703E+01 -1.5606E+02
  5.5686E-01  1.5772E-01  3.4751E+01  7.2691E-01  1.7325E+02  5.4703E+01 -1.5605E+02
  5.5843E-01  1.6298E-01  3.4751E+01  7.2688E-01  1.7325E+02  5.4704E+01 -1.5605E+02
  5.5990E-01  1.6788E-01  3.4751E+01  7.2685E-01  1.7325E+02  5.4704E+01 -1.5605E+02
  5.6137E-01  1.7278E-01  3.4751E+01  7.2682E-01  1.7325E+02  5.4705E+01 -1.5605E+02
  5.6284E-01  1.7768E-01  3.4751E+01  7.2679E-01  1.7325E+02  5.4705E+01 -1.5605E+02
  5.6431E-01  1.8258E-01  3.4751E+01  7.2676E-01  1.7325E+02  5.4706E+01 -1.5605E+02
  5.6578E-01  1.8748E-01  3.4751E+01  7.2673E-01  1.7325E+02  5.4706E+01 -1.5604E+02
  5.6725E-01  1.9238E-01  3.4751E+01  7.2670E-01  1.7325E+02  5.4706E+01 -1.5604E+02
  5.6871E-01  1.9728E-01  3.4751E+01  7.2667E-01  1.7325E+02  5.4707E+01 -1.5604E+02
  5.7018E-01  2.0218E-01  3.4751E+01  7.2664E-01  1.7325E+02  5.4707E+01 -1.5604E+02
  5.7176E-01  2.0745E-01  3.4751E+01  7.2660E-01  1.7325E+02  5.4708E+01 -1.5604E+02
  5.7323E-01  2.1235E-01  3.4751E+01  7.2657E-01  1.7325E+02  5.4708E+01 -1.5603E+02
  5.7470E-01  2.1725E-01  3.4751E+01  7.2654E-01  1.7325E+02  5.4709E+01 -1.5603E+02
  5.7617E-01  2.2215E-01  3.4751E+01  7.2651E-01  1.7325E+02  5.4709E+01 -1.5603E+02
  5.7764E-01  2.2705E-01  3.4751E+01  7.2648E-01  1.7325E+02  5.4710E+01 -1.5603E+02
  5.7911E-01  2.3195E-01  3.4751E+01  7.2645E-01  1.7325E+02  5.4710E+01 -1.5603E+02
  5.8057E-01  2.3685E-01  3.4751E+01  7.2642E-01  1.7325E+02  5.4710E+01 -1.5603E+02
  5.8204E-01  2.4175E-01  3.4751E+01  7.2639E-01  1.7325E+02  5.4711E+01 -1.5602E+02
  5.8351E-01  2.4665E-01  3.4751E+01  7.2636E-01  1.7325E+02  5.4711E+01 -1.5602E+02
  5.8509E-01  2.5191E-01  3.4751E+01  7.2633E-01  1.7325E+02  5.4712E+01 -1.5602E+02
  5.8656E-01  2.5681E-01  3.4751E+01  7.2630E-01  1.7325E+02  5.4712E+01 -1.5602E+02
  5.8803E-01  2.6171E-01  3.4751E+01  7.2627E-01  1.7325E+02  5.4713E+01 -1.5602E+02
  5.8950E-01  2.6661E-01  3.4751E+01  7.2624E-01  1.7325E+02  5.4713E+01 -1.5601E+02
  5.9097E-01  2.7151E-01  3.4751E+01  7.2621E-01  1.7325E+02  5.4714E+01 -1.5601E+02
  5.9243E-01  2.7641E-01  3.4751E+01  7.2618E-01  1.7325E+02  5.4714E+01 -1.5601E+02
  5.9390E-01  2.8131E-01  3.4751E+01  7.2615E-01  1.7325E+02  5.4714E+01 -1.5601E+02
  5.9537E-01  2.8621E-01  3.4751E+01  7.2611E-01  1.7325E+02  5.4715E+01 -1.5601E+02
  5.9684E-01  2.9111E-01  3.4751E+01  7.2608E-01  1.7325E+02  5.4715E+01 -1.5601E+02
  5.9842E-01  2.9638E-01  3.4751E+01  7.2605E-01  1.7325E+02  5.4716E+01 -1.5600E+02
  5.9989E-01  3.0128E-01  3.4751E+01  7.2602E-01  1.7325E+02  5.4716E+01 -1.5600E+02
  6.0136E-01  3.0618E-01  3.4751E+01  7.2599E-01  1.7325E+02  5.4717E+01 -1.5600E+02
  6.0283E-01  3.1108E-01  3.4751E+01  7.2596E-01  1.7325E+02  5.4717E+01 -1.5600E+02
  6.0429E-01  3.1598E-01  3.4751E+01  7.2593E-01  1.7325E+02  5.4717E+01 -1.5600E+02
  6.0576E-01  3.2088E-01  3.4751E+01  7.2590E-01  1.7325E+02  5.4718E+01 -1.5599E+02
  6.0723E-01  3.2578E-01  3.4751E+01  7.2587E-01  1.7325E+02  5.4718E+01 -1.5599E+02
  6.0870E-01  3.3068E-01  3.4751E+01  7.2584E-01  1.7325E+02  5.4719E+01 -1.5599E+02
  6.1017E-01  3.3558E-01  3.4751E+01  7.2581E-01  1.7325E+02  5.4719E+01 -1.5599E+02
  6.1175E-01  3.4084E-01  3.4751E+01  7.2578E-01  1.7325E+02  5.4720E+01 -1.5599E+02
  6.1322E-01  3.4574E-01  3.4751E+01  7.2575E-01  1.7325E+02  5.4720E+01 -1.5599E+02
  6.1469E-01  3.5064E-01  3.4751E+01  7.2572E-01  1.7325E+02  5.4720E+01 -1.5598E+02
  6.1615E-01  3.5554E-01  3.4751E+01  7.2569E-01  1.7325E+02  5.4721E+01 -1.5598E+02
  6.1762E-01  3.6044E-01  3.4751E+01  7.2566E-01  1.7325E+02  5.4721E+01 -1.5598E+02
  6.1909E-01  3.6534E-01  3.4751E+01  7.2564E-01  1.7325E+02  5.4721E+01 -1.5598E+02
  6.2056E-01  3.7024E-01  3.4751E+01  7.2561E-01  1.7325E+02  5.4722E+01 -1.5598E+02
  6.2203E-01  3.7514E-01  3.4751E+01  7.2558E-01  1.7325E+02  5.4722E+01 -1.5598E+02
  6.2350E-01  3.8004E-01  3.4751E+01  7.2555E-01  1.7325E+02  5.4722E+01 -1.5597E+02
  6.2508E-01  3.8531E-01  3.4751E+01  7.2552E-01  1.7325E+02  5.4722E+01 -1.5597E+02
  6.2654E-01  3.9021E-01  3.4751E+01  7.2549E-01  1.7325E+02  5.4723E+01 -1.5597E+02
  6.2801E-01  3.9511E-01  3.4751E+01  7.2546E-01  1.7325E+02  5.4723E+01 -1.5597E+02
  6.2948E-01  4.0001E-01  3.4751E+01  7.2543E-01  1.7325E+02  5.4723E+01 -1.5597E+02
  6.3095E-01  4.0491E-01  3.4751E+01  7.2541E-01  1.7325E+02  5.4723E+01 -1.5596E+02
  6.3242E-01  4.0981E-01  3.4751E+01  7.2538E-01  1.7325E+02  5.4723E+01 -1.5596E+02
  6.3389E-01  4.1471E-01  3.4751E+01  7.2535E-01  1.7325E+02  5.4724E+01 -1.5596E+02
  6.3536E-01  4.1961E-01  3.4751E+01  7.2532E-01  1.7325E+02  5.4724E+01 -1.5596E+02
  6.3683E-01  4.2451E-01  3.4751E+01  7.2530E-01  1.7325E+02  5.4724E+01 -1.5596E+02
  6.3840E-01  4.2977E-01  3.4751E+01  7.2527E-01  1.7325E+02  5.4724E+01 -1.5596E+02
  6.3987E-01  4.3467E-01  3.4751E+01  7.2524E-01  1.7325E+02  5.4724E+01 -1.5596E+02
  6.4134E-01  4.3957E-01  3.4751E+01  7.2521E-01  1.7325E+02  5.4724E+01 -1.5595E+02
  6.4281E-01  4.4447E-01  3.4751E+01  7.2518E-01  1.7325E+02  5.4724E+01 -1.5595E+02
  6.4428E-01  4.4937E-01  3.4751E+01  7.2516E-01  1.7325E+02  5.4724E+01 -1.5595E+02
  6.4575E-01  4.5427E-01  3.4751E+01  7.2513E-01  1.7325E+02  5.4724E+01 -1.5595E+02
  6.4722E-01  4.5917E-01  3.4751E+01  7.2510E-01  1.7325E+02  5.4724E+01 -1.5595E+02
  6.4869E-01  4.6407E-01  3.4751E+01  7.2507E-01  1.7325E+02  5.4724E+01 -1.5595E+02
  6.5016E-01  4.6897E-01  3.4751E+01  7.2505E-01  1.7325E+02  5.4724E+01 -1.5594E+02
  6.5173E-01  4.7424E-01  3.4751E+01  7.2502E-01  1.7325E+02  5.4724E+01 -1.5594E+02
  6.5320E-01  4.7914E-01  3.4751E+01  7.2499E-01  1.7325E+02  5.4724E+01 -1.5594E+02
  6.5467E-01  4.8404E-01  3.4751E+01  7.2496E-01  1.7325E+02  5.4724E+01 -1.5594E+02
  6.5614E-01  4.8894E-01  3.4751E+01  7.2494E-01  1.7325E+02  5.4724E+01 -1.5594E+02
  6.5761E-01  4.9384E-01  3.4751E+01  7.2491E-01  1.7325E+02  5.4724E+01 -1.5594E+02
  6.5908E-01  4.9874E-01  3.4751E+01  7.2488E-01  1.7325E+02  5.4723E+01 -1.5593E+02
  6.6055E-01  5.0364E-01  3.4751E+01  7.2485E-01  1.7325E+02  5.4723E+01 -1.5593E+02
  6.6201E-01  5.0854E-01  3.4751E+01  7.2483E-01  1.7325E+02  5.4723E+01 -1.5593E+02
  6.6348E-01  5.1344E-01  3.4751E+01  7.2480E-01  1.7325E+02  5.4723E+01 -1.5593E+02
  6.6506E-01  5.1870E-01  3.4751E+01  7.2477E-01  1.7325E+02  5.4723E+01 -1.5593E+02
  6.6653E-01  5.2360E-01  3.4751E+01  7.2474E-01  1.7325E+02  5.4722E+01 -1.5593E+02
  6.6800E-01  5.2850E-01  3.4751E+01  7.2471E-01  1.7325E+02  5.4722E+01 -1.5593E+02
  6.6947E-01  5.3340E-01  3.4751E+01  7.2469E-01  1.7325E+02  5.4722E+01 -1.5592E+02
  6.7094E-01  5.3830E-01  3.4751E+01  7.2466E-01  1.7325E+02  5.4722E+01 -1.5592E+02
  6.7241E-01  5.4320E-01  3.4751E+01  7.2463E-01  1.7325E+02  5.4721E+01 -1.5592E+02
  6.7387E-01  5.4810E-01  3.4751E+01  7.2460E-01  1.7325E+02  5.4721E+01 -1.5592E+02
  6.7534E-01  5.5300E-01  3.4751E+01  7.2457E-01  1.7325E+02  5.4721E+01 -1.5592E+02
  6.7681E-01  5.5790E-01  3.4751E+01  7.2455E-01  1.7324E+02  5.4720E+01 -1.5592E+02
  6.7839E-01  5.6317E-01  3.4751E+01  7.2451E-01  1.7324E+02  5.4720E+01 -1.5591E+02
  6.7986E-01  5.6807E-01  3.4751E+01  7.2449E-01  1.7324E+02  5.4720E+01 -1.5591E+02
  6.8133E-01  5.7297E-01  3.4751E+01  7.2446E-01  1.7324E+02  5.4719E+01 -1.5591E+02
  6.8280E-01  5.7787E-01  3.4751E+01  7.2443E-01  1.7324E+02  5.4719E+01 -1.5591E+02
  6.8427E-01  5.8277E-01  3.4751E+01  7.2440E-01  1.7324E+02  5.4718E+01 -1.5591E+02
  6.8573E-01  5.8767E-01  3.4751E+01  7.2437E-01  1.7324E+02  5.4718E+01 -1.5591E+02
  6.8720E-01  5.9257E-01  3.4751E+01  7.2434E-01  1.7324E+02  5.4717E+01 -1.5591E+02
  6.8867E-01  5.9747E-01  3.4751E+01  7.2431E-01  1.7324E+02  5.4717E+01 -1.5590E+02
  6.9014E-01  6.0237E-01  3.4751E+01  7.2428E-01  1.7324E+02  5.4717E+01 -1.5590E+02
  6.9172E-01  6.0763E-01  3.4751E+01  7.2425E-01  1.7324E+02  5.4716E+01 -1.5590E+02
  6.9319E-01  6.1253E-01  3.4751E+01  7.2422E-01  1.7324E+02  5.4715E+01 -1.5590E+02
  6.9466E-01  6.1743E-01  3.4751E+01  7.2419E-01  1.7324E+02  5.4715E+01 -1.5590E+02
  6.9613E-01  6.2233E-01  3.4751E+01  7.2416E-01  1.7324E+02  5.4714E+01 -1.5590E+02
  6.9759E-01  6.2723E-01  3.4751E+01  7.2413E-01  1.7324E+02  5.4714E+01 -1.5589E+02
  6.9906E-01  6.3213E-01  3.4751E+01  7.2410E-01  1.7324E+02  5.4713E+01 -1.5589E+02
  7.0053E-01  6.3703E-01  3.4751E+01  7.2407E-01  1.7324E+02  5.4713E+01 -1.5589E+02
  7.0200E-01  6.4193E-01  3.4751E+01  7.2404E-01  1.7324E+02  5.4712E+01 -1.5589E+02
  7.0347E-01  6.4683E-01  3.4751E+01  7.2401E-01  1.7324E+02  5.4711E+01 -1.5589E+02
  7.0505E-01  6.5210E-01  3.4751E+01  7.2397E-01  1.7324E+02  5.4711E+01 -1.5589E+02
  7.0652E-01  6.5700E-01  3.4751E+01  7.2394E-01  1.7324E+02  5.4710E+01 -1.5589E+02
  7.0799E-01  6.6190E-01  3.4751E+01  7.2391E-01  1.7324E+02  5.4709E+01 -1.5588E+02
  7.0945E-01  6.6680E-01  3.4751E+01  7.2388E-01  1.7324E+02  5.4709E+01 -1.5588E+02
  7.1092E-01  6.7170E-01  3.4751E+01  7.2385E-01  1.7324E+02  5.4708E+01 -1.5588E+02
  7.1239E-01  6.7660E-01  3.4751E+01  7.2382E-01  1.7324E+02  5.4707E+01 -1.5588E+02
  7.1386E-01  6.8150E-01  3.4751E+01  7.2378E-01  1.7324E+02  5.4706E+01 -1.5588E+02
  7.1533E-01  6.8640E-01  3.4751E+01  7.2375E-01  1.7324E+02  5.4706E+01 -1.5588E+02
  7.1680E-01  6.9130E-01  3.4751E+01  7.2372E-01  1.7323E+02  5.4705E+01 -1.5587E+02
  7.1838E-01  6.9656E-01  3.4751E+01  7.2369E-01  1.7323E+02  5.4704E+01 -1.5587E+02
  7.1984E-01  7.0146E-01  3.4750E+01  7.2365E-01  1.7323E+02  5.4704E+01 -1.5587E+02
  7.2131E-01  7.0636E-01  3.4750E+01  7.2362E-01  1.7323E+02  5.4703E+01 -1.5587E+02
  7.2278E-01  7.1126E-01  3.4750E+01  7.2359E-01  1.7323E+02  5.4702E+01 -1.5587E+02
  7.2425E-01  7.1616E-01  3.4750E+01  7.2356E-01  1.7323E+02  5.4701E+01 -1.5586E+02
  7.2572E-01  7.2106E-01  3.4750E+01  7.2353E-01  1.7323E+02  5.4701E+01 -1.5586E+02
  7.2719E-01  7.2596E-01  3.4750E+01  7.2350E-01  1.7323E+02  5.4700E+01 -1.5586E+02
  7.2866E-01  7.3086E-01  3.4750E+01  7.2346E-01  1.7323E+02  5.4699E+01 -1.5586E+02
  7.3013E-01  7.3576E-01  3.4750E+01  7.2343E-01  1.7323E+02  5.4699E+01 -1.5586E+02
  7.3170E-01  7.4103E-01  3.4750E+01  7.2340E-01  1.7323E+02  5.4698E+01 -1.5586E+02
  7.3317E-01  7.4593E-01  3.4750E+01  7.2337E-01  1.7323E+02  5.4697E+01 -1.5585E+02
  7.3464E-01  7.5083E-01  3.4750E+01  7.2333E-01  1.7323E+02  5.4696E+01 -1.5585E+02
  7.3611E-01  7.5573E-01  3.4750E+01  7.2330E-01  1.7323E+02  5.4696E+01 -1.5585E+02
  7.3758E-01  7.6063E-01  3.4750E+01  7.2327E-01  1.7323E+02  5.4695E+01 -1.5585E+02
  7.3905E-01  7.6553E-01  3.4750E+01  7.2324E-01  1.7323E+02  5.4694E+01 -1.5585E+02
  7.4052E-01  7.7043E-01  3.4750E+01  7.2321E-01  1.7323E+02  5.4694E+01 -1.5585E+02
  7.4199E-01  7.7533E-01  3.4750E+01  7.2317E-01  1.7323E+02  5.4693E+01 -1.5584E+02
  7.4345E-01  7.8023E-01  3.4750E+01  7.2314E-01  1.7322E+02  5.4692E+01 -1.5584E+02
  7.4503E-01  7.8549E-01  3.4750E+01  7.2311E-01  1.7322E+02  5.4691E+01 -1.5584E+02
  7.4650E-01  7.9039E-01  3.4750E+01  7.2308E-01  1.7322E+02  5.4691E+01 -1.5584E+02
  7.4797E-01  7.9529E-01  3.4750E+01  7.2305E-01  1.7322E+02  5.4690E+01 -1.5584E+02
  7.4944E-01  8.0019E-01  3.4750E+01  7.2301E-01  1.7322E+02  5.4689E+01 -1.5583E+02
  7.5091E-01  8.0509E-01  3.4750E+01  7.2298E-01  1.7322E+02  5.4688E+01 -1.5583E+02
  7.5238E-01  8.0999E-01  3.4750E+01  7.2295E-01  1.7322E+02  5.4688E+01 -1.5583E+02
  7.5385E-01  8.1489E-01  3.4750E+01  7.2292E-01  1.7322E+02  5.4687E+01 -1.5583E+02
  7.5531E-01  8.1979E-01  3.4750E+01  7.2289E-01  1.7322E+02  5.4686E+01 -1.5583E+02
  7.5678E-01  8.2469E-01  3.4750E+01  7.2285E-01  1.7322E+02  5.4685E+01 -1.5582E+02
  7.5836E-01  8.2996E-01  3.4750E+01  7.2282E-01  1.7322E+02  5.4685E+01 -1.5582E+02
  7.5983E-01  8.3486E-01  3.4750E+01  7.2279E-01  1.7322E+02  5.4684E+01 -1.5582E+02
  7.6130E-01  8.3976E-01  3.4750E+01  7.2276E-01  1.7322E+02  5.4683E+01 -1.5582E+02
  7.6277E-01  8.4466E-01  3.4750E+01  7.2273E-01  1.7322E+02  5.4682E+01 -1.5582E+02
  7.6424E-01  8.4956E-01  3.4750E+01  7.2269E-01  1.7321E+02  5.4682E+01 -1.5582E+02
  7.6571E-01  8.5446E-01  3.4750E+01  7.2266E-01  1.7321E+02  5.4681E+01 -1.5581E+02
  7.6717E-01  8.5936E-01  3.4750E+01  7.2263E-01  1.7321E+02  5.4680E+01 -1.5581E+02
  7.6864E-01  8.6426E-01  3.4750E+01  7.2260E-01  1.7321E+02  5.4679E+01 -1.5581E+02
  7.7011E-01  8.6916E-01  3.4750E+01  7.2257E-01  1.7321E+02  5.4679E+01 -1.5581E+02
  7.7169E-01  8.7442E-01  3.4750E+01  7.2253E-01  1.7321E+02  5.4678E+01 -1.5580E+02
  7.7316E-01  8.7932E-01  3.4750E+01  7.2250E-01  1.7321E+02  5.4677E+01 -1.5580E+02
  7.7463E-01  8.8422E-01  3.4750E+01  7.2247E-01  1.7321E+02  5.4676E+01 -1.5580E+02
  7.7610E-01  8.8912E-01  3.4750E+01  7.2244E-01  1.7321E+02  5.4676E+01 -1.5580E+02
  7.7757E-01  8.9402E-01  3.4750E+01  7.2241E-01  1.7321E+02  5.4675E+01 -1.5580E+02
  7.7903E-01  8.9892E-01  3.4750E+01  7.2237E-01  1.7321E+02  5.4674E+01 -1.5579E+02
  7.8050E-01  9.0382E-01  3.4750E+01  7.2234E-01  1.7321E+02  5.4673E+01 -1.5579E+02
  7.8197E-01  9.0872E-01  3.4750E+01  7.2231E-01  1.7320E+02  5.4672E+01 -1.5579E+02
  7.8344E-01  9.1362E-01  3.4750E+01  7.2228E-01  1.7320E+02  5.4672E+01 -1.5579E+02
  7.8502E-01  9.1889E-01  3.4750E+01  7.2224E-01  1.7320E+02  5.4671E+01 -1.5579E+02
  7.8649E-01  9.2379E-01  3.4750E+01  7.2221E-01  1.7320E+02  5.4670E+01 -1.5578E+02
  7.8796E-01  9.2869E-01  3.4750E+01  7.2218E-01  1.7320E+02  5.4669E+01 -1.5578E+02
  7.8943E-01  9.3359E-01  3.4750E+01  7.2215E-01  1.7320E+02  5.4668E+01 -1.5578E+02
  7.9089E-01  9.3849E-01  3.4750E+01  7.2212E-01  1.7320E+02  5.4668E+01 -1.5578E+02
  7.9236E-01  9.4339E-01  3.4750E+01  7.2209E-01  1.7320E+02  5.4667E+01 -1.5578E+02
  7.9383E-01  9.4829E-01  3.4750E+01  7.2205E-01  1.7320E+02  5.4666E+01 -1.5577E+02
  7.9530E-01  9.5319E-01  3.4750E+01  7.2202E-01  1.7320E+02  5.4665E+01 -1.5577E+02
  7.9677E-01  9.5809E-01  3.4750E+01  7.2199E-01  1.7319E+02  5.4664E+01 -1.5577E+02
  7.9835E-01  9.6335E-01  3.4750E+01  7.2196E-01  1.7319E+02  5.4664E+01 -1.5577E+02
  7.9982E-01  9.6825E-01  3.4750E+01  7.2192E-01  1.7319E+02  5.4663E+01 -1.5576E+02
  8.0128E-01  9.7315E-01  3.4750E+01  7.2189E-01  1.7319E+02  5.4662E+01 -1.5576E+02
  8.0275E-01  9.7805E-01  3.4750E+01  7.2186E-01  1.7319E+02  5.4661E+01 -1.5576E+02
  8.0422E-01  9.8295E-01  3.4750E+01  7.2183E-01  1.7319E+02  5.4660E+01 -1.5576E+02
  8.0569E-01  9.8785E-01  3.4750E+01  7.2180E-01  1.7319E+02  5.4659E+01 -1.5576E+02
  8.0716E-01  9.9275E-01  3.4750E+01  7.2177E-01  1.7319E+02  5.4659E+01 -1.5575E+02
  8.0863E-01  9.9765E-01  3.4750E+01  7.2173E-01  1.7319E+02  5.4658E+01 -1.5575E+02
  8.1010E-01  1.0026E+00  3.4750E+01  7.2170E-01  1.7318E+02  5.4657E+01 -1.5575E+02
  8.1168E-01  1.0078E+00  3.4750E+01  7.2167E-01  1.7318E+02  5.4656E+01 -1.5575E+02
  8.1314E-01  1.0127E+00  3.4750E+01  7.2164E-01  1.7318E+02  5.4655E+01 -1.5574E+02
  8.1461E-01  1.0176E+00  3.4750E+01  7.2161E-01  1.7318E+02  5.4654E+01 -1.5574E+02
  8.1608E-01  1.0225E+00  3.4750E+01  7.2157E-01  1.7318E+02  5.4654E+01 -1.5574E+02
  8.1755E-01  1.0274E+00  3.4750E+01  7.2154E-01  1.7318E+02  5.4653E+01 -1.5574E+02
  8.1902E-01  1.0323E+00  3.4750E+01  7.2151E-01  1.7318E+02  5.4652E+01 -1.5573E+02
  8.2049E-01  1.0372E+00  3.4750E+01  7.2148E-01  1.7318E+02  5.4651E+01 -1.5573E+02
  8.2196E-01  1.0421E+00  3.4750E+01  7.2145E-01  1.7318E+02  5.4650E+01 -1.5573E+02
  8.2343E-01  1.0470E+00  3.4750E+01  7.2142E-01  1.7317E+02  5.4649E+01 -1.5573E+02
  8.2500E-01  1.0523E+00  3.4750E+01  7.2138E-01  1.7317E+02  5.4648E+01 -1.5572E+02
  8.2647E-01  1.0572E+00  3.4750E+01  7.2135E-01  1.7317E+02  5.4647E+01 -1.5572E+02
  8.2794E-01  1.0621E+00  3.4750E+01  7.2132E-01  1.7317E+02  5.4646E+01 -1.5572E+02
  8.2941E-01  1.0670E+00  3.4750E+01  7.2129E-01  1.7317E+02  5.4646E+01 -1.5572E+02
  8.3088E-01  1.0719E+00  3.4750E+01  7.2125E-01  1.7317E+02  5.4645E+01 -1.5571E+02
  8.3235E-01  1.0768E+00  3.4750E+01  7.2122E-01  1.7317E+02  5.4644E+01 -1.5571E+02
  8.3382E-01  1.0817E+00  3.4750E+01  7.2119E-01  1.7316E+02  5.4643E+01 -1.5571E+02
  8.3529E-01  1.0866E+00  3.4750E+01  7.2116E-01  1.7316E+02  5.4642E+01 -1.5571E+02
  8.3675E-01  1.0915E+00  3.4750E+01  7.2113E-01  1.7316E+02  5.4641E+01 -1.5570E+02
  8.3833E-01  1.0967E+00  3.4750E+01  7.2109E-01  1.7316E+02  5.4640E+01 -1.5570E+02
  8.3980E-01  1.1016E+00  3.4750E+01  7.2106E-01  1.7316E+02  5.4639E+01 -1.5570E+02
  8.4127E-01  1.1065E+00  3.4750E+01  7.2103E-01  1.7316E+02  5.4639E+01 -1.5570E+02
  8.4274E-01  1.1114E+00  3.4750E+01  7.2100E-01  1.7316E+02  5.4638E+01 -1.5569E+02
  8.4421E-01  1.1163E+00  3.4750E+01  7.2097E-01  1.7316E+02  5.4637E+01 -1.5569E+02
  8.4568E-01  1.1212E+00  3.4750E+01  7.2094E-01  1.7315E+02  5.4636E+01 -1.5569E+02
  8.4715E-01  1.1261E+00  3.4750E+01  7.2090E-01  1.7315E+02  5.4635E+01 -1.5569E+02
  8.4861E-01  1.1310E+00  3.4750E+01  7.2087E-01  1.7315E+02  5.4634E+01 -1.5568E+02
  8.5008E-01  1.1359E+00  3.4750E+01  7.2084E-01  1.7315E+02  5.4633E+01 -1.5568E+02
  8.5166E-01  1.1412E+00  3.4750E+01  7.2081E-01  1.7315E+02  5.4632E+01 -1.5568E+02
  8.5313E-01  1.1461E+00  3.4750E+01  7.2078E-01  1.7315E+02  5.4631E+01 -1.5568E+02
  8.5460E-01  1.1510E+00  3.4750E+01  7.2074E-01  1.7314E+02  5.4630E+01 -1.5567E+02
  8.5607E-01  1.1559E+00  3.4750E+01  7.2071E-01  1.7314E+02  5.4629E+01 -1.5567E+02
  8.5754E-01  1.1608E+00  3.4750E+01  7.2068E-01  1.7314E+02  5.4628E+01 -1.5567E+02
  8.5901E-01  1.1657E+00  3.4750E+01  7.2065E-01  1.7314E+02  5.4628E+01 -1.5566E+02
  8.6047E-01  1.1706E+00  3.4750E+01  7.2062E-01  1.7314E+02  5.4627E+01 -1.5566E+02
  8.6194E-01  1.1755E+00  3.4750E+01  7.2059E-01  1.7314E+02  5.4626E+01 -1.5566E+02
  8.6341E-01  1.1804E+00  3.4750E+01  7.2055E-01  1.7314E+02  5.4625E+01 -1.5566E+02
  8.6499E-01  1.1857E+00  3.4750E+01  7.2052E-01  1.7313E+02  5.4624E+01 -1.5565E+02
  8.6646E-01  1.1906E+00  3.4750E+01  7.2049E-01  1.7313E+02  5.4623E+01 -1.5565E+02
  8.6793E-01  1.1955E+00  3.4750E+01  7.2046E-01  1.7313E+02  5.4622E+01 -1.5565E+02
  8.6940E-01  1.2004E+00  3.4750E+01  7.2043E-01  1.7313E+02  5.4621E+01 -1.5564E+02
  8.7087E-01  1.2053E+00  3.4750E+01  7.2039E-01  1.7313E+02  5.4620E+01 -1.5564E+02
  8.7233E-01  1.2102E+00  3.4750E+01  7.2036E-01  1.7313E+02  5.4619E+01 -1.5564E+02
  8.7380E-01  1.2151E+00  3.4750E+01  7.2033E-01  1.7312E+02  5.4618E+01 -1.5564E+02
  8.7527E-01  1.2200E+00  3.4750E+01  7.2030E-01  1.7312E+02  5.4617E+01 -1.5563E+02
  8.7674E-01  1.2249E+00  3.4750E+01  7.2027E-01  1.7312E+02  5.4616E+01 -1.5563E+02
  8.7832E-01  1.2301E+00  3.4750E+01  7.2023E-01  1.7312E+02  5.4615E+01 -1.5563E+02
  8.7979E-01  1.2350E+00  3.4750E+01  7.2020E-01  1.7312E+02  5.4614E+01 -1.5562E+02
  8.8126E-01  1.2399E+00  3.4750E+01  7.2017E-01  1.7312E+02  5.4613E+01 -1.5562E+02
  8.8272E-01  1.2448E+00  3.4750E+01  7.2014E-01  1.7311E+02  5.4612E+01 -1.5562E+02
  8.8419E-01  1.2497E+00  3.4750E+01  7.2011E-01  1.7311E+02  5.4611E+01 -1.5562E+02
  8.8566E-01  1.2546E+00  3.4750E+01  7.2008E-01  1.7311E+02  5.4611E+01 -1.5561E+02
  8.8713E-01  1.2595E+00  3.4750E+01  7.2004E-01  1.7311E+02  5.4610E+01 -1.5561E+02
  8.8860E-01  1.2644E+00  3.4750E+01  7.2001E-01  1.7311E+02  5.4609E+01 -1.5561E+02
  8.9007E-01  1.2693E+00  3.4750E+01  7.1998E-01  1.7310E+02  5.4608E+01 -1.5560E+02
  8.9165E-01  1.2746E+00  3.4750E+01  7.1995E-01  1.7310E+02  5.4607E+01 -1.5560E+02
  8.9312E-01  1.2795E+00  3.4750E+01  7.1992E-01  1.7310E+02  5.4606E+01 -1.5560E+02
  8.9458E-01  1.2844E+00  3.4750E+01  7.1989E-01  1.7310E+02  5.4605E+01 -1.5559E+02
  8.9605E-01  1.2893E+00  3.4750E+01  7.1986E-01  1.7310E+02  5.4604E+01 -1.5559E+02
  8.9752E-01  1.2942E+00  3.4750E+01  7.1983E-01  1.7310E+02  5.4603E+01 -1.5559E+02
  8.9899E-01  1.2991E+00  3.4750E+01  7.1980E-01  1.7309E+02  5.4603E+01 -1.5559E+02
  9.0046E-01  1.3040E+00  3.4750E+01  7.1978E-01  1.7309E+02  5.4602E+01 -1.5558E+02
  9.0193E-01  1.3089E+00  3.4750E+01  7.1975E-01  1.7309E+02  5.4601E+01 -1.5558E+02
  9.0340E-01  1.3138E+00  3.4750E+01  7.1972E-01  1.7309E+02  5.4600E+01 -1.5558E+02
  9.0498E-01  1.3191E+00  3.4750E+01  7.1970E-01  1.7309E+02  5.4600E+01 -1.5557E+02
  9.0644E-01  1.3240E+00  3.4750E+01  7.1967E-01  1.7308E+02  5.4599E+01 -1.5557E+02
  9.0791E-01  1.3289E+00  3.4750E+01  7.1965E-01  1.7308E+02  5.4599E+01 -1.5557E+02
  9.0938E-01  1.3338E+00  3.4750E+01  7.1963E-01  1.7308E+02  5.4598E+01 -1.5557E+02
  9.1085E-01  1.3387E+00  3.4750E+01  7.1961E-01  1.7308E+02  5.4598E+01 -1.5556E+02
  9.1232E-01  1.3436E+00  3.4750E+01  7.1959E-01  1.7308E+02  5.4597E+01 -1.5556E+02
  9.1379E-01  1.3485E+00  3.4750E+01  7.1957E-01  1.7308E+02  5.4597E+01 -1.5556E+02
  9.1526E-01  1.3534E+00  3.4750E+01  7.1955E-01  1.7307E+02  5.4597E+01 -1.5556E+02
  9.1673E-01  1.3583E+00  3.4750E+01  7.1954E-01  1.7307E+02  5.4596E+01 -1.5555E+02
  9.1830E-01  1.3635E+00  3.4750E+01  7.1952E-01  1.7307E+02  5.4596E+01 -1.5555E+02
  9.1977E-01  1.3684E+00  3.4750E+01  7.1950E-01  1.7307E+02  5.4596E+01 -1.5555E+02
  9.2124E-01  1.3733E+00  3.4750E+01  7.1949E-01  1.7307E+02  5.4595E+01 -1.5555E+02
  9.2271E-01  1.3782E+00  3.4750E+01  7.1948E-01  1.7307E+02  5.4595E+01 -1.5555E+02
  9.2418E-01  1.3831E+00  3.4750E+01  7.1947E-01  1.7307E+02  5.4595E+01 -1.5554E+02
  9.2565E-01  1.3880E+00  3.4750E+01  7.1945E-01  1.7306E+02  5.4595E+01 -1.5554E+02
  9.2712E-01  1.3929E+00  3.4750E+01  7.1944E-01  1.7306E+02  5.4595E+01 -1.5554E+02
  9.2859E-01  1.3978E+00  3.4750E+01  7.1943E-01  1.7306E+02  5.4595E+01 -1.5554E+02
  9.3005E-01  1.4027E+00  3.4750E+01  7.1942E-01  1.7306E+02  5.4594E+01 -1.5554E+02
  9.3163E-01  1.4080E+00  3.4750E+01  7.1941E-01  1.7306E+02  5.4594E+01 -1.5553E+02
  9.3310E-01  1.4129E+00  3.4750E+01  7.1941E-01  1.7306E+02  5.4594E+01 -1.5553E+02
  9.3457E-01  1.4178E+00  3.4750E+01  7.1940E-01  1.7306E+02  5.4594E+01 -1.5553E+02
  9.3604E-01  1.4227E+00  3.4750E+01  7.1939E-01  1.7306E+02  5.4594E+01 -1.5553E+02
  9.3751E-01  1.4276E+00  3.4750E+01  7.1939E-01  1.7306E+02  5.4594E+01 -1.5553E+02
  9.3898E-01  1.4325E+00  3.4750E+01  7.1938E-01  1.7305E+02  5.4594E+01 -1.5553E+02
  9.4045E-01  1.4374E+00  3.4750E+01  7.1938E-01  1.7305E+02  5.4594E+01 -1.5552E+02
  9.4191E-01  1.4423E+00  3.4750E+01  7.1937E-01  1.7305E+02  5.4594E+01 -1.5552E+02
  9.4338E-01  1.4472E+00  3.4750E+01  7.1937E-01  1.7305E+02  5.4594E+01 -1.5552E+02
  9.4496E-01  1.4525E+00  3.4750E+01  7.1936E-01  1.7305E+02  5.4595E+01 -1.5552E+02
  9.4643E-01  1.4574E+00  3.4750E+01  7.1936E-01  1.7305E+02  5.4595E+01 -1.5552E+02
  9.4790E-01  1.4623E+00  3.4750E+01  7.1936E-01  1.7305E+02  5.4595E+01 -1.5552E+02
  9.4937E-01  1.4672E+00  3.4750E+01  7.1935E-01  1.7305E+02  5.4595E+01 -1.5552E+02
  9.5084E-01  1.4721E+00  3.4750E+01  7.1935E-01  1.7305E+02  5.4595E+01 -1.5552E+02
  9.5231E-01  1.4770E+00  3.4750E+01  7.1935E-01  1.7305E+02  5.4595E+01 -1.5552E+02
  9.5377E-01  1.4819E+00  3.4750E+01  7.1935E-01  1.7305E+02  5.4595E+01 -1.5551E+02
  9.5524E-01  1.4868E+00  3.4750E+01  7.1934E-01  1.7305E+02  5.4595E+01 -1.5551E+02
  9.5671E-01  1.4917E+00  3.4750E+01  7.1934E-01  1.7304E+02  5.4595E+01 -1.5551E+02
  9.5829E-01  1.4969E+00  3.4750E+01  7.1934E-01  1.7304E+02  5.4595E+01 -1.5551E+02
  9.5976E-01  1.5018E+00  3.4750E+01  7.1934E-01  1.7304E+02  5.4595E+01 -1.5551E+02
  9.6123E-01  1.5067E+00  3.4750E+01  7.1934E-01  1.7304E+02  5.4595E+01 -1.5551E+02
  9.6270E-01  1.5116E+00  3.4750E+01  7.1934E-01  1.7304E+02  5.4595E+01 -1.5551E+02
  9.6417E-01  1.5165E+00  3.4750E+01  7.1933E-01  1.7304E+02  5.4595E+01 -1.5551E+02
  9.6563E-01  1.5214E+00  3.4750E+01  7.1933E-01  1.7304E+02  5.4596E+01 -1.5551E+02
  9.6710E-01  1.5263E+00  3.4750E+01  7.1933E-01  1.7304E+02  5.4596E+01 -1.5551E+02
  9.6857E-01  1.5312E+00  3.4750E+01  7.1933E-01  1.7304E+02  5.4596E+01 -1.5551E+02
  9.7004E-01  1.5361E+00  3.4750E+01  7.1933E-01  1.7304E+02  5.4596E+01 -1.5551E+02
  9.7162E-01  1.5414E+00  3.4750E+01  7.1932E-01  1.7304E+02  5.4596E+01 -1.5551E+02
  9.7309E-01  1.5463E+00  3.4750E+01  7.1932E-01  1.7304E+02  5.4596E+01 -1.5551E+02
  9.7456E-01  1.5512E+00  3.4750E+01  7.1932E-01  1.7304E+02  5.4596E+01 -1.5551E+02
  9.7602E-01  1.5561E+00  3.4750E+01  7.1932E-01  1.7304E+02  5.4596E+01 -1.5551E+02
  9.7749E-01  1.5610E+00  3.4750E+01  7.1931E-01  1.7304E+02  5.4595E+01 -1.5551E+02
  9.7896E-01  1.5659E+00  3.4750E+01  7.1931E-01  1.7304E+02  5.4595E+01 -1.5551E+02
  9.8043E-01  1.5708E+00  3.4750E+01  7.1931E-01  1.7304E+02  5.4595E+01 -1.5551E+02
  9.8190E-01  1.5757E+00  3.4750E+01  7.1930E-01  1.7304E+02  5.4595E+01 -1.5551E+02
  9.8337E-01  1.5806E+00  3.4750E+01  7.1930E-01  1.7304E+02  5.4595E+01 -1.5551E+02
  9.8495E-01  1.5859E+00  3.4750E+01  7.1929E-01  1.7304E+02  5.4595E+01 -1.5551E+02
  9.8642E-01  1.5908E+00  3.4750E+01  7.1929E-01  1.7304E+02  5.4595E+01 -1.5551E+02
  9.8788E-01  1.5957E+00  3.4750E+01  7.1928E-01  1.7304E+02  5.4594E+01 -1.5551E+02
  9.8935E-01  1.6006E+00  3.4750E+01  7.1928E-01  1.7304E+02  5.4594E+01 -1.5551E+02
  9.9082E-01  1.6055E+00  3.4750E+01  7.1927E-01  1.7304E+02  5.4594E+01 -1.5551E+02
  9.9229E-01  1.6104E+00  3.4750E+01  7.1926E-01  1.7304E+02  5.4594E+01 -1.5551E+02
  9.9376E-01  1.6153E+00  3.4750E+01  7.1925E-01  1.7304E+02  5.4593E+01 -1.5551E+02
  9.9523E-01  1.6202E+00  3.4750E+01  7.1924E-01  1.7304E+02  5.4593E+01 -1.5551E+02
  9.9670E-01  1.6251E+00  3.4750E+01  7.1924E-01  1.7304E+02  5.4593E+01 -1.5551E+02
  9.9828E-01  1.6303E+00  3.4750E+01  7.1923E-01  1.7305E+02  5.4592E+01 -1.5551E+02
  9.9974E-01  1.6352E+00  3.4750E+01  7.1922E-01  1.7305E+02  5.4592E+01 -1.5551E+02
  1.0012E+00  1.6401E+00  3.4750E+01  7.1921E-01  1.7305E+02  5.4592E+01 -1.5551E+02
  1.0027E+00  1.6450E+00  3.4750E+01  7.1920E-01  1.7305E+02  5.4591E+01 -1.5551E+02
  1.0042E+00  1.6499E+00  3.4750E+01  7.1919E-01  1.7305E+02  5.4591E+01 -1.5551E+02
  1.0056E+00  1.6548E+00  3.4750E+01  7.1918E-01  1.7305E+02  5.4591E+01 -1.5551E+02
  1.0071E+00  1.6597E+00  3.4750E+01  7.1917E-01  1.7305E+02  5.4590E+01 -1.5551E+02
  1.0086E+00  1.6646E+00  3.4750E+01  7.1916E-01  1.7305E+02  5.4590E+01 -1.5551E+02
  1.0100E+00  1.6695E+00  3.4750E+01  7.1915E-01  1.7305E+02  5.4590E+01 -1.5551E+02
  1.0116E+00  1.6748E+00  3.4750E+01  7.1914E-01  1.7305E+02  5.4589E+01 -1.5551E+02
  1.0131E+00  1.6797E+00  3.4750E+01  7.1913E-01  1.7305E+02  5.4589E+01 -1.5551E+02
  1.0145E+00  1.6846E+00  3.4750E+01  7.1912E-01  1.7305E+02  5.4589E+01 -1.5551E+02
  1.0160E+00  1.6895E+00  3.4750E+01  7.1911E-01  1.7305E+02  5.4588E+01 -1.5551E+02
  1.0175E+00  1.6944E+00  3.4750E+01  7.1910E-01  1.7305E+02  5.4588E+01 -1.5551E+02
  1.0189E+00  1.6993E+00  3.4750E+01  7.1909E-01  1.7305E+02  5.4588E+01 -1.5551E+02
  1.0204E+00  1.7042E+00  3.4750E+01  7.1908E-01  1.7305E+02  5.4587E+01 -1.5551E+02
  1.0219E+00  1.7091E+00  3.4750E+01  7.1907E-01  1.7305E+02  5.4587E+01 -1.5552E+02
  1.0234E+00  1.7140E+00  3.4750E+01  7.1906E-01  1.7305E+02  5.4587E+01 -1.5552E+02
  1.0249E+00  1.7193E+00  3.4750E+01  7.1905E-01  1.7306E+02  5.4586E+01 -1.5552E+02
  1.0264E+00  1.7242E+00  3.4750E+01  7.1904E-01  1.7306E+02  5.4586E+01 -1.5552E+02
  1.0279E+00  1.7291E+00  3.4750E+01  7.1903E-01  1.7306E+02  5.4586E+01 -1.5552E+02
  1.0293E+00  1.7340E+00  3.4750E+01  7.1902E-01  1.7306E+02  5.4585E+01 -1.5552E+02
  1.0308E+00  1.7389E+00  3.4750E+01  7.1901E-01  1.7306E+02  5.4585E+01 -1.5552E+02
  1.0323E+00  1.7438E+00  3.4750E+01  7.1900E-01  1.7306E+02  5.4585E+01 -1.5552E+02
  1.0337E+00  1.7487E+00  3.4750E+01  7.1899E-01  1.7306E+02  5.4585E+01 -1.5552E+02
  1.0352E+00  1.7536E+00  3.4750E+01  7.1898E-01  1.7306E+02  5.4584E+01 -1.5552E+02
  1.0367E+00  1.7585E+00  3.4750E+01  7.1897E-01  1.7306E+02  5.4584E+01 -1.5552E+02
  1.0383E+00  1.7637E+00  3.4750E+01  7.1896E-01  1.7306E+02  5.4584E+01 -1.5552E+02
  1.0397E+00  1.7686E+00  3.4750E+01  7.1895E-01  1.7306E+02  5.4583E+01 -1.5552E+02
  1.0412E+00  1.7735E+00  3.4750E+01  7.1894E-01  1.7306E+02  5.4583E+01 -1.5552E+02
  1.0427E+00  1.7784E+00  3.4750E+01  7.1893E-01  1.7306E+02  5.4583E+01 -1.5552E+02
  1.0441E+00  1.7833E+00  3.4750E+01  7.1892E-01  1.7306E+02  5.4583E+01 -1.5552E+02
  1.0456E+00  1.7882E+00  3.4750E+01  7.1891E-01  1.7306E+02  5.4582E+01 -1.5552E+02
  1.0471E+00  1.7931E+00  3.4750E+01  7.1890E-01  1.7307E+02  5.4582E+01 -1.5552E+02
  1.0485E+00  1.7980E+00  3.4750E+01  7.1889E-01  1.7307E+02  5.4582E+01 -1.5552E+02
  1.0500E+00  1.8029E+00  3.4750E+01  7.1888E-01  1.7307E+02  5.4582E+01 -1.5552E+02
  1.0516E+00  1.8082E+00  3.4750E+01  7.1887E-01  1.7307E+02  5.4581E+01 -1.5552E+02
  1.0531E+00  1.8131E+00  3.4750E+01  7.1886E-01  1.7307E+02  5.4581E+01 -1.5552E+02
  1.0545E+00  1.8180E+00  3.4750E+01  7.1885E-01  1.7307E+02  5.4581E+01 -1.5553E+02
  1.0560E+00  1.8229E+00  3.4750E+01  7.1884E-01  1.7307E+02  5.4581E+01 -1.5553E+02
  1.0575E+00  1.8278E+00  3.4750E+01  7.1883E-01  1.7307E+02  5.4580E+01 -1.5553E+02
  1.0589E+00  1.8327E+00  3.4750E+01  7.1882E-01  1.7307E+02  5.4580E+01 -1.5553E+02
  1.0604E+00  1.8376E+00  3.4750E+01  7.1881E-01  1.7307E+02  5.4580E+01 -1.5553E+02
  1.0619E+00  1.8425E+00  3.4750E+01  7.1880E-01  1.7307E+02  5.4580E+01 -1.5553E+02
  1.0633E+00  1.8474E+00  3.4750E+01  7.1879E-01  1.7307E+02  5.4580E+01 -1.5553E+02
  1.0649E+00  1.8526E+00  3.4750E+01  7.1878E-01  1.7308E+02  5.4579E+01 -1.5553E+02
  1.0664E+00  1.8575E+00  3.4750E+01  7.1877E-01  1.7308E+02  5.4579E+01 -1.5553E+02
  1.0679E+00  1.8624E+00  3.4750E+01  7.1876E-01  1.7308E+02  5.4579E+01 -1.5553E+02
  1.0693E+00  1.8673E+00  3.4750E+01  7.1875E-01  1.7308E+02  5.4579E+01 -1.5553E+02
  1.0708E+00  1.8722E+00  3.4750E+01  7.1874E-01  1.7308E+02  5.4578E+01 -1.5553E+02
  1.0723E+00  1.8771E+00  3.4750E+01  7.1873E-01  1.7308E+02  5.4578E+01 -1.5553E+02
  1.0737E+00  1.8820E+00  3.4750E+01  7.1872E-01  1.7308E+02  5.4578E+01 -1.5553E+02
  1.0752E+00  1.8869E+00  3.4750E+01  7.1871E-01  1.7308E+02  5.4578E+01 -1.5553E+02
  1.0767E+00  1.8918E+00  3.4750E+01  7.1870E-01  1.7308E+02  5.4578E+01 -1.5553E+02
  1.0782E+00  1.8971E+00  3.4750E+01  7.1869E-01  1.7308E+02  5.4577E+01 -1.5554E+02
  1.0797E+00  1.9020E+00  3.4750E+01  7.1868E-01  1.7309E+02  5.4577E+01 -1.5554E+02
  1.0812E+00  1.9069E+00  3.4750E+01  7.1867E-01  1.7309E+02  5.4577E+01 -1.5554E+02
  1.0827E+00  1.9118E+00  3.4750E+01  7.1866E-01  1.7309E+02  5.4577E+01 -1.5554E+02
  1.0841E+00  1.9167E+00  3.4750E+01  7.1865E-01  1.7309E+02  5.4577E+01 -1.5554E+02
  1.0856E+00  1.9216E+00  3.4750E+01  7.1864E-01  1.7309E+02  5.4577E+01 -1.5554E+02
  1.0871E+00  1.9265E+00  3.4750E+01  7.1863E-01  1.7309E+02  5.4576E+01 -1.5554E+02
  1.0885E+00  1.9314E+00  3.4750E+01  7.1862E-01  1.7309E+02  5.4576E+01 -1.5554E+02
  1.0900E+00  1.9363E+00  3.4750E+01  7.1861E-01  1.7309E+02  5.4576E+01 -1.5554E+02
  1.0916E+00  1.9416E+00  3.4750E+01  7.1860E-01  1.7309E+02  5.4576E+01 -1.5554E+02
  1.0930E+00  1.9465E+00  3.4750E+01  7.1859E-01  1.7310E+02  5.4576E+01 -1.5554E+02
  1.0945E+00  1.9514E+00  3.4750E+01  7.1858E-01  1.7310E+02  5.4576E+01 -1.5554E+02
  1.0960E+00  1.9563E+00  3.4750E+01  7.1857E-01  1.7310E+02  5.4575E+01 -1.5555E+02
  1.0975E+00  1.9612E+00  3.4750E+01  7.1856E-01  1.7310E+02  5.4575E+01 -1.5555E+02
  1.0989E+00  1.9661E+00  3.4750E+01  7.1855E-01  1.7310E+02  5.4575E+01 -1.5555E+02
  1.1004E+00  1.9710E+00  3.4750E+01  7.1854E-01  1.7310E+02  5.4575E+01 -1.5555E+02
  1.1019E+00  1.9759E+00  3.4750E+01  7.1853E-01  1.7310E+02  5.4575E+01 -1.5555E+02
  1.1033E+00  1.9808E+00  3.4750E+01  7.1852E-01  1.7310E+02  5.4575E+01 -1.5555E+02
  1.1049E+00  1.9860E+00  3.4750E+01  7.1851E-01  1.7310E+02  5.4575E+01 -1.5555E+02
  1.1064E+00  1.9909E+00  3.4750E+01  7.1850E-01  1.7311E+02  5.4575E+01 -1.5555E+02
  1.1078E+00  1.9958E+00  3.4750E+01  7.1849E-01  1.7311E+02  5.4574E+01 -1.5555E+02
  1.1093E+00  2.0007E+00  3.4750E+01  7.1848E-01  1.7311E+02  5.4574E+01 -1.5555E+02
  1.1108E+00  2.0056E+00  3.4750E+01  7.1847E-01  1.7311E+02  5.4574E+01 -1.5555E+02
  1.1122E+00  2.0105E+00  3.4750E+01  7.1846E-01  1.7311E+02  5.4574E+01 -1.5556E+02
  1.1137E+00  2.0154E+00  3.4750E+01  7.1845E-01  1.7311E+02  5.4574E+01 -1.5556E+02
  1.1152E+00  2.0203E+00  3.4750E+01  7.1844E-01  1.7311E+02  5.4574E+01 -1.5556E+02
  1.1167E+00  2.0252E+00  3.4750E+01  7.1843E-01  1.7311E+02  5.4574E+01 -1.5556E+02
  1.1182E+00  2.0305E+00  3.4750E+01  7.1842E-01  1.7312E+02  5.4574E+01 -1.5556E+02
  1.1197E+00  2.0354E+00  3.4750E+01  7.1841E-01  1.7312E+02  5.4574E+01 -1.5556E+02
  1.1212E+00  2.0403E+00  3.4750E+01  7.1840E-01  1.7312E+02  5.4573E+01 -1.5556E+02
  1.1242E+00  2.0503E+00  3.4750E+01  7.1838E-01  1.7312E+02  5.4573E+01 -1.5556E+02
