 -4.3086E-01 -3.3676E+00 -1.3284E-02  6.1957E-01  4.9594E-01  1.0799E+00 -4.9465E-01
 -4.2937E-01 -3.3606E+00 -1.3271E-02  6.1883E-01  4.9594E-01  1.0799E+00 -4.9465E-01
 -4.2789E-01 -3.3536E+00 -1.3258E-02  6.1810E-01  4.9594E-01  1.0799E+00 -4.9464E-01
 -4.2640E-01 -3.3466E+00 -1.3245E-02  6.1737E-01  4.9593E-01  1.0798E+00 -4.9463E-01
 -4.2492E-01 -3.3396E+00 -1.3233E-02  6.1663E-01  4.9593E-01  1.0798E+00 -4.9463E-01
 -4.2344E-01 -3.3326E+00 -1.3220E-02  6.1590E-01  4.9592E-01  1.0798E+00 -4.9462E-01
 -4.2196E-01 -3.3256E+00 -1.3207E-02  6.1517E-01  4.9592E-01  1.0798E+00 -4.9461E-01
 -4.2047E-01 -3.3187E+00 -1.3194E-02  6.1443E-01  4.9592E-01  1.0798E+00 -4.9461E-01
 -4.1899E-01 -3.3117E+00 -1.3181E-02  6.1370E-01  4.9591E-01  1.0797E+00 -4.9460E-01
 -4.1751E-01 -3.3047E+00 -1.3168E-02  6.1297E-01  4.9591E-01  1.0797E+00 -4.9459E-01
 -4.1603E-01 -3.2977E+00 -1.3155E-02  6.1223E-01  4.9590E-01  1.0797E+00 -4.9458E-01
 -4.1455E-01 -3.2907E+00 -1.3143E-02  6.1150E-01  4.9590E-01  1.0797E+00 -4.9458E-01
 -4.1307E-01 -3.2837E+00 -1.3130E-02  6.1077E-01  4.9590E-01  1.0796E+00 -4.9457E-01
 -4.1159E-01 -3.2767E+00 -1.3117E-02  6.1004E-01  4.9589E-01  1.0796E+00 -4.9456E-01
 -4.1011E-01 -3.2697E+00 -1.3104E-02  6.0930E-01  4.9589E-01  1.0796E+00 -4.9456E-01
 -4.0863E-01 -3.2628E+00 -1.3091E-02  6.0857E-01  4.9588E-01  1.0796E+00 -4.9455E-01
 -4.0715E-01 -3.2558E+00 -1.3078E-02  6.0784E-01  4.9588E-01  1.0796E+00 -4.9454E-01
 -4.0566E-01 -3.2488E+00 -1.3066E-02  6.0711E-01  4.9588E-01  1.0795E+00 -4.9453E-01
 -4.0418E-01 -3.2418E+00 -1.3053E-02  6.0637E-01  4.9587E-01  1.0795E+00 -4.9453E-01
 -4.0270E-01 -3.2348E+00 -1.3040E-02  6.0564E-01  4.9587E-01  1.0795E+00 -4.9452E-01
 -4.0122E-01 -3.2278E+00 -1.3027E-02  6.0491E-01  4.9586E-01  1.0795E+00 -4.9451E-01
 -3.9974E-01 -3.2208E+00 -1.3014E-02  6.0418E-01  4.9586E-01  1.0795E+00 -4.9451E-01
 -3.9826E-01 -3.2138E+00 -1.3001E-02  6.0344E-01  4.9586E-01  1.0794E+00 -4.9450E-01
 -3.9678E-01 -3.2069E+00 -1.2989E-02  6.0271E-01  4.9585E-01  1.0794E+00 -4.9449E-01
 -3.9530E-01 -3.1999E+00 -1.2976E-02  6.0198E-01  4.9585E-01  1.0794E+00 -4.9448E-01
 -3.9382E-01 -3.1929E+00 -1.2963E-02  6.0125E-01  4.9584E-01  1.0794E+00 -4.9448E-01
 -3.9234E-01 -3.1859E+00 -1.2950E-02  6.0051E-01  4.9584E-01  1.0793E+00 -4.9447E-01
 -3.9086E-01 -3.1789E+00 -1.2937E-02  5.9978E-01  4.9584E-01  1.0793E+00 -4.9446E-01
 -3.8937E-01 -3.1719E+00 -1.2924E-02  5.9905E-01  4.9583E-01  1.0793E+00 -4.9446E-01
 -3.8789E-01 -3.1649E+00 -1.2912E-02  5.9832E-01  4.9583E-01  1.0793E+00 -4.9445E-01
 -3.8641E-01 -3.1580E+00 -1.2899E-02  5.9758E-01  4.9582E-01  1.0793E+00 -4.9444E-01
 -3.8493E-01 -3.1510E+00 -1.2886E-02  5.9685E-01  4.9582E-01  1.0792E+00 -4.9443E-01
 -3.8345E-01 -3.1440E+00 -1.2873E-02  5.9612E-01  4.9582E-01  1.0792E+00 -4.9443E-01
 -3.8197E-01 -3.1370E+00 -1.2860E-02  5.9539E-01  4.9581E-01  1.0792E+00 -4.9442E-01
 -3.8049E-01 -3.1300E+00 -1.2847E-02  5.9466E-01  4.9581E-01  1.0792E+00 -4.9441E-01
 -3.7901E-01 -3.1230E+00 -1.2835E-02  5.9392E-01  4.9579E-01  1.0792E+00 -4.9439E-01
 -3.7753E-01 -3.1160E+00 -1.2822E-02  5.9319E-01  4.9578E-01  1.0791E+00 -4.9437E-01
 -3.7605E-01 -3.1090E+00 -1.2809E-02  5.9246E-01  4.9575E-01  1.0791E+00 -4.9435E-01
 -3.7456E-01 -3.1021E+00 -1.2796E-02  5.9173E-01  4.9572E-01  1.0791E+00 -4.9431E-01
 -3.7308E-01 -3.0951E+00 -1.2783E-02  5.9099E-01  4.9567E-01  1.0791E+00 -4.9426E-01
 -3.7160E-01 -3.0881E+00 -1.2771E-02  5.9026E-01  4.9560E-01  1.0791E+00 -4.9418E-01
 -3.7012E-01 -3.0811E+00 -1.2758E-02  5.8953E-01  4.9549E-01  1.0790E+00 -4.9407E-01
 -3.6864E-01 -3.0741E+00 -1.2745E-02  5.8880E-01  4.9531E-01  1.0790E+00 -4.9389E-01
 -3.6716E-01 -3.0671E+00 -1.2732E-02  5.8807E-01  4.9504E-01  1.0790E+00 -4.9361E-01
 -3.6568E-01 -3.0602E+00 -1.2719E-02  5.8734E-01  4.9460E-01  1.0791E+00 -4.9317E-01
 -3.6420E-01 -3.0532E+00 -1.2707E-02  5.8661E-01  4.9393E-01  1.0791E+00 -4.9250E-01
 -3.6272E-01 -3.0462E+00 -1.2694E-02  5.8588E-01  4.9291E-01  1.0792E+00 -4.9148E-01
 -3.6124E-01 -3.0393E+00 -1.2681E-02  5.8515E-01  4.9144E-01  1.0793E+00 -4.9000E-01
 -3.5976E-01 -3.0323E+00 -1.2668E-02  5.8443E-01  4.8945E-01  1.0793E+00 -4.8800E-01
 -3.5827E-01 -3.0254E+00 -1.2656E-02  5.8370E-01  4.8694E-01  1.0794E+00 -4.8549E-01
 -3.5679E-01 -3.0185E+00 -1.2643E-02  5.8299E-01  4.8404E-01  1.0793E+00 -4.8259E-01
 -3.5531E-01 -3.0116E+00 -1.2631E-02  5.8228E-01  4.8093E-01  1.0793E+00 -4.7947E-01
 -3.5383E-01 -3.0047E+00 -1.2619E-02  5.8157E-01  4.7777E-01  1.0793E+00 -4.7631E-01
 -3.5235E-01 -2.9979E+00 -1.2606E-02  5.8086E-01  4.7471E-01  1.0792E+00 -4.7325E-01
 -3.5087E-01 -2.9911E+00 -1.2594E-02  5.8017E-01  4.7184E-01  1.0792E+00 -4.7037E-01
 -3.4939E-01 -2.9843E+00 -1.2582E-02  5.7947E-01  4.6918E-01  1.0791E+00 -4.6771E-01
 -3.4791E-01 -2.9775E+00 -1.2570E-02  5.7878E-01  4.6672E-01  1.0791E+00 -4.6525E-01
 -3.4653E-01 -2.9712E+00 -1.2559E-02  5.7814E-01  4.6460E-01  1.0791E+00 -4.6313E-01
 -3.4499E-01 -2.9642E+00 -1.2547E-02  5.7743E-01  4.6239E-01  1.0790E+00 -4.6092E-01
 -3.4346E-01 -2.9573E+00 -1.2534E-02  5.7673E-01  4.6035E-01  1.0790E+00 -4.5888E-01
 -3.4207E-01 -2.9510E+00 -1.2523E-02  5.7609E-01  4.5857E-01  1.0789E+00 -4.5711E-01
 -3.4051E-01 -2.9440E+00 -1.2511E-02  5.7538E-01  4.5668E-01  1.0789E+00 -4.5522E-01
 -3.3910E-01 -2.9377E+00 -1.2500E-02  5.7474E-01  4.5505E-01  1.0789E+00 -4.5359E-01
 -3.3754E-01 -2.9307E+00 -1.2488E-02  5.7403E-01  4.5334E-01  1.0789E+00 -4.5187E-01
 -3.3612E-01 -2.9244E+00 -1.2477E-02  5.7339E-01  4.5185E-01  1.0788E+00 -4.5039E-01
 -3.3458E-01 -2.9176E+00 -1.2465E-02  5.7270E-01  4.5025E-01  1.0788E+00 -4.4879E-01
 -3.3315E-01 -2.9113E+00 -1.2453E-02  5.7206E-01  4.4879E-01  1.0788E+00 -4.4734E-01
 -3.3162E-01 -2.9045E+00 -1.2442E-02  5.7137E-01  4.4725E-01  1.0788E+00 -4.4579E-01
 -3.3018E-01 -2.8982E+00 -1.2430E-02  5.7073E-01  4.4582E-01  1.0787E+00 -4.4437E-01
 -3.2874E-01 -2.8919E+00 -1.2419E-02  5.7009E-01  4.4441E-01  1.0787E+00 -4.4296E-01
 -3.2717E-01 -2.8851E+00 -1.2407E-02  5.6940E-01  4.4289E-01  1.0787E+00 -4.4144E-01
 -3.2572E-01 -2.8788E+00 -1.2396E-02  5.6876E-01  4.4151E-01  1.0786E+00 -4.4006E-01
 -3.2427E-01 -2.8725E+00 -1.2385E-02  5.6812E-01  4.4014E-01  1.0786E+00 -4.3869E-01
 -3.2281E-01 -2.8662E+00 -1.2374E-02  5.6748E-01  4.3879E-01  1.0786E+00 -4.3735E-01
 -3.2135E-01 -2.8599E+00 -1.2363E-02  5.6684E-01  4.3746E-01  1.0785E+00 -4.3602E-01
 -3.1977E-01 -2.8531E+00 -1.2351E-02  5.6616E-01  4.3604E-01  1.0785E+00 -4.3460E-01
 -3.1830E-01 -2.8468E+00 -1.2340E-02  5.6552E-01  4.3474E-01  1.0785E+00 -4.3330E-01
 -3.1682E-01 -2.8405E+00 -1.2329E-02  5.6488E-01  4.3345E-01  1.0785E+00 -4.3200E-01
 -3.1534E-01 -2.8342E+00 -1.2318E-02  5.6424E-01  4.3217E-01  1.0784E+00 -4.3073E-01
 -3.1385E-01 -2.8279E+00 -1.2307E-02  5.6360E-01  4.3090E-01  1.0784E+00 -4.2946E-01
 -3.1237E-01 -2.8216E+00 -1.2296E-02  5.6296E-01  4.2965E-01  1.0784E+00 -4.2821E-01
 -3.1088E-01 -2.8154E+00 -1.2285E-02  5.6233E-01  4.2841E-01  1.0783E+00 -4.2697E-01
 -3.0940E-01 -2.8091E+00 -1.2274E-02  5.6170E-01  4.2719E-01  1.0783E+00 -4.2576E-01
 -3.0792E-01 -2.8029E+00 -1.2263E-02  5.6107E-01  4.2599E-01  1.0783E+00 -4.2456E-01
 -3.0644E-01 -2.7967E+00 -1.2252E-02  5.6044E-01  4.2482E-01  1.0782E+00 -4.2338E-01
 -3.0496E-01 -2.7905E+00 -1.2241E-02  5.5981E-01  4.2365E-01  1.0782E+00 -4.2222E-01
 -3.0348E-01 -2.7844E+00 -1.2230E-02  5.5919E-01  4.2251E-01  1.0782E+00 -4.2107E-01
 -3.0200E-01 -2.7782E+00 -1.2219E-02  5.5856E-01  4.2137E-01  1.0782E+00 -4.1994E-01
 -3.0052E-01 -2.7721E+00 -1.2209E-02  5.5794E-01  4.2025E-01  1.0782E+00 -4.1882E-01
 -2.9904E-01 -2.7660E+00 -1.2198E-02  5.5732E-01  4.1915E-01  1.0781E+00 -4.1771E-01
 -2.9756E-01 -2.7599E+00 -1.2187E-02  5.5671E-01  4.1805E-01  1.0781E+00 -4.1662E-01
 -2.9607E-01 -2.7538E+00 -1.2177E-02  5.5609E-01  4.1697E-01  1.0781E+00 -4.1554E-01
 -2.9459E-01 -2.7478E+00 -1.2166E-02  5.5547E-01  4.1590E-01  1.0780E+00 -4.1447E-01
 -2.9311E-01 -2.7417E+00 -1.2155E-02  5.5486E-01  4.1484E-01  1.0780E+00 -4.1341E-01
 -2.9163E-01 -2.7357E+00 -1.2145E-02  5.5425E-01  4.1380E-01  1.0780E+00 -4.1237E-01
 -2.9015E-01 -2.7297E+00 -1.2134E-02  5.5364E-01  4.1278E-01  1.0779E+00 -4.1135E-01
 -2.8877E-01 -2.7241E+00 -1.2124E-02  5.5307E-01  4.1183E-01  1.0779E+00 -4.1040E-01
 -2.8721E-01 -2.7178E+00 -1.2113E-02  5.5243E-01  4.1078E-01  1.0779E+00 -4.0935E-01
 -2.8571E-01 -2.7117E+00 -1.2103E-02  5.5182E-01  4.0978E-01  1.0779E+00 -4.0835E-01
 -2.8432E-01 -2.7061E+00 -1.2093E-02  5.5125E-01  4.0886E-01  1.0779E+00 -4.0744E-01
 -2.8275E-01 -2.6998E+00 -1.2082E-02  5.5061E-01  4.0784E-01  1.0778E+00 -4.0641E-01
 -2.8135E-01 -2.6942E+00 -1.2072E-02  5.5004E-01  4.0694E-01  1.0778E+00 -4.0551E-01
 -2.7978E-01 -2.6879E+00 -1.2061E-02  5.4941E-01  4.0595E-01  1.0778E+00 -4.0452E-01
 -2.7838E-01 -2.6823E+00 -1.2051E-02  5.4884E-01  4.0506E-01  1.0778E+00 -4.0363E-01
 -2.7682E-01 -2.6762E+00 -1.2040E-02  5.4821E-01  4.0409E-01  1.0777E+00 -4.0266E-01
 -2.7541E-01 -2.6706E+00 -1.2030E-02  5.4765E-01  4.0322E-01  1.0777E+00 -4.0179E-01
 -2.7386E-01 -2.6644E+00 -1.2019E-02  5.4702E-01  4.0228E-01  1.0777E+00 -4.0085E-01
 -2.7244E-01 -2.6588E+00 -1.2010E-02  5.4646E-01  4.0143E-01  1.0776E+00 -4.0000E-01
 -2.7090E-01 -2.6527E+00 -1.1999E-02  5.4584E-01  4.0052E-01  1.0776E+00 -3.9909E-01
 -2.6948E-01 -2.6471E+00 -1.1989E-02  5.4527E-01  3.9969E-01  1.0776E+00 -3.9826E-01
 -2.6794E-01 -2.6411E+00 -1.1978E-02  5.4466E-01  3.9880E-01  1.0776E+00 -3.9738E-01
 -2.6651E-01 -2.6355E+00 -1.1969E-02  5.4409E-01  3.9799E-01  1.0776E+00 -3.9656E-01
 -2.6497E-01 -2.6295E+00 -1.1958E-02  5.4349E-01  3.9713E-01  1.0776E+00 -3.9570E-01
 -2.6354E-01 -2.6239E+00 -1.1948E-02  5.4292E-01  3.9633E-01  1.0775E+00 -3.9490E-01
 -2.6210E-01 -2.6183E+00 -1.1938E-02  5.4235E-01  3.9553E-01  1.0775E+00 -3.9410E-01
 -2.6053E-01 -2.6122E+00 -1.1928E-02  5.4173E-01  3.9467E-01  1.0775E+00 -3.9325E-01
 -2.5909E-01 -2.6066E+00 -1.1918E-02  5.4116E-01  3.9389E-01  1.0774E+00 -3.9247E-01
 -2.5764E-01 -2.6010E+00 -1.1908E-02  5.4060E-01  3.9312E-01  1.0774E+00 -3.9169E-01
 -2.5609E-01 -2.5950E+00 -1.1898E-02  5.3999E-01  3.9230E-01  1.0774E+00 -3.9087E-01
 -2.5464E-01 -2.5894E+00 -1.1888E-02  5.3942E-01  3.9155E-01  1.0774E+00 -3.9012E-01
 -2.5318E-01 -2.5838E+00 -1.1878E-02  5.3886E-01  3.9080E-01  1.0774E+00 -3.8937E-01
 -2.5172E-01 -2.5782E+00 -1.1868E-02  5.3829E-01  3.9006E-01  1.0773E+00 -3.8864E-01
 -2.5026E-01 -2.5726E+00 -1.1858E-02  5.3772E-01  3.8933E-01  1.0773E+00 -3.8790E-01
 -2.4868E-01 -2.5666E+00 -1.1848E-02  5.3711E-01  3.8855E-01  1.0773E+00 -3.8712E-01
 -2.4722E-01 -2.5610E+00 -1.1838E-02  5.3654E-01  3.8783E-01  1.0773E+00 -3.8640E-01
 -2.4575E-01 -2.5554E+00 -1.1828E-02  5.3597E-01  3.8712E-01  1.0773E+00 -3.8569E-01
 -2.4428E-01 -2.5498E+00 -1.1818E-02  5.3541E-01  3.8641E-01  1.0772E+00 -3.8498E-01
 -2.4280E-01 -2.5442E+00 -1.1808E-02  5.3484E-01  3.8571E-01  1.0772E+00 -3.8428E-01
 -2.4132E-01 -2.5386E+00 -1.1799E-02  5.3427E-01  3.8502E-01  1.0772E+00 -3.8359E-01
 -2.3984E-01 -2.5330E+00 -1.1789E-02  5.3371E-01  3.8433E-01  1.0772E+00 -3.8290E-01
 -2.3836E-01 -2.5274E+00 -1.1779E-02  5.3314E-01  3.8364E-01  1.0771E+00 -3.8221E-01
 -2.3688E-01 -2.5218E+00 -1.1769E-02  5.3257E-01  3.8297E-01  1.0771E+00 -3.8154E-01
 -2.3539E-01 -2.5162E+00 -1.1759E-02  5.3200E-01  3.8231E-01  1.0771E+00 -3.8088E-01
 -2.3390E-01 -2.5106E+00 -1.1749E-02  5.3144E-01  3.8165E-01  1.0771E+00 -3.8022E-01
 -2.3241E-01 -2.5050E+00 -1.1740E-02  5.3087E-01  3.8100E-01  1.0771E+00 -3.7957E-01
 -2.3091E-01 -2.4994E+00 -1.1730E-02  5.3030E-01  3.8036E-01  1.0770E+00 -3.7892E-01
 -2.2943E-01 -2.4938E+00 -1.1720E-02  5.2974E-01  3.7973E-01  1.0770E+00 -3.7829E-01
 -2.2795E-01 -2.4883E+00 -1.1710E-02  5.2918E-01  3.7910E-01  1.0770E+00 -3.7766E-01
 -2.2647E-01 -2.4828E+00 -1.1701E-02  5.2862E-01  3.7848E-01  1.0770E+00 -3.7704E-01
 -2.2499E-01 -2.4773E+00 -1.1691E-02  5.2807E-01  3.7787E-01  1.0770E+00 -3.7643E-01
 -2.2351E-01 -2.4718E+00 -1.1681E-02  5.2751E-01  3.7726E-01  1.0769E+00 -3.7582E-01
 -2.2203E-01 -2.4663E+00 -1.1672E-02  5.2695E-01  3.7666E-01  1.0769E+00 -3.7522E-01
 -2.2055E-01 -2.4608E+00 -1.1662E-02  5.2640E-01  3.7606E-01  1.0769E+00 -3.7462E-01
 -2.1907E-01 -2.4553E+00 -1.1652E-02  5.2584E-01  3.7547E-01  1.0768E+00 -3.7403E-01
 -2.1758E-01 -2.4498E+00 -1.1643E-02  5.2529E-01  3.7490E-01  1.0768E+00 -3.7346E-01
 -2.1610E-01 -2.4444E+00 -1.1633E-02  5.2474E-01  3.7433E-01  1.0768E+00 -3.7289E-01
 -2.1462E-01 -2.4389E+00 -1.1624E-02  5.2418E-01  3.7377E-01  1.0768E+00 -3.7232E-01
 -2.1314E-01 -2.4335E+00 -1.1614E-02  5.2363E-01  3.7321E-01  1.0768E+00 -3.7176E-01
 -2.1166E-01 -2.4281E+00 -1.1605E-02  5.2308E-01  3.7266E-01  1.0768E+00 -3.7121E-01
 -2.1018E-01 -2.4226E+00 -1.1595E-02  5.2253E-01  3.7211E-01  1.0768E+00 -3.7067E-01
 -2.0870E-01 -2.4172E+00 -1.1586E-02  5.2198E-01  3.7157E-01  1.0767E+00 -3.7012E-01
 -2.0722E-01 -2.4118E+00 -1.1576E-02  5.2144E-01  3.7104E-01  1.0767E+00 -3.6959E-01
 -2.0574E-01 -2.4064E+00 -1.1567E-02  5.2089E-01  3.7051E-01  1.0767E+00 -3.6906E-01
 -2.0426E-01 -2.4010E+00 -1.1557E-02  5.2034E-01  3.6998E-01  1.0767E+00 -3.6853E-01
 -2.0277E-01 -2.3956E+00 -1.1548E-02  5.1980E-01  3.6946E-01  1.0766E+00 -3.6801E-01
 -2.0129E-01 -2.3902E+00 -1.1538E-02  5.1925E-01  3.6895E-01  1.0766E+00 -3.6750E-01
 -1.9981E-01 -2.3849E+00 -1.1529E-02  5.1871E-01  3.6844E-01  1.0766E+00 -3.6699E-01
 -1.9833E-01 -2.3795E+00 -1.1520E-02  5.1817E-01  3.6795E-01  1.0766E+00 -3.6649E-01
 -1.9685E-01 -2.3741E+00 -1.1510E-02  5.1762E-01  3.6746E-01  1.0766E+00 -3.6600E-01
 -1.9537E-01 -2.3688E+00 -1.1501E-02  5.1708E-01  3.6697E-01  1.0766E+00 -3.6551E-01
 -1.9389E-01 -2.3634E+00 -1.1491E-02  5.1654E-01  3.6649E-01  1.0765E+00 -3.6503E-01
 -1.9241E-01 -2.3581E+00 -1.1482E-02  5.1600E-01  3.6602E-01  1.0765E+00 -3.6456E-01
 -1.9093E-01 -2.3528E+00 -1.1473E-02  5.1546E-01  3.6554E-01  1.0765E+00 -3.6408E-01
 -1.8945E-01 -2.3474E+00 -1.1463E-02  5.1492E-01  3.6508E-01  1.0765E+00 -3.6362E-01
 -1.8797E-01 -2.3421E+00 -1.1454E-02  5.1438E-01  3.6462E-01  1.0765E+00 -3.6316E-01
 -1.8648E-01 -2.3368E+00 -1.1445E-02  5.1385E-01  3.6416E-01  1.0764E+00 -3.6270E-01
 -1.8500E-01 -2.3315E+00 -1.1436E-02  5.1331E-01  3.6371E-01  1.0764E+00 -3.6224E-01
 -1.8352E-01 -2.3262E+00 -1.1426E-02  5.1277E-01  3.6326E-01  1.0764E+00 -3.6179E-01
 -1.8204E-01 -2.3209E+00 -1.1417E-02  5.1224E-01  3.6282E-01  1.0764E+00 -3.6135E-01
 -1.8056E-01 -2.3156E+00 -1.1408E-02  5.1170E-01  3.6238E-01  1.0764E+00 -3.6092E-01
 -1.7908E-01 -2.3104E+00 -1.1398E-02  5.1117E-01  3.6196E-01  1.0763E+00 -3.6049E-01
 -1.7760E-01 -2.3051E+00 -1.1389E-02  5.1063E-01  3.6153E-01  1.0763E+00 -3.6006E-01
 -1.7612E-01 -2.2998E+00 -1.1380E-02  5.1010E-01  3.6112E-01  1.0763E+00 -3.5964E-01
 -1.7464E-01 -2.2945E+00 -1.1371E-02  5.0957E-01  3.6070E-01  1.0763E+00 -3.5923E-01
 -1.7316E-01 -2.2893E+00 -1.1362E-02  5.0904E-01  3.6030E-01  1.0763E+00 -3.5882E-01
 -1.7177E-01 -2.2844E+00 -1.1353E-02  5.0854E-01  3.5992E-01  1.0763E+00 -3.5844E-01
 -1.7019E-01 -2.2788E+00 -1.1343E-02  5.0798E-01  3.5949E-01  1.0763E+00 -3.5801E-01
 -1.6881E-01 -2.2739E+00 -1.1335E-02  5.0748E-01  3.5912E-01  1.0762E+00 -3.5764E-01
 -1.6723E-01 -2.2683E+00 -1.1325E-02  5.0692E-01  3.5870E-01  1.0762E+00 -3.5722E-01
 -1.6584E-01 -2.2634E+00 -1.1316E-02  5.0642E-01  3.5834E-01  1.0762E+00 -3.5685E-01
 -1.6427E-01 -2.2579E+00 -1.1307E-02  5.0586E-01  3.5793E-01  1.0762E+00 -3.5644E-01
 -1.6288E-01 -2.2530E+00 -1.1298E-02  5.0536E-01  3.5757E-01  1.0761E+00 -3.5608E-01
 -1.6131E-01 -2.2475E+00 -1.1288E-02  5.0480E-01  3.5718E-01  1.0761E+00 -3.5569E-01
 -1.5991E-01 -2.2426E+00 -1.1280E-02  5.0431E-01  3.5683E-01  1.0761E+00 -3.5534E-01
 -1.5835E-01 -2.2371E+00 -1.1270E-02  5.0375E-01  3.5645E-01  1.0761E+00 -3.5496E-01
 -1.5695E-01 -2.2322E+00 -1.1262E-02  5.0326E-01  3.5611E-01  1.0761E+00 -3.5462E-01
 -1.5538E-01 -2.2267E+00 -1.1252E-02  5.0270E-01  3.5574E-01  1.0761E+00 -3.5425E-01
 -1.5398E-01 -2.2218E+00 -1.1243E-02  5.0220E-01  3.5541E-01  1.0761E+00 -3.5391E-01
 -1.5242E-01 -2.2163E+00 -1.1234E-02  5.0165E-01  3.5505E-01  1.0760E+00 -3.5355E-01
 -1.5102E-01 -2.2114E+00 -1.1225E-02  5.0116E-01  3.5472E-01  1.0760E+00 -3.5322E-01
 -1.4946E-01 -2.2060E+00 -1.1216E-02  5.0061E-01  3.5437E-01  1.0760E+00 -3.5286E-01
 -1.4806E-01 -2.2011E+00 -1.1207E-02  5.0011E-01  3.5405E-01  1.0760E+00 -3.5255E-01
 -1.4650E-01 -2.1956E+00 -1.1198E-02  4.9956E-01  3.5370E-01  1.0760E+00 -3.5219E-01
 -1.4509E-01 -2.1907E+00 -1.1189E-02  4.9907E-01  3.5339E-01  1.0759E+00 -3.5188E-01
 -1.4354E-01 -2.1853E+00 -1.1180E-02  4.9852E-01  3.5305E-01  1.0759E+00 -3.5154E-01
 -1.4213E-01 -2.1804E+00 -1.1171E-02  4.9802E-01  3.5274E-01  1.0759E+00 -3.5123E-01
 -1.4057E-01 -2.1750E+00 -1.1162E-02  4.9748E-01  3.5242E-01  1.0759E+00 -3.5091E-01
 -1.3916E-01 -2.1701E+00 -1.1153E-02  4.9698E-01  3.5213E-01  1.0759E+00 -3.5061E-01
 -1.3761E-01 -2.1648E+00 -1.1144E-02  4.9644E-01  3.5181E-01  1.0759E+00 -3.5029E-01
 -1.3620E-01 -2.1599E+00 -1.1135E-02  4.9594E-01  3.5152E-01  1.0758E+00 -3.5001E-01
 -1.3465E-01 -2.1545E+00 -1.1126E-02  4.9540E-01  3.5122E-01  1.0758E+00 -3.4970E-01
 -1.3323E-01 -2.1496E+00 -1.1117E-02  4.9491E-01  3.5094E-01  1.0758E+00 -3.4942E-01
 -1.3169E-01 -2.1443E+00 -1.1108E-02  4.9437E-01  3.5064E-01  1.0758E+00 -3.4911E-01
 -1.3027E-01 -2.1394E+00 -1.1099E-02  4.9387E-01  3.5036E-01  1.0758E+00 -3.4884E-01
 -1.2873E-01 -2.1341E+00 -1.1090E-02  4.9333E-01  3.5007E-01  1.0758E+00 -3.4854E-01
 -1.2731E-01 -2.1292E+00 -1.1081E-02  4.9284E-01  3.4980E-01  1.0757E+00 -3.4827E-01
 -1.2577E-01 -2.1239E+00 -1.1072E-02  4.9230E-01  3.4951E-01  1.0757E+00 -3.4798E-01
 -1.2434E-01 -2.1190E+00 -1.1063E-02  4.9181E-01  3.4926E-01  1.0757E+00 -3.4773E-01
 -1.2280E-01 -2.1137E+00 -1.1054E-02  4.9127E-01  3.4898E-01  1.0757E+00 -3.4745E-01
 -1.2138E-01 -2.1088E+00 -1.1046E-02  4.9078E-01  3.4873E-01  1.0757E+00 -3.4720E-01
 -1.1984E-01 -2.1035E+00 -1.1036E-02  4.9024E-01  3.4847E-01  1.0757E+00 -3.4693E-01
 -1.1841E-01 -2.0986E+00 -1.1028E-02  4.8975E-01  3.4822E-01  1.0757E+00 -3.4668E-01
 -1.1688E-01 -2.0934E+00 -1.1019E-02  4.8922E-01  3.4796E-01  1.0757E+00 -3.4642E-01
 -1.1545E-01 -2.0885E+00 -1.1010E-02  4.8872E-01  3.4773E-01  1.0756E+00 -3.4618E-01
 -1.1392E-01 -2.0832E+00 -1.1001E-02  4.8819E-01  3.4747E-01  1.0756E+00 -3.4593E-01
 -1.1249E-01 -2.0783E+00 -1.0992E-02  4.8770E-01  3.4724E-01  1.0756E+00 -3.4569E-01
 -1.1105E-01 -2.0734E+00 -1.0984E-02  4.8720E-01  3.4701E-01  1.0756E+00 -3.4546E-01
 -1.0947E-01 -2.0680E+00 -1.0974E-02  4.8666E-01  3.4676E-01  1.0756E+00 -3.4521E-01
 -1.0804E-01 -2.0631E+00 -1.0966E-02  4.8616E-01  3.4654E-01  1.0756E+00 -3.4499E-01
 -1.0660E-01 -2.0582E+00 -1.0957E-02  4.8567E-01  3.4633E-01  1.0756E+00 -3.4477E-01
 -1.0503E-01 -2.0529E+00 -1.0948E-02  4.8512E-01  3.4609E-01  1.0755E+00 -3.4453E-01
 -1.0359E-01 -2.0480E+00 -1.0939E-02  4.8463E-01  3.4588E-01  1.0755E+00 -3.4432E-01
 -1.0216E-01 -2.0431E+00 -1.0931E-02  4.8413E-01  3.4567E-01  1.0755E+00 -3.4411E-01
 -1.0059E-01 -2.0377E+00 -1.0921E-02  4.8359E-01  3.4545E-01  1.0755E+00 -3.4388E-01
 -9.9149E-02 -2.0328E+00 -1.0913E-02  4.8310E-01  3.4525E-01  1.0755E+00 -3.4368E-01
 -9.7707E-02 -2.0279E+00 -1.0904E-02  4.8260E-01  3.4505E-01  1.0755E+00 -3.4347E-01
 -9.6146E-02 -2.0226E+00 -1.0895E-02  4.8207E-01  3.4483E-01  1.0755E+00 -3.4326E-01
 -9.4703E-02 -2.0177E+00 -1.0886E-02  4.8157E-01  3.4464E-01  1.0754E+00 -3.4306E-01
 -9.3259E-02 -2.0128E+00 -1.0878E-02  4.8108E-01  3.4445E-01  1.0754E+00 -3.4287E-01
 -9.1703E-02 -2.0075E+00 -1.0869E-02  4.8054E-01  3.4425E-01  1.0754E+00 -3.4267E-01
 -9.0258E-02 -2.0026E+00 -1.0860E-02  4.8005E-01  3.4407E-01  1.0754E+00 -3.4249E-01
 -8.8812E-02 -1.9977E+00 -1.0851E-02  4.7955E-01  3.4389E-01  1.0754E+00 -3.4230E-01
 -8.7261E-02 -1.9925E+00 -1.0842E-02  4.7902E-01  3.4370E-01  1.0754E+00 -3.4211E-01
 -8.5813E-02 -1.9876E+00 -1.0834E-02  4.7853E-01  3.4353E-01  1.0754E+00 -3.4194E-01
 -8.4365E-02 -1.9827E+00 -1.0825E-02  4.7803E-01  3.4336E-01  1.0754E+00 -3.4176E-01
 -8.2915E-02 -1.9778E+00 -1.0817E-02  4.7754E-01  3.4319E-01  1.0753E+00 -3.4159E-01
 -8.1337E-02 -1.9725E+00 -1.0807E-02  4.7700E-01  3.4301E-01  1.0753E+00 -3.4141E-01
 -7.9886E-02 -1.9676E+00 -1.0799E-02  4.7650E-01  3.4285E-01  1.0753E+00 -3.4125E-01
 -7.8435E-02 -1.9627E+00 -1.0790E-02  4.7601E-01  3.4269E-01  1.0753E+00 -3.4109E-01
 -7.6983E-02 -1.9578E+00 -1.0782E-02  4.7551E-01  3.4254E-01  1.0753E+00 -3.4093E-01
 -7.5413E-02 -1.9525E+00 -1.0772E-02  4.7498E-01  3.4237E-01  1.0753E+00 -3.4076E-01
 -7.3960E-02 -1.9476E+00 -1.0764E-02  4.7448E-01  3.4222E-01  1.0753E+00 -3.4061E-01
 -7.2506E-02 -1.9427E+00 -1.0755E-02  4.7399E-01  3.4208E-01  1.0753E+00 -3.4046E-01
 -7.1052E-02 -1.9378E+00 -1.0747E-02  4.7349E-01  3.4193E-01  1.0752E+00 -3.4031E-01
 -6.9489E-02 -1.9325E+00 -1.0737E-02  4.7296E-01  3.4178E-01  1.0752E+00 -3.4016E-01
 -6.8034E-02 -1.9276E+00 -1.0729E-02  4.7246E-01  3.4164E-01  1.0752E+00 -3.4002E-01
 -6.6578E-02 -1.9227E+00 -1.0720E-02  4.7197E-01  3.4151E-01  1.0752E+00 -3.3988E-01
 -6.5121E-02 -1.9178E+00 -1.0712E-02  4.7147E-01  3.4138E-01  1.0752E+00 -3.3975E-01
 -6.3664E-02 -1.9129E+00 -1.0703E-02  4.7098E-01  3.4125E-01  1.0752E+00 -3.3962E-01
 -6.2084E-02 -1.9076E+00 -1.0694E-02  4.7044E-01  3.4112E-01  1.0752E+00 -3.3948E-01
 -6.0626E-02 -1.9027E+00 -1.0685E-02  4.6995E-01  3.4100E-01  1.0752E+00 -3.3936E-01
 -5.9167E-02 -1.8978E+00 -1.0677E-02  4.6945E-01  3.4088E-01  1.0751E+00 -3.3924E-01
 -5.7708E-02 -1.8929E+00 -1.0668E-02  4.6896E-01  3.4076E-01  1.0751E+00 -3.3912E-01
 -5.6248E-02 -1.8880E+00 -1.0660E-02  4.6846E-01  3.4065E-01  1.0751E+00 -3.3900E-01
 -5.4680E-02 -1.8827E+00 -1.0650E-02  4.6793E-01  3.4053E-01  1.0751E+00 -3.3887E-01
 -5.3219E-02 -1.8778E+00 -1.0642E-02  4.6744E-01  3.4042E-01  1.0751E+00 -3.3876E-01
 -5.1758E-02 -1.8729E+00 -1.0633E-02  4.6694E-01  3.4031E-01  1.0751E+00 -3.3866E-01
 -5.0296E-02 -1.8680E+00 -1.0625E-02  4.6645E-01  3.4021E-01  1.0751E+00 -3.3855E-01
 -4.8834E-02 -1.8631E+00 -1.0616E-02  4.6595E-01  3.4012E-01  1.0751E+00 -3.3845E-01
 -4.7372E-02 -1.8582E+00 -1.0608E-02  4.6546E-01  3.4002E-01  1.0750E+00 -3.3836E-01
 -4.5794E-02 -1.8529E+00 -1.0598E-02  4.6492E-01  3.3992E-01  1.0750E+00 -3.3825E-01
 -4.4331E-02 -1.8480E+00 -1.0590E-02  4.6443E-01  3.3983E-01  1.0750E+00 -3.3816E-01
 -4.2867E-02 -1.8431E+00 -1.0581E-02  4.6393E-01  3.3974E-01  1.0750E+00 -3.3807E-01
 -4.1403E-02 -1.8382E+00 -1.0573E-02  4.6344E-01  3.3966E-01  1.0750E+00 -3.3798E-01
 -3.9939E-02 -1.8333E+00 -1.0564E-02  4.6294E-01  3.3958E-01  1.0750E+00 -3.3789E-01
 -3.8475E-02 -1.8284E+00 -1.0556E-02  4.6245E-01  3.3950E-01  1.0750E+00 -3.3781E-01
 -3.6908E-02 -1.8232E+00 -1.0546E-02  4.6192E-01  3.3942E-01  1.0749E+00 -3.3773E-01
 -3.5443E-02 -1.8183E+00 -1.0538E-02  4.6142E-01  3.3935E-01  1.0749E+00 -3.3765E-01
 -3.3978E-02 -1.8134E+00 -1.0529E-02  4.6093E-01  3.3928E-01  1.0749E+00 -3.3758E-01
 -3.2512E-02 -1.8085E+00 -1.0521E-02  4.6043E-01  3.3921E-01  1.0749E+00 -3.3751E-01
 -3.1046E-02 -1.8036E+00 -1.0512E-02  4.5994E-01  3.3915E-01  1.0749E+00 -3.3745E-01
 -2.9579E-02 -1.7987E+00 -1.0504E-02  4.5944E-01  3.3907E-01  1.0750E+00 -3.3737E-01
 -2.8113E-02 -1.7938E+00 -1.0495E-02  4.5895E-01  3.3897E-01  1.0749E+00 -3.3726E-01
 -2.6542E-02 -1.7886E+00 -1.0486E-02  4.5842E-01  3.3885E-01  1.0749E+00 -3.3714E-01
 -2.5075E-02 -1.7837E+00 -1.0477E-02  4.5792E-01  3.3872E-01  1.0749E+00 -3.3700E-01
 -2.3607E-02 -1.7788E+00 -1.0469E-02  4.5743E-01  3.3858E-01  1.0748E+00 -3.3686E-01
 -2.2140E-02 -1.7739E+00 -1.0460E-02  4.5694E-01  3.3841E-01  1.0748E+00 -3.3669E-01
 -2.0672E-02 -1.7690E+00 -1.0452E-02  4.5644E-01  3.3822E-01  1.0748E+00 -3.3649E-01
 -1.9205E-02 -1.7641E+00 -1.0443E-02  4.5595E-01  3.3801E-01  1.0747E+00 -3.3627E-01
 -1.7737E-02 -1.7592E+00 -1.0435E-02  4.5545E-01  3.3775E-01  1.0746E+00 -3.3601E-01
 -1.6269E-02 -1.7543E+00 -1.0426E-02  4.5496E-01  3.3745E-01  1.0745E+00 -3.3571E-01
 -1.4694E-02 -1.7490E+00 -1.0417E-02  4.5443E-01  3.3708E-01  1.0744E+00 -3.3533E-01
 -1.3226E-02 -1.7441E+00 -1.0408E-02  4.5394E-01  3.3667E-01  1.0742E+00 -3.3492E-01
 -1.1757E-02 -1.7392E+00 -1.0400E-02  4.5345E-01  3.3621E-01  1.0740E+00 -3.3446E-01
 -1.0289E-02 -1.7343E+00 -1.0392E-02  4.5296E-01  3.3570E-01  1.0737E+00 -3.3394E-01
 -8.8204E-03 -1.7294E+00 -1.0383E-02  4.5247E-01  3.3514E-01  1.0733E+00 -3.3337E-01
 -7.3518E-03 -1.7245E+00 -1.0375E-02  4.5198E-01  3.3454E-01  1.0728E+00 -3.3277E-01
 -5.8831E-03 -1.7196E+00 -1.0366E-02  4.5149E-01  3.3394E-01  1.0723E+00 -3.3216E-01
 -4.4144E-03 -1.7147E+00 -1.0358E-02  4.5100E-01  3.3334E-01  1.0718E+00 -3.3156E-01
 -2.9456E-03 -1.7098E+00 -1.0349E-02  4.5052E-01  3.3279E-01  1.0713E+00 -3.3100E-01
 -1.3655E-03 -1.7045E+00 -1.0340E-02  4.4999E-01  3.3227E-01  1.0708E+00 -3.3047E-01
  1.0328E-04 -1.6996E+00 -1.0332E-02  4.4951E-01  3.3187E-01  1.0706E+00 -3.3007E-01
  1.5721E-03 -1.6947E+00 -1.0324E-02  4.4902E-01  3.3156E-01  1.0704E+00 -3.2976E-01
  3.0409E-03 -1.6898E+00 -1.0315E-02  4.4854E-01  3.3133E-01  1.0705E+00 -3.2952E-01
  4.5097E-03 -1.6849E+00 -1.0307E-02  4.4805E-01  3.3118E-01  1.0706E+00 -3.2936E-01
  5.9785E-03 -1.6800E+00 -1.0298E-02  4.4757E-01  3.3108E-01  1.0708E+00 -3.2926E-01
  7.4473E-03 -1.6751E+00 -1.0290E-02  4.4709E-01  3.3102E-01  1.0710E+00 -3.2920E-01
  8.9162E-03 -1.6702E+00 -1.0282E-02  4.4660E-01  3.3099E-01  1.0712E+00 -3.2916E-01
  1.0385E-02 -1.6653E+00 -1.0273E-02  4.4612E-01  3.3098E-01  1.0714E+00 -3.2914E-01
  1.1963E-02 -1.6601E+00 -1.0264E-02  4.4560E-01  3.3097E-01  1.0715E+00 -3.2913E-01
  1.3432E-02 -1.6552E+00 -1.0256E-02  4.4512E-01  3.3097E-01  1.0717E+00 -3.2913E-01
  1.4901E-02 -1.6503E+00 -1.0247E-02  4.4463E-01  3.3097E-01  1.0718E+00 -3.2912E-01
  1.6369E-02 -1.6454E+00 -1.0239E-02  4.4415E-01  3.3097E-01  1.0718E+00 -3.2912E-01
  1.7838E-02 -1.6405E+00 -1.0230E-02  4.4367E-01  3.3097E-01  1.0719E+00 -3.2912E-01
  1.9307E-02 -1.6356E+00 -1.0222E-02  4.4318E-01  3.3098E-01  1.0719E+00 -3.2911E-01
  2.0776E-02 -1.6307E+00 -1.0214E-02  4.4270E-01  3.3098E-01  1.0720E+00 -3.2911E-01
  2.2245E-02 -1.6258E+00 -1.0205E-02  4.4222E-01  3.3098E-01  1.0720E+00 -3.2911E-01
  2.3714E-02 -1.6209E+00 -1.0197E-02  4.4173E-01  3.3098E-01  1.0720E+00 -3.2910E-01
  2.5292E-02 -1.6156E+00 -1.0188E-02  4.4121E-01  3.3098E-01  1.0720E+00 -3.2910E-01
  2.6760E-02 -1.6107E+00 -1.0179E-02  4.4073E-01  3.3098E-01  1.0720E+00 -3.2909E-01
  2.8229E-02 -1.6058E+00 -1.0171E-02  4.4025E-01  3.3097E-01  1.0720E+00 -3.2909E-01
  2.9698E-02 -1.6009E+00 -1.0162E-02  4.3976E-01  3.3097E-01  1.0720E+00 -3.2908E-01
  3.1167E-02 -1.5960E+00 -1.0154E-02  4.3928E-01  3.3097E-01  1.0720E+00 -3.2907E-01
  3.2636E-02 -1.5911E+00 -1.0146E-02  4.3880E-01  3.3097E-01  1.0720E+00 -3.2907E-01
  3.4105E-02 -1.5862E+00 -1.0137E-02  4.3831E-01  3.3097E-01  1.0720E+00 -3.2906E-01
  3.5573E-02 -1.5813E+00 -1.0129E-02  4.3783E-01  3.3096E-01  1.0720E+00 -3.2906E-01
  3.7042E-02 -1.5764E+00 -1.0120E-02  4.3734E-01  3.3096E-01  1.0720E+00 -3.2905E-01
  3.8620E-02 -1.5711E+00 -1.0111E-02  4.3683E-01  3.3096E-01  1.0720E+00 -3.2904E-01
  4.0089E-02 -1.5662E+00 -1.0103E-02  4.3634E-01  3.3096E-01  1.0720E+00 -3.2904E-01
  4.1558E-02 -1.5613E+00 -1.0094E-02  4.3586E-01  3.3096E-01  1.0720E+00 -3.2903E-01
  4.3027E-02 -1.5564E+00 -1.0086E-02  4.3538E-01  3.3095E-01  1.0720E+00 -3.2902E-01
  4.4495E-02 -1.5515E+00 -1.0077E-02  4.3489E-01  3.3095E-01  1.0720E+00 -3.2902E-01
  4.5964E-02 -1.5466E+00 -1.0069E-02  4.3441E-01  3.3095E-01  1.0720E+00 -3.2901E-01
  4.7433E-02 -1.5417E+00 -1.0061E-02  4.3393E-01  3.3095E-01  1.0720E+00 -3.2900E-01
  4.8902E-02 -1.5368E+00 -1.0052E-02  4.3344E-01  3.3094E-01  1.0720E+00 -3.2900E-01
  5.0371E-02 -1.5319E+00 -1.0044E-02  4.3296E-01  3.3094E-01  1.0720E+00 -3.2899E-01
  5.1949E-02 -1.5267E+00 -1.0035E-02  4.3244E-01  3.3094E-01  1.0720E+00 -3.2898E-01
  5.3418E-02 -1.5218E+00 -1.0026E-02  4.3196E-01  3.3094E-01  1.0720E+00 -3.2898E-01
  5.4886E-02 -1.5169E+00 -1.0018E-02  4.3147E-01  3.3094E-01  1.0720E+00 -3.2897E-01
  5.6355E-02 -1.5120E+00 -1.0009E-02  4.3099E-01  3.3093E-01  1.0719E+00 -3.2897E-01
  5.7824E-02 -1.5071E+00 -1.0001E-02  4.3051E-01  3.3093E-01  1.0719E+00 -3.2896E-01
  5.9293E-02 -1.5022E+00 -9.9925E-03  4.3002E-01  3.3093E-01  1.0719E+00 -3.2895E-01
  6.0762E-02 -1.4973E+00 -9.9841E-03  4.2954E-01  3.3093E-01  1.0719E+00 -3.2895E-01
  6.2230E-02 -1.4924E+00 -9.9756E-03  4.2906E-01  3.3093E-01  1.0719E+00 -3.2894E-01
  6.3699E-02 -1.4875E+00 -9.9672E-03  4.2857E-01  3.3092E-01  1.0719E+00 -3.2893E-01
  6.5277E-02 -1.4822E+00 -9.9582E-03  4.2805E-01  3.3092E-01  1.0719E+00 -3.2893E-01
  6.6746E-02 -1.4773E+00 -9.9497E-03  4.2757E-01  3.3092E-01  1.0719E+00 -3.2892E-01
  6.8215E-02 -1.4724E+00 -9.9413E-03  4.2709E-01  3.3092E-01  1.0719E+00 -3.2891E-01
  6.9684E-02 -1.4675E+00 -9.9329E-03  4.2660E-01  3.3092E-01  1.0719E+00 -3.2891E-01
  7.1153E-02 -1.4626E+00 -9.9244E-03  4.2612E-01  3.3091E-01  1.0719E+00 -3.2890E-01
  7.2621E-02 -1.4577E+00 -9.9160E-03  4.2564E-01  3.3091E-01  1.0719E+00 -3.2889E-01
  7.4090E-02 -1.4528E+00 -9.9076E-03  4.2515E-01  3.3091E-01  1.0719E+00 -3.2889E-01
  7.5559E-02 -1.4479E+00 -9.8991E-03  4.2467E-01  3.3091E-01  1.0719E+00 -3.2888E-01
  7.7028E-02 -1.4430E+00 -9.8907E-03  4.2419E-01  3.3091E-01  1.0719E+00 -3.2887E-01
  7.8606E-02 -1.4377E+00 -9.8817E-03  4.2367E-01  3.3090E-01  1.0719E+00 -3.2887E-01
  8.0075E-02 -1.4328E+00 -9.8732E-03  4.2319E-01  3.3090E-01  1.0719E+00 -3.2886E-01
  8.1543E-02 -1.4279E+00 -9.8648E-03  4.2270E-01  3.3090E-01  1.0719E+00 -3.2885E-01
  8.3012E-02 -1.4230E+00 -9.8564E-03  4.2222E-01  3.3090E-01  1.0719E+00 -3.2885E-01
  8.4481E-02 -1.4181E+00 -9.8479E-03  4.2174E-01  3.3090E-01  1.0719E+00 -3.2884E-01
  8.5950E-02 -1.4132E+00 -9.8395E-03  4.2125E-01  3.3090E-01  1.0719E+00 -3.2883E-01
  8.7419E-02 -1.4083E+00 -9.8311E-03  4.2077E-01  3.3089E-01  1.0718E+00 -3.2883E-01
  8.8888E-02 -1.4034E+00 -9.8227E-03  4.2029E-01  3.3089E-01  1.0718E+00 -3.2882E-01
  9.0356E-02 -1.3985E+00 -9.8142E-03  4.1980E-01  3.3089E-01  1.0718E+00 -3.2881E-01
  9.1934E-02 -1.3933E+00 -9.8052E-03  4.1928E-01  3.3089E-01  1.0718E+00 -3.2881E-01
  9.3403E-02 -1.3884E+00 -9.7968E-03  4.1880E-01  3.3089E-01  1.0718E+00 -3.2880E-01
  9.4872E-02 -1.3835E+00 -9.7883E-03  4.1832E-01  3.3088E-01  1.0718E+00 -3.2879E-01
  9.6341E-02 -1.3786E+00 -9.7799E-03  4.1784E-01  3.3088E-01  1.0718E+00 -3.2879E-01
  9.7810E-02 -1.3737E+00 -9.7715E-03  4.1735E-01  3.3088E-01  1.0718E+00 -3.2878E-01
  9.9278E-02 -1.3688E+00 -9.7630E-03  4.1687E-01  3.3088E-01  1.0718E+00 -3.2877E-01
  1.0075E-01 -1.3639E+00 -9.7546E-03  4.1639E-01  3.3088E-01  1.0718E+00 -3.2877E-01
  1.0222E-01 -1.3590E+00 -9.7462E-03  4.1590E-01  3.3088E-01  1.0718E+00 -3.2876E-01
  1.0368E-01 -1.3541E+00 -9.7378E-03  4.1542E-01  3.3087E-01  1.0718E+00 -3.2875E-01
  1.0526E-01 -1.3488E+00 -9.7287E-03  4.1490E-01  3.3087E-01  1.0718E+00 -3.2875E-01
  1.0673E-01 -1.3439E+00 -9.7203E-03  4.1442E-01  3.3087E-01  1.0718E+00 -3.2874E-01
  1.0820E-01 -1.3390E+00 -9.7118E-03  4.1394E-01  3.3087E-01  1.0718E+00 -3.2873E-01
  1.0967E-01 -1.3341E+00 -9.7034E-03  4.1345E-01  3.3087E-01  1.0718E+00 -3.2873E-01
  1.1114E-01 -1.3292E+00 -9.6950E-03  4.1297E-01  3.3086E-01  1.0718E+00 -3.2872E-01
  1.1261E-01 -1.3243E+00 -9.6866E-03  4.1249E-01  3.3086E-01  1.0718E+00 -3.2871E-01
  1.1408E-01 -1.3194E+00 -9.6781E-03  4.1200E-01  3.3086E-01  1.0718E+00 -3.2871E-01
  1.1554E-01 -1.3145E+00 -9.6697E-03  4.1152E-01  3.3086E-01  1.0718E+00 -3.2870E-01
  1.1701E-01 -1.3096E+00 -9.6613E-03  4.1104E-01  3.3086E-01  1.0718E+00 -3.2869E-01
  1.1859E-01 -1.3043E+00 -9.6522E-03  4.1052E-01  3.3086E-01  1.0718E+00 -3.2868E-01
  1.2006E-01 -1.2994E+00 -9.6438E-03  4.1004E-01  3.3085E-01  1.0718E+00 -3.2868E-01
  1.2153E-01 -1.2945E+00 -9.6354E-03  4.0955E-01  3.3085E-01  1.0718E+00 -3.2867E-01
  1.2300E-01 -1.2896E+00 -9.6269E-03  4.0907E-01  3.3085E-01  1.0717E+00 -3.2866E-01
  1.2447E-01 -1.2847E+00 -9.6185E-03  4.0859E-01  3.3085E-01  1.0717E+00 -3.2866E-01
  1.2594E-01 -1.2798E+00 -9.6101E-03  4.0810E-01  3.3085E-01  1.0717E+00 -3.2865E-01
  1.2740E-01 -1.2749E+00 -9.6017E-03  4.0762E-01  3.3085E-01  1.0717E+00 -3.2864E-01
  1.2887E-01 -1.2700E+00 -9.5932E-03  4.0714E-01  3.3084E-01  1.0717E+00 -3.2864E-01
  1.3034E-01 -1.2651E+00 -9.5848E-03  4.0666E-01  3.3084E-01  1.0717E+00 -3.2863E-01
  1.3192E-01 -1.2599E+00 -9.5758E-03  4.0614E-01  3.3084E-01  1.0717E+00 -3.2862E-01
  1.3339E-01 -1.2550E+00 -9.5673E-03  4.0565E-01  3.3084E-01  1.0717E+00 -3.2862E-01
  1.3486E-01 -1.2501E+00 -9.5589E-03  4.0517E-01  3.3084E-01  1.0717E+00 -3.2861E-01
  1.3633E-01 -1.2452E+00 -9.5505E-03  4.0469E-01  3.3084E-01  1.0717E+00 -3.2860E-01
  1.3780E-01 -1.2403E+00 -9.5420E-03  4.0421E-01  3.3083E-01  1.0717E+00 -3.2859E-01
  1.3926E-01 -1.2354E+00 -9.5336E-03  4.0372E-01  3.3083E-01  1.0717E+00 -3.2859E-01
  1.4073E-01 -1.2305E+00 -9.5252E-03  4.0324E-01  3.3083E-01  1.0717E+00 -3.2858E-01
  1.4220E-01 -1.2256E+00 -9.5168E-03  4.0276E-01  3.3083E-01  1.0717E+00 -3.2857E-01
  1.4367E-01 -1.2207E+00 -9.5083E-03  4.0228E-01  3.3083E-01  1.0717E+00 -3.2857E-01
  1.4525E-01 -1.2154E+00 -9.4993E-03  4.0176E-01  3.3083E-01  1.0717E+00 -3.2856E-01
  1.4672E-01 -1.2105E+00 -9.4909E-03  4.0127E-01  3.3082E-01  1.0717E+00 -3.2855E-01
  1.4819E-01 -1.2056E+00 -9.4824E-03  4.0079E-01  3.3082E-01  1.0717E+00 -3.2854E-01
  1.4965E-01 -1.2007E+00 -9.4740E-03  4.0031E-01  3.3082E-01  1.0717E+00 -3.2854E-01
  1.5112E-01 -1.1958E+00 -9.4656E-03  3.9983E-01  3.3082E-01  1.0717E+00 -3.2853E-01
  1.5259E-01 -1.1909E+00 -9.4572E-03  3.9934E-01  3.3082E-01  1.0717E+00 -3.2852E-01
  1.5406E-01 -1.1860E+00 -9.4487E-03  3.9886E-01  3.3082E-01  1.0717E+00 -3.2852E-01
  1.5553E-01 -1.1811E+00 -9.4403E-03  3.9838E-01  3.3081E-01  1.0717E+00 -3.2851E-01
  1.5700E-01 -1.1762E+00 -9.4319E-03  3.9790E-01  3.3081E-01  1.0717E+00 -3.2850E-01
  1.5858E-01 -1.1710E+00 -9.4228E-03  3.9738E-01  3.3081E-01  1.0717E+00 -3.2849E-01
  1.6005E-01 -1.1661E+00 -9.4144E-03  3.9689E-01  3.3081E-01  1.0717E+00 -3.2849E-01
  1.6151E-01 -1.1612E+00 -9.4060E-03  3.9641E-01  3.3081E-01  1.0717E+00 -3.2848E-01
  1.6298E-01 -1.1563E+00 -9.3975E-03  3.9593E-01  3.3081E-01  1.0716E+00 -3.2847E-01
  1.6445E-01 -1.1514E+00 -9.3891E-03  3.9545E-01  3.3080E-01  1.0716E+00 -3.2846E-01
  1.6592E-01 -1.1465E+00 -9.3807E-03  3.9496E-01  3.3080E-01  1.0716E+00 -3.2846E-01
  1.6739E-01 -1.1416E+00 -9.3723E-03  3.9448E-01  3.3080E-01  1.0716E+00 -3.2845E-01
  1.6886E-01 -1.1367E+00 -9.3638E-03  3.9400E-01  3.3080E-01  1.0716E+00 -3.2844E-01
  1.7033E-01 -1.1318E+00 -9.3554E-03  3.9352E-01  3.3080E-01  1.0716E+00 -3.2844E-01
  1.7191E-01 -1.1265E+00 -9.3464E-03  3.9300E-01  3.3080E-01  1.0716E+00 -3.2843E-01
  1.7337E-01 -1.1216E+00 -9.3379E-03  3.9252E-01  3.3079E-01  1.0716E+00 -3.2842E-01
  1.7484E-01 -1.1167E+00 -9.3295E-03  3.9203E-01  3.3079E-01  1.0716E+00 -3.2841E-01
  1.7631E-01 -1.1118E+00 -9.3211E-03  3.9155E-01  3.3079E-01  1.0716E+00 -3.2840E-01
  1.7778E-01 -1.1069E+00 -9.3127E-03  3.9107E-01  3.3079E-01  1.0716E+00 -3.2840E-01
  1.7925E-01 -1.1020E+00 -9.3042E-03  3.9059E-01  3.3079E-01  1.0716E+00 -3.2839E-01
  1.8072E-01 -1.0971E+00 -9.2958E-03  3.9010E-01  3.3079E-01  1.0716E+00 -3.2838E-01
  1.8219E-01 -1.0922E+00 -9.2874E-03  3.8962E-01  3.3079E-01  1.0716E+00 -3.2838E-01
  1.8366E-01 -1.0873E+00 -9.2790E-03  3.8914E-01  3.3078E-01  1.0716E+00 -3.2837E-01
  1.8523E-01 -1.0820E+00 -9.2699E-03  3.8862E-01  3.3078E-01  1.0716E+00 -3.2836E-01
  1.8670E-01 -1.0771E+00 -9.2615E-03  3.8814E-01  3.3078E-01  1.0716E+00 -3.2835E-01
  1.8817E-01 -1.0722E+00 -9.2531E-03  3.8766E-01  3.3078E-01  1.0716E+00 -3.2834E-01
  1.8964E-01 -1.0673E+00 -9.2446E-03  3.8717E-01  3.3078E-01  1.0716E+00 -3.2834E-01
  1.9111E-01 -1.0624E+00 -9.2362E-03  3.8669E-01  3.3078E-01  1.0716E+00 -3.2833E-01
  1.9258E-01 -1.0575E+00 -9.2278E-03  3.8621E-01  3.3078E-01  1.0716E+00 -3.2832E-01
  1.9405E-01 -1.0526E+00 -9.2193E-03  3.8573E-01  3.3077E-01  1.0716E+00 -3.2831E-01
  1.9552E-01 -1.0477E+00 -9.2109E-03  3.8524E-01  3.3077E-01  1.0716E+00 -3.2831E-01
  1.9698E-01 -1.0428E+00 -9.2025E-03  3.8476E-01  3.3077E-01  1.0716E+00 -3.2830E-01
  1.9856E-01 -1.0376E+00 -9.1934E-03  3.8424E-01  3.3077E-01  1.0716E+00 -3.2829E-01
  2.0003E-01 -1.0327E+00 -9.1850E-03  3.8376E-01  3.3077E-01  1.0716E+00 -3.2828E-01
  2.0150E-01 -1.0278E+00 -9.1766E-03  3.8328E-01  3.3077E-01  1.0716E+00 -3.2828E-01
  2.0297E-01 -1.0229E+00 -9.1682E-03  3.8280E-01  3.3076E-01  1.0716E+00 -3.2827E-01
  2.0444E-01 -1.0180E+00 -9.1597E-03  3.8231E-01  3.3076E-01  1.0716E+00 -3.2826E-01
  2.0591E-01 -1.0131E+00 -9.1513E-03  3.8183E-01  3.3076E-01  1.0716E+00 -3.2825E-01
  2.0738E-01 -1.0082E+00 -9.1429E-03  3.8135E-01  3.3076E-01  1.0716E+00 -3.2824E-01
  2.0884E-01 -1.0033E+00 -9.1345E-03  3.8087E-01  3.3076E-01  1.0715E+00 -3.2824E-01
  2.1031E-01 -9.9836E-01 -9.1260E-03  3.8038E-01  3.3076E-01  1.0715E+00 -3.2823E-01
  2.1189E-01 -9.9310E-01 -9.1170E-03  3.7987E-01  3.3076E-01  1.0715E+00 -3.2822E-01
  2.1336E-01 -9.8820E-01 -9.1086E-03  3.7938E-01  3.3075E-01  1.0715E+00 -3.2821E-01
  2.1483E-01 -9.8330E-01 -9.1001E-03  3.7890E-01  3.3075E-01  1.0715E+00 -3.2820E-01
  2.1630E-01 -9.7840E-01 -9.0917E-03  3.7842E-01  3.3075E-01  1.0715E+00 -3.2820E-01
  2.1777E-01 -9.7350E-01 -9.0833E-03  3.7794E-01  3.3075E-01  1.0715E+00 -3.2819E-01
  2.1924E-01 -9.6860E-01 -9.0749E-03  3.7746E-01  3.3075E-01  1.0715E+00 -3.2818E-01
  2.2070E-01 -9.6370E-01 -9.0664E-03  3.7697E-01  3.3075E-01  1.0715E+00 -3.2817E-01
  2.2217E-01 -9.5880E-01 -9.0580E-03  3.7649E-01  3.3075E-01  1.0715E+00 -3.2816E-01
  2.2364E-01 -9.5390E-01 -9.0496E-03  3.7601E-01  3.3075E-01  1.0715E+00 -3.2816E-01
  2.2522E-01 -9.4863E-01 -9.0405E-03  3.7549E-01  3.3074E-01  1.0715E+00 -3.2815E-01
  2.2669E-01 -9.4373E-01 -9.0321E-03  3.7501E-01  3.3074E-01  1.0715E+00 -3.2814E-01
  2.2816E-01 -9.3883E-01 -9.0237E-03  3.7453E-01  3.3074E-01  1.0715E+00 -3.2813E-01
  2.2963E-01 -9.3393E-01 -9.0153E-03  3.7405E-01  3.3074E-01  1.0715E+00 -3.2812E-01
  2.3110E-01 -9.2903E-01 -9.0068E-03  3.7356E-01  3.3074E-01  1.0715E+00 -3.2812E-01
  2.3256E-01 -9.2413E-01 -8.9984E-03  3.7308E-01  3.3074E-01  1.0715E+00 -3.2811E-01
  2.3403E-01 -9.1923E-01 -8.9900E-03  3.7260E-01  3.3074E-01  1.0715E+00 -3.2810E-01
  2.3550E-01 -9.1433E-01 -8.9816E-03  3.7212E-01  3.3073E-01  1.0715E+00 -3.2809E-01
  2.3697E-01 -9.0943E-01 -8.9732E-03  3.7163E-01  3.3073E-01  1.0715E+00 -3.2808E-01
  2.3855E-01 -9.0417E-01 -8.9641E-03  3.7112E-01  3.3073E-01  1.0715E+00 -3.2807E-01
  2.4002E-01 -8.9927E-01 -8.9557E-03  3.7063E-01  3.3073E-01  1.0715E+00 -3.2807E-01
  2.4149E-01 -8.9437E-01 -8.9473E-03  3.7015E-01  3.3073E-01  1.0715E+00 -3.2806E-01
  2.4295E-01 -8.8947E-01 -8.9388E-03  3.6967E-01  3.3073E-01  1.0715E+00 -3.2805E-01
  2.4442E-01 -8.8457E-01 -8.9304E-03  3.6919E-01  3.3073E-01  1.0715E+00 -3.2804E-01
  2.4589E-01 -8.7967E-01 -8.9220E-03  3.6871E-01  3.3072E-01  1.0715E+00 -3.2803E-01
  2.4736E-01 -8.7477E-01 -8.9136E-03  3.6823E-01  3.3072E-01  1.0715E+00 -3.2802E-01
  2.4883E-01 -8.6987E-01 -8.9051E-03  3.6774E-01  3.3072E-01  1.0715E+00 -3.2801E-01
  2.5030E-01 -8.6497E-01 -8.8967E-03  3.6726E-01  3.3072E-01  1.0715E+00 -3.2801E-01
  2.5188E-01 -8.5971E-01 -8.8877E-03  3.6674E-01  3.3072E-01  1.0715E+00 -3.2800E-01
  2.5335E-01 -8.5481E-01 -8.8792E-03  3.6626E-01  3.3072E-01  1.0715E+00 -3.2799E-01
  2.5481E-01 -8.4991E-01 -8.8708E-03  3.6578E-01  3.3072E-01  1.0715E+00 -3.2798E-01
  2.5628E-01 -8.4501E-01 -8.8624E-03  3.6530E-01  3.3072E-01  1.0715E+00 -3.2797E-01
  2.5775E-01 -8.4011E-01 -8.8540E-03  3.6482E-01  3.3071E-01  1.0715E+00 -3.2796E-01
  2.5922E-01 -8.3521E-01 -8.8455E-03  3.6433E-01  3.3071E-01  1.0715E+00 -3.2795E-01
  2.6069E-01 -8.3031E-01 -8.8371E-03  3.6385E-01  3.3071E-01  1.0714E+00 -3.2795E-01
  2.6216E-01 -8.2541E-01 -8.8287E-03  3.6337E-01  3.3071E-01  1.0714E+00 -3.2794E-01
  2.6363E-01 -8.2051E-01 -8.8203E-03  3.6289E-01  3.3071E-01  1.0714E+00 -3.2793E-01
  2.6521E-01 -8.1524E-01 -8.8112E-03  3.6237E-01  3.3071E-01  1.0714E+00 -3.2792E-01
  2.6667E-01 -8.1034E-01 -8.8028E-03  3.6189E-01  3.3071E-01  1.0714E+00 -3.2791E-01
  2.6814E-01 -8.0544E-01 -8.7944E-03  3.6141E-01  3.3071E-01  1.0714E+00 -3.2790E-01
  2.6961E-01 -8.0054E-01 -8.7859E-03  3.6093E-01  3.3070E-01  1.0714E+00 -3.2789E-01
  2.7108E-01 -7.9564E-01 -8.7775E-03  3.6044E-01  3.3070E-01  1.0714E+00 -3.2788E-01
  2.7255E-01 -7.9074E-01 -8.7691E-03  3.5996E-01  3.3070E-01  1.0714E+00 -3.2788E-01
  2.7402E-01 -7.8584E-01 -8.7607E-03  3.5948E-01  3.3070E-01  1.0714E+00 -3.2787E-01
  2.7549E-01 -7.8094E-01 -8.7522E-03  3.5900E-01  3.3070E-01  1.0714E+00 -3.2786E-01
  2.7696E-01 -7.7604E-01 -8.7438E-03  3.5852E-01  3.3070E-01  1.0714E+00 -3.2785E-01
  2.7853E-01 -7.7078E-01 -8.7348E-03  3.5800E-01  3.3070E-01  1.0714E+00 -3.2784E-01
  2.8000E-01 -7.6588E-01 -8.7263E-03  3.5752E-01  3.3069E-01  1.0714E+00 -3.2783E-01
  2.8147E-01 -7.6098E-01 -8.7179E-03  3.5704E-01  3.3069E-01  1.0714E+00 -3.2782E-01
  2.8294E-01 -7.5608E-01 -8.7095E-03  3.5656E-01  3.3069E-01  1.0714E+00 -3.2781E-01
  2.8441E-01 -7.5118E-01 -8.7011E-03  3.5607E-01  3.3069E-01  1.0714E+00 -3.2780E-01
  2.8588E-01 -7.4628E-01 -8.6927E-03  3.5559E-01  3.3069E-01  1.0714E+00 -3.2779E-01
  2.8735E-01 -7.4138E-01 -8.6842E-03  3.5511E-01  3.3069E-01  1.0714E+00 -3.2778E-01
  2.8882E-01 -7.3648E-01 -8.6758E-03  3.5463E-01  3.3069E-01  1.0714E+00 -3.2778E-01
  2.9028E-01 -7.3158E-01 -8.6674E-03  3.5415E-01  3.3069E-01  1.0714E+00 -3.2777E-01
  2.9186E-01 -7.2631E-01 -8.6583E-03  3.5363E-01  3.3068E-01  1.0714E+00 -3.2776E-01
  2.9333E-01 -7.2141E-01 -8.6499E-03  3.5315E-01  3.3068E-01  1.0715E+00 -3.2774E-01
  2.9480E-01 -7.1651E-01 -8.6415E-03  3.5267E-01  3.3062E-01  1.0714E+00 -3.2768E-01
  2.9627E-01 -7.1161E-01 -8.6331E-03  3.5219E-01  3.3051E-01  1.0713E+00 -3.2756E-01
  2.9774E-01 -7.0671E-01 -8.6247E-03  3.5170E-01  3.3035E-01  1.0713E+00 -3.2738E-01
  2.9921E-01 -7.0181E-01 -8.6163E-03  3.5122E-01  3.3011E-01  1.0712E+00 -3.2714E-01
  3.0068E-01 -6.9691E-01 -8.6079E-03  3.5074E-01  3.2978E-01  1.0712E+00 -3.2679E-01
  3.0214E-01 -6.9201E-01 -8.5995E-03  3.5026E-01  3.2930E-01  1.0711E+00 -3.2630E-01
  3.0361E-01 -6.8711E-01 -8.5912E-03  3.4978E-01  3.2861E-01  1.0710E+00 -3.2560E-01
  3.0519E-01 -6.8185E-01 -8.5822E-03  3.4927E-01  3.2755E-01  1.0708E+00 -3.2452E-01
  3.0666E-01 -6.7695E-01 -8.5740E-03  3.4880E-01  3.2613E-01  1.0706E+00 -3.2308E-01
  3.0813E-01 -6.7205E-01 -8.5658E-03  3.4832E-01  3.2413E-01  1.0704E+00 -3.2105E-01
  3.0960E-01 -6.6715E-01 -8.5578E-03  3.4785E-01  3.2133E-01  1.0702E+00 -3.1822E-01
  3.1002E-01 -6.6575E-01 -8.5555E-03  3.4772E-01  3.2035E-01  1.0702E+00 -3.1723E-01
  3.1107E-01 -6.6225E-01 -8.5499E-03  3.4739E-01  3.1748E-01  1.0701E+00 -3.1433E-01
  3.1254E-01 -6.5735E-01 -8.5422E-03  3.4693E-01  3.1226E-01  1.0702E+00 -3.0904E-01
  3.1400E-01 -6.5245E-01 -8.5348E-03  3.4648E-01  3.0532E-01  1.0707E+00 -3.0202E-01
  3.1547E-01 -6.4755E-01 -8.5277E-03  3.4604E-01  2.9633E-01  1.0719E+00 -2.9291E-01
  3.1694E-01 -6.4265E-01 -8.5211E-03  3.4562E-01  2.8501E-01  1.0738E+00 -2.8143E-01
  3.1852E-01 -6.3739E-01 -8.5145E-03  3.4519E-01  2.7009E-01  1.0768E+00 -2.6628E-01
  3.1999E-01 -6.3249E-01 -8.5091E-03  3.4481E-01  2.5365E-01  1.0802E+00 -2.4955E-01
  3.2146E-01 -6.2759E-01 -8.5044E-03  3.4446E-01  2.3491E-01  1.0839E+00 -2.3044E-01
  3.2293E-01 -6.2269E-01 -8.5005E-03  3.4413E-01  2.1419E-01  1.0875E+00 -2.0924E-01
  3.2439E-01 -6.1779E-01 -8.4975E-03  3.4384E-01  1.9187E-01  1.0908E+00 -1.8628E-01
  3.2586E-01 -6.1289E-01 -8.4953E-03  3.4359E-01  1.6837E-01  1.0935E+00 -1.6193E-01
  3.2733E-01 -6.0799E-01 -8.4941E-03  3.4337E-01  1.4413E-01  1.0957E+00 -1.3651E-01
  3.2880E-01 -6.0309E-01 -8.4939E-03  3.4319E-01  1.1962E-01  1.0974E+00 -1.1028E-01
  3.3027E-01 -5.9819E-01 -8.4946E-03  3.4304E-01  9.5502E-02  1.0986E+00 -8.3464E-02
  3.3185E-01 -5.9292E-01 -8.4965E-03  3.4294E-01  7.1387E-02  1.0996E+00 -5.4191E-02
  3.3332E-01 -5.8802E-01 -8.4994E-03  3.4288E-01  5.3593E-02  1.1002E+00 -2.6635E-02
  3.3479E-01 -5.8312E-01 -8.5032E-03  3.4286E-01  4.6541E-02  1.1007E+00  1.1281E-03
  3.3625E-01 -5.7822E-01 -8.5081E-03  3.4288E-01  5.4855E-02  1.1010E+00  2.9040E-02
  3.3772E-01 -5.7332E-01 -8.5140E-03  3.4294E-01  7.3632E-02  1.1012E+00  5.7060E-02
  3.3919E-01 -5.6842E-01 -8.5210E-03  3.4305E-01  9.7042E-02  1.1013E+00  8.5158E-02
  3.4066E-01 -5.6352E-01 -8.5289E-03  3.4319E-01  1.2249E-01  1.1015E+00  1.1332E-01
  3.4213E-01 -5.5862E-01 -8.5380E-03  3.4338E-01  1.4899E-01  1.1017E+00  1.4155E-01
  3.4360E-01 -5.5372E-01 -8.5480E-03  3.4361E-01  1.7608E-01  1.1017E+00  1.6984E-01
  3.4518E-01 -5.4846E-01 -8.5600E-03  3.4390E-01  2.0558E-01  1.1017E+00  2.0027E-01
  3.4665E-01 -5.4356E-01 -8.5722E-03  3.4422E-01  2.3328E-01  1.1017E+00  2.2862E-01
  3.4811E-01 -5.3866E-01 -8.5854E-03  3.4457E-01  2.6115E-01  1.1017E+00  2.5700E-01
  3.4958E-01 -5.3376E-01 -8.5997E-03  3.4497E-01  2.8914E-01  1.1017E+00  2.8541E-01
  3.5105E-01 -5.2886E-01 -8.6151E-03  3.4541E-01  3.1724E-01  1.1016E+00  3.1386E-01
  3.5252E-01 -5.2396E-01 -8.6315E-03  3.4589E-01  3.4544E-01  1.1016E+00  3.4234E-01
  3.5399E-01 -5.1906E-01 -8.6489E-03  3.4642E-01  3.7371E-01  1.1016E+00  3.7086E-01
  3.5546E-01 -5.1416E-01 -8.6674E-03  3.4698E-01  4.0207E-01  1.1016E+00  3.9943E-01
  3.5693E-01 -5.0926E-01 -8.6870E-03  3.4759E-01  4.3050E-01  1.1016E+00  4.2805E-01
  3.5851E-01 -5.0399E-01 -8.7092E-03  3.4829E-01  4.6113E-01  1.1015E+00  4.5885E-01
  3.5997E-01 -4.9909E-01 -8.7309E-03  3.4899E-01  4.8972E-01  1.1015E+00  4.8757E-01
  3.6144E-01 -4.9419E-01 -8.7537E-03  3.4973E-01  5.1838E-01  1.1015E+00  5.1636E-01
  3.6291E-01 -4.8929E-01 -8.7776E-03  3.5051E-01  5.4711E-01  1.1014E+00  5.4521E-01
  3.6438E-01 -4.8439E-01 -8.8026E-03  3.5133E-01  5.7592E-01  1.1014E+00  5.7413E-01
  3.6585E-01 -4.7949E-01 -8.8286E-03  3.5219E-01  6.0481E-01  1.1013E+00  6.0311E-01
  3.6732E-01 -4.7459E-01 -8.8557E-03  3.5310E-01  6.3378E-01  1.1013E+00  6.3217E-01
  3.6879E-01 -4.6969E-01 -8.8839E-03  3.5405E-01  6.6284E-01  1.1012E+00  6.6130E-01
  3.7026E-01 -4.6479E-01 -8.9131E-03  3.5504E-01  6.9198E-01  1.1012E+00  6.9052E-01
  3.7183E-01 -4.5953E-01 -8.9458E-03  3.5616E-01  7.2338E-01  1.1011E+00  7.2200E-01
  3.7330E-01 -4.5463E-01 -8.9773E-03  3.5724E-01  7.5271E-01  1.1010E+00  7.5139E-01
  3.7477E-01 -4.4973E-01 -9.0099E-03  3.5837E-01  7.8214E-01  1.1009E+00  7.8087E-01
  3.7624E-01 -4.4483E-01 -9.0436E-03  3.5954E-01  8.1166E-01  1.1008E+00  8.1045E-01
  3.7771E-01 -4.3993E-01 -9.0784E-03  3.6075E-01  8.4129E-01  1.1008E+00  8.4012E-01
  3.7918E-01 -4.3503E-01 -9.1143E-03  3.6200E-01  8.7101E-01  1.1007E+00  8.6990E-01
  3.8065E-01 -4.3013E-01 -9.1513E-03  3.6330E-01  9.0085E-01  1.1005E+00  8.9978E-01
  3.8212E-01 -4.2523E-01 -9.1895E-03  3.6465E-01  9.3080E-01  1.1004E+00  9.2977E-01
  3.8358E-01 -4.2033E-01 -9.2287E-03  3.6604E-01  9.6086E-01  1.1003E+00  9.5987E-01
  3.8516E-01 -4.1507E-01 -9.2722E-03  3.6758E-01  9.9329E-01  1.1002E+00  9.9234E-01
  3.8663E-01 -4.1017E-01 -9.3138E-03  3.6906E-01  1.0236E+00  1.1000E+00  1.0227E+00
  3.8810E-01 -4.0527E-01 -9.3565E-03  3.7058E-01  1.0540E+00  1.0999E+00  1.0532E+00
  3.8957E-01 -4.0037E-01 -9.4003E-03  3.7215E-01  1.0846E+00  1.0997E+00  1.0838E+00
  3.9104E-01 -3.9547E-01 -9.4454E-03  3.7377E-01  1.1153E+00  1.0996E+00  1.1145E+00
  3.9251E-01 -3.9057E-01 -9.4915E-03  3.7543E-01  1.1461E+00  1.0994E+00  1.1454E+00
  3.9398E-01 -3.8567E-01 -9.5388E-03  3.7713E-01  1.1771E+00  1.0990E+00  1.1764E+00
  3.9544E-01 -3.8077E-01 -9.5873E-03  3.7888E-01  1.2082E+00  1.0986E+00  1.2074E+00
  3.9691E-01 -3.7587E-01 -9.6369E-03  3.8068E-01  1.2393E+00  1.0982E+00  1.2386E+00
  3.9849E-01 -3.7060E-01 -9.6916E-03  3.8266E-01  1.2729E+00  1.0977E+00  1.2722E+00
  3.9996E-01 -3.6570E-01 -9.7436E-03  3.8455E-01  1.3042E+00  1.0971E+00  1.3036E+00
  4.0143E-01 -3.6080E-01 -9.7969E-03  3.8649E-01  1.3356E+00  1.0964E+00  1.3349E+00
  4.0290E-01 -3.5590E-01 -9.8513E-03  3.8848E-01  1.3669E+00  1.0953E+00  1.3663E+00
  4.0437E-01 -3.5100E-01 -9.9068E-03  3.9051E-01  1.3982E+00  1.0940E+00  1.3976E+00
  4.0583E-01 -3.4610E-01 -9.9636E-03  3.9258E-01  1.4293E+00  1.0922E+00  1.4288E+00
  4.0730E-01 -3.4120E-01 -1.0021E-02  3.9471E-01  1.4602E+00  1.0899E+00  1.4596E+00
  4.0877E-01 -3.3630E-01 -1.0080E-02  3.9687E-01  1.4905E+00  1.0868E+00  1.4899E+00
  4.1024E-01 -3.3140E-01 -1.0141E-02  3.9908E-01  1.5200E+00  1.0829E+00  1.5195E+00
  4.1182E-01 -3.2614E-01 -1.0206E-02  4.0151E-01  1.5506E+00  1.0779E+00  1.5501E+00
  4.1329E-01 -3.2124E-01 -1.0269E-02  4.0380E-01  1.5775E+00  1.0727E+00  1.5771E+00
  4.1476E-01 -3.1634E-01 -1.0332E-02  4.0614E-01  1.6026E+00  1.0675E+00  1.6021E+00
  4.1623E-01 -3.1144E-01 -1.0396E-02  4.0851E-01  1.6253E+00  1.0632E+00  1.6248E+00
  4.1769E-01 -3.0654E-01 -1.0460E-02  4.1091E-01  1.6453E+00  1.0606E+00  1.6448E+00
  4.1916E-01 -3.0164E-01 -1.0526E-02  4.1334E-01  1.6623E+00  1.0604E+00  1.6619E+00
  4.2063E-01 -2.9674E-01 -1.0592E-02  4.1580E-01  1.6764E+00  1.0629E+00  1.6760E+00
  4.2210E-01 -2.9184E-01 -1.0658E-02  4.1827E-01  1.6877E+00  1.0673E+00  1.6873E+00
  4.2357E-01 -2.8694E-01 -1.0724E-02  4.2075E-01  1.6965E+00  1.0729E+00  1.6961E+00
  4.2515E-01 -2.8167E-01 -1.0796E-02  4.2344E-01  1.7036E+00  1.0792E+00  1.7032E+00
  4.2662E-01 -2.7677E-01 -1.0863E-02  4.2594E-01  1.7084E+00  1.0846E+00  1.7080E+00
  4.2809E-01 -2.7187E-01 -1.0930E-02  4.2845E-01  1.7120E+00  1.0892E+00  1.7116E+00
  4.2955E-01 -2.6697E-01 -1.0997E-02  4.3097E-01  1.7145E+00  1.0930E+00  1.7141E+00
  4.3102E-01 -2.6207E-01 -1.1064E-02  4.3349E-01  1.7163E+00  1.0961E+00  1.7159E+00
  4.3249E-01 -2.5717E-01 -1.1132E-02  4.3601E-01  1.7176E+00  1.0984E+00  1.7172E+00
  4.3396E-01 -2.5227E-01 -1.1199E-02  4.3853E-01  1.7185E+00  1.1003E+00  1.7181E+00
  4.3543E-01 -2.4737E-01 -1.1266E-02  4.4106E-01  1.7191E+00  1.1017E+00  1.7187E+00
  4.3690E-01 -2.4247E-01 -1.1333E-02  4.4358E-01  1.7196E+00  1.1029E+00  1.7192E+00
  4.3848E-01 -2.3721E-01 -1.1406E-02  4.4630E-01  1.7199E+00  1.1038E+00  1.7195E+00
  4.3995E-01 -2.3231E-01 -1.1473E-02  4.4883E-01  1.7201E+00  1.1046E+00  1.7197E+00
  4.4141E-01 -2.2741E-01 -1.1540E-02  4.5135E-01  1.7203E+00  1.1052E+00  1.7199E+00
  4.4288E-01 -2.2251E-01 -1.1608E-02  4.5388E-01  1.7203E+00  1.1060E+00  1.7200E+00
  4.4435E-01 -2.1761E-01 -1.1675E-02  4.5641E-01  1.7204E+00  1.1066E+00  1.7200E+00
  4.4582E-01 -2.1271E-01 -1.1742E-02  4.5893E-01  1.7204E+00  1.1070E+00  1.7200E+00
  4.4729E-01 -2.0781E-01 -1.1810E-02  4.6146E-01  1.7204E+00  1.1074E+00  1.7200E+00
  4.4876E-01 -2.0291E-01 -1.1877E-02  4.6399E-01  1.7204E+00  1.1078E+00  1.7200E+00
  4.5023E-01 -1.9801E-01 -1.1944E-02  4.6651E-01  1.7204E+00  1.1082E+00  1.7200E+00
  4.5181E-01 -1.9274E-01 -1.2017E-02  4.6923E-01  1.7204E+00  1.1086E+00  1.7200E+00
  4.5327E-01 -1.8784E-01 -1.2084E-02  4.7176E-01  1.7204E+00  1.1090E+00  1.7200E+00
  4.5474E-01 -1.8294E-01 -1.2151E-02  4.7428E-01  1.7204E+00  1.1094E+00  1.7200E+00
  4.5621E-01 -1.7804E-01 -1.2219E-02  4.7681E-01  1.7204E+00  1.1098E+00  1.7200E+00
  4.5768E-01 -1.7314E-01 -1.2286E-02  4.7934E-01  1.7204E+00  1.1102E+00  1.7200E+00
  4.5915E-01 -1.6824E-01 -1.2353E-02  4.8186E-01  1.7204E+00  1.1106E+00  1.7200E+00
  4.6062E-01 -1.6334E-01 -1.2421E-02  4.8439E-01  1.7204E+00  1.1110E+00  1.7200E+00
  4.6209E-01 -1.5844E-01 -1.2488E-02  4.8692E-01  1.7204E+00  1.1114E+00  1.7200E+00
  4.6356E-01 -1.5354E-01 -1.2555E-02  4.8944E-01  1.7204E+00  1.1118E+00  1.7201E+00
  4.6513E-01 -1.4828E-01 -1.2628E-02  4.9216E-01  1.7204E+00  1.1123E+00  1.7201E+00
  4.6660E-01 -1.4338E-01 -1.2695E-02  4.9469E-01  1.7204E+00  1.1127E+00  1.7201E+00
  4.6807E-01 -1.3848E-01 -1.2762E-02  4.9721E-01  1.7204E+00  1.1131E+00  1.7201E+00
  4.6954E-01 -1.3358E-01 -1.2830E-02  4.9974E-01  1.7204E+00  1.1135E+00  1.7201E+00
  4.7101E-01 -1.2868E-01 -1.2897E-02  5.0227E-01  1.7204E+00  1.1139E+00  1.7201E+00
  4.7248E-01 -1.2378E-01 -1.2964E-02  5.0479E-01  1.7204E+00  1.1143E+00  1.7201E+00
  4.7395E-01 -1.1888E-01 -1.3032E-02  5.0732E-01  1.7204E+00  1.1148E+00  1.7201E+00
  4.7542E-01 -1.1398E-01 -1.3099E-02  5.0985E-01  1.7204E+00  1.1152E+00  1.7201E+00
  4.7688E-01 -1.0908E-01 -1.3166E-02  5.1238E-01  1.7204E+00  1.1156E+00  1.7201E+00
  4.7846E-01 -1.0381E-01 -1.3239E-02  5.1509E-01  1.7204E+00  1.1161E+00  1.7201E+00
  4.7993E-01 -9.8910E-02 -1.3306E-02  5.1762E-01  1.7204E+00  1.1165E+00  1.7201E+00
  4.8140E-01 -9.4010E-02 -1.3373E-02  5.2015E-01  1.7204E+00  1.1169E+00  1.7201E+00
  4.8287E-01 -8.9110E-02 -1.3441E-02  5.2267E-01  1.7204E+00  1.1174E+00  1.7201E+00
  4.8434E-01 -8.4210E-02 -1.3508E-02  5.2520E-01  1.7204E+00  1.1178E+00  1.7201E+00
  4.8581E-01 -7.9310E-02 -1.3575E-02  5.2773E-01  1.7204E+00  1.1182E+00  1.7201E+00
  4.8727E-01 -7.4410E-02 -1.3643E-02  5.3025E-01  1.7204E+00  1.1187E+00  1.7201E+00
  4.8874E-01 -6.9510E-02 -1.3710E-02  5.3278E-01  1.7204E+00  1.1191E+00  1.7201E+00
  4.9021E-01 -6.4610E-02 -1.3777E-02  5.3531E-01  1.7204E+00  1.1196E+00  1.7201E+00
  4.9179E-01 -5.9345E-02 -1.3850E-02  5.3802E-01  1.7204E+00  1.1200E+00  1.7201E+00
  4.9326E-01 -5.4445E-02 -1.3917E-02  5.4055E-01  1.7204E+00  1.1205E+00  1.7201E+00
  4.9473E-01 -4.9545E-02 -1.3984E-02  5.4308E-01  1.7204E+00  1.1209E+00  1.7201E+00
  4.9620E-01 -4.4645E-02 -1.4052E-02  5.4560E-01  1.7204E+00  1.1214E+00  1.7201E+00
  4.9767E-01 -3.9745E-02 -1.4119E-02  5.4813E-01  1.7204E+00  1.1219E+00  1.7201E+00
  4.9913E-01 -3.4845E-02 -1.4186E-02  5.5066E-01  1.7204E+00  1.1223E+00  1.7201E+00
  5.0060E-01 -2.9945E-02 -1.4254E-02  5.5319E-01  1.7204E+00  1.1228E+00  1.7201E+00
  5.0207E-01 -2.5045E-02 -1.4321E-02  5.5571E-01  1.7204E+00  1.1232E+00  1.7202E+00
  5.0354E-01 -2.0145E-02 -1.4388E-02  5.5824E-01  1.7204E+00  1.1237E+00  1.7202E+00
  5.0512E-01 -1.4880E-02 -1.4461E-02  5.6096E-01  1.7204E+00  1.1242E+00  1.7202E+00
  5.0659E-01 -9.9798E-03 -1.4528E-02  5.6348E-01  1.7204E+00  1.1247E+00  1.7202E+00
  5.0806E-01 -5.0798E-03 -1.4595E-02  5.6601E-01  1.7204E+00  1.1251E+00  1.7202E+00
  5.0953E-01 -1.7976E-04 -1.4663E-02  5.6854E-01  1.7204E+00  1.1256E+00  1.7202E+00
  5.1099E-01  4.7202E-03 -1.4730E-02  5.7106E-01  1.7204E+00  1.1261E+00  1.7202E+00
  5.1246E-01  9.6202E-03 -1.4797E-02  5.7359E-01  1.7204E+00  1.1265E+00  1.7202E+00
  5.1393E-01  1.4520E-02 -1.4865E-02  5.7612E-01  1.7204E+00  1.1270E+00  1.7202E+00
  5.1540E-01  1.9420E-02 -1.4932E-02  5.7865E-01  1.7204E+00  1.1275E+00  1.7202E+00
  5.1687E-01  2.4320E-02 -1.4999E-02  5.8117E-01  1.7204E+00  1.1280E+00  1.7202E+00
  5.1845E-01  2.9585E-02 -1.5072E-02  5.8389E-01  1.7204E+00  1.1285E+00  1.7202E+00
  5.1992E-01  3.4485E-02 -1.5139E-02  5.8642E-01  1.7204E+00  1.1290E+00  1.7202E+00
  5.2139E-01  3.9385E-02 -1.5206E-02  5.8894E-01  1.7204E+00  1.1295E+00  1.7202E+00
  5.2285E-01  4.4285E-02 -1.5274E-02  5.9147E-01  1.7204E+00  1.1300E+00  1.7202E+00
  5.2432E-01  4.9185E-02 -1.5341E-02  5.9400E-01  1.7204E+00  1.1305E+00  1.7202E+00
  5.2579E-01  5.4085E-02 -1.5408E-02  5.9652E-01  1.7204E+00  1.1309E+00  1.7202E+00
  5.2726E-01  5.8985E-02 -1.5476E-02  5.9905E-01  1.7204E+00  1.1314E+00  1.7202E+00
  5.2873E-01  6.3885E-02 -1.5543E-02  6.0158E-01  1.7204E+00  1.1319E+00  1.7202E+00
  5.3020E-01  6.8785E-02 -1.5610E-02  6.0411E-01  1.7204E+00  1.1324E+00  1.7202E+00
  5.3178E-01  7.4051E-02 -1.5683E-02  6.0682E-01  1.7204E+00  1.1330E+00  1.7202E+00
  5.3325E-01  7.8951E-02 -1.5750E-02  6.0935E-01  1.7204E+00  1.1335E+00  1.7202E+00
  5.3471E-01  8.3851E-02 -1.5817E-02  6.1188E-01  1.7204E+00  1.1340E+00  1.7202E+00
  5.3618E-01  8.8751E-02 -1.5885E-02  6.1440E-01  1.7204E+00  1.1345E+00  1.7202E+00
  5.3765E-01  9.3651E-02 -1.5952E-02  6.1693E-01  1.7204E+00  1.1350E+00  1.7202E+00
  5.3912E-01  9.8551E-02 -1.6019E-02  6.1946E-01  1.7204E+00  1.1355E+00  1.7202E+00
  5.4059E-01  1.0345E-01 -1.6087E-02  6.2198E-01  1.7204E+00  1.1360E+00  1.7202E+00
  5.4206E-01  1.0835E-01 -1.6154E-02  6.2451E-01  1.7204E+00  1.1365E+00  1.7202E+00
  5.4353E-01  1.1325E-01 -1.6221E-02  6.2704E-01  1.7204E+00  1.1371E+00  1.7202E+00
  5.4510E-01  1.1852E-01 -1.6294E-02  6.2975E-01  1.7204E+00  1.1376E+00  1.7202E+00
  5.4657E-01  1.2342E-01 -1.6361E-02  6.3228E-01  1.7204E+00  1.1381E+00  1.7202E+00
  5.4804E-01  1.2832E-01 -1.6428E-02  6.3481E-01  1.7204E+00  1.1387E+00  1.7202E+00
  5.4951E-01  1.3322E-01 -1.6496E-02  6.3734E-01  1.7204E+00  1.1392E+00  1.7202E+00
  5.5098E-01  1.3812E-01 -1.6563E-02  6.3986E-01  1.7204E+00  1.1397E+00  1.7202E+00
  5.5245E-01  1.4302E-01 -1.6630E-02  6.4239E-01  1.7204E+00  1.1402E+00  1.7202E+00
  5.5392E-01  1.4792E-01 -1.6698E-02  6.4492E-01  1.7204E+00  1.1408E+00  1.7202E+00
  5.5539E-01  1.5282E-01 -1.6765E-02  6.4745E-01  1.7204E+00  1.1413E+00  1.7203E+00
  5.5686E-01  1.5772E-01 -1.6832E-02  6.4997E-01  1.7204E+00  1.1418E+00  1.7203E+00
  5.5843E-01  1.6298E-01 -1.6905E-02  6.5269E-01  1.7204E+00  1.1424E+00  1.7203E+00
  5.5990E-01  1.6788E-01 -1.6972E-02  6.5522E-01  1.7204E+00  1.1429E+00  1.7203E+00
  5.6137E-01  1.7278E-01 -1.7039E-02  6.5774E-01  1.7204E+00  1.1435E+00  1.7203E+00
  5.6284E-01  1.7768E-01 -1.7107E-02  6.6027E-01  1.7204E+00  1.1440E+00  1.7203E+00
  5.6431E-01  1.8258E-01 -1.7174E-02  6.6280E-01  1.7204E+00  1.1446E+00  1.7203E+00
  5.6578E-01  1.8748E-01 -1.7241E-02  6.6533E-01  1.7204E+00  1.1451E+00  1.7203E+00
  5.6725E-01  1.9238E-01 -1.7309E-02  6.6785E-01  1.7205E+00  1.1457E+00  1.7203E+00
  5.6871E-01  1.9728E-01 -1.7376E-02  6.7038E-01  1.7205E+00  1.1462E+00  1.7203E+00
  5.7018E-01  2.0218E-01 -1.7443E-02  6.7291E-01  1.7205E+00  1.1468E+00  1.7203E+00
  5.7176E-01  2.0745E-01 -1.7516E-02  6.7562E-01  1.7205E+00  1.1473E+00  1.7203E+00
  5.7323E-01  2.1235E-01 -1.7583E-02  6.7815E-01  1.7205E+00  1.1479E+00  1.7203E+00
  5.7470E-01  2.1725E-01 -1.7650E-02  6.8068E-01  1.7205E+00  1.1485E+00  1.7203E+00
  5.7617E-01  2.2215E-01 -1.7718E-02  6.8320E-01  1.7205E+00  1.1490E+00  1.7203E+00
  5.7764E-01  2.2705E-01 -1.7785E-02  6.8573E-01  1.7205E+00  1.1496E+00  1.7203E+00
  5.7911E-01  2.3195E-01 -1.7852E-02  6.8826E-01  1.7205E+00  1.1501E+00  1.7203E+00
  5.8057E-01  2.3685E-01 -1.7920E-02  6.9079E-01  1.7205E+00  1.1507E+00  1.7203E+00
  5.8204E-01  2.4175E-01 -1.7987E-02  6.9331E-01  1.7205E+00  1.1513E+00  1.7203E+00
  5.8351E-01  2.4665E-01 -1.8054E-02  6.9584E-01  1.7204E+00  1.1520E+00  1.7203E+00
  5.8509E-01  2.5191E-01 -1.8127E-02  6.9856E-01  1.7203E+00  1.1541E+00  1.7202E+00
  5.8656E-01  2.5681E-01 -1.8194E-02  7.0108E-01  1.7201E+00  1.1554E+00  1.7199E+00
  5.8803E-01  2.6171E-01 -1.8261E-02  7.0361E-01  1.7198E+00  1.1571E+00  1.7196E+00
  5.8950E-01  2.6661E-01 -1.8329E-02  7.0614E-01  1.7193E+00  1.1592E+00  1.7192E+00
  5.9097E-01  2.7151E-01 -1.8396E-02  7.0866E-01  1.7187E+00  1.1621E+00  1.7185E+00
  5.9243E-01  2.7641E-01 -1.8463E-02  7.1119E-01  1.7177E+00  1.1661E+00  1.7176E+00
  5.9390E-01  2.8131E-01 -1.8530E-02  7.1371E-01  1.7164E+00  1.1717E+00  1.7162E+00
  5.9537E-01  2.8621E-01 -1.8597E-02  7.1623E-01  1.7144E+00  1.1796E+00  1.7143E+00
  5.9684E-01  2.9111E-01 -1.8664E-02  7.1874E-01  1.7117E+00  1.1910E+00  1.7115E+00
  5.9842E-01  2.9638E-01 -1.8736E-02  7.2144E-01  1.7074E+00  1.2088E+00  1.7072E+00
  5.9989E-01  3.0128E-01 -1.8803E-02  7.2395E-01  1.7018E+00  1.2329E+00  1.7016E+00
  6.0136E-01  3.0618E-01 -1.8869E-02  7.2644E-01  1.6940E+00  1.2672E+00  1.6938E+00
  6.0283E-01  3.1108E-01 -1.8935E-02  7.2892E-01  1.6835E+00  1.3148E+00  1.6833E+00
  6.0429E-01  3.1598E-01 -1.9000E-02  7.3139E-01  1.6695E+00  1.3784E+00  1.6692E+00
  6.0576E-01  3.2088E-01 -1.9064E-02  7.3383E-01  1.6513E+00  1.4586E+00  1.6510E+00
  6.0723E-01  3.2578E-01 -1.9128E-02  7.3624E-01  1.6285E+00  1.5534E+00  1.6282E+00
  6.0870E-01  3.3068E-01 -1.9190E-02  7.3861E-01  1.6006E+00  1.6572E+00  1.6003E+00
  6.1017E-01  3.3558E-01 -1.9252E-02  7.4093E-01  1.5678E+00  1.7623E+00  1.5675E+00
  6.1175E-01  3.4084E-01 -1.9316E-02  7.4338E-01  1.5274E+00  1.8681E+00  1.5270E+00
  6.1322E-01  3.4574E-01 -1.9374E-02  7.4559E-01  1.4856E+00  1.9541E+00  1.4851E+00
  6.1469E-01  3.5064E-01 -1.9430E-02  7.4774E-01  1.4403E+00  2.0255E+00  1.4397E+00
  6.1615E-01  3.5554E-01 -1.9484E-02  7.4982E-01  1.3922E+00  2.0821E+00  1.3916E+00
  6.1762E-01  3.6044E-01 -1.9537E-02  7.5183E-01  1.3420E+00  2.1255E+00  1.3414E+00
  6.1909E-01  3.6534E-01 -1.9587E-02  7.5376E-01  1.2901E+00  2.1580E+00  1.2895E+00
  6.2056E-01  3.7024E-01 -1.9635E-02  7.5561E-01  1.2370E+00  2.1818E+00  1.2363E+00
  6.2203E-01  3.7514E-01 -1.9682E-02  7.5739E-01  1.1830E+00  2.1991E+00  1.1822E+00
  6.2350E-01  3.8004E-01 -1.9726E-02  7.5909E-01  1.1283E+00  2.2115E+00  1.1275E+00
  6.2508E-01  3.8531E-01 -1.9771E-02  7.6082E-01  1.0689E+00  2.2210E+00  1.0681E+00
  6.2654E-01  3.9021E-01 -1.9811E-02  7.6235E-01  1.0133E+00  2.2272E+00  1.0124E+00
  6.2801E-01  3.9511E-01 -1.9848E-02  7.6379E-01  9.5730E-01  2.2316E+00  9.5636E-01
  6.2948E-01  4.0001E-01 -1.9884E-02  7.6516E-01  9.0111E-01  2.2348E+00  9.0012E-01
  6.3095E-01  4.0491E-01 -1.9917E-02  7.6644E-01  8.4474E-01  2.2373E+00  8.4368E-01
  6.3242E-01  4.0981E-01 -1.9948E-02  7.6764E-01  7.8817E-01  2.2409E+00  7.8704E-01
  6.3389E-01  4.1471E-01 -1.9977E-02  7.6875E-01  7.3144E-01  2.2420E+00  7.3022E-01
  6.3536E-01  4.1961E-01 -2.0003E-02  7.6978E-01  6.7464E-01  2.2421E+00  6.7332E-01
  6.3683E-01  4.2451E-01 -2.0028E-02  7.7073E-01  6.1778E-01  2.2423E+00  6.1634E-01
  6.3840E-01  4.2977E-01 -2.0052E-02  7.7165E-01  5.5664E-01  2.2424E+00  5.5505E-01
  6.3987E-01  4.3467E-01 -2.0072E-02  7.7243E-01  4.9971E-01  2.2425E+00  4.9794E-01
  6.4134E-01  4.3957E-01 -2.0090E-02  7.7311E-01  4.4277E-01  2.2425E+00  4.4077E-01
  6.4281E-01  4.4447E-01 -2.0105E-02  7.7372E-01  3.8586E-01  2.2426E+00  3.8356E-01
  6.4428E-01  4.4937E-01 -2.0119E-02  7.7424E-01  3.2900E-01  2.2426E+00  3.2631E-01
  6.4575E-01  4.5427E-01 -2.0130E-02  7.7468E-01  2.7228E-01  2.2426E+00  2.6902E-01
  6.4722E-01  4.5917E-01 -2.0139E-02  7.7503E-01  2.1582E-01  2.2426E+00  2.1171E-01
  6.4869E-01  4.6407E-01 -2.0146E-02  7.7530E-01  1.5996E-01  2.2425E+00  1.5437E-01
  6.5016E-01  4.6897E-01 -2.0150E-02  7.7548E-01  1.0568E-01  2.2425E+00  9.7009E-02
  6.5173E-01  4.7424E-01 -2.0153E-02  7.7559E-01  5.4836E-02  2.2424E+00  3.5369E-02
  6.5320E-01  4.7914E-01 -2.0153E-02  7.7560E-01  4.7329E-02  2.2424E+00 -2.2003E-02
  6.5467E-01  4.8404E-01 -2.0150E-02  7.7552E-01  8.9756E-02  2.2423E+00 -7.9372E-02
  6.5614E-01  4.8894E-01 -2.0146E-02  7.7536E-01  1.4301E-01  2.2423E+00 -1.3673E-01
  6.5761E-01  4.9384E-01 -2.0139E-02  7.7512E-01  1.9856E-01  2.2423E+00 -1.9408E-01
  6.5908E-01  4.9874E-01 -2.0131E-02  7.7479E-01  2.5488E-01  2.2422E+00 -2.5140E-01
  6.6055E-01  5.0364E-01 -2.0120E-02  7.7438E-01  3.1154E-01  2.2422E+00 -3.0870E-01
  6.6201E-01  5.0854E-01 -2.0106E-02  7.7389E-01  3.6836E-01  2.2422E+00 -3.6596E-01
  6.6348E-01  5.1344E-01 -2.0091E-02  7.7331E-01  4.2527E-01  2.2422E+00 -4.2319E-01
  6.6506E-01  5.1870E-01 -2.0072E-02  7.7259E-01  4.8644E-01  2.2423E+00 -4.8462E-01
  6.6653E-01  5.2360E-01 -2.0052E-02  7.7183E-01  5.4338E-01  2.2424E+00 -5.4174E-01
  6.6800E-01  5.2850E-01 -2.0030E-02  7.7100E-01  6.0029E-01  2.2424E+00 -5.9880E-01
  6.6947E-01  5.3340E-01 -2.0006E-02  7.7007E-01  6.5716E-01  2.2426E+00 -6.5580E-01
  6.7094E-01  5.3830E-01 -1.9979E-02  7.6907E-01  7.1398E-01  2.2427E+00 -7.1273E-01
  6.7241E-01  5.4320E-01 -1.9950E-02  7.6798E-01  7.7074E-01  2.2429E+00 -7.6958E-01
  6.7387E-01  5.4810E-01 -1.9919E-02  7.6681E-01  8.2743E-01  2.2431E+00 -8.2634E-01
  6.7534E-01  5.5300E-01 -1.9886E-02  7.6555E-01  8.8404E-01  2.2434E+00 -8.8302E-01
  6.7681E-01  5.5790E-01 -1.9851E-02  7.6421E-01  9.4056E-01  2.2437E+00 -9.3959E-01
  6.7839E-01  5.6317E-01 -1.9811E-02  7.6268E-01  1.0012E+00  2.2441E+00 -1.0003E+00
  6.7986E-01  5.6807E-01 -1.9771E-02  7.6117E-01  1.0575E+00  2.2445E+00 -1.0566E+00
  6.8133E-01  5.7297E-01 -1.9729E-02  7.5958E-01  1.1137E+00  2.2449E+00 -1.1129E+00
  6.8280E-01  5.7787E-01 -1.9685E-02  7.5790E-01  1.1698E+00  2.2454E+00 -1.1690E+00
  6.8427E-01  5.8277E-01 -1.9639E-02  7.5614E-01  1.2257E+00  2.2448E+00 -1.2250E+00
  6.8573E-01  5.8767E-01 -1.9591E-02  7.5430E-01  1.2814E+00  2.2421E+00 -1.2807E+00
  6.8720E-01  5.9257E-01 -1.9540E-02  7.5238E-01  1.3369E+00  2.2407E+00 -1.3362E+00
  6.8867E-01  5.9747E-01 -1.9487E-02  7.5037E-01  1.3921E+00  2.2386E+00 -1.3915E+00
  6.9014E-01  6.0237E-01 -1.9433E-02  7.4829E-01  1.4471E+00  2.2353E+00 -1.4464E+00
  6.9172E-01  6.0763E-01 -1.9372E-02  7.4596E-01  1.5057E+00  2.2299E+00 -1.5051E+00
  6.9319E-01  6.1253E-01 -1.9313E-02  7.4371E-01  1.5597E+00  2.2224E+00 -1.5591E+00
  6.9466E-01  6.1743E-01 -1.9251E-02  7.4138E-01  1.6132E+00  2.2114E+00 -1.6126E+00
  6.9613E-01  6.2233E-01 -1.9188E-02  7.3897E-01  1.6659E+00  2.1957E+00 -1.6654E+00
  6.9759E-01  6.2723E-01 -1.9123E-02  7.3648E-01  1.7176E+00  2.1737E+00 -1.7171E+00
  6.9906E-01  6.3213E-01 -1.9056E-02  7.3392E-01  1.7679E+00  2.1434E+00 -1.7674E+00
  7.0053E-01  6.3703E-01 -1.8987E-02  7.3129E-01  1.8165E+00  2.1025E+00 -1.8160E+00
  7.0200E-01  6.4193E-01 -1.8917E-02  7.2859E-01  1.8627E+00  2.0491E+00 -1.8623E+00
  7.0347E-01  6.4683E-01 -1.8844E-02  7.2582E-01  1.9061E+00  1.9820E+00 -1.9056E+00
  7.0505E-01  6.5210E-01 -1.8765E-02  7.2278E-01  1.9487E+00  1.8949E+00 -1.9483E+00
  7.0652E-01  6.5700E-01 -1.8690E-02  7.1989E-01  1.9840E+00  1.8029E+00 -1.9836E+00
  7.0799E-01  6.6190E-01 -1.8613E-02  7.1695E-01  2.0146E+00  1.7057E+00 -2.0143E+00
  7.0945E-01  6.6680E-01 -1.8536E-02  7.1397E-01  2.0403E+00  1.6100E+00 -2.0400E+00
  7.1092E-01  6.7170E-01 -1.8458E-02  7.1096E-01  2.0612E+00  1.5224E+00 -2.0610E+00
  7.1239E-01  6.7660E-01 -1.8379E-02  7.0792E-01  2.0777E+00  1.4476E+00 -2.0775E+00
  7.1386E-01  6.8150E-01 -1.8300E-02  7.0486E-01  2.0904E+00  1.3874E+00 -2.0902E+00
  7.1533E-01  6.8640E-01 -1.8221E-02  7.0178E-01  2.0998E+00  1.3414E+00 -2.0996E+00
  7.1680E-01  6.9130E-01 -1.8141E-02  6.9869E-01  2.1067E+00  1.3076E+00 -2.1065E+00
  7.1838E-01  6.9656E-01 -1.8055E-02  6.9536E-01  2.1120E+00  1.2819E+00 -2.1118E+00
  7.1984E-01  7.0146E-01 -1.7975E-02  6.9225E-01  2.1154E+00  1.2655E+00 -2.1153E+00
  7.2131E-01  7.0636E-01 -1.7895E-02  6.8914E-01  2.1179E+00  1.2543E+00 -2.1177E+00
  7.2278E-01  7.1126E-01 -1.7815E-02  6.8603E-01  2.1196E+00  1.2468E+00 -2.1194E+00
  7.2425E-01  7.1616E-01 -1.7735E-02  6.8292E-01  2.1207E+00  1.2420E+00 -2.1206E+00
  7.2572E-01  7.2106E-01 -1.7654E-02  6.7980E-01  2.1216E+00  1.2390E+00 -2.1214E+00
  7.2719E-01  7.2596E-01 -1.7574E-02  6.7668E-01  2.1221E+00  1.2373E+00 -2.1220E+00
  7.2866E-01  7.3086E-01 -1.7494E-02  6.7357E-01  2.1225E+00  1.2365E+00 -2.1224E+00
  7.3013E-01  7.3576E-01 -1.7414E-02  6.7045E-01  2.1228E+00  1.2363E+00 -2.1226E+00
  7.3170E-01  7.4103E-01 -1.7327E-02  6.6710E-01  2.1230E+00  1.2364E+00 -2.1228E+00
  7.3317E-01  7.4593E-01 -1.7247E-02  6.6398E-01  2.1231E+00  1.2360E+00 -2.1229E+00
  7.3464E-01  7.5083E-01 -1.7167E-02  6.6086E-01  2.1231E+00  1.2368E+00 -2.1229E+00
  7.3611E-01  7.5573E-01 -1.7086E-02  6.5774E-01  2.1231E+00  1.2379E+00 -2.1229E+00
  7.3758E-01  7.6063E-01 -1.7006E-02  6.5462E-01  2.1231E+00  1.2391E+00 -2.1229E+00
  7.3905E-01  7.6553E-01 -1.6926E-02  6.5150E-01  2.1231E+00  1.2403E+00 -2.1229E+00
  7.4052E-01  7.7043E-01 -1.6846E-02  6.4838E-01  2.1231E+00  1.2415E+00 -2.1229E+00
  7.4199E-01  7.7533E-01 -1.6765E-02  6.4527E-01  2.1231E+00  1.2426E+00 -2.1229E+00
  7.4345E-01  7.8023E-01 -1.6685E-02  6.4215E-01  2.1231E+00  1.2438E+00 -2.1229E+00
  7.4503E-01  7.8549E-01 -1.6599E-02  6.3880E-01  2.1231E+00  1.2451E+00 -2.1229E+00
  7.4650E-01  7.9039E-01 -1.6518E-02  6.3568E-01  2.1231E+00  1.2463E+00 -2.1229E+00
  7.4797E-01  7.9529E-01 -1.6438E-02  6.3256E-01  2.1231E+00  1.2475E+00 -2.1229E+00
  7.4944E-01  8.0019E-01 -1.6358E-02  6.2944E-01  2.1231E+00  1.2487E+00 -2.1229E+00
  7.5091E-01  8.0509E-01 -1.6277E-02  6.2632E-01  2.1231E+00  1.2499E+00 -2.1229E+00
  7.5238E-01  8.0999E-01 -1.6197E-02  6.2320E-01  2.1231E+00  1.2511E+00 -2.1229E+00
  7.5385E-01  8.1489E-01 -1.6117E-02  6.2008E-01  2.1231E+00  1.2523E+00 -2.1229E+00
  7.5531E-01  8.1979E-01 -1.6037E-02  6.1696E-01  2.1231E+00  1.2535E+00 -2.1229E+00
  7.5678E-01  8.2469E-01 -1.5956E-02  6.1385E-01  2.1231E+00  1.2547E+00 -2.1228E+00
  7.5836E-01  8.2996E-01 -1.5870E-02  6.1049E-01  2.1231E+00  1.2560E+00 -2.1228E+00
  7.5983E-01  8.3486E-01 -1.5790E-02  6.0738E-01  2.1231E+00  1.2572E+00 -2.1228E+00
  7.6130E-01  8.3976E-01 -1.5709E-02  6.0426E-01  2.1231E+00  1.2584E+00 -2.1228E+00
  7.6277E-01  8.4466E-01 -1.5629E-02  6.0114E-01  2.1230E+00  1.2597E+00 -2.1228E+00
  7.6424E-01  8.4956E-01 -1.5549E-02  5.9802E-01  2.1230E+00  1.2609E+00 -2.1228E+00
  7.6571E-01  8.5446E-01 -1.5468E-02  5.9490E-01  2.1230E+00  1.2621E+00 -2.1228E+00
  7.6717E-01  8.5936E-01 -1.5388E-02  5.9178E-01  2.1230E+00  1.2634E+00 -2.1228E+00
  7.6864E-01  8.6426E-01 -1.5308E-02  5.8866E-01  2.1230E+00  1.2646E+00 -2.1228E+00
  7.7011E-01  8.6916E-01 -1.5228E-02  5.8554E-01  2.1230E+00  1.2658E+00 -2.1228E+00
  7.7169E-01  8.7442E-01 -1.5141E-02  5.8219E-01  2.1230E+00  1.2672E+00 -2.1228E+00
  7.7316E-01  8.7932E-01 -1.5061E-02  5.7908E-01  2.1230E+00  1.2684E+00 -2.1228E+00
  7.7463E-01  8.8422E-01 -1.4981E-02  5.7596E-01  2.1230E+00  1.2697E+00 -2.1228E+00
  7.7610E-01  8.8912E-01 -1.4900E-02  5.7284E-01  2.1230E+00  1.2709E+00 -2.1228E+00
  7.7757E-01  8.9402E-01 -1.4820E-02  5.6972E-01  2.1230E+00  1.2722E+00 -2.1228E+00
  7.7903E-01  8.9892E-01 -1.4740E-02  5.6660E-01  2.1230E+00  1.2735E+00 -2.1228E+00
  7.8050E-01  9.0382E-01 -1.4659E-02  5.6348E-01  2.1230E+00  1.2747E+00 -2.1228E+00
  7.8197E-01  9.0872E-01 -1.4579E-02  5.6036E-01  2.1230E+00  1.2760E+00 -2.1228E+00
  7.8344E-01  9.1362E-01 -1.4499E-02  5.5724E-01  2.1230E+00  1.2773E+00 -2.1228E+00
  7.8502E-01  9.1889E-01 -1.4413E-02  5.5389E-01  2.1230E+00  1.2786E+00 -2.1228E+00
  7.8649E-01  9.2379E-01 -1.4332E-02  5.5078E-01  2.1230E+00  1.2799E+00 -2.1228E+00
  7.8796E-01  9.2869E-01 -1.4252E-02  5.4766E-01  2.1230E+00  1.2812E+00 -2.1228E+00
  7.8943E-01  9.3359E-01 -1.4172E-02  5.4454E-01  2.1230E+00  1.2825E+00 -2.1227E+00
  7.9089E-01  9.3849E-01 -1.4091E-02  5.4142E-01  2.1230E+00  1.2838E+00 -2.1227E+00
  7.9236E-01  9.4339E-01 -1.4011E-02  5.3830E-01  2.1230E+00  1.2851E+00 -2.1227E+00
  7.9383E-01  9.4829E-01 -1.3931E-02  5.3518E-01  2.1230E+00  1.2863E+00 -2.1227E+00
  7.9530E-01  9.5319E-01 -1.3850E-02  5.3206E-01  2.1230E+00  1.2876E+00 -2.1227E+00
  7.9677E-01  9.5809E-01 -1.3770E-02  5.2895E-01  2.1230E+00  1.2889E+00 -2.1227E+00
  7.9835E-01  9.6335E-01 -1.3684E-02  5.2559E-01  2.1230E+00  1.2903E+00 -2.1227E+00
  7.9982E-01  9.6825E-01 -1.3604E-02  5.2248E-01  2.1230E+00  1.2916E+00 -2.1227E+00
  8.0128E-01  9.7315E-01 -1.3523E-02  5.1936E-01  2.1230E+00  1.2930E+00 -2.1227E+00
  8.0275E-01  9.7805E-01 -1.3443E-02  5.1624E-01  2.1230E+00  1.2943E+00 -2.1227E+00
  8.0422E-01  9.8295E-01 -1.3363E-02  5.1312E-01  2.1230E+00  1.2956E+00 -2.1227E+00
  8.0569E-01  9.8785E-01 -1.3282E-02  5.1000E-01  2.1230E+00  1.2969E+00 -2.1227E+00
  8.0716E-01  9.9275E-01 -1.3202E-02  5.0688E-01  2.1230E+00  1.2982E+00 -2.1227E+00
  8.0863E-01  9.9765E-01 -1.3122E-02  5.0377E-01  2.1230E+00  1.2995E+00 -2.1227E+00
  8.1010E-01  1.0026E+00 -1.3041E-02  5.0065E-01  2.1230E+00  1.3009E+00 -2.1227E+00
  8.1168E-01  1.0078E+00 -1.2955E-02  4.9730E-01  2.1230E+00  1.3023E+00 -2.1227E+00
  8.1314E-01  1.0127E+00 -1.2875E-02  4.9418E-01  2.1230E+00  1.3036E+00 -2.1227E+00
  8.1461E-01  1.0176E+00 -1.2795E-02  4.9106E-01  2.1230E+00  1.3050E+00 -2.1226E+00
  8.1608E-01  1.0225E+00 -1.2714E-02  4.8794E-01  2.1230E+00  1.3063E+00 -2.1226E+00
  8.1755E-01  1.0274E+00 -1.2634E-02  4.8482E-01  2.1230E+00  1.3076E+00 -2.1226E+00
  8.1902E-01  1.0323E+00 -1.2554E-02  4.8170E-01  2.1230E+00  1.3090E+00 -2.1226E+00
  8.2049E-01  1.0372E+00 -1.2473E-02  4.7859E-01  2.1230E+00  1.3103E+00 -2.1226E+00
  8.2196E-01  1.0421E+00 -1.2393E-02  4.7547E-01  2.1230E+00  1.3117E+00 -2.1226E+00
  8.2343E-01  1.0470E+00 -1.2313E-02  4.7235E-01  2.1230E+00  1.3130E+00 -2.1226E+00
  8.2500E-01  1.0523E+00 -1.2226E-02  4.6900E-01  2.1230E+00  1.3145E+00 -2.1226E+00
  8.2647E-01  1.0572E+00 -1.2146E-02  4.6588E-01  2.1230E+00  1.3159E+00 -2.1226E+00
  8.2794E-01  1.0621E+00 -1.2066E-02  4.6276E-01  2.1230E+00  1.3172E+00 -2.1226E+00
  8.2941E-01  1.0670E+00 -1.1986E-02  4.5964E-01  2.1230E+00  1.3186E+00 -2.1226E+00
  8.3088E-01  1.0719E+00 -1.1905E-02  4.5653E-01  2.1230E+00  1.3200E+00 -2.1226E+00
  8.3235E-01  1.0768E+00 -1.1825E-02  4.5341E-01  2.1230E+00  1.3213E+00 -2.1226E+00
  8.3382E-01  1.0817E+00 -1.1745E-02  4.5029E-01  2.1230E+00  1.3227E+00 -2.1225E+00
  8.3529E-01  1.0866E+00 -1.1664E-02  4.4717E-01  2.1230E+00  1.3241E+00 -2.1225E+00
  8.3675E-01  1.0915E+00 -1.1584E-02  4.4405E-01  2.1230E+00  1.3255E+00 -2.1225E+00
  8.3833E-01  1.0967E+00 -1.1498E-02  4.4070E-01  2.1230E+00  1.3269E+00 -2.1225E+00
  8.3980E-01  1.1016E+00 -1.1417E-02  4.3758E-01  2.1230E+00  1.3283E+00 -2.1225E+00
  8.4127E-01  1.1065E+00 -1.1337E-02  4.3447E-01  2.1230E+00  1.3297E+00 -2.1225E+00
  8.4274E-01  1.1114E+00 -1.1257E-02  4.3135E-01  2.1230E+00  1.3311E+00 -2.1225E+00
  8.4421E-01  1.1163E+00 -1.1177E-02  4.2823E-01  2.1230E+00  1.3325E+00 -2.1225E+00
  8.4568E-01  1.1212E+00 -1.1096E-02  4.2511E-01  2.1230E+00  1.3339E+00 -2.1225E+00
  8.4715E-01  1.1261E+00 -1.1016E-02  4.2199E-01  2.1230E+00  1.3353E+00 -2.1225E+00
  8.4861E-01  1.1310E+00 -1.0936E-02  4.1888E-01  2.1230E+00  1.3367E+00 -2.1225E+00
  8.5008E-01  1.1359E+00 -1.0855E-02  4.1576E-01  2.1230E+00  1.3381E+00 -2.1224E+00
  8.5166E-01  1.1412E+00 -1.0769E-02  4.1241E-01  2.1230E+00  1.3396E+00 -2.1224E+00
  8.5313E-01  1.1461E+00 -1.0689E-02  4.0929E-01  2.1230E+00  1.3410E+00 -2.1224E+00
  8.5460E-01  1.1510E+00 -1.0608E-02  4.0617E-01  2.1230E+00  1.3424E+00 -2.1224E+00
  8.5607E-01  1.1559E+00 -1.0528E-02  4.0305E-01  2.1230E+00  1.3438E+00 -2.1224E+00
  8.5754E-01  1.1608E+00 -1.0448E-02  3.9993E-01  2.1229E+00  1.3453E+00 -2.1224E+00
  8.5901E-01  1.1657E+00 -1.0368E-02  3.9682E-01  2.1229E+00  1.3467E+00 -2.1224E+00
  8.6047E-01  1.1706E+00 -1.0287E-02  3.9370E-01  2.1229E+00  1.3481E+00 -2.1224E+00
  8.6194E-01  1.1755E+00 -1.0207E-02  3.9058E-01  2.1229E+00  1.3495E+00 -2.1224E+00
  8.6341E-01  1.1804E+00 -1.0127E-02  3.8746E-01  2.1229E+00  1.3510E+00 -2.1223E+00
  8.6499E-01  1.1857E+00 -1.0040E-02  3.8411E-01  2.1229E+00  1.3525E+00 -2.1223E+00
  8.6646E-01  1.1906E+00 -9.9600E-03  3.8100E-01  2.1229E+00  1.3539E+00 -2.1223E+00
  8.6793E-01  1.1955E+00 -9.8797E-03  3.7788E-01  2.1229E+00  1.3554E+00 -2.1223E+00
  8.6940E-01  1.2004E+00 -9.7994E-03  3.7476E-01  2.1229E+00  1.3568E+00 -2.1223E+00
  8.7087E-01  1.2053E+00 -9.7191E-03  3.7164E-01  2.1229E+00  1.3583E+00 -2.1223E+00
  8.7233E-01  1.2102E+00 -9.6388E-03  3.6852E-01  2.1229E+00  1.3597E+00 -2.1223E+00
  8.7380E-01  1.2151E+00 -9.5585E-03  3.6541E-01  2.1229E+00  1.3609E+00 -2.1222E+00
  8.7527E-01  1.2200E+00 -9.4782E-03  3.6229E-01  2.1228E+00  1.3617E+00 -2.1221E+00
  8.7674E-01  1.2249E+00 -9.3979E-03  3.5917E-01  2.1227E+00  1.3628E+00 -2.1220E+00
  8.7832E-01  1.2301E+00 -9.3116E-03  3.5582E-01  2.1225E+00  1.3638E+00 -2.1218E+00
  8.7979E-01  1.2350E+00 -9.2313E-03  3.5270E-01  2.1222E+00  1.3644E+00 -2.1215E+00
  8.8126E-01  1.2399E+00 -9.1511E-03  3.4959E-01  2.1218E+00  1.3648E+00 -2.1211E+00
  8.8272E-01  1.2448E+00 -9.0708E-03  3.4647E-01  2.1213E+00  1.3647E+00 -2.1205E+00
  8.8419E-01  1.2497E+00 -8.9906E-03  3.4336E-01  2.1205E+00  1.3641E+00 -2.1197E+00
  8.8566E-01  1.2546E+00 -8.9105E-03  3.4025E-01  2.1194E+00  1.3626E+00 -2.1186E+00
  8.8713E-01  1.2595E+00 -8.8304E-03  3.3713E-01  2.1179E+00  1.3600E+00 -2.1170E+00
  8.8860E-01  1.2644E+00 -8.7504E-03  3.3403E-01  2.1157E+00  1.3560E+00 -2.1149E+00
  8.9007E-01  1.2693E+00 -8.6705E-03  3.3092E-01  2.1127E+00  1.3503E+00 -2.1119E+00
  8.9165E-01  1.2746E+00 -8.5848E-03  3.2759E-01  2.1083E+00  1.3418E+00 -2.1075E+00
  8.9312E-01  1.2795E+00 -8.5053E-03  3.2450E-01  2.1028E+00  1.3317E+00 -2.1019E+00
  8.9458E-01  1.2844E+00 -8.4262E-03  3.2142E-01  2.0955E+00  1.3196E+00 -2.0947E+00
  8.9605E-01  1.2893E+00 -8.3473E-03  3.1834E-01  2.0863E+00  1.3058E+00 -2.0855E+00
  8.9752E-01  1.2942E+00 -8.2690E-03  3.1529E-01  2.0749E+00  1.2913E+00 -2.0741E+00
  8.9899E-01  1.2991E+00 -8.1912E-03  3.1225E-01  2.0613E+00  1.2770E+00 -2.0605E+00
  9.0046E-01  1.3040E+00 -8.1140E-03  3.0924E-01  2.0456E+00  1.2639E+00 -2.0447E+00
  9.0193E-01  1.3089E+00 -8.0375E-03  3.0625E-01  2.0279E+00  1.2526E+00 -2.0271E+00
  9.0340E-01  1.3138E+00 -7.9618E-03  3.0328E-01  2.0087E+00  1.2436E+00 -2.0078E+00
  9.0498E-01  1.3191E+00 -7.8814E-03  3.0013E-01  1.9866E+00  1.2363E+00 -1.9857E+00
  9.0644E-01  1.3240E+00 -7.8074E-03  2.9723E-01  1.9650E+00  1.2315E+00 -1.9641E+00
  9.0791E-01  1.3289E+00 -7.7342E-03  2.9436E-01  1.9429E+00  1.2282E+00 -1.9419E+00
  9.0938E-01  1.3338E+00 -7.6620E-03  2.9152E-01  1.9203E+00  1.2261E+00 -1.9193E+00
  9.1085E-01  1.3387E+00 -7.5907E-03  2.8872E-01  1.8975E+00  1.2249E+00 -1.8965E+00
  9.1232E-01  1.3436E+00 -7.5202E-03  2.8595E-01  1.8746E+00  1.2243E+00 -1.8735E+00
  9.1379E-01  1.3485E+00 -7.4507E-03  2.8322E-01  1.8517E+00  1.2242E+00 -1.8506E+00
  9.1526E-01  1.3534E+00 -7.3820E-03  2.8051E-01  1.8288E+00  1.2243E+00 -1.8277E+00
  9.1673E-01  1.3583E+00 -7.3143E-03  2.7785E-01  1.8061E+00  1.2247E+00 -1.8049E+00
  9.1830E-01  1.3635E+00 -7.2424E-03  2.7502E-01  1.7818E+00  1.2253E+00 -1.7806E+00
  9.1977E-01  1.3684E+00 -7.1765E-03  2.7242E-01  1.7594E+00  1.2259E+00 -1.7582E+00
  9.2124E-01  1.3733E+00 -7.1114E-03  2.6985E-01  1.7371E+00  1.2265E+00 -1.7359E+00
  9.2271E-01  1.3782E+00 -7.0472E-03  2.6732E-01  1.7150E+00  1.2270E+00 -1.7138E+00
  9.2418E-01  1.3831E+00 -6.9839E-03  2.6482E-01  1.6931E+00  1.2277E+00 -1.6918E+00
  9.2565E-01  1.3880E+00 -6.9214E-03  2.6235E-01  1.6714E+00  1.2285E+00 -1.6701E+00
  9.2712E-01  1.3929E+00 -6.8597E-03  2.5991E-01  1.6500E+00  1.2292E+00 -1.6485E+00
  9.2859E-01  1.3978E+00 -6.7989E-03  2.5750E-01  1.6287E+00  1.2300E+00 -1.6272E+00
  9.3005E-01  1.4027E+00 -6.7389E-03  2.5513E-01  1.6076E+00  1.2307E+00 -1.6060E+00
  9.3163E-01  1.4080E+00 -6.6754E-03  2.5261E-01  1.5851E+00  1.2314E+00 -1.5835E+00
  9.3310E-01  1.4129E+00 -6.6171E-03  2.5030E-01  1.5644E+00  1.2321E+00 -1.5628E+00
  9.3457E-01  1.4178E+00 -6.5596E-03  2.4802E-01  1.5439E+00  1.2327E+00 -1.5422E+00
  9.3604E-01  1.4227E+00 -6.5029E-03  2.4577E-01  1.5236E+00  1.2334E+00 -1.5219E+00
  9.3751E-01  1.4276E+00 -6.4470E-03  2.4355E-01  1.5035E+00  1.2340E+00 -1.5017E+00
  9.3898E-01  1.4325E+00 -6.3919E-03  2.4136E-01  1.4835E+00  1.2346E+00 -1.4817E+00
  9.4045E-01  1.4374E+00 -6.3375E-03  2.3919E-01  1.4637E+00  1.2352E+00 -1.4618E+00
  9.4191E-01  1.4423E+00 -6.2840E-03  2.3706E-01  1.4442E+00  1.2357E+00 -1.4422E+00
  9.4338E-01  1.4472E+00 -6.2312E-03  2.3496E-01  1.4247E+00  1.2363E+00 -1.4227E+00
  9.4496E-01  1.4525E+00 -6.1753E-03  2.3273E-01  1.4041E+00  1.2369E+00 -1.4020E+00
  9.4643E-01  1.4574E+00 -6.1240E-03  2.3068E-01  1.3850E+00  1.2374E+00 -1.3828E+00
  9.4790E-01  1.4623E+00 -6.0735E-03  2.2867E-01  1.3661E+00  1.2379E+00 -1.3639E+00
  9.4937E-01  1.4672E+00 -6.0238E-03  2.2668E-01  1.3474E+00  1.2384E+00 -1.3451E+00
  9.5084E-01  1.4721E+00 -5.9748E-03  2.2471E-01  1.3288E+00  1.2389E+00 -1.3264E+00
  9.5231E-01  1.4770E+00 -5.9265E-03  2.2278E-01  1.3104E+00  1.2394E+00 -1.3080E+00
  9.5377E-01  1.4819E+00 -5.8789E-03  2.2087E-01  1.2922E+00  1.2398E+00 -1.2896E+00
  9.5524E-01  1.4868E+00 -5.8320E-03  2.1899E-01  1.2741E+00  1.2403E+00 -1.2715E+00
  9.5671E-01  1.4917E+00 -5.7859E-03  2.1713E-01  1.2562E+00  1.2407E+00 -1.2535E+00
  9.5829E-01  1.4969E+00 -5.7371E-03  2.1517E-01  1.2371E+00  1.2412E+00 -1.2343E+00
  9.5976E-01  1.5018E+00 -5.6924E-03  2.1337E-01  1.2195E+00  1.2416E+00 -1.2166E+00
  9.6123E-01  1.5067E+00 -5.6484E-03  2.1160E-01  1.2020E+00  1.2420E+00 -1.1990E+00
  9.6270E-01  1.5116E+00 -5.6051E-03  2.0985E-01  1.1847E+00  1.2423E+00 -1.1816E+00
  9.6417E-01  1.5165E+00 -5.5624E-03  2.0813E-01  1.1676E+00  1.2427E+00 -1.1643E+00
  9.6563E-01  1.5214E+00 -5.5205E-03  2.0643E-01  1.1505E+00  1.2431E+00 -1.1472E+00
  9.6710E-01  1.5263E+00 -5.4792E-03  2.0475E-01  1.1336E+00  1.2434E+00 -1.1302E+00
  9.6857E-01  1.5312E+00 -5.4386E-03  2.0311E-01  1.1169E+00  1.2438E+00 -1.1134E+00
  9.7004E-01  1.5361E+00 -5.3986E-03  2.0148E-01  1.1003E+00  1.2441E+00 -1.0966E+00
  9.7162E-01  1.5414E+00 -5.3564E-03  1.9977E-01  1.0826E+00  1.2444E+00 -1.0788E+00
  9.7309E-01  1.5463E+00 -5.3178E-03  1.9819E-01  1.0663E+00  1.2448E+00 -1.0624E+00
  9.7456E-01  1.5512E+00 -5.2799E-03  1.9665E-01  1.0501E+00  1.2451E+00 -1.0460E+00
  9.7602E-01  1.5561E+00 -5.2426E-03  1.9512E-01  1.0340E+00  1.2456E+00 -1.0299E+00
  9.7749E-01  1.5610E+00 -5.2059E-03  1.9362E-01  1.0182E+00  1.2459E+00 -1.0139E+00
  9.7896E-01  1.5659E+00 -5.1698E-03  1.9214E-01  1.0024E+00  1.2464E+00 -9.9801E-01
  9.8043E-01  1.5708E+00 -5.1344E-03  1.9069E-01  9.8688E-01  1.2468E+00 -9.8232E-01
  9.8190E-01  1.5757E+00 -5.0996E-03  1.8926E-01  9.7151E-01  1.2473E+00 -9.6680E-01
  9.8337E-01  1.5806E+00 -5.0654E-03  1.8785E-01  9.5634E-01  1.2480E+00 -9.5149E-01
  9.8495E-01  1.5859E+00 -5.0293E-03  1.8636E-01  9.4033E-01  1.2488E+00 -9.3530E-01
  9.8642E-01  1.5908E+00 -4.9963E-03  1.8499E-01  9.2572E-01  1.2498E+00 -9.2053E-01
  9.8788E-01  1.5957E+00 -4.9639E-03  1.8365E-01  9.1147E-01  1.2511E+00 -9.0611E-01
  9.8935E-01  1.6006E+00 -4.9321E-03  1.8233E-01  8.9768E-01  1.2528E+00 -8.9214E-01
  9.9082E-01  1.6055E+00 -4.9008E-03  1.8103E-01  8.8445E-01  1.2549E+00 -8.7873E-01
  9.9229E-01  1.6104E+00 -4.8700E-03  1.7975E-01  8.7194E-01  1.2576E+00 -8.6602E-01
  9.9376E-01  1.6153E+00 -4.8396E-03  1.7849E-01  8.6029E-01  1.2610E+00 -8.5417E-01
  9.9523E-01  1.6202E+00 -4.8097E-03  1.7724E-01  8.4968E-01  1.2651E+00 -8.4336E-01
  9.9670E-01  1.6251E+00 -4.7801E-03  1.7601E-01  8.4027E-01  1.2697E+00 -8.3374E-01
  9.9828E-01  1.6303E+00 -4.7487E-03  1.7470E-01  8.3162E-01  1.2751E+00 -8.2487E-01
  9.9974E-01  1.6352E+00 -4.7198E-03  1.7349E-01  8.2496E-01  1.2802E+00 -8.1800E-01
  1.0012E+00  1.6401E+00 -4.6910E-03  1.7229E-01  8.1959E-01  1.2850E+00 -8.1243E-01
  1.0027E+00  1.6450E+00 -4.6625E-03  1.7110E-01  8.1541E-01  1.2893E+00 -8.0806E-01
  1.0042E+00  1.6499E+00 -4.6340E-03  1.6992E-01  8.1222E-01  1.2930E+00 -8.0470E-01
  1.0056E+00  1.6548E+00 -4.6057E-03  1.6874E-01  8.0987E-01  1.2960E+00 -8.0218E-01
  1.0071E+00  1.6597E+00 -4.5774E-03  1.6756E-01  8.0815E-01  1.2983E+00 -8.0031E-01
  1.0086E+00  1.6646E+00 -4.5491E-03  1.6639E-01  8.0692E-01  1.3001E+00 -7.9893E-01
  1.0100E+00  1.6695E+00 -4.5209E-03  1.6521E-01  8.0605E-01  1.3014E+00 -7.9792E-01
  1.0116E+00  1.6748E+00 -4.4906E-03  1.6396E-01  8.0540E-01  1.3025E+00 -7.9713E-01
  1.0131E+00  1.6797E+00 -4.4625E-03  1.6279E-01  8.0498E-01  1.3033E+00 -7.9658E-01
  1.0145E+00  1.6846E+00 -4.4343E-03  1.6162E-01  8.0469E-01  1.3038E+00 -7.9615E-01
  1.0160E+00  1.6895E+00 -4.4061E-03  1.6045E-01  8.0449E-01  1.3043E+00 -7.9582E-01
  1.0175E+00  1.6944E+00 -4.3780E-03  1.5928E-01  8.0435E-01  1.3047E+00 -7.9554E-01
  1.0189E+00  1.6993E+00 -4.3498E-03  1.5811E-01  8.0425E-01  1.3050E+00 -7.9531E-01
  1.0204E+00  1.7042E+00 -4.3217E-03  1.5694E-01  8.0418E-01  1.3053E+00 -7.9510E-01
  1.0219E+00  1.7091E+00 -4.2936E-03  1.5577E-01  8.0414E-01  1.3055E+00 -7.9491E-01
  1.0234E+00  1.7140E+00 -4.2654E-03  1.5460E-01  8.0412E-01  1.3058E+00 -7.9475E-01
  1.0249E+00  1.7193E+00 -4.2352E-03  1.5335E-01  8.0412E-01  1.3060E+00 -7.9459E-01
  1.0264E+00  1.7242E+00 -4.2070E-03  1.5218E-01  8.0411E-01  1.3062E+00 -7.9443E-01
  1.0279E+00  1.7291E+00 -4.1789E-03  1.5102E-01  8.0411E-01  1.3064E+00 -7.9428E-01
  1.0293E+00  1.7340E+00 -4.1508E-03  1.4985E-01  8.0411E-01  1.3066E+00 -7.9412E-01
  1.0308E+00  1.7389E+00 -4.1226E-03  1.4868E-01  8.0411E-01  1.3068E+00 -7.9395E-01
  1.0323E+00  1.7438E+00 -4.0945E-03  1.4752E-01  8.0410E-01  1.3069E+00 -7.9378E-01
  1.0337E+00  1.7487E+00 -4.0663E-03  1.4635E-01  8.0410E-01  1.3071E+00 -7.9361E-01
  1.0352E+00  1.7536E+00 -4.0382E-03  1.4518E-01  8.0410E-01  1.3073E+00 -7.9344E-01
  1.0367E+00  1.7585E+00 -4.0101E-03  1.4402E-01  8.0410E-01  1.3075E+00 -7.9326E-01
  1.0383E+00  1.7637E+00 -3.9798E-03  1.4277E-01  8.0409E-01  1.3077E+00 -7.9306E-01
  1.0397E+00  1.7686E+00 -3.9517E-03  1.4160E-01  8.0409E-01  1.3079E+00 -7.9287E-01
  1.0412E+00  1.7735E+00 -3.9235E-03  1.4044E-01  8.0409E-01  1.3080E+00 -7.9268E-01
  1.0427E+00  1.7784E+00 -3.8954E-03  1.3927E-01  8.0409E-01  1.3082E+00 -7.9248E-01
  1.0441E+00  1.7833E+00 -3.8673E-03  1.3811E-01  8.0408E-01  1.3084E+00 -7.9227E-01
  1.0456E+00  1.7882E+00 -3.8391E-03  1.3695E-01  8.0408E-01  1.3086E+00 -7.9206E-01
  1.0471E+00  1.7931E+00 -3.8110E-03  1.3578E-01  8.0408E-01  1.3088E+00 -7.9185E-01
  1.0485E+00  1.7980E+00 -3.7828E-03  1.3462E-01  8.0408E-01  1.3090E+00 -7.9163E-01
  1.0500E+00  1.8029E+00 -3.7547E-03  1.3346E-01  8.0407E-01  1.3092E+00 -7.9140E-01
  1.0516E+00  1.8082E+00 -3.7244E-03  1.3221E-01  8.0407E-01  1.3093E+00 -7.9115E-01
  1.0531E+00  1.8131E+00 -3.6963E-03  1.3105E-01  8.0407E-01  1.3095E+00 -7.9092E-01
  1.0545E+00  1.8180E+00 -3.6682E-03  1.2988E-01  8.0406E-01  1.3097E+00 -7.9067E-01
  1.0560E+00  1.8229E+00 -3.6400E-03  1.2872E-01  8.0406E-01  1.3099E+00 -7.9042E-01
  1.0575E+00  1.8278E+00 -3.6119E-03  1.2756E-01  8.0406E-01  1.3101E+00 -7.9016E-01
  1.0589E+00  1.8327E+00 -3.5837E-03  1.2640E-01  8.0406E-01  1.3103E+00 -7.8990E-01
  1.0604E+00  1.8376E+00 -3.5556E-03  1.2524E-01  8.0405E-01  1.3105E+00 -7.8962E-01
  1.0619E+00  1.8425E+00 -3.5274E-03  1.2408E-01  8.0405E-01  1.3106E+00 -7.8934E-01
  1.0633E+00  1.8474E+00 -3.4993E-03  1.2292E-01  8.0405E-01  1.3108E+00 -7.8905E-01
  1.0649E+00  1.8526E+00 -3.4690E-03  1.2168E-01  8.0405E-01  1.3110E+00 -7.8874E-01
  1.0664E+00  1.8575E+00 -3.4409E-03  1.2052E-01  8.0404E-01  1.3112E+00 -7.8843E-01
  1.0679E+00  1.8624E+00 -3.4128E-03  1.1936E-01  8.0404E-01  1.3114E+00 -7.8812E-01
  1.0693E+00  1.8673E+00 -3.3846E-03  1.1820E-01  8.0404E-01  1.3116E+00 -7.8779E-01
  1.0708E+00  1.8722E+00 -3.3565E-03  1.1705E-01  8.0404E-01  1.3118E+00 -7.8746E-01
  1.0723E+00  1.8771E+00 -3.3283E-03  1.1589E-01  8.0403E-01  1.3119E+00 -7.8711E-01
  1.0737E+00  1.8820E+00 -3.3002E-03  1.1473E-01  8.0403E-01  1.3121E+00 -7.8676E-01
  1.0752E+00  1.8869E+00 -3.2720E-03  1.1358E-01  8.0403E-01  1.3123E+00 -7.8640E-01
  1.0767E+00  1.8918E+00 -3.2439E-03  1.1242E-01  8.0403E-01  1.3125E+00 -7.8602E-01
  1.0782E+00  1.8971E+00 -3.2136E-03  1.1118E-01  8.0402E-01  1.3127E+00 -7.8560E-01
  1.0797E+00  1.9020E+00 -3.1855E-03  1.1003E-01  8.0402E-01  1.3129E+00 -7.8520E-01
  1.0812E+00  1.9069E+00 -3.1573E-03  1.0888E-01  8.0402E-01  1.3131E+00 -7.8479E-01
  1.0827E+00  1.9118E+00 -3.1292E-03  1.0772E-01  8.0401E-01  1.3133E+00 -7.8436E-01
  1.0841E+00  1.9167E+00 -3.1010E-03  1.0657E-01  8.0401E-01  1.3134E+00 -7.8392E-01
  1.0856E+00  1.9216E+00 -3.0729E-03  1.0542E-01  8.0401E-01  1.3136E+00 -7.8346E-01
  1.0871E+00  1.9265E+00 -3.0447E-03  1.0427E-01  8.0401E-01  1.3138E+00 -7.8299E-01
  1.0885E+00  1.9314E+00 -3.0166E-03  1.0312E-01  8.0400E-01  1.3140E+00 -7.8251E-01
  1.0900E+00  1.9363E+00 -2.9884E-03  1.0197E-01  8.0400E-01  1.3142E+00 -7.8200E-01
  1.0916E+00  1.9416E+00 -2.9582E-03  1.0074E-01  8.0400E-01  1.3144E+00 -7.8144E-01
  1.0930E+00  1.9465E+00 -2.9300E-03  9.9592E-02  8.0400E-01  1.3146E+00 -7.8090E-01
  1.0945E+00  1.9514E+00 -2.9019E-03  9.8445E-02  8.0399E-01  1.3148E+00 -7.8034E-01
  1.0960E+00  1.9563E+00 -2.8737E-03  9.7300E-02  8.0399E-01  1.3149E+00 -7.7977E-01
  1.0975E+00  1.9612E+00 -2.8456E-03  9.6155E-02  8.0399E-01  1.3151E+00 -7.7917E-01
  1.0989E+00  1.9661E+00 -2.8174E-03  9.5011E-02  8.0398E-01  1.3153E+00 -7.7854E-01
  1.1004E+00  1.9710E+00 -2.7892E-03  9.3868E-02  8.0398E-01  1.3155E+00 -7.7790E-01
  1.1019E+00  1.9759E+00 -2.7611E-03  9.2726E-02  8.0398E-01  1.3157E+00 -7.7723E-01
  1.1033E+00  1.9808E+00 -2.7329E-03  9.1585E-02  8.0398E-01  1.3159E+00 -7.7654E-01
  1.1049E+00  1.9860E+00 -2.7027E-03  9.0360E-02  8.0397E-01  1.3161E+00 -7.7577E-01
  1.1064E+00  1.9909E+00 -2.6745E-03  8.9222E-02  8.0397E-01  1.3163E+00 -7.7502E-01
  1.1078E+00  1.9958E+00 -2.6464E-03  8.8084E-02  8.0397E-01  1.3165E+00 -7.7424E-01
  1.1093E+00  2.0007E+00 -2.6182E-03  8.6948E-02  8.0397E-01  1.3166E+00 -7.7343E-01
  1.1108E+00  2.0056E+00 -2.5900E-03  8.5812E-02  8.0396E-01  1.3168E+00 -7.7259E-01
  1.1122E+00  2.0105E+00 -2.5619E-03  8.4678E-02  8.0396E-01  1.3170E+00 -7.7171E-01
  1.1137E+00  2.0154E+00 -2.5337E-03  8.3546E-02  8.0396E-01  1.3172E+00 -7.7080E-01
  1.1152E+00  2.0203E+00 -2.5056E-03  8.2415E-02  8.0395E-01  1.3174E+00 -7.6985E-01
  1.1167E+00  2.0252E+00 -2.4774E-03  8.1285E-02  8.0395E-01  1.3176E+00 -7.6886E-01
  1.1182E+00  2.0305E+00 -2.4471E-03  8.0073E-02  8.0395E-01  1.3178E+00 -7.6775E-01
  1.1197E+00  2.0354E+00 -2.4190E-03  7.8946E-02  8.0395E-01  1.3180E+00 -7.6667E-01
  1.1212E+00  2.0403E+00 -2.3908E-03  7.7821E-02  8.0394E-01  1.3182E+00 -7.6554E-01
  1.1242E+00  2.0503E+00 -2.3335E-03  7.5539E-02  8.0394E-01  1.3185E+00 -7.6310E-01
