  4.715257181180E-04  9.301303463521E-04  3.371377974207E+00  4.016634227496E+03  7.975118249568E+03  3.531750583427E+07  1.128889256990E+01 -4.882812500000E-04   1   5
 -1.881316678716E-04  8.661058825025E-04  2.032204596110E-04 -1.380707066153E+03  6.323056174152E+03 -7.949858762763E+04  0.000000000000E+00 -4.882812500000E-04   1   3
 -6.210511886253E-04 -1.693091351930E-04  1.930728288890E-04 -3.348111141610E+03 -9.345985982328E+02 -7.214223034696E+04  0.000000000000E+00 -4.882812500000E-04   1   3
 -1.037770798380E-04  5.095373752274E-04  8.626010682411E-05 -2.642537227055E+02  1.649393871469E+03 -3.695400031797E+04  0.000000000000E+00 -4.882812500000E-04   1   3
 -5.779496432026E-04 -1.613238976940E-04  1.035845193855E-04 -2.476203479491E+03 -7.422735828646E+02 -4.188883958348E+04  0.000000000000E+00 -4.882812500000E-04   1   3
 -1.759420862483E-04  7.768469855707E-04  1.152206263755E-04 -5.956466164544E+02  2.836422821492E+03 -4.555171872023E+04  0.000000000000E+00 -4.882812500000E-04   1   3
 -7.619446657237E-04 -2.047691990858E-04  1.163284940682E-04 -2.754405254403E+03 -7.935158407624E+02 -4.590209247497E+04  0.000000000000E+00 -4.882812500000E-04   1   3
 -1.068849724042E-04  5.058960433407E-04 -3.141272508262E-04 -3.321611904808E+02  1.037834424741E+03  9.913753348979E+04 -7.229924954508E-04 -4.882812500000E-04   1   5
 -4.945024363755E-04  5.077824451549E-04  5.134332304149E-04 -2.151559971065E+03  1.728653470724E+03 -2.231723829337E+05  8.351776943432E-04 -4.882812500000E-04   1   5
 -9.648995501401E-06 -4.897186021552E-04 -3.628016993260E-04 -2.082747076820E+02 -1.916631946598E+03  1.135867485863E+05 -7.386568506664E-04 -4.882812500000E-04   1   5
 -5.612091441478E-05  3.306958852705E-04  5.704055170206E-04 -2.701043775747E+02  1.901831008321E+03 -2.431295536976E+05  7.840516945432E-04 -4.882812500000E-04   1   5
  7.847501466176E-04 -2.305566265906E-04  2.993566058049E-04  2.099770789461E+03 -9.783670866605E+02 -1.230607840486E+05  4.386835965811E-04 -4.882812500000E-04   1   5
  1.630534339586E-04  6.972462339035E-04 -7.514097495189E-04  1.492045312577E+03  7.012862202794E+03  1.798708804436E+05 -1.342905893567E-03 -4.882812500000E-04   1   5
 -1.024158329281E-04  1.460366000721E-04  7.403301952991E-04  6.267409215099E+02 -5.608154662214E+02 -3.133113480110E+05  1.169497686639E-03 -4.882812500000E-04   1   5
  7.161175090302E-04  1.057222795471E-04 -3.087122665919E-04  1.717456871625E+03 -1.560783658545E+02  1.006300174499E+05 -9.295448032791E-04 -4.882812500000E-04   1   5
  4.308985707737E-05 -1.118247030070E-04  7.551692315526E-04  1.351174289865E+03  1.674163070007E+03 -3.174249903702E+05  1.147491535995E-03 -4.882812500000E-04   1   5
  6.739692171282E-04  3.346002110207E-04  2.321800062144E-04  1.862072420425E+03  9.916716064413E+02 -1.016710811557E+05  2.511235862102E-04 -4.882812500000E-04   1   5
 -7.244484382007E-04  3.020689357590E-04 -2.344491697657E-04 -2.645509654046E+03  1.356005931042E+03  8.276550107685E+04 -6.697543640257E-04 -4.882812500000E-04   1   5
 -2.858383771169E-04  3.213950299752E-04  5.789991297815E-04 -4.724737070490E+02  1.665816726280E+02 -2.537396881431E+05  9.169776850424E-04 -4.882812500000E-04   1   5
 -3.077664948601E-05  2.099660409136E-04  3.250640332535E-04  1.411970745281E+02 -4.148205106849E+02 -1.380555876648E+05  2.206486214469E-04 -4.882812500000E-04   1   5
  1.692192509907E-04 -3.807487004894E-04 -6.363295745073E-04  6.232557955148E+02 -1.754739458136E+03  1.723106736337E+05 -1.170612933993E-03 -4.882812500000E-04   1   5
 -4.677018535753E-05 -3.031515819962E-04  4.833041060035E-04 -1.751214281191E+02 -1.202820421515E+03 -2.135818208899E+05  6.350423147019E-04 -4.882812500000E-04   1   5
 -4.434560229122E-04 -5.515132346603E-04  1.036637840321E-03 -3.583911268207E+03 -4.100256830903E+03 -3.929786244090E+05  1.532184887322E-03 -4.882812500000E-04   1   5
 -6.467808059243E-04  2.758875175781E-04  3.373335651728E-04 -5.088339664472E+02  5.456259501605E+02 -1.414312666058E+05  4.368691401950E-04 -4.882812500000E-04   1   5
  3.098024216270E-04 -6.426172811949E-04  7.996508020951E-04  1.866592593540E+03 -4.700296410425E+03 -3.323328070985E+05  1.323552304934E-03 -4.882812500000E-04   1   5
 -2.211083701424E-05  1.878430203629E-04  9.747836132492E-04  8.923086397335E+02 -3.958073334062E+02 -3.920407488572E+05  1.579748629421E-03 -4.882812500000E-04   1   5
  2.297703873673E-04  9.668944358266E-05 -1.020258067812E-04 -2.049246022863E+03 -4.340197587609E+02  3.596565472139E+04 -2.647972979197E-04 -4.882812500000E-04   1   5
  2.108372525436E-04 -6.110545690442E-04 -2.363969511552E-04  7.300593320864E+02 -1.586657786394E+03  8.313988599344E+04 -6.203532659050E-04 -4.882812500000E-04   1   5
  1.138166676866E-04 -6.490698631177E-04  1.084659684429E-04 -4.942737671296E+01 -1.627899429339E+03 -4.373066720605E+04  3.384618688074E-05 -4.882812500000E-04   1   5
 -1.546303326775E-04  6.934397101545E-04 -7.601167058215E-04 -8.899372496742E+02  4.919698282789E+03  1.877530212702E+05 -1.469212677859E-03 -4.882812500000E-04   1   5
 -6.832491693713E-04  5.404206816401E-04 -1.230106440802E-04 -2.300038972740E+03  1.714927592561E+03  4.648287694511E+04 -5.033161333152E-04 -4.882812500000E-04   1   5
  5.605341720480E-04 -1.982545393955E-04 -6.971591064677E-04  3.866959495617E+03 -1.626374976915E+03  1.708196954395E+05 -1.202850951135E-03 -4.882812500000E-04   1   5
 -3.016331292177E-05  6.759448143661E-04 -1.206233076267E-04  2.327505836220E+02 -2.047980351083E+02  4.636798219857E+04 -7.637021066191E-04 -4.882812500000E-04   1   5
  1.880862558705E-04  6.072044685982E-04 -2.528142723870E-04 -2.959468977720E+01  2.979814253584E+02  9.011890533396E+04 -7.981472420155E-04 -4.882812500000E-04   1   5
 -1.257881145091E-04 -2.711194608647E-04 -5.429754004598E-04  1.167068990511E+03  1.599481242251E+03  1.488509738811E+05 -1.197281851386E-03 -4.882812500000E-04   1   5
  7.436178661235E-04 -1.271558383941E-04  3.490436824363E-04  1.925716543292E+03 -1.194604902266E+02 -1.460794265039E+05  4.140732453646E-04 -4.882812500000E-04   1   5
  2.945822271932E-04  5.974820026288E-04  3.404097465638E-04  7.265610072974E+02  7.271726199991E+02 -1.426280822059E+05  4.089194767509E-04 -4.882812500000E-04   1   5
 -8.125680223418E-04 -5.217407171888E-04 -2.150861141863E-04 -3.544113739781E+03 -2.509266454754E+03  7.735372226954E+04 -6.706796529024E-04 -4.882812500000E-04   1   5
  2.367158369268E-04  9.105847586642E-04  3.842951665982E-04  8.524996565230E+02  4.314465081757E+03 -1.610262329331E+05  6.583394543913E-04 -4.882812500000E-04   1   5
  2.348064245503E-04  6.634524253663E-04 -4.816124528788E-04  1.390288027839E+03  3.511317295707E+03  1.376330404168E+05 -8.943491139064E-04 -4.882812500000E-04   1   5
 -1.005426883003E-04  9.232739108538E-04  6.525633936989E-04 -3.594125200471E+02  5.077674128310E+03 -2.780337813389E+05  1.146809635660E-03 -4.882812500000E-04   1   5
  2.695562012429E-04  7.469878560925E-05  2.978598119325E-04  2.674331879175E+02  3.392396091833E+02 -1.273116707192E+05  2.051298825911E-04 -4.882812500000E-04   1   5
 -2.008567692492E-04  4.973303024317E-04  5.568589759957E-04 -1.214917876835E+03  2.424363226423E+03 -2.415044103625E+05  8.496951267105E-04 -4.882812500000E-04   1   5
  6.009834373474E-05 -8.169263561129E-04  4.670127816087E-04  4.458980956534E+02 -3.695321922873E+03 -1.991349393941E+05  6.858710905586E-04 -4.882812500000E-04   1   5
 -4.212295536016E-04  9.143906122093E-04  3.175540104565E-04 -1.775182055087E+03  4.082186427870E+03 -1.320473290131E+05  4.837899838357E-04 -4.882812500000E-04   1   5
  5.448405538179E-04 -1.625404745439E-04 -9.573361595772E-05 -1.246698899889E+03  7.037231973842E+02  3.263246696417E+04 -4.512527814065E-04 -4.882812500000E-04   1   5
  2.750257065713E-04 -3.485889949085E-04 -8.995178633335E-04  2.077357237266E+03 -2.006939120553E+03  1.959075784783E+05 -1.498919434713E-03 -4.882812500000E-04   1   5
  2.104112842726E-05  4.859837421692E-04  2.883073226538E-04 -1.523940316523E+01  1.773992350564E+03 -1.240641571165E+05  3.182971333651E-04 -4.882812500000E-04   1   5
 -6.170886658075E-04 -4.772530473334E-04  7.613891779599E-04 -4.146292440389E+03 -3.018263282288E+03 -3.230284219356E+05  1.293686687386E-03 -4.882812500000E-04   1   5
  9.619655632382E-05 -2.542445340889E-04  2.016763025927E-04 -5.544721877333E+02  1.724717298609E+03 -8.109534385085E+04  1.306658899836E-04 -4.882812500000E-04   1   5
  6.190511157617E-06 -3.847050658757E-04  5.120299540939E-05  7.747541665492E+01 -6.398914067098E+02 -2.896589069867E+04 -1.498879084583E-04 -4.882812500000E-04   1   5
 -2.892029602827E-04  7.929409705909E-04  4.309748452136E-04 -9.573538574407E+02  2.755370215667E+03 -1.801159957956E+05  6.507087985934E-04 -4.882812500000E-04   1   5
  9.162192956665E-05 -2.020462378865E-04  5.248478000306E-04  5.637693149533E+02 -1.618299750525E+03 -2.322254044264E+05  7.455262368854E-04 -4.882812500000E-04   1   5
  4.351619398187E-04 -8.757357151107E-05 -1.933758997215E-04 -2.279393356913E+03 -1.861311789079E+02  7.174643296575E+04 -7.267973742007E-04 -4.882812500000E-04   1   5
  1.582858837429E-04  5.491139011126E-04 -3.523962553782E-04  2.011836155028E+02  8.881409407821E+02  1.103982858457E+05 -9.643784122062E-04 -4.882812500000E-04   1   5
  8.264637842326E-05  7.040074362369E-04  6.253030524102E-04  3.738625958872E+02  3.944477156847E+03 -2.664641791370E+05  9.393572078977E-04 -4.882812500000E-04   1   5
  9.871187123066E-04 -2.124481199254E-05  1.277748964972E-04  4.092360233440E+03  1.149901099269E+02 -4.912920783097E+04 -6.537597551137E-05 -4.882812500000E-04   1   5
 -6.903922902136E-04 -1.795427176345E-04  1.595255607252E-04 -1.993361002570E+03 -4.820947197624E+02 -5.903736427568E+04  5.820506472531E-05 -4.882812500000E-04   1   5
 -1.600046027247E-04  6.171543403322E-04 -5.497401212771E-04 -2.585509331658E+02  1.711962574143E+03  1.529475507664E+05 -1.316651201989E-03 -4.882812500000E-04   1   5
 -1.103768889946E-04 -6.155595791833E-04 -4.436798329603E-04 -6.320076225863E+02 -3.317024814870E+03  1.307585925924E+05 -9.000991778230E-04 -4.882812500000E-04   1   5
  5.416778205069E-04  2.759516540540E-05 -4.215720366796E-05  1.999263176355E+03 -2.448344238822E+02  1.089723984339E+04 -1.627043842696E-04 -4.882812500000E-04   1   5
  5.787769410626E-04 -1.253839326223E-04  2.320593455600E-04  1.245905818725E+03 -5.186140651472E+02 -1.044287183494E+05  2.793962915639E-04 -4.882812500000E-04   1   5
  3.420016035390E-04  1.851555851726E-04 -1.536542254827E-04 -4.570047561981E+02  2.693693891801E+02  6.279875208694E+04 -2.932991713074E-04 -4.882812500000E-04   1   5
  2.841080345996E-04 -5.387644274387E-04  2.164703715892E-04  1.781172686372E+02 -7.764929511056E+02 -9.318375509465E+04  2.047804786418E-04 -4.882812500000E-04   1   5
  8.398479671139E-04 -3.655243485955E-04  7.987878592295E-04  5.282881526275E+03 -2.543820577288E+03 -3.324327767131E+05  1.322638396356E-03 -4.882812500000E-04   1   5
 -3.033893138291E-04  3.202133057166E-04  1.441550203070E-04  4.241445791296E+02  2.255040890580E+02 -5.367463647706E+04  9.761936451902E-05 -4.882812500000E-04   1   5
  6.045972844091E-04  3.836305972186E-04 -8.337098838824E-04  3.936409302713E+03  2.351416017143E+03  1.927857990764E+05 -1.424684684835E-03 -4.882812500000E-04   1   5
 -7.959726234054E-04 -1.461625285402E-04  3.470330949384E-04 -4.870465111949E+03 -1.097424120180E+03 -1.490004860054E+05  4.532651860245E-04 -4.882812500000E-04   1   5
  5.510717997721E-04 -4.898082231184E-04 -4.329934484413E-04  2.484684338040E+03 -1.732687213275E+03  1.303027514880E+05 -9.359531142081E-04 -4.882812500000E-04   1   5
 -1.844844045010E-04 -2.884633653696E-04 -6.809523061899E-04 -1.559704350385E+03 -2.872246968434E+03  1.741947522985E+05 -1.054239735311E-03 -4.882812500000E-04   1   5
 -5.434761770055E-04 -4.806008628043E-04 -1.143926510498E-04 -1.732161490537E+03 -1.095388876175E+03  4.174874599842E+04 -4.937016869828E-04 -4.882812500000E-04   1   5
  3.710208071997E-04 -1.601239572349E-04 -4.556765624608E-04  1.504266998333E+03 -3.921855880727E+02  1.315467182367E+05 -8.239451628729E-04 -4.882812500000E-04   1   5
 -8.120779934708E-04 -6.009122012058E-05  1.212255704326E-04 -4.482413340879E+03 -6.082738409682E+02 -4.640916665646E+04  4.174610174879E-05 -4.882812500000E-04   1   5
 -5.431607412939E-05  7.195950183735E-04 -2.661724944644E-04  4.556689393569E+02  7.844352164767E+02  9.376869841877E+04 -9.812074007307E-04 -4.882812500000E-04   1   5
 -5.077962533248E-04 -7.443544778311E-04  6.614324674135E-04 -3.821699510619E+03 -5.676110252994E+03 -2.826972344810E+05  9.377167154678E-04 -4.882812500000E-04   1   5
  6.234209483383E-04 -4.714993293043E-04  5.317406857146E-04  2.249615253555E+03 -2.148968633518E+03 -2.315360695803E+05  9.490741068667E-04 -4.882812500000E-04   1   5
 -3.221680327466E-04  3.547115332155E-05  1.338320810267E-04 -6.969683353745E+02 -5.174104816347E+01 -5.221549418591E+04 -3.257881045826E-05 -4.882812500000E-04   1   5
  5.447989307616E-04 -3.206446514532E-04  9.585223690451E-04  3.226365084391E+03 -1.980567037902E+03 -3.851935626912E+05  1.489635311902E-03 -4.882812500000E-04   1   5
  2.722427284464E-04 -1.552053705543E-04 -5.707176271130E-06 -2.875665885016E+01 -2.781005393529E+01  4.900751930766E+03 -3.159315717838E-04 -4.882812500000E-04   1   5
  1.453410399945E-04  7.018761282831E-05  1.111076626534E-03  1.297287164383E+03 -1.787259362973E+02 -3.995765922085E+05  1.570814120102E-03 -4.882812500000E-04   1   5
 -3.497873854276E-04 -2.111551508734E-04  9.220818894855E-04 -3.417676687245E+03 -1.997848317583E+03 -3.718560018426E+05  1.377852100298E-03 -4.882812500000E-04   1   5
  3.288598008927E-04 -5.039592277940E-04 -3.652609727083E-04  9.210307985838E+02 -9.159724114591E+02  1.139539611077E+05 -9.493611561329E-04 -4.882812500000E-04   1   5
  2.866322956544E-04 -4.496498240116E-04  2.449821430228E-04  7.950345886942E+02 -1.498498074694E+03 -1.142953876543E+05  3.633050216489E-04 -4.882812500000E-04   1   5
  2.550170402589E-04 -2.692686978712E-04 -2.718149276233E-04  1.598189632009E+03 -1.803125996748E+03  8.585082245056E+04 -6.993940289437E-04 -4.882812500000E-04   1   5
  7.629252576183E-04  1.148587720586E-04  9.291377873275E-04  5.193073775161E+03  7.594652139348E+02 -3.754949577339E+05  1.456508203335E-03 -4.882812500000E-04   1   5
  4.942978388504E-05 -6.470851170594E-04 -1.268886900907E-04 -3.788359881015E+01 -2.389749785366E+03  5.041302350120E+04 -2.401309714983E-04 -4.882812500000E-04   1   5
 -4.827444729352E-04  6.062737386027E-04  6.631393950638E-04 -2.525219410580E+03  3.146373967994E+03 -2.830098325242E+05  1.070646702276E-03 -4.882812500000E-04   1   5
  6.147936514842E-04  4.673777607323E-04 -6.322308437632E-04  2.985831268414E+03  2.643628397231E+03  1.697783235432E+05 -1.236970986255E-03 -4.882812500000E-04   1   5
 -1.373996643215E-04 -4.818393018513E-04 -7.111433244074E-04 -1.349921099239E+03 -4.445167889832E+03  1.707230644079E+05 -1.196324415810E-03 -4.882812500000E-04   1   5
  1.865040171928E-04  2.015242990902E-04  7.005110408858E-04  1.508428052094E+03  1.719458674835E+03 -3.034456303112E+05  1.047290667548E-03 -4.882812500000E-04   1   5
 -4.863894457925E-04 -4.506859386846E-04  9.907417124921E-05 -1.863823939871E+02  2.097660525506E+02 -3.868543226127E+04 -6.610732955536E-05 -4.882812500000E-04   1   5
 -6.549184022274E-04 -3.009084111204E-04  6.498225889029E-05 -8.641937657116E+02 -1.989736728812E+02 -2.354199843375E+04 -1.726103531787E-04 -4.882812500000E-04   1   5
  6.357919327210E-04  5.671847675346E-04  2.540415890162E-04  2.000246377326E+03  1.943929521594E+03 -1.081490810309E+05  2.384793660610E-04 -4.882812500000E-04   1   5
 -1.473672683750E-04  2.208385180785E-04 -5.499532230249E-04  1.059822950874E+03 -2.148352055917E+03  1.523453262393E+05 -1.197031580853E-03 -4.882812500000E-04   1   5
 -5.429456241365E-05 -4.701909509933E-04 -2.236180508866E-04 -3.213859549278E+02 -1.970050320575E+03  7.212749375490E+04 -5.415630586043E-04 -4.882812500000E-04   1   5
  6.151107205385E-04 -1.865396808525E-04  3.125201813239E-04  1.463287469122E+03 -4.765043312707E+02 -1.305678074686E+05  3.242868957027E-04 -4.882812500000E-04   1   5
 -5.643475529168E-04  2.361347518166E-04  9.970911237085E-04 -3.122732174742E+03  1.238432000186E+03 -3.914155961308E+05  1.511007289395E-03 -4.882812500000E-04   1   5
  7.218981512463E-04  9.483845780572E-05  4.625091104957E-04  2.395009033823E+03  4.117254962453E+02 -1.953418069003E+05  6.752549865077E-04 -4.882812500000E-04   1   5
 -3.016487350188E-04  6.090913424591E-04 -1.532402840829E-04 -5.625588767022E+02  1.825113398855E+03  6.082257855853E+04 -4.271261954507E-04 -4.882812500000E-04   1   5
  2.576417011437E-04  4.684367872647E-04  5.176814101313E-04  2.379007752963E+03  4.125654883057E+03 -2.305361386137E+05  6.955462083553E-04 -4.882812500000E-04   1   5
 -1.489188127822E-04  4.003657861367E-06  8.814386245426E-05 -7.066093687218E+02  1.480358234444E+02 -3.988420490976E+04  3.194343764257E-05 -4.882812500000E-04   1   5
  3.177911769816E-04  8.164284113316E-04  5.367523761017E-04  1.806346322589E+03  3.430390712391E+03 -2.344954113814E+05  9.724216604017E-04 -4.882812500000E-04   1   5
  2.775981364487E-04 -8.228169708619E-05 -7.615809659360E-04  1.719454430150E+03 -5.213777441178E+02  1.790744955028E+05 -1.277917332585E-03 -4.882812500000E-04   1   5
 -7.982344697857E-04  4.694567987394E-04  1.049961761521E-04 -2.889512657058E+03  1.872920032499E+03 -4.141192439161E+04 -9.673355927653E-05 -4.882812500000E-04   1   5
  5.835602067762E-04 -2.549360259011E-04  8.063408782686E-04  4.832144118908E+03 -2.148268949237E+03 -3.351859328797E+05  1.234287308476E-03 -4.882812500000E-04   1   5
  4.023989893091E-04 -3.006080433810E-04  7.301966976350E-04  2.169130684292E+03 -1.069537043841E+03 -3.098813693143E+05  1.239502174093E-03 -4.882812500000E-04   1   5
 -7.003745683936E-06 -4.294101178962E-04  2.435690198519E-04 -1.375005534085E+02 -2.028217359775E+03 -1.159149083619E+05  1.792381569921E-04 -4.882812500000E-04   1   5
  1.442867355767E-04  6.699863883389E-04 -4.051914553735E-04  1.480187159970E+02  1.616058482484E+03  1.237423447980E+05 -1.016658333786E-03 -4.882812500000E-04   1   5
 -2.329746169913E-04  1.014951553391E-04 -3.668826062420E-05 -1.008296085905E+03  2.959528916812E+02  9.921623877145E+03 -4.354119912957E-04 -4.882812500000E-04   1   5
  5.800062757661E-04 -6.518422639758E-04  7.988555208747E-04  3.879751076729E+03 -3.764941911097E+03 -3.322823470415E+05  1.348997427304E-03 -4.882812500000E-04   1   5
  3.447440563809E-04  1.804377095828E-04 -6.643196892755E-04  2.480000959293E+03  1.344129716743E+03  1.733158285059E+05 -1.216572201576E-03 -4.882812500000E-04   1   5
 -2.711705795587E-04  9.167632452518E-04 -4.643971084981E-04 -2.092659575943E+03  7.200167303610E+03  1.362844381774E+05 -1.004971513966E-03 -4.882812500000E-04   1   5
 -9.270155751059E-05 -5.844605020291E-04 -2.162672864947E-04  7.577092117083E+02  2.606274764569E+02  7.967453218804E+04 -8.366904529069E-04 -4.882812500000E-04   1   5
  1.960013935814E-04  1.729979855071E-04  3.895200220971E-04  6.862172279467E+02  3.631093124373E+02 -1.641325444244E+05  4.378511345706E-04 -4.882812500000E-04   1   5
 -2.137314357860E-04 -7.738845897822E-04  6.200185996197E-04 -1.370966461663E+03 -3.941262559045E+03 -2.638336750432E+05  1.083022856674E-03 -4.882812500000E-04   1   5
 -5.022383134395E-04 -1.258625792422E-04 -2.359368486577E-04  7.655060682383E+02  5.872901782453E+02  8.567787425304E+04 -8.328128649655E-04 -4.882812500000E-04   1   5
 -3.844150665922E-04  4.909526105456E-04  5.716902927499E-05 -1.962423632403E+02 -3.233964148068E+02 -2.004775861137E+04 -2.357595700921E-04 -4.882812500000E-04   1   5
  7.382215448467E-05 -8.833035687732E-05  3.450560068741E-05 -1.895458681829E+03  1.210168697830E+03 -1.789190875037E+04 -4.914071957174E-05 -4.882812500000E-04   1   5
 -1.805928150194E-04  2.917755656899E-04 -4.630688303040E-04 -1.662611615450E+03  2.772745114391E+03  1.393293012930E+05 -7.266434842883E-04 -4.882812500000E-04   1   5
  4.373853473500E-04 -1.935081890882E-04 -5.729428675267E-04  6.699283803859E+02 -7.852833378241E+02  1.624786924861E+05 -1.110299738126E-03 -4.882812500000E-04   1   5
 -1.023687663090E-04 -1.914058838796E-04  9.183648321409E-04  7.952826313166E+01 -6.314901609251E+02 -3.731104566510E+05  1.439424273013E-03 -4.882812500000E-04   1   5
  4.582738289828E-04  4.947621872601E-04 -1.789567748367E-04  3.597453967297E+01  6.518241069297E+02  6.748556232637E+04 -6.404510909377E-04 -4.882812500000E-04   1   5
 -3.908604505180E-04 -5.388896182539E-04  6.061657747769E-04 -1.117406496133E+03 -2.327342606629E+03 -2.598444141083E+05  1.049363482261E-03 -4.882812500000E-04   1   5
 -5.105340623688E-04 -8.227065487432E-04  5.746168014489E-04 -3.372774828719E+03 -5.409532648290E+03 -2.492852060156E+05  9.328344022830E-04 -4.882812500000E-04   1   5
 -1.705918112736E-04 -9.763565648507E-04 -3.063418260663E-05 -1.038616315972E+03 -5.467688464112E+03  1.240575698417E+04 -3.576719087413E-04 -4.882812500000E-04   1   5
  2.951686171204E-04 -1.463752166912E-04  1.020422506757E-03  2.775871807580E+03 -1.464175443124E+03 -3.885713416758E+05  1.488864187515E-03 -4.882812500000E-04   1   5
 -5.288681337869E-04 -2.560457497927E-04  4.029983950424E-04 -2.448861453703E+03 -1.289005147390E+03 -1.660509449706E+05  5.209777144355E-04 -4.882812500000E-04   1   5
 -3.610075583950E-04  7.392972738278E-04 -7.019901008949E-04 -4.541095987486E+03  9.019183213309E+03  1.735432286488E+05 -1.291050430385E-03 -4.882812500000E-04   1   5
  3.305211778493E-04 -4.922434069906E-04  3.150996918677E-05 -3.250546758093E+02 -1.209666773947E+02 -9.789173245266E+03 -2.029885096402E-04 -4.882812500000E-04   1   5
  2.195989536725E-04 -6.040932636756E-04  6.308304011959E-05  5.315841430886E+02 -8.644469774057E+02 -2.627810978880E+04 -1.372550109107E-04 -4.882812500000E-04   1   5
  2.667769044039E-04 -3.912618859489E-04  1.310502999305E-04  1.373016395760E+03 -1.539538502869E+03 -5.068843127600E+04  4.667893287191E-05 -4.882812500000E-04   1   5
 -5.264913149785E-05  5.231909138645E-04 -2.363602182345E-04  5.585282600744E+02  3.807933656388E+02  8.323137414008E+04 -6.282391973063E-04 -4.882812500000E-04   1   5
 -4.112794768907E-04  1.000944191543E-03  5.483537427451E-04 -2.441625504371E+03  6.405994016196E+03 -2.376999373965E+05  9.020199260217E-04 -4.882812500000E-04   1   5
 -4.808306187332E-04  3.261504671286E-04  4.492668630909E-04 -1.919859586587E+03  1.240310240383E+03 -1.919316366565E+05  5.865309628739E-04 -4.882812500000E-04   1   5
 -3.921847637379E-04  9.708690442128E-05  3.465756166023E-04 -1.202158748816E+02 -3.892033251012E+02 -1.494949814668E+05  5.282354011538E-04 -4.882812500000E-04   1   5
 -4.241015425799E-04  4.057724931462E-04 -1.032354465638E-04  7.231363114871E+02 -4.467300991736E+02  3.624847695289E+04 -5.066094161243E-04 -4.882812500000E-04   1   5
 -7.195351732525E-06 -6.831862375775E-04  1.526633525786E-04  3.884984984568E+02 -1.715571588462E+03 -5.665569526846E+04  1.015116170429E-04 -4.882812500000E-04   1   5
 -2.691914509409E-04  7.306886471686E-04  1.045174953218E-03 -2.143333118617E+03  6.304946681151E+03 -3.921837491344E+05  1.525675633879E-03 -4.882812500000E-04   1   5
  8.016036462286E-05 -2.900417189434E-04 -2.432704072590E-04 -4.253548580454E+02 -4.014622039035E+02  7.933307132466E+04 -4.813106742159E-04 -4.882812500000E-04   1   5
 -1.604279014178E-04  4.204923288797E-04  5.406410590778E-04 -4.279915877327E+02  2.084157629576E+03 -2.357718275454E+05  8.425429004042E-04 -4.882812500000E-04   1   5
  4.890818477619E-04  3.580356025642E-04  5.675758777444E-04  2.421758539374E+03  2.032075876932E+03 -2.455563327733E+05  8.095453573240E-04 -4.882812500000E-04   1   5
  2.791941577553E-04 -6.416052581847E-04  3.170996360562E-04  9.604869546485E+02 -2.800294122259E+03 -1.336709467833E+05  4.459690351588E-04 -4.882812500000E-04   1   5
 -2.488272317643E-04  8.822505727512E-05 -3.605824398631E-04  1.216563494731E+01  5.573269837412E+01  1.099244389692E+05 -8.295320251559E-04 -4.882812500000E-04   1   5
 -6.201486237296E-04 -2.865692803644E-04  1.875868967187E-04 -1.058090820405E+03 -1.636700177640E+02 -7.405845367609E+04  2.071596607234E-04 -4.882812500000E-04   1   5
  1.153379585844E-05  3.983338763892E-04  3.116335557594E-04  2.331286630775E+02  1.858386649317E+03 -1.354376713636E+05  4.359811165990E-04 -4.882812500000E-04   1   5
  5.477726299397E-04  1.079625980786E-04  9.365101097680E-04  4.596645779792E+03  1.028351969437E+03 -3.796005391496E+05  1.474154356401E-03 -4.882812500000E-04   1   5
 -6.683589223223E-04  1.323032268375E-04  4.418974862039E-04 -2.966009942564E+03  6.307951066112E+02 -1.876641518631E+05  5.751496399213E-04 -4.882812500000E-04   1   5
 -6.527488704255E-04  2.332921024226E-04 -7.327793033833E-04 -5.955603723258E+03  2.206636653964E+03  1.732606021348E+05 -1.247275302642E-03 -4.882812500000E-04   1   5
 -5.571733266631E-04 -4.721586472886E-04  5.926735930752E-04 -2.427713001997E+03 -2.704496992814E+03 -2.563184489269E+05  9.882606562517E-04 -4.882812500000E-04   1   5
  2.860323203590E-04 -6.149663450152E-04 -5.059627139503E-04  7.656977117433E+02 -1.715636911542E+03  1.447306555743E+05 -1.221581791027E-03 -4.882812500000E-04   1   5
 -4.307642115064E-04  7.243730095922E-04 -2.729948247153E-04 -1.326576629292E+03  2.487241194835E+03  9.458240077396E+04 -8.904113266386E-04 -4.882812500000E-04   1   5
  1.160263349346E-04 -4.781693300391E-05 -2.492975527972E-04 -5.719560205839E+02  3.568866118158E+01  7.784461733311E+04 -6.230342534064E-04 -4.882812500000E-04   1   5
  8.322514855074E-04  6.131990863283E-04  3.151376201722E-04  4.085164393763E+03  2.629778690503E+03 -1.305819776863E+05  3.434487493941E-04 -4.882812500000E-04   1   5
 -1.823672363646E-04  3.454203075713E-04  3.067871446572E-05  5.319416073882E+02 -6.186699504740E+01 -1.410567824128E+04 -8.504082286365E-06 -4.882812500000E-04   1   5
  5.030990711801E-04 -5.860473048478E-04  3.603924317370E-04  2.724850666914E+03 -2.737822114673E+03 -1.533038972183E+05  4.936408467326E-04 -4.882812500000E-04   1   5
  1.000945022136E-03 -3.124505249160E-04  5.427767106134E-04  5.835621711638E+03 -2.022295500654E+03 -2.353476478713E+05  8.981635223151E-04 -4.882812500000E-04   1   5
  2.335705886100E-04 -1.057464792822E-04  2.134175233270E-04  1.172635435827E+03 -2.133703886956E+02 -9.625524271561E+04  5.137328797211E-05 -4.882812500000E-04   1   5
  8.087172328045E-04  7.192220561094E-05 -3.450249177406E-04  5.320817793838E+03  6.755151497387E+02  1.089127354202E+05 -7.463101448639E-04 -4.882812500000E-04   1   5
 -1.975803534105E-04  3.886446033584E-04  7.665645739507E-04 -1.302720678935E+03  2.340472093663E+03 -3.262768269400E+05  1.130873211787E-03 -4.882812500000E-04   1   5
  2.560476090314E-04  7.239536350002E-04 -6.753719819801E-04  1.661955511308E+03  4.094886607374E+03  1.719327477156E+05 -1.279396725792E-03 -4.882812500000E-04   1   5
 -7.910305740666E-05 -1.665961950449E-04  7.796526949333E-04  1.799998638682E+03 -5.733935711860E+02 -3.300466481532E+05  1.324692082378E-03 -4.882812500000E-04   1   5
 -5.946452989596E-04 -1.101526181098E-04  4.003278610787E-05 -1.183834681320E+03 -3.330835355742E+02 -1.791264872670E+04 -1.333610770615E-05 -4.882812500000E-04   1   5
 -6.949037336246E-04 -3.669710626608E-04  3.248404500060E-04 -2.034300823121E+03 -1.479938579971E+03 -1.352950176593E+05  4.002439529440E-04 -4.882812500000E-04   1   5
 -3.702011576294E-04 -7.006414087093E-04  8.100591369242E-05 -9.205183621486E+02 -2.242511872821E+03 -3.223800274730E+04 -1.162479335584E-04 -4.882812500000E-04   1   5
  7.039281474521E-04 -1.767751385921E-05  4.467775754335E-04  2.544964433223E+03  1.010191947523E+02 -1.893672279363E+05  7.246038133442E-04 -4.882812500000E-04   1   5
 -2.020240018200E-04 -5.638258167800E-04 -6.177908822025E-04 -9.824763210423E+02 -2.091063216455E+03  1.698769796574E+05 -1.255719065369E-03 -4.882812500000E-04   1   5
 -4.227772961608E-04  6.985508546791E-04 -1.917669911062E-04 -2.613277188216E+03  4.502953402341E+03  6.661877537177E+04 -4.566670537045E-04 -4.882812500000E-04   1   5
 -4.356749527330E-04  4.455171277848E-04 -1.412698275964E-04  4.055183576198E+02  1.217084342928E+02  5.552245229542E+04 -5.415795717525E-04 -4.882812500000E-04   1   5
 -3.898200542857E-04  8.729338478307E-05  6.511903459616E-04 -1.352823603998E+03  2.296672986834E+02 -2.826733921454E+05  8.949324433782E-04 -4.882812500000E-04   1   5
  6.765052759136E-04  1.727760380770E-04  3.647995946170E-04  4.865892852884E+02  1.792294484866E+02 -1.538187025068E+05  6.627743226062E-04 -4.882812500000E-04   1   5
 -4.254494463520E-04 -5.523249525329E-04 -3.709771948261E-04 -1.550918522582E+03 -1.529248099574E+03  1.151710925001E+05 -9.873888736571E-04 -4.882812500000E-04   1   5
 -7.324681510375E-04  3.088009278041E-04  4.312834840814E-04 -2.541192016282E+03  1.428471092521E+03 -1.789162328782E+05  6.428763086834E-04 -4.882812500000E-04   1   5
 -6.807457042638E-04  3.976099485868E-04  8.117333064672E-04 -3.381625751569E+03  1.986511520168E+03 -3.356033906490E+05  1.378759242503E-03 -4.882812500000E-04   1   5
 -1.430756788374E-05  4.778966418048E-04  8.435122167234E-04 -3.959927156478E+02  2.064484738603E+03 -3.436864341031E+05  1.364427839530E-03 -4.882812500000E-04   1   5
  1.090736379121E-04 -3.622257992190E-04 -5.872891801806E-05  5.771963160355E+02 -2.504668762360E+03  1.115872615063E+04 -4.595953247541E-04 -4.882812500000E-04   1   5
 -6.115522076426E-04  3.279644683106E-04 -6.824346264378E-04 -4.306904295380E+03  2.151099606142E+03  1.707322290797E+05 -1.158781845227E-03 -4.882812500000E-04   1   5
 -4.337358683439E-04  5.142129313930E-04 -4.026918938775E-04 -7.476719427959E+02  1.016973994070E+03  1.252159509544E+05 -1.371476343955E-03 -4.882812500000E-04   1   5
  3.497018815149E-04 -6.453983906503E-04  6.539823540539E-04  1.892993438665E+03 -2.847128084900E+03 -2.788941931789E+05  1.107821665547E-03 -4.882812500000E-04   1   5
 -8.793208332088E-05  4.101425329725E-04 -5.041983880290E-04  2.896662776579E+02 -5.987256628826E+02  1.431568927924E+05 -1.530983110023E-03 -4.882812500000E-04   1   5
 -5.275145817092E-04 -6.551368029220E-04 -4.503225158157E-04 -2.529185840993E+03 -3.809864545754E+03  1.352343071123E+05 -1.065535376448E-03 -4.882812500000E-04   1   5
  3.317201312791E-04  4.477833396791E-04 -2.296463329698E-04  1.421648681677E+03  1.363208092043E+03  7.687277671524E+04 -5.661269481330E-04 -4.882812500000E-04   1   5
  4.785481835094E-04 -1.734895168958E-04  7.645217484296E-04  2.770236768827E+03 -1.096767008299E+03 -3.265325106261E+05  1.249062954743E-03 -4.882812500000E-04   1   5
 -1.675844646305E-04  1.763413553770E-04 -1.441069232704E-04  1.118124752749E+03 -3.295075891590E+02  5.974300047331E+04 -4.559373194475E-04 -4.882812500000E-04   1   5
  6.810895546947E-04  3.407698062016E-04  6.264826827675E-04  2.683797331430E+03  1.384259838147E+03 -2.658566453122E+05  1.171060482022E-03 -4.882812500000E-04   1   5
  6.985692909711E-04 -6.027639944798E-04  5.152740541106E-04  3.216344705556E+03 -2.876932191962E+03 -2.220135887803E+05  9.116844517472E-04 -4.882812500000E-04   1   5
 -3.360257219047E-04  2.140259210332E-04  1.942628211955E-04  1.738308230132E+03 -1.041435648051E+03 -7.801106518634E+04  1.445688884925E-04 -4.882812500000E-04   1   5
  1.827327607059E-04 -2.586529974076E-04  9.867245881883E-04  7.882242422840E+02 -1.214600336271E+03 -3.900874764101E+05  1.511443634286E-03 -4.882812500000E-04   1   5
  1.151369397075E-04  7.810277779232E-04 -7.628496149725E-04  1.217104562194E+03  5.768975687789E+03  1.855713676273E+05 -1.341142800079E-03 -4.882812500000E-04   1   5
 -7.008252002995E-04 -1.277675414982E-04  4.990842486010E-04 -2.142723844505E+03 -7.285274446215E+02 -2.161145183148E+05  8.404732134260E-04 -4.882812500000E-04   1   5
  2.449411297673E-04  3.033393278843E-04 -5.052126190490E-04 -7.075760113158E+02 -6.053044448998E+02  1.416056539248E+05 -1.217201635022E-03 -4.882812500000E-04   1   5
  5.184440001913E-04 -2.338695615627E-04  1.034802251087E-03  2.476012582500E+03 -1.103840199197E+03 -3.992350992579E+05  1.643169379870E-03 -4.882812500000E-04   1   5
  6.148999667602E-04 -3.626516805407E-04  9.325075949791E-04  4.045657366161E+03 -1.903122435440E+03 -3.774803812391E+05  1.476498608088E-03 -4.882812500000E-04   1   5
 -4.579385307756E-05  7.201161006827E-04  6.312696327986E-04 -3.889431654260E+02  3.719322178761E+03 -2.678759627252E+05  9.091312476546E-04 -4.882812500000E-04   1   5
  1.124726161978E-04  4.551729304357E-04 -2.754903183666E-05  5.134892810688E+02  1.315460865390E+03  9.174596290171E+03 -4.022408405628E-04 -4.882812500000E-04   1   5
 -6.660318027267E-04  4.313495673194E-04  8.704529949926E-04 -3.592083943563E+03  1.942590632829E+03 -3.555522878896E+05  1.387985120694E-03 -4.882812500000E-04   1   5
  5.102179982559E-04  2.627570481175E-04  3.393555359121E-05 -3.548627079448E+02 -2.845781527606E+02 -1.068232435869E+04 -2.004963098177E-04 -4.882812500000E-04   1   5
 -3.361918643168E-04 -8.704649744767E-04  3.944191601399E-04 -1.894825324083E+03 -4.441249469168E+03 -1.651265682168E+05  6.284837641122E-04 -4.882812500000E-04   1   5
 -7.053953041568E-04 -3.112718724950E-04 -5.385248504908E-07 -2.414934201947E+03 -1.370595521083E+03  1.988584607244E+03 -2.006292335821E-04 -4.882812500000E-04   1   5
 -4.907182354914E-04 -1.664155523944E-04 -2.441688876957E-04 -1.311805984119E+03 -9.106745961031E+01  8.222142088360E+04 -5.211817887307E-04 -4.882812500000E-04   1   5
 -1.331385732850E-04 -3.964121423346E-05 -1.001639482219E-04 -1.666211290485E+03 -2.438747830991E+02  3.080372841173E+04 -3.936833326961E-04 -4.882812500000E-04   1   5
 -3.908407532021E-04  3.216900338849E-04  7.624149496963E-04 -2.605394379812E+03  2.304970666607E+03 -3.267783820508E+05  1.262384771445E-03 -4.882812500000E-04   1   5
  5.240856157606E-05  7.100737143613E-04 -4.210105375746E-04  2.891767537141E+02  2.249874783386E+03  1.274950566176E+05 -1.078752226324E-03 -4.882812500000E-04   1   5
 -4.258023413130E-04 -7.399286738931E-04  2.446562774399E-04 -1.010135134430E+03 -2.495628456234E+03 -1.033499463157E+05  3.084447779571E-04 -4.882812500000E-04   1   5
  1.456334899781E-04  8.642003922750E-04  1.178445681269E-04  7.678577212527E+02  3.491786951374E+03 -4.609675556660E+04 -4.584264683061E-05 -4.882812500000E-04   1   5
 -3.218819353126E-04  8.051563824903E-04  2.793389430571E-04 -1.366978061143E+03  3.946500817211E+03 -1.189043720532E+05  3.433151863934E-04 -4.882812500000E-04   1   5
  5.505051216925E-04  2.326328803314E-06 -1.812894247255E-04  2.248846578807E+03  2.322607503454E+02  6.423903628492E+04 -4.533136493272E-04 -4.882812500000E-04   1   5
 -6.013189063978E-04 -3.172587113026E-05 -3.493075883019E-04 -2.052190159178E+03  1.494008319711E+01  1.094971520798E+05 -8.331002575392E-04 -4.882812500000E-04   1   5
 -2.329003548047E-04 -7.541759598180E-04 -6.492974664285E-05 -3.842918617352E+02 -1.866620193225E+03  2.252349050478E+04 -4.110195823994E-04 -4.882812500000E-04   1   5
  7.235343489382E-04  2.661245138380E-04  1.062312577053E-03  4.710261834243E+03  1.693590060778E+03 -4.039474875313E+05  1.552723106331E-03 -4.882812500000E-04   1   5
  5.476150377210E-05  6.353328215830E-05 -4.759049935239E-04  2.518180604905E+02 -6.754568922918E+02  1.360726030389E+05 -8.601351870130E-04 -4.882812500000E-04   1   5
  3.111081062859E-04  5.790889648954E-04  1.575649248409E-05  1.840974708518E+03  3.235687701949E+03 -3.297906824924E+03 -5.538046854170E-05 -4.882812500000E-04   1   5
  9.767144645270E-05 -5.860147814257E-04  3.349942209936E-04  2.065229524669E+01 -1.858464151080E+03 -1.422846739344E+05  5.227730775861E-04 -4.882812500000E-04   1   5
  3.262192869201E-04  3.906454416683E-04  5.545135081344E-04  1.108466141719E+03  4.210114455435E+02 -2.422791399478E+05  8.570039930884E-04 -4.882812500000E-04   1   5
 -5.564354795532E-04 -3.335890981914E-04  5.607406225350E-05 -1.455590512646E+03 -9.271855748304E+02 -2.530194442431E+04  2.116647748807E-05 -4.882812500000E-04   1   5
 -5.688438930740E-04  1.661466292770E-04 -5.690864327605E-04 -9.561281026098E+02  2.992418500085E+02  1.604726827547E+05 -1.332926840792E-03 -4.882812500000E-04   1   5
  5.869181185220E-04  5.857501899510E-04 -3.344678596018E-04  2.520350131238E+03  1.951672620665E+03  1.066871092195E+05 -9.379889793326E-04 -4.882812500000E-04   1   5
 -6.843232361919E-04 -3.265517574495E-06 -5.191154306261E-04 -3.060559256876E+03  6.375717103410E+00  1.413565895500E+05 -1.102659601354E-03 -4.882812500000E-04   1   5
  6.204114161664E-04  1.296676741878E-04 -1.362754397611E-04  1.080761440875E+03  1.233921194198E+02  5.504799063338E+04 -3.941227331623E-04 -4.882812500000E-04   1   5
 -6.331303036903E-05 -4.028537234922E-04 -7.907531270090E-05 -3.501906579001E+02  1.242254900810E+03  2.381433549178E+04 -3.773936576952E-04 -4.882812500000E-04   1   5
  4.261444382991E-04  3.301191046322E-04  6.456287817653E-04  1.811640978007E+03  1.441528623094E+03 -2.776189192007E+05  9.246437141712E-04 -4.882812500000E-04   1   5
  1.524637537930E-04 -5.406600604406E-04  6.468125238142E-04  8.715195535954E+01 -1.818820129836E+03 -2.758591399937E+05  9.983729287715E-04 -4.882812500000E-04   1   5
  7.866510742852E-04 -9.916582546667E-05  7.117175129050E-04  5.635896434780E+03 -5.919662573221E+02 -3.005413724844E+05  1.073792321010E-03 -4.882812500000E-04   1   5
 -7.599032259423E-04 -5.096820384043E-04  8.816060379040E-04 -4.590609164121E+03 -2.998492139778E+03 -3.589842731848E+05  1.404682809236E-03 -4.882812500000E-04   1   5
 -6.109490095403E-04 -1.289555065701E-04  7.286689178976E-05 -2.594182129506E+02  2.838896921561E+01 -2.772580435374E+04 -6.384122016989E-05 -4.882812500000E-04   1   5
  1.320778351067E-04  4.892270698434E-04  4.779761095905E-04  5.306520472285E+02 -1.308710411222E+03 -2.042927530556E+05  7.900553768412E-04 -4.882812500000E-04   1   5
 -3.644793318993E-04 -8.332059251237E-04  3.993025319589E-04 -2.590667811169E+03 -6.219806613902E+03 -1.653940164541E+05  4.910962945281E-04 -4.882812500000E-04   1   5
  4.741772200637E-04 -5.943055987594E-04 -6.890906295851E-04  3.389755328415E+03 -4.239238634752E+03  1.708820349090E+05 -1.174679944992E-03 -4.882812500000E-04   1   5
  1.756651406810E-04  3.035103876392E-04  3.880760905726E-04 -1.138036849263E+03 -1.251759550819E+03 -1.632866254512E+05  5.856279316596E-04 -4.882812500000E-04   1   5
 -4.379145926537E-05 -6.857388791979E-05 -4.347524849329E-04  9.605569980322E+02 -6.031143470714E+02  1.286709270358E+05 -8.927942020058E-04 -4.882812500000E-04   1   5
  3.287070741513E-04  4.985803601215E-04 -5.452293822072E-05  6.833834030321E+02  1.048704587392E+03  1.674154288676E+04 -2.916922790437E-04 -4.882812500000E-04   1   5
  2.738648979413E-04 -2.391766769337E-05  8.447008756782E-04 -1.593685997382E+02  9.737809383366E+02 -3.442652560072E+05  1.364365634624E-03 -4.882812500000E-04   1   5
  5.355336619470E-04 -2.331910281896E-05 -9.621258289627E-06  4.532281640727E+02 -3.981212722656E+02  4.819701839171E+03 -2.471093939249E-04 -4.882812500000E-04   1   5
  9.452522703689E-04  1.599539254196E-04  7.582272638631E-04  6.876889493827E+03  1.174637370011E+03 -3.210855124464E+05  1.285199713564E-03 -4.882812500000E-04   1   5
  1.692700470290E-04 -5.939722846752E-04  9.129740394398E-04  1.023950499605E+03 -2.666155482903E+03 -3.718489534826E+05  1.468120045484E-03 -4.882812500000E-04   1   5
  4.366707250544E-04  1.391327724784E-04 -2.828278256723E-04  2.072851509162E+03  1.110784640199E+03  9.203567330708E+04 -6.353637391960E-04 -4.882812500000E-04   1   5
 -6.664561727961E-04 -4.771255541562E-04  4.713968284706E-04 -2.320025098065E+03 -2.296275235562E+03 -1.999678502106E+05  8.060768702549E-04 -4.882812500000E-04   1   5
 -8.045123461846E-05  5.072459027211E-04  1.727051418006E-04  4.590552869955E+02 -5.530089564894E+01 -6.383933433193E+04  1.331440829873E-04 -4.882812500000E-04   1   5
 -5.323342002592E-04 -5.122542746197E-04  3.897859157020E-04 -1.115304366294E+03 -1.212711850103E+03 -1.640056989333E+05  6.717595469805E-04 -4.882812500000E-04   1   5
  5.433293664787E-04  4.378200185008E-04 -1.073427450176E-04  1.237036886083E+03  1.282688876214E+03  3.780855191492E+04 -4.188614973302E-04 -4.882812500000E-04   1   5
  4.659586268250E-04 -5.861454927075E-04 -6.409828535840E-04  2.656418709181E+03 -3.213702665035E+03  1.691709953264E+05 -1.214549462343E-03 -4.882812500000E-04   1   5
  3.956864089819E-04  3.230000487721E-04 -3.226818373188E-04  1.469253624816E+03  1.147946811110E+03  1.034636264942E+05 -6.801935545191E-04 -4.882812500000E-04   1   5
  1.350210465898E-04 -2.341835154474E-05  1.398538571045E-04 -8.356379611093E+02  5.492987886709E+02 -5.424618886472E+04 -1.410821674597E-05 -4.882812500000E-04   1   5
 -6.934982810150E-04  4.196621709155E-04  6.628462394316E-04 -3.562767049518E+03  2.361715666185E+03 -2.836450597392E+05  1.150779802822E-03 -4.882812500000E-04   1   5
  4.169554280669E-04 -1.059814025236E-04  5.619014399381E-04  2.892882708540E+03 -1.062345216737E+03 -2.388829288019E+05  7.433557800400E-04 -4.882812500000E-04   1   5
  1.130091414316E-04 -2.989045443945E-04  8.384192026480E-04  2.634331054891E+02 -1.180201659281E+03 -3.419372020937E+05  1.307202395298E-03 -4.882812500000E-04   1   5
  5.312704182679E-04 -7.964629529174E-04  6.731833128701E-04  3.442071572693E+03 -4.528952250867E+03 -2.880702769988E+05  1.209721811076E-03 -4.882812500000E-04   1   5
  8.382106474124E-05  1.862758149080E-04 -5.647368100856E-04  5.197107859328E+01 -3.134647430079E+03  1.601373177370E+05 -1.081396530793E-03 -4.882812500000E-04   1   5
 -6.013902593569E-04 -3.219048880657E-05  2.812761625313E-04 -2.803434056770E+03 -1.995561675388E+01 -1.233379782232E+05  3.768156426833E-04 -4.882812500000E-04   1   5
 -5.024477655201E-04 -2.171925033805E-04 -6.687521985325E-04 -3.365115741099E+03 -1.550894004937E+03  1.716372838237E+05 -1.147130756975E-03 -4.882812500000E-04   1   5
 -8.909589941535E-05  3.231142353944E-04  6.686821509527E-04 -3.899187055336E+02  1.747064854770E+03 -2.928968621031E+05  9.569121435042E-04 -4.882812500000E-04   1   5
 -5.247799674836E-04 -3.385031940966E-04 -4.648354534549E-04 -3.494195701215E+03 -2.329054271618E+03  1.343865836399E+05 -8.347168898091E-04 -4.882812500000E-04   1   5
  1.691085510392E-04 -6.091685760942E-04  7.653781907089E-04  1.089478800264E+03 -4.802212387532E+03 -3.274034036524E+05  1.322053350648E-03 -4.882812500000E-04   1   5
 -8.004823672657E-04 -2.824913505616E-04 -8.790793643687E-06 -2.898522374550E+03 -1.413757666496E+03  5.342022481844E+03 -3.495433117759E-04 -4.882812500000E-04   1   5
  3.431982947791E-04  2.625127227536E-05  6.889718934642E-04  1.357583205075E+03 -6.485502287141E+02 -2.987631651951E+05  1.122431161983E-03 -4.882812500000E-04   1   5
  6.292083647921E-04  3.511440582274E-04  1.152501891348E-04  3.928861829993E+02 -7.030843386080E+01 -4.437587930889E+04 -9.344890907315E-05 -4.882812500000E-04   1   5
 -2.032161162894E-04 -4.108187580980E-04 -3.245244352694E-04 -1.915910865040E+02 -3.579839161253E+02  1.018517127124E+05 -6.516129664327E-04 -4.882812500000E-04   1   5
  4.275654020597E-04 -1.691582098317E-04 -3.031419081090E-06 -1.438315919607E+03  4.543230694186E+02  3.119738709323E+03 -3.068856735737E-04 -4.882812500000E-04   1   5
  3.970473926025E-04  5.868965712811E-04 -4.411843992758E-04  1.437046548825E+03  2.634030332143E+03  1.324052665591E+05 -9.349639356770E-04 -4.882812500000E-04   1   5
 -3.488683467589E-04  6.483449109330E-04 -1.907558782572E-04 -1.278518057513E+03  2.210662491232E+03  6.874647573602E+04 -6.060636875826E-04 -4.882812500000E-04   1   5
  5.612601150984E-04  6.104781158273E-05 -2.614407528649E-04  8.184905254383E+02 -2.048905606171E+02  8.922003592867E+04 -6.785523110757E-04 -4.882812500000E-04   1   5
 -7.382407653969E-04 -2.003850790922E-04 -1.230286985621E-04 -1.835293526351E+03 -5.056303772478E+02  4.641756746885E+04 -4.428958335279E-04 -4.882812500000E-04   1   5
  8.408960170491E-04 -4.019797726555E-04 -1.820623251412E-04  3.905719925098E+03 -2.019041410239E+03  6.645967713196E+04 -4.913142309668E-04 -4.882812500000E-04   1   5
 -5.436517718786E-04 -2.983345171530E-05 -8.067917315704E-04 -3.369978249695E+03  1.225479951041E+01  1.889524282064E+05 -1.364351413541E-03 -4.882812500000E-04   1   5
 -4.881529177768E-04  4.338201222864E-04  2.394543704325E-04 -2.698927036014E+03  2.624349186962E+03 -1.130447288196E+05  3.092583058155E-04 -4.882812500000E-04   1   5
  8.016425303246E-04  2.037331906283E-05 -2.929377613645E-04  2.238606327471E+03 -9.998434261630E+01  9.845747933282E+04 -8.838394627215E-04 -4.882812500000E-04   1   5
  6.952470672776E-04  1.619608868523E-04 -3.536231715455E-04  5.726864340043E+03  1.244560143815E+03  1.073630260167E+05 -7.489962223914E-04 -4.882812500000E-04   1   5
  4.506872834069E-04 -3.747011190776E-04 -3.838680664834E-04  1.037020497244E+02  1.378765210636E+02  1.196310676607E+05 -1.037497454906E-03 -4.882812500000E-04   1   5
 -5.637917872096E-04 -8.241420720171E-04  8.070465592684E-04 -4.962731138466E+03 -7.118086218765E+03 -3.362726983964E+05  1.365571495970E-03 -4.882812500000E-04   1   5
  4.350373605766E-05  6.305929652563E-04  9.600571395381E-04  4.056074896654E+02  7.014808487488E+03 -3.904065819013E+05  1.454579575681E-03 -4.882812500000E-04   1   5
  1.594186676251E-04 -7.811814938637E-04 -1.349304461096E-05  2.796438839042E+02 -2.616179031717E+03  6.654007588714E+03 -3.211963232790E-04 -4.882812500000E-04   1   5
  5.993413975930E-04  1.119974237785E-04 -1.688403605233E-04  8.927077433372E+01  6.948005658864E+01  6.386722566084E+04 -5.774055303753E-04 -4.882812500000E-04   1   5
 -8.370101998527E-05 -8.731748167375E-04 -1.663810159527E-04 -3.497479642774E+02 -2.316859632314E+03  6.431967968372E+04 -6.185567225820E-04 -4.882812500000E-04   1   5
 -1.445041450403E-04  2.728991318799E-05 -6.931266494266E-04 -1.059073607862E+03  1.979006297497E+02  1.721744992199E+05 -1.229267704964E-03 -4.882812500000E-04   1   5
 -5.414677514091E-04 -3.931628581012E-04  1.047288655859E-03 -4.828599029737E+03 -3.701480737137E+03 -3.890948931436E+05  1.463209005005E-03 -4.882812500000E-04   1   5
  8.595794310574E-04 -3.983407845140E-04  3.057167766882E-04  3.944486134895E+03 -1.551509367899E+03 -1.266201494829E+05  3.090138264579E-04 -4.882812500000E-04   1   5
 -7.640430635745E-04  4.882993768302E-04  3.578004470621E-04 -3.216657005607E+03  1.701356260326E+03 -1.502257131115E+05  5.703409943738E-04 -4.882812500000E-04   1   5
 -5.541584744310E-04 -6.446774970946E-05  3.775864043392E-04 -4.846029045945E+02  2.660237638513E+02 -1.589383774056E+05  5.369216531683E-04 -4.882812500000E-04   1   5
  5.097869756248E-06  2.587444179338E-04 -2.036614900174E-04  6.706734164936E+01  3.697707123296E+02  7.171273385925E+04 -5.684435674116E-04 -4.882812500000E-04   1   5
  7.592007927067E-04  1.438753145256E-04  1.002034237485E-03  4.946974041560E+03  1.248208538644E+03 -3.929448161584E+05  1.519774646455E-03 -4.882812500000E-04   1   5
 -4.456280991121E-04 -3.755399339538E-04 -2.786420880940E-04 -2.626558380822E+02 -9.879065171067E+02  9.498677240068E+04 -8.152751044062E-04 -4.882812500000E-04   1   5
  4.132750744862E-04  3.279356113846E-04 -4.088967273641E-04  4.809480151217E+02  4.369489076023E+02  1.247299394778E+05 -8.180334469348E-04 -4.882812500000E-04   1   5
  7.935907456320E-05 -3.572639572906E-04 -7.643610718366E-04  2.884596279265E+02 -1.466247094925E+03  1.799968676583E+05 -1.279095631469E-03 -4.882812500000E-04   1   5
  2.255167050556E-04  3.762395576250E-04 -8.436421232951E-04  2.315655617806E+03  3.954502198564E+03  1.869655668190E+05 -1.411677947949E-03 -4.882812500000E-04   1   5
  4.716601343555E-04 -1.537136537529E-04  2.725533057379E-05  6.901468150685E+02 -6.245886760310E+02 -1.156696190098E+04 -5.178935031402E-05 -4.882812500000E-04   1   5
  6.671753191709E-04  1.530212711449E-04 -2.556235329942E-05  1.157686442114E+03  2.249065704385E+02  1.080470221997E+04 -3.214761067607E-04 -4.882812500000E-04   1   5
  2.029287110418E-04  5.895071151579E-04 -5.343590677573E-04  1.661050832472E+02  1.350215881758E+03  1.477761827358E+05 -1.220105083116E-03 -4.882812500000E-04   1   5
 -9.751978472390E-06  6.406470214816E-04  5.910566371439E-04  3.802273366553E+01  1.403039483635E+03 -2.550682269370E+05  1.083686183792E-03 -4.882812500000E-04   1   5
  3.593360286366E-04 -1.077214239935E-04  3.981741595558E-04  3.277944717976E+03 -8.238716585084E+02 -1.676928093970E+05  4.472854793800E-04 -4.882812500000E-04   1   5
  2.812809515896E-04 -4.816642400846E-05 -4.128785416389E-04 -1.290345891847E+02 -7.844038622745E+02  1.248204053701E+05 -7.436321113570E-04 -4.882812500000E-04   1   5
  4.183197011881E-04 -6.564298875050E-04 -3.332053382143E-05  8.957034195625E+02 -1.510440661276E+03  1.426565163660E+04 -3.114170795566E-04 -4.882812500000E-04   1   5
 -5.796920265486E-04  2.541369269921E-04  4.372512097848E-04 -3.392028923230E+02  6.260500803159E+02 -1.824707382037E+05  6.723272071074E-04 -4.882812500000E-04   1   5
 -2.348726308599E-05 -7.012106323926E-04 -5.434251819247E-04  3.269421038563E+02 -2.389101219682E+03  1.514089219665E+05 -1.287339243456E-03 -4.882812500000E-04   1   5
 -5.742642779889E-04 -4.463670612314E-04  1.587942934114E-04 -1.026381942723E+03 -3.082129534678E+02 -6.047543443743E+04  1.550562300956E-05 -4.882812500000E-04   1   5
 -2.791036823195E-04  1.570838666621E-04 -4.737930396215E-04  2.085970962669E+02 -7.352862493742E+01  1.345285089936E+05 -7.911434070280E-04 -4.882812500000E-04   1   5
  3.737275887794E-04 -2.773988403505E-04 -1.166219416753E-04  4.971804804006E+02 -6.780878643199E+02  4.512549738803E+04 -3.436526500256E-04 -4.882812500000E-04   1   5
  4.148185806750E-04  5.532200609170E-05 -5.494620336357E-04 -5.612772487027E+02 -4.282864513287E+02  1.517942993023E+05 -1.233812882344E-03 -4.882812500000E-04   1   5
  4.627747977706E-04 -3.632325501474E-05 -4.749043440340E-04  1.741811917686E+03  2.326902946787E+02  1.354805909182E+05 -9.577755649808E-04 -4.882812500000E-04   1   5
  2.426282255728E-05  3.893008381032E-04 -6.555827020192E-04  3.547826290839E+02  2.829324473492E+03  1.729364434689E+05 -1.138463439903E-03 -4.882812500000E-04   1   5
  5.410568610336E-04  3.719683453462E-04  8.912566520971E-04  2.184785539564E+03  1.543423949005E+03 -3.654014896867E+05  1.478830199616E-03 -4.882812500000E-04   1   5
  2.577133716035E-04 -7.014382103547E-04 -5.487804778892E-04  1.478826775465E+03 -4.294068791694E+03  1.493228533485E+05 -9.476195598861E-04 -4.882812500000E-04   1   5
 -4.592729160849E-04 -3.735468346287E-04  6.710599389712E-04 -1.674035821737E+03 -1.652310423907E+03 -2.886613181189E+05  1.074740492500E-03 -4.882812500000E-04   1   5
  2.331881409448E-04 -7.914905750198E-04 -3.731015901445E-04  1.215476624623E+03 -5.063345614976E+03  1.168776701776E+05 -7.384953477469E-04 -4.882812500000E-04   1   5
  4.717460604335E-04  2.392397157707E-05  6.582224629956E-04  1.452661277941E+03  1.527129601744E+02 -2.830856014384E+05  1.048220083115E-03 -4.882812500000E-04   1   5
  3.582146736856E-04  1.559660863084E-04  4.886362416943E-04  8.557801219666E+02  8.306088920504E+02 -2.148550003964E+05  6.759525593338E-04 -4.882812500000E-04   1   5
 -2.415869808742E-04  3.551082003439E-04 -1.253302976596E-04  9.785442683930E+02 -1.297028618637E+03  4.818551869100E+04 -5.291364538760E-04 -4.882812500000E-04   1   5
  6.563410383961E-04 -3.513797669600E-04  8.332754400451E-04  4.111792325635E+03 -2.095563367214E+03 -3.401986507610E+05  1.371186471360E-03 -4.882812500000E-04   1   5
  7.167857449505E-04  5.306976448086E-05  5.536517286138E-04  4.791277488270E+03  2.915120929530E+02 -2.393465526645E+05  7.211319372384E-04 -4.882812500000E-04   1   5
 -1.926552982482E-05  6.533391557726E-04  5.667758195584E-04  4.383772771783E+02  1.987892572020E+03 -2.486732441220E+05  1.046239561935E-03 -4.882812500000E-04   1   5
 -3.857909675361E-04  3.722182715722E-04 -1.912735879506E-05 -7.245994426880E+02  9.892685897769E+02  6.214532630056E+03 -1.057237642925E-04 -4.882812500000E-04   1   5
 -6.850386859398E-04 -2.419142634150E-04  3.994784254373E-04 -2.273250431904E+03 -5.936198960057E+02 -1.670742756760E+05  5.537913247267E-04 -4.882812500000E-04   1   5
  2.629898398787E-04 -4.271411946477E-04  3.221305894874E-05  1.268716827818E+03 -1.780485071114E+03 -1.365314478286E+04 -1.558351325883E-04 -4.882812500000E-04   1   5
  6.688927270012E-04  1.353260714807E-04 -6.617262127189E-04  2.862632728293E+03  3.389299705150E+02  1.737858411791E+05 -1.378196500685E-03 -4.882812500000E-04   1   5
  1.036746004698E-04 -8.149451552683E-04  6.955827496831E-04  8.551970236164E+02 -5.399452514022E+03 -2.955845058103E+05  9.839501608102E-04 -4.882812500000E-04   1   5
 -6.703292723028E-04 -3.673329645586E-04  2.775110951387E-04 -1.505372484841E+03 -1.340940600983E+03 -1.166755602196E+05  3.026938141524E-04 -4.882812500000E-04   1   5
 -6.813018268775E-04 -3.640608981148E-05 -6.899052076959E-05 -2.941469819916E+03 -3.303097308497E+02  1.822658088069E+04 -1.162420502610E-04 -4.882812500000E-04   1   5
  1.389365652302E-04 -5.651043894807E-04  3.650392122978E-04  5.012106349731E+02 -1.308906010411E+03 -1.552503792156E+05  5.478505797303E-04 -4.882812500000E-04   1   5
 -3.890409472237E-04 -1.097661539267E-05 -2.153298792265E-04 -7.448870150692E+02  6.309281342071E+01  7.098864954185E+04 -3.607164009480E-04 -4.882812500000E-04   1   5
  1.523744153770E-04 -4.637286111834E-04 -8.023369713164E-04  7.030411811091E+02 -1.989796691005E+03  1.904666863881E+05 -1.372007453396E-03 -4.882812500000E-04   1   5
 -7.446618419051E-04 -3.022195384982E-04  1.456601540988E-04 -2.674554088907E+03 -1.068953141558E+03 -5.486558496848E+04 -1.273209639407E-05 -4.882812500000E-04   1   5
  6.986812880393E-04  4.495979664392E-04  3.951924682837E-04  2.750506299250E+03  1.481597110019E+03 -1.651929997449E+05  6.258945621660E-04 -4.882812500000E-04   1   5
 -3.165762445800E-04  4.469391123598E-04 -3.722977557921E-04 -1.517288156925E+03  1.830817110953E+03  1.169109973514E+05 -7.239552232150E-04 -4.882812500000E-04   1   5
 -5.162502093637E-04 -2.941505595986E-05  6.475850152299E-04 -1.609038545116E+03 -2.941203587588E+02 -2.763930742644E+05  9.770674658292E-04 -4.882812500000E-04   1   5
  6.523242365213E-04 -2.997938123093E-04  2.271502775764E-04  1.332127257088E+03 -9.327047320965E+02 -9.853648726007E+04  1.731679592183E-04 -4.882812500000E-04   1   5
  5.450920952715E-04  5.084338926034E-04  8.970643822104E-04  4.001556311075E+03  3.785093395577E+03 -3.625853782411E+05  1.442513476368E-03 -4.882812500000E-04   1   5
  9.078263580364E-04  1.264098605862E-04  6.708095615453E-04  5.382716436143E+03  4.302728082903E+02 -2.870455062254E+05  1.153339952033E-03 -4.882812500000E-04   1   5
 -5.137613376078E-04 -9.406396894383E-05  4.408687426207E-04 -1.509269798720E+03 -6.762352569793E+02 -1.861173213245E+05  6.093592101841E-04 -4.882812500000E-04   1   5
  2.652602576493E-04  7.781320691808E-04  8.313566841771E-04  1.565329879090E+03  4.537755850670E+03 -3.403845265114E+05  1.385514635713E-03 -4.882812500000E-04   1   5
  5.326298584561E-04 -3.207111502507E-04  5.299205767351E-04  1.813955236524E+03 -5.278136243913E+02 -2.323746417454E+05  8.655724542486E-04 -4.882812500000E-04   1   5
 -7.341340818790E-04 -3.758792147709E-04 -2.008306784758E-04 -4.672168494740E+03 -2.290269039613E+03  6.937045755696E+04 -4.734423162542E-04 -4.882812500000E-04   1   5
  2.034122445504E-04 -3.800868336513E-04  2.790720709780E-04 -8.930795746832E+01 -2.615610660181E+01 -1.203808865320E+05  3.794755338387E-04 -4.882812500000E-04   1   5
 -3.953692387444E-05 -4.460129639814E-04 -8.957834831400E-04 -4.548954243721E+02 -3.359361290671E+03  1.908149353729E+05 -1.400485039479E-03 -4.882812500000E-04   1   5
 -4.141398117094E-04  7.023148344614E-04 -1.814633317299E-05 -1.457606062404E+03  1.769895240325E+03  9.868066955656E+03 -4.447385103639E-04 -4.882812500000E-04   1   5
 -7.753616089093E-04 -9.252480052211E-05  6.136222203246E-04 -3.269929553053E+03 -7.765363770922E+02 -2.611879329716E+05  1.069144972359E-03 -4.882812500000E-04   1   5
 -2.873701287681E-04 -2.898396945411E-04  4.494076361472E-04 -1.340736229307E+03 -9.592113813375E+02 -1.888216854120E+05  5.923796736163E-04 -4.882812500000E-04   1   5
  2.479397553425E-04  8.474591629304E-04  6.422590319959E-04  1.201562742730E+03  4.867055860547E+03 -2.733238390451E+05  1.163233619405E-03 -4.882812500000E-04   1   5
 -9.391567239544E-05  1.062378034245E-03  5.089100708595E-04 -5.371758331837E+02  6.393592001027E+03 -2.190127678937E+05  7.846200301707E-04 -4.882812500000E-04   1   5
 -1.139844950110E-04  4.973944002579E-04 -5.148842359004E-05 -1.511786699035E+02  1.116794602584E+03  1.273192849535E+04 -1.142627010111E-04 -4.882812500000E-04   1   5
  7.456649809837E-04  4.951391601978E-04  5.334612353307E-04  3.971863487839E+03  2.972165328981E+03 -2.319085255467E+05  8.513762875033E-04 -4.882812500000E-04   1   5
  3.026590547112E-04 -1.899526478549E-04 -1.933433005412E-04  2.366879044890E+02 -9.390116845632E+01  6.746877925867E+04 -4.841298367104E-04 -4.882812500000E-04   1   5
 -5.625388756986E-04 -3.122260843389E-04  2.493932046170E-04 -1.013634404391E+03 -1.099964066423E+03 -1.101708078385E+05  2.639502623403E-04 -4.882812500000E-04   1   5
  2.310840282194E-04 -1.482985509859E-04 -9.541828177704E-04  2.499059321647E+03 -1.952496482842E+03  2.266485941579E+05 -1.527465537260E-03 -4.882812500000E-04   1   5
 -2.840787671662E-04 -5.687539370778E-04  5.516979833091E-04 -7.306291242398E+02 -2.477269485256E+03 -2.407630434478E+05  9.103908490893E-04 -4.882812500000E-04   1   5
  1.773042958724E-04  4.776421356619E-04  5.518433368756E-05  5.506749220096E+02 -1.816188494525E+01 -2.476037098437E+04 -1.073968761212E-05 -4.882812500000E-04   1   5
  7.549553856323E-04 -6.322265627375E-04  4.567699142899E-04  3.852502034004E+03 -3.604021462486E+03 -1.906315343512E+05  6.543172298006E-04 -4.882812500000E-04   1   5
 -3.420622898882E-04 -8.347416157094E-04  3.677644609734E-06 -1.041295519982E+03 -3.274792840342E+03  1.645119814113E+03 -2.666242396820E-04 -4.882812500000E-04   1   5
 -1.538182774847E-04 -4.746582269969E-04  4.261980248641E-04  8.370076511123E+02  1.800420345984E+02 -1.773152677012E+05  6.144623301250E-04 -4.882812500000E-04   1   5
 -7.824471120779E-04  1.676989224961E-05  2.983874343618E-04 -2.852668206079E+03 -1.204224169491E+02 -1.248979870468E+05  3.445175629029E-04 -4.882812500000E-04   1   5
 -7.625747157924E-04  3.970639103634E-06  7.726748002681E-04 -4.295292036041E+03  3.437830410633E+02 -3.258859819277E+05  1.327683246270E-03 -4.882812500000E-04   1   5
  2.508149954317E-04  9.847715185229E-05 -4.938259569114E-04  6.420247501405E+02 -3.543738697386E+02  1.361031732304E+05 -1.011913938163E-03 -4.882812500000E-04   1   5
 -4.982278966557E-04  1.761747424505E-04  8.608601955307E-04 -1.612603223674E+03  6.330563286018E+02 -3.504141171057E+05  1.389301524377E-03 -4.882812500000E-04   1   5
  3.082178449354E-04 -4.924160318418E-04 -4.251621413971E-04  6.344710533170E+02 -1.795804224624E+03  1.280482825188E+05 -8.052696505789E-04 -4.882812500000E-04   1   5
 -2.989306052166E-06  6.263613629714E-04  3.154984578417E-04  1.566265167192E+02  1.699233692067E+03 -1.327014676288E+05  4.060433512709E-04 -4.882812500000E-04   1   5
  9.743087684881E-05  4.467773626807E-04  1.614430623507E-04 -2.926860300942E+02 -2.003258667931E+02 -5.899037315644E+04  1.280335626852E-04 -4.882812500000E-04   1   5
 -9.623109355517E-05  6.167578876761E-04 -5.312919559319E-05  2.738569019333E+02 -5.138477394291E+01  1.887526217045E+04 -4.268399212517E-04 -4.882812500000E-04   1   5
 -5.206904418947E-04  1.108870757373E-04 -2.455923778388E-05  2.358949885122E+02 -2.168435144283E+02  1.046574005195E+04 -3.833702245561E-04 -4.882812500000E-04   1   5
  2.062405781240E-04 -2.103130377608E-04 -5.219966039047E-04 -1.197086989092E+03  1.307838587240E+03  1.386657918282E+05 -9.397201974330E-04 -4.882812500000E-04   1   5
 -5.218035685866E-04  3.355125451954E-05  2.877041070382E-04 -9.753547443561E+02  4.708620670339E+02 -1.222772005643E+05  4.020764352468E-04 -4.882812500000E-04   1   5
 -3.803907431713E-04  1.106990756837E-04 -2.814461206926E-04 -2.590244049270E+03  5.535766700996E+02  9.241182656351E+04 -5.865668688809E-04 -4.882812500000E-04   1   5
 -3.057269880428E-04 -7.248433077712E-04  2.970272283429E-04 -6.468958234843E+02 -1.677726047850E+03 -1.223489037220E+05  3.903492545696E-04 -4.882812500000E-04   1   5
  2.098369913793E-04  4.569324645828E-05  6.598961405624E-04  9.298310025396E+02  3.060175298154E+02 -2.899724372673E+05  9.923860522960E-04 -4.882812500000E-04   1   5
  5.792852580780E-04 -6.523912491208E-04  3.499782667360E-04  2.997654041580E+03 -3.666367329123E+03 -1.474917372990E+05  5.552169599436E-04 -4.882812500000E-04   1   5
  5.117247929773E-04  7.934673245944E-04  1.201801305366E-04  2.061669132803E+03  2.688471530422E+03 -4.660434215713E+04  1.892299450290E-05 -4.882812500000E-04   1   5
 -2.115900305090E-04 -4.201908808899E-04  6.031530396466E-06 -1.798055002060E+02  3.527595941706E+02 -1.187142951950E+03 -2.942116167404E-05 -4.882812500000E-04   1   5
  1.627039028754E-04  4.548870180511E-04  9.239085986401E-04  7.423537112133E+02  2.102589961683E+03 -3.734328964218E+05  1.443767806778E-03 -4.882812500000E-04   1   5
 -4.352919982823E-04 -7.095219793578E-04 -1.316083595611E-04 -1.367007539314E+03 -1.668301695580E+03  5.095399120826E+04 -4.755119845363E-04 -4.882812500000E-04   1   5
  3.793984677703E-04  5.413229735274E-04  7.738283723446E-05  2.854728089248E+02  1.034135901552E+02 -2.947128442679E+04 -1.157399192078E-04 -4.882812500000E-04   1   5
 -3.386493264288E-04 -4.629824071630E-05 -5.655813733294E-04 -7.111178612510E+02  2.704167736806E+02  1.588512510136E+05 -1.051341795765E-03 -4.882812500000E-04   1   5
  5.444880591220E-04  2.060612769267E-04  1.147573085216E-04  1.611910311529E+03  2.388331984982E+02 -4.494694333450E+04  2.600704294586E-05 -4.882812500000E-04   1   5
  3.452674420589E-05  1.843712703146E-06  2.461735104053E-04 -1.288156639518E+03  1.718273718787E+02 -1.175739490565E+05  1.157224155612E-04 -4.882812500000E-04   1   5
 -2.190204337474E-05 -6.988253615837E-04 -7.424438288104E-04  9.079082339538E+01 -4.411778493671E+03  1.811263755140E+05 -1.433246721323E-03 -4.882812500000E-04   1   5
 -4.434968728871E-04 -4.268280138469E-04 -6.758681248562E-04 -2.696288592673E+03 -2.660151049401E+03  1.712738489012E+05 -1.248427286994E-03 -4.882812500000E-04   1   5
  7.290709219246E-04 -3.470268673517E-04  2.579860078993E-04  1.527891134991E+03 -6.351688338168E+02 -1.079418486893E+05  3.325154277363E-04 -4.882812500000E-04   1   5
  6.038277325136E-04  2.347801808588E-04  1.703960665926E-04  1.639558265438E+02 -1.316162931750E+02 -6.567802473003E+04  1.756726718938E-04 -4.882812500000E-04   1   5
  3.211281750298E-04  7.754896256398E-04 -1.635351805200E-04  2.098575553384E+03  4.386800723824E+03  6.302186872811E+04 -4.052004009782E-04 -4.882812500000E-04   1   5
  6.198271475954E-05  4.418807487504E-04 -3.975796212896E-04  1.736862056489E+02  7.490067446951E+02  1.220862827095E+05 -7.571105794177E-04 -4.882812500000E-04   1   5
 -2.994686177565E-04  6.066963209153E-04 -4.031498245949E-05 -4.264612723748E+02  1.724053509999E+03  1.369304141904E+04 -2.555065342076E-04 -4.882812500000E-04   1   5
 -6.122645930482E-04  1.647935031314E-04  7.805135374372E-05  6.674977975926E+02  1.357459500126E+02 -2.840814864616E+04 -2.916317279382E-04 -4.882812500000E-04   1   5
 -3.409359792216E-04  3.710442497890E-04 -3.405640262115E-04 -8.259248470045E+02  2.954292069636E+02  1.069162018584E+05 -9.205920349711E-04 -4.882812500000E-04   1   5
  1.975040957382E-04 -1.726849193769E-04  1.085530753937E-03  2.611339882214E+02 -1.137191160154E+03 -4.074146552730E+05  1.642418668323E-03 -4.882812500000E-04   1   5
 -3.825920887251E-04  6.114623478758E-04 -3.763120459954E-05 -3.024158944048E+02  7.223380687423E+02  1.619511094948E+04 -6.497228644662E-04 -4.882812500000E-04   1   5
 -3.082885105113E-04  3.183544281805E-04  3.241173846691E-05  9.138538829662E+02 -1.104224836526E+03 -1.373339264543E+04 -9.840899600455E-05 -4.882812500000E-04   1   5
  2.980772882922E-04  5.325111153832E-04  7.446411999834E-04  1.787810354053E+03  3.579513096973E+03 -3.152475498276E+05  1.203491516446E-03 -4.882812500000E-04   1   5
  2.630951712707E-05 -1.921879751743E-04  4.721022299181E-04  8.837518634994E+02 -1.965480441277E+03 -2.076796938835E+05  5.993980874646E-04 -4.882812500000E-04   1   5
 -2.287141852742E-04 -5.920216271360E-04 -6.962604620542E-04 -2.193206973031E+03 -5.835798727701E+03  1.708702481079E+05 -1.144752691410E-03 -4.882812500000E-04   1   5
  4.448597619127E-04  1.509336914837E-04  3.352071950489E-04  1.307221557545E+03  1.338844660655E+02 -1.456672765156E+05  4.577733784377E-04 -4.882812500000E-04   1   5
 -1.223375408859E-04  3.182290045063E-04 -7.755193473753E-04 -3.937505015319E+02  1.803639602877E+03  1.834467352329E+05 -1.329760940001E-03 -4.882812500000E-04   1   5
  7.235781158573E-04 -2.624056215365E-04  1.040781339601E-03  5.385244585930E+03 -2.232648398909E+03 -3.948897941939E+05  1.531086511438E-03 -4.882812500000E-04   1   5
  3.155732288157E-04 -5.447880660013E-04 -7.359176868200E-04  2.170882155103E+03 -3.687978099625E+03  1.758413346630E+05 -1.507317170438E-03 -4.882812500000E-04   1   5
  9.783140930056E-04 -2.683488249082E-05  1.089135831522E-05  5.347997927647E+03 -2.658501159327E+02 -3.102926322296E+03 -4.498622788240E-05 -4.882812500000E-04   1   5
 -9.738135028687E-05  4.194550640846E-04 -4.873715929912E-04 -2.195564107861E+02  1.172792858789E+03  1.360780400556E+05 -8.922747020446E-04 -4.882812500000E-04   1   5
  4.633089013451E-04  5.127595495171E-04 -2.212210999226E-04  4.662536444078E+02  3.218615429826E+02  8.133493034305E+04 -9.324563662130E-04 -4.882812500000E-04   1   5
 -3.753240757860E-04 -6.228939201222E-04  5.771305180078E-04 -2.354628814813E+03 -3.586805365138E+03 -2.524139929011E+05  8.751198232968E-04 -4.882812500000E-04   1   5
  3.594887218868E-04 -3.641139928366E-04 -2.908084904174E-04  3.075544872654E+03 -3.205931314465E+03  9.776371250889E+04 -7.161022880613E-04 -4.882812500000E-04   1   5
  6.448965183081E-04 -3.329403166291E-04  2.214501878934E-04  1.215746592649E+03 -9.248673702720E+02 -9.368414618748E+04  1.585747174371E-04 -4.882812500000E-04   1   5
 -5.633539073395E-04 -1.876547645657E-04  3.733936128971E-04  3.433253157556E+02 -3.744386586256E+02 -1.565444284573E+05  4.779859156034E-04 -4.882812500000E-04   1   5
 -1.866056484766E-04 -7.354411534212E-04  4.310064302118E-04 -4.870598719383E+02 -2.039838941058E+03 -1.796852142514E+05  7.071535918275E-04 -4.882812500000E-04   1   5
 -1.569279735495E-04 -3.511638722960E-04 -5.952117280268E-04 -4.209767094864E+02 -1.493993639411E+03  1.685013467903E+05 -8.881043130895E-04 -4.882812500000E-04   1   5
  5.330541881830E-04 -5.067485489702E-04 -3.286366163384E-04  1.431715116015E+03 -9.864963234992E+02  1.061010045934E+05 -9.931576707025E-04 -4.882812500000E-04   1   5
  3.623523582375E-04  2.092936904771E-04  2.102965754105E-04  4.755696737098E+02 -2.243005412313E+02 -9.220441290051E+04  1.972836636579E-04 -4.882812500000E-04   1   5
  3.503383571122E-04  2.740293224061E-04  5.819785211281E-04  6.585074794803E+02  8.122943807489E+01 -2.528462648136E+05  8.073542143983E-04 -4.882812500000E-04   1   5
  6.590351851661E-04  2.405515512459E-05 -9.965569054149E-05  1.981795432901E+03 -1.747661957502E+02  3.421345574747E+04 -3.782957965761E-04 -4.882812500000E-04   1   5
 -4.577548239717E-05 -6.027933587552E-04  4.184738720538E-04  3.633398448471E+02 -1.005178288525E+03 -1.741008433879E+05  5.500583435261E-04 -4.882812500000E-04   1   5
  8.516927741412E-04 -2.543205550797E-04  4.380598214300E-04  3.761812621904E+03 -9.983149672946E+02 -1.820161319957E+05  7.225777576920E-04 -4.882812500000E-04   1   5
 -4.869291207573E-04 -3.958793008229E-04  9.113220678083E-04 -3.647990760624E+03 -2.873031592864E+03 -3.667343162372E+05  1.414694047678E-03 -4.882812500000E-04   1   5
 -2.925308132019E-04 -6.888986924580E-04 -1.502735234959E-05 -1.701906681562E+02 -1.576798481689E+03  7.660059522562E+03 -3.188594263150E-04 -4.882812500000E-04   1   5
 -6.191203259878E-04 -2.047785971879E-04 -1.705448912501E-04 -3.349599187631E+02 -1.262820394242E+01  6.440389462777E+04 -6.151850073071E-04 -4.882812500000E-04   1   5
 -3.660746336098E-04 -3.969996224819E-04 -8.801391962563E-04 -2.127576735789E+03 -2.504884811170E+03  1.942117806120E+05 -1.471548837211E-03 -4.882812500000E-04   1   5
 -1.024283494953E-04 -7.040169713098E-04  1.898202306729E-04  8.487931513110E+01 -8.254645890243E+02 -7.499342350629E+04  1.962074945823E-04 -4.882812500000E-04   1   5
  4.842705278778E-04 -3.682389414559E-04 -2.401360962230E-04  1.630460260908E+03 -7.906603878042E+02  8.161419852719E+04 -5.464996485287E-04 -4.882812500000E-04   1   5
 -3.019288850113E-04 -5.740428430848E-04 -6.245639169604E-04 -8.515316867343E+02 -1.561732525869E+03  1.720799471148E+05 -1.388024325458E-03 -4.882812500000E-04   1   5
  2.539231680231E-04 -3.274936415728E-05  1.706428961503E-04  9.673821710511E+02  1.517181003595E+01 -6.209753450827E+04 -1.704944753378E-05 -4.882812500000E-04   1   5
  5.269349771109E-04 -2.728704250724E-04 -4.049810469078E-04  3.266782385264E+02 -1.923269933347E+02  1.228652282796E+05 -1.039150561924E-03 -4.882812500000E-04   1   5
 -1.179230786342E-04 -6.797439212975E-04 -1.123586586287E-04 -4.324672874929E+02  1.039716774623E+01  4.157572349323E+04 -5.563400465025E-04 -4.882812500000E-04   1   5
 -7.810494229596E-05  7.157315421437E-04  1.035133212346E-04  5.341812280056E+01  2.231380533131E+03 -4.207952810349E+04  4.529290224653E-06 -4.882812500000E-04   1   5
 -2.086079070440E-04 -2.240082475710E-04 -1.757601939270E-04 -2.486781830647E+03 -2.519978449047E+03  6.936528803673E+04 -4.458200449857E-04 -4.882812500000E-04   1   5
  5.471382631214E-05 -5.392238814461E-04  2.650787618910E-04  5.493629014420E+02 -2.056326765873E+03 -1.193843077727E+05  3.215331552511E-04 -4.882812500000E-04   1   5
  6.672836648290E-05  7.746805873693E-05 -5.607888435919E-04  7.457941926718E+02 -1.735180898948E+03  1.557897031692E+05 -9.460187880048E-04 -4.882812500000E-04   1   5
 -5.370264159505E-04  6.020674426945E-04  6.317067486239E-04 -2.488895953702E+03  3.096666333724E+03 -2.683238502647E+05  1.156508164559E-03 -4.882812500000E-04   1   5
 -2.793856025356E-04 -1.338734984837E-04 -5.504522148110E-04  1.156693541532E+03  8.715361397059E+02  1.520415958647E+05 -1.087512967034E-03 -4.882812500000E-04   1   5
 -6.092320554348E-04  4.506799445791E-04  3.014319929147E-04 -2.252839769902E+03  1.656991973139E+03 -1.263375278252E+05  4.069724220024E-04 -4.882812500000E-04   1   5
  7.333236814522E-05  1.232951572712E-04  8.221344296433E-04  8.099412992524E+02  1.138461197958E+03 -3.386063371126E+05  1.263883560609E-03 -4.882812500000E-04   1   5
 -4.623738640488E-04 -4.525737318867E-04 -2.610523830873E-04  2.816594080155E+02 -5.428370015670E+02  9.248583143091E+04 -9.019037130287E-04 -4.882812500000E-04   1   5
  5.365587868152E-04  4.189765956502E-04  7.253127436107E-04  2.410382682644E+03  1.728389846078E+03 -3.072067549677E+05  1.236789128514E-03 -4.882812500000E-04   1   5
  3.083170514332E-04  8.012276399052E-04 -4.682370005931E-04  1.558282756295E+03  4.467059159683E+03  1.392169265476E+05 -1.094273857486E-03 -4.882812500000E-04   1   5
  1.312839639382E-05  7.414956878880E-04  8.186932887342E-04  2.696801850593E+02  6.151769530497E+03 -3.373903256477E+05  1.285935056234E-03 -4.882812500000E-04   1   5
 -3.172091174895E-05  7.612328781892E-04  9.729019154525E-05  4.332684452736E+01  3.877839776887E+03 -3.980069942159E+04  2.268637851621E-05 -4.882812500000E-04   1   5
  6.372860596561E-04  7.963477113070E-04  1.133501741393E-04  2.801781041273E+03  3.372344276603E+03 -4.412820656706E+04 -6.866088025248E-05 -4.882812500000E-04   1   5
  2.174021494704E-04 -3.128613025427E-04  2.050080092708E-04 -7.818488925241E+02  1.875329930129E+02 -8.521013818210E+04  1.930704445687E-04 -4.882812500000E-04   1   5
 -6.176740676638E-04 -4.917123542390E-04  1.150642206311E-04 -2.678863297735E+03 -1.968766329223E+03 -4.555539083878E+04  4.805647487593E-05 -4.882812500000E-04   1   5
 -1.135312983378E-04  6.844019239902E-04 -2.856666861084E-04 -1.700117549029E+02  2.059475723444E+03  9.498749559906E+04 -8.342129038947E-04 -4.882812500000E-04   1   5
 -3.802664295204E-04  9.369473860543E-05  4.181476535265E-04 -2.625257010874E+02  4.532004476405E+02 -1.753469603248E+05  5.920178074312E-04 -4.882812500000E-04   1   5
 -3.036098422644E-04  6.291551527789E-04 -3.383870887985E-05 -6.622170891306E+02  2.676552251451E+02  1.493606852476E+04 -4.382071982949E-04 -4.882812500000E-04   1   5
 -3.397826047537E-04 -5.765571825326E-04 -8.618957125872E-05 -2.927851333340E+02 -6.193679414861E+02  2.816267962413E+04 -4.873904721308E-04 -4.882812500000E-04   1   5
 -4.883361531339E-04 -6.051495560675E-04  2.127004343735E-04 -3.852803137176E+02 -1.224907427671E+03 -8.691775391331E+04  1.313983301525E-04 -4.882812500000E-04   1   5
  8.616157582485E-04  4.015294583763E-04 -4.357970233855E-04  4.801257303222E+03  2.234498004865E+03  1.315014959400E+05 -1.039500315370E-03 -4.882812500000E-04   1   5
 -3.999438870288E-05 -8.210356461814E-04 -5.143226181712E-04 -2.225431897651E+02 -4.823031835518E+03  1.405575986009E+05 -9.463587583749E-04 -4.882812500000E-04   1   5
  5.220195504946E-04  5.713449350918E-04 -6.740676923478E-05  2.901546177574E+03  2.749073703162E+03  1.938321241672E+04 -2.374043480149E-04 -4.882812500000E-04   1   5
 -2.534480051293E-04  7.123532065929E-04 -3.098677766111E-04 -1.402922145008E+03  3.374884047977E+03  9.855681254108E+04 -7.100399786122E-04 -4.882812500000E-04   1   5
 -2.018844207989E-04 -4.583769153246E-04  2.768141610683E-04 -1.314022556534E+03 -2.787041903082E+03 -1.220352964292E+05  2.340643764782E-04 -4.882812500000E-04   1   5
  9.288640114596E-05  7.451379053671E-05 -2.258220330464E-05  1.184879144110E+03  2.380016555550E+02  9.409553406261E+03 -1.851691208898E-04 -4.882812500000E-04   1   5
  1.487653338529E-04  1.007432085160E-04 -1.071976818214E-04 -8.266206404978E+02  4.072877548166E+01  3.861723563589E+04 -4.048657067202E-04 -4.882812500000E-04   1   5
  2.302257567889E-04  6.161223048697E-04 -6.027515737461E-04  9.536651781687E+02  2.212807215798E+03  1.683083375226E+05 -1.232032218541E-03 -4.882812500000E-04   1   5
  3.474499958477E-04  7.907535955330E-05 -6.925971906049E-04  3.750877615363E+03  1.089272208490E+03  1.718322154245E+05 -1.164084833386E-03 -4.882812500000E-04   1   5
  2.813858964683E-05 -6.759692037247E-04  4.911556879925E-04  2.367534461227E+02 -1.592740930791E+03 -2.117114873718E+05  7.156191280586E-04 -4.882812500000E-04   1   5
  3.720533047865E-04 -1.038366558608E-04 -4.963009101835E-04  4.829766836500E+02  4.604679848673E+02  1.356016440680E+05 -8.102590125549E-04 -4.882812500000E-04   1   5
  4.604681425568E-04 -9.426776433415E-05 -5.395817597087E-05 -1.761078806659E+03  4.126529344450E+02  1.844218176582E+04 -4.239375667936E-04 -4.882812500000E-04   1   5
  5.949618409082E-04 -8.007808183162E-04  5.447457161205E-04  3.693695601680E+03 -4.427114203867E+03 -2.365170874224E+05  8.980278099386E-04 -4.882812500000E-04   1   5
  5.493501908540E-04 -4.966476555575E-04 -1.959855208047E-04  3.714067889545E+03 -3.205824882393E+03  6.652192729865E+04 -3.211805086636E-04 -4.882812500000E-04   1   5
  2.241258608522E-04 -7.607772951088E-04  7.846823246553E-04  1.302026800276E+03 -5.548331711213E+03 -3.302473793909E+05  1.330981361116E-03 -4.882812500000E-04   1   5
 -3.190866082594E-04 -2.907068216910E-04  8.416356948313E-04 -1.038383768964E+03 -1.432963750444E+03 -3.439718420716E+05  1.372078798902E-03 -4.882812500000E-04   1   5
 -1.480137682952E-04 -3.097009847890E-04  2.068632499546E-04  5.725920209815E+01 -1.011947271006E+03 -8.885856156792E+04  1.316706380283E-04 -4.882812500000E-04   1   5
 -1.023466227594E-04  5.446234298552E-04 -5.863567753943E-04 -2.173513241046E+02  2.854061860602E+03  1.665953658251E+05 -1.066203209803E-03 -4.882812500000E-04   1   5
 -1.514811139472E-04  5.966533882613E-04 -2.129308382228E-04 -1.078458615650E+03  3.104196461988E+03  7.116253980428E+04 -4.376788556169E-04 -4.882812500000E-04   1   5
 -4.318986380641E-04 -4.268499771294E-05  1.105431175869E-03 -4.794150195385E+03 -5.873141239897E+02 -3.933691194571E+05  1.596139306443E-03 -4.882812500000E-04   1   5
 -2.263481514223E-04  5.925540627508E-04 -7.814589472335E-04 -1.163804976687E+03  3.902394676285E+03  1.904041757474E+05 -1.374202375757E-03 -4.882812500000E-04   1   5
 -7.319281940867E-04 -8.649399109494E-05  1.510672439045E-04 -5.767895935313E+02 -9.216665452501E+01 -5.721610763390E+04 -8.464438370304E-05 -4.882812500000E-04   1   5
  4.359948944612E-04 -1.863125758376E-05  9.263054617166E-04  3.630432215567E+03 -4.940758723250E+02 -3.744474869073E+05  1.341595163767E-03 -4.882812500000E-04   1   5
  3.088752985378E-04 -4.002717872705E-04 -2.990384842998E-04  9.376198240855E+02 -1.205893605339E+03  9.635822500595E+04 -5.950977530649E-04 -4.882812500000E-04   1   5
  3.348847388882E-04  5.807542112275E-04  7.282980904169E-04  2.190636765320E+03  3.262935263044E+03 -3.086456565800E+05  1.227371524951E-03 -4.882812500000E-04   1   5
  2.294310834064E-04  6.572322463863E-04 -6.204136503944E-04  9.208910024573E+02  2.682845360770E+03  1.692145315068E+05 -1.264367330892E-03 -4.882812500000E-04   1   5
 -3.608131546959E-04 -1.570349240469E-04  2.195166254131E-04  1.763980980455E+02  3.286519464598E+02 -1.003815183470E+05  2.447524233471E-04 -4.882812500000E-04   1   5
  6.796925994319E-04  5.310388862688E-04  3.895777138796E-05  2.341037912346E+03  1.612666626391E+03 -1.238545910674E+04 -1.434875908775E-04 -4.882812500000E-04   1   5
  6.392661985633E-04  1.636366378045E-04  6.534856599250E-04  3.963655523685E+03  1.137669108759E+03 -2.828390199041E+05  9.552404151254E-04 -4.882812500000E-04   1   5
  3.584025212502E-04  2.529390599523E-05 -6.333229518116E-04  1.124765907692E+03  2.716246241621E+02  1.729861508958E+05 -1.145770596890E-03 -4.882812500000E-04   1   5
  1.610491971096E-04  3.207701889904E-04 -3.130041938304E-04  7.273153203021E+02  8.871781777594E+02  1.018687617334E+05 -6.442096880459E-04 -4.882812500000E-04   1   5
 -6.413021654029E-05  6.088605530924E-04  4.233247770924E-04 -3.778925433395E+02  1.681098025814E+03 -1.783264117043E+05  6.091664049208E-04 -4.882812500000E-04   1   5
 -4.172528225718E-04  4.386607778113E-04 -8.561354146064E-06 -5.992809389291E+02  1.103324977384E+01  4.824833694533E+03 -3.008153658843E-04 -4.882812500000E-04   1   5
 -3.472210145768E-05  3.470974734236E-04 -2.422240408295E-05  9.270381025618E+01  8.531021028351E+02  8.846372524232E+03 -4.052581738598E-04 -4.882812500000E-04   1   5
 -3.916718259683E-04  1.564946580207E-04 -3.186038586258E-04 -1.150571155484E+03  1.973929980679E+02  1.033832926440E+05 -5.871057401805E-04 -4.882812500000E-04   1   5
 -3.321211400471E-04 -5.773645286897E-04  5.276660895004E-04 -2.399548981027E+03 -3.816874688505E+03 -2.323012530058E+05  8.147940575096E-04 -4.882812500000E-04   1   5
 -2.136087749440E-04 -5.716807969004E-04 -1.339532355251E-04  1.835926919392E+02 -7.206794435818E+02  5.309126536328E+04 -5.374961264994E-04 -4.882812500000E-04   1   5
  4.088764860922E-04  1.462130545157E-04 -1.300131934467E-04 -6.022093186144E+02 -5.616240026804E+02  5.328957579075E+04 -4.079999756161E-04 -4.882812500000E-04   1   5
  7.514636505861E-04  1.174685127126E-04 -3.902187647684E-04  4.154116123159E+03  7.119083518097E+02  1.205538041229E+05 -6.591759399583E-04 -4.882812500000E-04   1   5
 -7.463992637738E-04 -4.669682940056E-04  3.119731010566E-04 -3.088646846962E+03 -1.822536945196E+03 -1.292878788736E+05  3.634126593823E-04 -4.882812500000E-04   1   5
  7.112201012736E-04  1.846797051480E-04 -3.751968871635E-04  4.355035594042E+03  9.685457503805E+02  1.175777536866E+05 -7.239155659065E-04 -4.882812500000E-04   1   5
 -4.345907401571E-04  6.433983471710E-04 -1.490746645891E-04 -9.977379522847E+02  8.063802281151E+02  5.905914607569E+04 -5.589785911990E-04 -4.882812500000E-04   1   5
 -5.755416219121E-04  3.143554493493E-04 -3.136435761570E-04 -1.457931853470E+03  8.455688041878E+02  1.013111549009E+05 -9.057940405661E-04 -4.882812500000E-04   1   5
 -5.051705112701E-04  3.683936460985E-04 -8.867184899124E-04 -4.038043912823E+03  2.674926875212E+03  1.902249841678E+05 -1.439199175637E-03 -4.882812500000E-04   1   5
 -7.120002503810E-04 -1.117092842631E-04 -4.255367924269E-04 -1.797657827725E+03 -9.279629234142E+01  1.311240946880E+05 -1.142353032273E-03 -4.882812500000E-04   1   5
  1.450138296296E-04 -4.666687411867E-04  5.138168978753E-04  7.120002671426E+02 -2.016530774068E+03 -2.246965128263E+05  7.224682499665E-04 -4.882812500000E-04   1   5
 -8.525119426574E-05 -4.947667506686E-05 -3.677397079880E-04  1.737999189548E+03  3.888562265199E+02  1.137988263911E+05 -7.622224408106E-04 -4.882812500000E-04   1   5
 -6.262720051416E-04  6.217944676804E-04  4.432719382530E-04 -2.952791957749E+03  2.818851280171E+03 -1.840920848169E+05  5.926530083222E-04 -4.882812500000E-04   1   5
  4.537765928432E-04  4.101698100868E-04 -2.958508709319E-04  1.486156774648E+03  1.282767280563E+03  9.540393710284E+04 -6.278165095583E-04 -4.882812500000E-04   1   5
 -3.727507681287E-04  6.388959683714E-04  5.233903745392E-04 -1.987265696810E+03  2.937848522677E+03 -2.262743380381E+05  6.968943700798E-04 -4.882812500000E-04   1   5
  4.189190302255E-05 -1.927044924951E-04 -7.582786462059E-04  8.774729697249E+02 -1.463985090758E+03  1.787522726620E+05 -1.325266071168E-03 -4.882812500000E-04   1   5
  1.279430777139E-04  2.470011568136E-04 -8.949839507850E-04  1.337860156067E+03  1.078491874901E+03  1.896002925361E+05 -1.394013182045E-03 -4.882812500000E-04   1   5
  1.371356345608E-04 -7.040978123829E-04 -2.542353804484E-04  6.516747570071E+02 -1.777802870556E+03  8.945505741915E+04 -7.421092292290E-04 -4.882812500000E-04   1   5
 -1.337343683399E-04 -6.893577030422E-04  7.311724102683E-04 -6.100171997040E+02 -2.804954390104E+03 -3.108602757982E+05  1.262148319892E-03 -4.882812500000E-04   1   5
 -3.409398060717E-04 -5.606240056641E-04 -8.006447204520E-04 -2.233516897657E+03 -3.914081226929E+03  1.903428002092E+05 -1.384980738315E-03 -4.882812500000E-04   1   5
  1.069437575279E-03 -4.263544202718E-04  6.784965294875E-04  6.775687409157E+03 -2.783733892592E+03 -2.890706688937E+05  1.157706289307E-03 -4.882812500000E-04   1   5
  7.718022249140E-04  1.012603152504E-04 -5.811250133805E-04  4.751056571918E+03  7.859045318839E+02  1.630170256065E+05 -1.025080142250E-03 -4.882812500000E-04   1   5
 -6.128308286397E-04 -4.005764155111E-04 -4.648230958431E-04 -2.755579025876E+03 -1.321792490867E+03  1.395053530614E+05 -1.089743321002E-03 -4.882812500000E-04   1   5
  2.247877243479E-04 -7.106938982473E-04  6.927014409088E-04  5.668379358490E+02 -2.588148103787E+03 -2.968458133002E+05  1.210496714766E-03 -4.882812500000E-04   1   5
  5.515941491216E-04 -1.010710110865E-04  8.977076317831E-04  1.383267690844E+03 -6.616333153373E+02 -3.694518288668E+05  1.550999585749E-03 -4.882812500000E-04   1   5
  2.921546634539E-04 -1.314315567932E-03 -5.738961832327E-04  2.493236735071E+03 -1.123909781037E+04  1.571734353818E+05 -9.550384736094E-04 -4.882812500000E-04   1   5
 -1.273262346128E-04  1.105611109740E-04  4.276168783868E-04  1.223085322913E+03 -8.264225819339E+02 -1.808258937305E+05  5.863061523552E-04 -4.882812500000E-04   1   5
 -6.087014143173E-04 -2.008799435334E-04 -4.584200166482E-04 -2.547862193816E+03 -8.406259059267E+02  1.360093210551E+05 -9.970963970716E-04 -4.882812500000E-04   1   5
 -2.355375915159E-04 -6.744134325618E-04 -3.342713020236E-04 -6.252031976025E+02 -1.779030264910E+03  1.059194787914E+05 -1.009193891139E-03 -4.882812500000E-04   1   5
 -7.463679795105E-04 -4.024555278573E-04  5.205729885596E-04 -4.214104917297E+03 -2.203402081061E+03 -2.245215463624E+05  6.785628474777E-04 -4.882812500000E-04   1   5
  4.972422034441E-04 -5.856608492432E-04  2.352872270506E-04  9.046516700361E+02 -1.434240019698E+03 -9.994423639581E+04  2.746796224518E-04 -4.882812500000E-04   1   5
  3.534267931461E-04  1.028860321004E-04 -5.945454177869E-05 -9.998762950980E+02 -7.612903678448E+02  1.655015469075E+04 -3.239764416740E-04 -4.882812500000E-04   1   5
 -9.400749960694E-04 -2.335527020936E-06 -2.228842216674E-04 -4.218065577752E+03  9.973416272846E+01  7.939436115310E+04 -6.888519180031E-04 -4.882812500000E-04   1   5
 -6.431269175708E-04 -2.210877981471E-04 -3.476777833078E-04 -9.965334491773E+02 -5.442432156454E+02  1.109793654362E+05 -9.835634257715E-04 -4.882812500000E-04   1   5
  2.634168216590E-04 -6.586519741102E-04 -4.488136726866E-04  1.090411053287E+03 -1.785703519648E+03  1.373321236577E+05 -1.078665565664E-03 -4.882812500000E-04   1   5
  5.414527023545E-04 -4.899244549223E-04  4.087509631643E-04  3.178252630934E+03 -2.820774553677E+03 -1.708372440379E+05  5.576836784993E-04 -4.882812500000E-04   1   5
  4.593584367953E-04  3.121905391295E-04  1.661288132979E-04 -8.942968321293E+02 -4.810969691936E+02 -6.365924414070E+04  9.106397692449E-05 -4.882812500000E-04   1   5
  4.271982822169E-04 -5.485487988173E-04  1.548916518170E-04  4.937038930982E+02 -7.824051000967E+02 -5.886592988974E+04  6.051915306671E-07 -4.882812500000E-04   1   5
  4.949628395042E-04 -1.391615662777E-04  2.091218888296E-04  4.789875381117E+01 -2.912064685207E+02 -8.838590680460E+04  1.996353310556E-04 -4.882812500000E-04   1   5
  4.492572268082E-05  2.431980389741E-04  1.353986871759E-04  3.524186780460E+02 -3.985052399270E+02 -5.194262325030E+04  8.190985236389E-05 -4.882812500000E-04   1   5
 -7.810477603131E-05 -7.796853425176E-05 -2.908178119045E-04  1.642029804825E+03 -4.415789546164E+02  9.574314429040E+04 -5.720943965155E-04 -4.882812500000E-04   1   5
  3.468786779460E-04  4.130946765009E-04  2.137656234873E-04  4.364162440874E+02  9.730800174273E+02 -9.376873399489E+04  2.466075074601E-04 -4.882812500000E-04   1   5
 -4.435746781606E-04 -3.915652083281E-04  7.342900608895E-04 -1.183902191939E+03 -1.424966083713E+03 -3.114448764671E+05  1.271359148221E-03 -4.882812500000E-04   1   5
