  3.1199E-03  2.2485E-02  1.5168E-03  3.2215E-01  2.0710E+01  1.1622E+00  2.0519E+01
  6.4084E-03  3.5304E-02  2.4482E-03  3.7922E-01  1.5105E+01  1.2247E+00  1.5027E+01
  9.5603E-03  4.6672E-02  3.0990E-03  4.2286E-01  1.3183E+01  1.2184E+00  1.3143E+01
  1.2844E-02  5.8178E-02  3.6792E-03  4.6541E-01  1.3175E+01  1.1860E+00  1.3154E+01
  1.5955E-02  6.8938E-02  4.2086E-03  5.0779E-01  1.4410E+01  1.1636E+00  1.4398E+01
  1.9167E-02  7.9973E-02  4.7835E-03  5.5696E-01  1.6512E+01  1.1555E+00  1.6505E+01
  2.2401E-02  9.1051E-02  5.4229E-03  6.1397E-01  1.8996E+01  1.1660E+00  1.8991E+01
  2.5687E-02  1.0230E-01  6.1479E-03  6.7969E-01  2.1150E+01  1.2163E+00  2.1147E+01
  2.8898E-02  1.1329E-01  6.9150E-03  7.4877E-01  2.1959E+01  1.3472E+00  2.1955E+01
  3.2109E-02  1.2428E-01  7.6946E-03  8.1714E-01  2.0701E+01  1.5454E+00  2.0696E+01
  3.5320E-02  1.3527E-01  8.4176E-03  8.7771E-01  1.7234E+01  1.7215E+00  1.7228E+01
  3.8531E-02  1.4625E-01  9.0156E-03  9.2437E-01  1.2279E+01  1.8098E+00  1.2271E+01
  4.1742E-02  1.5720E-01  9.4471E-03  9.5429E-01  7.0575E+00  1.8028E+00  7.0470E+00
  4.4953E-02  1.6811E-01  9.7098E-03  9.6852E-01  2.6552E+00  1.7262E+00  2.6344E+00
  4.8164E-02  1.7899E-01  9.8328E-03  9.7073E-01  5.0137E-01  1.6083E+00 -4.1662E-01
  5.1375E-02  1.8984E-01  9.8600E-03  9.6552E-01  2.0579E+00  1.4776E+00 -2.0448E+00
  5.4490E-02  2.0034E-01  9.8367E-03  9.5744E-01  2.4668E+00  1.3583E+00 -2.4591E+00
  5.7797E-02  2.1146E-01  9.7973E-03  9.4915E-01  1.9534E+00  1.2753E+00 -1.9461E+00
  6.0922E-02  2.2196E-01  9.7733E-03  9.4399E-01  8.4664E-01  1.2535E+00 -8.3241E-01
  6.4218E-02  2.3303E-01  9.7823E-03  9.4313E-01  7.8669E-01  1.2712E+00  7.7277E-01
  6.7348E-02  2.4353E-01  9.8350E-03  9.4757E-01  2.4632E+00  1.2820E+00  2.4591E+00
  7.0640E-02  2.5457E-01  9.9404E-03  9.5787E-01  4.1308E+00  1.2623E+00  4.1286E+00
  7.3772E-02  2.6507E-01  1.0083E-02  9.7231E-01  5.3830E+00  1.2873E+00  5.3814E+00
  7.7062E-02  2.7610E-01  1.0262E-02  9.9094E-01  6.2045E+00  1.4202E+00  6.2028E+00
  8.0194E-02  2.8660E-01  1.0443E-02  1.0105E+00  6.5360E+00  1.5710E+00  6.5342E+00
  8.3484E-02  2.9763E-01  1.0630E-02  1.0315E+00  6.5356E+00  1.6760E+00  6.5337E+00
  8.6616E-02  3.0813E-01  1.0791E-02  1.0512E+00  6.3157E+00  1.7281E+00  6.3136E+00
  8.9906E-02  3.1916E-01  1.0937E-02  1.0710E+00  5.9423E+00  1.7298E+00  5.9401E+00
  9.3038E-02  3.2966E-01  1.1049E-02  1.0886E+00  5.5397E+00  1.6902E+00  5.5376E+00
  9.6328E-02  3.4069E-01  1.1135E-02  1.1059E+00  5.1264E+00  1.6489E+00  5.1243E+00
  9.9460E-02  3.5119E-01  1.1190E-02  1.1211E+00  4.7500E+00  1.6254E+00  4.7479E+00
  1.0275E-01  3.6221E-01  1.1219E-02  1.1360E+00  4.3650E+00  1.6121E+00  4.3628E+00
  1.0588E-01  3.7271E-01  1.1220E-02  1.1490E+00  4.0031E+00  1.6054E+00  4.0007E+00
  1.0917E-01  3.8374E-01  1.1194E-02  1.1616E+00  3.6264E+00  1.6000E+00  3.6238E+00
  1.1230E-01  3.9424E-01  1.1145E-02  1.1725E+00  3.2719E+00  1.5956E+00  3.2691E+00
  1.1559E-01  4.0527E-01  1.1068E-02  1.1828E+00  2.9057E+00  1.5912E+00  2.9026E+00
  1.1873E-01  4.1577E-01  1.0974E-02  1.1917E+00  2.5650E+00  1.5870E+00  2.5616E+00
  1.2202E-01  4.2680E-01  1.0854E-02  1.1999E+00  2.2178E+00  1.5823E+00  2.2140E+00
  1.2515E-01  4.3730E-01  1.0722E-02  1.2067E+00  1.8997E+00  1.5778E+00  1.8953E+00
  1.2844E-01  4.4833E-01  1.0567E-02  1.2129E+00  1.5807E+00  1.5730E+00  1.5754E+00
  1.3157E-01  4.5883E-01  1.0406E-02  1.2179E+00  1.2930E+00  1.5681E+00  1.2867E+00
  1.3486E-01  4.6986E-01  1.0226E-02  1.2222E+00  1.0094E+00  1.5624E+00  1.0015E+00
  1.3799E-01  4.8036E-01  1.0045E-02  1.2256E+00  7.5849E-01  1.5562E+00  7.4798E-01
  1.4128E-01  4.9139E-01  9.8494E-03  1.2283E+00  5.1680E-01  1.5490E+00  5.0146E-01
  1.4441E-01  5.0189E-01  9.6588E-03  1.2301E+00  3.1162E-01  1.5414E+00  2.8581E-01
  1.4770E-01  5.1291E-01  9.4565E-03  1.2314E+00  1.4665E-01  1.5324E+00  7.9336E-02
  1.5083E-01  5.2341E-01  9.2640E-03  1.2320E+00  1.5720E-01  1.5229E+00 -9.8513E-02
  1.5412E-01  5.3444E-01  9.0637E-03  1.2321E+00  2.9269E-01  1.5120E+00 -2.6622E-01
  1.5726E-01  5.4494E-01  8.8762E-03  1.2316E+00  4.2602E-01  1.5008E+00 -4.0855E-01
  1.6055E-01  5.5597E-01  8.6842E-03  1.2307E+00  5.5395E-01  1.4881E+00 -5.4083E-01
  1.6368E-01  5.6647E-01  8.5070E-03  1.2294E+00  6.6229E-01  1.4755E+00 -6.5152E-01
  1.6697E-01  5.7750E-01  8.3278E-03  1.2277E+00  7.6219E-01  1.4621E+00 -7.5300E-01
  1.7010E-01  5.8800E-01  8.1643E-03  1.2257E+00  8.4498E-01  1.4493E+00 -8.3682E-01
  1.7339E-01  5.9902E-01  8.0006E-03  1.2234E+00  9.2009E-01  1.4360E+00 -9.1270E-01
  1.7652E-01  6.0952E-01  7.8526E-03  1.2209E+00  9.8145E-01  1.4239E+00 -9.7463E-01
  1.7981E-01  6.2055E-01  7.7055E-03  1.2181E+00  1.0364E+00  1.4118E+00 -1.0300E+00
  1.8294E-01  6.3105E-01  7.5735E-03  1.2152E+00  1.0808E+00  1.4011E+00 -1.0747E+00
  1.8623E-01  6.4208E-01  7.4432E-03  1.2120E+00  1.1201E+00  1.3908E+00 -1.1143E+00
  1.8937E-01  6.5258E-01  7.3267E-03  1.2088E+00  1.1515E+00  1.3819E+00 -1.1459E+00
  1.9266E-01  6.6360E-01  7.2122E-03  1.2054E+00  1.1790E+00  1.3737E+00 -1.1735E+00
  1.9579E-01  6.7410E-01  7.1102E-03  1.2020E+00  1.2006E+00  1.3668E+00 -1.1953E+00
  1.9908E-01  6.8513E-01  7.0101E-03  1.1983E+00  1.2194E+00  1.3606E+00 -1.2142E+00
  2.0221E-01  6.9563E-01  6.9211E-03  1.1947E+00  1.2340E+00  1.3554E+00 -1.2288E+00
  2.0550E-01  7.0665E-01  6.8339E-03  1.1909E+00  1.2464E+00  1.3507E+00 -1.2413E+00
  2.0863E-01  7.1715E-01  6.7564E-03  1.1873E+00  1.2559E+00  1.3470E+00 -1.2508E+00
  2.1192E-01  7.2818E-01  6.6804E-03  1.1833E+00  1.2637E+00  1.3437E+00 -1.2587E+00
  2.1505E-01  7.3868E-01  6.6128E-03  1.1796E+00  1.2696E+00  1.3410E+00 -1.2645E+00
  2.1834E-01  7.4971E-01  6.5465E-03  1.1756E+00  1.2742E+00  1.3387E+00 -1.2692E+00
  2.2148E-01  7.6021E-01  6.4874E-03  1.1718E+00  1.2774E+00  1.3367E+00 -1.2724E+00
  2.2476E-01  7.7123E-01  6.4292E-03  1.1677E+00  1.2797E+00  1.3348E+00 -1.2747E+00
  2.2790E-01  7.8173E-01  6.3773E-03  1.1639E+00  1.2810E+00  1.3333E+00 -1.2760E+00
  2.3119E-01  7.9276E-01  6.3261E-03  1.1598E+00  1.2817E+00  1.3320E+00 -1.2766E+00
  2.3432E-01  8.0326E-01  6.2802E-03  1.1559E+00  1.2817E+00  1.3308E+00 -1.2766E+00
  2.3761E-01  8.1428E-01  6.2349E-03  1.1519E+00  1.2812E+00  1.3298E+00 -1.2761E+00
  2.4074E-01  8.2478E-01  6.1941E-03  1.1480E+00  1.2803E+00  1.3288E+00 -1.2751E+00
  2.4403E-01  8.3581E-01  6.1536E-03  1.1439E+00  1.2789E+00  1.3278E+00 -1.2737E+00
  2.4716E-01  8.4631E-01  6.1172E-03  1.1400E+00  1.2773E+00  1.3269E+00 -1.2721E+00
  2.5045E-01  8.5734E-01  6.0808E-03  1.1359E+00  1.2753E+00  1.3259E+00 -1.2701E+00
  2.5358E-01  8.6784E-01  6.0479E-03  1.1320E+00  1.2732E+00  1.3251E+00 -1.2679E+00
  2.5687E-01  8.7886E-01  6.0151E-03  1.1279E+00  1.2708E+00  1.3243E+00 -1.2655E+00
  2.6001E-01  8.8936E-01  5.9852E-03  1.1240E+00  1.2683E+00  1.3236E+00 -1.2629E+00
  2.6330E-01  9.0039E-01  5.9552E-03  1.1199E+00  1.2655E+00  1.3226E+00 -1.2601E+00
  2.6643E-01  9.1089E-01  5.9279E-03  1.1160E+00  1.2628E+00  1.3217E+00 -1.2573E+00
  2.6972E-01  9.2191E-01  5.9004E-03  1.1119E+00  1.2597E+00  1.3208E+00 -1.2542E+00
  2.7285E-01  9.3241E-01  5.8753E-03  1.1080E+00  1.2568E+00  1.3199E+00 -1.2512E+00
  2.7614E-01  9.4344E-01  5.8498E-03  1.1040E+00  1.2535E+00  1.3190E+00 -1.2479E+00
  2.7927E-01  9.5394E-01  5.8265E-03  1.1001E+00  1.2504E+00  1.3182E+00 -1.2447E+00
  2.8256E-01  9.6497E-01  5.8028E-03  1.0961E+00  1.2470E+00  1.3173E+00 -1.2413E+00
  2.8569E-01  9.7547E-01  5.7810E-03  1.0922E+00  1.2437E+00  1.3163E+00 -1.2380E+00
  2.8898E-01  9.8649E-01  5.7588E-03  1.0882E+00  1.2403E+00  1.3153E+00 -1.2345E+00
  2.9212E-01  9.9699E-01  5.7383E-03  1.0844E+00  1.2369E+00  1.3143E+00 -1.2310E+00
  2.9540E-01  1.0080E+00  5.7174E-03  1.0803E+00  1.2333E+00  1.3134E+00 -1.2274E+00
  2.9854E-01  1.0185E+00  5.6980E-03  1.0765E+00  1.2298E+00  1.3125E+00 -1.2239E+00
  3.0183E-01  1.0295E+00  5.6782E-03  1.0725E+00  1.2261E+00  1.3116E+00 -1.2201E+00
  3.0496E-01  1.0400E+00  5.6597E-03  1.0687E+00  1.2226E+00  1.3105E+00 -1.2165E+00
  3.0825E-01  1.0511E+00  5.6408E-03  1.0648E+00  1.2188E+00  1.3093E+00 -1.2127E+00
  3.1138E-01  1.0616E+00  5.6232E-03  1.0610E+00  1.2152E+00  1.3082E+00 -1.2091E+00
  3.1467E-01  1.0726E+00  5.6051E-03  1.0571E+00  1.2114E+00  1.3071E+00 -1.2052E+00
  3.1780E-01  1.0831E+00  5.5882E-03  1.0533E+00  1.2078E+00  1.3060E+00 -1.2015E+00
  3.2109E-01  1.0941E+00  5.5708E-03  1.0494E+00  1.2039E+00  1.3049E+00 -1.1976E+00
  3.2422E-01  1.1046E+00  5.5545E-03  1.0456E+00  1.2002E+00  1.3039E+00 -1.1938E+00
  3.2751E-01  1.1156E+00  5.5377E-03  1.0417E+00  1.1962E+00  1.3025E+00 -1.1898E+00
  3.3065E-01  1.1261E+00  5.5219E-03  1.0380E+00  1.1925E+00  1.3012E+00 -1.1860E+00
  3.3394E-01  1.1372E+00  5.5056E-03  1.0342E+00  1.1885E+00  1.2999E+00 -1.1819E+00
  3.3707E-01  1.1477E+00  5.4904E-03  1.0305E+00  1.1847E+00  1.2987E+00 -1.1781E+00
  3.4036E-01  1.1587E+00  5.4746E-03  1.0266E+00  1.1807E+00  1.2975E+00 -1.1740E+00
  3.4349E-01  1.1692E+00  5.4597E-03  1.0230E+00  1.1768E+00  1.2964E+00 -1.1701E+00
  3.4678E-01  1.1802E+00  5.4443E-03  1.0191E+00  1.1727E+00  1.2948E+00 -1.1660E+00
  3.4991E-01  1.1907E+00  5.4299E-03  1.0155E+00  1.1688E+00  1.2931E+00 -1.1620E+00
  3.5320E-01  1.2018E+00  5.4149E-03  1.0117E+00  1.1647E+00  1.2914E+00 -1.1579E+00
  3.5633E-01  1.2123E+00  5.4008E-03  1.0081E+00  1.1608E+00  1.2898E+00 -1.1539E+00
  3.5962E-01  1.2233E+00  5.3863E-03  1.0043E+00  1.1567E+00  1.2882E+00 -1.1497E+00
  3.6276E-01  1.2338E+00  5.3726E-03  1.0007E+00  1.1527E+00  1.2867E+00 -1.1457E+00
  3.6605E-01  1.2448E+00  5.3584E-03  9.9697E-01  1.1485E+00  1.2851E+00 -1.1414E+00
  3.6918E-01  1.2553E+00  5.3450E-03  9.9341E-01  1.1445E+00  1.2834E+00 -1.1373E+00
  3.7247E-01  1.2663E+00  5.3311E-03  9.8968E-01  1.1403E+00  1.2817E+00 -1.1331E+00
  3.7560E-01  1.2768E+00  5.3180E-03  9.8614E-01  1.1363E+00  1.2801E+00 -1.1290E+00
  3.7889E-01  1.2879E+00  5.3045E-03  9.8244E-01  1.1320E+00  1.2785E+00 -1.1246E+00
  3.8202E-01  1.2984E+00  5.2917E-03  9.7894E-01  1.1279E+00  1.2770E+00 -1.1205E+00
  3.8531E-01  1.3094E+00  5.2784E-03  9.7526E-01  1.1237E+00  1.2755E+00 -1.1162E+00
  3.8844E-01  1.3199E+00  5.2659E-03  9.7178E-01  1.1196E+00  1.2739E+00 -1.1120E+00
  3.9173E-01  1.3309E+00  5.2529E-03  9.6814E-01  1.1152E+00  1.2722E+00 -1.1076E+00
  3.9487E-01  1.3414E+00  5.2406E-03  9.6468E-01  1.1111E+00  1.2707E+00 -1.1034E+00
  3.9815E-01  1.3524E+00  5.2279E-03  9.6106E-01  1.1067E+00  1.2691E+00 -1.0990E+00
  4.0129E-01  1.3629E+00  5.2158E-03  9.5763E-01  1.1026E+00  1.2676E+00 -1.0947E+00
  4.0458E-01  1.3740E+00  5.2033E-03  9.5404E-01  1.0982E+00  1.2661E+00 -1.0903E+00
  4.0771E-01  1.3845E+00  5.1914E-03  9.5064E-01  1.0940E+00  1.2647E+00 -1.0860E+00
  4.1100E-01  1.3955E+00  5.1791E-03  9.4708E-01  1.0896E+00  1.2629E+00 -1.0815E+00
  4.1413E-01  1.4060E+00  5.1674E-03  9.4370E-01  1.0853E+00  1.2612E+00 -1.0772E+00
  4.1742E-01  1.4170E+00  5.1553E-03  9.4017E-01  1.0809E+00  1.2595E+00 -1.0727E+00
  4.2055E-01  1.4275E+00  5.1439E-03  9.3682E-01  1.0766E+00  1.2579E+00 -1.0684E+00
  4.2384E-01  1.4385E+00  5.1320E-03  9.3332E-01  1.0721E+00  1.2563E+00 -1.0638E+00
  4.2697E-01  1.4490E+00  5.1207E-03  9.3000E-01  1.0679E+00  1.2548E+00 -1.0595E+00
  4.3026E-01  1.4601E+00  5.1090E-03  9.2652E-01  1.0633E+00  1.2531E+00 -1.0549E+00
  4.3340E-01  1.4706E+00  5.0979E-03  9.2323E-01  1.0590E+00  1.2514E+00 -1.0505E+00
  4.3669E-01  1.4816E+00  5.0864E-03  9.1978E-01  1.0545E+00  1.2497E+00 -1.0458E+00
  4.3982E-01  1.4921E+00  5.0755E-03  9.1652E-01  1.0501E+00  1.2481E+00 -1.0414E+00
  4.4311E-01  1.5031E+00  5.0641E-03  9.1310E-01  1.0455E+00  1.2464E+00 -1.0367E+00
  4.4624E-01  1.5136E+00  5.0534E-03  9.0986E-01  1.0411E+00  1.2445E+00 -1.0322E+00
  4.4953E-01  1.5246E+00  5.0423E-03  9.0648E-01  1.0364E+00  1.2424E+00 -1.0274E+00
  4.5266E-01  1.5351E+00  5.0324E-03  9.0327E-01  1.0321E+00  1.2417E+00 -1.0230E+00
  4.5595E-01  1.5462E+00  5.0222E-03  8.9991E-01  1.0274E+00  1.2399E+00 -1.0183E+00
  4.5908E-01  1.5567E+00  5.0124E-03  8.9673E-01  1.0229E+00  1.2383E+00 -1.0137E+00
  4.6237E-01  1.5677E+00  5.0022E-03  8.9340E-01  1.0182E+00  1.2366E+00 -1.0090E+00
  4.6551E-01  1.5782E+00  4.9925E-03  8.9025E-01  1.0137E+00  1.2351E+00 -1.0044E+00
  4.6879E-01  1.5892E+00  4.9824E-03  8.8695E-01  1.0090E+00  1.2335E+00 -9.9956E-01
  4.7193E-01  1.5997E+00  4.9727E-03  8.8383E-01  1.0045E+00  1.2318E+00 -9.9495E-01
  4.7522E-01  1.6107E+00  4.9626E-03  8.8056E-01  9.9973E-01  1.2301E+00 -9.9009E-01
  4.7835E-01  1.6212E+00  4.9531E-03  8.7747E-01  9.9517E-01  1.2284E+00 -9.8545E-01
  4.8164E-01  1.6323E+00  4.9430E-03  8.7423E-01  9.9037E-01  1.2267E+00 -9.8056E-01
  4.8477E-01  1.6428E+00  4.9334E-03  8.7117E-01  9.8579E-01  1.2252E+00 -9.7589E-01
  4.8806E-01  1.6538E+00  4.9234E-03  8.6797E-01  9.8097E-01  1.2236E+00 -9.7097E-01
  4.9119E-01  1.6643E+00  4.9139E-03  8.6493E-01  9.7636E-01  1.2221E+00 -9.6626E-01
  4.9448E-01  1.6753E+00  4.9039E-03  8.6176E-01  9.7149E-01  1.2203E+00 -9.6130E-01
  4.9761E-01  1.6858E+00  4.8945E-03  8.5876E-01  9.6684E-01  1.2186E+00 -9.5656E-01
  5.0090E-01  1.6968E+00  4.8846E-03  8.5562E-01  9.6195E-01  1.2168E+00 -9.5156E-01
  5.0404E-01  1.7073E+00  4.8752E-03  8.5264E-01  9.5727E-01  1.2152E+00 -9.4679E-01
  5.0733E-01  1.7184E+00  4.8654E-03  8.4954E-01  9.5235E-01  1.2136E+00 -9.4176E-01
  5.1046E-01  1.7289E+00  4.8561E-03  8.4659E-01  9.4764E-01  1.2121E+00 -9.3696E-01
  5.1375E-01  1.7399E+00  4.8464E-03  8.4352E-01  9.4268E-01  1.2104E+00 -9.3189E-01
  5.1688E-01  1.7504E+00  4.8371E-03  8.4061E-01  9.3794E-01  1.2086E+00 -9.2705E-01
  5.2017E-01  1.7614E+00  4.8275E-03  8.3757E-01  9.3294E-01  1.2069E+00 -9.2195E-01
  5.2330E-01  1.7719E+00  4.8183E-03  8.3469E-01  9.2817E-01  1.2052E+00 -9.1707E-01
  5.2659E-01  1.7830E+00  4.8087E-03  8.3168E-01  9.2315E-01  1.2036E+00 -9.1194E-01
  5.2972E-01  1.7935E+00  4.7996E-03  8.2883E-01  9.1835E-01  1.2020E+00 -9.0703E-01
  5.3301E-01  1.8045E+00  4.7900E-03  8.2585E-01  9.1330E-01  1.2005E+00 -9.0187E-01
  5.3615E-01  1.8150E+00  4.7810E-03  8.2304E-01  9.0844E-01  1.1986E+00 -8.9690E-01
  5.3944E-01  1.8260E+00  4.7715E-03  8.2009E-01  9.0332E-01  1.1968E+00 -8.9167E-01
  5.4257E-01  1.8365E+00  4.7624E-03  8.1731E-01  8.9843E-01  1.1950E+00 -8.8667E-01
  5.4586E-01  1.8475E+00  4.7529E-03  8.1440E-01  8.9328E-01  1.1933E+00 -8.8140E-01
  5.4899E-01  1.8580E+00  4.7439E-03  8.1165E-01  8.8837E-01  1.1916E+00 -8.7637E-01
  5.5228E-01  1.8691E+00  4.7344E-03  8.0877E-01  8.8320E-01  1.1900E+00 -8.7107E-01
  5.5541E-01  1.8796E+00  4.7253E-03  8.0605E-01  8.7825E-01  1.1883E+00 -8.6601E-01
  5.5870E-01  1.8906E+00  4.7158E-03  8.0321E-01  8.7302E-01  1.1864E+00 -8.6066E-01
  5.6183E-01  1.9011E+00  4.7067E-03  8.0052E-01  8.6804E-01  1.1846E+00 -8.5556E-01
  5.6512E-01  1.9121E+00  4.6971E-03  7.9772E-01  8.6279E-01  1.1829E+00 -8.5018E-01
  5.6826E-01  1.9226E+00  4.6880E-03  7.9506E-01  8.5778E-01  1.1812E+00 -8.4505E-01
  5.7154E-01  1.9336E+00  4.6784E-03  7.9229E-01  8.5250E-01  1.1796E+00 -8.3964E-01
  5.7468E-01  1.9441E+00  4.6693E-03  7.8967E-01  8.4747E-01  1.1781E+00 -8.3447E-01
  5.7797E-01  1.9552E+00  4.6596E-03  7.8693E-01  8.4215E-01  1.1763E+00 -8.2902E-01
  5.8110E-01  1.9657E+00  4.6504E-03  7.8434E-01  8.3708E-01  1.1746E+00 -8.2381E-01
  5.8439E-01  1.9767E+00  4.6406E-03  7.8164E-01  8.3174E-01  1.1730E+00 -8.1833E-01
  5.8752E-01  1.9872E+00  4.6313E-03  7.7908E-01  8.2664E-01  1.1715E+00 -8.1309E-01
  5.9081E-01  1.9982E+00  4.6214E-03  7.7642E-01  8.2127E-01  1.1699E+00 -8.0758E-01
  5.9394E-01  2.0087E+00  4.6119E-03  7.7389E-01  8.1614E-01  1.1685E+00 -8.0231E-01
  5.9723E-01  2.0197E+00  4.6019E-03  7.7126E-01  8.1074E-01  1.1669E+00 -7.9675E-01
  6.0036E-01  2.0302E+00  4.5923E-03  7.6878E-01  8.0556E-01  1.1652E+00 -7.9143E-01
  6.0365E-01  2.0413E+00  4.5821E-03  7.6618E-01  8.0012E-01  1.1634E+00 -7.8584E-01
  6.0679E-01  2.0518E+00  4.5724E-03  7.6373E-01  7.9492E-01  1.1618E+00 -7.8049E-01
  6.1008E-01  2.0628E+00  4.5620E-03  7.6117E-01  7.8945E-01  1.1602E+00 -7.7486E-01
  6.1321E-01  2.0733E+00  4.5520E-03  7.5875E-01  7.8423E-01  1.1588E+00 -7.6948E-01
  6.1650E-01  2.0843E+00  4.5414E-03  7.5623E-01  7.7874E-01  1.1573E+00 -7.6382E-01
  6.1963E-01  2.0948E+00  4.5313E-03  7.5384E-01  7.7346E-01  1.1553E+00 -7.5840E-01
  6.2292E-01  2.1058E+00  4.5205E-03  7.5136E-01  7.6791E-01  1.1534E+00 -7.5269E-01
  6.2605E-01  2.1163E+00  4.5102E-03  7.4901E-01  7.6261E-01  1.1515E+00 -7.4723E-01
  6.2934E-01  2.1274E+00  4.4993E-03  7.4656E-01  7.5704E-01  1.1497E+00 -7.4149E-01
  6.3247E-01  2.1379E+00  4.4887E-03  7.4424E-01  7.5172E-01  1.1480E+00 -7.3601E-01
  6.3576E-01  2.1489E+00  4.4776E-03  7.4183E-01  7.4612E-01  1.1463E+00 -7.3023E-01
  6.3890E-01  2.1594E+00  4.4669E-03  7.3955E-01  7.4077E-01  1.1445E+00 -7.2471E-01
  6.4218E-01  2.1704E+00  4.4555E-03  7.3718E-01  7.3514E-01  1.1424E+00 -7.1891E-01
  6.4532E-01  2.1809E+00  4.4445E-03  7.3493E-01  7.2976E-01  1.1405E+00 -7.1337E-01
  6.4861E-01  2.1919E+00  4.4329E-03  7.3259E-01  7.2410E-01  1.1386E+00 -7.0753E-01
  6.5174E-01  2.2024E+00  4.4216E-03  7.3039E-01  7.1871E-01  1.1368E+00 -7.0196E-01
  6.5503E-01  2.2135E+00  4.4096E-03  7.2809E-01  7.1303E-01  1.1349E+00 -6.9609E-01
  6.5816E-01  2.2240E+00  4.3980E-03  7.2591E-01  7.0761E-01  1.1333E+00 -6.9048E-01
  6.6145E-01  2.2350E+00  4.3857E-03  7.2365E-01  7.0188E-01  1.1310E+00 -6.8458E-01
  6.6458E-01  2.2455E+00  4.3739E-03  7.2152E-01  6.9642E-01  1.1289E+00 -6.7894E-01
  6.6787E-01  2.2565E+00  4.3612E-03  7.1929E-01  6.9067E-01  1.1267E+00 -6.7300E-01
  6.7100E-01  2.2670E+00  4.3490E-03  7.1719E-01  6.8519E-01  1.1247E+00 -6.6733E-01
  6.7429E-01  2.2780E+00  4.3360E-03  7.1501E-01  6.7942E-01  1.1227E+00 -6.6136E-01
  6.7743E-01  2.2885E+00  4.3235E-03  7.1294E-01  6.7392E-01  1.1208E+00 -6.5566E-01
  6.8072E-01  2.2996E+00  4.3101E-03  7.1079E-01  6.6812E-01  1.1188E+00 -6.4966E-01
  6.8385E-01  2.3101E+00  4.2973E-03  7.0877E-01  6.6258E-01  1.1165E+00 -6.4392E-01
  6.8714E-01  2.3211E+00  4.2835E-03  7.0666E-01  6.5676E-01  1.1143E+00 -6.3789E-01
  6.9027E-01  2.3316E+00  4.2703E-03  7.0467E-01  6.5120E-01  1.1122E+00 -6.3213E-01
  6.9356E-01  2.3426E+00  4.2562E-03  7.0260E-01  6.4535E-01  1.1101E+00 -6.2607E-01
  6.9669E-01  2.3531E+00  4.2426E-03  7.0065E-01  6.3978E-01  1.1082E+00 -6.2028E-01
  6.9998E-01  2.3642E+00  4.2282E-03  6.9861E-01  6.3392E-01  1.1062E+00 -6.1418E-01
  7.0311E-01  2.3747E+00  4.2142E-03  6.9670E-01  6.2830E-01  1.1039E+00 -6.0836E-01
  7.0640E-01  2.3857E+00  4.1994E-03  6.9471E-01  6.2239E-01  1.1016E+00 -6.0222E-01
  7.0954E-01  2.3962E+00  4.1852E-03  6.9283E-01  6.1676E-01  1.0994E+00 -5.9637E-01
  7.1283E-01  2.4072E+00  4.1701E-03  6.9088E-01  6.1084E-01  1.0972E+00 -5.9021E-01
  7.1596E-01  2.4177E+00  4.1555E-03  6.8904E-01  6.0519E-01  1.0951E+00 -5.8433E-01
  7.1925E-01  2.4287E+00  4.1400E-03  6.8712E-01  5.9925E-01  1.0931E+00 -5.7814E-01
  7.2238E-01  2.4392E+00  4.1252E-03  6.8532E-01  5.9359E-01  1.0911E+00 -5.7223E-01
  7.2567E-01  2.4503E+00  4.1094E-03  6.8345E-01  5.8762E-01  1.0888E+00 -5.6600E-01
  7.2880E-01  2.4608E+00  4.0941E-03  6.8168E-01  5.8193E-01  1.0868E+00 -5.6006E-01
  7.3209E-01  2.4718E+00  4.0780E-03  6.7985E-01  5.7594E-01  1.0847E+00 -5.5381E-01
  7.3522E-01  2.4823E+00  4.0624E-03  6.7813E-01  5.7024E-01  1.0828E+00 -5.4784E-01
  7.3851E-01  2.4933E+00  4.0458E-03  6.7633E-01  5.6425E-01  1.0808E+00 -5.4156E-01
  7.4164E-01  2.5038E+00  4.0299E-03  6.7465E-01  5.5854E-01  1.0791E+00 -5.3557E-01
  7.4493E-01  2.5148E+00  4.0130E-03  6.7289E-01  5.5251E-01  1.0769E+00 -5.2925E-01
  7.4807E-01  2.5253E+00  3.9968E-03  6.7124E-01  5.4677E-01  1.0749E+00 -5.2323E-01
  7.5136E-01  2.5364E+00  3.9795E-03  6.6953E-01  5.4074E-01  1.0729E+00 -5.1688E-01
  7.5449E-01  2.5469E+00  3.9630E-03  6.6792E-01  5.3499E-01  1.0711E+00 -5.1083E-01
  7.5778E-01  2.5579E+00  3.9455E-03  6.6625E-01  5.2895E-01  1.0693E+00 -5.0446E-01
  7.6091E-01  2.5684E+00  3.9286E-03  6.6468E-01  5.2319E-01  1.0676E+00 -4.9839E-01
  7.6420E-01  2.5794E+00  3.9108E-03  6.6305E-01  5.1715E-01  1.0656E+00 -4.9200E-01
  7.6733E-01  2.5899E+00  3.8936E-03  6.6152E-01  5.1138E-01  1.0632E+00 -4.8593E-01
  7.7062E-01  2.6009E+00  3.8754E-03  6.5993E-01  5.0532E-01  1.0609E+00 -4.7954E-01
  7.7375E-01  2.6114E+00  3.8579E-03  6.5844E-01  4.9955E-01  1.0587E+00 -4.7345E-01
  7.7704E-01  2.6225E+00  3.8393E-03  6.5689E-01  4.9349E-01  1.0565E+00 -4.6704E-01
  7.8018E-01  2.6330E+00  3.8213E-03  6.5543E-01  4.8772E-01  1.0545E+00 -4.6092E-01
  7.8347E-01  2.6440E+00  3.8023E-03  6.5393E-01  4.8167E-01  1.0525E+00 -4.5448E-01
  7.8660E-01  2.6545E+00  3.7840E-03  6.5251E-01  4.7587E-01  1.0505E+00 -4.4832E-01
  7.8989E-01  2.6655E+00  3.7646E-03  6.5105E-01  4.6978E-01  1.0483E+00 -4.4184E-01
  7.9302E-01  2.6760E+00  3.7458E-03  6.4967E-01  4.6398E-01  1.0464E+00 -4.3565E-01
  7.9631E-01  2.6870E+00  3.7259E-03  6.4825E-01  4.5790E-01  1.0445E+00 -4.2915E-01
  7.9944E-01  2.6975E+00  3.7067E-03  6.4691E-01  4.5211E-01  1.0428E+00 -4.2294E-01
  8.0273E-01  2.7086E+00  3.6863E-03  6.4553E-01  4.4604E-01  1.0411E+00 -4.1641E-01
  8.0586E-01  2.7191E+00  3.6666E-03  6.4424E-01  4.4025E-01  1.0394E+00 -4.1019E-01
  8.0915E-01  2.7301E+00  3.6457E-03  6.4290E-01  4.3417E-01  1.0374E+00 -4.0363E-01
  8.1229E-01  2.7406E+00  3.6256E-03  6.4164E-01  4.2837E-01  1.0356E+00 -3.9738E-01
  8.1557E-01  2.7516E+00  3.6041E-03  6.4035E-01  4.2230E-01  1.0339E+00 -3.9081E-01
  8.1871E-01  2.7621E+00  3.5835E-03  6.3913E-01  4.1653E-01  1.0323E+00 -3.8454E-01
  8.2200E-01  2.7731E+00  3.5615E-03  6.3788E-01  4.1047E-01  1.0307E+00 -3.7794E-01
  8.2513E-01  2.7836E+00  3.5403E-03  6.3670E-01  4.0472E-01  1.0293E+00 -3.7165E-01
  8.2842E-01  2.7947E+00  3.5178E-03  6.3549E-01  3.9867E-01  1.0275E+00 -3.6504E-01
  8.3155E-01  2.8052E+00  3.4962E-03  6.3435E-01  3.9291E-01  1.0257E+00 -3.5874E-01
  8.3484E-01  2.8162E+00  3.4732E-03  6.3318E-01  3.8688E-01  1.0240E+00 -3.5211E-01
  8.3797E-01  2.8267E+00  3.4511E-03  6.3209E-01  3.8115E-01  1.0225E+00 -3.4578E-01
  8.4126E-01  2.8377E+00  3.4276E-03  6.3096E-01  3.7515E-01  1.0210E+00 -3.3913E-01
  8.4439E-01  2.8482E+00  3.4050E-03  6.2991E-01  3.6946E-01  1.0197E+00 -3.3279E-01
  8.4768E-01  2.8592E+00  3.3810E-03  6.2883E-01  3.6348E-01  1.0184E+00 -3.2612E-01
  8.5082E-01  2.8697E+00  3.3580E-03  6.2781E-01  3.5778E-01  1.0169E+00 -3.1974E-01
  8.5411E-01  2.8808E+00  3.3335E-03  6.2677E-01  3.5182E-01  1.0156E+00 -3.1303E-01
  8.5724E-01  2.8913E+00  3.3099E-03  6.2580E-01  3.4617E-01  1.0143E+00 -3.0663E-01
  8.6053E-01  2.9023E+00  3.2849E-03  6.2480E-01  3.4026E-01  1.0132E+00 -2.9991E-01
  8.6366E-01  2.9128E+00  3.2608E-03  6.2387E-01  3.3467E-01  1.0122E+00 -2.9350E-01
  8.6695E-01  2.9238E+00  3.2353E-03  6.2292E-01  3.2882E-01  1.0113E+00 -2.8676E-01
  8.7008E-01  2.9343E+00  3.2107E-03  6.2203E-01  3.2327E-01  1.0101E+00 -2.8034E-01
  8.7337E-01  2.9454E+00  3.1845E-03  6.2112E-01  3.1746E-01  1.0089E+00 -2.7361E-01
  8.7650E-01  2.9559E+00  3.1594E-03  6.2027E-01  3.1197E-01  1.0078E+00 -2.6718E-01
  8.7979E-01  2.9669E+00  3.1326E-03  6.1940E-01  3.0624E-01  1.0068E+00 -2.6043E-01
  8.8293E-01  2.9774E+00  3.1069E-03  6.1859E-01  3.0082E-01  1.0060E+00 -2.5400E-01
  8.8370E-01  2.9800E+00  3.1005E-03  6.1840E-01  2.9949E-01  1.0058E+00 -2.5241E-01
  8.8621E-01  2.9884E+00  3.0796E-03  6.1777E-01  2.9520E-01  1.0052E+00 -2.4725E-01
  8.8934E-01  2.9989E+00  3.0533E-03  6.1701E-01  2.8987E-01  1.0045E+00 -2.4080E-01
  8.9264E-01  3.0099E+00  3.0252E-03  6.1622E-01  2.8428E-01  1.0035E+00 -2.3402E-01
  8.9577E-01  3.0204E+00  2.9984E-03  6.1550E-01  2.7903E-01  1.0027E+00 -2.2757E-01
  8.9906E-01  3.0315E+00  2.9699E-03  6.1476E-01  2.7358E-01  1.0020E+00 -2.2079E-01
  9.0219E-01  3.0420E+00  2.9425E-03  6.1408E-01  2.6844E-01  1.0015E+00 -2.1432E-01
  9.0548E-01  3.0530E+00  2.9134E-03  6.1338E-01  2.6312E-01  1.0010E+00 -2.0753E-01
  9.0861E-01  3.0635E+00  2.8855E-03  6.1274E-01  2.5811E-01  1.0006E+00 -2.0106E-01
  9.1190E-01  3.0745E+00  2.8559E-03  6.1209E-01  2.5289E-01  9.9992E-01 -1.9426E-01
  9.1503E-01  3.0850E+00  2.8275E-03  6.1149E-01  2.4798E-01  9.9923E-01 -1.8779E-01
  9.1832E-01  3.0960E+00  2.7973E-03  6.1089E-01  2.4291E-01  9.9862E-01 -1.8098E-01
  9.2146E-01  3.1065E+00  2.7683E-03  6.1033E-01  2.3817E-01  9.9814E-01 -1.7450E-01
  9.2475E-01  3.1176E+00  2.7375E-03  6.0977E-01  2.3329E-01  9.9775E-01 -1.6769E-01
  9.2788E-01  3.1281E+00  2.7080E-03  6.0925E-01  2.2873E-01  9.9748E-01 -1.6120E-01
  9.3117E-01  3.1391E+00  2.6767E-03  6.0873E-01  2.2404E-01  9.9718E-01 -1.5438E-01
  9.3430E-01  3.1496E+00  2.6466E-03  6.0826E-01  2.1964E-01  9.9663E-01 -1.4788E-01
  9.3759E-01  3.1606E+00  2.6147E-03  6.0778E-01  2.1515E-01  9.9615E-01 -1.4106E-01
  9.4072E-01  3.1711E+00  2.5842E-03  6.0735E-01  2.1098E-01  9.9580E-01 -1.3456E-01
  9.4401E-01  3.1821E+00  2.5518E-03  6.0692E-01  2.0675E-01  9.9553E-01 -1.2773E-01
  9.4714E-01  3.1926E+00  2.5207E-03  6.0652E-01  2.0286E-01  9.9537E-01 -1.2122E-01
  9.5043E-01  3.2037E+00  2.4878E-03  6.0614E-01  1.9893E-01  9.9530E-01 -1.1439E-01
  9.5357E-01  3.2142E+00  2.4563E-03  6.0579E-01  1.9527E-01  9.9470E-01 -1.0790E-01
  9.5686E-01  3.2252E+00  2.4228E-03  6.0544E-01  1.9157E-01  9.9394E-01 -1.0111E-01
  9.5999E-01  3.2357E+00  2.3908E-03  6.0514E-01  1.8821E-01  9.9331E-01 -9.4630E-02
  9.6328E-01  3.2467E+00  2.3568E-03  6.0484E-01  1.8488E-01  9.9275E-01 -8.7831E-02
  9.6641E-01  3.2572E+00  2.3243E-03  6.0457E-01  1.8189E-01  9.9232E-01 -8.1356E-02
  9.6970E-01  3.2682E+00  2.2898E-03  6.0431E-01  1.7897E-01  9.9197E-01 -7.4556E-02
  9.7283E-01  3.2787E+00  2.2567E-03  6.0409E-01  1.7638E-01  9.9167E-01 -6.8085E-02
  9.7612E-01  3.2898E+00  2.2217E-03  6.0388E-01  1.7385E-01  9.9115E-01 -6.1308E-02
  9.7925E-01  3.3003E+00  2.1882E-03  6.0369E-01  1.7167E-01  9.9077E-01 -5.4855E-02
  9.8103E-01  3.3062E+00  2.1691E-03  6.0360E-01  1.7053E-01  9.9059E-01 -5.1189E-02
  9.8249E-01  3.3111E+00  2.1533E-03  6.0353E-01  1.6965E-01  9.9046E-01 -4.8178E-02
  9.8575E-01  3.3221E+00  2.1181E-03  6.0338E-01  1.6787E-01  9.9027E-01 -4.1466E-02
  9.8889E-01  3.3326E+00  2.0839E-03  6.0326E-01  1.6641E-01  9.9017E-01 -3.5016E-02
  9.9218E-01  3.3436E+00  2.0479E-03  6.0315E-01  1.6515E-01  9.9018E-01 -2.8245E-02
  9.9531E-01  3.3541E+00  2.0133E-03  6.0307E-01  1.6415E-01  9.8995E-01 -2.1815E-02
  9.9860E-01  3.3651E+00  1.9768E-03  6.0301E-01  1.6337E-01  9.8969E-01 -1.5072E-02
  1.0017E+00  3.3756E+00  1.9418E-03  6.0298E-01  1.6289E-01  9.8955E-01 -8.6533E-03
  1.0050E+00  3.3866E+00  1.9048E-03  6.0296E-01  1.6267E-01  9.8951E-01 -1.9157E-03
  1.0082E+00  3.3971E+00  1.8692E-03  6.0296E-01  1.6273E-01  9.8957E-01  4.4974E-03
  1.0114E+00  3.4082E+00  1.8317E-03  6.0299E-01  1.6308E-01  9.8975E-01  1.1229E-02
  1.0146E+00  3.4187E+00  1.7957E-03  6.0303E-01  1.6366E-01  9.8995E-01  1.7636E-02
  1.0179E+00  3.4297E+00  1.7577E-03  6.0310E-01  1.6451E-01  9.8997E-01  2.4366E-02
  1.0210E+00  3.4402E+00  1.7213E-03  6.0319E-01  1.6558E-01  9.9009E-01  3.0772E-02
  1.0243E+00  3.4512E+00  1.6828E-03  6.0330E-01  1.6697E-01  9.9034E-01  3.7494E-02
  1.0274E+00  3.4617E+00  1.6460E-03  6.0342E-01  1.6854E-01  9.9069E-01  4.3892E-02
  1.0307E+00  3.4727E+00  1.6070E-03  6.0358E-01  1.7045E-01  9.9117E-01  5.0605E-02
  1.0338E+00  3.4832E+00  1.5698E-03  6.0375E-01  1.7250E-01  9.9175E-01  5.6994E-02
  1.0371E+00  3.4943E+00  1.5304E-03  6.0395E-01  1.7484E-01  9.9214E-01  6.3703E-02
  1.0403E+00  3.5048E+00  1.4927E-03  6.0415E-01  1.7727E-01  9.9247E-01  7.0090E-02
  1.0436E+00  3.5158E+00  1.4529E-03  6.0440E-01  1.8003E-01  9.9295E-01  7.6792E-02
  1.0467E+00  3.5263E+00  1.4148E-03  6.0465E-01  1.8287E-01  9.9353E-01  8.3169E-02
  1.0500E+00  3.5373E+00  1.3746E-03  6.0493E-01  1.8605E-01  9.9426E-01  8.9859E-02
  1.0531E+00  3.5478E+00  1.3361E-03  6.0522E-01  1.8925E-01  9.9508E-01  9.6225E-02
  1.0564E+00  3.5588E+00  1.2954E-03  6.0555E-01  1.9278E-01  9.9595E-01  1.0291E-01
  1.0595E+00  3.5693E+00  1.2565E-03  6.0588E-01  1.9623E-01  9.9636E-01  1.0927E-01
  1.0628E+00  3.5804E+00  1.2155E-03  6.0625E-01  2.0002E-01  9.9692E-01  1.1594E-01
  1.0659E+00  3.5909E+00  1.1762E-03  6.0662E-01  2.0377E-01  9.9756E-01  1.2229E-01
  1.0692E+00  3.6019E+00  1.1348E-03  6.0704E-01  2.0785E-01  9.9835E-01  1.2895E-01
  1.0724E+00  3.6124E+00  1.0951E-03  6.0745E-01  2.1186E-01  9.9921E-01  1.3529E-01
  1.0757E+00  3.6234E+00  1.0533E-03  6.0791E-01  2.1620E-01  1.0002E+00  1.4194E-01
  1.0788E+00  3.6339E+00  1.0133E-03  6.0836E-01  2.2038E-01  1.0010E+00  1.4824E-01
  1.0821E+00  3.6449E+00  9.7104E-04  6.0886E-01  2.2486E-01  1.0016E+00  1.5484E-01
  1.0852E+00  3.6554E+00  9.3068E-04  6.0935E-01  2.2922E-01  1.0024E+00  1.6111E-01
  1.0885E+00  3.6665E+00  8.8810E-04  6.0989E-01  2.3390E-01  1.0033E+00  1.6770E-01
  1.0916E+00  3.6770E+00  8.4739E-04  6.1043E-01  2.3844E-01  1.0043E+00  1.7396E-01
  1.0949E+00  3.6880E+00  8.0446E-04  6.1101E-01  2.4329E-01  1.0055E+00  1.8052E-01
  1.0981E+00  3.6985E+00  7.6340E-04  6.1159E-01  2.4797E-01  1.0066E+00  1.8676E-01
  1.1013E+00  3.7095E+00  7.2010E-04  6.1221E-01  2.5291E-01  1.0074E+00  1.9329E-01
  1.1045E+00  3.7200E+00  6.7868E-04  6.1283E-01  2.5767E-01  1.0084E+00  1.9950E-01
  1.1078E+00  3.7311E+00  6.3500E-04  6.1349E-01  2.6274E-01  1.0094E+00  2.0600E-01
  1.1109E+00  3.7416E+00  5.9323E-04  6.1415E-01  2.6763E-01  1.0106E+00  2.1219E-01
  1.1142E+00  3.7526E+00  5.4918E-04  6.1486E-01  2.7281E-01  1.0119E+00  2.1868E-01
  1.1173E+00  3.7631E+00  5.0707E-04  6.1555E-01  2.7780E-01  1.0132E+00  2.2485E-01
  1.1206E+00  3.7741E+00  4.6266E-04  6.1630E-01  2.8307E-01  1.0144E+00  2.3132E-01
  1.1237E+00  3.7846E+00  4.2021E-04  6.1703E-01  2.8812E-01  1.0156E+00  2.3749E-01
  1.1270E+00  3.7956E+00  3.7546E-04  6.1783E-01  2.9346E-01  1.0169E+00  2.4395E-01
  1.1302E+00  3.8061E+00  3.3270E-04  6.1860E-01  2.9859E-01  1.0182E+00  2.5009E-01
  1.1335E+00  3.8172E+00  2.8764E-04  6.1943E-01  3.0401E-01  1.0197E+00  2.5653E-01
  1.1366E+00  3.8277E+00  2.4457E-04  6.2025E-01  3.0921E-01  1.0212E+00  2.6264E-01
  1.1399E+00  3.8387E+00  1.9919E-04  6.2112E-01  3.1469E-01  1.0228E+00  2.6905E-01
  1.1430E+00  3.8492E+00  1.5585E-04  6.2197E-01  3.1987E-01  1.0240E+00  2.7512E-01
  1.1463E+00  3.8602E+00  1.1021E-04  6.2289E-01  3.2535E-01  1.0253E+00  2.8148E-01
  1.1494E+00  3.8707E+00  6.6638E-05  6.2378E-01  3.3058E-01  1.0267E+00  2.8753E-01
  1.1527E+00  3.8817E+00  2.0760E-05  6.2474E-01  3.3610E-01  1.0282E+00  2.9386E-01
  1.1559E+00  3.8922E+00 -2.3042E-05  6.2567E-01  3.4138E-01  1.0297E+00  2.9988E-01
  1.1591E+00  3.9033E+00 -6.9156E-05  6.2666E-01  3.4693E-01  1.0314E+00  3.0619E-01
  1.1623E+00  3.9138E+00 -1.1317E-04  6.2763E-01  3.5221E-01  1.0328E+00  3.1218E-01
  1.1656E+00  3.9248E+00 -1.5947E-04  6.2867E-01  3.5775E-01  1.0341E+00  3.1844E-01
  1.1687E+00  3.9353E+00 -2.0363E-04  6.2968E-01  3.6304E-01  1.0355E+00  3.2439E-01
  1.1720E+00  3.9463E+00 -2.5007E-04  6.3076E-01  3.6861E-01  1.0370E+00  3.3063E-01
  1.1751E+00  3.9568E+00 -2.9436E-04  6.3180E-01  3.7392E-01  1.0385E+00  3.3656E-01
  1.1784E+00  3.9678E+00 -3.4093E-04  6.3292E-01  3.7950E-01  1.0402E+00  3.4276E-01
  1.1815E+00  3.9783E+00 -3.8536E-04  6.3400E-01  3.8483E-01  1.0419E+00  3.4866E-01
  1.1848E+00  3.9894E+00 -4.3207E-04  6.3516E-01  3.9037E-01  1.0430E+00  3.5482E-01
  1.1880E+00  3.9999E+00 -4.7663E-04  6.3628E-01  3.9565E-01  1.0442E+00  3.6067E-01
  1.1913E+00  4.0109E+00 -5.2348E-04  6.3748E-01  4.0120E-01  1.0455E+00  3.6680E-01
  1.1944E+00  4.0214E+00 -5.6818E-04  6.3864E-01  4.0706E-01  1.0472E+00  3.7320E-01
  1.1977E+00  4.0324E+00 -6.1522E-04  6.3988E-01  4.1525E-01  1.0488E+00  3.8215E-01
  1.2008E+00  4.0429E+00 -6.6010E-04  6.4110E-01  4.2412E-01  1.0506E+00  3.9178E-01
  1.2041E+00  4.0539E+00 -7.0734E-04  6.4240E-01  4.3536E-01  1.0526E+00  4.0392E-01
  1.2072E+00  4.0644E+00 -7.5249E-04  6.4369E-01  4.4871E-01  1.0548E+00  4.1826E-01
  1.2105E+00  4.0755E+00 -8.0010E-04  6.4510E-01  4.6604E-01  1.0575E+00  4.3676E-01
  1.2137E+00  4.0860E+00 -8.4569E-04  6.4650E-01  4.8482E-01  1.0604E+00  4.5669E-01
  1.2169E+00  4.0970E+00 -8.9380E-04  6.4804E-01  5.0208E-01  1.0631E+00  4.7493E-01
  1.2201E+00  4.1075E+00 -9.3974E-04  6.4954E-01  5.0404E-01  1.0638E+00  4.7707E-01
  1.2234E+00  4.1185E+00 -9.8777E-04  6.5106E-01  4.6635E-01  1.0610E+00  4.3734E-01
  1.2265E+00  4.1290E+00 -1.0327E-03  6.5228E-01  3.6601E-01  1.0554E+00  3.2884E-01
  1.2298E+00  4.1400E+00 -1.0785E-03  6.5306E-01  2.0312E-01  1.0514E+00  1.2566E-01
  1.2329E+00  4.1505E+00 -1.1204E-03  6.5306E-01  2.0395E-01  1.0516E+00 -1.2780E-01
  1.2362E+00  4.1616E+00 -1.1629E-03  6.5219E-01  4.2939E-01  1.0554E+00 -3.9904E-01
  1.2393E+00  4.1721E+00 -1.2022E-03  6.5060E-01  6.3057E-01  1.0615E+00 -6.1035E-01
  1.2426E+00  4.1831E+00 -1.2427E-03  6.4834E-01  7.6251E-01  1.0726E+00 -7.4579E-01
  1.2458E+00  4.1936E+00 -1.2814E-03  6.4596E-01  7.7628E-01  1.0875E+00 -7.5967E-01
  1.2490E+00  4.2046E+00 -1.3225E-03  6.4358E-01  6.9101E-01  1.1034E+00 -6.7206E-01
  1.2522E+00  4.2151E+00 -1.3627E-03  6.4172E-01  5.3071E-01  1.1190E+00 -5.0544E-01
  1.2555E+00  4.2261E+00 -1.4061E-03  6.4042E-01  3.2833E-01  1.1248E+00 -2.8582E-01
  1.2586E+00  4.2366E+00 -1.4481E-03  6.3982E-01  1.9265E-01  1.1120E+00 -1.0889E-01
  1.2619E+00  4.2476E+00 -1.4914E-03  6.3963E-01  1.5976E-01  1.0900E+00 -3.8652E-02
  1.2650E+00  4.2581E+00 -1.5311E-03  6.3944E-01  1.8513E-01  1.0765E+00 -1.0512E-01
  1.2683E+00  4.2691E+00 -1.5705E-03  6.3884E-01  3.0750E-01  1.0731E+00 -2.6784E-01
  1.2715E+00  4.2796E+00 -1.6062E-03  6.3774E-01  4.6545E-01  1.0758E+00 -4.4044E-01
  1.2747E+00  4.2906E+00 -1.6423E-03  6.3605E-01  5.9905E-01  1.0827E+00 -5.7987E-01
  1.2779E+00  4.3011E+00 -1.6759E-03  6.3413E-01  6.5507E-01  1.0940E+00 -6.3747E-01
  1.2812E+00  4.3122E+00 -1.7113E-03  6.3207E-01  6.2077E-01  1.1087E+00 -6.0196E-01
  1.2843E+00  4.3227E+00 -1.7457E-03  6.3036E-01  5.0665E-01  1.1245E+00 -4.8308E-01
  1.2876E+00  4.3336E+00 -1.7830E-03  6.2908E-01  3.3365E-01  1.1356E+00 -2.9639E-01
  1.2907E+00  4.3441E+00 -1.8196E-03  6.2845E-01  1.9147E-01  1.1300E+00 -1.1690E-01
  1.2940E+00  4.3551E+00 -1.8579E-03  6.2828E-01  1.4847E-01  1.1098E+00 -8.6596E-03
  1.2971E+00  4.3656E+00 -1.8930E-03  6.2827E-01  1.4774E-01  1.0927E+00 -2.6808E-02
  1.3004E+00  4.3766E+00 -1.9272E-03  6.2801E-01  2.0988E-01  1.0862E+00 -1.5298E-01
  1.3036E+00  4.3871E+00 -1.9574E-03  6.2730E-01  3.4483E-01  1.0872E+00 -3.1377E-01
  1.3068E+00  4.3981E+00 -1.9867E-03  6.2603E-01  4.8441E-01  1.0918E+00 -4.6292E-01
  1.3100E+00  4.4086E+00 -2.0131E-03  6.2444E-01  5.6757E-01  1.1034E+00 -5.4921E-01
  1.3133E+00  4.4196E+00 -2.0402E-03  6.2264E-01  5.6330E-01  1.1155E+00 -5.4467E-01
  1.3164E+00  4.4301E+00 -2.0661E-03  6.2106E-01  4.8218E-01  1.1298E+00 -4.6002E-01
  1.3197E+00  4.4411E+00 -2.0941E-03  6.1981E-01  3.3721E-01  1.1427E+00 -3.0435E-01
  1.3228E+00  4.4516E+00 -2.1218E-03  6.1915E-01  1.9678E-01  1.1428E+00 -1.3366E-01
  1.3261E+00  4.4626E+00 -2.1509E-03  6.1898E-01  1.4167E-01  1.1260E+00 -4.1934E-03
  1.3292E+00  4.4731E+00 -2.1773E-03  6.1905E-01  1.3966E-01  1.1072E+00  1.6764E-02
  1.3325E+00  4.4841E+00 -2.2024E-03  6.1902E-01  1.5420E-01  1.0972E+00 -7.1219E-02
  1.3357E+00  4.4946E+00 -2.2234E-03  6.1861E-01  2.5268E-01  1.0961E+00 -2.1301E-01
  1.3390E+00  4.5056E+00 -2.2425E-03  6.1769E-01  3.8618E-01  1.0992E+00 -3.6163E-01
  1.3421E+00  4.5161E+00 -2.2585E-03  6.1641E-01  4.8343E-01  1.1055E+00 -4.6409E-01
  1.3454E+00  4.5271E+00 -2.2741E-03  6.1486E-01  5.0832E-01  1.1201E+00 -4.8974E-01
  1.3485E+00  4.5376E+00 -2.2888E-03  6.1342E-01  4.5843E-01  1.1326E+00 -4.3755E-01
  1.3518E+00  4.5485E+00 -2.3048E-03  6.1220E-01  3.4468E-01  1.1464E+00 -3.1605E-01
  1.3549E+00  4.5590E+00 -2.3210E-03  6.1149E-01  2.1268E-01  1.1521E+00 -1.6227E-01
  1.3582E+00  4.5700E+00 -2.3387E-03  6.1124E-01  1.3698E-01  1.1418E+00 -1.9597E-02
  1.3614E+00  4.5805E+00 -2.3550E-03  6.1134E-01  1.3854E-01  1.1232E+00  3.9465E-02
  1.3646E+00  4.5915E+00 -2.3702E-03  6.1147E-01  1.3073E-01  1.1096E+00 -5.2877E-03
  1.3678E+00  4.6020E+00 -2.3820E-03  6.1133E-01  1.7779E-01  1.1060E+00 -1.2170E-01
  1.3711E+00  4.6130E+00 -2.3917E-03  6.1074E-01  2.9317E-01  1.1081E+00 -2.6319E-01
  1.3742E+00  4.6235E+00 -2.3988E-03  6.0977E-01  3.9437E-01  1.1134E+00 -3.7268E-01
  1.3775E+00  4.6344E+00 -2.4049E-03  6.0849E-01  4.4860E-01  1.1231E+00 -4.2957E-01
  1.3806E+00  4.6449E+00 -2.4104E-03  6.0719E-01  4.3406E-01  1.1350E+00 -4.1421E-01
  1.3839E+00  4.6559E+00 -2.4167E-03  6.0600E-01  3.5370E-01  1.1492E+00 -3.2872E-01
  1.3870E+00  4.6664E+00 -2.4239E-03  6.0521E-01  2.3689E-01  1.1592E+00 -1.9738E-01
  1.3903E+00  4.6774E+00 -2.4328E-03  6.0486E-01  1.4012E-01  1.1557E+00 -5.2430E-02
  1.3935E+00  4.6879E+00 -2.4417E-03  6.0490E-01  1.3214E-01  1.1391E+00  3.4509E-02
  1.3968E+00  4.6989E+00 -2.4498E-03  6.0508E-01  1.2842E-01  1.1225E+00  2.8687E-02
  1.3999E+00  4.7094E+00 -2.4555E-03  6.0510E-01  1.3810E-01  1.1160E+00 -6.0915E-02
  1.4032E+00  4.7203E+00 -2.4591E-03  6.0474E-01  2.2936E-01  1.1164E+00 -1.9336E-01
  1.4063E+00  4.7308E+00 -2.4605E-03  6.0399E-01  3.3407E-01  1.1202E+00 -3.1056E-01
  1.4096E+00  4.7418E+00 -2.4605E-03  6.0287E-01  4.0954E-01  1.1292E+00 -3.9053E-01
  1.4127E+00  4.7523E+00 -2.4601E-03  6.0167E-01  4.1657E-01  1.1402E+00 -3.9775E-01
  1.4160E+00  4.7633E+00 -2.4603E-03  6.0050E-01  3.6012E-01  1.1530E+00 -3.3795E-01
  1.4192E+00  4.7738E+00 -2.4616E-03  5.9965E-01  2.5977E-01  1.1643E+00 -2.2776E-01
  1.4224E+00  4.7847E+00 -2.4646E-03  5.9918E-01  1.5312E-01  1.1657E+00 -8.9186E-02
  1.4256E+00  4.7952E+00 -2.4683E-03  5.9913E-01  1.2334E-01  1.1526E+00  1.3866E-02
  1.4289E+00  4.8062E+00 -2.4717E-03  5.9929E-01  1.2674E-01  1.1348E+00  4.0178E-02
  1.4320E+00  4.8167E+00 -2.4736E-03  5.9939E-01  1.2047E-01  1.1254E+00 -2.0277E-02
  1.4353E+00  4.8276E+00 -2.4733E-03  5.9920E-01  1.8060E-01  1.1237E+00 -1.3668E-01
  1.4384E+00  4.8381E+00 -2.4712E-03  5.9863E-01  2.7951E-01  1.1261E+00 -2.5351E-01
  1.4417E+00  4.8491E+00 -2.4675E-03  5.9769E-01  3.6503E-01  1.1314E+00 -3.4557E-01
  1.4448E+00  4.8596E+00 -2.4633E-03  5.9659E-01  3.9370E-01  1.1437E+00 -3.7554E-01
  1.4481E+00  4.8706E+00 -2.4594E-03  5.9545E-01  3.6066E-01  1.1550E+00 -3.4059E-01
  1.4513E+00  4.8811E+00 -2.4567E-03  5.9455E-01  2.8111E-01  1.1667E+00 -2.5458E-01
  1.4545E+00  4.8920E+00 -2.4554E-03  5.9397E-01  1.7604E-01  1.1730E+00 -1.2949E-01
  1.4577E+00  4.9025E+00 -2.4555E-03  5.9380E-01  1.1918E-01  1.1654E+00 -1.6754E-02
  1.4610E+00  4.9135E+00 -2.4558E-03  5.9391E-01  1.2289E-01  1.1480E+00  4.1138E-02
  1.4641E+00  4.9240E+00 -2.4552E-03  5.9407E-01  1.1506E-01  1.1352E+00  1.4799E-02
  1.4674E+00  4.9350E+00 -2.4528E-03  5.9403E-01  1.3812E-01  1.1309E+00 -7.9107E-02
  1.4705E+00  4.9455E+00 -2.4487E-03  5.9366E-01  2.2098E-01  1.1322E+00 -1.8999E-01
  1.4738E+00  4.9564E+00 -2.4429E-03  5.9292E-01  3.0874E-01  1.1366E+00 -2.8744E-01
  1.4770E+00  4.9669E+00 -2.4365E-03  5.9197E-01  3.5717E-01  1.1443E+00 -3.3887E-01
  1.4802E+00  4.9779E+00 -2.4299E-03  5.9090E-01  3.5280E-01  1.1549E+00 -3.3412E-01
  1.4834E+00  4.9884E+00 -2.4243E-03  5.8998E-01  2.9744E-01  1.1667E+00 -2.7479E-01
  1.4867E+00  4.9993E+00 -2.4199E-03  5.8929E-01  2.0340E-01  1.1765E+00 -1.6830E-01
  1.4898E+00  5.0098E+00 -2.4171E-03  5.8899E-01  1.2596E-01  1.1749E+00 -5.4420E-02
  1.4931E+00  5.0208E+00 -2.4149E-03  5.8902E-01  1.1482E-01  1.1600E+00  2.6413E-02
  1.4962E+00  5.0313E+00 -2.4124E-03  5.8917E-01  1.1415E-01  1.1446E+00  3.0896E-02
  1.4995E+00  5.0422E+00 -2.4084E-03  5.8923E-01  1.1557E-01  1.1373E+00 -3.9001E-02
  1.5026E+00  5.0527E+00 -2.4028E-03  5.8899E-01  1.7857E-01  1.1369E+00 -1.4196E-01
  1.5059E+00  5.0637E+00 -2.3954E-03  5.8840E-01  2.6795E-01  1.1399E+00 -2.4518E-01
  1.5091E+00  5.0742E+00 -2.3874E-03  5.8756E-01  3.3184E-01  1.1457E+00 -3.1373E-01
  1.5123E+00  5.0851E+00 -2.3788E-03  5.8654E-01  3.4600E-01  1.1570E+00 -3.2852E-01
  1.5155E+00  5.0956E+00 -2.3712E-03  5.8560E-01  3.0809E-01  1.1676E+00 -2.8815E-01
  1.5188E+00  5.1066E+00 -2.3644E-03  5.8484E-01  2.2716E-01  1.1784E+00 -1.9903E-01
  1.5219E+00  5.1171E+00 -2.3593E-03  5.8443E-01  1.4190E-01  1.1809E+00 -9.0510E-02
  1.5252E+00  5.1280E+00 -2.3550E-03  5.8435E-01  1.0788E-01  1.1696E+00  3.2034E-03
  1.5283E+00  5.1385E+00 -2.3509E-03  5.8447E-01  1.1096E-01  1.1535E+00  3.2766E-02
  1.5316E+00  5.1495E+00 -2.3456E-03  5.8457E-01  1.0537E-01  1.1434E+00 -1.1480E-02
  1.5348E+00  5.1600E+00 -2.3390E-03  5.8445E-01  1.4509E-01  1.1412E+00 -1.0101E-01
  1.5380E+00  5.1710E+00 -2.3306E-03  5.8399E-01  2.2832E-01  1.1429E+00 -2.0332E-01
  1.5412E+00  5.1815E+00 -2.3214E-03  5.8327E-01  2.9927E-01  1.1470E+00 -2.8070E-01
  1.5445E+00  5.1924E+00 -2.3114E-03  5.8232E-01  3.3157E-01  1.1579E+00 -3.1476E-01
  1.5476E+00  5.2029E+00 -2.3022E-03  5.8140E-01  3.1121E-01  1.1671E+00 -2.9312E-01
  1.5509E+00  5.2139E+00 -2.2935E-03  5.8058E-01  2.4765E-01  1.1781E+00 -2.2428E-01
  1.5540E+00  5.2244E+00 -2.2864E-03  5.8007E-01  1.6491E-01  1.1845E+00 -1.2704E-01
  1.5573E+00  5.2353E+00 -2.2802E-03  5.7987E-01  1.0757E-01  1.1787E+00 -2.6520E-02
  1.5604E+00  5.2458E+00 -2.2747E-03  5.7993E-01  1.0615E-01  1.1635E+00  2.7270E-02
  1.5637E+00  5.2568E+00 -2.2684E-03  5.8006E-01  1.0193E-01  1.1501E+00  1.3040E-02
  1.5669E+00  5.2673E+00 -2.2611E-03  5.8005E-01  1.1565E-01  1.1454E+00 -5.7493E-02
  1.5701E+00  5.2782E+00 -2.2520E-03  5.7974E-01  1.8356E-01  1.1460E+00 -1.5391E-01
  1.5733E+00  5.2887E+00 -2.2422E-03  5.7917E-01  2.5565E-01  1.1494E+00 -2.3533E-01
  1.5766E+00  5.2996E+00 -2.2313E-03  5.7835E-01  3.0285E-01  1.1562E+00 -2.8587E-01
  1.5797E+00  5.3101E+00 -2.2209E-03  5.7747E-01  3.0532E-01  1.1650E+00 -2.8837E-01
  1.5830E+00  5.3211E+00 -2.2106E-03  5.7663E-01  2.6267E-01  1.1759E+00 -2.4257E-01
  1.5861E+00  5.3316E+00 -2.2019E-03  5.7603E-01  1.8992E-01  1.1849E+00 -1.6076E-01
  1.5894E+00  5.3425E+00 -2.1941E-03  5.7571E-01  1.1764E-01  1.1848E+00 -6.0739E-02
  1.5926E+00  5.3530E+00 -2.1873E-03  5.7569E-01  9.9915E-02  1.1725E+00  1.0292E-02
  1.5958E+00  5.3640E+00 -2.1801E-03  5.7580E-01  1.0044E-01  1.1570E+00  2.2940E-02
  1.5990E+00  5.3745E+00 -2.1721E-03  5.7585E-01  1.0063E-01  1.1494E+00 -2.7292E-02
  1.6023E+00  5.3854E+00 -2.1625E-03  5.7566E-01  1.5066E-01  1.1484E+00 -1.1576E-01
  1.6054E+00  5.3959E+00 -2.1521E-03  5.7520E-01  2.2304E-01  1.1505E+00 -2.0121E-01
  1.6087E+00  5.4069E+00 -2.1404E-03  5.7447E-01  2.8274E-01  1.1553E+00 -2.6587E-01
  1.6118E+00  5.4174E+00 -2.1291E-03  5.7363E-01  3.0059E-01  1.1651E+00 -2.8464E-01
  1.6151E+00  5.4283E+00 -2.1177E-03  5.7277E-01  2.7279E-01  1.1749E+00 -2.5497E-01
  1.6182E+00  5.4388E+00 -2.1077E-03  5.7211E-01  2.1094E-01  1.1845E+00 -1.8712E-01
  1.6215E+00  5.4498E+00 -2.0985E-03  5.7169E-01  1.3438E-01  1.1881E+00 -9.2691E-02
  1.6247E+00  5.4603E+00 -2.0905E-03  5.7157E-01  9.7071E-02  1.1792E+00 -1.2427E-02
  1.6279E+00  5.4712E+00 -2.0823E-03  5.7164E-01  9.7162E-02  1.1634E+00  2.1686E-02
  1.6311E+00  5.4817E+00 -2.0737E-03  5.7172E-01  9.3914E-02  1.1533E+00 -7.2452E-03
  1.6344E+00  5.4927E+00 -2.0636E-03  5.7162E-01  1.2468E-01  1.1504E+00 -8.2928E-02
  1.6375E+00  5.5032E+00 -2.0527E-03  5.7126E-01  1.9112E-01  1.1515E+00 -1.6703E-01
  1.6408E+00  5.5141E+00 -2.0406E-03  5.7063E-01  2.5632E-01  1.1549E+00 -2.3895E-01
  1.6439E+00  5.5246E+00 -2.0285E-03  5.6984E-01  2.8874E-01  1.1641E+00 -2.7331E-01
  1.6472E+00  5.5355E+00 -2.0163E-03  5.6900E-01  2.7588E-01  1.1725E+00 -2.5960E-01
  1.6503E+00  5.5460E+00 -2.0052E-03  5.6829E-01  2.2821E-01  1.1821E+00 -2.0807E-01
  1.6536E+00  5.5570E+00 -1.9947E-03  5.6778E-01  1.5590E-01  1.1889E+00 -1.2442E-01
  1.6568E+00  5.5675E+00 -1.9856E-03  5.6756E-01  1.0164E-01  1.1852E+00 -4.0193E-02
  1.6600E+00  5.5784E+00 -1.9766E-03  5.6757E-01  9.3057E-02  1.1710E+00  1.4154E-02
  1.6632E+00  5.5889E+00 -1.9675E-03  5.6766E-01  9.1283E-02  1.1581E+00  1.0034E-02
  1.6665E+00  5.5999E+00 -1.9571E-03  5.6764E-01  1.0187E-01  1.1526E+00 -4.7649E-02
  1.6696E+00  5.6104E+00 -1.9461E-03  5.6741E-01  1.5483E-01  1.1525E+00 -1.2616E-01
  1.6729E+00  5.6213E+00 -1.9337E-03  5.6690E-01  2.2030E-01  1.1553E+00 -2.0124E-01
  1.6760E+00  5.6318E+00 -1.9213E-03  5.6622E-01  2.6302E-01  1.1607E+00 -2.4726E-01
  1.6793E+00  5.6428E+00 -1.9084E-03  5.6542E-01  2.7056E-01  1.1689E+00 -2.5516E-01
  1.6825E+00  5.6533E+00 -1.8964E-03  5.6470E-01  2.4018E-01  1.1781E+00 -2.2256E-01
  1.6857E+00  5.6642E+00 -1.8849E-03  5.6411E-01  1.7810E-01  1.1871E+00 -1.5329E-01
  1.6889E+00  5.6747E+00 -1.8748E-03  5.6379E-01  1.1496E-01  1.1883E+00 -7.0931E-02
  1.6922E+00  5.6856E+00 -1.8649E-03  5.6371E-01  8.9416E-02  1.1774E+00 -2.6310E-03
  1.6953E+00  5.6961E+00 -1.8553E-03  5.6378E-01  8.9377E-02  1.1631E+00  1.5202E-02
  1.6986E+00  5.7071E+00 -1.8446E-03  5.6382E-01  9.0290E-02  1.1547E+00 -2.3399E-02
  1.7017E+00  5.7176E+00 -1.8333E-03  5.6367E-01  1.2824E-01  1.1531E+00 -9.4368E-02
  1.7050E+00  5.7285E+00 -1.8207E-03  5.6327E-01  1.9286E-01  1.1547E+00 -1.7229E-01
  1.7081E+00  5.7390E+00 -1.8079E-03  5.6266E-01  2.4501E-01  1.1584E+00 -2.2918E-01
  1.7114E+00  5.7500E+00 -1.7945E-03  5.6189E-01  2.6671E-01  1.1673E+00 -2.5214E-01
  1.7146E+00  5.7605E+00 -1.7820E-03  5.6115E-01  2.4835E-01  1.1756E+00 -2.3253E-01
  1.7178E+00  5.7714E+00 -1.7696E-03  5.6051E-01  1.9645E-01  1.1850E+00 -1.7584E-01
  1.7210E+00  5.7819E+00 -1.7586E-03  5.6010E-01  1.3218E-01  1.1892E+00 -9.8957E-02
  1.7243E+00  5.7928E+00 -1.7480E-03  5.5994E-01  9.0022E-02  1.1820E+00 -2.3710E-02
  1.7274E+00  5.8033E+00 -1.7378E-03  5.5997E-01  8.6335E-02  1.1679E+00  1.1259E-02
  1.7307E+00  5.8143E+00 -1.7268E-03  5.6002E-01  8.4961E-02  1.1571E+00 -7.8309E-03
  1.7338E+00  5.8248E+00 -1.7154E-03  5.5994E-01  1.0775E-01  1.1538E+00 -6.7312E-02
  1.7371E+00  5.8357E+00 -1.7025E-03  5.5963E-01  1.6603E-01  1.1544E+00 -1.4326E-01
  1.7403E+00  5.8462E+00 -1.6896E-03  5.5910E-01  2.2211E-01  1.1571E+00 -2.0568E-01
  1.7435E+00  5.8572E+00 -1.6758E-03  5.5839E-01  2.5644E-01  1.1665E+00 -2.4222E-01
  1.7467E+00  5.8677E+00 -1.6628E-03  5.5766E-01  2.5016E-01  1.1726E+00 -2.3552E-01
  1.7500E+00  5.8786E+00 -1.6498E-03  5.5698E-01  2.1110E-01  1.1816E+00 -1.9338E-01
  1.7531E+00  5.8891E+00 -1.6381E-03  5.5650E-01  1.5207E-01  1.1883E+00 -1.2619E-01
  1.7564E+00  5.9000E+00 -1.6267E-03  5.5625E-01  9.7617E-02  1.1861E+00 -4.8956E-02
  1.7595E+00  5.9105E+00 -1.6161E-03  5.5621E-01  8.3408E-02  1.1740E+00  1.6670E-03
  1.7628E+00  5.9215E+00 -1.6048E-03  5.5627E-01  8.2420E-02  1.1609E+00  5.0355E-03
  1.7659E+00  5.9320E+00 -1.5933E-03  5.5626E-01  9.0247E-02  1.1550E+00 -3.8428E-02
  1.7692E+00  5.9429E+00 -1.5805E-03  5.5605E-01  1.3553E-01  1.1544E+00 -1.0837E-01
  1.7724E+00  5.9534E+00 -1.5675E-03  5.5563E-01  1.9114E-01  1.1565E+00 -1.7299E-01
  1.7756E+00  5.9643E+00 -1.5537E-03  5.5501E-01  2.3320E-01  1.1612E+00 -2.1856E-01
  1.7788E+00  5.9748E+00 -1.5404E-03  5.5433E-01  2.4397E-01  1.1682E+00 -2.2995E-01
  1.7821E+00  5.9858E+00 -1.5269E-03  5.5363E-01  2.2080E-01  1.1769E+00 -2.0507E-01
  1.7852E+00  5.9963E+00 -1.5146E-03  5.5310E-01  1.7146E-01  1.1853E+00 -1.5049E-01
  1.7885E+00  6.0072E+00 -1.5025E-03  5.5275E-01  1.1209E-01  1.1876E+00 -7.6336E-02
  1.7916E+00  6.0177E+00 -1.4915E-03  5.5264E-01  8.2714E-02  1.1789E+00 -1.5371E-02
  1.7949E+00  6.0287E+00 -1.4799E-03  5.5267E-01  8.0472E-02  1.1648E+00  7.5419E-03
  1.7981E+00  6.0392E+00 -1.4683E-03  5.5269E-01  8.1628E-02  1.1562E+00 -1.9136E-02
  1.8013E+00  6.0501E+00 -1.4555E-03  5.5256E-01  1.1325E-01  1.1540E+00 -8.1138E-02
  1.8045E+00  6.0606E+00 -1.4425E-03  5.5223E-01  1.6718E-01  1.1552E+00 -1.4741E-01
  1.8078E+00  6.0715E+00 -1.4286E-03  5.5168E-01  2.1697E-01  1.1584E+00 -2.0215E-01
  1.8109E+00  6.0820E+00 -1.4151E-03  5.5102E-01  2.3994E-01  1.1659E+00 -2.2654E-01
  1.8142E+00  6.0930E+00 -1.4013E-03  5.5032E-01  2.2753E-01  1.1737E+00 -2.1327E-01
  1.8173E+00  6.1035E+00 -1.3886E-03  5.4973E-01  1.8711E-01  1.1820E+00 -1.6933E-01
  1.8206E+00  6.1144E+00 -1.3760E-03  5.4931E-01  1.2863E-01  1.1870E+00 -1.0096E-01
  1.8237E+00  6.1249E+00 -1.3646E-03  5.4913E-01  8.6707E-02  1.1818E+00 -3.5369E-02
  1.8270E+00  6.1358E+00 -1.3527E-03  5.4911E-01  7.8121E-02  1.1683E+00  2.4028E-03
  1.8302E+00  6.1463E+00 -1.3411E-03  5.4914E-01  7.7587E-02  1.1577E+00 -7.5752E-03
  1.8334E+00  6.1573E+00 -1.3282E-03  5.4907E-01  9.6324E-02  1.1537E+00 -5.8182E-02
  1.8366E+00  6.1678E+00 -1.3153E-03  5.4881E-01  1.4408E-01  1.1539E+00 -1.2205E-01
  1.8399E+00  6.1787E+00 -1.3014E-03  5.4833E-01  1.9677E-01  1.1561E+00 -1.8129E-01
  1.8430E+00  6.1892E+00 -1.2878E-03  5.4773E-01  2.2977E-01  1.1639E+00 -2.1657E-01
  1.8463E+00  6.2001E+00 -1.2739E-03  5.4704E-01  2.2850E-01  1.1698E+00 -2.1518E-01
  1.8494E+00  6.2106E+00 -1.2609E-03  5.4643E-01  1.9898E-01  1.1776E+00 -1.8341E-01
  1.8527E+00  6.2216E+00 -1.2480E-03  5.4594E-01  1.4661E-01  1.1846E+00 -1.2452E-01
  1.8558E+00  6.2321E+00 -1.2362E-03  5.4568E-01  9.6888E-02  1.1839E+00 -5.8629E-02
  1.8591E+00  6.2430E+00 -1.2242E-03  5.4560E-01  7.6649E-02  1.1729E+00 -7.8197E-03
  1.8623E+00  6.2535E+00 -1.2126E-03  5.4563E-01  7.5303E-02  1.1606E+00  1.1288E-03
  1.8655E+00  6.2644E+00 -1.1999E-03  5.4561E-01  8.2011E-02  1.1539E+00 -3.3844E-02
  1.8687E+00  6.2749E+00 -1.1872E-03  5.4544E-01  1.1815E-01  1.1529E+00 -9.1728E-02
  1.8720E+00  6.2859E+00 -1.1734E-03  5.4506E-01  1.6963E-01  1.1547E+00 -1.5246E-01
  1.8751E+00  6.2964E+00 -1.1600E-03  5.4453E-01  2.0796E-01  1.1584E+00 -1.9421E-01
  1.8784E+00  6.3073E+00 -1.1462E-03  5.4388E-01  2.2193E-01  1.1649E+00 -2.0903E-01
  1.8815E+00  6.3178E+00 -1.1331E-03  5.4327E-01  2.0606E-01  1.1725E+00 -1.9200E-01
  1.8848E+00  6.3287E+00 -1.1200E-03  5.4273E-01  1.6349E-01  1.1807E+00 -1.4521E-01
  1.8880E+00  6.3392E+00 -1.1080E-03  5.4239E-01  1.1204E-01  1.1839E+00 -8.3124E-02
  1.8912E+00  6.3502E+00 -1.0959E-03  5.4224E-01  7.8319E-02  1.1767E+00 -2.4190E-02
  1.8944E+00  6.3607E+00 -1.0843E-03  5.4224E-01  7.3543E-02  1.1639E+00  9.2433E-04
  1.8977E+00  6.3716E+00 -1.0719E-03  5.4225E-01  7.4979E-02  1.1546E+00 -1.7939E-02
  1.9008E+00  6.3821E+00 -1.0594E-03  5.4214E-01  9.9451E-02  1.1520E+00 -6.8093E-02
  1.9041E+00  6.3930E+00 -1.0460E-03  5.4184E-01  1.4837E-01  1.1528E+00 -1.2953E-01
  1.9072E+00  6.4035E+00 -1.0329E-03  5.4137E-01  1.9253E-01  1.1554E+00 -1.7843E-01
  1.9105E+00  6.4145E+00 -1.0192E-03  5.4075E-01  2.1780E-01  1.1627E+00 -2.0537E-01
  1.9136E+00  6.4250E+00 -1.0063E-03  5.4013E-01  2.1099E-01  1.1691E+00 -1.9806E-01
  1.9169E+00  6.4359E+00 -9.9333E-04  5.3956E-01  1.7690E-01  1.1772E+00 -1.6113E-01
  1.9201E+00  6.4464E+00 -9.8137E-04  5.3916E-01  1.2766E-01  1.1824E+00 -1.0464E-01
  1.9233E+00  6.4573E+00 -9.6939E-04  5.3894E-01  8.4298E-02  1.1788E+00 -4.2613E-02
  1.9265E+00  6.4678E+00 -9.5802E-04  5.3889E-01  7.2081E-02  1.1670E+00 -5.5670E-03
  1.9298E+00  6.4788E+00 -9.4595E-04  5.3890E-01  7.1597E-02  1.1559E+00 -8.8760E-03
  1.9329E+00  6.4893E+00 -9.3394E-04  5.3884E-01  8.5689E-02  1.1515E+00 -4.8508E-02
  1.9362E+00  6.5002E+00 -9.2104E-04  5.3861E-01  1.2803E-01  1.1513E+00 -1.0690E-01
  1.9393E+00  6.5107E+00 -9.0842E-04  5.3820E-01  1.7401E-01  1.1530E+00 -1.5914E-01
  1.9426E+00  6.5216E+00 -8.9523E-04  5.3764E-01  2.0756E-01  1.1582E+00 -1.9522E-01
  1.9458E+00  6.5321E+00 -8.8281E-04  5.3703E-01  2.1057E-01  1.1653E+00 -1.9834E-01
  1.9490E+00  6.5431E+00 -8.7025E-04  5.3643E-01  1.8654E-01  1.1728E+00 -1.7252E-01
  1.9522E+00  6.5536E+00 -8.5867E-04  5.3598E-01  1.4351E-01  1.1795E+00 -1.2462E-01
  1.9555E+00  6.5645E+00 -8.4712E-04  5.3569E-01  9.5319E-02  1.1800E+00 -6.3565E-02
  1.9586E+00  6.5750E+00 -8.3630E-04  5.3559E-01  7.2267E-02  1.1710E+00 -1.6550E-02
  1.9619E+00  6.5859E+00 -8.2499E-04  5.3559E-01  6.9514E-02  1.1585E+00 -2.5755E-03
  1.9650E+00  6.5964E+00 -8.1384E-04  5.3556E-01  7.4401E-02  1.1516E+00 -2.8013E-02
  1.9683E+00  6.6074E+00 -8.0191E-04  5.3541E-01  1.0536E-01  1.1501E+00 -7.9884E-02
  1.9714E+00  6.6179E+00 -7.9025E-04  5.3509E-01  1.4952E-01  1.1514E+00 -1.3285E-01
  1.9747E+00  6.6288E+00 -7.7811E-04  5.3460E-01  1.8729E-01  1.1547E+00 -1.7427E-01
  1.9779E+00  6.6393E+00 -7.6661E-04  5.3404E-01  2.0266E-01  1.1603E+00 -1.9064E-01
  1.9811E+00  6.6502E+00 -7.5502E-04  5.3344E-01  1.9149E-01  1.1675E+00 -1.7864E-01
  1.9843E+00  6.6607E+00 -7.4436E-04  5.3295E-01  1.5754E-01  1.1750E+00 -1.4152E-01
  1.9876E+00  6.6717E+00 -7.3381E-04  5.3259E-01  1.0971E-01  1.1791E+00 -8.5040E-02
  1.9907E+00  6.6822E+00 -7.2411E-04  5.3243E-01  7.6047E-02  1.1738E+00 -3.2279E-02
  1.9940E+00  6.6931E+00 -7.1417E-04  5.3239E-01  6.8114E-02  1.1615E+00 -3.8435E-03
  1.9971E+00  6.7036E+00 -7.0451E-04  5.3239E-01  6.8973E-02  1.1521E+00 -1.4904E-02
  2.0004E+00  6.7145E+00 -6.9426E-04  5.3229E-01  8.9011E-02  1.1489E+00 -5.8574E-02
  2.0036E+00  6.7250E+00 -6.8432E-04  5.3204E-01  1.2993E-01  1.1493E+00 -1.1138E-01
  2.0068E+00  6.7360E+00 -6.7405E-04  5.3161E-01  1.7230E-01  1.1515E+00 -1.5880E-01
  2.0100E+00  6.7465E+00 -6.6441E-04  5.3107E-01  1.9733E-01  1.1584E+00 -1.8558E-01
  2.0132E+00  6.7574E+00 -6.5487E-04  5.3048E-01  1.9460E-01  1.1639E+00 -1.8263E-01
  2.0164E+00  6.7679E+00 -6.4626E-04  5.2995E-01  1.6811E-01  1.1711E+00 -1.5399E-01
  2.0197E+00  6.7788E+00 -6.3796E-04  5.2954E-01  1.2342E-01  1.1769E+00 -1.0326E-01
  2.0228E+00  6.7893E+00 -6.3060E-04  5.2932E-01  8.3186E-02  1.1749E+00 -4.8831E-02
  2.0261E+00  6.8003E+00 -6.2336E-04  5.2924E-01  6.7345E-02  1.1639E+00 -1.0049E-02
  2.0292E+00  6.8108E+00 -6.1656E-04  5.2924E-01  6.6304E-02  1.1531E+00 -7.6236E-03
  2.0325E+00  6.8217E+00 -6.0953E-04  5.2918E-01  7.7071E-02  1.1480E+00 -4.0690E-02
  2.0357E+00  6.8322E+00 -6.0288E-04  5.2899E-01  1.1125E-01  1.1474E+00 -9.0075E-02
  2.0389E+00  6.8431E+00 -5.9622E-04  5.2862E-01  1.5447E-01  1.1489E+00 -1.4003E-01
  2.0421E+00  6.8536E+00 -5.9024E-04  5.2813E-01  1.8556E-01  1.1521E+00 -1.7372E-01
  2.0454E+00  6.8645E+00 -5.8466E-04  5.2755E-01  1.9238E-01  1.1599E+00 -1.8089E-01
  2.0485E+00  6.8750E+00 -5.8003E-04  5.2702E-01  1.7449E-01  1.1665E+00 -1.6165E-01
  2.0518E+00  6.8860E+00 -5.7606E-04  5.2656E-01  1.3627E-01  1.1733E+00 -1.1928E-01
  2.0549E+00  6.8965E+00 -5.7307E-04  5.2628E-01  9.3736E-02  1.1750E+00 -6.6699E-02
  2.0582E+00  6.9074E+00 -5.7067E-04  5.2615E-01  6.8225E-02  1.1672E+00 -1.9765E-02
  2.0613E+00  6.9179E+00 -5.6883E-04  5.2613E-01  6.4603E-02  1.1556E+00 -2.6830E-03
  2.0646E+00  6.9288E+00 -5.6720E-04  5.2611E-01  6.7601E-02  1.1479E+00 -2.1743E-02
  2.0678E+00  6.9393E+00 -5.6589E-04  5.2598E-01  9.0766E-02  1.1461E+00 -6.4571E-02
  2.0710E+00  6.9503E+00 -5.6489E-04  5.2570E-01  1.3109E-01  1.1471E+00 -1.1457E-01
  2.0742E+00  6.9608E+00 -5.6440E-04  5.2528E-01  1.6520E-01  1.1498E+00 -1.5242E-01
  2.0775E+00  6.9717E+00 -5.6449E-04  5.2475E-01  1.8249E-01  1.1551E+00 -1.7097E-01
  2.0806E+00  6.9822E+00 -5.6527E-04  5.2422E-01  1.7585E-01  1.1614E+00 -1.6378E-01
  2.0839E+00  6.9931E+00 -5.6686E-04  5.2373E-01  1.4666E-01  1.1689E+00 -1.3183E-01
  2.0870E+00  7.0036E+00 -5.6916E-04  5.2340E-01  1.0591E-01  1.1735E+00 -8.4104E-02
  2.0903E+00  7.0146E+00 -5.7226E-04  5.2321E-01  7.2036E-02  1.1696E+00 -3.3000E-02
  2.0935E+00  7.0251E+00 -5.7569E-04  5.2317E-01  6.3456E-02  1.1587E+00 -3.9838E-03
  2.0967E+00  7.0360E+00 -5.7947E-04  5.2316E-01  6.3359E-02  1.1488E+00 -9.2033E-03
  2.0999E+00  7.0465E+00 -5.8316E-04  5.2308E-01  7.6383E-02  1.1452E+00 -4.4071E-02
  2.1032E+00  7.0574E+00 -5.8712E-04  5.2286E-01  1.1205E-01  1.1453E+00 -9.3155E-02
  2.1063E+00  7.0679E+00 -5.9110E-04  5.2250E-01  1.4929E-01  1.1471E+00 -1.3570E-01
  2.1096E+00  7.0788E+00 -5.9551E-04  5.2201E-01  1.7522E-01  1.1526E+00 -1.6375E-01
  2.1127E+00  7.0893E+00 -6.0015E-04  5.2149E-01  1.7611E-01  1.1583E+00 -1.6464E-01
  2.1160E+00  7.1003E+00 -6.0545E-04  5.2098E-01  1.5405E-01  1.1653E+00 -1.4070E-01
  2.1191E+00  7.1108E+00 -6.1104E-04  5.2060E-01  1.1685E-01  1.1711E+00 -9.8472E-02
  2.1224E+00  7.1217E+00 -6.1734E-04  5.2037E-01  7.8279E-02  1.1703E+00 -4.6816E-02
  2.1256E+00  7.1322E+00 -6.2369E-04  5.2029E-01  6.2878E-02  1.1611E+00 -9.6436E-03
  2.1288E+00  7.1431E+00 -6.3032E-04  5.2028E-01  6.1488E-02  1.1500E+00 -2.3377E-03
  2.1320E+00  7.1536E+00 -6.3657E-04  5.2024E-01  6.6943E-02  1.1446E+00 -2.7439E-02
  2.1353E+00  7.1646E+00 -6.4292E-04  5.2008E-01  9.4775E-02  1.1437E+00 -7.2621E-02
  2.1384E+00  7.1751E+00 -6.4894E-04  5.1978E-01  1.3183E-01  1.1449E+00 -1.1696E-01
  2.1417E+00  7.1860E+00 -6.5522E-04  5.1934E-01  1.6274E-01  1.1478E+00 -1.5094E-01
  2.1448E+00  7.1965E+00 -6.6140E-04  5.1884E-01  1.7210E-01  1.1548E+00 -1.6090E-01
  2.1481E+00  7.2074E+00 -6.6812E-04  5.1833E-01  1.5811E-01  1.1610E+00 -1.4577E-01
  2.1513E+00  7.2179E+00 -6.7489E-04  5.1793E-01  1.2704E-01  1.1675E+00 -1.1120E-01
  2.1545E+00  7.2288E+00 -6.8231E-04  5.1764E-01  8.7504E-02  1.1701E+00 -6.2307E-02
  2.1577E+00  7.2393E+00 -6.8971E-04  5.1752E-01  6.3974E-02  1.1641E+00 -1.9220E-02
  2.1610E+00  7.2503E+00 -6.9744E-04  5.1750E-01  6.0343E-02  1.1527E+00  1.3325E-03
  2.1641E+00  7.2608E+00 -7.0470E-04  5.1749E-01  6.0857E-02  1.1450E+00 -1.1117E-02
  2.1674E+00  7.2717E+00 -7.1200E-04  5.1740E-01  7.7372E-02  1.1426E+00 -4.9330E-02
  2.1705E+00  7.2822E+00 -7.1880E-04  5.1717E-01  1.1062E-01  1.1433E+00 -9.3240E-02
  2.1738E+00  7.2931E+00 -7.2578E-04  5.1680E-01  1.4380E-01  1.1457E+00 -1.3090E-01
  2.1769E+00  7.3036E+00 -7.3248E-04  5.1636E-01  1.6140E-01  1.1502E+00 -1.4998E-01
  2.1802E+00  7.3146E+00 -7.3961E-04  5.1586E-01  1.5820E-01  1.1563E+00 -1.4648E-01
  2.1834E+00  7.3251E+00 -7.4670E-04  5.1544E-01  1.3536E-01  1.1630E+00 -1.2134E-01
  2.1866E+00  7.3360E+00 -7.5442E-04  5.1511E-01  9.8376E-02  1.1681E+00 -7.7869E-02
  2.1898E+00  7.3465E+00 -7.6213E-04  5.1494E-01  6.8037E-02  1.1658E+00 -3.2283E-02
  2.1931E+00  7.3574E+00 -7.7028E-04  5.1489E-01  5.9281E-02  1.1556E+00 -1.2109E-03
  2.1962E+00  7.3679E+00 -7.7800E-04  5.1489E-01  5.8705E-02  1.1459E+00 -1.3760E-03
  2.1995E+00  7.3788E+00 -7.8575E-04  5.1485E-01  6.6236E-02  1.1417E+00 -3.1292E-02
  2.2026E+00  7.3893E+00 -7.9294E-04  5.1468E-01  9.3979E-02  1.1415E+00 -7.3738E-02
  2.2059E+00  7.4003E+00 -8.0023E-04  5.1437E-01  1.2920E-01  1.1431E+00 -1.1534E-01
  2.2091E+00  7.4108E+00 -8.0715E-04  5.1396E-01  1.5382E-01  1.1464E+00 -1.4236E-01
  2.2123E+00  7.4217E+00 -8.1446E-04  5.1348E-01  1.5810E-01  1.1531E+00 -1.4690E-01
  2.2155E+00  7.4322E+00 -8.2169E-04  5.1304E-01  1.4151E-01  1.1593E+00 -1.2879E-01
  2.2187E+00  7.4431E+00 -8.2954E-04  5.1268E-01  1.0827E-01  1.1654E+00 -9.0911E-02
  2.2219E+00  7.4536E+00 -8.3741E-04  5.1246E-01  7.4395E-02  1.1658E+00 -4.5676E-02
  2.2252E+00  7.4646E+00 -8.4582E-04  5.1238E-01  5.8716E-02  1.1576E+00 -7.7014E-03
  2.2283E+00  7.4751E+00 -8.5389E-04  5.1238E-01  5.7676E-02  1.1471E+00  2.9524E-03
  2.2316E+00  7.4860E+00 -8.6207E-04  5.1237E-01  5.9734E-02  1.1411E+00 -1.7183E-02
  2.2347E+00  7.4965E+00 -8.6966E-04  5.1225E-01  7.9619E-02  1.1399E+00 -5.5534E-02
  2.2380E+00  7.5074E+00 -8.7734E-04  5.1200E-01  1.1365E-01  1.1408E+00 -9.8325E-02
  2.2412E+00  7.5179E+00 -8.8461E-04  5.1164E-01  1.4204E-01  1.1431E+00 -1.3011E-01
  2.2444E+00  7.5288E+00 -8.9222E-04  5.1118E-01  1.5419E-01  1.1496E+00 -1.4321E-01
  2.2476E+00  7.5393E+00 -8.9973E-04  5.1074E-01  1.4453E-01  1.1551E+00 -1.3269E-01
  2.2509E+00  7.5503E+00 -9.0788E-04  5.1035E-01  1.1733E-01  1.1615E+00 -1.0228E-01
  2.2540E+00  7.5608E+00 -9.1609E-04  5.1009E-01  8.3312E-02  1.1647E+00 -6.0250E-02
  2.2573E+00  7.5717E+00 -9.2500E-04  5.0997E-01  5.9892E-02  1.1599E+00 -1.7742E-02
  2.2604E+00  7.5822E+00 -9.3372E-04  5.0995E-01  5.6760E-02  1.1496E+00  4.0389E-03
  2.2637E+00  7.5931E+00 -9.4272E-04  5.0996E-01  5.6244E-02  1.1413E+00 -3.6836E-03
  2.2668E+00  7.6036E+00 -9.5118E-04  5.0991E-01  6.6028E-02  1.1386E+00 -3.5133E-02
  2.2701E+00  7.6146E+00 -9.5980E-04  5.0972E-01  9.5037E-02  1.1390E+00 -7.6917E-02
  2.2733E+00  7.6251E+00 -9.6802E-04  5.0942E-01  1.2480E-01  1.1409E+00 -1.1162E-01
  2.2765E+00  7.6360E+00 -9.7663E-04  5.0901E-01  1.4376E-01  1.1450E+00 -1.3246E-01
  2.2797E+00  7.6465E+00 -9.8513E-04  5.0859E-01  1.4367E-01  1.1503E+00 -1.3231E-01
  2.2830E+00  7.6574E+00 -9.9438E-04  5.0819E-01  1.2452E-01  1.1568E+00 -1.1112E-01
  2.2861E+00  7.6679E+00 -1.0038E-03  5.0789E-01  9.3407E-02  1.1620E+00 -7.4506E-02
  2.2894E+00  7.6788E+00 -1.0141E-03  5.0772E-01  6.4001E-02  1.1609E+00 -3.0657E-02
  2.2925E+00  7.6893E+00 -1.0245E-03  5.0767E-01  5.5674E-02  1.1521E+00 -3.0602E-04
  2.2958E+00  7.7003E+00 -1.0355E-03  5.0768E-01  5.5239E-02  1.1421E+00  3.7627E-03
  2.2990E+00  7.7108E+00 -1.0461E-03  5.0766E-01  5.8238E-02  1.1376E+00 -1.9677E-02
  2.3022E+00  7.7217E+00 -1.0571E-03  5.0753E-01  8.0699E-02  1.1370E+00 -5.9338E-02
  2.3054E+00  7.7322E+00 -1.0677E-03  5.0728E-01  1.1137E-01  1.1382E+00 -9.7038E-02
  2.3087E+00  7.7431E+00 -1.0790E-03  5.0691E-01  1.3641E-01  1.1411E+00 -1.2498E-01
  2.3118E+00  7.7536E+00 -1.0902E-03  5.0650E-01  1.4315E-01  1.1471E+00 -1.3224E-01
  2.3151E+00  7.7645E+00 -1.1024E-03  5.0608E-01  1.2995E-01  1.1531E+00 -1.1774E-01
  2.3182E+00  7.7750E+00 -1.1149E-03  5.0575E-01  1.0248E-01  1.1588E+00 -8.6367E-02
  2.3215E+00  7.7860E+00 -1.1287E-03  5.0554E-01  7.0289E-02  1.1603E+00 -4.3611E-02
  2.3246E+00  7.7965E+00 -1.1427E-03  5.0545E-01  5.5298E-02  1.1536E+00 -7.9493E-03
  2.3279E+00  7.8074E+00 -1.1578E-03  5.0546E-01  5.4500E-02  1.1431E+00  6.1734E-03
  2.3311E+00  7.8179E+00 -1.1725E-03  5.0545E-01  5.4406E-02  1.1369E+00 -8.2228E-03
  2.3343E+00  7.8288E+00 -1.1881E-03  5.0537E-01  6.8926E-02  1.1353E+00 -4.3310E-02
  2.3375E+00  7.8393E+00 -1.2032E-03  5.0517E-01  9.7606E-02  1.1360E+00 -8.1600E-02
  2.3408E+00  7.8503E+00 -1.2191E-03  5.0484E-01  1.2573E-01  1.1380E+00 -1.1377E-01
  2.3439E+00  7.8608E+00 -1.2348E-03  5.0444E-01  1.3934E-01  1.1439E+00 -1.2857E-01
  2.3472E+00  7.8717E+00 -1.2517E-03  5.0402E-01  1.3264E-01  1.1490E+00 -1.2123E-01
  2.3503E+00  7.8822E+00 -1.2686E-03  5.0367E-01  1.1070E-01  1.1549E+00 -9.6647E-02
  2.3536E+00  7.8931E+00 -1.2870E-03  5.0341E-01  7.9048E-02  1.1588E+00 -5.7670E-02
  2.3568E+00  7.9036E+00 -1.3055E-03  5.0328E-01  5.7085E-02  1.1555E+00 -1.9019E-02
  2.3600E+00  7.9145E+00 -1.3253E-03  5.0326E-01  5.3534E-02  1.1457E+00  5.0828E-03
  2.3632E+00  7.9250E+00 -1.3447E-03  5.0327E-01  5.2876E-02  1.1375E+00  1.8999E-03
  2.3665E+00  7.9360E+00 -1.3649E-03  5.0323E-01  5.8629E-02  1.1343E+00 -2.5863E-02
  2.3696E+00  7.9465E+00 -1.3842E-03  5.0308E-01  8.1822E-02  1.1344E+00 -6.2727E-02
  2.3729E+00  7.9574E+00 -1.4044E-03  5.0281E-01  1.1065E-01  1.1361E+00 -9.7400E-02
  2.3760E+00  7.9679E+00 -1.4238E-03  5.0246E-01  1.2938E-01  1.1395E+00 -1.1822E-01
  2.3793E+00  7.9788E+00 -1.4443E-03  5.0205E-01  1.3196E-01  1.1446E+00 -1.2099E-01
  2.3824E+00  7.9893E+00 -1.4645E-03  5.0169E-01  1.1737E-01  1.1504E+00 -1.0480E-01
  2.3857E+00  8.0002E+00 -1.4860E-03  5.0138E-01  8.9093E-02  1.1559E+00 -7.1620E-02
  2.3889E+00  8.0107E+00 -1.5073E-03  5.0121E-01  6.2219E-02  1.1560E+00 -3.2742E-02
  2.3921E+00  8.0217E+00 -1.5301E-03  5.0115E-01  5.2485E-02  1.1481E+00 -1.2350E-03
  2.3953E+00  8.0322E+00 -1.5521E-03  5.0116E-01  5.2320E-02  1.1387E+00  6.0080E-03
  2.3986E+00  8.0431E+00 -1.5750E-03  5.0114E-01  5.3393E-02  1.1336E+00 -1.3453E-02
  2.4017E+00  8.0536E+00 -1.5968E-03  5.0104E-01  7.0294E-02  1.1329E+00 -4.7780E-02
  2.4050E+00  8.0645E+00 -1.6192E-03  5.0081E-01  9.9246E-02  1.1339E+00 -8.4830E-02
  2.4081E+00  8.0750E+00 -1.6406E-03  5.0049E-01  1.2285E-01  1.1362E+00 -1.1152E-01
  2.4114E+00  8.0860E+00 -1.6628E-03  5.0009E-01  1.3221E-01  1.1418E+00 -1.2170E-01
  2.4146E+00  8.0965E+00 -1.6844E-03  4.9971E-01  1.2289E-01  1.1471E+00 -1.1144E-01
  2.4178E+00  8.1074E+00 -1.7073E-03  4.9938E-01  9.8368E-02  1.1529E+00 -8.3529E-02
  2.4210E+00  8.1179E+00 -1.7298E-03  4.9916E-01  6.9579E-02  1.1551E+00 -4.6270E-02
  2.4242E+00  8.1288E+00 -1.7538E-03  4.9906E-01  5.2686E-02  1.1496E+00 -1.0452E-02
  2.4274E+00  8.1393E+00 -1.7771E-03  4.9905E-01  5.1431E-02  1.1400E+00  5.4339E-03
  2.4307E+00  8.1502E+00 -1.8013E-03  4.9905E-01  5.1021E-02  1.1333E+00 -4.9923E-03
  2.4338E+00  8.1607E+00 -1.8242E-03  4.9898E-01  6.1329E-02  1.1315E+00 -3.4618E-02
  2.4371E+00  8.1717E+00 -1.8476E-03  4.9880E-01  8.7723E-02  1.1320E+00 -7.1687E-02
  2.4402E+00  8.1822E+00 -1.8698E-03  4.9851E-01  1.1364E-01  1.1335E+00 -1.0178E-01
  2.4435E+00  8.1931E+00 -1.8927E-03  4.9813E-01  1.2931E-01  1.1398E+00 -1.1895E-01
  2.4467E+00  8.2036E+00 -1.9148E-03  4.9775E-01  1.2565E-01  1.1433E+00 -1.1494E-01
  2.4499E+00  8.2145E+00 -1.9380E-03  4.9740E-01  1.0657E-01  1.1490E+00 -9.3617E-02
  2.4531E+00  8.2250E+00 -1.9609E-03  4.9714E-01  7.8941E-02  1.1530E+00 -6.0249E-02
  2.4564E+00  8.2359E+00 -1.9852E-03  4.9700E-01  5.5575E-02  1.1509E+00 -2.2466E-02
  2.4595E+00  8.2464E+00 -2.0089E-03  4.9696E-01  5.0420E-02  1.1424E+00  1.7103E-03
  2.4628E+00  8.2574E+00 -2.0336E-03  4.9696E-01  5.0003E-02  1.1339E+00  2.2494E-03
  2.4659E+00  8.2679E+00 -2.0571E-03  4.9693E-01  5.3661E-02  1.1304E+00 -2.0141E-02
  2.4692E+00  8.2788E+00 -2.0810E-03  4.9680E-01  7.4221E-02  1.1303E+00 -5.5164E-02
  2.4723E+00  8.2893E+00 -2.1036E-03  4.9656E-01  1.0027E-01  1.1316E+00 -8.7122E-02
  2.4756E+00  8.3002E+00 -2.1268E-03  4.9622E-01  1.2002E-01  1.1345E+00 -1.0927E-01
  2.4788E+00  8.3107E+00 -2.1489E-03  4.9586E-01  1.2464E-01  1.1390E+00 -1.1428E-01
  2.4820E+00  8.3216E+00 -2.1721E-03  4.9549E-01  1.1281E-01  1.1445E+00 -1.0117E-01
  2.4852E+00  8.3321E+00 -2.1948E-03  4.9520E-01  8.8825E-02  1.1498E+00 -7.3389E-02
  2.4885E+00  8.3431E+00 -2.2190E-03  4.9501E-01  6.1737E-02  1.1508E+00 -3.6211E-02
  2.4916E+00  8.3536E+00 -2.2428E-03  4.9494E-01  5.0037E-02  1.1444E+00 -6.1446E-03
  2.4949E+00  8.3645E+00 -2.2676E-03  4.9493E-01  4.9380E-02  1.1350E+00  4.3507E-03
  2.4980E+00  8.3750E+00 -2.2913E-03  4.9492E-01  4.9926E-02  1.1297E+00 -1.0060E-02
  2.5013E+00  8.3859E+00 -2.3155E-03  4.9482E-01  6.4312E-02  1.1286E+00 -4.1905E-02
  2.5045E+00  8.3964E+00 -2.3382E-03  4.9463E-01  8.9836E-02  1.1294E+00 -7.5463E-02
  2.5077E+00  8.4073E+00 -2.3614E-03  4.9432E-01  1.1378E-01  1.1314E+00 -1.0282E-01
  2.5109E+00  8.4178E+00 -2.3834E-03  4.9397E-01  1.2460E-01  1.1362E+00 -1.1462E-01
  2.5142E+00  8.4288E+00 -2.4063E-03  4.9359E-01  1.1784E-01  1.1412E+00 -1.0718E-01
  2.5173E+00  8.4393E+00 -2.4287E-03  4.9327E-01  9.7525E-02  1.1465E+00 -8.4258E-02
  2.5206E+00  8.4502E+00 -2.4526E-03  4.9304E-01  6.9535E-02  1.1494E+00 -4.9187E-02
  2.5237E+00  8.4607E+00 -2.4761E-03  4.9293E-01  5.1454E-02  1.1453E+00 -1.5980E-02
  2.5270E+00  8.4716E+00 -2.5009E-03  4.9290E-01  4.8518E-02  1.1361E+00  2.4966E-03
  2.5301E+00  8.4821E+00 -2.5246E-03  4.9290E-01  4.8246E-02  1.1294E+00 -3.5801E-03
  2.5334E+00  8.4930E+00 -2.5488E-03  4.9284E-01  5.6704E-02  1.1272E+00 -3.0259E-02
  2.5366E+00  8.5035E+00 -2.5715E-03  4.9268E-01  7.9394E-02  1.1275E+00 -6.3319E-02
  2.5398E+00  8.5145E+00 -2.5946E-03  4.9241E-01  1.0513E-01  1.1288E+00 -9.3602E-02
  2.5430E+00  8.5250E+00 -2.6164E-03  4.9207E-01  1.2123E-01  1.1342E+00 -1.1132E-01
  2.5463E+00  8.5359E+00 -2.6390E-03  4.9169E-01  1.2004E-01  1.1375E+00 -1.1000E-01
  2.5494E+00  8.5464E+00 -2.6610E-03  4.9136E-01  1.0475E-01  1.1426E+00 -9.3006E-02
  2.5527E+00  8.5573E+00 -2.6844E-03  4.9109E-01  7.8704E-02  1.1470E+00 -6.2151E-02
  2.5558E+00  8.5678E+00 -2.7075E-03  4.9094E-01  5.5730E-02  1.1460E+00 -2.8017E-02
  2.5591E+00  8.5787E+00 -2.7320E-03  4.9089E-01  4.7839E-02  1.1382E+00 -2.2225E-03
  2.5623E+00  8.5892E+00 -2.7556E-03  4.9088E-01  4.7418E-02  1.1301E+00  1.5531E-03
  2.5655E+00  8.6002E+00 -2.7799E-03  4.9085E-01  5.0310E-02  1.1262E+00 -1.7495E-02
  2.5687E+00  8.6107E+00 -2.8026E-03  4.9074E-01  6.7337E-02  1.1258E+00 -4.8132E-02
  2.5719E+00  8.6216E+00 -2.8257E-03  4.9052E-01  9.2685E-02  1.1269E+00 -7.9848E-02
  2.5751E+00  8.6321E+00 -2.8473E-03  4.9022E-01  1.1178E-01  1.1293E+00 -1.0138E-01
  2.5784E+00  8.6430E+00 -2.8696E-03  4.8986E-01  1.1841E-01  1.1334E+00 -1.0862E-01
  2.5815E+00  8.6535E+00 -2.8912E-03  4.8952E-01  1.0981E-01  1.1383E+00 -9.9105E-02
  2.5848E+00  8.6645E+00 -2.9140E-03  4.8922E-01  8.7927E-02  1.1436E+00 -7.4046E-02
  2.5879E+00  8.6750E+00 -2.9365E-03  4.8903E-01  6.2819E-02  1.1453E+00 -4.1203E-02
  2.5912E+00  8.6859E+00 -2.9606E-03  4.8893E-01  4.8288E-02  1.1399E+00 -1.0494E-02
  2.5944E+00  8.6964E+00 -2.9840E-03  4.8892E-01  4.6767E-02  1.1313E+00  2.0091E-03
  2.5976E+00  8.7073E+00 -3.0082E-03  4.8890E-01  4.7268E-02  1.1255E+00 -8.8498E-03
  2.6008E+00  8.7178E+00 -3.0309E-03  4.8882E-01  5.8668E-02  1.1243E+00 -3.6003E-02
  2.6041E+00  8.7287E+00 -3.0539E-03  4.8864E-01  8.2878E-02  1.1248E+00 -6.8755E-02
  2.6072E+00  8.7392E+00 -3.0754E-03  4.8837E-01  1.0527E-01  1.1264E+00 -9.4564E-02
  2.6105E+00  8.7502E+00 -3.0973E-03  4.8802E-01  1.1796E-01  1.1311E+00 -1.0846E-01
  2.6136E+00  8.7607E+00 -3.1184E-03  4.8767E-01  1.1391E-01  1.1351E+00 -1.0401E-01
  2.6169E+00  8.7716E+00 -3.1406E-03  4.8735E-01  9.5869E-02  1.1404E+00 -8.3788E-02
  2.6201E+00  8.7821E+00 -3.1626E-03  4.8712E-01  7.0839E-02  1.1436E+00 -5.3313E-02
  2.6233E+00  8.7930E+00 -3.1861E-03  4.8699E-01  5.0692E-02  1.1406E+00 -2.0275E-02
  2.6265E+00  8.8035E+00 -3.2092E-03  4.8696E-01  4.6084E-02  1.1324E+00 -1.0117E-03
  2.6297E+00  8.8144E+00 -3.2333E-03  4.8694E-01  4.5877E-02  1.1253E+00 -3.6396E-03
  2.6329E+00  8.8249E+00 -3.2559E-03  4.8689E-01  5.2292E-02  1.1229E+00 -2.5625E-02
  2.6362E+00  8.8359E+00 -3.2788E-03  4.8675E-01  7.3235E-02  1.1229E+00 -5.7369E-02
  2.6393E+00  8.8464E+00 -3.3001E-03  4.8651E-01  9.6833E-02  1.1240E+00 -8.5481E-02
  2.6426E+00  8.8573E+00 -3.3217E-03  4.8618E-01  1.1410E-01  1.1273E+00 -1.0462E-01
  2.6457E+00  8.8678E+00 -3.3424E-03  4.8584E-01  1.1527E-01  1.1316E+00 -1.0585E-01
  2.6490E+00  8.8787E+00 -3.3640E-03  4.8550E-01  1.0219E-01  1.1365E+00 -9.1375E-02
  2.6522E+00  8.8892E+00 -3.3854E-03  4.8524E-01  7.9598E-02  1.1408E+00 -6.5060E-02
  2.6554E+00  8.9001E+00 -3.4084E-03  4.8507E-01  5.5809E-02  1.1407E+00 -3.1904E-02
  2.6586E+00  8.9106E+00 -3.4310E-03  4.8500E-01  4.5975E-02  1.1342E+00 -6.7525E-03
  2.6619E+00  8.9216E+00 -3.4549E-03  4.8499E-01  4.5095E-02  1.1259E+00  9.0831E-05
  2.6650E+00  8.9321E+00 -3.4775E-03  4.8496E-01  4.7172E-02  1.1219E+00 -1.4514E-02
  2.6683E+00  8.9430E+00 -3.5003E-03  4.8486E-01  6.2300E-02  1.1213E+00 -4.3290E-02
  2.6714E+00  8.9535E+00 -3.5216E-03  4.8466E-01  8.5076E-02  1.1221E+00 -7.2343E-02
  2.6747E+00  8.9644E+00 -3.5430E-03  4.8438E-01  1.0484E-01  1.1241E+00 -9.4798E-02
  2.6778E+00  8.9749E+00 -3.5634E-03  4.8405E-01  1.1270E-01  1.1277E+00 -1.0340E-01
  2.6811E+00  8.9858E+00 -3.5845E-03  4.8371E-01  1.0631E-01  1.1323E+00 -9.6340E-02
  2.6843E+00  8.9963E+00 -3.6053E-03  4.8343E-01  8.7975E-02  1.1372E+00 -7.5553E-02
  2.6875E+00  9.0073E+00 -3.6276E-03  4.8322E-01  6.3243E-02  1.1396E+00 -4.4337E-02
  2.6907E+00  9.0178E+00 -3.6497E-03  4.8311E-01  4.7489E-02  1.1356E+00 -1.5509E-02
  2.6940E+00  9.0287E+00 -3.6732E-03  4.8308E-01  4.4505E-02  1.1271E+00 -4.8627E-04
  2.6971E+00  9.0392E+00 -3.6957E-03  4.8307E-01  4.4838E-02  1.1214E+00 -7.3682E-03
  2.7004E+00  9.0501E+00 -3.7185E-03  4.8300E-01  5.4572E-02  1.1197E+00 -3.2128E-02
  2.7035E+00  9.0606E+00 -3.7397E-03  4.8284E-01  7.5768E-02  1.1201E+00 -6.1633E-02
  2.7068E+00  9.0715E+00 -3.7609E-03  4.8258E-01  9.8294E-02  1.1214E+00 -8.7869E-02
  2.7100E+00  9.0820E+00 -3.7809E-03  4.8227E-01  1.1159E-01  1.1261E+00 -1.0248E-01
  2.7132E+00  9.0930E+00 -3.8016E-03  4.8192E-01  1.0972E-01  1.1293E+00 -1.0042E-01
  2.7164E+00  9.1035E+00 -3.8217E-03  4.8162E-01  9.5041E-02  1.1340E+00 -8.4073E-02
  2.7197E+00  9.1144E+00 -3.8434E-03  4.8137E-01  7.1126E-02  1.1376E+00 -5.5568E-02
  2.7228E+00  9.1249E+00 -3.8649E-03  4.8124E-01  5.0987E-02  1.1358E+00 -2.5294E-02
  2.7261E+00  9.1358E+00 -3.8880E-03  4.8118E-01  4.4118E-02  1.1281E+00 -4.1605E-03
  2.7292E+00  9.1463E+00 -3.9103E-03  4.8117E-01  4.3753E-02  1.1212E+00 -3.5554E-03
  2.7325E+00  9.1572E+00 -3.9330E-03  4.8112E-01  4.9065E-02  1.1184E+00 -2.2790E-02
  2.7356E+00  9.1677E+00 -3.9541E-03  4.8099E-01  6.6887E-02  1.1183E+00 -5.0901E-02
  2.7389E+00  9.1787E+00 -3.9752E-03  4.8077E-01  9.0154E-02  1.1192E+00 -7.9039E-02
  2.7421E+00  9.1892E+00 -3.9949E-03  4.8048E-01  1.0702E-01  1.1211E+00 -9.7835E-02
  2.7453E+00  9.2001E+00 -4.0151E-03  4.8014E-01  1.1048E-01  1.1260E+00 -1.0157E-01
  2.7485E+00  9.2106E+00 -4.0347E-03  4.7982E-01  1.0035E-01  1.1302E+00 -9.0389E-02
  2.7518E+00  9.2215E+00 -4.0557E-03  4.7955E-01  7.9342E-02  1.1346E+00 -6.6236E-02
  2.7549E+00  9.2320E+00 -4.0766E-03  4.7938E-01  5.6925E-02  1.1354E+00 -3.6537E-02
  2.7582E+00  9.2429E+00 -4.0992E-03  4.7929E-01  4.4610E-02  1.1297E+00 -1.0393E-02
  2.7613E+00  9.2534E+00 -4.1212E-03  4.7927E-01  4.3067E-02  1.1220E+00 -1.4097E-03
  2.7646E+00  9.2644E+00 -4.1438E-03  4.7924E-01  4.4753E-02  1.1174E+00 -1.2997E-02
  2.7678E+00  9.2749E+00 -4.1649E-03  4.7915E-01  5.7108E-02  1.1166E+00 -3.7870E-02
  2.7710E+00  9.2858E+00 -4.1860E-03  4.7897E-01  7.9069E-02  1.1173E+00 -6.6540E-02
  2.7742E+00  9.2963E+00 -4.2056E-03  4.7872E-01  9.7882E-02  1.1189E+00 -8.8072E-02
  2.7774E+00  9.3072E+00 -4.2256E-03  4.7840E-01  1.0732E-01  1.1222E+00 -9.8434E-02
  2.7806E+00  9.3177E+00 -4.2447E-03  4.7808E-01  1.0336E-01  1.1262E+00 -9.4062E-02
  2.7839E+00  9.3286E+00 -4.2650E-03  4.7779E-01  8.6927E-02  1.1310E+00 -7.5566E-02
  2.7870E+00  9.3391E+00 -4.2852E-03  4.7758E-01  6.4607E-02  1.1338E+00 -4.8207E-02
  2.7903E+00  9.3500E+00 -4.3071E-03  4.7746E-01  4.6962E-02  1.1307E+00 -1.9230E-02
  2.7934E+00  9.3605E+00 -4.3287E-03  4.7742E-01  4.2636E-02  1.1232E+00 -3.2034E-03
  2.7967E+00  9.3715E+00 -4.3512E-03  4.7740E-01  4.2813E-02  1.1170E+00 -6.9950E-03
  2.7999E+00  9.3820E+00 -4.3723E-03  4.7734E-01  5.0405E-02  1.1151E+00 -2.7679E-02
  2.8031E+00  9.3929E+00 -4.3933E-03  4.7719E-01  7.0279E-02  1.1154E+00 -5.6288E-02
  2.8063E+00  9.4034E+00 -4.4127E-03  4.7697E-01  9.1169E-02  1.1164E+00 -8.0886E-02
  2.8096E+00  9.4143E+00 -4.4323E-03  4.7666E-01  1.0570E-01  1.1199E+00 -9.6938E-02
  2.8127E+00  9.4248E+00 -4.4510E-03  4.7634E-01  1.0596E-01  1.1233E+00 -9.7205E-02
  2.8160E+00  9.4357E+00 -4.4706E-03  4.7603E-01  9.3248E-02  1.1278E+00 -8.3107E-02
  2.8191E+00  9.4462E+00 -4.4902E-03  4.7580E-01  7.2260E-02  1.1315E+00 -5.8535E-02
  2.8224E+00  9.4572E+00 -4.5114E-03  4.7564E-01  5.1138E-02  1.1306E+00 -2.8763E-02
  2.8255E+00  9.4677E+00 -4.5325E-03  4.7558E-01  4.2689E-02  1.1240E+00 -7.6805E-03
  2.8288E+00  9.4786E+00 -4.5547E-03  4.7556E-01  4.1891E-02  1.1168E+00 -4.1753E-03
  2.8320E+00  9.4891E+00 -4.5757E-03  4.7551E-01  4.5858E-02  1.1139E+00 -1.9446E-02
  2.8352E+00  9.5000E+00 -4.5966E-03  4.7540E-01  6.2078E-02  1.1136E+00 -4.6192E-02
  2.8384E+00  9.5105E+00 -4.6159E-03  4.7520E-01  8.3236E-02  1.1143E+00 -7.2185E-02
  2.8417E+00  9.5214E+00 -4.6352E-03  4.7492E-01  1.0084E-01  1.1159E+00 -9.1933E-02
  2.8448E+00  9.5319E+00 -4.6535E-03  4.7461E-01  1.0603E-01  1.1203E+00 -9.7559E-02
  2.8481E+00  9.5429E+00 -4.6725E-03  4.7429E-01  9.7770E-02  1.1243E+00 -8.8468E-02
  2.8512E+00  9.5534E+00 -4.6914E-03  4.7403E-01  7.9831E-02  1.1285E+00 -6.8063E-02
  2.8545E+00  9.5643E+00 -4.7118E-03  4.7384E-01  5.7426E-02  1.1299E+00 -3.9466E-02
  2.8577E+00  9.5748E+00 -4.7323E-03  4.7375E-01  4.3978E-02  1.1255E+00 -1.4536E-02
  2.8609E+00  9.5857E+00 -4.7542E-03  4.7372E-01  4.1300E-02  1.1178E+00 -3.1077E-03
  2.8641E+00  9.5962E+00 -4.7750E-03  4.7369E-01  4.2451E-02  1.1132E+00 -1.1100E-02
  2.8674E+00  9.6071E+00 -4.7959E-03  4.7361E-01  5.3246E-02  1.1121E+00 -3.4103E-02
  2.8705E+00  9.6176E+00 -4.8152E-03  4.7345E-01  7.2762E-02  1.1126E+00 -6.0207E-02
  2.8738E+00  9.6286E+00 -4.8344E-03  4.7320E-01  9.1975E-02  1.1140E+00 -8.2404E-02
  2.8769E+00  9.6391E+00 -4.8523E-03  4.7291E-01  1.0206E-01  1.1167E+00 -9.3510E-02
  2.8802E+00  9.6500E+00 -4.8708E-03  4.7260E-01  9.9977E-02  1.1205E+00 -9.1198E-02
  2.8833E+00  9.6605E+00 -4.8890E-03  4.7232E-01  8.6498E-02  1.1249E+00 -7.6127E-02
  2.8866E+00  9.6714E+00 -4.9086E-03  4.7210E-01  6.5007E-02  1.1281E+00 -5.0342E-02
  2.8898E+00  9.6819E+00 -4.9284E-03  4.7198E-01  4.7286E-02  1.1261E+00 -2.3538E-02
  2.8930E+00  9.6928E+00 -4.9496E-03  4.7192E-01  4.1100E-02  1.1190E+00 -5.6391E-03
  2.8962E+00  9.7033E+00 -4.9701E-03  4.7190E-01  4.0954E-02  1.1129E+00 -6.3922E-03
  2.8995E+00  9.7143E+00 -4.9910E-03  4.7184E-01  4.7323E-02  1.1107E+00 -2.4754E-02
  2.9026E+00  9.7248E+00 -5.0101E-03  4.7172E-01  6.4471E-02  1.1108E+00 -5.0331E-02
  2.9059E+00  9.7357E+00 -5.0290E-03  4.7150E-01  8.5282E-02  1.1117E+00 -7.5176E-02
  2.9090E+00  9.7462E+00 -5.0465E-03  4.7123E-01  9.9684E-02  1.1137E+00 -9.1182E-02
  2.9123E+00  9.7571E+00 -5.0645E-03  4.7091E-01  1.0199E-01  1.1178E+00 -9.3655E-02
  2.9155E+00  9.7676E+00 -5.0819E-03  4.7062E-01  9.1977E-02  1.1219E+00 -8.2601E-02
  2.9187E+00  9.7785E+00 -5.1006E-03  4.7037E-01  7.2266E-02  1.1258E+00 -5.9823E-02
  2.9219E+00  9.7890E+00 -5.1195E-03  4.7022E-01  5.2138E-02  1.1257E+00 -3.2843E-02
  2.9252E+00  9.8000E+00 -5.1400E-03  4.7014E-01  4.1587E-02  1.1198E+00 -1.0503E-02
  2.9283E+00  9.8105E+00 -5.1601E-03  4.7011E-01  4.0233E-02  1.1129E+00 -4.7069E-03
  2.9316E+00  9.8214E+00 -5.1806E-03  4.7007E-01  4.3432E-02  1.1095E+00 -1.7394E-02
  2.9347E+00  9.8319E+00 -5.1994E-03  4.6997E-01  5.6970E-02  1.1091E+00 -4.0820E-02
  2.9380E+00  9.8428E+00 -5.2181E-03  4.6979E-01  7.7612E-02  1.1097E+00 -6.6683E-02
  2.9411E+00  9.8533E+00 -5.2352E-03  4.6954E-01  9.4493E-02  1.1110E+00 -8.5747E-02
  2.9444E+00  9.8642E+00 -5.2524E-03  4.6923E-01  1.0156E-01  1.1150E+00 -9.3440E-02
  2.9476E+00  9.8747E+00 -5.2690E-03  4.6893E-01  9.5576E-02  1.1185E+00 -8.6870E-02
  2.9508E+00  9.8857E+00 -5.2868E-03  4.6867E-01  7.9164E-02  1.1227E+00 -6.8347E-02
  2.9540E+00  9.8962E+00 -5.3047E-03  4.6848E-01  5.8672E-02  1.1246E+00 -4.2956E-02
  2.9573E+00  9.9071E+00 -5.3242E-03  4.6837E-01  4.3484E-02  1.1210E+00 -1.7531E-02
  2.9604E+00  9.9176E+00 -5.3434E-03  4.6833E-01  3.9807E-02  1.1140E+00 -4.8487E-03
  2.9637E+00  9.9285E+00 -5.3634E-03  4.6831E-01  4.0576E-02  1.1089E+00 -1.0119E-02
  2.9668E+00  9.9390E+00 -5.3819E-03  4.6824E-01  4.9146E-02  1.1077E+00 -2.9626E-02
  2.9701E+00  9.9499E+00 -5.4002E-03  4.6809E-01  6.7680E-02  1.1081E+00 -5.5185E-02
  2.9733E+00  9.9604E+00 -5.4167E-03  4.6787E-01  8.5725E-02  1.1092E+00 -7.6253E-02
  2.9765E+00  9.9714E+00 -5.4333E-03  4.6759E-01  9.7022E-02  1.1116E+00 -8.8751E-02
  2.9797E+00  9.9819E+00 -5.4489E-03  4.6730E-01  9.6754E-02  1.1149E+00 -8.8431E-02
  2.9829E+00  9.9928E+00 -5.4654E-03  4.6702E-01  8.4976E-02  1.1192E+00 -7.5314E-02
  2.9861E+00  1.0003E+01 -5.4819E-03  4.6681E-01  6.5983E-02  1.1225E+00 -5.2913E-02
  2.9894E+00  1.0014E+01 -5.5000E-03  4.6667E-01  4.7330E-02  1.1214E+00 -2.6320E-02
  2.9925E+00  1.0025E+01 -5.5181E-03  4.6661E-01  3.9933E-02  1.1152E+00 -8.1875E-03
  2.9958E+00  1.0036E+01 -5.5370E-03  4.6658E-01  3.9329E-02  1.1089E+00 -6.2639E-03
  2.9989E+00  1.0046E+01 -5.5546E-03  4.6653E-01  4.4074E-02  1.1065E+00 -2.1074E-02
  3.0022E+00  1.0057E+01 -5.5719E-03  4.6642E-01  5.9800E-02  1.1064E+00 -4.5619E-02
  3.0054E+00  1.0068E+01 -5.5875E-03  4.6623E-01  7.8870E-02  1.1072E+00 -6.8754E-02
  3.0086E+00  1.0078E+01 -5.6027E-03  4.6597E-01  9.4053E-02  1.1088E+00 -8.5746E-02
  3.0118E+00  1.0089E+01 -5.6168E-03  4.6568E-01  9.7950E-02  1.1125E+00 -8.9970E-02
  3.0151E+00  1.0100E+01 -5.6315E-03  4.6539E-01  8.9638E-02  1.1164E+00 -8.0805E-02
  3.0182E+00  1.0110E+01 -5.6460E-03  4.6515E-01  7.2635E-02  1.1202E+00 -6.1352E-02
  3.0215E+00  1.0121E+01 -5.6620E-03  4.6499E-01  5.2349E-02  1.1209E+00 -3.5076E-02
  3.0246E+00  1.0132E+01 -5.6780E-03  4.6491E-01  4.0909E-02  1.1161E+00 -1.3386E-02
  3.0279E+00  1.0143E+01 -5.6949E-03  4.6487E-01  3.8727E-02  1.1091E+00 -5.1592E-03
  3.0310E+00  1.0153E+01 -5.7107E-03  4.6484E-01  4.0884E-02  1.1056E+00 -1.4498E-02
  3.0343E+00  1.0164E+01 -5.7262E-03  4.6475E-01  5.2778E-02  1.1050E+00 -3.6452E-02
  3.0375E+00  1.0175E+01 -5.7398E-03  4.6459E-01  7.1239E-02  1.1054E+00 -6.0169E-02
  3.0407E+00  1.0186E+01 -5.7527E-03  4.6435E-01  8.8547E-02  1.1066E+00 -7.9917E-02
  3.0439E+00  1.0196E+01 -5.7644E-03  4.6408E-01  9.6707E-02  1.1101E+00 -8.8843E-02
  3.0472E+00  1.0207E+01 -5.7762E-03  4.6379E-01  9.2306E-02  1.1134E+00 -8.4005E-02
  3.0503E+00  1.0218E+01 -5.7877E-03  4.6354E-01  7.8525E-02  1.1172E+00 -6.8530E-02
  3.0536E+00  1.0228E+01 -5.8003E-03  4.6335E-01  5.8576E-02  1.1196E+00 -4.4258E-02
  3.0567E+00  1.0239E+01 -5.8130E-03  4.6324E-01  4.3339E-02  1.1171E+00 -2.0384E-02
  3.0600E+00  1.0250E+01 -5.8265E-03  4.6320E-01  3.8414E-02  1.1104E+00 -5.7562E-03
  3.0632E+00  1.0260E+01 -5.8394E-03  4.6318E-01  3.8642E-02  1.1053E+00 -8.1371E-03
  3.0664E+00  1.0271E+01 -5.8517E-03  4.6312E-01  4.5622E-02  1.1037E+00 -2.5712E-02
  3.0696E+00  1.0282E+01 -5.8624E-03  4.6300E-01  6.1601E-02  1.1040E+00 -4.8752E-02
  3.0729E+00  1.0293E+01 -5.8721E-03  4.6280E-01  7.9683E-02  1.1049E+00 -7.0232E-02
  3.0760E+00  1.0303E+01 -5.8805E-03  4.6255E-01  9.1109E-02  1.1069E+00 -8.2961E-02
  3.0793E+00  1.0314E+01 -5.8886E-03  4.6227E-01  9.2407E-02  1.1101E+00 -8.4361E-02
  3.0824E+00  1.0325E+01 -5.8964E-03  4.6202E-01  8.3038E-02  1.1139E+00 -7.3940E-02
  3.0857E+00  1.0336E+01 -5.9049E-03  4.6180E-01  6.5124E-02  1.1174E+00 -5.2986E-02
  3.0888E+00  1.0346E+01 -5.9138E-03  4.6167E-01  4.7439E-02  1.1172E+00 -2.8646E-02
  3.0921E+00  1.0357E+01 -5.9236E-03  4.6161E-01  3.8683E-02  1.1115E+00 -9.1419E-03
  3.0953E+00  1.0367E+01 -5.9332E-03  4.6159E-01  3.7673E-02  1.1053E+00 -4.9496E-03
  3.0985E+00  1.0378E+01 -5.9425E-03  4.6156E-01  4.1112E-02  1.1025E+00 -1.7465E-02
  3.1017E+00  1.0389E+01 -5.9505E-03  4.6147E-01  5.3974E-02  1.1023E+00 -3.9131E-02
  3.1050E+00  1.0400E+01 -5.9575E-03  4.6130E-01  7.2545E-02  1.1029E+00 -6.2310E-02
  3.1081E+00  1.0410E+01 -5.9632E-03  4.6107E-01  8.7165E-02  1.1042E+00 -7.8853E-02
  3.1114E+00  1.0421E+01 -5.9686E-03  4.6080E-01  9.2714E-02  1.1077E+00 -8.4919E-02
  3.1145E+00  1.0432E+01 -5.9737E-03  4.6054E-01  8.6550E-02  1.1111E+00 -7.8111E-02
  3.1178E+00  1.0443E+01 -5.9794E-03  4.6031E-01  7.0886E-02  1.1149E+00 -6.0245E-02
  3.1210E+00  1.0453E+01 -5.9858E-03  4.6015E-01  5.2325E-02  1.1162E+00 -3.6640E-02
  3.1242E+00  1.0464E+01 -5.9932E-03  4.6007E-01  3.9785E-02  1.1121E+00 -1.4155E-02
  3.1274E+00  1.0475E+01 -6.0009E-03  4.6005E-01  3.7195E-02  1.1056E+00 -4.4053E-03
  3.1307E+00  1.0486E+01 -6.0086E-03  4.6002E-01  3.8466E-02  1.1016E+00 -1.1308E-02
  3.1338E+00  1.0496E+01 -6.0153E-03  4.5996E-01  4.7541E-02  1.1008E+00 -3.0211E-02
  3.1371E+00  1.0507E+01 -6.0211E-03  4.5982E-01  6.4976E-02  1.1012E+00 -5.3633E-02
  3.1402E+00  1.0517E+01 -6.0258E-03  4.5962E-01  8.1236E-02  1.1021E+00 -7.2492E-02
  3.1435E+00  1.0528E+01 -6.0300E-03  4.5936E-01  9.0825E-02  1.1063E+00 -8.3056E-02
  3.1466E+00  1.0539E+01 -6.0339E-03  4.5910E-01  8.8214E-02  1.1082E+00 -8.0186E-02
  3.1499E+00  1.0550E+01 -6.0383E-03  4.5886E-01  7.5886E-02  1.1120E+00 -6.6342E-02
  3.1531E+00  1.0560E+01 -6.0434E-03  4.5868E-01  5.8162E-02  1.1146E+00 -4.4968E-02
  3.1563E+00  1.0571E+01 -6.0496E-03  4.5858E-01  4.2348E-02  1.1129E+00 -2.0972E-02
  3.1595E+00  1.0582E+01 -6.0563E-03  4.5854E-01  3.7018E-02  1.1069E+00 -5.8006E-03
  3.1628E+00  1.0593E+01 -6.0634E-03  4.5852E-01  3.6803E-02  1.1014E+00 -5.7608E-03
  3.1659E+00  1.0603E+01 -6.0698E-03  4.5848E-01  4.1526E-02  1.0997E+00 -2.0239E-02
  3.1692E+00  1.0614E+01 -6.0755E-03  4.5838E-01  5.5921E-02  1.0998E+00 -4.2599E-02
  3.1723E+00  1.0625E+01 -6.0800E-03  4.5821E-01  7.2531E-02  1.1006E+00 -6.2845E-02
  3.1756E+00  1.0635E+01 -6.0839E-03  4.5798E-01  8.4825E-02  1.1024E+00 -7.6701E-02
  3.1788E+00  1.0646E+01 -6.0874E-03  4.5773E-01  8.7454E-02  1.1052E+00 -7.9579E-02
  3.1820E+00  1.0657E+01 -6.0912E-03  4.5748E-01  7.9643E-02  1.1089E+00 -7.0869E-02
  3.1852E+00  1.0667E+01 -6.0955E-03  4.5729E-01  6.4189E-02  1.1124E+00 -5.2864E-02
  3.1884E+00  1.0678E+01 -6.1009E-03  4.5715E-01  4.6526E-02  1.1128E+00 -2.8997E-02
  3.1916E+00  1.0689E+01 -6.1070E-03  4.5709E-01  3.7521E-02  1.1082E+00 -9.8695E-03
  3.1949E+00  1.0700E+01 -6.1139E-03  4.5708E-01  3.6124E-02  1.1018E+00 -3.4241E-03
  3.1980E+00  1.0710E+01 -6.1202E-03  4.5706E-01  3.8092E-02  1.0988E+00 -1.2923E-02
  3.2013E+00  1.0721E+01 -6.1259E-03  4.5698E-01  4.9002E-02  1.0985E+00 -3.3472E-02
  3.2044E+00  1.0732E+01 -6.1305E-03  4.5684E-01  6.5569E-02  1.0990E+00 -5.4956E-02
  3.2077E+00  1.0743E+01 -6.1343E-03  4.5663E-01  8.0669E-02  1.1001E+00 -7.2311E-02
  3.2109E+00  1.0753E+01 -6.1376E-03  4.5639E-01  8.7291E-02  1.1032E+00 -7.9606E-02
  3.2141E+00  1.0764E+01 -6.1410E-03  4.5613E-01  8.2658E-02  1.1065E+00 -7.4470E-02
  3.2173E+00  1.0775E+01 -6.1448E-03  4.5592E-01  6.9453E-02  1.1101E+00 -5.9429E-02
  3.2206E+00  1.0785E+01 -6.1496E-03  4.5576E-01  5.1368E-02  1.1120E+00 -3.6681E-02
  3.2237E+00  1.0796E+01 -6.1553E-03  4.5568E-01  3.8962E-02  1.1089E+00 -1.5313E-02
  3.2270E+00  1.0807E+01 -6.1618E-03  4.5565E-01  3.5771E-02  1.1024E+00 -3.6178E-03
  3.2301E+00  1.0817E+01 -6.1680E-03  4.5564E-01  3.6275E-02  1.0982E+00 -7.8072E-03
  3.2334E+00  1.0828E+01 -6.1739E-03  4.5559E-01  4.3430E-02  1.0972E+00 -2.5216E-02
  3.2365E+00  1.0839E+01 -6.1787E-03  4.5548E-01  5.8471E-02  1.0975E+00 -4.6588E-02
  3.2398E+00  1.0850E+01 -6.1826E-03  4.5529E-01  7.4862E-02  1.0983E+00 -6.6008E-02
  3.2430E+00  1.0860E+01 -6.1858E-03  4.5506E-01  8.5062E-02  1.0992E+00 -7.7392E-02
  3.2462E+00  1.0871E+01 -6.1889E-03  4.5480E-01  8.6572E-02  1.1021E+00 -7.9028E-02
  3.2494E+00  1.0882E+01 -6.1921E-03  4.5457E-01  7.7736E-02  1.1053E+00 -6.9207E-02
  3.2527E+00  1.0893E+01 -6.1962E-03  4.5437E-01  5.9929E-02  1.1087E+00 -4.8307E-02
  3.2558E+00  1.0903E+01 -6.2013E-03  4.5426E-01  4.1415E-02  1.1097E+00 -2.1387E-02
  3.2591E+00  1.0914E+01 -6.2078E-03  4.5424E-01  3.6087E-02  1.1071E+00  7.2371E-03
  3.2622E+00  1.0924E+01 -6.2151E-03  4.5430E-01  4.5800E-02  1.1031E+00  2.9300E-02
  3.2655E+00  1.0935E+01 -6.2235E-03  4.5442E-01  5.6242E-02  1.1000E+00  4.3957E-02
  3.2687E+00  1.0946E+01 -6.2319E-03  4.5457E-01  6.2126E-02  1.0985E+00  5.1312E-02
  3.2719E+00  1.0957E+01 -6.2409E-03  4.5475E-01  6.4861E-02  1.0979E+00  5.4615E-02
  3.2751E+00  1.0967E+01 -6.2495E-03  4.5492E-01  6.5724E-02  1.0976E+00  5.5651E-02
  3.2784E+00  1.0978E+01 -6.2586E-03  4.5510E-01  6.5821E-02  1.0975E+00  5.5776E-02
  3.2815E+00  1.0989E+01 -6.2673E-03  4.5528E-01  6.5647E-02  1.0974E+00  5.5580E-02
  3.2848E+00  1.1000E+01 -6.2763E-03  4.5546E-01  6.5413E-02  1.0973E+00  5.5315E-02
  3.2879E+00  1.1010E+01 -6.2849E-03  4.5563E-01  6.5208E-02  1.0972E+00  5.5082E-02
  3.2912E+00  1.1021E+01 -6.2939E-03  4.5581E-01  6.5018E-02  1.0971E+00  5.4868E-02
  3.2943E+00  1.1032E+01 -6.3026E-03  4.5599E-01  6.4951E-02  1.0970E+00  5.4798E-02
  3.2976E+00  1.1043E+01 -6.3116E-03  4.5617E-01  6.4972E-02  1.0969E+00  5.4833E-02
  3.3008E+00  1.1053E+01 -6.3202E-03  4.5634E-01  6.4992E-02  1.0968E+00  5.4868E-02
  3.3040E+00  1.1064E+01 -6.3292E-03  4.5652E-01  6.5012E-02  1.0967E+00  5.4903E-02
  3.3072E+00  1.1074E+01 -6.3378E-03  4.5669E-01  6.5032E-02  1.0966E+00  5.4937E-02
  3.3105E+00  1.1085E+01 -6.3468E-03  4.5687E-01  6.5053E-02  1.0964E+00  5.4973E-02
  3.3136E+00  1.1096E+01 -6.3554E-03  4.5704E-01  6.5072E-02  1.0963E+00  5.5007E-02
  3.3169E+00  1.1107E+01 -6.3644E-03  4.5722E-01  6.5093E-02  1.0962E+00  5.5043E-02
  3.3200E+00  1.1117E+01 -6.3730E-03  4.5740E-01  6.5113E-02  1.0961E+00  5.5077E-02
  3.3233E+00  1.1128E+01 -6.3820E-03  4.5758E-01  6.5133E-02  1.0960E+00  5.5112E-02
  3.3265E+00  1.1139E+01 -6.3906E-03  4.5775E-01  6.5153E-02  1.0958E+00  5.5146E-02
  3.3297E+00  1.1150E+01 -6.3996E-03  4.5793E-01  6.5174E-02  1.0957E+00  5.5182E-02
  3.3329E+00  1.1160E+01 -6.4082E-03  4.5811E-01  6.5194E-02  1.0956E+00  5.5216E-02
  3.3361E+00  1.1171E+01 -6.4171E-03  4.5829E-01  6.5214E-02  1.0955E+00  5.5251E-02
  3.3393E+00  1.1182E+01 -6.4257E-03  4.5846E-01  6.5234E-02  1.0953E+00  5.5285E-02
  3.3426E+00  1.1192E+01 -6.4347E-03  4.5864E-01  6.5255E-02  1.0952E+00  5.5320E-02
  3.3457E+00  1.1203E+01 -6.4433E-03  4.5882E-01  6.5274E-02  1.0951E+00  5.5354E-02
  3.3490E+00  1.1214E+01 -6.4523E-03  4.5900E-01  6.5295E-02  1.0950E+00  5.5390E-02
  3.3521E+00  1.1224E+01 -6.4609E-03  4.5917E-01  6.5315E-02  1.0949E+00  5.5423E-02
  3.3554E+00  1.1235E+01 -6.4698E-03  4.5935E-01  6.5335E-02  1.0947E+00  5.5459E-02
  3.3586E+00  1.1246E+01 -6.4784E-03  4.5953E-01  6.5355E-02  1.0946E+00  5.5493E-02
  3.3618E+00  1.1257E+01 -6.4874E-03  4.5971E-01  6.5376E-02  1.0945E+00  5.5528E-02
  3.3650E+00  1.1267E+01 -6.4960E-03  4.5989E-01  6.5395E-02  1.0944E+00  5.5561E-02
  3.3715E+00  1.1289E+01 -6.5137E-03  4.6025E-01  6.5436E-02  1.0941E+00  5.5631E-02
