  3.944677522803E-04  4.318914989228E-04  9.809392982046E-01  2.805523812055E+03  2.966087830194E+03  5.155237512160E+06  3.306234173379E+00 -4.882812500000E-04   1   5
  3.678591087364E-05  6.878172385916E-04  1.894526828697E-04  2.296563992034E+02  2.608119857174E+03  2.008894540247E+04  0.000000000000E+00 -4.882812500000E-04   1   3
 -6.458481428297E-04  1.261374652824E-05  1.778323476048E-04 -1.973923383414E+03 -1.399117498636E+01  2.128347134948E+04  0.000000000000E+00 -4.882812500000E-04   1   3
  3.359457167004E-05  6.562810629973E-04  8.434597500273E-05  1.746657080011E+02  1.047494694367E+03  1.923670412038E+03  0.000000000000E+00 -4.882812500000E-04   1   3
 -6.746899136884E-04  1.285326467144E-05  9.828600687734E-05 -1.318306792620E+03 -4.394830647516E+01  6.321199825241E+03  0.000000000000E+00 -4.882812500000E-04   1   3
  4.268809339134E-05  1.061036311445E-03  1.079560790709E-04  1.196472876793E+02  2.803860766429E+02  9.345836773569E+03  0.000000000000E+00 -4.882812500000E-04   1   3
 -1.054695897183E-03  2.567861962363E-05  1.089340304871E-04 -2.416644997129E+02 -5.903704158725E+01  9.529817094559E+03  0.000000000000E+00 -4.882812500000E-04   1   3
  6.946946811717E-05  8.636704608542E-04 -2.921648202915E-04 -5.775812660999E+01 -8.450513940436E+02 -3.007735656506E+04 -7.229924954522E-04 -4.882812500000E-04   1   5
 -3.795411170578E-04  8.016422490892E-04  4.948473466722E-04 -4.331702899077E+02  4.120495660561E+02  3.082964119705E+04  8.351776943436E-04 -4.882812500000E-04   1   5
 -1.396945085217E-04 -5.234410911433E-04 -3.378457842924E-04 -3.696830613381E+02 -1.068201323084E+03 -3.497501651084E+04 -7.386568506664E-04 -4.882812500000E-04   1   5
  1.387194237834E-05  2.137897472560E-04  5.497859269629E-04  2.271143206504E+02  1.446571316953E+03  3.353679784218E+04  7.840516945428E-04 -4.882812500000E-04   1   5
  1.075007235537E-03 -6.118981909169E-04  2.844756864520E-04 -8.294449807719E+02  2.356144131508E+02  2.190877271116E+04  4.386835965819E-04 -4.882812500000E-04   1   5
  1.555870888598E-04  2.403559067656E-04 -6.677130369848E-04  3.082935518453E+02  8.224153955382E+02 -1.015136446291E+05 -1.342905893568E-03 -4.882812500000E-04   1   5
 -2.038348798982E-04  4.677170848460E-04  7.037080260504E-04  6.463708160620E+02 -1.182370684454E+03  5.326923442371E+04  1.169497686640E-03 -4.882812500000E-04   1   5
  1.199536703659E-03 -8.822849967626E-05 -2.895304204443E-04 -1.189605148659E+03 -1.708231994270E+02 -2.562598400619E+04 -9.295448032800E-04 -4.882812500000E-04   1   5
 -2.148542691339E-04 -3.270459191227E-04  7.176498040703E-04  4.858827829778E+02 -3.432355398274E+02  5.508352517147E+04  1.147491535996E-03 -4.882812500000E-04   1   5
  1.114222878101E-03  2.032671793541E-04  2.224158324049E-04 -3.723211601646E+02 -6.185297379088E+01  1.593460654719E+04  2.511235862102E-04 -4.882812500000E-04   1   5
 -8.991914696804E-04  6.643874458904E-04 -2.238301784482E-04  4.278528927915E+02 -8.121322412025E+01 -1.638250095190E+04 -6.697543640262E-04 -4.882812500000E-04   1   5
 -2.582043024958E-04  6.085292292863E-04  5.622441957071E-04 -1.107756235703E+02 -2.726881313174E+01  3.011443192902E+04  9.169776850424E-04 -4.882812500000E-04   1   5
  3.286991194384E-05  3.488127636188E-04  3.157611186365E-04  1.884547024615E+02  1.163771473615E+03  1.450476078094E+04  2.206486214473E-04 -4.882812500000E-04   1   5
  9.787622345495E-05 -5.820558438847E-04 -5.696867876572E-04 -1.985372442607E+02  1.121242030149E+03 -8.562299902694E+04 -1.170612933993E-03 -4.882812500000E-04   1   5
 -1.859516534996E-04 -3.808662787861E-04  4.678378992553E-04  2.557325084411E+02  3.030067290622E+02  2.743051620526E+04  6.350423147023E-04 -4.882812500000E-04   1   5
 -3.076036610085E-04 -2.579489580165E-04  9.470765338553E-04 -1.472163587361E+03 -8.334026279450E+02  1.231761241920E+05  1.532184887323E-03 -4.882812500000E-04   1   5
 -1.017542749853E-03  7.565173230640E-04  3.244109589503E-04  1.608919664265E+03 -9.573158209388E+02  2.042785637103E+04  4.368691401946E-04 -4.882812500000E-04   1   5
  1.575421310562E-04 -5.836984607595E-04  7.623637055061E-04 -3.154971064418E+02 -5.999680483716E+01  5.531876263620E+04  1.323552304933E-03 -4.882812500000E-04   1   5
 -7.815332263307E-05  5.022424973117E-04  9.040087790146E-04  7.953430344616E+02 -2.610850349918E+03  1.000453128744E+05  1.579748629421E-03 -4.882812500000E-04   1   5
  7.260164074706E-04  3.506780834738E-05 -1.003584186132E-04 -4.090232405395E+02  9.922876621140E+01 -4.501997055739E+03 -2.647972979197E-04 -4.882812500000E-04   1   5
  2.062478627223E-05 -1.014657260459E-03 -2.249915339193E-04  1.813503592474E+02  4.747350201365E+02 -1.773183837442E+04 -6.203532659050E-04 -4.882812500000E-04   1   5
 -5.124520175325E-05 -9.297096106079E-04  1.024275830734E-04 -1.817134524747E+02 -3.703823909401E+02  7.576065978708E+03  3.384618687940E-05 -4.882812500000E-04   1   5
 -4.260653355170E-06  6.544538928072E-04 -6.786611312409E-04  3.327334229093E+02 -9.928651224615E+02 -9.964017250804E+04 -1.469212677859E-03 -4.882812500000E-04   1   5
 -7.145702838133E-04  1.006076175386E-03 -1.185508430351E-04 -4.472746013744E+01  3.939702488054E+01 -8.414625703448E+03 -5.033161333161E-04 -4.882812500000E-04   1   5
  5.030617850444E-04 -3.067179242294E-04 -6.170840366297E-04 -1.030622994590E+03  3.878871860262E+02 -9.890948258418E+04 -1.202850951135E-03 -4.882812500000E-04   1   5
  2.715493530099E-04  1.340918834438E-03 -1.175976687859E-04 -2.308715797301E+02 -2.046423103064E+03 -6.216447812418E+03 -7.637021066196E-04 -4.882812500000E-04   1   5
  6.791932681351E-04  1.024346834166E-03 -2.421598721984E-04 -1.118705624021E+03 -1.704155761057E+03 -1.600511428890E+04 -7.981472420155E-04 -4.882812500000E-04   1   5
 -6.227693504007E-04 -6.171766727863E-04 -4.968395719079E-04  1.617222991009E+03  1.340063284991E+03 -5.772668719320E+04 -1.197281851387E-03 -4.882812500000E-04   1   5
  9.877019625461E-04 -5.078767078610E-04  3.360785049115E-04 -1.958433555518E+02  2.783758280510E+02  2.074159394665E+04  4.140732453646E-04 -4.882812500000E-04   1   5
  6.684007126642E-04  8.261195193425E-04  3.276264766516E-04  2.482923117733E+01 -3.936056210333E+02  2.030650099544E+04  4.089194767505E-04 -4.882812500000E-04   1   5
 -1.191587418358E-03 -3.213254972244E-04 -2.065738993411E-04  3.130260518174E+02 -1.308263606434E+02 -1.334003104799E+04 -6.706796529037E-04 -4.882812500000E-04   1   5
  6.239433734202E-04  9.954031635466E-04  3.709619306503E-04 -3.057644538656E+02 -2.518250243096E+02  2.132041976276E+04  6.583394543913E-04 -4.882812500000E-04   1   5
  4.436168904276E-04  6.772535699979E-04 -4.379944639279E-04  2.565389007446E+02  9.150080605407E+00 -5.488767664595E+04 -8.943491139073E-04 -4.882812500000E-04   1   5
  1.294558133988E-04  1.005812709404E-03  6.259147563105E-04  1.273945094845E+02 -1.092888124086E+03  4.121701764090E+04  1.146809635661E-03 -4.882812500000E-04   1   5
  3.820229906750E-04 -3.563533464097E-05  2.893841814848E-04  1.288679570559E+03  5.418219694119E+01  1.152415233775E+04  2.051298825907E-04 -4.882812500000E-04   1   5
 -3.004731737052E-05  5.319190661848E-04  5.379247879002E-04 -2.423560992621E+02  1.602300363772E+03  3.230193662409E+04  8.496951267110E-04 -4.882812500000E-04   1   5
 -2.308822426803E-04 -9.497701278347E-04  4.498086312086E-04  6.511121025941E+01 -7.285455082705E+02  2.766902334682E+04  6.858710905591E-04 -4.882812500000E-04   1   5
 -2.159214497809E-04  1.235057952975E-03  3.038830827758E-04  1.565619915580E+02 -2.720136882003E+01  2.069722221362E+04  4.837899838366E-04 -4.882812500000E-04   1   5
  1.077245279004E-03 -7.457722988233E-04 -9.394652653760E-05 -1.759225001255E+03  1.415093969352E+03 -3.464831560150E+03 -4.512527814078E-04 -4.882812500000E-04   1   5
  7.948313742164E-05 -3.773018275572E-04 -7.806918866373E-04  5.803034721346E+02 -1.696362456666E+02 -1.390781889429E+05 -1.498919434714E-03 -4.882812500000E-04   1   5
  1.992354384824E-04  5.795509397242E-04  2.790249393200E-04  3.066216693539E+02  8.905735034032E+02  1.362108078525E+04  3.182971333655E-04 -4.882812500000E-04   1   5
 -7.286568899850E-04 -3.133633463902E-04  7.260230066795E-04  1.302250483117E+02  1.337253472936E+02  5.210629448629E+04  1.293686687387E-03 -4.882812500000E-04   1   5
  4.179321848914E-05 -6.833958003646E-04  1.889865725745E-04  7.732320063635E+01  3.938652772540E+01  1.887816811414E+04  1.306658899836E-04 -4.882812500000E-04   1   5
 -1.405041199916E-04 -4.762075169543E-04  5.754147422754E-05 -2.251232729980E+02 -1.131421120592E+03 -8.455936780944E+03 -1.498879084596E-04 -4.882812500000E-04   1   5
 -1.063558789813E-04  1.236784785398E-03  4.148492033780E-04  2.565430880828E+02 -1.733414243413E+03  2.513828017378E+04  6.507087985939E-04 -4.882812500000E-04   1   5
  4.629564989418E-05 -1.814422444161E-04  5.101099203236E-04 -9.593105396619E+00 -2.547844140663E+02  2.521900806811E+04  7.455262368850E-04 -4.882812500000E-04   1   5
  1.071060079542E-03 -4.413017376045E-04 -1.859173057855E-04 -1.928551148288E+03  5.453254124770E+02 -1.234998007948E+04 -7.267973742007E-04 -4.882812500000E-04   1   5
  5.419343809035E-04  8.687896604327E-04 -3.283347499180E-04 -9.271019240387E+02 -1.573362954173E+03 -3.217650800649E+04 -9.643784122066E-04 -4.882812500000E-04   1   5
  2.517534244261E-04  5.871060316829E-04  6.026853173070E-04  6.256467006156E+02  1.511631395164E+03  3.717390270675E+04  9.393572078982E-04 -4.882812500000E-04   1   5
  1.174799640554E-03 -3.932021433139E-04  1.188525817303E-04  5.507659113162E+02 -6.910360577634E+00  1.184602882307E+04 -6.537597551226E-05 -4.882812500000E-04   1   5
 -1.034097016339E-03  1.997749743817E-05  1.474920289630E-04 -6.198006753829E+01  3.537159123370E-01  1.599419417990E+04  5.820506472487E-05 -4.882812500000E-04   1   5
 -1.223152193482E-05  1.010735739338E-03 -5.030486375129E-04  2.098467570977E+02 -1.609092135146E+03 -5.865795003431E+04 -1.316651201991E-03 -4.882812500000E-04   1   5
 -3.049168783747E-04 -6.174805031360E-04 -4.052308712512E-04 -4.774365805620E+01 -2.390597124854E+02 -4.916754934870E+04 -9.000991778239E-04 -4.882812500000E-04   1   5
  6.502709515353E-04 -9.526283159404E-05 -4.054088629113E-05  1.302735227749E+03 -4.867953892976E+02 -1.969546295238E+03 -1.627043842700E-04 -4.882812500000E-04   1   5
  8.615008150356E-04 -4.152579235225E-04  2.241753163325E-04 -6.810873894023E+02  1.790983243243E+02  1.391886352563E+04  2.793962915644E-04 -4.882812500000E-04   1   5
  6.429320295853E-04  8.070567917415E-05 -1.478858341141E-04  6.124431323167E+02  3.345058012020E+02 -1.270431146395E+04 -2.932991713074E-04 -4.882812500000E-04   1   5
  2.422618520194E-04 -1.016981583357E-03  2.066779099049E-04 -2.063856046306E+02  6.440363135158E+02  1.563734600233E+04  2.047804786427E-04 -4.882812500000E-04   1   5
  6.949660778569E-04 -5.229267649686E-04  7.599561196092E-04  3.836375347611E+01 -2.685859770515E+02  5.758903421215E+04  1.322638396357E-03 -4.882812500000E-04   1   5
 -4.343585791948E-04  6.723524489985E-04  1.332111434982E-04  3.444880416555E+02  1.077303965557E+01  1.412973263810E+04  9.761936451769E-05 -4.882812500000E-04   1   5
  5.340569884632E-04  1.798875030942E-04 -7.326300190159E-04  9.379619325006E+02  1.069474084221E+02 -1.205507628965E+05 -1.424684684836E-03 -4.882812500000E-04   1   5
 -6.973261903792E-04  9.925228094404E-05  3.372711583364E-04 -2.485102902069E+03  9.753707327938E+01  1.682769446623E+04  4.532651860250E-04 -4.882812500000E-04   1   5
  4.602104456761E-04 -8.392417547177E-04 -3.982123451834E-04  1.815371261852E+02  3.694634084076E+02 -4.549674171298E+04 -9.359531142090E-04 -4.882812500000E-04   1   5
 -2.536015813773E-04 -1.366655435049E-04 -6.043877786338E-04  1.453759595011E+03  3.293212567561E+02 -9.870114580902E+04 -1.054239735311E-03 -4.882812500000E-04   1   5
 -9.777255822448E-04 -5.193017744428E-04 -1.104727237764E-04  2.716583965476E+02  3.183014907943E+02 -7.473684330948E+03 -4.937016869828E-04 -4.882812500000E-04   1   5
  3.687566204030E-04 -3.505388452394E-04 -4.141116874026E-04  7.613312968134E+02 -4.198289429545E+02 -5.165385026897E+04 -8.239451628738E-04 -4.882812500000E-04   1   5
 -7.912639221507E-04  2.077804215694E-04  1.128106613791E-04 -1.501632647264E+03  9.824819857148E+01  1.063743268531E+04  4.174610174790E-05 -4.882812500000E-04   1   5
  1.773513150851E-04  1.327146563183E-03 -2.542565061041E-04  5.578399338789E+01 -2.229964806335E+03 -1.718759845648E+04 -9.812074007307E-04 -4.882812500000E-04   1   5
 -4.738569470958E-04 -3.791191180284E-04  6.333579830761E-04 -1.564078113973E+03 -1.457025839384E+03  4.394487943754E+04  9.377167154674E-04 -4.882812500000E-04   1   5
  6.758178795656E-04 -8.035644868955E-04  5.131378234733E-04 -7.572478499189E+02  5.721223617893E+02  3.077314010112E+04  9.490741068667E-04 -4.882812500000E-04   1   5
 -4.542095802676E-04  2.059235113520E-04  1.254465074555E-04 -3.715549624499E+02  8.188985507104E+01  1.039391699889E+04 -3.257881045826E-05 -4.882812500000E-04   1   5
  4.485352210899E-04 -4.547116075162E-04  8.877853337855E-04 -7.326742753638E+01  5.162949828582E+01  1.000626838578E+05  1.489635311903E-03 -4.882812500000E-04   1   5
  3.666186792702E-04 -3.681372466495E-04 -8.115533301378E-06  3.918181101225E+02 -3.851307929320E+02  2.949279493414E+03 -3.159315717838E-04 -4.882812500000E-04   1   5
  9.871664180239E-05  1.450293651133E-04  9.988852183362E-04  9.794338867284E+01 -1.155909703701E+03  1.490580844245E+05  1.570814120103E-03 -4.882812500000E-04   1   5
 -8.590979739144E-05 -2.885589890327E-05  8.555769083401E-04 -2.074500771888E+03 -5.454777284729E+02  9.524692648036E+04  1.377852100298E-03 -4.882812500000E-04   1   5
  2.441293783229E-04 -9.561422879346E-04 -3.399861880951E-04 -7.133139511761E+01  1.234000843958E+03 -3.401894647510E+04 -9.493611561342E-04 -4.882812500000E-04   1   5
  2.270430718409E-04 -7.034505960531E-04  2.399351796000E-04 -3.792747258030E+01  2.288058347230E+01  1.046483647707E+04  3.633050216489E-04 -4.882812500000E-04   1   5
  1.653965507139E-04 -3.007331890638E-04 -2.507854731486E-04  3.691752434745E+02 -6.970329765956E+02 -2.893957151140E+04 -6.993940289450E-04 -4.882812500000E-04   1   5
  6.519802874513E-04 -7.592807365415E-05  8.635024002890E-04  4.610532053045E+02 -9.092576476680E+01  9.302463401423E+04  1.456508203334E-03 -4.882812500000E-04   1   5
 -1.222292672767E-04 -7.344014616069E-04 -1.230104156283E-04 -4.286674631211E+02 -1.846346669254E+03 -9.042023643199E+03 -2.401309714992E-04 -4.882812500000E-04   1   5
 -3.164654628511E-04  7.500443920170E-04  6.346024421755E-04  1.827423297926E+01  8.506141540400E+01  4.384844625106E+04  1.070646702276E-03 -4.882812500000E-04   1   5
  8.609436814029E-04  2.873237815224E-04 -5.670784171873E-04 -7.066806523461E+02 -2.230050408047E+01 -8.171720149704E+04 -1.236970986256E-03 -4.882812500000E-04   1   5
 -1.339585715820E-04 -2.259752181658E-04 -6.293761196436E-04  1.352035401052E+02  2.220997124043E+02 -1.019214426742E+05 -1.196324415810E-03 -4.882812500000E-04   1   5
  1.409736461739E-04  8.312211759160E-05  6.675672978171E-04  9.326205036882E+02  5.509700534001E+02  5.011730225072E+04  1.047290667548E-03 -4.882812500000E-04   1   5
 -1.099563603630E-03 -6.033079197858E-04  9.245479045950E-05  1.263189713086E+03  8.037992666022E+02  8.538470112300E+03 -6.610732955581E-05 -4.882812500000E-04   1   5
 -1.298936392359E-03 -2.267206083864E-04  6.068867008846E-05  2.007306738273E+03  4.116335335568E+02  4.992931467503E+03 -1.726103531787E-04 -4.882812500000E-04   1   5
  1.106429684371E-03  5.236858955074E-04  2.415445730691E-04 -3.319213938812E+02 -1.230253155428E+02  1.929929419868E+04  2.384793660610E-04 -4.882812500000E-04   1   5
 -2.118089305040E-04  7.967750626628E-04 -5.035686971774E-04  4.013663882529E+02 -1.725084354461E+03 -5.879610395350E+04 -1.197031580854E-03 -4.882812500000E-04   1   5
 -2.108645726030E-04 -5.293663493226E-04 -2.051585151893E-04 -1.272965525065E+02 -3.375194527585E+02 -2.776232224375E+04 -5.415630586043E-04 -4.882812500000E-04   1   5
  8.315155286302E-04 -5.289404875190E-04  2.996690359205E-04 -3.214621094817E+02  2.090436903835E+02  1.937903072369E+04  3.242868957036E-04 -4.882812500000E-04   1   5
 -4.707144332108E-04  3.833848650636E-04  9.188645422640E-04 -1.593689475274E+02  9.036866570446E+01  1.099554793066E+05  1.511007289395E-03 -4.882812500000E-04   1   5
  9.880789989894E-04 -1.577662476852E-04  4.443462722461E-04  1.049256594932E+02  4.612776619208E+01  2.872972979505E+04  6.752549865077E-04 -4.882812500000E-04   1   5
 -2.316226662835E-04  9.576533340327E-04 -1.474053433188E-04  2.294601612423E+02  2.164663608532E+02 -1.114543225748E+04 -4.271261954507E-04 -4.882812500000E-04   1   5
  1.930763369315E-04  2.302869180136E-04  5.034835631419E-04  9.641522079912E+02  6.846895579233E+02  2.504725562496E+04  6.955462083553E-04 -4.882812500000E-04   1   5
 -1.711559718313E-04  3.485529323695E-05  8.755967299290E-05 -4.487504018455E+02  1.929801278844E+02  3.552800129252E+02  3.194343764257E-05 -4.882812500000E-04   1   5
  6.111698398004E-04  9.423516607643E-04  5.188011707973E-04 -3.146030891486E+02 -1.261679633738E+03  2.987094139528E+04  9.724216604021E-04 -4.882812500000E-04   1   5
  2.047814597073E-04 -1.303193773289E-04 -6.761902324959E-04 -4.566389006099E+02  3.262733088479E+02 -1.025443993439E+05 -1.277917332585E-03 -4.882812500000E-04   1   5
 -8.647659428916E-04  8.665803248889E-04  9.832156758138E-05 -1.156385698207E+02  3.239719954190E+02  8.613226195575E+03 -9.673355927742E-05 -4.882812500000E-04   1   5
  2.849235129698E-04 -2.295482830802E-04  7.703633171189E-04  1.975093567664E+03 -1.607867868462E+03  5.402781948741E+04  1.234287308476E-03 -4.882812500000E-04   1   5
  3.322652951865E-04 -5.661380571045E-04  6.943079187323E-04 -2.111302042544E+02  1.155431745135E+03  5.185109274091E+04  1.239502174092E-03 -4.882812500000E-04   1   5
 -1.174145717659E-04 -4.240700808991E-04  2.399946216586E-04 -2.613223182152E+02 -8.591024089922E+02  8.764139899007E+03  1.792381569921E-04 -4.882812500000E-04   1   5
  5.426273096476E-04  9.665323364461E-04 -3.753853881368E-04 -8.915352822047E+02 -1.495039091246E+03 -3.944733084892E+04 -1.016658333787E-03 -4.882812500000E-04   1   5
 -2.381174089926E-04  2.196372016181E-04 -3.522692234670E-05 -2.045962561951E+02  9.064298954460E+01 -1.758848685896E+03 -4.354119912957E-04 -4.882812500000E-04   1   5
  3.070519803166E-04 -7.957981404655E-04  7.600613883433E-04  5.139896006961E+02  2.260385828509E+01  5.752401699469E+04  1.348997427304E-03 -4.882812500000E-04   1   5
  4.263099576361E-04  8.750755926405E-05 -5.902452696271E-04 -9.531620029240E+02 -2.197309712428E+02 -9.506618107188E+04 -1.216572201578E-03 -4.882812500000E-04   1   5
 -1.983134181233E-05  7.076213596884E-04 -4.233034874733E-04  9.957191447127E+01  1.978613611403E+03 -5.207729029727E+04 -1.004971513966E-03 -4.882812500000E-04   1   5
 -6.464227673918E-04 -1.099865247577E-03 -2.094783007485E-04  1.623669302589E+03  1.964192775864E+03 -1.102269655151E+04 -8.366904529078E-04 -4.882812500000E-04   1   5
  2.535268533411E-04  1.531313864478E-04  3.762647313251E-04  8.477095643001E+02  2.821666027629E+02  2.320190697720E+04  4.378511345711E-04 -4.882812500000E-04   1   5
 -4.222068703910E-04 -7.660172227721E-04  5.974858975069E-04 -2.356098183025E+02 -1.005899804259E+02  3.624870048836E+04  1.083022856675E-03 -4.882812500000E-04   1   5
 -1.193884848355E-03 -2.137328185248E-05 -2.272446251227E-04  2.509029884531E+03  1.885945226397E+02 -1.372546204193E+04 -8.328128649655E-04 -4.882812500000E-04   1   5
 -4.363511033306E-04  1.202569276808E-03  5.341712720064E-05  6.398833340543E+02 -2.105000846897E+03  4.174273156191E+03 -2.357595700935E-04 -4.882812500000E-04   1   5
  2.688724689630E-04 -3.849450393948E-04  3.796336939177E-05 -1.568917804246E+02 -2.512745542288E+01 -4.676337804338E+03 -4.914071957174E-05 -4.882812500000E-04   1   5
 -7.202311162085E-05  1.951155763990E-04 -4.258239770359E-04 -4.039180223608E+01  6.804431844773E+02 -4.541813217667E+04 -7.266434842896E-04 -4.882812500000E-04   1   5
  5.641410344472E-04 -3.859385543510E-04 -5.229757351267E-04  2.011799096091E+02 -4.843875696777E+02 -6.572513550053E+04 -1.110299738126E-03 -4.882812500000E-04   1   5
 -2.594945064729E-04 -1.781161145057E-04  8.546662158990E-04  9.650611059640E+02  2.923069596728E+02  9.093624876589E+04  1.439424273012E-03 -4.882812500000E-04   1   5
  1.097609374777E-03  5.988791023839E-04 -1.722208174967E-04 -1.335896300916E+03 -5.312783435025E+02 -1.134060063096E+04 -6.404510909390E-04 -4.882812500000E-04   1   5
 -7.123881051823E-04 -4.604534829199E-04  5.855317653018E-04  3.169148824944E+02 -3.041612745578E+02  3.418712890641E+04  1.049363482261E-03 -4.882812500000E-04   1   5
 -6.652083690850E-04 -5.991133692030E-04  5.555148721733E-04 -4.805158769635E+02 -5.421555381577E+02  3.218771781880E+04  9.328344022839E-04 -4.882812500000E-04   1   5
 -4.771739554672E-04 -9.990188926038E-04 -3.279776858101E-05 -3.073096598105E+02 -7.128958630930E+02  2.860008011991E+03 -3.576719087426E-04 -4.882812500000E-04   1   5
  9.989317980886E-05 -7.450358062296E-05  9.345400513262E-04  2.605939613765E+02 -3.439991810389E+02  1.181395380161E+05  1.488864187514E-03 -4.882812500000E-04   1   5
 -5.360572283017E-04 -7.862312978808E-05  3.870591629679E-04 -2.302499422662E+03 -4.726098575773E+02  2.516974101056E+04  5.209777144355E-04 -4.882812500000E-04   1   5
  2.513884014653E-06  7.901834619569E-05 -6.223343665896E-04 -6.264607796748E+02  2.794839455913E+03 -1.009869014695E+05 -1.291050430385E-03 -4.882812500000E-04   1   5
  3.989127023297E-04 -1.071146612181E-03  2.894083434346E-05 -5.328846203521E+02  1.102052420897E+03  2.718031114530E+03 -2.029885096406E-04 -4.882812500000E-04   1   5
  3.825493431391E-05 -1.066134419659E-03  6.229066005781E-05  1.778849160106E+02  5.107583225327E+02  3.005486051729E+02 -1.372550109107E-04 -4.882812500000E-04   1   5
  1.272111662691E-04 -5.242380059397E-04  1.225179249855E-04  5.298381835337E+02 -9.019750253304E+02  1.053948958686E+04  4.667893287102E-05 -4.882812500000E-04   1   5
  7.061682212051E-05  9.758540623097E-04 -2.247998169460E-04  3.214394496428E+02 -9.485819961209E+02 -1.808644415087E+04 -6.282391973067E-04 -4.882812500000E-04   1   5
 -1.508667136578E-04  1.006356725991E-03  5.291838247834E-04  1.453407970106E+02  8.690429081642E+02  3.160483391409E+04  9.020199260221E-04 -4.882812500000E-04   1   5
 -4.413724226314E-04  5.335779171868E-04  4.344368879141E-04 -3.488824710489E+02  4.162679059267E+02  2.447986464110E+04  5.865309628734E-04 -4.882812500000E-04   1   5
 -5.434432194802E-04  3.767945549046E-04  3.374764116891E-04 -8.057506864852E+02  2.718973003242E+02  1.602929245016E+04  5.282354011542E-04 -4.882812500000E-04   1   5
 -6.748130637661E-04  1.084528202451E-03 -1.007377560174E-04  1.153951308617E+03 -1.617367913481E+03 -4.809078707376E+03 -5.066094161243E-04 -4.882812500000E-04   1   5
 -3.440793123193E-04 -9.231746211837E-04  1.412195255653E-04  2.267398771691E+02 -4.154163268183E+02  1.508711328017E+04  1.015116170429E-04 -4.882812500000E-04   1   5
 -5.934720600071E-05  3.456712489018E-04  9.521898378412E-04  4.620668544368E+01  2.574564003617E+03  1.272115450654E+05  1.525675633878E-03 -4.882812500000E-04   1   5
  7.406596337548E-05 -5.565065145752E-04 -2.245785845135E-04 -3.517787956539E+02  1.108750093626E+03 -2.744876220897E+04 -4.813106742159E-04 -4.882812500000E-04   1   5
 -9.761098614454E-05  4.613411083081E-04  5.229238165076E-04  1.727979789871E+02  1.084408982501E+03  2.995976170154E+04  8.425429004042E-04 -4.882812500000E-04   1   5
  6.188862057911E-04  1.999890292652E-04  5.479413712803E-04  5.373014090770E+02  3.267553020752E+02  3.361361289590E+04  8.095453573249E-04 -4.882812500000E-04   1   5
  1.447041080963E-04 -8.428725835118E-04  3.053692425741E-04  4.726598236937E+00 -7.067359681048E+02  1.798398889394E+04  4.459690351597E-04 -4.882812500000E-04   1   5
 -3.267435023500E-04  2.222991103500E-04 -3.340186079303E-04 -9.015732260811E+02  6.737431693037E+02 -3.701597808994E+04 -8.295320251563E-04 -4.882812500000E-04   1   5
 -1.170587722953E-03 -2.283187254045E-04  1.760787263894E-04  1.316301174874E+03  3.897039949551E+02  1.636365165523E+04  2.071596607243E-04 -4.882812500000E-04   1   5
  9.163440696699E-05  3.981444418249E-04  3.047778952660E-04  5.152041501555E+02  1.135380945766E+03  1.040510079096E+04  4.359811165999E-04 -4.882812500000E-04   1   5
  4.064337343086E-04 -5.174572685036E-05  8.700277843006E-04 -2.265153207915E+02  1.728549337693E+02  9.416294520587E+04  1.474154356402E-03 -4.882812500000E-04   1   5
 -7.247544585889E-04  3.618903610211E-04  4.273751454482E-04 -6.869267603292E+02  3.936213876579E+02  2.351891966835E+04  5.751496399222E-04 -4.882812500000E-04   1   5
 -3.669137644031E-04  2.439499709236E-04 -6.481553756454E-04  5.699168418930E+02 -1.830506998548E+02 -1.035785039039E+05 -1.247275302642E-03 -4.882812500000E-04   1   5
 -8.196528283750E-04 -2.779389892829E-04  5.734940176948E-04  2.153635353925E+02 -4.301056405864E+02  3.242071768726E+04  9.882606562526E-04 -4.882812500000E-04   1   5
  1.727758997111E-04 -1.111071036386E-03 -4.642410567975E-04 -2.943224505803E+02  2.323043390289E+03 -5.207553058773E+04 -1.221581791027E-03 -4.882812500000E-04   1   5
 -3.422048500624E-04  1.181350876645E-03 -2.592591060181E-04  4.237550410845E+02 -8.993620371747E+02 -1.960803729267E+04 -8.904113266386E-04 -4.882812500000E-04   1   5
  2.224628251305E-04 -1.447554233103E-04 -2.273632312437E-04  2.443148635739E+02 -2.463725489490E+02 -3.102299010659E+04 -6.230342534073E-04 -4.882812500000E-04   1   5
  1.134174530158E-03  4.840580318881E-04  3.011765688490E-04  4.384214276804E+02 -1.463792725402E+02  2.096685812974E+04  3.434487493945E-04 -4.882812500000E-04   1   5
 -2.124272311124E-04  6.688070065262E-04  3.228852874027E-05  2.804424162430E+02  8.226275964733E+01 -2.322194665108E+03 -8.504082287253E-06 -4.882812500000E-04   1   5
  2.855747094528E-04 -7.316310735761E-04  3.494017389405E-04  8.285365078089E+02 -1.168584149295E+03  1.853523687599E+04  4.936408467331E-04 -4.882812500000E-04   1   5
  9.036679809152E-04 -5.541418467039E-04  5.236648794421E-04  1.297573093646E+02 -2.622877877623E+02  3.140850245454E+04  8.981635223146E-04 -4.882812500000E-04   1   5
  2.099462163937E-04 -2.436092792841E-04  2.064632221864E-04  8.267654755014E+01  3.267692381905E+02  1.299136969786E+04  5.137328797211E-05 -4.882812500000E-04   1   5
  7.946991454061E-04 -1.834920025473E-04 -3.213029118503E-04  8.295420675766E+02  5.157298688280E+00 -3.244085500979E+04 -7.463101448648E-04 -4.882812500000E-04   1   5
 -6.495177859432E-05  3.811200932932E-04  7.329622548000E-04 -2.760261118065E+02  1.395638372103E+03  5.061957883764E+04  1.130873211787E-03 -4.882812500000E-04   1   5
  4.608958903648E-04  7.189465580854E-04 -6.002063329840E-04  1.400187764577E+02 -2.880995995572E+02 -9.271215016275E+04 -1.279396725793E-03 -4.882812500000E-04   1   5
 -4.893173518661E-04 -1.030620894590E-04  7.463037924846E-04  1.693556833682E+03 -3.865746200093E+02  5.038095552515E+04  1.324692082377E-03 -4.882812500000E-04   1   5
 -9.170606755735E-04  1.054238721284E-04  4.136839795954E-05 -4.753982790238E+02 -3.663828693165E+01 -2.285890194930E+03 -1.333610770660E-05 -4.882812500000E-04   1   5
 -1.110136317436E-03 -1.735055013994E-04  3.113753877694E-04  2.122372575001E+02 -2.619616610900E+02  2.065205117355E+04  4.002439529449E-04 -4.882812500000E-04   1   5
 -8.389529190184E-04 -8.131308865248E-04  7.714452820606E-05  4.459923083791E+02  1.056695194988E+02  4.498380891895E+03 -1.162479335592E-04 -4.882812500000E-04   1   5
  8.806681118550E-04 -2.996203902259E-04  4.313296542570E-04  6.223314577519E+02 -7.558776078919E+01  2.482168420616E+04  7.246038133437E-04 -4.882812500000E-04   1   5
 -4.125220265024E-04 -6.238345032201E-04 -5.565621479583E-04  2.900461877237E+02  6.173455577852E+02 -7.829882825255E+04 -1.255719065369E-03 -4.882812500000E-04   1   5
 -2.255584491778E-04  7.430992492359E-04 -1.795557207794E-04 -2.294330668970E+02  1.372041379383E+03 -1.920246052567E+04 -4.566670537045E-04 -4.882812500000E-04   1   5
 -6.299678970129E-04  1.028315326490E-03 -1.359479636047E-04  8.005994005658E+02 -8.518413008118E+02 -1.001123547022E+04 -5.415795717538E-04 -4.882812500000E-04   1   5
 -3.806550929658E-04  2.173244488453E-04  6.270677060098E-04 -1.231410320737E+03  6.409014327087E+02  3.990287176230E+04  8.949324433782E-04 -4.882812500000E-04   1   5
  1.235996829478E-03 -3.798773482580E-05  3.525247061452E-04 -1.504395636743E+03  6.304780687907E+01  2.005544445323E+04  6.627743226071E-04 -4.882812500000E-04   1   5
 -8.488179009280E-04 -6.786690751894E-04 -3.449563047164E-04  1.051741509800E+03  9.890062550099E+02 -3.470570473031E+04 -9.873888736585E-04 -4.882812500000E-04   1   5
 -8.835093238881E-04  6.372597309676E-04  4.143208638065E-04  3.301600209336E+02  8.769268055255E+01  2.615225146264E+04  6.428763086839E-04 -4.882812500000E-04   1   5
 -6.381318874714E-04  6.554371156840E-04  7.712109538204E-04  6.042522977717E+02 -5.480504169910E+02  5.989045971829E+04  1.378759242503E-03 -4.882812500000E-04   1   5
  1.746353842059E-04  5.032462537631E-04  7.975653777109E-04 -3.566957712814E+02 -3.396988273183E+02  6.685957216370E+04  1.364427839529E-03 -4.882812500000E-04   1   5
  2.490364154251E-05 -3.453611167500E-04 -5.419244139460E-05 -3.380135491885E+01 -6.600235774539E+02 -4.914057486202E+03 -4.595953247550E-04 -4.882812500000E-04   1   5
 -4.676920816724E-04  4.853632418809E-04 -6.046670712407E-04  3.236590394819E+02 -4.702192892466E+02 -9.599106061574E+04 -1.158781845227E-03 -4.882812500000E-04   1   5
 -5.018442860839E-04  1.066211870909E-03 -3.750385012901E-04  1.191980109341E+03 -2.279951400940E+03 -3.661848089235E+04 -1.371476343956E-03 -4.882812500000E-04   1   5
  1.244346021795E-04 -8.027324626612E-04  6.270448806706E-04  3.548315670823E+02  4.305260879321E+01  4.190724311888E+04  1.107821665547E-03 -4.882812500000E-04   1   5
  3.244028500492E-05  1.033431522181E-03 -4.624081233691E-04  4.710908563211E+01 -2.941846751175E+03 -5.177812455886E+04 -1.530983110023E-03 -4.882812500000E-04   1   5
 -8.468941949823E-04 -5.025649197917E-04 -4.132002155642E-04  5.828905589914E+02 -1.621152351846E+02 -4.810573099796E+04 -1.065535376448E-03 -4.882812500000E-04   1   5
  5.733794116478E-04  5.168886162110E-04 -2.143064053912E-04  6.368682958695E+01 -3.537379440726E+02 -2.318263662884E+04 -5.661269481343E-04 -4.882812500000E-04   1   5
  4.586682833375E-04 -3.135945268678E-04  7.314521011257E-04 -5.579640681445E+02  3.299397100399E+02  4.954059411900E+04  1.249062954744E-03 -4.882812500000E-04   1   5
 -3.096347663416E-04  4.128137268227E-04 -1.392179701106E-04 -2.219301919972E+01  5.315306389028E+02 -1.231290748964E+04 -4.559373194475E-04 -4.882812500000E-04   1   5
  9.790813562663E-04  1.844456553993E-04  6.028830217680E-04 -1.337434212370E+03 -2.561330414682E+02  3.739024159549E+04  1.171060482023E-03 -4.882812500000E-04   1   5
  6.188885688163E-04 -9.235302300855E-04  4.955275608201E-04 -3.862294785645E+02  5.762277869683E+02  3.174478559826E+04  9.116844517476E-04 -4.882812500000E-04   1   5
 -7.095384047912E-04  7.793349706669E-04  1.827870160054E-04  1.283487971729E+03 -1.333452059036E+03  1.667845074388E+04  1.445688884916E-04 -4.882812500000E-04   1   5
  1.369919327893E-04 -3.743210611065E-04  9.113121678244E-04 -2.462712950759E+02  7.706177930166E+02  1.059755361723E+05  1.511443634285E-03 -4.882812500000E-04   1   5
  2.012070743774E-04  6.166284191211E-04 -6.782571179745E-04  3.914589894186E+02 -5.834636171116E+02 -1.034983745251E+05 -1.341142800080E-03 -4.882812500000E-04   1   5
 -9.961760660473E-04  1.509662303412E-04  4.806860949108E-04  3.665255017774E+02 -3.093793132406E+02  3.000005773374E+04  8.404732134260E-04 -4.882812500000E-04   1   5
  8.209690566170E-04  5.552126701163E-04 -4.621409620212E-04 -2.148148108674E+03 -1.442218013018E+03 -5.327663778625E+04 -1.217201635022E-03 -4.882812500000E-04   1   5
  4.231916150040E-04 -3.586212065786E-04  9.501259264164E-04  2.069196017249E+02 -1.060367215756E+02  1.174406437095E+05  1.643169379870E-03 -4.882812500000E-04   1   5
  4.198600247103E-04 -5.442568531658E-04  8.667042853368E-04  2.334954316637E+02  5.052308023989E+02  9.340686002591E+04  1.476498608088E-03 -4.882812500000E-04   1   5
  1.722842188195E-04  7.150124383447E-04  6.071682689878E-04  8.157025008727E+01  6.328558256967E+02  3.868263068098E+04  9.091312476550E-04 -4.882812500000E-04   1   5
  2.645398643480E-04  5.285701968398E-04 -2.779719341062E-05  7.438886891572E+02  1.020711096354E+03  3.703664857736E+02 -4.022408405637E-04 -4.882812500000E-04   1   5
 -4.810654175443E-04  6.199484117758E-04  8.182098485676E-04 -3.818299613092E+02  3.396905543347E+01  7.547769038571E+04  1.387985120694E-03 -4.882812500000E-04   1   5
  1.129734408191E-03  2.473105622058E-04  3.131732437955E-05 -1.344885970904E+03 -3.705651093410E+02  2.746280663861E+03 -2.004963098190E-04 -4.882812500000E-04   1   5
 -6.234984491761E-04 -8.606950985243E-04  3.808240661679E-04 -5.108161603916E+02 -6.130024011416E+02  2.161300164992E+04  6.284837641122E-04 -4.882812500000E-04   1   5
 -1.055865628936E-03 -9.905459084424E-05 -3.115910865548E-06 -4.023745837684E+02 -2.800016412732E+02  3.402705021310E+03 -2.006292335834E-04 -4.882812500000E-04   1   5
 -8.148903533591E-04 -9.046435165855E-05 -2.287413502501E-04  5.557123219328E+02  2.424917002598E+02 -2.316938022291E+04 -5.211817887321E-04 -4.882812500000E-04   1   5
 -9.407879112397E-05 -5.976023795816E-05 -9.678496395460E-05  7.753763655499E+02  7.250180011481E+02 -5.856820010879E+03 -3.936833326961E-04 -4.882812500000E-04   1   5
 -2.848796077264E-04  3.666003560865E-04  7.301366102290E-04 -9.829665748248E+01  4.453740113003E+02  4.865535883205E+04  1.262384771446E-03 -4.882812500000E-04   1   5
  3.390432734425E-04  1.007176564772E-03 -3.886112685717E-04 -2.879050108507E+02 -1.366835829887E+03 -4.264473350689E+04 -1.078752226324E-03 -4.882812500000E-04   1   5
 -9.569488464479E-04 -8.384462147464E-04  2.316150176620E-04  8.103824387243E+02  2.797133454507E+02  2.006111260305E+04  3.084447779576E-04 -4.882812500000E-04   1   5
  4.520855377659E-04  1.036282362302E-03  1.100227940175E-04  3.498190510016E+02  2.600503748223E+02  1.015999716071E+04 -4.584264683105E-05 -4.882812500000E-04   1   5
 -1.432971244569E-04  1.008963174875E-03  2.676887479609E-04  1.305573718735E+02  8.009808949676E+02  1.766074733508E+04  3.433151863930E-04 -4.882812500000E-04   1   5
  5.740352663281E-04 -1.937539061678E-04 -1.685857663019E-04  1.335902294867E+03 -2.329763345150E+02 -2.110680322069E+04 -4.533136493285E-04 -4.882812500000E-04   1   5
 -9.016112996954E-04  1.873421038821E-04 -3.253076120653E-04  1.390852256551E+03 -2.166749519304E+02 -3.244032301098E+04 -8.331002575406E-04 -4.882812500000E-04   1   5
 -7.448306093956E-04 -1.075264894628E-03 -6.624240240971E-05  9.416819113174E+02  1.018053561617E+03  1.300703716546E+03 -4.110195824008E-04 -4.882812500000E-04   1   5
  5.562271652700E-04  5.213051352063E-05  9.700393215351E-04  1.594849409988E+03  7.790718700549E+01  1.279907812098E+05  1.552723106331E-03 -4.882812500000E-04   1   5
  1.277462991222E-04  2.153572489283E-04 -4.333349887229E-04 -1.354443039369E+02 -7.684038052625E+02 -5.155781869251E+04 -8.601351870143E-04 -4.882812500000E-04   1   5
  4.242017774846E-04  4.670910053249E-04  1.342225780576E-05  1.281609897581E+03  1.156827502963E+03  2.764581365381E+03 -5.538046854303E-05 -4.882812500000E-04   1   5
 -4.781037117288E-05 -7.637745881160E-04  3.240922908740E-04 -1.975817052514E+02 -7.777468594020E+02  1.770508721232E+04  5.227730775865E-04 -4.882812500000E-04   1   5
  6.198178048513E-04  5.444295591969E-04  5.363893225614E-04 -2.245067539768E+02 -7.551730694974E+02  3.125467048075E+04  8.570039930884E-04 -4.882812500000E-04   1   5
 -9.376294387057E-04 -2.400759617282E-04  5.738386604093E-05 -1.432097148143E+02 -1.151284022936E+02 -2.344293957277E+03  2.116647748807E-05 -4.882812500000E-04   1   5
 -8.314804043273E-04  5.195618706995E-04 -5.200493184280E-04  1.356406653736E+03 -8.099802418952E+02 -6.248142423983E+04 -1.332926840793E-03 -4.882812500000E-04   1   5
  1.041051396481E-03  6.636452348270E-04 -3.125530003634E-04 -8.077437527293E+02 -9.106520056184E+02 -2.886089779317E+04 -9.379889793339E-04 -4.882812500000E-04   1   5
 -8.693664624054E-04  2.422758153318E-04 -4.725280094334E-04  3.041120955345E+02 -7.527199827535E+01 -5.761072098507E+04 -1.102659601356E-03 -4.882812500000E-04   1   5
  9.377278068242E-04 -4.911879016442E-05 -1.320533040564E-04  6.787802609978E+02 -1.146829283816E+02 -9.074716171519E+03 -3.941227331627E-04 -4.882812500000E-04   1   5
 -3.190686521137E-04 -8.694199803541E-04 -7.781276518670E-05  2.032021782175E+02  1.057901388368E+03 -2.212879614889E+03 -3.773936576952E-04 -4.882812500000E-04   1   5
  4.842073398186E-04  1.934926792399E-04  6.212486181099E-04  1.479103039133E+03  5.881731396762E+02  3.985929343070E+04  9.246437141712E-04 -4.882812500000E-04   1   5
  5.775869587916E-05 -7.112749942943E-04  6.209177710137E-04 -2.711359024205E+02  2.409809804246E+02  4.109253042766E+04  9.983729287719E-04 -4.882812500000E-04   1   5
  5.427799148079E-04 -2.511848928474E-04  6.752283426269E-04  1.471932871292E+03 -4.879976496826E+02  5.309738331019E+04  1.073792321010E-03 -4.882812500000E-04   1   5
 -7.237737724414E-04 -2.442869783219E-04  8.264058736051E-04 -1.109811722094E+03 -3.434602987088E+02  7.943624468395E+04  1.404682809236E-03 -4.882812500000E-04   1   5
 -1.171985840275E-03  7.007288761521E-05  6.892677333603E-05  1.431290513179E+03 -6.130139432390E+01  4.470392532215E+03 -6.384122017122E-05 -4.882812500000E-04   1   5
  4.487024794010E-04  1.021985991431E-03  4.593584567543E-04 -5.070319080045E+02 -2.267681283400E+03  2.969256213203E+04  7.900553768412E-04 -4.882812500000E-04   1   5
 -4.307685027235E-04 -4.828869481248E-04  3.846359384856E-04 -1.734487657661E+03 -2.357859580920E+03  2.311438654809E+04  4.910962945286E-04 -4.882812500000E-04   1   5
  2.609534772976E-04 -6.494723915958E-04 -6.102555682876E-04 -2.912950465155E+01  3.486304433988E+02 -9.699758683279E+04 -1.174679944992E-03 -4.882812500000E-04   1   5
  6.151465594230E-04  5.299151178996E-04  3.753876505778E-04 -6.585795438490E+02 -4.130919432767E+02  2.063659668079E+04  5.856279316596E-04 -4.882812500000E-04   1   5
 -2.897655698854E-04  2.426037900937E-05 -3.969631776085E-04  1.558560274836E+03 -4.752781468588E+02 -4.852052569629E+04 -8.927942020067E-04 -4.882812500000E-04   1   5
  7.047814823272E-04  6.154121002100E-04 -5.456181623043E-05 -2.175435546141E+02 -2.650039805368E+02 -1.245280500045E+02 -2.916922790450E-04 -4.882812500000E-04   1   5
  3.932919233209E-04 -2.974995596757E-04  7.989122328991E-04 -1.129939670589E+02  7.797703767629E+02  6.682177014415E+04  1.364365634624E-03 -4.882812500000E-04   1   5
  8.893491825467E-04 -2.324788248672E-04 -1.157402847418E-05 -1.551531812589E+02 -1.859544332918E+02  2.436436855793E+03 -2.471093939262E-04 -4.882812500000E-04   1   5
  8.185743214953E-04 -8.778165040236E-05  7.224247526058E-04  5.934280839842E+02 -6.754893179734E+01  5.258135439365E+04  1.285199713564E-03 -4.882812500000E-04   1   5
 -4.536156567377E-05 -7.109881495139E-04  8.521419516270E-04  3.611954424737E+02  8.338919894209E+02  8.673491926635E+04  1.468120045484E-03 -4.882812500000E-04   1   5
  6.302027085516E-04 -5.198245289562E-05 -2.636378449565E-04 -1.024663236683E+03  3.713020846285E+02 -2.716219505149E+04 -6.353637391969E-04 -4.882812500000E-04   1   5
 -1.056256065459E-03 -2.852143020174E-04  4.528027387215E-04  7.592273559409E+02 -2.483469227273E+02  2.933294517381E+04  8.060768702549E-04 -4.882812500000E-04   1   5
  3.963813055482E-05  9.610002330908E-04  1.594603120819E-04  2.875267202217E+02 -2.844920467579E+02  1.780583851405E+04  1.331440829873E-04 -4.882812500000E-04   1   5
 -1.071328253914E-03 -5.455994031111E-04  3.767278127923E-04  1.593319702978E+03  6.767094768599E+02  2.103611031951E+04  6.717595469805E-04 -4.882812500000E-04   1   5
  9.976511046624E-04  3.922234145582E-04 -1.038689360209E-04 -4.184672475714E+02 -5.895091375309E+01 -6.519167432336E+03 -4.188614973315E-04 -4.882812500000E-04   1   5
  2.911917885965E-04 -7.535986345841E-04 -5.725119476020E-04  1.609709941382E+02  1.143098908002E+01 -8.555860026923E+04 -1.214549462345E-03 -4.882812500000E-04   1   5
  6.288167780498E-04  2.846117034335E-04 -3.020311540605E-04  2.184129046161E+02  8.640841889265E+00 -2.883525528871E+04 -6.801935545191E-04 -4.882812500000E-04   1   5
  3.210255636990E-04 -2.229029232109E-04  1.308934612998E-04 -4.125144568478E+02  4.781885760369E+02  1.144837716064E+04 -1.410821674597E-05 -4.882812500000E-04   1   5
 -6.154135433120E-04  6.133913964556E-04  6.350950525900E-04  2.098359121991E+02  8.091380597263E+01  4.266310745609E+04  1.150779802823E-03 -4.882812500000E-04   1   5
  2.616739764371E-04 -9.474855654617E-05  5.406873390663E-04  7.547635819668E+02 -7.685376586137E+02  3.415085522086E+04  7.433557800409E-04 -4.882812500000E-04   1   5
  4.845640271367E-05 -3.263669143718E-04  7.942752529581E-04  7.739320215647E+01 -1.261718327465E+03  6.521938364920E+04  1.307202395297E-03 -4.882812500000E-04   1   5
  2.282901677896E-04 -9.146481481503E-04  6.439384888387E-04  4.194350791003E+02  1.552263759414E+02  4.440245144280E+04  1.209721811077E-03 -4.882812500000E-04   1   5
  3.048468394086E-04  6.515447835846E-04 -5.170232880349E-04 -1.069248636662E+02 -1.200568500711E+03 -6.239866916603E+04 -1.081396530795E-03 -4.882812500000E-04   1   5
 -7.084466696801E-04  1.415248762413E-04  2.729839554623E-04 -6.620899718922E+02  2.294423450437E+02  1.293013356542E+04  3.768156426838E-04 -4.882812500000E-04   1   5
 -6.081977640643E-04 -5.608553791342E-05 -5.939506030375E-04  1.235620801607E+03 -1.379164506349E+01 -9.343245634616E+04 -1.147130756975E-03 -4.882812500000E-04   1   5
 -1.779370302809E-05  3.446933740422E-04  6.418281450671E-04  1.240510019835E+02  8.052096570201E+02  4.373637133639E+04  9.569121435051E-04 -4.882812500000E-04   1   5
 -5.547931375151E-04 -1.514317988132E-04 -4.226573787763E-04 -1.460192982245E+03 -5.381923199206E+02 -5.259764436674E+04 -8.347168898100E-04 -4.882812500000E-04   1   5
  2.957283063364E-05 -5.263010506086E-04  7.328488538682E-04 -1.510967523544E+02 -1.139502567640E+02  4.893638900991E+04  1.322053350648E-03 -4.882812500000E-04   1   5
 -1.223580585860E-03 -1.200862681711E-05 -1.192043378817E-05  8.399886813905E+02 -2.813306630215E+02  4.267888163436E+03 -3.495433117764E-04 -4.882812500000E-04   1   5
  5.010532284383E-04  2.728460377216E-05  6.572129617838E-04 -1.712504503192E+02 -5.465820029604E+02  4.900298079172E+04  1.122431161983E-03 -4.882812500000E-04   1   5
  1.285090013518E-03  3.510873790151E-04  1.066568065602E-04 -1.696272517843E+03 -6.391905936175E+02  1.146562439007E+04 -9.344890907448E-05 -4.882812500000E-04   1   5
 -5.506463655262E-04 -5.990742631422E-04 -3.019881614185E-04  4.565509944886E+02  4.073138994480E+02 -3.082735211004E+04 -6.516129664331E-04 -4.882812500000E-04   1   5
  8.419924008360E-04 -6.254969446314E-04 -5.646336804999E-06 -5.502553527991E+02  3.793804677419E+02  3.490149832936E+03 -3.068856735746E-04 -4.882812500000E-04   1   5
  7.255442340925E-04  5.571869970900E-04 -4.050411708993E-04 -4.283366331317E+02 -1.350152801556E+02 -4.699070445072E+04 -9.349639356784E-04 -4.882812500000E-04   1   5
 -2.202121204074E-04  1.026347043756E-03 -1.816370654164E-04 -3.381050451624E+01  2.201178940695E+02 -1.466303927365E+04 -6.060636875831E-04 -4.882812500000E-04   1   5
  9.713185152720E-04 -1.158616358621E-04 -2.465346855409E-04 -6.777781852958E+02 -9.872334928049E+01 -2.212173085662E+04 -6.785523110766E-04 -4.882812500000E-04   1   5
 -1.190951175340E-03  1.834537192321E-05 -1.185665239833E-04  3.574135139127E+02 -3.666304692670E+01 -8.464798701125E+03 -4.428958335279E-04 -4.882812500000E-04   1   5
  8.476518212894E-04 -7.217403984692E-04 -1.733974704200E-04  7.210549686666E+02 -7.127122112863E+02 -1.403692091321E+04 -4.913142309668E-04 -4.882812500000E-04   1   5
 -4.633773073096E-04  7.563281212196E-05 -7.126309411999E-04 -3.943362398290E+02  2.885713295319E+02 -1.128213685613E+05 -1.364351413542E-03 -4.882812500000E-04   1   5
 -3.976130680195E-04  5.653801086298E-04  2.355128207369E-04 -4.030001555063E+02  9.445410498360E+02  9.200336722349E+03  3.092583058160E-04 -4.882812500000E-04   1   5
  1.224831088455E-03 -2.868576942589E-04 -2.764445226526E-04 -1.370007633769E+03  2.177433374174E+02 -2.253700757335E+04 -8.838394627215E-04 -4.882812500000E-04   1   5
  4.211842394541E-04 -4.676788689985E-06 -3.264138525338E-04  3.162542449946E+03 -2.176078085294E+02 -3.755658957873E+04 -7.489962223914E-04 -4.882812500000E-04   1   5
  6.196863309589E-04 -9.630674058219E-04 -3.576349632035E-04 -1.156358959581E+03  2.056856883264E+03 -3.490397914346E+04 -1.037497454907E-03 -4.882812500000E-04   1   5
 -4.228529609892E-04 -3.602718646433E-04  7.699631662045E-04 -1.507116268070E+03 -1.264828992030E+03  5.523974720162E+04  1.365571495971E-03 -4.882812500000E-04   1   5
  6.705610594171E-05  1.757533249541E-04  8.926862863348E-04  4.906828922298E+02  1.299517140324E+03  9.614865847731E+04  1.454579575680E-03 -4.882812500000E-04   1   5
 -5.432518578621E-05 -1.147349377693E-03 -1.620584741557E-05 -6.541823882326E+01  4.697255145923E+02  3.700684173754E+03 -3.211963232803E-04 -4.882812500000E-04   1   5
  1.113660134299E-03 -1.083137622018E-04 -1.612135333957E-04 -7.908121062373E+02  9.547885567021E+01 -1.298364883423E+04 -5.774055303762E-04 -4.882812500000E-04   1   5
 -4.839761409421E-04 -1.272938049391E-03 -1.606295436266E-04  3.687597441320E+02  9.591584641573E+02 -1.004615748677E+04 -6.185567225825E-04 -4.882812500000E-04   1   5
 -1.243995225425E-04  6.195596083096E-05 -6.140325848611E-04  8.832701429114E+02 -4.005140048354E+02 -1.015770880017E+05 -1.229267704964E-03 -4.882812500000E-04   1   5
 -2.393704296749E-04 -5.739373348963E-05  9.522133257889E-04 -1.877110703053E+03 -9.762012601775E+02  1.291065158775E+05  1.463209005004E-03 -4.882812500000E-04   1   5
  8.758230985619E-04 -8.095275807701E-04  2.917301899387E-04  3.029812223426E+02  4.791478920402E+01  2.080901594599E+04  3.090138264583E-04 -4.882812500000E-04   1   5
 -7.857812907880E-04  9.539204925415E-04  3.450634522038E-04  2.773779818000E+02 -6.152654989519E+02  2.048383458437E+04  5.703409943743E-04 -4.882812500000E-04   1   5
 -9.016251313954E-04  9.772210399692E-05  3.650439523520E-04  4.955038821408E+02  1.345392690000E+02  2.046432800083E+04  5.369216531692E-04 -4.882812500000E-04   1   5
  8.590437841039E-05  3.188391830929E-04 -1.885350659000E-04  2.485673444237E+02  5.713249253537E+02 -2.576250353428E+04 -5.684435674125E-04 -4.882812500000E-04   1   5
  6.317334054798E-04 -1.024297644040E-04  9.230371194299E-04  9.533482774224E+02  2.099744484692E+02  1.112265224700E+05  1.519774646455E-03 -4.882812500000E-04   1   5
 -9.984187520105E-04 -3.376597361521E-04 -2.632745647566E-04  1.680700033103E+03  1.730372119825E+02 -2.201411396841E+04 -8.152751044075E-04 -4.882812500000E-04   1   5
  7.701864405000E-04  3.163705042365E-04 -3.781198049893E-04 -7.305699520775E+02 -3.088673637437E+02 -4.114064575971E+04 -8.180334469357E-04 -4.882812500000E-04   1   5
 -3.014384501253E-05 -4.768976204765E-04 -6.775522969530E-04  1.535394112497E+02  1.451986693021E+03 -1.051600604765E+05 -1.279095631471E-03 -4.882812500000E-04   1   5
  3.194671988154E-05  2.375504584058E-05 -7.366328708328E-04  1.263935579516E+03  1.247330075309E+03 -1.241375454609E+05 -1.411677947949E-03 -4.882812500000E-04   1   5
  6.450653666584E-04 -3.656124133385E-04  2.790058557689E-05  1.415309633974E+02 -3.488283743127E+02 -1.121193665822E+03 -5.178935031536E-05 -4.882812500000E-04   1   5
  1.118901063144E-03 -4.778531343015E-05 -2.814100735982E-05 -6.146833412381E+02 -1.292429949044E+01  3.502157321976E+03 -3.214761067616E-04 -4.882812500000E-04   1   5
  6.388336864905E-04  8.474784072589E-04 -4.891328277896E-04 -1.266862868458E+03 -1.528899425099E+03 -5.619881398494E+04 -1.220105083116E-03 -4.882812500000E-04   1   5
  2.560101212542E-04  1.029535411929E-03  5.713031445014E-04 -4.456806830302E+02 -2.265529612396E+03  3.267252763139E+04  1.083686183793E-03 -4.882812500000E-04   1   5
  6.318782964303E-05 -6.667894094143E-05  3.839688004338E-04  1.808297221536E+03 -9.240365530497E+02  2.544327104072E+04  4.472854793796E-04 -4.882812500000E-04   1   5
  4.798669066022E-04 -1.013242085867E-04 -3.799951433163E-04  4.360066725997E+01 -4.786136400816E+02 -4.396479400104E+04 -7.436321113579E-04 -4.882812500000E-04   1   5
  3.738653791975E-04 -1.239415250598E-03 -3.672808065036E-05 -3.828135942166E+02  1.403312023565E+03  4.473183102920E+03 -3.114170795580E-04 -4.882812500000E-04   1   5
 -9.400204546920E-04  6.803350669062E-04  4.204104689257E-04  1.758808874541E+03 -9.483139557564E+02  2.617074892576E+04  6.723272071070E-04 -4.882812500000E-04   1   5
 -4.058142568876E-04 -1.004651197511E-03 -4.976606404173E-04  9.759994891613E+02  1.465695512672E+03 -5.727991390365E+04 -1.287339243457E-03 -4.882812500000E-04   1   5
 -1.186025317421E-03 -5.408868721657E-04  1.477438690770E-04  1.525599378326E+03  8.730845603937E+02  1.517960158951E+04  1.550562300867E-05 -4.882812500000E-04   1   5
 -4.511680732608E-04  4.444379001733E-04 -4.297081371843E-04  6.679197620952E+01  6.521412575000E-01 -5.482116189145E+04 -7.911434070289E-04 -4.882812500000E-04   1   5
  4.273358334945E-04 -5.012687473883E-04 -1.139467943000E-04  7.428019553550E+02 -1.086233455780E+03 -7.357303684414E+03 -3.436526500264E-04 -4.882812500000E-04   1   5
  9.254564655491E-04 -7.666041681774E-05 -5.027925922430E-04 -1.904170379056E+03 -1.088593380909E+01 -5.868935611219E+04 -1.233812882345E-03 -4.882812500000E-04   1   5
  6.151027424081E-04 -2.919710088733E-04 -4.312679995321E-04  7.592475555814E+01  2.512448215572E+02 -5.447435858090E+04 -9.577755649808E-04 -4.882812500000E-04   1   5
  1.038390822805E-04  4.309176378128E-04 -5.832028340297E-04  5.309071692010E+01 -9.807530132906E+02 -9.336378441905E+04 -1.138463439903E-03 -4.882812500000E-04   1   5
  7.346021158503E-04  2.481810193255E-04  8.363148803724E-04 -6.630226058916E+02 -2.329260100036E+02  7.903318485660E+04  1.478830199616E-03 -4.882812500000E-04   1   5
  5.991132637742E-05 -7.117316827679E-04 -4.992704371940E-04  1.224228902375E+02 -1.486531021594E+03 -6.282203118203E+04 -9.476195598865E-04 -4.882812500000E-04   1   5
 -6.715323690881E-04 -2.457878634792E-04  6.419339529556E-04  6.700354044456E+02 -3.145342520249E+00  4.503213625651E+04  1.074740492500E-03 -4.882812500000E-04   1   5
  4.255332569994E-05 -8.384147245348E-04 -3.471245401772E-04 -1.290385296358E+02 -5.379690541659E+02 -3.550891732532E+04 -7.384953477469E-04 -4.882812500000E-04   1   5
  5.559100474909E-04 -1.386597974444E-04  6.309237378719E-04  4.567774178949E+02 -4.357407546825E+01  4.359623880970E+04  1.048220083116E-03 -4.882812500000E-04   1   5
  5.915569027859E-04  1.560276701257E-05  4.723364028518E-04 -5.232122272495E+02  2.367097504329E+02  2.822517379975E+04  6.759525593343E-04 -4.882812500000E-04   1   5
 -3.297901694347E-04  9.403108465971E-04 -1.209699251773E-04  4.249300381550E+02 -9.725090320399E+02 -8.696141871514E+03 -5.291364538764E-04 -4.882812500000E-04   1   5
  4.694233516138E-04 -4.768094471316E-04  7.889545014196E-04  3.639082974233E+02 -1.457775273661E+02  6.451610368282E+04  1.371186471360E-03 -4.882812500000E-04   1   5
  6.334314367655E-04 -1.175061382171E-04  5.338552883806E-04  8.659095632742E+02 -2.396969865021E+02  3.346944888436E+04  7.211319372380E-04 -4.882812500000E-04   1   5
  1.585965571527E-04  1.005729046493E-03  5.494349051466E-04  1.186151436952E+02 -1.822911336046E+03  2.974145347032E+04  1.046239561935E-03 -4.882812500000E-04   1   5
 -4.354572622877E-04  6.777195190310E-04 -1.937379585304E-05 -9.659019022289E+01  4.893456217241E+02  1.601582113104E+02 -1.057237642939E-04 -4.882812500000E-04   1   5
 -1.004375003853E-03 -9.124732310098E-05  3.855593639859E-04 -8.645587961500E+01  1.021549568213E+02  2.202827779779E+04  5.537913247267E-04 -4.882812500000E-04   1   5
  1.163474351686E-04 -5.061959244386E-04  3.305014060440E-05  5.242168950265E+02 -1.363061700012E+03 -1.339828548273E+03 -1.558351325897E-04 -4.882812500000E-04   1   5
  9.211434331800E-04 -3.126922341627E-05 -5.915007101682E-04 -1.264956020557E+03 -1.478003129940E+02 -8.702412187605E+04 -1.378196500686E-03 -4.882812500000E-04   1   5
 -1.341913875056E-04 -6.637526803409E-04  6.613958785726E-04  1.616407529925E+02 -7.540850715078E+02  5.060414731298E+04  9.839501608098E-04 -4.882812500000E-04   1   5
 -1.151082348523E-03 -1.854816459450E-04  2.643853247393E-04  4.551507048553E+02 -2.677644700116E+02  1.973133229168E+04  3.026938141528E-04 -4.882812500000E-04   1   5
 -8.086885413934E-04  2.128090694131E-04 -6.608023009924E-05 -1.156923863291E+03  1.470609001541E+02 -4.100450076830E+03 -1.162420502618E-04 -4.882812500000E-04   1   5
 -5.645889909218E-05 -7.516833301420E-04  3.539683371325E-04  1.203755757254E+02 -1.033604720435E+03  1.872854532538E+04  5.478505797303E-04 -4.882812500000E-04   1   5
 -5.603915998130E-04  1.304605513228E-04 -1.982816579951E-04 -6.992537948731E+01  7.087759695831E+01 -2.624686441771E+04 -3.607164009485E-04 -4.882812500000E-04   1   5
  7.582622138581E-06 -5.647701273064E-04 -7.107942900924E-04  1.149573322754E+02  5.933684750277E+02 -1.103791131424E+05 -1.372007453396E-03 -4.882812500000E-04   1   5
 -1.118137219404E-03 -1.208858179793E-04  1.350534659084E-04  4.181533135344E+01 -2.293277940684E+01  1.408386878428E+04 -1.273209639407E-05 -4.882812500000E-04   1   5
  1.074242107998E-03  3.741224708911E-04  3.812307470205E-04 -3.990606084780E+02 -3.742092377839E+02  2.209888524720E+04  6.258945621669E-04 -4.882812500000E-04   1   5
 -1.855844604150E-04  5.957016017485E-04 -3.467211840958E-04 -2.727935511134E+02  5.517294142902E+02 -3.573762967885E+04 -7.239552232163E-04 -4.882812500000E-04   1   5
 -6.029081266016E-04  1.658390104511E-04  6.214682889371E-04 -4.772942434271E+02 -4.333479713768E+01  4.173728233830E+04  9.770674658292E-04 -4.882812500000E-04   1   5
  8.901534624564E-04 -7.024910948051E-04  2.169813274607E-04 -5.015411845457E+02  2.029826214540E+02  1.633671110226E+04  1.731679592174E-04 -4.882812500000E-04   1   5
  4.164689966750E-04  2.125695654943E-04  8.372909751996E-04  1.514288777021E+03  7.727765318230E+02  8.511263599603E+04  1.442513476369E-03 -4.882812500000E-04   1   5
  8.936795511152E-04 -6.910986562130E-05  6.418126053045E-04  2.991223341763E+02 -3.574335813363E+02  4.409877315658E+04  1.153339952033E-03 -4.882812500000E-04   1   5
 -6.338595141220E-04  1.206520072178E-04  4.253146966886E-04 -7.403630403782E+02 -1.927213783965E+02  2.514338104746E+04  6.093592101850E-04 -4.882812500000E-04   1   5
  4.263141049746E-04  6.344217652915E-04  7.872423248128E-04  4.351264764815E+02  4.694346593502E+02  6.436080325615E+04  1.385514635712E-03 -4.882812500000E-04   1   5
  5.515014232692E-04 -7.058116855652E-04  5.123837007895E-04 -1.289296819380E+01  6.379961165345E+02  2.988856405260E+04  8.655724542490E-04 -4.882812500000E-04   1   5
 -8.119443749199E-04 -1.707921508230E-04 -1.886852790703E-04 -8.208833171069E+02 -1.382604110837E+02 -1.890743886176E+04 -4.734423162551E-04 -4.882812500000E-04   1   5
  1.781621920630E-04 -7.744180123167E-04  2.689906762634E-04 -1.451037988617E+02  6.853152478366E+02  1.545247832808E+04  3.794755338395E-04 -4.882812500000E-04   1   5
 -8.915825499241E-05 -2.810231375707E-04 -7.742738101538E-04 -4.097546936822E+02 -8.827187996077E+02 -1.412563151079E+05 -1.400485039480E-03 -4.882812500000E-04   1   5
 -2.907456671621E-04  1.314643122763E-03 -2.230858783403E-05  3.231451197922E+02 -2.132900416973E+03  5.567481553620E+03 -4.447385103643E-04 -4.882812500000E-04   1   5
 -1.027186793100E-03  2.307303853386E-04  5.912235773250E-04  1.804624192936E+03 -7.076134525765E+02  3.588745517191E+04  1.069144972360E-03 -4.882812500000E-04   1   5
 -3.692560058591E-04 -2.512834404865E-04  4.310549415872E-04 -6.822373192168E+02 -2.209472569629E+02  2.999442894367E+04  5.923796736171E-04 -4.882812500000E-04   1   5
  5.218709963061E-04  7.792310877484E-04  6.172031594497E-04 -2.865512226028E+02 -2.231005405571E+02  3.921292256504E+04  1.163233619405E-03 -4.882812500000E-04   1   5
  1.758771433696E-04  9.852568925243E-04  4.895795990746E-04  3.555343462442E+02  1.325271508379E+03  3.117779259703E+04  7.846200301707E-04 -4.882812500000E-04   1   5
  1.681224624208E-05  7.442083662949E-04 -4.923467591489E-05  1.538442488993E+02  8.858354547113E+02 -2.901349820011E+03 -1.142627010124E-04 -4.882812500000E-04   1   5
  9.226349631662E-04  2.533124823235E-04  5.147111150740E-04  3.762229224772E+02  3.251646176847E+02  3.114001377803E+04  8.513762875038E-04 -4.882812500000E-04   1   5
  3.272408517994E-04 -3.747713475423E-04 -1.790784428061E-04  1.018214101303E+03 -1.075163739307E+03 -2.363287322561E+04 -4.841298367104E-04 -4.882812500000E-04   1   5
 -1.032349769105E-03 -1.600218982226E-04  2.398111055275E-04  7.915298343836E+02 -2.103615023415E+02  1.585032637690E+04  2.639502623398E-04 -4.882812500000E-04   1   5
  5.876133168359E-05  2.899087458933E-05 -8.433385347244E-04 -1.141037865829E+02 -1.346888448667E+03 -1.337009711707E+05 -1.527465537261E-03 -4.882812500000E-04   1   5
 -6.307973340625E-04 -5.706851043326E-04  5.333047711559E-04  5.108160092185E+02 -1.002654619058E+02  3.145324304860E+04  9.103908490893E-04 -4.882812500000E-04   1   5
  4.454677675676E-04  7.511640455425E-04  5.653313453391E-05  4.048010131272E+02 -2.934658971282E+01 -2.225534707723E+03 -1.073968761300E-05 -4.882812500000E-04   1   5
  6.454380849473E-04 -8.716116418385E-04  4.379191198486E-04  8.942273509637E+01 -4.567862014461E+02  2.915627894831E+04  6.543172298010E-04 -4.882812500000E-04   1   5
 -8.544293629324E-04 -9.990290795780E-04 -2.004254111565E-07  1.126181246985E+03  8.876404637604E+02  5.085716823173E+03 -2.666242396820E-04 -4.882812500000E-04   1   5
 -6.287619569086E-04 -7.251223535736E-04  4.102320199821E-04  9.489579757181E+02  4.173756375454E+02  2.486784366324E+04  6.144623301254E-04 -4.882812500000E-04   1   5
 -9.841647604682E-04  3.326625655685E-04  2.855676400102E-04 -2.156243471864E+02 -7.446811024888E+01  1.908226925349E+04  3.445175629038E-04 -4.882812500000E-04   1   5
 -8.890930815245E-04  1.997226224490E-04  7.359520703820E-04  1.449543388366E+03 -5.829725056462E+01  5.443783786650E+04  1.327683246271E-03 -4.882812500000E-04   1   5
  4.112649661191E-04  1.305601598783E-04 -4.487495990659E-04  2.200890337589E+02 -3.368281547116E+02 -5.497361191547E+04 -1.011913938163E-03 -4.882812500000E-04   1   5
 -5.224279635350E-04  3.560429894461E-04  8.102763998038E-04  3.152738851358E+02 -1.244543185197E+02  7.303438349432E+04  1.389301524377E-03 -4.882812500000E-04   1   5
  2.717424245402E-04 -7.240779978717E-04 -3.912485479109E-04 -3.084356107558E+02  1.254894530495E+02 -4.451558318183E+04 -8.052696505794E-04 -4.882812500000E-04   1   5
  2.149585208113E-04  8.968494438594E-04  3.034185681191E-04  1.386412231883E+02 -2.194808272158E+02  1.843502830736E+04  4.060433512718E-04 -4.882812500000E-04   1   5
  4.276884042324E-04  7.367003004647E-04  1.486473260273E-04 -2.252332228093E+02 -2.439396242587E+02  1.687632219624E+04  1.280335626848E-04 -4.882812500000E-04   1   5
  1.012991068548E-04  1.239192394377E-03 -5.519716451374E-05  7.250679025772E+01 -1.569065053063E+03  2.606540006596E+03 -4.268399212517E-04 -4.882812500000E-04   1   5
 -9.168448891188E-04  5.125165252420E-04 -2.712861434895E-05  4.952734358561E+02 -3.593129180186E+02  3.458521937485E+03 -3.833702245561E-04 -4.882812500000E-04   1   5
  3.502653740828E-04 -6.717346050899E-04 -4.741411473852E-04 -1.385727092867E+02  4.019472665110E+02 -5.902628826325E+04 -9.397201974335E-04 -4.882812500000E-04   1   5
 -8.174654730580E-04  2.227081294884E-04  2.764787502781E-04  3.957543729782E+02  1.496767511489E+02  1.681058999741E+04  4.020764352464E-04 -4.882812500000E-04   1   5
 -3.668931981316E-04  2.697952945574E-04 -2.631663593027E-04  4.485665664267E+02 -4.992792266421E+02 -2.563214063355E+04 -5.865668688823E-04 -4.882812500000E-04   1   5
 -8.114617769981E-04 -9.859140236700E-04  2.822531242654E-04  1.114313459763E+03  1.176591418373E+03  2.185445684841E+04  3.903492545705E-04 -4.882812500000E-04   1   5
  2.100360996551E-04 -2.693114933009E-05  6.353946593396E-04  5.668290564766E+02  2.079601592165E+01  4.091810298888E+04  9.923860522965E-04 -4.882812500000E-04   1   5
  4.173177946842E-04 -8.058192090526E-04  3.379425036814E-04  5.174745570572E+02 -1.249699833766E+03  1.957215517577E+04  5.552169599436E-04 -4.882812500000E-04   1   5
  9.304053043113E-04  8.869975840577E-04  1.118065606651E-04 -2.872199686727E+01 -3.980338970362E+02  1.109629864004E+04  1.892299450246E-05 -4.882812500000E-04   1   5
 -5.558879396457E-04 -6.671703285778E-04  4.580530132303E-06  1.153172692611E+01  1.922477450752E+02  1.672683583193E+03 -2.942116167404E-05 -4.882812500000E-04   1   5
  3.322344795304E-04  4.775525335526E-04  8.587337824582E-04 -4.829162836727E+02 -8.218346746585E+02  9.225757548564E+04  1.443767806778E-03 -4.882812500000E-04   1   5
 -9.160969123466E-04 -8.959894696902E-04 -1.268900474264E-04  3.317635789429E+02  4.878946030208E+02 -8.924607470361E+03 -4.755119845372E-04 -4.882812500000E-04   1   5
  9.361004023813E-04  8.069183409283E-04  7.278755463169E-05 -9.425164832408E+02 -1.011342749842E+03  5.444085368690E+03 -1.157399192082E-04 -4.882812500000E-04   1   5
 -4.422789640083E-04  1.353234655787E-05 -5.153979832077E-04 -8.951904066785E+02  2.982669487961E+02 -6.731416335821E+04 -1.051341795767E-03 -4.882812500000E-04   1   5
  7.917226560857E-04  1.242811928790E-04  1.073473637068E-04  5.137479070712E+02 -2.007991814821E+02  9.250863906536E+03  2.600704294498E-05 -4.882812500000E-04   1   5
  2.745828660725E-04 -9.289244499776E-05  2.430210564447E-04 -2.619251925582E+02  1.082278073313E+02  7.625424231600E+03  1.157224155608E-04 -4.882812500000E-04   1   5
 -2.652651540829E-04 -6.649434114778E-04 -6.607618238987E-04  6.572469749163E+02  7.494320858964E+02 -9.987743997652E+04 -1.433246721323E-03 -4.882812500000E-04   1   5
 -6.126177838377E-04 -3.058719985067E-04 -5.998363556569E-04  9.666291097746E+02  3.502422163364E+02 -9.404701203521E+04 -1.248427286995E-03 -4.882812500000E-04   1   5
  9.871902163235E-04 -8.871571902732E-04  2.438880334942E-04 -9.036354878433E+02  9.305418814789E+02  2.135794780110E+04  3.325154277372E-04 -4.882812500000E-04   1   5
  1.218096204400E-03  1.489221943574E-04  1.593554927425E-04 -1.694764770421E+03 -3.281281260698E+02  1.528342888027E+04  1.756726718929E-04 -4.882812500000E-04   1   5
  4.750548547950E-04  6.771208541414E-04 -1.559188414560E-04  1.295271546462E+03  1.240736443790E+03 -1.368581539784E+04 -4.052004009782E-04 -4.882812500000E-04   1   5
  2.317773304609E-04  5.577310048961E-04 -3.678568741764E-04  2.972707037910E+02  4.448096529358E+02 -4.064480747344E+04 -7.571105794191E-04 -4.882812500000E-04   1   5
 -2.491969878109E-04  9.914930055136E-04 -4.137430343798E-05  2.730852708580E+02  2.058305733901E+02  1.367453171852E+03 -2.555065342080E-04 -4.882812500000E-04   1   5
 -1.190535073716E-03  6.540426973928E-04  7.206849643404E-05  2.426774697263E+03 -1.154959858819E+03  7.478975478297E+03 -2.916317279387E-04 -4.882812500000E-04   1   5
 -3.487639532380E-04  8.298991087001E-04 -3.173495528157E-04  4.539369280445E+02 -1.520532718687E+03 -3.140795297875E+04 -9.205920349711E-04 -4.882812500000E-04   1   5
  3.090508921947E-04 -2.654045841180E-04  9.894182995803E-04 -1.088828915824E+03  4.194320471164E+02  1.298985768854E+05  1.642418668324E-03 -4.882812500000E-04   1   5
 -4.068146952958E-04  1.300388031161E-03 -4.153757204139E-05  8.561953972400E+02 -2.300793702496E+03  5.071534579994E+03 -6.497228644666E-04 -4.882812500000E-04   1   5
 -4.678576414091E-04  8.983845764811E-04  3.294429304301E-05  4.306404842001E+02 -8.450526284810E+02 -1.196741396297E+03 -9.840899600499E-05 -4.882812500000E-04   1   5
  4.710298530862E-04  4.368908768886E-04  7.086617940608E-04 -5.457852644619E+02 -3.906308917137E+02  5.219671521087E+04  1.203491516445E-03 -4.882812500000E-04   1   5
 -1.301482046904E-04 -3.758221628798E-05  4.562947564275E-04  1.034731306768E+03 -7.115954974009E+02  2.827893270652E+04  5.993980874655E-04 -4.882812500000E-04   1   5
 -2.275079074247E-04 -2.626815594115E-04 -6.157009352796E-04  3.161760563834E+02 -4.716413798693E+01 -1.013032780467E+05 -1.144752691410E-03 -4.882812500000E-04   1   5
  5.762053707935E-04  7.352214338768E-05  3.272700151977E-04  1.790439472631E+03 -3.310315532405E+01  1.399513265776E+04  4.577733784377E-04 -4.882812500000E-04   1   5
 -8.165053858485E-05  3.447762979635E-04 -6.885065433281E-04  4.901824067423E+02 -5.452257452542E+02 -1.045489536297E+05 -1.329760940001E-03 -4.882812500000E-04   1   5
  4.037664239914E-04 -2.389085691943E-04  9.507518934535E-04  1.233389283622E+03 -1.181637939498E+03  1.241648323577E+05  1.531086511438E-03 -4.882812500000E-04   1   5
  1.377083059881E-04 -6.061001711751E-04 -6.525223552060E-04 -1.723379415164E+02  1.370995894940E+03 -1.017697907310E+05 -1.507317170439E-03 -4.882812500000E-04   1   5
  1.030045383457E-03 -3.019422342381E-04  9.234824915660E-06  1.205939499676E+03 -4.637532371942E+02  1.974590092908E+03 -4.498622788240E-05 -4.882812500000E-04   1   5
  1.808068190075E-05  7.104382974186E-04 -4.421898984948E-04  1.024774460070E+02 -3.684648477405E+02 -5.615193900722E+04 -8.922747020454E-04 -4.882812500000E-04   1   5
  1.122225825383E-03  7.374392765256E-04 -2.144151948454E-04 -2.000750313383E+03 -1.464087185395E+03 -1.092590318850E+04 -9.324563662134E-04 -4.882812500000E-04   1   5
 -5.282692610934E-04 -5.205632048608E-04  5.596394671799E-04 -6.165364375247E+02 -5.059245399034E+02  3.080831111417E+04  8.751198232964E-04 -4.882812500000E-04   1   5
  1.685931522165E-04 -2.978673036365E-04 -2.745734368546E-04  7.939370478065E+02 -1.403395048015E+03 -2.271922151829E+04 -7.161022880613E-04 -4.882812500000E-04   1   5
  8.924734955134E-04 -7.813727741456E-04  2.099518031572E-04 -8.168324891140E+02  5.498682597545E+02  1.780404415451E+04  1.585747174366E-04 -4.882812500000E-04   1   5
 -1.087795789267E-03  2.405761401619E-05  3.603875528148E-04  8.612720745102E+02 -2.905716952109E+02  2.108960518909E+04  4.779859156030E-04 -4.882812500000E-04   1   5
 -6.018689680502E-04 -1.014012996128E-03  4.146408831673E-04  9.779987449935E+02  1.446103369563E+03  2.542682740116E+04  7.071535918284E-04 -4.882812500000E-04   1   5
 -2.490483704942E-04 -2.440749079543E-04 -5.371704103163E-04 -8.726287125885E+02 -1.264417408224E+03 -7.951149345390E+04 -8.881043130895E-04 -4.882812500000E-04   1   5
  6.071294001382E-04 -1.128688134407E-03 -3.082035336287E-04 -8.295020272715E+02  2.005716945503E+03 -2.687022381089E+04 -9.931576707034E-04 -4.882812500000E-04   1   5
  6.028017368202E-04  2.193828109601E-04  2.021461709661E-04  1.168157400368E+03  9.282134638851E+01  1.391432021328E+04  1.972836636588E-04 -4.882812500000E-04   1   5
  5.583880254980E-04  2.845116538014E-04  5.636822763361E-04  8.470906787924E+02  1.231322027383E+02  3.212953725077E+04  8.073542143987E-04 -4.882812500000E-04   1   5
  8.960167547004E-04 -1.787204169518E-04 -9.717620173766E-05  4.169255870008E+02 -2.678615171787E+02 -5.023950031667E+03 -3.782957965761E-04 -4.882812500000E-04   1   5
 -4.090939501298E-04 -8.928639491010E-04  4.030225538574E-04  6.154474190413E+02  5.158505657995E+02  2.405902708285E+04  5.500583435269E-04 -4.882812500000E-04   1   5
  9.515731809818E-04 -6.296685891821E-04  4.207154533885E-04 -4.786454807790E+02  4.649184950413E+02  2.676041926133E+04  7.225777576929E-04 -4.882812500000E-04   1   5
 -3.716372443633E-04 -1.687950012539E-04  8.473263862836E-04 -1.073254667230E+03 -4.406908544771E+02  9.073870702488E+04  1.414694047678E-03 -4.882812500000E-04   1   5
 -8.442189440731E-04 -9.173173937059E-04 -1.823561726810E-05  1.150831812137E+03  7.308864889171E+02  4.400864165006E+03 -3.188594263150E-04 -4.882812500000E-04   1   5
 -1.222224341179E-03 -6.326649470104E-05 -1.633720452109E-04  1.284220559324E+03  8.842343908927E+01 -1.210301170505E+04 -6.151850073080E-04 -4.882812500000E-04   1   5
 -3.904497944757E-04 -2.065764691364E-04 -7.658349107322E-04 -1.241899969756E+02 -3.175647937931E+02 -1.339593449477E+05 -1.471548837212E-03 -4.882812500000E-04   1   5
 -5.676894174768E-04 -1.167708127441E-03  1.779572398636E-04  9.340381946127E+02  1.482857306873E+03  1.703416013081E+04  1.962074945818E-04 -4.882812500000E-04   1   5
  4.948549284723E-04 -7.606645566048E-04 -2.258579105202E-04  1.877016349513E+02  2.476965029485E+02 -2.161125637729E+04 -5.464996485292E-04 -4.882812500000E-04   1   5
 -6.876968518311E-04 -7.147005356755E-04 -5.639215733584E-04  1.221040541508E+03  1.187440752385E+03 -7.637369180560E+04 -1.388024325458E-03 -4.882812500000E-04   1   5
  2.348541418961E-04 -1.222997835937E-04  1.567664999212E-04  7.741655522053E+02 -2.361758824015E+02  1.877637771951E+04 -1.704944753511E-05 -4.882812500000E-04   1   5
  7.460035435503E-04 -7.013084163133E-04 -3.744077838148E-04 -8.229432868679E+02  8.075698707216E+02 -4.059413008827E+04 -1.039150561926E-03 -4.882812500000E-04   1   5
 -5.346691551525E-04 -1.249694721201E-03 -1.095579320476E-04  6.328318469848E+02  1.834370363423E+03 -5.605113871397E+03 -5.563400465030E-04 -4.882812500000E-04   1   5
  1.118779189962E-04  9.737591911346E-04  9.813130713021E-05  3.166613922373E+02  2.379443666642E+02  6.700358425993E+03  4.529290223765E-06 -4.882812500000E-04   1   5
 -9.072207557902E-06 -3.299965093431E-05 -1.662266673310E-04 -3.459943659731E+02  7.695086735829E+02 -1.970454856056E+04 -4.458200449866E-04 -4.882812500000E-04   1   5
 -1.772244862298E-04 -6.603899858997E-04  2.581217257540E-04  1.265401549351E+02 -8.809423807811E+02  1.191464033587E+04  3.215331552511E-04 -4.882812500000E-04   1   5
  8.207104604871E-05  3.123488157542E-04 -5.106091835682E-04  6.313217622880E+02  2.048804562686E+02 -6.728503441135E+04 -9.460187880062E-04 -4.882812500000E-04   1   5
 -4.550279162764E-04  8.467952358513E-04  6.077057622876E-04  6.650154953074E+02 -7.423380841312E+02  3.788833347998E+04  1.156508164560E-03 -4.882812500000E-04   1   5
 -7.459181847123E-04 -1.654132908659E-04 -5.035332836791E-04  9.283121361992E+02  2.972758741890E+02 -5.975543130287E+04 -1.087512967035E-03 -4.882812500000E-04   1   5
 -6.033826331486E-04  7.776754233875E-04  2.888624261467E-04 -2.869586724840E+02  4.277963054500E+02  1.874806384029E+04  4.069724220028E-04 -4.882812500000E-04   1   5
  6.031650749245E-05  1.178061831366E-04  7.840832866406E-04 -1.408341426413E+01 -6.471985080064E+02  5.774670314975E+04  1.263883560610E-03 -4.882812500000E-04   1   5
 -1.174860768983E-03 -5.223890828026E-04 -2.496862494732E-04  2.414273059358E+03  6.929006991885E+02 -1.660468074608E+04 -9.019037130296E-04 -4.882812500000E-04   1   5
  8.006502876103E-04  3.552371654766E-04  6.893830136336E-04 -9.483051855875E+02 -5.811923469760E+02  5.184252296031E+04  1.236789128514E-03 -4.882812500000E-04   1   5
  6.130161908027E-04  7.862650080168E-04 -4.287235019880E-04 -2.978625771316E+02 -3.153785524843E+02 -5.065952584855E+04 -1.094273857487E-03 -4.882812500000E-04   1   5
  9.403770708576E-05  4.281810371558E-04  7.795334765518E-04  8.016225350541E+02  1.823612774380E+03  5.799676918980E+04  1.285935056234E-03 -4.882812500000E-04   1   5
  1.449048663924E-04  7.665021604997E-04  9.294291006623E-05  6.009159387951E+02  1.684094535137E+03  5.189745979547E+03  2.268637851532E-05 -4.882812500000E-04   1   5
  1.030394942672E-03  7.591560899366E-04  1.056463183668E-04  1.487594587032E+02 -4.852060624029E+01  1.012409917781E+04 -6.866088025337E-05 -4.882812500000E-04   1   5
  3.101471525803E-04 -6.708499296033E-04  1.939957087372E-04 -3.720743263878E+02  2.615030339928E+02  1.694935379094E+04  1.930704445696E-04 -4.882812500000E-04   1   5
 -8.787228971925E-04 -3.832464727694E-04  1.080012861679E-04 -7.281577983610E+02 -2.645476607909E+02  8.981494888239E+03  4.805647487505E-05 -4.882812500000E-04   1   5
  8.437043499969E-05  1.061788940754E-03 -2.682481549467E-04  1.063570167019E+02 -1.046491267687E+03 -2.441812152818E+04 -8.342129038961E-04 -4.882812500000E-04   1   5
 -5.041174875725E-04  2.259804736213E-04  4.034107064249E-04 -7.455532638286E+02  6.369359476372E+02  2.382608263309E+04  5.920178074317E-04 -4.882812500000E-04   1   5
 -1.580627047744E-04  1.313305355917E-03 -3.769162576928E-05  6.619770320752E+01 -2.116899577060E+03  5.087613593147E+03 -4.382071982958E-04 -4.882812500000E-04   1   5
 -9.128871336240E-04 -8.452078397655E-04 -8.499763198933E-05  1.079146613065E+03  8.564023324822E+02 -2.378020697140E+03 -4.873904721321E-04 -4.882812500000E-04   1   5
 -1.160416294841E-03 -7.192158722164E-04  1.998112285414E-04  1.544569842648E+03  5.676794771768E+02  1.923297621774E+04  1.313983301521E-04 -4.882812500000E-04   1   5
  1.028365749359E-03  1.687217716124E-04 -4.007857378930E-04 -1.356227919373E+02 -6.146075961744E+01 -4.577865773074E+04 -1.039500315370E-03 -4.882812500000E-04   1   5
 -3.027617423979E-04 -8.560283747296E-04 -4.674820160184E-04  4.248094981365E+01 -2.341955545268E+02 -5.804117273988E+04 -9.463587583749E-04 -4.882812500000E-04   1   5
  7.410025536662E-04  5.211706046346E-04 -6.572220878864E-05  7.028538436098E+02  1.082110887724E+02 -2.574185660480E+03 -2.374043480153E-04 -4.882812500000E-04   1   5
 -4.007826778355E-05  9.827769843328E-04 -2.882996964054E-04 -3.547229491840E+01 -6.217688329047E+02 -2.926310623089E+04 -7.100399786131E-04 -4.882812500000E-04   1   5
 -2.842244299268E-04 -3.521698498392E-04  2.693997395014E-04 -6.119599695692E+02 -7.625852335932E+02  1.106749548919E+04  2.340643764787E-04 -4.882812500000E-04   1   5
  2.826878685735E-05  1.343423543880E-04 -2.270863473519E-05  4.289182254563E+02 -8.128893817311E+02 -1.132233929459E+03 -1.851691208898E-04 -4.882812500000E-04   1   5
  4.229673745706E-04  6.606840210679E-05 -1.052780945107E-04 -3.244643583799E+02  1.323890721942E+02 -5.653462418375E+03 -4.048657067202E-04 -4.882812500000E-04   1   5
  4.716786617892E-04  6.796366903706E-04 -5.457795250730E-04 -1.310043782336E+02 -4.743081269406E+02 -7.314596291798E+04 -1.232032218542E-03 -4.882812500000E-04   1   5
  1.542444448455E-04 -5.797667175652E-05 -6.130816299248E-04 -4.909239804323E+02  7.021654783643E+02 -1.020449458913E+05 -1.164084833387E-03 -4.882812500000E-04   1   5
 -2.621241731389E-04 -9.557639772203E-04  4.725832319145E-04  2.009189297610E+02  5.518518020508E+00  3.009657985010E+04  7.156191280591E-04 -4.882812500000E-04   1   5
  5.355393418737E-04 -4.323534637087E-04 -4.496757594277E-04  3.363947839018E+02  1.708416258252E+02 -5.765122056876E+04 -8.102590125563E-04 -4.882812500000E-04   1   5
  1.039020291774E-03 -5.478633111609E-04 -5.565379497496E-05 -1.789346914442E+03  9.846447828078E+02  2.259721688471E+03 -4.239375667936E-04 -4.882812500000E-04   1   5
  3.081333000908E-04 -9.778936177424E-04  5.258101373607E-04  5.092801875490E+02 -2.852148331840E+02  3.131105963683E+04  8.980278099395E-04 -4.882812500000E-04   1   5
  3.310632747968E-04 -5.722147645796E-04 -1.818155168664E-04  8.138171611369E+02 -1.009261167264E+03 -2.219018752950E+04 -3.211805086640E-04 -4.882812500000E-04   1   5
  5.411884176084E-05 -6.904791035085E-04  7.490900297612E-04 -2.463947985377E+02 -6.684827809382E+01  5.306762993305E+04  1.330981361117E-03 -4.882812500000E-04   1   5
 -4.521397707458E-04 -1.608500849353E-04  7.970092093365E-04 -2.033409378271E+01 -3.957050312328E+02  6.520970774339E+04  1.372078798901E-03 -4.882812500000E-04   1   5
 -3.450741840700E-04 -2.775736130958E-04  1.974631250107E-04 -2.329950467303E+02 -7.409799563478E+02  1.557159279663E+04  1.316706380274E-04 -4.882812500000E-04   1   5
 -3.963016742270E-06  5.046401356218E-04 -5.322218521299E-04  4.008492634300E+02  1.528758737313E+03 -7.288050375180E+04 -1.066203209803E-03 -4.882812500000E-04   1   5
  5.655894056412E-05  6.753395308672E-04 -1.977557052204E-04 -1.343433809923E+02  4.352459648236E+02 -2.328615918375E+04 -4.376788556182E-04 -4.882812500000E-04   1   5
 -6.787326429960E-05  3.556226812649E-05  9.913001132061E-04 -1.392825380287E+03 -1.733065023653E+01  1.515296088706E+05  1.596139306443E-03 -4.882812500000E-04   1   5
 -1.112281563035E-04  6.077906421268E-04 -6.957270346755E-04  5.540898913629E+02 -7.671757756288E+02 -1.044836464330E+05 -1.374202375759E-03 -4.882812500000E-04   1   5
 -1.362641889894E-03  2.239069650834E-04  1.400168514125E-04  1.957454628247E+03 -3.481139998570E+02  1.521929539770E+04 -8.464438370392E-05 -4.882812500000E-04   1   5
  3.045240775009E-04 -3.320205601740E-05  8.600697536125E-04 -2.072506838225E+02 -4.651106177509E+02  9.418159308709E+04  1.341595163768E-03 -4.882812500000E-04   1   5
  2.723523488974E-04 -7.002653454608E-04 -2.788776270062E-04  4.068555599193E+01  8.974022062447E+01 -2.834852260291E+04 -5.950977530658E-04 -4.882812500000E-04   1   5
  4.759918269876E-04  5.385967639374E-04  6.924719196373E-04 -2.933509610312E+02 -8.383159784395E+02  5.158893787756E+04  1.227371524952E-03 -4.882812500000E-04   1   5
  5.154156927116E-04  7.379192618241E-04 -5.585408434778E-04 -4.697094456059E+02 -7.865517992439E+02 -7.818163212920E+04 -1.264367330892E-03 -4.882812500000E-04   1   5
 -7.367526771513E-04 -1.314967889722E-04  2.135231245061E-04  7.341607956091E+02  2.270598904376E+02  1.162388384507E+04  2.447524233471E-04 -4.882812500000E-04   1   5
  1.159179097257E-03  5.089576970303E-04  3.568306885049E-05 -6.657452398873E+02 -4.741569562106E+02  3.519156184254E+03 -1.434875908783E-04 -4.882812500000E-04   1   5
  4.900680805091E-04 -2.858472869251E-05  6.288496612078E-04  2.345827945941E+03  8.683976018566E+00  4.022460290011E+04  9.552404151250E-04 -4.882812500000E-04   1   5
  5.201576577314E-04 -1.418296296256E-04 -5.674590249616E-04 -8.633119512763E+02  3.684638272154E+02 -8.558510811841E+04 -1.145770596890E-03 -4.882812500000E-04   1   5
  3.127953991635E-04  4.110918299210E-04 -2.945337836220E-04  1.331764377567E+02 -2.350414644882E+02 -2.592874738675E+04 -6.442096880459E-04 -4.882812500000E-04   1   5
  1.691129808604E-04  8.341222620636E-04  4.093636759113E-04 -4.226489621648E+01  1.636747995841E+02  2.216836427412E+04  6.091664049213E-04 -4.882812500000E-04   1   5
 -4.478683458150E-04  9.839957630003E-04 -1.115731207202E-05  5.834437131647E+01 -5.873916221643E+02  3.548351621889E+03 -3.008153658852E-04 -4.882812500000E-04   1   5
  5.481898250726E-05  4.925197085781E-04 -2.485782047634E-05  2.789542113215E+02  7.792259799052E+02  8.426776072718E+02 -4.052581738607E-04 -4.882812500000E-04   1   5
 -4.721780448703E-04  4.107800732485E-04 -2.992879008152E-04 -4.445320683886E+01 -1.424963493155E+02 -2.718208544744E+04 -5.871057401814E-04 -4.882812500000E-04   1   5
 -3.906374327098E-04 -4.102300046156E-04  5.111170870756E-04 -9.474565862669E+02 -8.339484427731E+02  2.865745058339E+04  8.147940575105E-04 -4.882812500000E-04   1   5
 -6.561087349451E-04 -7.716795134372E-04 -1.293392153224E-04  5.486406141695E+02  1.506795628240E+02 -9.323243633720E+03 -5.374961265008E-04 -4.882812500000E-04   1   5
  8.273684178876E-04  1.055485967744E-04 -1.270742954216E-04  1.308856901227E+02 -1.724146430548E+02 -7.716669254483E+03 -4.079999756170E-04 -4.882812500000E-04   1   5
  7.731359098471E-04 -1.030658964395E-04 -3.618416108385E-04  8.794895313304E+02 -6.710057164575E+01 -3.864648711830E+04 -6.591759399592E-04 -4.882812500000E-04   1   5
 -1.117120385988E-03 -3.345919266749E-04  2.979726393663E-04 -5.045905506709E+01  2.635099928882E+00  2.093866785106E+04  3.634126593823E-04 -4.882812500000E-04   1   5
  6.785292808170E-04  1.125019853336E-05 -3.490194026765E-04  1.459277849683E+03 -1.695392512493E+02 -3.630559085079E+04 -7.239155659078E-04 -4.882812500000E-04   1   5
 -3.625150023693E-04  1.276011985529E-03 -1.440845075342E-04  1.951595975631E+02 -1.272348141077E+03 -9.317969133302E+03 -5.589785911999E-04 -4.882812500000E-04   1   5
 -7.837175993613E-04  7.566897873272E-04 -2.935377515697E-04  1.270593864882E+03 -1.140553047274E+03 -2.694272185008E+04 -9.057940405666E-04 -4.882812500000E-04   1   5
 -1.917207454654E-04  3.002499294814E-04 -7.668524519205E-04 -1.046680407001E+03  1.049401921374E+03 -1.398782487899E+05 -1.439199175637E-03 -4.882812500000E-04   1   5
 -1.199499927814E-03  1.184398778696E-04 -3.946355734663E-04  2.308122708771E+03 -1.335026736135E+02 -4.058469640358E+04 -1.142353032275E-03 -4.882812500000E-04   1   5
 -5.061703094369E-06 -6.099505502219E-04  4.958484860474E-04  1.530523091489E+02  1.615109782791E+02  3.041142919583E+04  7.224682499660E-04 -4.882812500000E-04   1   5
 -3.740814141424E-04 -2.031336890448E-05 -3.416318357214E-04 -4.109456037943E+02 -1.764685833121E+02 -3.690717632616E+04 -7.622224408110E-04 -4.882812500000E-04   1   5
 -5.291326844781E-04  9.562045409114E-04  4.253131359682E-04  3.521258931462E+01 -7.967476030634E+01  2.768399060093E+04  5.926530083231E-04 -4.882812500000E-04   1   5
  8.125136513022E-04  4.160441828349E-04 -2.757165979922E-04 -5.104494011419E+02 -3.585198465552E+02 -2.807024786675E+04 -6.278165095583E-04 -4.882812500000E-04   1   5
 -1.791763490371E-04  8.211374155872E-04  5.035575749859E-04 -3.476162445154E+02  9.406277642424E+02  3.271472431737E+04  6.968943700807E-04 -4.882812500000E-04   1   5
 -9.836183877406E-05 -8.468161964412E-05 -6.742992512258E-04  9.707026407155E+02 -3.632806856196E+02 -1.004917442628E+05 -1.325266071169E-03 -4.882812500000E-04   1   5
  9.952722089005E-05  2.779958442698E-04 -7.731587595921E-04  6.243016576972E+02 -4.376696497965E+02 -1.413534780327E+05 -1.394013182046E-03 -4.882812500000E-04   1   5
 -1.519092193063E-04 -1.123227231239E-03 -2.423343467018E-04  3.945379416971E+02  8.736601179136E+02 -1.785855827883E+04 -7.421092292299E-04 -4.882812500000E-04   1   5
 -4.425933515536E-04 -8.828703756464E-04  6.959564446783E-04  9.081997856761E+02  1.704069537344E+03  5.133711107262E+04  1.262148319892E-03 -4.882812500000E-04   1   5
 -4.123862154434E-04 -3.423199994932E-04 -7.088408146212E-04 -1.242058511975E+02 -4.187746976016E+02 -1.108537066258E+05 -1.384980738315E-03 -4.882812500000E-04   1   5
  7.628925924930E-04 -5.727470141894E-04  6.479253880994E-04  1.070435009645E+03 -8.629881086114E+02  4.599457943431E+04  1.157706289308E-03 -4.882812500000E-04   1   5
  6.721713701293E-04 -1.244764343075E-04 -5.276882374751E-04  1.596255489780E+03 -1.154016367039E+02 -6.994470715450E+04 -1.025080142250E-03 -4.882812500000E-04   1   5
 -9.583939203622E-04 -3.611116724219E-04 -4.266956325605E-04  1.219813212671E+03  7.053096124825E+02 -4.902644468198E+04 -1.089743321002E-03 -4.882812500000E-04   1   5
  6.407699836486E-05 -9.936631008969E-04  6.609679700895E-04 -1.948093735469E+02  1.508308758938E+03  4.735584419232E+04  1.210496714765E-03 -4.882812500000E-04   1   5
  7.077477232224E-04 -2.761982397144E-04  8.426205119623E-04 -1.277858737554E+03  2.007725434822E+02  7.918011343445E+04  1.550999585750E-03 -4.882812500000E-04   1   5
 -4.027651305795E-05 -5.850392107047E-04 -5.174723762756E-04 -2.751806592292E+02 -5.796346114279E+03 -7.299681451033E+04 -9.550384736099E-04 -4.882812500000E-04   1   5
 -2.627340549803E-04  3.544720242132E-04  4.124001127556E-04  1.507066028282E+02 -5.045748626752E+01  2.555121008344E+04  5.863061523561E-04 -4.882812500000E-04   1   5
 -8.602976874430E-04 -3.106723601911E-05 -4.193195166490E-04  7.906737632638E+02 -2.684217072460E+00 -5.013078005224E+04 -9.970963970716E-04 -4.882812500000E-04   1   5
 -6.894116188909E-04 -9.633976244955E-04 -3.119842901229E-04  8.344733202992E+02  1.022547466107E+03 -2.931524941152E+04 -1.009193891139E-03 -4.882812500000E-04   1   5
 -8.417729052038E-04 -1.920092817323E-04  5.006075122440E-04 -1.227235867745E+03 -2.715404866969E+02  3.268857556640E+04  6.785628474786E-04 -4.882812500000E-04   1   5
  5.419895391148E-04 -1.109615305575E-03  2.229337709205E-04 -4.692520060458E+02  7.645262999341E+02  1.916386953880E+04  2.746796224522E-04 -4.882812500000E-04   1   5
  8.212900949987E-04  7.566002769027E-05 -5.847733725006E-05 -2.999514555405E+02 -2.484518018145E+02 -1.360500994916E+03 -3.239764416740E-04 -4.882812500000E-04   1   5
 -1.157420703040E-03  3.086824509859E-04 -2.134855749319E-04  6.418444042752E+01  6.380589631331E+01 -1.456921348631E+04 -6.888519180031E-04 -4.882812500000E-04   1   5
 -1.263551563152E-03 -3.144115597800E-05 -3.255361274950E-04  2.327605766887E+03 -7.555241794459E+01 -2.912090170718E+04 -9.835634257720E-04 -4.882812500000E-04   1   5
  4.899662332916E-05 -1.126846893141E-03 -4.142124859807E-04  2.070866612374E+02  2.257762052684E+03 -4.497976707938E+04 -1.078665565665E-03 -4.882812500000E-04   1   5
  3.292084185663E-04 -5.442632350609E-04  3.946829040719E-04  1.197927257118E+03 -1.772291896258E+03  2.236545163715E+04  5.576836784988E-04 -4.882812500000E-04   1   5
  1.120525026747E-03  3.606804879794E-04  1.551292409636E-04 -1.252352673682E+03 -3.856947243179E+02  1.508684265393E+04  9.106397692449E-05 -4.882812500000E-04   1   5
  4.510129954742E-04 -1.086474096854E-03  1.441749837726E-04 -3.120959459690E+02  7.702650294492E+02  1.446601777901E+04  6.051915306671E-07 -4.882812500000E-04   1   5
  8.267555355042E-04 -4.590821382839E-04  1.988365236061E-04 -6.402371198374E+02  2.107151024367E+02  1.603221184370E+04  1.996353310560E-04 -4.882812500000E-04   1   5
  1.532266802512E-04  4.649927658987E-04  1.262393564262E-04  3.005656872982E+02  4.879897066400E+01  1.141125896886E+04  8.190985236389E-05 -4.882812500000E-04   1   5
 -4.358375331647E-04  3.154276646584E-05 -2.732859036675E-04  1.145083180997E+03 -4.778263109347E+02 -2.438085477899E+04 -5.720943965164E-04 -4.882812500000E-04   1   5
  7.366200962583E-04  4.524720256662E-04  2.054820444064E-04 -3.647669400238E+02 -7.456350324588E+01  1.392518864315E+04  2.466075074610E-04 -4.882812500000E-04   1   5
 -8.479778149194E-04 -3.468670568624E-04  6.984701771877E-04  2.047460825596E+03  5.779764563116E+02  5.190313126496E+04  1.271359148222E-03 -4.882812500000E-04   1   5
