  3.1199E-03  2.2485E-02  3.2277E-01  3.0728E-01  3.8063E+01  4.4946E-01  3.8035E+01
  6.4084E-03  3.5304E-02  6.8168E-01  3.5841E-01  4.4598E+01  7.1742E-01  4.4553E+01
  9.5603E-03  4.6672E-02  1.0118E+00  3.7639E-01  4.5294E+01  8.8682E-01  4.5232E+01
  1.2844E-02  5.8178E-02  1.3155E+00  3.8548E-01  4.2918E+01  1.0297E+00  4.2835E+01
  1.5955E-02  6.8938E-02  1.5437E+00  3.9041E-01  3.8514E+01  1.1510E+00  3.8401E+01
  1.9167E-02  7.9973E-02  1.7035E+00  3.9368E-01  3.2636E+01  1.2682E+00  3.2476E+01
  2.2401E-02  9.1051E-02  1.7848E+00  3.9599E-01  2.6524E+01  1.3786E+00  2.6295E+01
  2.5687E-02  1.0230E-01  1.8016E+00  3.9779E-01  2.1535E+01  1.4795E+00  2.1211E+01
  2.8898E-02  1.1329E-01  1.7851E+00  3.9928E-01  1.8847E+01  1.5631E+00  1.8436E+01
  3.2109E-02  1.2428E-01  1.7738E+00  4.0070E-01  1.8459E+01  1.6283E+00  1.8006E+01
  3.5320E-02  1.3527E-01  1.8012E+00  4.0215E-01  1.9807E+01  1.6771E+00  1.9363E+01
  3.8531E-02  1.4625E-01  1.8901E+00  4.0361E-01  2.2077E+01  1.7177E+00  2.1663E+01
  4.1742E-02  1.5720E-01  2.0501E+00  4.0498E-01  2.4526E+01  1.7554E+00  2.4140E+01
  4.4953E-02  1.6811E-01  2.2794E+00  4.0616E-01  2.6636E+01  1.7930E+00  2.6268E+01
  4.8164E-02  1.7899E-01  2.5673E+00  4.0711E-01  2.8067E+01  1.8296E+00  2.7705E+01
  5.1375E-02  1.8984E-01  2.8970E+00  4.0784E-01  2.8589E+01  1.8636E+00  2.8222E+01
  5.4490E-02  2.0034E-01  3.2367E+00  4.0836E-01  2.8075E+01  1.8938E+00  2.7689E+01
  5.7797E-02  2.1146E-01  3.5947E+00  4.0877E-01  2.6351E+01  1.9276E+00  2.5925E+01
  6.0922E-02  2.2196E-01  3.9085E+00  4.0904E-01  2.3642E+01  1.9570E+00  2.3153E+01
  6.4218E-02  2.3303E-01  4.1920E+00  4.0925E-01  1.9750E+01  1.9903E+00  1.9141E+01
  6.7348E-02  2.4353E-01  4.4016E+00  4.0938E-01  1.5567E+01  2.0205E+00  1.4764E+01
  7.0640E-02  2.5457E-01  4.5539E+00  4.0948E-01  1.1501E+01  2.0469E+00  1.0358E+01
  7.3772E-02  2.6507E-01  4.6395E+00  4.0955E-01  8.7462E+00  2.0653E+00  7.1461E+00
  7.7062E-02  2.7610E-01  4.6825E+00  4.0961E-01  7.3061E+00  2.0807E+00  5.2513E+00
  8.0194E-02  2.8660E-01  4.6954E+00  4.0966E-01  6.9456E+00  2.0959E+00  4.6974E+00
  8.3484E-02  2.9763E-01  4.6939E+00  4.0971E-01  7.1324E+00  2.1141E+00  4.9241E+00
  8.6616E-02  3.0813E-01  4.6872E+00  4.0977E-01  7.5832E+00  2.1322E+00  5.5162E+00
  8.9906E-02  3.1916E-01  4.6800E+00  4.0983E-01  8.1777E+00  2.1525E+00  6.2682E+00
  9.3038E-02  3.2966E-01  4.6753E+00  4.0990E-01  8.6832E+00  2.1730E+00  6.8772E+00
  9.6328E-02  3.4069E-01  4.6727E+00  4.0997E-01  9.0499E+00  2.1925E+00  7.3007E+00
  9.9460E-02  3.5119E-01  4.6716E+00  4.1005E-01  9.2813E+00  2.2095E+00  7.5570E+00
  1.0275E-01  3.6221E-01  4.6711E+00  4.1013E-01  9.4591E+00  2.2262E+00  7.7468E+00
  1.0588E-01  3.7271E-01  4.6709E+00  4.1021E-01  9.6003E+00  2.2415E+00  7.8936E+00
  1.0917E-01  3.8374E-01  4.6708E+00  4.1029E-01  9.7355E+00  2.2571E+00  8.0321E+00
  1.1230E-01  3.9424E-01  4.6708E+00  4.1037E-01  9.8586E+00  2.2718E+00  8.1574E+00
  1.1559E-01  4.0527E-01  4.6708E+00  4.1045E-01  9.9833E+00  2.2867E+00  8.2841E+00
  1.1873E-01  4.1577E-01  4.6708E+00  4.1053E-01  1.0097E+01  2.3002E+00  8.4000E+00
  1.2202E-01  4.2680E-01  4.6708E+00  4.1062E-01  1.0217E+01  2.3142E+00  8.5214E+00
  1.2515E-01  4.3730E-01  4.6708E+00  4.1070E-01  1.0330E+01  2.3273E+00  8.6369E+00
  1.2844E-01  4.4833E-01  4.6708E+00  4.1078E-01  1.0449E+01  2.3409E+00  8.7583E+00
  1.3157E-01  4.5883E-01  4.6708E+00  4.1086E-01  1.0562E+01  2.3535E+00  8.8739E+00
  1.3486E-01  4.6986E-01  4.6708E+00  4.1094E-01  1.0681E+01  2.3666E+00  8.9955E+00
  1.3799E-01  4.8036E-01  4.6708E+00  4.1102E-01  1.0792E+01  2.3785E+00  9.1093E+00
  1.4128E-01  4.9139E-01  4.6708E+00  4.1110E-01  1.0908E+01  2.3908E+00  9.2285E+00
  1.4441E-01  5.0189E-01  4.6708E+00  4.1118E-01  1.1019E+01  2.4023E+00  9.3422E+00
  1.4770E-01  5.1291E-01  4.6708E+00  4.1126E-01  1.1135E+01  2.4141E+00  9.4618E+00
  1.5083E-01  5.2341E-01  4.6708E+00  4.1134E-01  1.1245E+01  2.4253E+00  9.5758E+00
  1.5412E-01  5.3444E-01  4.6708E+00  4.1141E-01  1.1362E+01  2.4368E+00  9.6956E+00
  1.5726E-01  5.4494E-01  4.6708E+00  4.1149E-01  1.1472E+01  2.4476E+00  9.8096E+00
  1.6055E-01  5.5597E-01  4.6708E+00  4.1156E-01  1.1588E+01  2.4588E+00  9.9289E+00
  1.6368E-01  5.6647E-01  4.6708E+00  4.1163E-01  1.1698E+01  2.4693E+00  1.0043E+01
  1.6697E-01  5.7750E-01  4.6708E+00  4.1171E-01  1.1814E+01  2.4802E+00  1.0162E+01
  1.7010E-01  5.8800E-01  4.6708E+00  4.1178E-01  1.1924E+01  2.4905E+00  1.0276E+01
  1.7339E-01  5.9902E-01  4.6708E+00  4.1185E-01  1.2040E+01  2.5013E+00  1.0396E+01
  1.7652E-01  6.0952E-01  4.6708E+00  4.1192E-01  1.2150E+01  2.5114E+00  1.0510E+01
  1.7981E-01  6.2055E-01  4.6708E+00  4.1199E-01  1.2268E+01  2.5223E+00  1.0631E+01
  1.8294E-01  6.3105E-01  4.6708E+00  4.1206E-01  1.2380E+01  2.5326E+00  1.0746E+01
  1.8623E-01  6.4208E-01  4.6708E+00  4.1214E-01  1.2497E+01  2.5433E+00  1.0867E+01
  1.8937E-01  6.5258E-01  4.6708E+00  4.1220E-01  1.2609E+01  2.5536E+00  1.0983E+01
  1.9266E-01  6.6360E-01  4.6708E+00  4.1228E-01  1.2727E+01  2.5643E+00  1.1104E+01
  1.9579E-01  6.7410E-01  4.6708E+00  4.1235E-01  1.2840E+01  2.5746E+00  1.1219E+01
  1.9908E-01  6.8513E-01  4.6708E+00  4.1242E-01  1.2958E+01  2.5853E+00  1.1341E+01
  2.0221E-01  6.9563E-01  4.6707E+00  4.1249E-01  1.3072E+01  2.5957E+00  1.1458E+01
  2.0550E-01  7.0665E-01  4.6707E+00  4.1256E-01  1.3192E+01  2.6066E+00  1.1581E+01
  2.0863E-01  7.1715E-01  4.6707E+00  4.1263E-01  1.3307E+01  2.6169E+00  1.1698E+01
  2.1192E-01  7.2818E-01  4.6707E+00  4.1271E-01  1.3427E+01  2.6278E+00  1.1821E+01
  2.1505E-01  7.3868E-01  4.6707E+00  4.1278E-01  1.3541E+01  2.6382E+00  1.1938E+01
  2.1834E-01  7.4971E-01  4.6707E+00  4.1286E-01  1.3662E+01  2.6492E+00  1.2061E+01
  2.2148E-01  7.6021E-01  4.6707E+00  4.1293E-01  1.3778E+01  2.6598E+00  1.2180E+01
  2.2476E-01  7.7123E-01  4.6707E+00  4.1301E-01  1.3900E+01  2.6711E+00  1.2304E+01
  2.2790E-01  7.8173E-01  4.6707E+00  4.1308E-01  1.4017E+01  2.6818E+00  1.2423E+01
  2.3119E-01  7.9276E-01  4.6707E+00  4.1316E-01  1.4139E+01  2.6931E+00  1.2547E+01
  2.3432E-01  8.0326E-01  4.6707E+00  4.1324E-01  1.4256E+01  2.7039E+00  1.2666E+01
  2.3761E-01  8.1428E-01  4.6707E+00  4.1332E-01  1.4379E+01  2.7152E+00  1.2791E+01
  2.4074E-01  8.2478E-01  4.6707E+00  4.1339E-01  1.4496E+01  2.7261E+00  1.2910E+01
  2.4403E-01  8.3581E-01  4.6707E+00  4.1347E-01  1.4621E+01  2.7376E+00  1.3036E+01
  2.4716E-01  8.4631E-01  4.6707E+00  4.1355E-01  1.4740E+01  2.7486E+00  1.3157E+01
  2.5045E-01  8.5734E-01  4.6707E+00  4.1364E-01  1.4865E+01  2.7602E+00  1.3283E+01
  2.5358E-01  8.6784E-01  4.6707E+00  4.1372E-01  1.4984E+01  2.7713E+00  1.3403E+01
  2.5687E-01  8.7886E-01  4.6707E+00  4.1380E-01  1.5109E+01  2.7829E+00  1.3530E+01
  2.6001E-01  8.8936E-01  4.6707E+00  4.1388E-01  1.5229E+01  2.7941E+00  1.3650E+01
  2.6330E-01  9.0039E-01  4.6706E+00  4.1397E-01  1.5355E+01  2.8060E+00  1.3778E+01
  2.6643E-01  9.1089E-01  4.6706E+00  4.1405E-01  1.5477E+01  2.8175E+00  1.3901E+01
  2.6972E-01  9.2191E-01  4.6706E+00  4.1414E-01  1.5605E+01  2.8295E+00  1.4029E+01
  2.7285E-01  9.3241E-01  4.6706E+00  4.1422E-01  1.5726E+01  2.8411E+00  1.4152E+01
  2.7614E-01  9.4344E-01  4.6706E+00  4.1431E-01  1.5854E+01  2.8532E+00  1.4280E+01
  2.7927E-01  9.5394E-01  4.6706E+00  4.1440E-01  1.5976E+01  2.8648E+00  1.4403E+01
  2.8256E-01  9.6497E-01  4.6706E+00  4.1449E-01  1.6104E+01  2.8770E+00  1.4532E+01
  2.8569E-01  9.7547E-01  4.6706E+00  4.1457E-01  1.6228E+01  2.8888E+00  1.4656E+01
  2.8898E-01  9.8649E-01  4.6706E+00  4.1467E-01  1.6358E+01  2.9012E+00  1.4786E+01
  2.9212E-01  9.9699E-01  4.6706E+00  4.1475E-01  1.6482E+01  2.9130E+00  1.4911E+01
  2.9540E-01  1.0080E+00  4.6706E+00  4.1485E-01  1.6612E+01  2.9255E+00  1.5041E+01
  2.9854E-01  1.0185E+00  4.6706E+00  4.1494E-01  1.6736E+01  2.9374E+00  1.5166E+01
  3.0183E-01  1.0295E+00  4.6706E+00  4.1503E-01  1.6867E+01  2.9499E+00  1.5296E+01
  3.0496E-01  1.0400E+00  4.6706E+00  4.1513E-01  1.6992E+01  2.9621E+00  1.5422E+01
  3.0825E-01  1.0511E+00  4.6706E+00  4.1522E-01  1.7125E+01  2.9749E+00  1.5554E+01
  3.1138E-01  1.0616E+00  4.6706E+00  4.1532E-01  1.7251E+01  2.9872E+00  1.5680E+01
  3.1467E-01  1.0726E+00  4.6706E+00  4.1541E-01  1.7383E+01  3.0001E+00  1.5812E+01
  3.1780E-01  1.0831E+00  4.6706E+00  4.1551E-01  1.7510E+01  3.0124E+00  1.5938E+01
  3.2109E-01  1.0941E+00  4.6706E+00  4.1561E-01  1.7642E+01  3.0253E+00  1.6070E+01
  3.2422E-01  1.1046E+00  4.6705E+00  4.1571E-01  1.7769E+01  3.0377E+00  1.6197E+01
  3.2751E-01  1.1156E+00  4.6705E+00  4.1581E-01  1.7904E+01  3.0510E+00  1.6331E+01
  3.3065E-01  1.1261E+00  4.6705E+00  4.1591E-01  1.8033E+01  3.0636E+00  1.6459E+01
  3.3394E-01  1.1372E+00  4.6705E+00  4.1601E-01  1.8168E+01  3.0769E+00  1.6594E+01
  3.3707E-01  1.1477E+00  4.6705E+00  4.1611E-01  1.8296E+01  3.0896E+00  1.6722E+01
  3.4036E-01  1.1587E+00  4.6705E+00  4.1621E-01  1.8432E+01  3.1030E+00  1.6857E+01
  3.4349E-01  1.1692E+00  4.6705E+00  4.1631E-01  1.8560E+01  3.1157E+00  1.6985E+01
  3.4678E-01  1.1802E+00  4.6705E+00  4.1642E-01  1.8697E+01  3.1294E+00  1.7121E+01
  3.4991E-01  1.1907E+00  4.6705E+00  4.1652E-01  1.8828E+01  3.1426E+00  1.7251E+01
  3.5320E-01  1.2018E+00  4.6705E+00  4.1663E-01  1.8966E+01  3.1566E+00  1.7387E+01
  3.5633E-01  1.2123E+00  4.6705E+00  4.1674E-01  1.9097E+01  3.1698E+00  1.7517E+01
  3.5962E-01  1.2233E+00  4.6705E+00  4.1685E-01  1.9235E+01  3.1838E+00  1.7654E+01
  3.6276E-01  1.2338E+00  4.6705E+00  4.1695E-01  1.9366E+01  3.1972E+00  1.7783E+01
  3.6605E-01  1.2448E+00  4.6705E+00  4.1706E-01  1.9504E+01  3.2112E+00  1.7920E+01
  3.6918E-01  1.2553E+00  4.6705E+00  4.1717E-01  1.9638E+01  3.2246E+00  1.8052E+01
  3.7247E-01  1.2663E+00  4.6705E+00  4.1728E-01  1.9778E+01  3.2386E+00  1.8191E+01
  3.7560E-01  1.2768E+00  4.6705E+00  4.1739E-01  1.9911E+01  3.2520E+00  1.8323E+01
  3.7889E-01  1.2879E+00  4.6705E+00  4.1751E-01  2.0051E+01  3.2661E+00  1.8462E+01
  3.8202E-01  1.2984E+00  4.6704E+00  4.1762E-01  2.0184E+01  3.2796E+00  1.8594E+01
  3.8531E-01  1.3094E+00  4.6704E+00  4.1774E-01  2.0325E+01  3.2938E+00  1.8733E+01
  3.8844E-01  1.3199E+00  4.6704E+00  4.1785E-01  2.0459E+01  3.3075E+00  1.8866E+01
  3.9173E-01  1.3309E+00  4.6704E+00  4.1797E-01  2.0602E+01  3.3221E+00  1.9007E+01
  3.9487E-01  1.3414E+00  4.6704E+00  4.1808E-01  2.0737E+01  3.3360E+00  1.9141E+01
  3.9815E-01  1.3524E+00  4.6704E+00  4.1820E-01  2.0880E+01  3.3506E+00  1.9282E+01
  4.0129E-01  1.3629E+00  4.6704E+00  4.1832E-01  2.1016E+01  3.3645E+00  1.9416E+01
  4.0458E-01  1.3740E+00  4.6704E+00  4.1844E-01  2.1158E+01  3.3792E+00  1.9556E+01
  4.0771E-01  1.3845E+00  4.6704E+00  4.1855E-01  2.1294E+01  3.3932E+00  1.9690E+01
  4.1100E-01  1.3955E+00  4.6704E+00  4.1868E-01  2.1439E+01  3.4083E+00  1.9833E+01
  4.1413E-01  1.4060E+00  4.6704E+00  4.1880E-01  2.1577E+01  3.4226E+00  1.9969E+01
  4.1742E-01  1.4170E+00  4.6704E+00  4.1892E-01  2.1722E+01  3.4377E+00  2.0112E+01
  4.2055E-01  1.4275E+00  4.6704E+00  4.1904E-01  2.1860E+01  3.4522E+00  2.0248E+01
  4.2384E-01  1.4385E+00  4.6704E+00  4.1917E-01  2.2005E+01  3.4673E+00  2.0391E+01
  4.2697E-01  1.4490E+00  4.6704E+00  4.1929E-01  2.2143E+01  3.4818E+00  2.0527E+01
  4.3026E-01  1.4601E+00  4.6704E+00  4.1942E-01  2.2289E+01  3.4970E+00  2.0670E+01
  4.3340E-01  1.4706E+00  4.6704E+00  4.1954E-01  2.2428E+01  3.5115E+00  2.0808E+01
  4.3669E-01  1.4816E+00  4.6704E+00  4.1968E-01  2.2575E+01  3.5268E+00  2.0952E+01
  4.3982E-01  1.4921E+00  4.6704E+00  4.1980E-01  2.2714E+01  3.5414E+00  2.1090E+01
  4.4311E-01  1.5031E+00  4.6704E+00  4.1993E-01  2.2861E+01  3.5567E+00  2.1234E+01
  4.4624E-01  1.5136E+00  4.6703E+00  4.2006E-01  2.3000E+01  3.5713E+00  2.1371E+01
  4.4953E-01  1.5246E+00  4.6703E+00  4.2019E-01  2.3147E+01  3.5867E+00  2.1515E+01
  4.5266E-01  1.5351E+00  4.6703E+00  4.2032E-01  2.3288E+01  3.6016E+00  2.1655E+01
  4.5595E-01  1.5462E+00  4.6703E+00  4.2046E-01  2.3437E+01  3.6173E+00  2.1801E+01
  4.5908E-01  1.5567E+00  4.6703E+00  4.2059E-01  2.3578E+01  3.6323E+00  2.1940E+01
  4.6237E-01  1.5677E+00  4.6703E+00  4.2073E-01  2.3727E+01  3.6481E+00  2.2086E+01
  4.6551E-01  1.5782E+00  4.6703E+00  4.2086E-01  2.3868E+01  3.6631E+00  2.2225E+01
  4.6879E-01  1.5892E+00  4.6703E+00  4.2100E-01  2.4017E+01  3.6789E+00  2.2370E+01
  4.7193E-01  1.5997E+00  4.6703E+00  4.2113E-01  2.4159E+01  3.6941E+00  2.2510E+01
  4.7522E-01  1.6107E+00  4.6703E+00  4.2127E-01  2.4309E+01  3.7102E+00  2.2658E+01
  4.7835E-01  1.6212E+00  4.6703E+00  4.2141E-01  2.4453E+01  3.7255E+00  2.2798E+01
  4.8164E-01  1.6323E+00  4.6703E+00  4.2155E-01  2.4603E+01  3.7417E+00  2.2946E+01
  4.8477E-01  1.6428E+00  4.6703E+00  4.2169E-01  2.4746E+01  3.7571E+00  2.3086E+01
  4.8806E-01  1.6538E+00  4.6703E+00  4.2183E-01  2.4896E+01  3.7733E+00  2.3234E+01
  4.9119E-01  1.6643E+00  4.6703E+00  4.2197E-01  2.5039E+01  3.7887E+00  2.3374E+01
  4.9448E-01  1.6753E+00  4.6703E+00  4.2212E-01  2.5192E+01  3.8053E+00  2.3523E+01
  4.9761E-01  1.6858E+00  4.6703E+00  4.2226E-01  2.5336E+01  3.8211E+00  2.3665E+01
  5.0090E-01  1.6968E+00  4.6703E+00  4.2241E-01  2.5489E+01  3.8377E+00  2.3814E+01
  5.0404E-01  1.7073E+00  4.6703E+00  4.2255E-01  2.5634E+01  3.8535E+00  2.3956E+01
  5.0733E-01  1.7184E+00  4.6703E+00  4.2270E-01  2.5786E+01  3.8702E+00  2.4105E+01
  5.1046E-01  1.7289E+00  4.6703E+00  4.2285E-01  2.5931E+01  3.8861E+00  2.4247E+01
  5.1375E-01  1.7399E+00  4.6702E+00  4.2300E-01  2.6084E+01  3.9027E+00  2.4398E+01
  5.1688E-01  1.7504E+00  4.6702E+00  4.2314E-01  2.6231E+01  3.9184E+00  2.4542E+01
  5.2017E-01  1.7614E+00  4.6702E+00  4.2330E-01  2.6385E+01  3.9350E+00  2.4693E+01
  5.2330E-01  1.7719E+00  4.6702E+00  4.2345E-01  2.6532E+01  3.9508E+00  2.4837E+01
  5.2659E-01  1.7830E+00  4.6702E+00  4.2360E-01  2.6686E+01  3.9674E+00  2.4988E+01
  5.2972E-01  1.7935E+00  4.6702E+00  4.2375E-01  2.6833E+01  3.9833E+00  2.5132E+01
  5.3301E-01  1.8045E+00  4.6702E+00  4.2391E-01  2.6987E+01  4.0000E+00  2.5284E+01
  5.3615E-01  1.8150E+00  4.6702E+00  4.2406E-01  2.7136E+01  4.0157E+00  2.5430E+01
  5.3944E-01  1.8260E+00  4.6702E+00  4.2422E-01  2.7292E+01  4.0322E+00  2.5583E+01
  5.4257E-01  1.8365E+00  4.6702E+00  4.2437E-01  2.7441E+01  4.0480E+00  2.5730E+01
  5.4586E-01  1.8475E+00  4.6702E+00  4.2453E-01  2.7597E+01  4.0645E+00  2.5883E+01
  5.4899E-01  1.8580E+00  4.6702E+00  4.2469E-01  2.7746E+01  4.0803E+00  2.6029E+01
  5.5228E-01  1.8691E+00  4.6702E+00  4.2485E-01  2.7902E+01  4.0970E+00  2.6182E+01
  5.5541E-01  1.8796E+00  4.6702E+00  4.2501E-01  2.8051E+01  4.1130E+00  2.6329E+01
  5.5870E-01  1.8906E+00  4.6702E+00  4.2517E-01  2.8209E+01  4.1300E+00  2.6484E+01
  5.6183E-01  1.9011E+00  4.6702E+00  4.2533E-01  2.8360E+01  4.1462E+00  2.6632E+01
  5.6512E-01  1.9121E+00  4.6702E+00  4.2550E-01  2.8518E+01  4.1632E+00  2.6787E+01
  5.6826E-01  1.9226E+00  4.6702E+00  4.2566E-01  2.8668E+01  4.1795E+00  2.6934E+01
  5.7154E-01  1.9336E+00  4.6702E+00  4.2583E-01  2.8826E+01  4.1966E+00  2.7089E+01
  5.7468E-01  1.9441E+00  4.6702E+00  4.2599E-01  2.8976E+01  4.2129E+00  2.7236E+01
  5.7797E-01  1.9552E+00  4.6702E+00  4.2616E-01  2.9136E+01  4.2302E+00  2.7393E+01
  5.8110E-01  1.9657E+00  4.6702E+00  4.2632E-01  2.9288E+01  4.2468E+00  2.7542E+01
  5.8439E-01  1.9767E+00  4.6701E+00  4.2650E-01  2.9447E+01  4.2642E+00  2.7698E+01
  5.8752E-01  1.9872E+00  4.6701E+00  4.2666E-01  2.9599E+01  4.2808E+00  2.7847E+01
  5.9081E-01  1.9982E+00  4.6701E+00  4.2684E-01  2.9758E+01  4.2983E+00  2.8003E+01
  5.9394E-01  2.0087E+00  4.6701E+00  4.2700E-01  2.9910E+01  4.3149E+00  2.8151E+01
  5.9723E-01  2.0197E+00  4.6701E+00  4.2718E-01  3.0071E+01  4.3325E+00  2.8309E+01
  6.0036E-01  2.0302E+00  4.6701E+00  4.2735E-01  3.0224E+01  4.3494E+00  2.8459E+01
  6.0365E-01  2.0413E+00  4.6701E+00  4.2753E-01  3.0385E+01  4.3671E+00  2.8617E+01
  6.0679E-01  2.0518E+00  4.6701E+00  4.2770E-01  3.0539E+01  4.3841E+00  2.8767E+01
  6.1008E-01  2.0628E+00  4.6701E+00  4.2788E-01  3.0700E+01  4.4019E+00  2.8925E+01
  6.1321E-01  2.0733E+00  4.6701E+00  4.2805E-01  3.0853E+01  4.4188E+00  2.9075E+01
  6.1650E-01  2.0843E+00  4.6701E+00  4.2824E-01  3.1014E+01  4.4367E+00  2.9233E+01
  6.1963E-01  2.0948E+00  4.6701E+00  4.2841E-01  3.1170E+01  4.4541E+00  2.9385E+01
  6.2292E-01  2.1058E+00  4.6701E+00  4.2859E-01  3.1334E+01  4.4724E+00  2.9545E+01
  6.2605E-01  2.1163E+00  4.6701E+00  4.2877E-01  3.1489E+01  4.4898E+00  2.9697E+01
  6.2934E-01  2.1274E+00  4.6701E+00  4.2896E-01  3.1653E+01  4.5082E+00  2.9857E+01
  6.3247E-01  2.1379E+00  4.6701E+00  4.2914E-01  3.1808E+01  4.5257E+00  3.0009E+01
  6.3576E-01  2.1489E+00  4.6701E+00  4.2932E-01  3.1971E+01  4.5441E+00  3.0169E+01
  6.3890E-01  2.1594E+00  4.6701E+00  4.2950E-01  3.2128E+01  4.5618E+00  3.0321E+01
  6.4218E-01  2.1704E+00  4.6701E+00  4.2969E-01  3.2293E+01  4.5805E+00  3.0482E+01
  6.4532E-01  2.1809E+00  4.6701E+00  4.2988E-01  3.2450E+01  4.5983E+00  3.0636E+01
  6.4861E-01  2.1919E+00  4.6701E+00  4.3007E-01  3.2614E+01  4.6171E+00  3.0797E+01
  6.5174E-01  2.2024E+00  4.6701E+00  4.3025E-01  3.2771E+01  4.6349E+00  3.0950E+01
  6.5503E-01  2.2135E+00  4.6701E+00  4.3045E-01  3.2936E+01  4.6538E+00  3.1111E+01
  6.5816E-01  2.2240E+00  4.6701E+00  4.3063E-01  3.3093E+01  4.6717E+00  3.1264E+01
  6.6145E-01  2.2350E+00  4.6701E+00  4.3083E-01  3.3258E+01  4.6906E+00  3.1426E+01
  6.6458E-01  2.2455E+00  4.6701E+00  4.3102E-01  3.3416E+01  4.7086E+00  3.1580E+01
  6.6787E-01  2.2565E+00  4.6701E+00  4.3121E-01  3.3582E+01  4.7275E+00  3.1742E+01
  6.7100E-01  2.2670E+00  4.6700E+00  4.3140E-01  3.3740E+01  4.7455E+00  3.1897E+01
  6.7429E-01  2.2780E+00  4.6700E+00  4.3160E-01  3.3906E+01  4.7645E+00  3.2058E+01
  6.7743E-01  2.2885E+00  4.6700E+00  4.3180E-01  3.4063E+01  4.7827E+00  3.2212E+01
  6.8072E-01  2.2996E+00  4.6700E+00  4.3200E-01  3.4230E+01  4.8018E+00  3.2375E+01
  6.8385E-01  2.3101E+00  4.6700E+00  4.3219E-01  3.4390E+01  4.8202E+00  3.2531E+01
  6.8714E-01  2.3211E+00  4.6700E+00  4.3240E-01  3.4557E+01  4.8396E+00  3.2694E+01
  6.9027E-01  2.3316E+00  4.6700E+00  4.3259E-01  3.4717E+01  4.8581E+00  3.2850E+01
  6.9356E-01  2.3426E+00  4.6700E+00  4.3280E-01  3.4884E+01  4.8775E+00  3.3014E+01
  6.9669E-01  2.3531E+00  4.6700E+00  4.3299E-01  3.5043E+01  4.8961E+00  3.3169E+01
  6.9998E-01  2.3642E+00  4.6700E+00  4.3320E-01  3.5211E+01  4.9156E+00  3.3332E+01
  7.0311E-01  2.3747E+00  4.6700E+00  4.3340E-01  3.5371E+01  4.9338E+00  3.3489E+01
  7.0640E-01  2.3857E+00  4.6700E+00  4.3361E-01  3.5540E+01  4.9529E+00  3.3654E+01
  7.0954E-01  2.3962E+00  4.6700E+00  4.3381E-01  3.5700E+01  4.9712E+00  3.3811E+01
  7.1283E-01  2.4072E+00  4.6700E+00  4.3402E-01  3.5868E+01  4.9904E+00  3.3975E+01
  7.1596E-01  2.4177E+00  4.6700E+00  4.3423E-01  3.6028E+01  5.0087E+00  3.4132E+01
  7.1925E-01  2.4287E+00  4.6700E+00  4.3444E-01  3.6196E+01  5.0280E+00  3.4296E+01
  7.2238E-01  2.4392E+00  4.6700E+00  4.3465E-01  3.6357E+01  5.0463E+00  3.4453E+01
  7.2567E-01  2.4503E+00  4.6700E+00  4.3486E-01  3.6526E+01  5.0654E+00  3.4619E+01
  7.2880E-01  2.4608E+00  4.6700E+00  4.3507E-01  3.6687E+01  5.0836E+00  3.4776E+01
  7.3209E-01  2.4718E+00  4.6700E+00  4.3529E-01  3.6856E+01  5.1028E+00  3.4942E+01
  7.3522E-01  2.4823E+00  4.6700E+00  4.3550E-01  3.7016E+01  5.1211E+00  3.5099E+01
  7.3851E-01  2.4933E+00  4.6700E+00  4.3572E-01  3.7185E+01  5.1404E+00  3.5264E+01
  7.4164E-01  2.5038E+00  4.6700E+00  4.3593E-01  3.7346E+01  5.1587E+00  3.5421E+01
  7.4493E-01  2.5148E+00  4.6700E+00  4.3615E-01  3.7516E+01  5.1780E+00  3.5588E+01
  7.4807E-01  2.5253E+00  4.6700E+00  4.3636E-01  3.7677E+01  5.1964E+00  3.5746E+01
  7.5136E-01  2.5364E+00  4.6700E+00  4.3658E-01  3.7847E+01  5.2157E+00  3.5912E+01
  7.5449E-01  2.5469E+00  4.6700E+00  4.3680E-01  3.8009E+01  5.2342E+00  3.6071E+01
  7.5778E-01  2.5579E+00  4.6700E+00  4.3703E-01  3.8179E+01  5.2536E+00  3.6237E+01
  7.6091E-01  2.5684E+00  4.6700E+00  4.3724E-01  3.8340E+01  5.2722E+00  3.6395E+01
  7.6420E-01  2.5794E+00  4.6700E+00  4.3747E-01  3.8510E+01  5.2914E+00  3.6561E+01
  7.6733E-01  2.5899E+00  4.6700E+00  4.3769E-01  3.8672E+01  5.3094E+00  3.6720E+01
  7.7062E-01  2.6009E+00  4.6700E+00  4.3792E-01  3.8842E+01  5.3284E+00  3.6887E+01
  7.7375E-01  2.6114E+00  4.6700E+00  4.3814E-01  3.9004E+01  5.3465E+00  3.7046E+01
  7.7704E-01  2.6225E+00  4.6700E+00  4.3837E-01  3.9174E+01  5.3655E+00  3.7213E+01
  7.8018E-01  2.6330E+00  4.6700E+00  4.3859E-01  3.9336E+01  5.3836E+00  3.7372E+01
  7.8347E-01  2.6440E+00  4.6699E+00  4.3883E-01  3.9506E+01  5.4027E+00  3.7538E+01
  7.8660E-01  2.6545E+00  4.6699E+00  4.3905E-01  3.9670E+01  5.4212E+00  3.7699E+01
  7.8989E-01  2.6655E+00  4.6699E+00  4.3929E-01  3.9842E+01  5.4407E+00  3.7868E+01
  7.9302E-01  2.6760E+00  4.6699E+00  4.3951E-01  4.0006E+01  5.4593E+00  3.8029E+01
  7.9631E-01  2.6870E+00  4.6699E+00  4.3975E-01  4.0178E+01  5.4789E+00  3.8198E+01
  7.9944E-01  2.6975E+00  4.6699E+00  4.3998E-01  4.0342E+01  5.4976E+00  3.8358E+01
  8.0273E-01  2.7086E+00  4.6699E+00  4.4022E-01  4.0514E+01  5.5172E+00  3.8527E+01
  8.0586E-01  2.7191E+00  4.6699E+00  4.4045E-01  4.0678E+01  5.5360E+00  3.8687E+01
  8.0915E-01  2.7301E+00  4.6699E+00  4.4069E-01  4.0850E+01  5.5557E+00  3.8856E+01
  8.1229E-01  2.7406E+00  4.6699E+00  4.4093E-01  4.1014E+01  5.5745E+00  3.9017E+01
  8.1557E-01  2.7516E+00  4.6699E+00  4.4117E-01  4.1186E+01  5.5944E+00  3.9186E+01
  8.1871E-01  2.7621E+00  4.6699E+00  4.4140E-01  4.1350E+01  5.6133E+00  3.9346E+01
  8.2200E-01  2.7731E+00  4.6699E+00  4.4165E-01  4.1522E+01  5.6331E+00  3.9515E+01
  8.2513E-01  2.7836E+00  4.6699E+00  4.4189E-01  4.1686E+01  5.6521E+00  3.9675E+01
  8.2842E-01  2.7947E+00  4.6699E+00  4.4213E-01  4.1857E+01  5.6716E+00  3.9843E+01
  8.3155E-01  2.8052E+00  4.6699E+00  4.4237E-01  4.2021E+01  5.6901E+00  4.0004E+01
  8.3484E-01  2.8162E+00  4.6699E+00  4.4262E-01  4.2192E+01  5.7095E+00  4.0172E+01
  8.3797E-01  2.8267E+00  4.6699E+00  4.4286E-01  4.2355E+01  5.7281E+00  4.0332E+01
  8.4126E-01  2.8377E+00  4.6699E+00  4.4312E-01  4.2526E+01  5.7476E+00  4.0500E+01
  8.4439E-01  2.8482E+00  4.6699E+00  4.4336E-01  4.2689E+01  5.7662E+00  4.0660E+01
  8.4768E-01  2.8592E+00  4.6699E+00  4.4361E-01  4.2860E+01  5.7855E+00  4.0828E+01
  8.5082E-01  2.8697E+00  4.6699E+00  4.4386E-01  4.3024E+01  5.8032E+00  4.0989E+01
  8.5411E-01  2.8808E+00  4.6699E+00  4.4411E-01  4.3195E+01  5.8219E+00  4.1158E+01
  8.5724E-01  2.8913E+00  4.6699E+00  4.4436E-01  4.3358E+01  5.8398E+00  4.1319E+01
  8.6053E-01  2.9023E+00  4.6699E+00  4.4462E-01  4.3530E+01  5.8586E+00  4.1487E+01
  8.6366E-01  2.9128E+00  4.6699E+00  4.4487E-01  4.3693E+01  5.8765E+00  4.1648E+01
  8.6695E-01  2.9238E+00  4.6699E+00  4.4513E-01  4.3864E+01  5.8953E+00  4.1816E+01
  8.7008E-01  2.9343E+00  4.6699E+00  4.4538E-01  4.4026E+01  5.9130E+00  4.1977E+01
  8.7337E-01  2.9454E+00  4.6699E+00  4.4564E-01  4.4197E+01  5.9314E+00  4.2146E+01
  8.7650E-01  2.9559E+00  4.6699E+00  4.4589E-01  4.4360E+01  5.9490E+00  4.2306E+01
  8.7979E-01  2.9669E+00  4.6699E+00  4.4616E-01  4.4531E+01  5.9676E+00  4.2474E+01
  8.8293E-01  2.9774E+00  4.6699E+00  4.4641E-01  4.4693E+01  5.9852E+00  4.2635E+01
  8.8370E-01  2.9800E+00  4.6699E+00  4.4647E-01  4.4733E+01  5.9896E+00  4.2674E+01
  8.8621E-01  2.9884E+00  4.6699E+00  4.4668E-01  4.4863E+01  6.0038E+00  4.2802E+01
  8.8934E-01  2.9989E+00  4.6699E+00  4.4693E-01  4.5025E+01  6.0215E+00  4.2962E+01
  8.9264E-01  3.0099E+00  4.6699E+00  4.4720E-01  4.5196E+01  6.0397E+00  4.3131E+01
  8.9577E-01  3.0204E+00  4.6699E+00  4.4746E-01  4.5359E+01  6.0571E+00  4.3292E+01
  8.9906E-01  3.0315E+00  4.6699E+00  4.4773E-01  4.5529E+01  6.0754E+00  4.3460E+01
  9.0219E-01  3.0420E+00  4.6699E+00  4.4799E-01  4.5692E+01  6.0929E+00  4.3621E+01
  9.0548E-01  3.0530E+00  4.6699E+00  4.4826E-01  4.5862E+01  6.1112E+00  4.3789E+01
  9.0861E-01  3.0635E+00  4.6699E+00  4.4852E-01  4.6024E+01  6.1288E+00  4.3949E+01
  9.1190E-01  3.0745E+00  4.6699E+00  4.4880E-01  4.6194E+01  6.1468E+00  4.4116E+01
  9.1503E-01  3.0850E+00  4.6699E+00  4.4906E-01  4.6355E+01  6.1639E+00  4.4276E+01
  9.1832E-01  3.0960E+00  4.6699E+00  4.4934E-01  4.6525E+01  6.1818E+00  4.4444E+01
  9.2146E-01  3.1065E+00  4.6699E+00  4.4961E-01  4.6686E+01  6.1990E+00  4.4604E+01
  9.2475E-01  3.1176E+00  4.6699E+00  4.4989E-01  4.6855E+01  6.2170E+00  4.4771E+01
  9.2788E-01  3.1281E+00  4.6699E+00  4.5015E-01  4.7016E+01  6.2342E+00  4.4930E+01
  9.3117E-01  3.1391E+00  4.6699E+00  4.5043E-01  4.7185E+01  6.2521E+00  4.5097E+01
  9.3430E-01  3.1496E+00  4.6699E+00  4.5070E-01  4.7346E+01  6.2684E+00  4.5257E+01
  9.3759E-01  3.1606E+00  4.6699E+00  4.5099E-01  4.7515E+01  6.2857E+00  4.5425E+01
  9.4072E-01  3.1711E+00  4.6699E+00  4.5126E-01  4.7676E+01  6.3021E+00  4.5584E+01
  9.4401E-01  3.1821E+00  4.6699E+00  4.5154E-01  4.7844E+01  6.3194E+00  4.5752E+01
  9.4714E-01  3.1926E+00  4.6699E+00  4.5182E-01  4.8005E+01  6.3358E+00  4.5911E+01
  9.5043E-01  3.2037E+00  4.6699E+00  4.5210E-01  4.8173E+01  6.3532E+00  4.6078E+01
  9.5357E-01  3.2142E+00  4.6699E+00  4.5238E-01  4.8333E+01  6.3697E+00  4.6237E+01
  9.5686E-01  3.2252E+00  4.6699E+00  4.5267E-01  4.8501E+01  6.3870E+00  4.6403E+01
  9.5999E-01  3.2357E+00  4.6699E+00  4.5295E-01  4.8661E+01  6.4035E+00  4.6562E+01
  9.6328E-01  3.2467E+00  4.6699E+00  4.5324E-01  4.8828E+01  6.4209E+00  4.6728E+01
  9.6641E-01  3.2572E+00  4.6699E+00  4.5352E-01  4.8987E+01  6.4375E+00  4.6886E+01
  9.6970E-01  3.2682E+00  4.6699E+00  4.5381E-01  4.9154E+01  6.4550E+00  4.7051E+01
  9.7283E-01  3.2787E+00  4.6699E+00  4.5409E-01  4.9313E+01  6.4715E+00  4.7209E+01
  9.7612E-01  3.2898E+00  4.6699E+00  4.5439E-01  4.9479E+01  6.4884E+00  4.7374E+01
  9.7925E-01  3.3003E+00  4.6699E+00  4.5467E-01  4.9638E+01  6.5046E+00  4.7531E+01
  9.8103E-01  3.3062E+00  4.6699E+00  4.5483E-01  4.9727E+01  6.5138E+00  4.7621E+01
  9.8249E-01  3.3111E+00  4.6699E+00  4.5496E-01  4.9801E+01  6.5213E+00  4.7694E+01
  9.8575E-01  3.3221E+00  4.6699E+00  4.5526E-01  4.9965E+01  6.5382E+00  4.7857E+01
  9.8889E-01  3.3326E+00  4.6699E+00  4.5554E-01  5.0123E+01  6.5544E+00  4.8014E+01
  9.9218E-01  3.3436E+00  4.6699E+00  4.5585E-01  5.0289E+01  6.5714E+00  4.8178E+01
  9.9531E-01  3.3541E+00  4.6699E+00  4.5613E-01  5.0445E+01  6.5869E+00  4.8334E+01
  9.9860E-01  3.3651E+00  4.6699E+00  4.5644E-01  5.0609E+01  6.6028E+00  4.8497E+01
  1.0017E+00  3.3756E+00  4.6699E+00  4.5672E-01  5.0764E+01  6.6180E+00  4.8652E+01
  1.0050E+00  3.3866E+00  4.6699E+00  4.5703E-01  5.0928E+01  6.6340E+00  4.8815E+01
  1.0082E+00  3.3971E+00  4.6699E+00  4.5732E-01  5.1083E+01  6.6493E+00  4.8970E+01
  1.0114E+00  3.4082E+00  4.6699E+00  4.5763E-01  5.1246E+01  6.6653E+00  4.9133E+01
  1.0146E+00  3.4187E+00  4.6699E+00  4.5792E-01  5.1401E+01  6.6803E+00  4.9288E+01
  1.0179E+00  3.4297E+00  4.6699E+00  4.5823E-01  5.1564E+01  6.6948E+00  4.9450E+01
  1.0210E+00  3.4402E+00  4.6699E+00  4.5852E-01  5.1718E+01  6.7087E+00  4.9605E+01
  1.0243E+00  3.4512E+00  4.6699E+00  4.5884E-01  5.1880E+01  6.7232E+00  4.9767E+01
  1.0274E+00  3.4617E+00  4.6699E+00  4.5913E-01  5.2033E+01  6.7371E+00  4.9922E+01
  1.0307E+00  3.4727E+00  4.6699E+00  4.5945E-01  5.2195E+01  6.7517E+00  5.0084E+01
  1.0338E+00  3.4832E+00  4.6699E+00  4.5974E-01  5.2349E+01  6.7656E+00  5.0238E+01
  1.0371E+00  3.4943E+00  4.6699E+00  4.6006E-01  5.2510E+01  6.7800E+00  5.0399E+01
  1.0403E+00  3.5048E+00  4.6699E+00  4.6036E-01  5.2662E+01  6.7936E+00  5.0553E+01
  1.0436E+00  3.5158E+00  4.6699E+00  4.6068E-01  5.2823E+01  6.8079E+00  5.0714E+01
  1.0467E+00  3.5263E+00  4.6699E+00  4.6098E-01  5.2976E+01  6.8216E+00  5.0867E+01
  1.0500E+00  3.5373E+00  4.6699E+00  4.6130E-01  5.3136E+01  6.8359E+00  5.1027E+01
  1.0531E+00  3.5478E+00  4.6699E+00  4.6160E-01  5.3288E+01  6.8496E+00  5.1180E+01
  1.0564E+00  3.5588E+00  4.6699E+00  4.6192E-01  5.3448E+01  6.8640E+00  5.1341E+01
  1.0595E+00  3.5693E+00  4.6699E+00  4.6223E-01  5.3601E+01  6.8781E+00  5.1494E+01
  1.0628E+00  3.5804E+00  4.6699E+00  4.6255E-01  5.3761E+01  6.8929E+00  5.1654E+01
  1.0659E+00  3.5909E+00  4.6699E+00  4.6286E-01  5.3913E+01  6.9070E+00  5.1807E+01
  1.0692E+00  3.6019E+00  4.6699E+00  4.6318E-01  5.4073E+01  6.9218E+00  5.1967E+01
  1.0724E+00  3.6124E+00  4.6699E+00  4.6349E-01  5.4225E+01  6.9359E+00  5.2119E+01
  1.0757E+00  3.6234E+00  4.6699E+00  4.6382E-01  5.4384E+01  6.9507E+00  5.2279E+01
  1.0788E+00  3.6339E+00  4.6699E+00  4.6413E-01  5.4536E+01  6.9643E+00  5.2431E+01
  1.0821E+00  3.6449E+00  4.6699E+00  4.6446E-01  5.4694E+01  6.9783E+00  5.2590E+01
  1.0852E+00  3.6554E+00  4.6699E+00  4.6477E-01  5.4844E+01  6.9916E+00  5.2741E+01
  1.0885E+00  3.6665E+00  4.6699E+00  4.6511E-01  5.5002E+01  7.0056E+00  5.2899E+01
  1.0916E+00  3.6770E+00  4.6699E+00  4.6542E-01  5.5152E+01  7.0189E+00  5.3050E+01
  1.0949E+00  3.6880E+00  4.6699E+00  4.6575E-01  5.5309E+01  7.0329E+00  5.3208E+01
  1.0981E+00  3.6985E+00  4.6699E+00  4.6607E-01  5.5459E+01  7.0461E+00  5.3359E+01
  1.1013E+00  3.7095E+00  4.6699E+00  4.6641E-01  5.5616E+01  7.0591E+00  5.3517E+01
  1.1045E+00  3.7200E+00  4.6699E+00  4.6672E-01  5.5764E+01  7.0715E+00  5.3667E+01
  1.1078E+00  3.7311E+00  4.6699E+00  4.6706E-01  5.5921E+01  7.0845E+00  5.3824E+01
  1.1109E+00  3.7416E+00  4.6699E+00  4.6738E-01  5.6069E+01  7.0969E+00  5.3974E+01
  1.1142E+00  3.7526E+00  4.6699E+00  4.6772E-01  5.6225E+01  7.1099E+00  5.4131E+01
  1.1173E+00  3.7631E+00  4.6699E+00  4.6804E-01  5.6373E+01  7.1223E+00  5.4280E+01
  1.1206E+00  3.7741E+00  4.6699E+00  4.6838E-01  5.6528E+01  7.1344E+00  5.4437E+01
  1.1237E+00  3.7846E+00  4.6699E+00  4.6871E-01  5.6675E+01  7.1455E+00  5.4586E+01
  1.1270E+00  3.7956E+00  4.6699E+00  4.6905E-01  5.6829E+01  7.1572E+00  5.4743E+01
  1.1302E+00  3.8061E+00  4.6699E+00  4.6938E-01  5.6976E+01  7.1683E+00  5.4891E+01
  1.1335E+00  3.8172E+00  4.6699E+00  4.6972E-01  5.7130E+01  7.1799E+00  5.5048E+01
  1.1366E+00  3.8277E+00  4.6699E+00  4.7005E-01  5.7277E+01  7.1910E+00  5.5196E+01
  1.1399E+00  3.8387E+00  4.6699E+00  4.7039E-01  5.7430E+01  7.2026E+00  5.5352E+01
  1.1430E+00  3.8492E+00  4.6699E+00  4.7072E-01  5.7576E+01  7.2133E+00  5.5499E+01
  1.1463E+00  3.8602E+00  4.6699E+00  4.7107E-01  5.7728E+01  7.2244E+00  5.5654E+01
  1.1494E+00  3.8707E+00  4.6699E+00  4.7140E-01  5.7873E+01  7.2351E+00  5.5801E+01
  1.1527E+00  3.8817E+00  4.6700E+00  4.7175E-01  5.8025E+01  7.2463E+00  5.5955E+01
  1.1559E+00  3.8922E+00  4.6700E+00  4.7209E-01  5.8170E+01  7.2569E+00  5.6102E+01
  1.1591E+00  3.9033E+00  4.6700E+00  4.7244E-01  5.8322E+01  7.2681E+00  5.6256E+01
  1.1623E+00  3.9138E+00  4.6700E+00  4.7277E-01  5.8465E+01  7.2785E+00  5.6402E+01
  1.1656E+00  3.9248E+00  4.6700E+00  4.7313E-01  5.8616E+01  7.2893E+00  5.6555E+01
  1.1687E+00  3.9353E+00  4.6700E+00  4.7347E-01  5.8759E+01  7.2995E+00  5.6701E+01
  1.1720E+00  3.9463E+00  4.6700E+00  4.7382E-01  5.8909E+01  7.3102E+00  5.6853E+01
  1.1751E+00  3.9568E+00  4.6700E+00  4.7416E-01  5.9052E+01  7.3205E+00  5.6998E+01
  1.1784E+00  3.9678E+00  4.6700E+00  4.7452E-01  5.9202E+01  7.3312E+00  5.7151E+01
  1.1815E+00  3.9783E+00  4.6700E+00  4.7486E-01  5.9345E+01  7.3414E+00  5.7295E+01
  1.1848E+00  3.9894E+00  4.6700E+00  4.7522E-01  5.9494E+01  7.3521E+00  5.7447E+01
  1.1880E+00  3.9999E+00  4.6700E+00  4.7556E-01  5.9636E+01  7.3622E+00  5.7591E+01
  1.1913E+00  4.0109E+00  4.6700E+00  4.7592E-01  5.9784E+01  7.3728E+00  5.7742E+01
  1.1944E+00  4.0214E+00  4.6700E+00  4.7626E-01  5.9922E+01  7.3831E+00  5.7882E+01
  1.1977E+00  4.0324E+00  4.6699E+00  4.7663E-01  6.0049E+01  7.3938E+00  5.8011E+01
  1.2008E+00  4.0429E+00  4.6696E+00  4.7697E-01  6.0162E+01  7.4041E+00  5.8125E+01
  1.2041E+00  4.0539E+00  4.6691E+00  4.7734E-01  6.0262E+01  7.4145E+00  5.8226E+01
  1.2072E+00  4.0644E+00  4.6682E+00  4.7768E-01  6.0329E+01  7.4242E+00  5.8293E+01
  1.2105E+00  4.0755E+00  4.6668E+00  4.7805E-01  6.0355E+01  7.4347E+00  5.8317E+01
  1.2137E+00  4.0860E+00  4.6647E+00  4.7840E-01  6.0327E+01  7.4450E+00  5.8285E+01
  1.2169E+00  4.0970E+00  4.6619E+00  4.7876E-01  6.0244E+01  7.4561E+00  5.8196E+01
  1.2201E+00  4.1075E+00  4.6589E+00  4.7911E-01  6.0155E+01  7.4666E+00  5.8101E+01
  1.2234E+00  4.1185E+00  4.6569E+00  4.7948E-01  6.0163E+01  7.4770E+00  5.8107E+01
  1.2265E+00  4.1290E+00  4.6590E+00  4.7983E-01  6.0419E+01  7.4854E+00  5.8371E+01
  1.2298E+00  4.1400E+00  4.6695E+00  4.8020E-01  6.1043E+01  7.4944E+00  5.9014E+01
  1.2329E+00  4.1505E+00  4.6914E+00  4.8055E-01  6.1875E+01  7.5046E+00  5.9872E+01
  1.2362E+00  4.1616E+00  4.7286E+00  4.8092E-01  6.2756E+01  7.5173E+00  6.0779E+01
  1.2393E+00  4.1721E+00  4.7768E+00  4.8127E-01  6.3404E+01  7.5303E+00  6.1443E+01
  1.2426E+00  4.1831E+00  4.8375E+00  4.8162E-01  6.3757E+01  7.5448E+00  6.1803E+01
  1.2458E+00  4.1936E+00  4.9000E+00  4.8195E-01  6.3603E+01  7.5595E+00  6.1638E+01
  1.2490E+00  4.2046E+00  4.9643E+00  4.8228E-01  6.2937E+01  7.5742E+00  6.0946E+01
  1.2522E+00  4.2151E+00  5.0194E+00  4.8258E-01  6.1856E+01  7.5887E+00  5.9824E+01
  1.2555E+00  4.2261E+00  5.0666E+00  4.8288E-01  6.0410E+01  7.6023E+00  5.8322E+01
  1.2586E+00  4.2366E+00  5.1008E+00  4.8315E-01  5.9131E+01  7.6111E+00  5.6994E+01
  1.2619E+00  4.2476E+00  5.1297E+00  4.8343E-01  5.8381E+01  7.6165E+00  5.6215E+01
  1.2650E+00  4.2581E+00  5.1576E+00  4.8369E-01  5.8388E+01  7.6215E+00  5.6221E+01
  1.2683E+00  4.2691E+00  5.1941E+00  4.8395E-01  5.8903E+01  7.6296E+00  5.6754E+01
  1.2715E+00  4.2796E+00  5.2390E+00  4.8421E-01  5.9497E+01  7.6401E+00  5.7367E+01
  1.2747E+00  4.2906E+00  5.2960E+00  4.8447E-01  5.9937E+01  7.6524E+00  5.7818E+01
  1.2779E+00  4.3011E+00  5.3567E+00  4.8471E-01  5.9996E+01  7.6654E+00  5.7875E+01
  1.2812E+00  4.3122E+00  5.4217E+00  4.8495E-01  5.9566E+01  7.6793E+00  5.7423E+01
  1.2843E+00  4.3227E+00  5.4797E+00  4.8517E-01  5.8677E+01  7.6929E+00  5.6494E+01
  1.2876E+00  4.3336E+00  5.5312E+00  4.8540E-01  5.7327E+01  7.7061E+00  5.5085E+01
  1.2907E+00  4.3441E+00  5.5694E+00  4.8560E-01  5.5949E+01  7.7152E+00  5.3646E+01
  1.2940E+00  4.3551E+00  5.6003E+00  4.8580E-01  5.4929E+01  7.7200E+00  5.2580E+01
  1.2971E+00  4.3656E+00  5.6273E+00  4.8599E-01  5.4669E+01  7.7226E+00  5.2309E+01
  1.3004E+00  4.3766E+00  5.6607E+00  4.8618E-01  5.5039E+01  7.7280E+00  5.2694E+01
  1.3036E+00  4.3871E+00  5.7020E+00  4.8637E-01  5.5634E+01  7.7364E+00  5.3311E+01
  1.3068E+00  4.3981E+00  5.7561E+00  4.8656E-01  5.6171E+01  7.7464E+00  5.3867E+01
  1.3100E+00  4.4086E+00  5.8156E+00  4.8674E-01  5.6403E+01  7.7569E+00  5.4104E+01
  1.3133E+00  4.4196E+00  5.8814E+00  4.8692E-01  5.6088E+01  7.7704E+00  5.3769E+01
  1.3164E+00  4.4301E+00  5.9418E+00  4.8709E-01  5.5321E+01  7.7820E+00  5.2964E+01
  1.3197E+00  4.4411E+00  5.9972E+00  4.8725E-01  5.4071E+01  7.7943E+00  5.1651E+01
  1.3228E+00  4.4516E+00  6.0395E+00  4.8741E-01  5.2668E+01  7.8036E+00  5.0176E+01
  1.3261E+00  4.4626E+00  6.0731E+00  4.8756E-01  5.1464E+01  7.8081E+00  4.8909E+01
  1.3292E+00  4.4731E+00  6.1004E+00  4.8770E-01  5.0968E+01  7.8094E+00  4.8387E+01
  1.3325E+00  4.4841E+00  6.1316E+00  4.8784E-01  5.1164E+01  7.8122E+00  4.8593E+01
  1.3357E+00  4.4946E+00  6.1697E+00  4.8798E-01  5.1723E+01  7.8184E+00  4.9179E+01
  1.3390E+00  4.5056E+00  6.2205E+00  4.8812E-01  5.2326E+01  7.8272E+00  4.9809E+01
  1.3421E+00  4.5161E+00  6.2781E+00  4.8825E-01  5.2699E+01  7.8366E+00  5.0195E+01
  1.3454E+00  4.5271E+00  6.3437E+00  4.8839E-01  5.2587E+01  7.8504E+00  5.0070E+01
  1.3485E+00  4.5376E+00  6.4058E+00  4.8852E-01  5.1983E+01  7.8612E+00  4.9430E+01
  1.3518E+00  4.5485E+00  6.4647E+00  4.8864E-01  5.0896E+01  7.8733E+00  4.8278E+01
  1.3549E+00  4.5590E+00  6.5113E+00  4.8876E-01  4.9539E+01  7.8836E+00  4.6839E+01
  1.3582E+00  4.5700E+00  6.5486E+00  4.8887E-01  4.8177E+01  7.8898E+00  4.5394E+01
  1.3614E+00  4.5805E+00  6.5769E+00  4.8898E-01  4.7389E+01  7.8913E+00  4.4556E+01
  1.3646E+00  4.5915E+00  6.6061E+00  4.8908E-01  4.7313E+01  7.8923E+00  4.4476E+01
  1.3678E+00  4.6020E+00  6.6404E+00  4.8918E-01  4.7759E+01  7.8965E+00  4.4948E+01
  1.3711E+00  4.6130E+00  6.6866E+00  4.8929E-01  4.8368E+01  7.9044E+00  4.5590E+01
  1.3742E+00  4.6235E+00  6.7405E+00  4.8939E-01  4.8798E+01  7.9134E+00  4.6041E+01
  1.3775E+00  4.6344E+00  6.8039E+00  4.8949E-01  4.8893E+01  7.9244E+00  4.6135E+01
  1.3806E+00  4.6449E+00  6.8664E+00  4.8959E-01  4.8527E+01  7.9355E+00  4.5740E+01
  1.3839E+00  4.6559E+00  6.9280E+00  4.8969E-01  4.7656E+01  7.9476E+00  4.4807E+01
  1.3870E+00  4.6664E+00  6.9787E+00  4.8977E-01  4.6416E+01  7.9588E+00  4.3478E+01
  1.3903E+00  4.6774E+00  7.0202E+00  4.8986E-01  4.4990E+01  7.9669E+00  4.1947E+01
  1.3935E+00  4.6879E+00  7.0507E+00  4.8994E-01  4.3965E+01  7.9693E+00  4.0846E+01
  1.3968E+00  4.6989E+00  7.0792E+00  4.9002E-01  4.3610E+01  7.9692E+00  4.0464E+01
  1.3999E+00  4.7094E+00  7.1106E+00  4.9010E-01  4.3902E+01  7.9715E+00  4.0778E+01
  1.4032E+00  4.7203E+00  7.1529E+00  4.9018E-01  4.4496E+01  7.9779E+00  4.1413E+01
  1.4063E+00  4.7308E+00  7.2038E+00  4.9025E-01  4.5011E+01  7.9862E+00  4.1960E+01
  1.4096E+00  4.7418E+00  7.2657E+00  4.9033E-01  4.5283E+01  7.9958E+00  4.2245E+01
  1.4127E+00  4.7523E+00  7.3288E+00  4.9040E-01  4.5040E+01  8.0085E+00  4.1975E+01
  1.4160E+00  4.7633E+00  7.3927E+00  4.9048E-01  4.4303E+01  8.0197E+00  4.1175E+01
  1.4192E+00  4.7738E+00  7.4470E+00  4.9055E-01  4.3177E+01  8.0308E+00  3.9952E+01
  1.4224E+00  4.7847E+00  7.4928E+00  4.9061E-01  4.1758E+01  8.0401E+00  3.8408E+01
  1.4256E+00  4.7952E+00  7.5262E+00  4.9067E-01  4.0587E+01  8.0436E+00  3.7129E+01
  1.4289E+00  4.8062E+00  7.5552E+00  4.9073E-01  3.9995E+01  8.0433E+00  3.6483E+01
  1.4320E+00  4.8167E+00  7.5847E+00  4.9079E-01  4.0110E+01  8.0440E+00  3.6609E+01
  1.4353E+00  4.8276E+00  7.6236E+00  4.9085E-01  4.0649E+01  8.0489E+00  3.7195E+01
  1.4384E+00  4.8381E+00  7.6713E+00  4.9091E-01  4.1217E+01  8.0563E+00  3.7809E+01
  1.4417E+00  4.8491E+00  7.7307E+00  4.9097E-01  4.1620E+01  8.0653E+00  3.8240E+01
  1.4448E+00  4.8596E+00  7.7935E+00  4.9102E-01  4.1582E+01  8.0783E+00  3.8189E+01
  1.4481E+00  4.8706E+00  7.8589E+00  4.9108E-01  4.1016E+01  8.0890E+00  3.7564E+01
  1.4513E+00  4.8811E+00  7.9164E+00  4.9113E-01  4.0058E+01  8.1001E+00  3.6505E+01
  1.4545E+00  4.8920E+00  7.9666E+00  4.9118E-01  3.8721E+01  8.1106E+00  3.5024E+01
  1.4577E+00  4.9025E+00  8.0037E+00  4.9123E-01  3.7443E+01  8.1162E+00  3.3601E+01
  1.4610E+00  4.9135E+00  8.0342E+00  4.9127E-01  3.6579E+01  8.1166E+00  3.2635E+01
  1.4641E+00  4.9240E+00  8.0620E+00  4.9132E-01  3.6431E+01  8.1158E+00  3.2471E+01
  1.4674E+00  4.9350E+00  8.0970E+00  4.9136E-01  3.6831E+01  8.1184E+00  3.2917E+01
  1.4705E+00  4.9455E+00  8.1402E+00  4.9140E-01  3.7389E+01  8.1249E+00  3.3534E+01
  1.4738E+00  4.9564E+00  8.1957E+00  4.9145E-01  3.7844E+01  8.1336E+00  3.4033E+01
  1.4770E+00  4.9669E+00  8.2560E+00  4.9149E-01  3.7976E+01  8.1434E+00  3.4171E+01
  1.4802E+00  4.9779E+00  8.3215E+00  4.9153E-01  3.7663E+01  8.1545E+00  3.3813E+01
  1.4834E+00  4.9884E+00  8.3814E+00  4.9157E-01  3.6920E+01  8.1655E+00  3.2972E+01
  1.4867E+00  4.9993E+00  8.4357E+00  4.9161E-01  3.5735E+01  8.1770E+00  3.1628E+01
  1.4898E+00  5.0098E+00  8.4770E+00  4.9165E-01  3.4439E+01  8.1847E+00  3.0148E+01
  1.4931E+00  5.0208E+00  8.5100E+00  4.9168E-01  3.3374E+01  8.1866E+00  2.8924E+01
  1.4962E+00  5.0313E+00  8.5374E+00  4.9171E-01  3.2972E+01  8.1851E+00  2.8462E+01
  1.4995E+00  5.0422E+00  8.5695E+00  4.9175E-01  3.3197E+01  8.1857E+00  2.8722E+01
  1.5026E+00  5.0527E+00  8.6091E+00  4.9178E-01  3.3719E+01  8.1906E+00  2.9319E+01
  1.5059E+00  5.0637E+00  8.6612E+00  4.9181E-01  3.4242E+01  8.1986E+00  2.9910E+01
  1.5091E+00  5.0742E+00  8.7198E+00  4.9185E-01  3.4524E+01  8.2073E+00  3.0223E+01
  1.5123E+00  5.0851E+00  8.7857E+00  4.9188E-01  3.4353E+01  8.2202E+00  3.0014E+01
  1.5155E+00  5.0956E+00  8.8476E+00  4.9191E-01  3.3741E+01  8.2305E+00  2.9300E+01
  1.5188E+00  5.1066E+00  8.9056E+00  4.9194E-01  3.2694E+01  8.2419E+00  2.8075E+01
  1.5219E+00  5.1171E+00  8.9510E+00  4.9196E-01  3.1449E+01  8.2507E+00  2.6604E+01
  1.5252E+00  5.1280E+00  8.9872E+00  4.9199E-01  3.0286E+01  8.2542E+00  2.5215E+01
  1.5283E+00  5.1385E+00  9.0154E+00  4.9201E-01  2.9691E+01  8.2528E+00  2.4500E+01
  1.5316E+00  5.1495E+00  9.0458E+00  4.9204E-01  2.9729E+01  8.2519E+00  2.4547E+01
  1.5348E+00  5.1600E+00  9.0821E+00  4.9206E-01  3.0174E+01  8.2553E+00  2.5080E+01
  1.5380E+00  5.1710E+00  9.1306E+00  4.9209E-01  3.0724E+01  8.2623E+00  2.5731E+01
  1.5412E+00  5.1815E+00  9.1868E+00  4.9211E-01  3.1107E+01  8.2703E+00  2.6177E+01
  1.5445E+00  5.1924E+00  9.2520E+00  4.9214E-01  3.1143E+01  8.2836E+00  2.6203E+01
  1.5476E+00  5.2029E+00  9.3152E+00  4.9216E-01  3.0695E+01  8.2935E+00  2.5655E+01
  1.5509E+00  5.2139E+00  9.3762E+00  4.9218E-01  2.9836E+01  8.3049E+00  2.4607E+01
  1.5540E+00  5.2244E+00  9.4258E+00  4.9220E-01  2.8713E+01  8.3152E+00  2.3217E+01
  1.5573E+00  5.2353E+00  9.4661E+00  4.9222E-01  2.7513E+01  8.3212E+00  2.1707E+01
  1.5604E+00  5.2458E+00  9.4961E+00  4.9224E-01  2.6723E+01  8.3211E+00  2.0696E+01
  1.5637E+00  5.2568E+00  9.5250E+00  4.9226E-01  2.6511E+01  8.3189E+00  2.0427E+01
  1.5669E+00  5.2673E+00  9.5577E+00  4.9227E-01  2.6805E+01  8.3201E+00  2.0805E+01
  1.5701E+00  5.2782E+00  9.6016E+00  4.9229E-01  2.7313E+01  8.3261E+00  2.1447E+01
  1.5733E+00  5.2887E+00  9.6538E+00  4.9231E-01  2.7723E+01  8.3341E+00  2.1954E+01
  1.5766E+00  5.2996E+00  9.7162E+00  4.9233E-01  2.7890E+01  8.3440E+00  2.2149E+01
  1.5797E+00  5.3101E+00  9.7791E+00  4.9234E-01  2.7679E+01  8.3548E+00  2.1866E+01
  1.5830E+00  5.3211E+00  9.8423E+00  4.9236E-01  2.7055E+01  8.3663E+00  2.1053E+01
  1.5861E+00  5.3316E+00  9.8957E+00  4.9237E-01  2.6116E+01  8.3775E+00  1.9813E+01
  1.5894E+00  5.3425E+00  9.9404E+00  4.9239E-01  2.4980E+01  8.3860E+00  1.8274E+01
  1.5926E+00  5.3530E+00  9.9732E+00  4.9240E-01  2.4090E+01  8.3879E+00  1.7034E+01
  1.5958E+00  5.3640E+00  1.0002E+01  4.9241E-01  2.3676E+01  8.3855E+00  1.6448E+01
  1.5990E+00  5.3745E+00  1.0032E+01  4.9243E-01  2.3799E+01  8.3848E+00  1.6626E+01
  1.6023E+00  5.3854E+00  1.0072E+01  4.9244E-01  2.4229E+01  8.3892E+00  1.7229E+01
  1.6054E+00  5.3959E+00  1.0121E+01  4.9245E-01  2.4661E+01  8.3966E+00  1.7816E+01
  1.6087E+00  5.4069E+00  1.0181E+01  4.9246E-01  2.4940E+01  8.4057E+00  1.8184E+01
  1.6118E+00  5.4174E+00  1.0244E+01  4.9247E-01  2.4867E+01  8.4184E+00  1.8060E+01
  1.6151E+00  5.4283E+00  1.0310E+01  4.9249E-01  2.4390E+01  8.4293E+00  1.7376E+01
  1.6182E+00  5.4388E+00  1.0366E+01  4.9250E-01  2.3621E+01  8.4405E+00  1.6255E+01
  1.6215E+00  5.4498E+00  1.0415E+01  4.9251E-01  2.2623E+01  8.4503E+00  1.4745E+01
  1.6247E+00  5.4603E+00  1.0451E+01  4.9252E-01  2.1755E+01  8.4541E+00  1.3366E+01
  1.6279E+00  5.4712E+00  1.0482E+01  4.9253E-01  2.1244E+01  8.4522E+00  1.2522E+01
  1.6311E+00  5.4817E+00  1.0510E+01  4.9253E-01  2.1216E+01  8.4502E+00  1.2481E+01
  1.6344E+00  5.4927E+00  1.0547E+01  4.9254E-01  2.1528E+01  8.4528E+00  1.2998E+01
  1.6375E+00  5.5032E+00  1.0592E+01  4.9255E-01  2.1926E+01  8.4592E+00  1.3631E+01
  1.6408E+00  5.5141E+00  1.0650E+01  4.9256E-01  2.2252E+01  8.4675E+00  1.4129E+01
  1.6439E+00  5.5246E+00  1.0712E+01  4.9257E-01  2.2341E+01  8.4806E+00  1.4237E+01
  1.6472E+00  5.5355E+00  1.0778E+01  4.9257E-01  2.2035E+01  8.4913E+00  1.3725E+01
  1.6503E+00  5.5460E+00  1.0838E+01  4.9258E-01  2.1476E+01  8.5024E+00  1.2778E+01
  1.6536E+00  5.5570E+00  1.0891E+01  4.9259E-01  2.0689E+01  8.5136E+00  1.1372E+01
  1.6568E+00  5.5675E+00  1.0931E+01  4.9260E-01  1.9932E+01  8.5201E+00  9.9055E+00
  1.6600E+00  5.5784E+00  1.0963E+01  4.9260E-01  1.9393E+01  8.5201E+00  8.7700E+00
  1.6632E+00  5.5889E+00  1.0991E+01  4.9261E-01  1.9229E+01  8.5172E+00  8.4137E+00
  1.6665E+00  5.5999E+00  1.1024E+01  4.9261E-01  1.9376E+01  8.5173E+00  8.7445E+00
  1.6696E+00  5.6104E+00  1.1065E+01  4.9262E-01  1.9668E+01  8.5224E+00  9.3560E+00
  1.6729E+00  5.6213E+00  1.1118E+01  4.9262E-01  1.9954E+01  8.5307E+00  9.9141E+00
  1.6760E+00  5.6318E+00  1.1178E+01  4.9263E-01  2.0090E+01  8.5403E+00  1.0153E+01
  1.6793E+00  5.6428E+00  1.1243E+01  4.9263E-01  1.9996E+01  8.5518E+00  9.9247E+00
  1.6825E+00  5.6533E+00  1.1305E+01  4.9264E-01  1.9671E+01  8.5631E+00  9.2085E+00
  1.6857E+00  5.6642E+00  1.1362E+01  4.9264E-01  1.9146E+01  8.5754E+00  7.9741E+00
  1.6889E+00  5.6747E+00  1.1406E+01  4.9264E-01  1.8601E+01  8.5844E+00  6.5088E+00
  1.6922E+00  5.6856E+00  1.1441E+01  4.9265E-01  1.8177E+01  8.5870E+00  5.1579E+00
  1.6953E+00  5.6961E+00  1.1470E+01  4.9265E-01  1.7996E+01  8.5844E+00  4.4968E+00
  1.6986E+00  5.7071E+00  1.1500E+01  4.9265E-01  1.8017E+01  8.5825E+00  4.5971E+00
  1.7017E+00  5.7176E+00  1.1538E+01  4.9265E-01  1.8173E+01  8.5859E+00  5.1515E+00
  1.7050E+00  5.7285E+00  1.1587E+01  4.9266E-01  1.8376E+01  8.5934E+00  5.7811E+00
  1.7081E+00  5.7390E+00  1.1644E+01  4.9266E-01  1.8520E+01  8.6021E+00  6.1748E+00
  1.7114E+00  5.7500E+00  1.1710E+01  4.9266E-01  1.8531E+01  8.6157E+00  6.1276E+00
  1.7146E+00  5.7605E+00  1.1773E+01  4.9266E-01  1.8363E+01  8.6263E+00  5.5322E+00
  1.7178E+00  5.7714E+00  1.1833E+01  4.9267E-01  1.8084E+01  8.6383E+00  4.4260E+00
  1.7210E+00  5.7819E+00  1.1881E+01  4.9267E-01  1.7810E+01  8.6486E+00  3.0055E+00
  1.7243E+00  5.7928E+00  1.1920E+01  4.9267E-01  1.7631E+01  8.6533E+00  1.5331E+00
  1.7274E+00  5.8033E+00  1.1950E+01  4.9267E-01  1.7572E+01  8.6515E+00  6.2944E-01
  1.7307E+00  5.8143E+00  1.1980E+01  4.9267E-01  1.7561E+01  8.6486E+00  4.8953E-01
  1.7338E+00  5.8248E+00  1.2014E+01  4.9267E-01  1.7583E+01  8.6502E+00  9.4250E-01
  1.7371E+00  5.8357E+00  1.2060E+01  4.9267E-01  1.7644E+01  8.6566E+00  1.6059E+00
  1.7403E+00  5.8462E+00  1.2114E+01  4.9267E-01  1.7714E+01  8.6648E+00  2.1161E+00
  1.7435E+00  5.8572E+00  1.2178E+01  4.9267E-01  1.7762E+01  8.6768E+00  2.3051E+00
  1.7467E+00  5.8677E+00  1.2242E+01  4.9267E-01  1.7736E+01  8.6892E+00  1.8759E+00
  1.7500E+00  5.8786E+00  1.2305E+01  4.9267E-01  1.7687E+01  8.7010E+00  9.5347E-01
  1.7531E+00  5.8891E+00  1.2357E+01  4.9267E-01  1.7687E+01  8.7125E+00 -3.4999E-01
  1.7564E+00  5.9000E+00  1.2401E+01  4.9267E-01  1.7800E+01  8.7202E+00 -1.8829E+00
  1.7595E+00  5.9105E+00  1.2433E+01  4.9267E-01  1.7961E+01  8.7207E+00 -3.0476E+00
  1.7628E+00  5.9215E+00  1.2462E+01  4.9267E-01  1.8041E+01  8.7172E+00 -3.5242E+00
  1.7659E+00  5.9320E+00  1.2493E+01  4.9267E-01  1.7992E+01  8.7163E+00 -3.2733E+00
  1.7692E+00  5.9429E+00  1.2534E+01  4.9267E-01  1.7899E+01  8.7211E+00 -2.6501E+00
  1.7724E+00  5.9534E+00  1.2584E+01  4.9267E-01  1.7840E+01  8.7291E+00 -2.0870E+00
  1.7756E+00  5.9643E+00  1.2645E+01  4.9267E-01  1.7828E+01  8.7391E+00 -1.7869E+00
  1.7788E+00  5.9748E+00  1.2708E+01  4.9267E-01  1.7867E+01  8.7506E+00 -1.9394E+00
  1.7821E+00  5.9858E+00  1.2772E+01  4.9267E-01  1.7978E+01  8.7628E+00 -2.6167E+00
  1.7852E+00  5.9963E+00  1.2828E+01  4.9267E-01  1.8201E+01  8.7751E+00 -3.7425E+00
  1.7885E+00  6.0072E+00  1.2876E+01  4.9266E-01  1.8588E+01  8.7855E+00 -5.2457E+00
  1.7916E+00  6.0177E+00  1.2911E+01  4.9266E-01  1.9019E+01  8.7889E+00 -6.5928E+00
  1.7949E+00  6.0287E+00  1.2941E+01  4.9266E-01  1.9302E+01  8.7861E+00 -7.3833E+00
  1.7981E+00  6.0392E+00  1.2970E+01  4.9266E-01  1.9293E+01  8.7835E+00 -7.3735E+00
  1.8013E+00  6.0501E+00  1.3008E+01  4.9265E-01  1.9098E+01  8.7862E+00 -6.8316E+00
  1.8045E+00  6.0606E+00  1.3054E+01  4.9265E-01  1.8899E+01  8.7933E+00 -6.2124E+00
  1.8078E+00  6.0715E+00  1.3112E+01  4.9265E-01  1.8774E+01  8.8026E+00 -5.7623E+00
  1.8109E+00  6.0820E+00  1.3175E+01  4.9265E-01  1.8789E+01  8.8161E+00 -5.7268E+00
  1.8142E+00  6.0930E+00  1.3241E+01  4.9265E-01  1.8988E+01  8.8276E+00 -6.2813E+00
  1.8173E+00  6.1035E+00  1.3300E+01  4.9264E-01  1.9364E+01  8.8395E+00 -7.2811E+00
  1.8206E+00  6.1144E+00  1.3352E+01  4.9264E-01  1.9971E+01  8.8510E+00 -8.7213E+00
  1.8237E+00  6.1249E+00  1.3391E+01  4.9264E-01  2.0651E+01  8.8566E+00 -1.0163E+01
  1.8270E+00  6.1358E+00  1.3422E+01  4.9264E-01  2.1176E+01  8.8550E+00 -1.1196E+01
  1.8302E+00  6.1463E+00  1.3451E+01  4.9263E-01  2.1294E+01  8.8515E+00 -1.1427E+01
  1.8334E+00  6.1573E+00  1.3485E+01  4.9263E-01  2.1075E+01  8.8522E+00 -1.1012E+01
  1.8366E+00  6.1678E+00  1.3528E+01  4.9263E-01  2.0760E+01  8.8580E+00 -1.0375E+01
  1.8399E+00  6.1787E+00  1.3583E+01  4.9262E-01  2.0500E+01  8.8666E+00 -9.8122E+00
  1.8430E+00  6.1892E+00  1.3644E+01  4.9262E-01  2.0399E+01  8.8758E+00 -9.5642E+00
  1.8463E+00  6.2001E+00  1.3711E+01  4.9262E-01  2.0602E+01  8.8919E+00 -9.9310E+00
  1.8494E+00  6.2106E+00  1.3772E+01  4.9261E-01  2.1031E+01  8.9035E+00 -1.0754E+01
  1.8527E+00  6.2216E+00  1.3828E+01  4.9261E-01  2.1748E+01  8.9162E+00 -1.2057E+01
  1.8558E+00  6.2321E+00  1.3871E+01  4.9261E-01  2.2611E+01  8.9247E+00 -1.3528E+01
  1.8591E+00  6.2430E+00  1.3906E+01  4.9260E-01  2.3402E+01  8.9260E+00 -1.4809E+01
  1.8623E+00  6.2535E+00  1.3934E+01  4.9260E-01  2.3754E+01  8.9225E+00 -1.5368E+01
  1.8655E+00  6.2644E+00  1.3965E+01  4.9259E-01  2.3635E+01  8.9207E+00 -1.5187E+01
  1.8687E+00  6.2749E+00  1.4004E+01  4.9259E-01  2.3273E+01  8.9247E+00 -1.4607E+01
  1.8720E+00  6.2859E+00  1.4054E+01  4.9259E-01  2.2908E+01  8.9331E+00 -1.3997E+01
  1.8751E+00  6.2964E+00  1.4112E+01  4.9258E-01  2.2720E+01  8.9429E+00 -1.3660E+01
  1.8784E+00  6.3073E+00  1.4177E+01  4.9258E-01  2.2794E+01  8.9553E+00 -1.3749E+01
  1.8815E+00  6.3178E+00  1.4240E+01  4.9257E-01  2.3170E+01  8.9675E+00 -1.4332E+01
  1.8848E+00  6.3287E+00  1.4299E+01  4.9257E-01  2.3891E+01  8.9809E+00 -1.5438E+01
  1.8880E+00  6.3392E+00  1.4347E+01  4.9257E-01  2.4846E+01  8.9919E+00 -1.6854E+01
  1.8912E+00  6.3502E+00  1.4385E+01  4.9256E-01  2.5853E+01  8.9965E+00 -1.8297E+01
  1.8944E+00  6.3607E+00  1.4414E+01  4.9256E-01  2.6462E+01  8.9942E+00 -1.9152E+01
  1.8977E+00  6.3716E+00  1.4444E+01  4.9255E-01  2.6521E+01  8.9907E+00 -1.9241E+01
  1.9008E+00  6.3821E+00  1.4479E+01  4.9255E-01  2.6177E+01  8.9925E+00 -1.8760E+01
  1.9041E+00  6.3930E+00  1.4526E+01  4.9254E-01  2.5723E+01  8.9998E+00 -1.8106E+01
  1.9072E+00  6.4035E+00  1.4580E+01  4.9254E-01  2.5408E+01  9.0089E+00 -1.7636E+01
  1.9105E+00  6.4145E+00  1.4645E+01  4.9253E-01  2.5349E+01  9.0227E+00 -1.7521E+01
  1.9136E+00  6.4250E+00  1.4709E+01  4.9253E-01  2.5691E+01  9.0348E+00 -1.7988E+01
  1.9169E+00  6.4359E+00  1.4771E+01  4.9253E-01  2.6401E+01  9.0476E+00 -1.8962E+01
  1.9201E+00  6.4464E+00  1.4822E+01  4.9252E-01  2.7396E+01  9.0595E+00 -2.0303E+01
  1.9233E+00  6.4573E+00  1.4865E+01  4.9252E-01  2.8547E+01  9.0666E+00 -2.1819E+01
  1.9265E+00  6.4678E+00  1.4896E+01  4.9251E-01  2.9377E+01  9.0657E+00 -2.2896E+01
  1.9298E+00  6.4788E+00  1.4925E+01  4.9251E-01  2.9644E+01  9.0616E+00 -2.3243E+01
  1.9329E+00  6.4893E+00  1.4957E+01  4.9250E-01  2.9379E+01  9.0614E+00 -2.2904E+01
  1.9362E+00  6.5002E+00  1.5001E+01  4.9250E-01  2.8878E+01  9.0671E+00 -2.2248E+01
  1.9393E+00  6.5107E+00  1.5052E+01  4.9249E-01  2.8453E+01  9.0756E+00 -2.1680E+01
  1.9426E+00  6.5216E+00  1.5115E+01  4.9249E-01  2.8230E+01  9.0858E+00 -2.1367E+01
  1.9458E+00  6.5321E+00  1.5179E+01  4.9248E-01  2.8454E+01  9.1017E+00 -2.1635E+01
  1.9490E+00  6.5431E+00  1.5243E+01  4.9248E-01  2.9076E+01  9.1142E+00 -2.2426E+01
  1.9522E+00  6.5536E+00  1.5298E+01  4.9247E-01  3.0026E+01  9.1270E+00 -2.3623E+01
  1.9555E+00  6.5645E+00  1.5345E+01  4.9247E-01  3.1246E+01  9.1370E+00 -2.5141E+01
  1.9586E+00  6.5750E+00  1.5379E+01  4.9246E-01  3.2295E+01  9.1392E+00 -2.6431E+01
  1.9619E+00  6.5859E+00  1.5409E+01  4.9246E-01  3.2857E+01  9.1356E+00 -2.7119E+01
  1.9650E+00  6.5964E+00  1.5439E+01  4.9245E-01  3.2779E+01  9.1330E+00 -2.7027E+01
  1.9683E+00  6.6074E+00  1.5477E+01  4.9244E-01  3.2310E+01  9.1364E+00 -2.6452E+01
  1.9714E+00  6.6179E+00  1.5525E+01  4.9244E-01  3.1825E+01  9.1445E+00 -2.5846E+01
  1.9747E+00  6.6288E+00  1.5584E+01  4.9243E-01  3.1516E+01  9.1549E+00 -2.5448E+01
  1.9779E+00  6.6393E+00  1.5646E+01  4.9243E-01  3.1545E+01  9.1671E+00 -2.5467E+01
  1.9811E+00  6.6502E+00  1.5711E+01  4.9242E-01  3.1995E+01  9.1802E+00 -2.6002E+01
  1.9843E+00  6.6607E+00  1.5770E+01  4.9242E-01  3.2826E+01  9.1936E+00 -2.7000E+01
  1.9876E+00  6.6717E+00  1.5821E+01  4.9241E-01  3.4031E+01  9.2060E+00 -2.8435E+01
  1.9907E+00  6.6822E+00  1.5859E+01  4.9241E-01  3.5230E+01  9.2117E+00 -2.9852E+01
  1.9940E+00  6.6931E+00  1.5890E+01  4.9240E-01  3.6066E+01  9.2097E+00 -3.0838E+01
  1.9971E+00  6.7036E+00  1.5918E+01  4.9240E-01  3.6219E+01  9.2057E+00 -3.1021E+01
  2.0004E+00  6.7145E+00  1.5953E+01  4.9239E-01  3.5838E+01  9.2067E+00 -3.0573E+01
  2.0036E+00  6.7250E+00  1.5997E+01  4.9238E-01  3.5306E+01  9.2134E+00 -2.9940E+01
  2.0068E+00  6.7360E+00  1.6053E+01  4.9238E-01  3.4873E+01  9.2231E+00 -2.9415E+01
  2.0100E+00  6.7465E+00  1.6114E+01  4.9237E-01  3.4732E+01  9.2348E+00 -2.9232E+01
  2.0132E+00  6.7574E+00  1.6181E+01  4.9237E-01  3.5094E+01  9.2499E+00 -2.9642E+01
  2.0164E+00  6.7679E+00  1.6242E+01  4.9236E-01  3.5846E+01  9.2625E+00 -3.0513E+01
  2.0197E+00  6.7788E+00  1.6297E+01  4.9236E-01  3.7012E+01  9.2756E+00 -3.1858E+01
  2.0228E+00  6.7893E+00  1.6339E+01  4.9235E-01  3.8287E+01  9.2836E+00 -3.3323E+01
  2.0261E+00  6.8003E+00  1.6372E+01  4.9235E-01  3.9336E+01  9.2835E+00 -3.4522E+01
  2.0292E+00  6.8108E+00  1.6400E+01  4.9234E-01  3.9716E+01  9.2792E+00 -3.4960E+01
  2.0325E+00  6.8217E+00  1.6433E+01  4.9233E-01  3.9470E+01  9.2781E+00 -3.4680E+01
  2.0357E+00  6.8322E+00  1.6473E+01  4.9233E-01  3.8933E+01  9.2831E+00 -3.4062E+01
  2.0389E+00  6.8431E+00  1.6526E+01  4.9232E-01  3.8403E+01  9.2920E+00 -3.3444E+01
  2.0421E+00  6.8536E+00  1.6585E+01  4.9232E-01  3.8111E+01  9.3020E+00 -3.3098E+01
  2.0454E+00  6.8645E+00  1.6651E+01  4.9231E-01  3.8286E+01  9.3189E+00 -3.3280E+01
  2.0485E+00  6.8750E+00  1.6714E+01  4.9231E-01  3.8905E+01  9.3311E+00 -3.3976E+01
  2.0518E+00  6.8860E+00  1.6773E+01  4.9230E-01  3.9958E+01  9.3450E+00 -3.5161E+01
  2.0549E+00  6.8965E+00  1.6819E+01  4.9229E-01  4.1240E+01  9.3558E+00 -3.6600E+01
  2.0582E+00  6.9074E+00  1.6856E+01  4.9229E-01  4.2484E+01  9.3592E+00 -3.7993E+01
  2.0613E+00  6.9179E+00  1.6885E+01  4.9228E-01  4.3163E+01  9.3559E+00 -3.8754E+01
  2.0646E+00  6.9288E+00  1.6915E+01  4.9228E-01  4.3160E+01  9.3524E+00 -3.8754E+01
  2.0678E+00  6.9393E+00  1.6951E+01  4.9227E-01  4.2697E+01  9.3549E+00 -3.8235E+01
  2.0710E+00  6.9503E+00  1.6999E+01  4.9226E-01  4.2127E+01  9.3631E+00 -3.7588E+01
  2.0742E+00  6.9608E+00  1.7055E+01  4.9226E-01  4.1757E+01  9.3733E+00 -3.7163E+01
  2.0775E+00  6.9717E+00  1.7119E+01  4.9225E-01  4.1726E+01  9.3861E+00 -3.7115E+01
  2.0806E+00  6.9822E+00  1.7182E+01  4.9225E-01  4.2135E+01  9.3993E+00 -3.7560E+01
  2.0839E+00  6.9931E+00  1.7244E+01  4.9224E-01  4.3014E+01  9.4136E+00 -3.8528E+01
  2.0870E+00  7.0036E+00  1.7294E+01  4.9223E-01  4.4227E+01  9.4265E+00 -3.9866E+01
  2.0903E+00  7.0146E+00  1.7336E+01  4.9223E-01  4.5585E+01  9.4338E+00 -4.1360E+01
  2.0935E+00  7.0251E+00  1.7366E+01  4.9222E-01  4.6524E+01  9.4325E+00 -4.2394E+01
  2.0967E+00  7.0360E+00  1.7396E+01  4.9222E-01  4.6792E+01  9.4280E+00 -4.2692E+01
  2.0999E+00  7.0465E+00  1.7429E+01  4.9221E-01  4.6452E+01  9.4280E+00 -4.2319E+01
  2.1032E+00  7.0574E+00  1.7472E+01  4.9220E-01  4.5860E+01  9.4345E+00 -4.1662E+01
  2.1063E+00  7.0679E+00  1.7525E+01  4.9220E-01  4.5381E+01  9.4440E+00 -4.1125E+01
  2.1096E+00  7.0788E+00  1.7588E+01  4.9219E-01  4.5163E+01  9.4556E+00 -4.0873E+01
  2.1127E+00  7.0893E+00  1.7652E+01  4.9219E-01  4.5462E+01  9.4715E+00 -4.1189E+01
  2.1160E+00  7.1003E+00  1.7716E+01  4.9218E-01  4.6235E+01  9.4849E+00 -4.2027E+01
  2.1191E+00  7.1108E+00  1.7770E+01  4.9217E-01  4.7376E+01  9.4983E+00 -4.3267E+01
  2.1224E+00  7.1217E+00  1.7816E+01  4.9217E-01  4.8775E+01  9.5078E+00 -4.4787E+01
  2.1256E+00  7.1322E+00  1.7849E+01  4.9216E-01  4.9901E+01  9.5087E+00 -4.6009E+01
  2.1288E+00  7.1431E+00  1.7879E+01  4.9216E-01  5.0419E+01  9.5041E+00 -4.6574E+01
  2.1320E+00  7.1536E+00  1.7909E+01  4.9215E-01  5.0240E+01  9.5021E+00 -4.6382E+01
  2.1353E+00  7.1646E+00  1.7950E+01  4.9214E-01  4.9670E+01  9.5066E+00 -4.5760E+01
  2.1384E+00  7.1751E+00  1.7999E+01  4.9214E-01  4.9111E+01  9.5152E+00 -4.5145E+01
  2.1417E+00  7.1860E+00  1.8059E+01  4.9213E-01  4.8746E+01  9.5257E+00 -4.4738E+01
  2.1448E+00  7.1965E+00  1.8123E+01  4.9213E-01  4.8837E+01  9.5426E+00 -4.4823E+01
  2.1481E+00  7.2074E+00  1.8189E+01  4.9212E-01  4.9453E+01  9.5556E+00 -4.5482E+01
  2.1513E+00  7.2179E+00  1.8246E+01  4.9211E-01  5.0457E+01  9.5694E+00 -4.6560E+01
  2.1545E+00  7.2288E+00  1.8296E+01  4.9211E-01  5.1825E+01  9.5816E+00 -4.8028E+01
  2.1577E+00  7.2393E+00  1.8333E+01  4.9210E-01  5.3109E+01  9.5862E+00 -4.9408E+01
  2.1610E+00  7.2503E+00  1.8364E+01  4.9210E-01  5.3937E+01  9.5832E+00 -5.0299E+01
  2.1641E+00  7.2608E+00  1.8392E+01  4.9209E-01  5.4023E+01  9.5791E+00 -5.0394E+01
  2.1674E+00  7.2717E+00  1.8429E+01  4.9208E-01  5.3564E+01  9.5808E+00 -4.9900E+01
  2.1705E+00  7.2822E+00  1.8473E+01  4.9208E-01  5.2982E+01  9.5884E+00 -4.9268E+01
  2.1738E+00  7.2931E+00  1.8530E+01  4.9207E-01  5.2540E+01  9.5991E+00 -4.8784E+01
  2.1769E+00  7.3036E+00  1.8591E+01  4.9207E-01  5.2447E+01  9.6116E+00 -4.8674E+01
  2.1802E+00  7.3146E+00  1.8657E+01  4.9206E-01  5.2820E+01  9.6257E+00 -4.9064E+01
  2.1834E+00  7.3251E+00  1.8717E+01  4.9205E-01  5.3633E+01  9.6398E+00 -4.9927E+01
  2.1866E+00  7.3360E+00  1.8771E+01  4.9205E-01  5.4895E+01  9.6541E+00 -5.1268E+01
  2.1898E+00  7.3465E+00  1.8812E+01  4.9204E-01  5.6254E+01  9.6624E+00 -5.2715E+01
  2.1931E+00  7.3574E+00  1.8846E+01  4.9204E-01  5.7340E+01  9.6620E+00 -5.3873E+01
  2.1962E+00  7.3679E+00  1.8874E+01  4.9203E-01  5.7705E+01  9.6573E+00 -5.4264E+01
  2.1995E+00  7.3788E+00  1.8907E+01  4.9202E-01  5.7406E+01  9.6563E+00 -5.3947E+01
  2.2026E+00  7.3893E+00  1.8948E+01  4.9202E-01  5.6824E+01  9.6620E+00 -5.3323E+01
  2.2059E+00  7.4003E+00  1.9001E+01  4.9201E-01  5.6279E+01  9.6719E+00 -5.2734E+01
  2.2091E+00  7.4108E+00  1.9061E+01  4.9200E-01  5.6011E+01  9.6831E+00 -5.2439E+01
  2.2123E+00  7.4217E+00  1.9127E+01  4.9200E-01  5.6246E+01  9.7001E+00 -5.2677E+01
  2.2155E+00  7.4322E+00  1.9189E+01  4.9199E-01  5.6948E+01  9.7132E+00 -5.3416E+01
  2.2187E+00  7.4431E+00  1.9247E+01  4.9199E-01  5.8115E+01  9.7277E+00 -5.4648E+01
  2.2219E+00  7.4536E+00  1.9292E+01  4.9198E-01  5.9487E+01  9.7381E+00 -5.6097E+01
  2.2252E+00  7.4646E+00  1.9328E+01  4.9197E-01  6.0748E+01  9.7402E+00 -5.7431E+01
  2.2283E+00  7.4751E+00  1.9357E+01  4.9197E-01  6.1357E+01  9.7359E+00 -5.8078E+01
  2.2316E+00  7.4860E+00  1.9388E+01  4.9196E-01  6.1250E+01  9.7329E+00 -5.7967E+01
  2.2347E+00  7.4965E+00  1.9426E+01  4.9196E-01  6.0713E+01  9.7365E+00 -5.7397E+01
  2.2380E+00  7.5074E+00  1.9475E+01  4.9195E-01  6.0097E+01  9.7454E+00 -5.6738E+01
  2.2412E+00  7.5179E+00  1.9533E+01  4.9194E-01  5.9695E+01  9.7557E+00 -5.6305E+01
  2.2444E+00  7.5288E+00  1.9599E+01  4.9194E-01  5.9703E+01  9.7734E+00 -5.6301E+01
  2.2476E+00  7.5393E+00  1.9662E+01  4.9193E-01  6.0249E+01  9.7863E+00 -5.6870E+01
  2.2509E+00  7.5503E+00  1.9723E+01  4.9193E-01  6.1258E+01  9.8009E+00 -5.7927E+01
  2.2540E+00  7.5608E+00  1.9772E+01  4.9192E-01  6.2570E+01  9.8137E+00 -5.9305E+01
  2.2573E+00  7.5717E+00  1.9813E+01  4.9191E-01  6.3965E+01  9.8199E+00 -6.0770E+01
  2.2604E+00  7.5822E+00  1.9843E+01  4.9191E-01  6.4867E+01  9.8176E+00 -6.1720E+01
  2.2637E+00  7.5931E+00  1.9872E+01  4.9190E-01  6.5057E+01  9.8128E+00 -6.1923E+01
  2.2668E+00  7.6036E+00  1.9906E+01  4.9190E-01  6.4655E+01  9.8135E+00 -6.1500E+01
  2.2701E+00  7.6146E+00  1.9951E+01  4.9189E-01  6.4032E+01  9.8209E+00 -6.0839E+01
  2.2733E+00  7.6251E+00  2.0004E+01  4.9188E-01  6.3560E+01  9.8313E+00 -6.0336E+01
  2.2765E+00  7.6360E+00  2.0067E+01  4.9188E-01  6.3400E+01  9.8443E+00 -6.0158E+01
  2.2797E+00  7.6465E+00  2.0131E+01  4.9187E-01  6.3698E+01  9.8584E+00 -6.0463E+01
  2.2830E+00  7.6574E+00  2.0194E+01  4.9187E-01  6.4493E+01  9.8734E+00 -6.1289E+01
  2.2861E+00  7.6679E+00  2.0247E+01  4.9186E-01  6.5678E+01  9.8879E+00 -6.2526E+01
  2.2894E+00  7.6788E+00  2.0292E+01  4.9186E-01  6.7118E+01  9.8979E+00 -6.4031E+01
  2.2925E+00  7.6893E+00  2.0325E+01  4.9185E-01  6.8251E+01  9.8986E+00 -6.5216E+01
  2.2958E+00  7.7003E+00  2.0354E+01  4.9184E-01  6.8742E+01  9.8937E+00 -6.5733E+01
  2.2990E+00  7.7108E+00  2.0385E+01  4.9184E-01  6.8521E+01  9.8917E+00 -6.5503E+01
  2.3022E+00  7.7217E+00  2.0426E+01  4.9183E-01  6.7921E+01  9.8970E+00 -6.4871E+01
  2.3054E+00  7.7322E+00  2.0476E+01  4.9183E-01  6.7361E+01  9.9065E+00 -6.4279E+01
  2.3087E+00  7.7431E+00  2.0537E+01  4.9182E-01  6.7027E+01  9.9182E+00 -6.3922E+01
  2.3118E+00  7.7536E+00  2.0601E+01  4.9181E-01  6.7174E+01  9.9352E+00 -6.4064E+01
  2.3151E+00  7.7645E+00  2.0666E+01  4.9181E-01  6.7851E+01  9.9491E+00 -6.4765E+01
  2.3182E+00  7.7750E+00  2.0723E+01  4.9180E-01  6.8933E+01  9.9635E+00 -6.5889E+01
  2.3215E+00  7.7860E+00  2.0772E+01  4.9180E-01  7.0363E+01  9.9755E+00 -6.7375E+01
  2.3246E+00  7.7965E+00  2.0808E+01  4.9179E-01  7.1643E+01  9.9788E+00 -6.8709E+01
  2.3279E+00  7.8074E+00  2.0838E+01  4.9178E-01  7.2388E+01  9.9746E+00 -6.9489E+01
  2.3311E+00  7.8179E+00  2.0867E+01  4.9178E-01  7.2370E+01  9.9709E+00 -6.9472E+01
  2.3343E+00  7.8288E+00  2.0905E+01  4.9177E-01  7.1840E+01  9.9737E+00 -6.8917E+01
  2.3375E+00  7.8393E+00  2.0951E+01  4.9177E-01  7.1225E+01  9.9820E+00 -6.8271E+01
  2.3408E+00  7.8503E+00  2.1010E+01  4.9176E-01  7.0760E+01  9.9929E+00 -6.7779E+01
  2.3439E+00  7.8608E+00  2.1073E+01  4.9176E-01  7.0680E+01  1.0010E+01 -6.7685E+01
  2.3472E+00  7.8717E+00  2.1139E+01  4.9175E-01  7.1193E+01  1.0024E+01 -6.8212E+01
  2.3503E+00  7.8822E+00  2.1199E+01  4.9174E-01  7.2114E+01  1.0038E+01 -6.9164E+01
  2.3536E+00  7.8931E+00  2.1252E+01  4.9174E-01  7.3456E+01  1.0053E+01 -7.0554E+01
  2.3568E+00  7.9036E+00  2.1292E+01  4.9173E-01  7.4835E+01  1.0060E+01 -7.1985E+01
  2.3600E+00  7.9145E+00  2.1324E+01  4.9173E-01  7.5871E+01  1.0058E+01 -7.3061E+01
  2.3632E+00  7.9250E+00  2.1352E+01  4.9172E-01  7.6155E+01  1.0053E+01 -7.3359E+01
  2.3665E+00  7.9360E+00  2.1386E+01  4.9172E-01  7.5793E+01  1.0053E+01 -7.2983E+01
  2.3696E+00  7.9465E+00  2.1428E+01  4.9171E-01  7.5187E+01  1.0059E+01 -7.2350E+01
  2.3729E+00  7.9574E+00  2.1482E+01  4.9170E-01  7.4655E+01  1.0070E+01 -7.1791E+01
  2.3760E+00  7.9679E+00  2.1542E+01  4.9170E-01  7.4442E+01  1.0083E+01 -7.1562E+01
  2.3793E+00  7.9788E+00  2.1608E+01  4.9169E-01  7.4684E+01  1.0098E+01 -7.1805E+01
  2.3824E+00  7.9893E+00  2.1670E+01  4.9169E-01  7.5390E+01  1.0112E+01 -7.2530E+01
  2.3857E+00  8.0002E+00  2.1727E+01  4.9168E-01  7.6580E+01  1.0128E+01 -7.3758E+01
  2.3889E+00  8.0107E+00  2.1771E+01  4.9168E-01  7.7972E+01  1.0139E+01 -7.5196E+01
  2.3921E+00  8.0217E+00  2.1806E+01  4.9167E-01  7.9226E+01  1.0141E+01 -7.6494E+01
  2.3953E+00  8.0322E+00  2.1835E+01  4.9166E-01  7.9805E+01  1.0136E+01 -7.7096E+01
  2.3986E+00  8.0431E+00  2.1866E+01  4.9166E-01  7.9657E+01  1.0133E+01 -7.6944E+01
  2.4017E+00  8.0536E+00  2.1904E+01  4.9165E-01  7.9094E+01  1.0138E+01 -7.6359E+01
  2.4050E+00  8.0645E+00  2.1955E+01  4.9165E-01  7.8483E+01  1.0147E+01 -7.5721E+01
  2.4081E+00  8.0750E+00  2.2013E+01  4.9164E-01  7.8114E+01  1.0159E+01 -7.5332E+01
  2.4114E+00  8.0860E+00  2.2078E+01  4.9164E-01  7.8181E+01  1.0176E+01 -7.5391E+01
  2.4146E+00  8.0965E+00  2.2142E+01  4.9163E-01  7.8774E+01  1.0190E+01 -7.5998E+01
  2.4178E+00  8.1074E+00  2.2202E+01  4.9162E-01  7.9849E+01  1.0205E+01 -7.7103E+01
  2.4210E+00  8.1179E+00  2.2250E+01  4.9162E-01  8.1210E+01  1.0218E+01 -7.8505E+01
  2.4242E+00  8.1288E+00  2.2289E+01  4.9161E-01  8.2594E+01  1.0223E+01 -7.9933E+01
  2.4274E+00  8.1393E+00  2.2319E+01  4.9161E-01  8.3414E+01  1.0219E+01 -8.0782E+01
  2.4307E+00  8.1502E+00  2.2349E+01  4.9160E-01  8.3493E+01  1.0215E+01 -8.0866E+01
  2.4338E+00  8.1607E+00  2.2384E+01  4.9160E-01  8.3019E+01  1.0216E+01 -8.0376E+01
  2.4371E+00  8.1717E+00  2.2431E+01  4.9159E-01  8.2366E+01  1.0225E+01 -7.9696E+01
  2.4402E+00  8.1822E+00  2.2486E+01  4.9159E-01  8.1878E+01  1.0235E+01 -7.9186E+01
  2.4435E+00  8.1931E+00  2.2551E+01  4.9158E-01  8.1712E+01  1.0251E+01 -7.9007E+01
  2.4467E+00  8.2036E+00  2.2615E+01  4.9157E-01  8.2145E+01  1.0267E+01 -7.9445E+01
  2.4499E+00  8.2145E+00  2.2678E+01  4.9157E-01  8.3047E+01  1.0282E+01 -8.0369E+01
  2.4531E+00  8.2250E+00  2.2730E+01  4.9156E-01  8.4304E+01  1.0296E+01 -8.1660E+01
  2.4564E+00  8.2359E+00  2.2773E+01  4.9156E-01  8.5760E+01  1.0306E+01 -8.3158E+01
  2.4595E+00  8.2464E+00  2.2805E+01  4.9155E-01  8.6841E+01  1.0305E+01 -8.4273E+01
  2.4628E+00  8.2574E+00  2.2835E+01  4.9155E-01  8.7246E+01  1.0300E+01 -8.4693E+01
  2.4659E+00  8.2679E+00  2.2866E+01  4.9154E-01  8.6960E+01  1.0298E+01 -8.4399E+01
  2.4692E+00  8.2788E+00  2.2909E+01  4.9154E-01  8.6336E+01  1.0304E+01 -8.3752E+01
  2.4723E+00  8.2893E+00  2.2959E+01  4.9153E-01  8.5789E+01  1.0315E+01 -8.3183E+01
  2.4756E+00  8.3002E+00  2.3021E+01  4.9153E-01  8.5510E+01  1.0328E+01 -8.2889E+01
  2.4788E+00  8.3107E+00  2.3084E+01  4.9152E-01  8.5675E+01  1.0342E+01 -8.3051E+01
  2.4820E+00  8.3216E+00  2.3149E+01  4.9151E-01  8.6345E+01  1.0358E+01 -8.3733E+01
  2.4852E+00  8.3321E+00  2.3204E+01  4.9151E-01  8.7439E+01  1.0374E+01 -8.4853E+01
  2.4885E+00  8.3431E+00  2.3252E+01  4.9150E-01  8.8878E+01  1.0386E+01 -8.6329E+01
  2.4916E+00  8.3536E+00  2.3287E+01  4.9150E-01  9.0146E+01  1.0389E+01 -8.7633E+01
  2.4949E+00  8.3645E+00  2.3317E+01  4.9149E-01  9.0858E+01  1.0385E+01 -8.8367E+01
  2.4980E+00  8.3750E+00  2.3347E+01  4.9149E-01  9.0800E+01  1.0381E+01 -8.8309E+01
  2.5013E+00  8.3859E+00  2.3385E+01  4.9148E-01  9.0244E+01  1.0385E+01 -8.7735E+01
  2.5045E+00  8.3964E+00  2.3433E+01  4.9148E-01  8.9634E+01  1.0394E+01 -8.7103E+01
  2.5077E+00  8.4073E+00  2.3491E+01  4.9147E-01  8.9203E+01  1.0406E+01 -8.6654E+01
  2.5109E+00  8.4178E+00  2.3554E+01  4.9147E-01  8.9184E+01  1.0423E+01 -8.6626E+01
  2.5142E+00  8.4288E+00  2.3621E+01  4.9146E-01  8.9738E+01  1.0438E+01 -8.7188E+01
  2.5173E+00  8.4393E+00  2.3680E+01  4.9146E-01  9.0716E+01  1.0453E+01 -8.8187E+01
  2.5206E+00  8.4502E+00  2.3731E+01  4.9145E-01  9.2104E+01  1.0467E+01 -8.9608E+01
  2.5237E+00  8.4607E+00  2.3770E+01  4.9145E-01  9.3475E+01  1.0473E+01 -9.1013E+01
  2.5270E+00  8.4716E+00  2.3802E+01  4.9144E-01  9.4428E+01  1.0470E+01 -9.1993E+01
  2.5301E+00  8.4821E+00  2.3831E+01  4.9143E-01  9.4602E+01  1.0465E+01 -9.2175E+01
  2.5334E+00  8.4930E+00  2.3866E+01  4.9143E-01  9.4161E+01  1.0466E+01 -9.1721E+01
  2.5366E+00  8.5035E+00  2.3910E+01  4.9142E-01  9.3526E+01  1.0473E+01 -9.1065E+01
  2.5398E+00  8.5145E+00  2.3965E+01  4.9142E-01  9.2980E+01  1.0484E+01 -9.0499E+01
  2.5430E+00  8.5250E+00  2.4027E+01  4.9141E-01  9.2750E+01  1.0497E+01 -9.0257E+01
  2.5463E+00  8.5359E+00  2.4094E+01  4.9141E-01  9.3121E+01  1.0517E+01 -9.0629E+01
  2.5494E+00  8.5464E+00  2.4155E+01  4.9140E-01  9.3930E+01  1.0531E+01 -9.1453E+01
  2.5527E+00  8.5573E+00  2.4211E+01  4.9140E-01  9.5194E+01  1.0547E+01 -9.2743E+01
  2.5558E+00  8.5678E+00  2.4254E+01  4.9139E-01  9.6603E+01  1.0557E+01 -9.4184E+01
  2.5591E+00  8.5787E+00  2.4289E+01  4.9139E-01  9.7806E+01  1.0558E+01 -9.5417E+01
  2.5623E+00  8.5892E+00  2.4317E+01  4.9138E-01  9.8301E+01  1.0552E+01 -9.5926E+01
  2.5655E+00  8.6002E+00  2.4349E+01  4.9138E-01  9.8081E+01  1.0550E+01 -9.5702E+01
  2.5687E+00  8.6107E+00  2.4388E+01  4.9137E-01  9.7493E+01  1.0555E+01 -9.5097E+01
  2.5719E+00  8.6216E+00  2.4440E+01  4.9137E-01  9.6894E+01  1.0566E+01 -9.4478E+01
  2.5751E+00  8.6321E+00  2.4498E+01  4.9136E-01  9.6573E+01  1.0578E+01 -9.4143E+01
  2.5784E+00  8.6430E+00  2.4563E+01  4.9136E-01  9.6673E+01  1.0594E+01 -9.4238E+01
  2.5815E+00  8.6535E+00  2.4626E+01  4.9135E-01  9.7252E+01  1.0609E+01 -9.4825E+01
  2.5848E+00  8.6645E+00  2.4685E+01  4.9135E-01  9.8331E+01  1.0626E+01 -9.5924E+01
  2.5879E+00  8.6750E+00  2.4733E+01  4.9134E-01  9.9698E+01  1.0639E+01 -9.7318E+01
  2.5912E+00  8.6859E+00  2.4771E+01  4.9134E-01  1.0107E+02  1.0644E+01 -9.8718E+01
  2.5944E+00  8.6964E+00  2.4800E+01  4.9133E-01  1.0185E+02  1.0640E+01 -9.9524E+01
  2.5976E+00  8.7073E+00  2.4830E+01  4.9133E-01  1.0189E+02  1.0635E+01 -9.9565E+01
  2.6008E+00  8.7178E+00  2.4866E+01  4.9132E-01  1.0139E+02  1.0638E+01 -9.9052E+01
  2.6041E+00  8.7287E+00  2.4914E+01  4.9132E-01  1.0074E+02  1.0647E+01 -9.8383E+01
  2.6072E+00  8.7392E+00  2.4969E+01  4.9131E-01  1.0029E+02  1.0658E+01 -9.7911E+01
  2.6105E+00  8.7502E+00  2.5034E+01  4.9131E-01  1.0018E+02  1.0676E+01 -9.7799E+01
  2.6136E+00  8.7607E+00  2.5098E+01  4.9130E-01  1.0065E+02  1.0691E+01 -9.8272E+01
  2.6169E+00  8.7716E+00  2.5160E+01  4.9130E-01  1.0161E+02  1.0707E+01 -9.9244E+01
  2.6201E+00  8.7821E+00  2.5212E+01  4.9129E-01  1.0291E+02  1.0721E+01 -1.0057E+02
  2.6233E+00  8.7930E+00  2.5254E+01  4.9129E-01  1.0436E+02  1.0729E+01 -1.0205E+02
  2.6265E+00  8.8035E+00  2.5285E+01  4.9128E-01  1.0537E+02  1.0727E+01 -1.0308E+02
  2.6297E+00  8.8144E+00  2.5315E+01  4.9128E-01  1.0566E+02  1.0721E+01 -1.0338E+02
  2.6329E+00  8.8249E+00  2.5348E+01  4.9127E-01  1.0529E+02  1.0721E+01 -1.0300E+02
  2.6362E+00  8.8359E+00  2.5391E+01  4.9127E-01  1.0463E+02  1.0728E+01 -1.0233E+02
  2.6393E+00  8.8464E+00  2.5444E+01  4.9126E-01  1.0407E+02  1.0739E+01 -1.0175E+02
  2.6426E+00  8.8573E+00  2.5507E+01  4.9126E-01  1.0378E+02  1.0752E+01 -1.0144E+02
  2.6457E+00  8.8678E+00  2.5571E+01  4.9125E-01  1.0405E+02  1.0772E+01 -1.0171E+02
  2.6490E+00  8.8787E+00  2.5636E+01  4.9125E-01  1.0483E+02  1.0787E+01 -1.0250E+02
  2.6522E+00  8.8892E+00  2.5691E+01  4.9124E-01  1.0600E+02  1.0803E+01 -1.0369E+02
  2.6554E+00  8.9001E+00  2.5737E+01  4.9124E-01  1.0746E+02  1.0814E+01 -1.0518E+02
  2.6586E+00  8.9106E+00  2.5772E+01  4.9123E-01  1.0868E+02  1.0816E+01 -1.0643E+02
  2.6619E+00  8.9216E+00  2.5801E+01  4.9123E-01  1.0931E+02  1.0811E+01 -1.0707E+02
  2.6650E+00  8.9321E+00  2.5832E+01  4.9122E-01  1.0917E+02  1.0808E+01 -1.0693E+02
  2.6683E+00  8.9430E+00  2.5871E+01  4.9122E-01  1.0859E+02  1.0812E+01 -1.0633E+02
  2.6714E+00  8.9535E+00  2.5919E+01  4.9121E-01  1.0799E+02  1.0822E+01 -1.0571E+02
  2.6747E+00  8.9644E+00  2.5978E+01  4.9121E-01  1.0760E+02  1.0835E+01 -1.0532E+02
  2.6778E+00  8.9749E+00  2.6041E+01  4.9120E-01  1.0763E+02  1.0850E+01 -1.0534E+02
  2.6811E+00  8.9858E+00  2.6107E+01  4.9120E-01  1.0816E+02  1.0866E+01 -1.0588E+02
  2.6843E+00  8.9963E+00  2.6165E+01  4.9119E-01  1.0914E+02  1.0883E+01 -1.0687E+02
  2.6875E+00  9.0073E+00  2.6216E+01  4.9119E-01  1.1053E+02  1.0898E+01 -1.0828E+02
  2.6907E+00  9.0178E+00  2.6254E+01  4.9118E-01  1.1189E+02  1.0904E+01 -1.0966E+02
  2.6940E+00  9.0287E+00  2.6285E+01  4.9118E-01  1.1281E+02  1.0901E+01 -1.1060E+02
  2.6971E+00  9.0392E+00  2.6314E+01  4.9117E-01  1.1294E+02  1.0896E+01 -1.1074E+02
  2.7004E+00  9.0501E+00  2.6349E+01  4.9117E-01  1.1247E+02  1.0897E+01 -1.1026E+02
  2.7035E+00  9.0606E+00  2.6394E+01  4.9116E-01  1.1183E+02  1.0905E+01 -1.0961E+02
  2.7068E+00  9.0715E+00  2.6450E+01  4.9116E-01  1.1132E+02  1.0917E+01 -1.0908E+02
  2.7100E+00  9.0820E+00  2.6512E+01  4.9116E-01  1.1115E+02  1.0932E+01 -1.0890E+02
  2.7132E+00  9.0930E+00  2.6579E+01  4.9115E-01  1.1156E+02  1.0950E+01 -1.0931E+02
  2.7164E+00  9.1035E+00  2.6639E+01  4.9115E-01  1.1242E+02  1.0965E+01 -1.1018E+02
  2.7197E+00  9.1144E+00  2.6694E+01  4.9114E-01  1.1373E+02  1.0981E+01 -1.1151E+02
  2.7228E+00  9.1249E+00  2.6736E+01  4.9114E-01  1.1514E+02  1.0990E+01 -1.1294E+02
  2.7261E+00  9.1358E+00  2.6770E+01  4.9113E-01  1.1627E+02  1.0990E+01 -1.1410E+02
  2.7292E+00  9.1463E+00  2.6798E+01  4.9113E-01  1.1666E+02  1.0984E+01 -1.1449E+02
  2.7325E+00  9.1572E+00  2.6832E+01  4.9112E-01  1.1635E+02  1.0982E+01 -1.1418E+02
  2.7356E+00  9.1677E+00  2.6872E+01  4.9112E-01  1.1572E+02  1.0989E+01 -1.1354E+02
  2.7389E+00  9.1787E+00  2.6925E+01  4.9111E-01  1.1511E+02  1.1000E+01 -1.1291E+02
  2.7421E+00  9.1892E+00  2.6985E+01  4.9111E-01  1.1477E+02  1.1012E+01 -1.1256E+02
  2.7453E+00  9.2001E+00  2.7052E+01  4.9110E-01  1.1496E+02  1.1033E+01 -1.1275E+02
  2.7485E+00  9.2106E+00  2.7115E+01  4.9110E-01  1.1565E+02  1.1048E+01 -1.1344E+02
  2.7518E+00  9.2215E+00  2.7173E+01  4.9109E-01  1.1681E+02  1.1064E+01 -1.1462E+02
  2.7549E+00  9.2320E+00  2.7219E+01  4.9109E-01  1.1820E+02  1.1077E+01 -1.1603E+02
  2.7582E+00  9.2429E+00  2.7257E+01  4.9109E-01  1.1953E+02  1.1080E+01 -1.1738E+02
  2.7613E+00  9.2534E+00  2.7286E+01  4.9108E-01  1.2024E+02  1.1076E+01 -1.1810E+02
  2.7646E+00  9.2644E+00  2.7316E+01  4.9108E-01  1.2019E+02  1.1071E+01 -1.1806E+02
  2.7678E+00  9.2749E+00  2.7353E+01  4.9107E-01  1.1966E+02  1.1075E+01 -1.1751E+02
  2.7710E+00  9.2858E+00  2.7401E+01  4.9107E-01  1.1901E+02  1.1085E+01 -1.1685E+02
  2.7742E+00  9.2963E+00  2.7457E+01  4.9106E-01  1.1860E+02  1.1097E+01 -1.1643E+02
  2.7774E+00  9.3072E+00  2.7522E+01  4.9106E-01  1.1856E+02  1.1113E+01 -1.1638E+02
  2.7806E+00  9.3177E+00  2.7585E+01  4.9105E-01  1.1900E+02  1.1129E+01 -1.1682E+02
  2.7839E+00  9.3286E+00  2.7647E+01  4.9105E-01  1.1995E+02  1.1146E+01 -1.1779E+02
  2.7870E+00  9.3391E+00  2.7697E+01  4.9105E-01  1.2126E+02  1.1161E+01 -1.1911E+02
  2.7903E+00  9.3500E+00  2.7739E+01  4.9104E-01  1.2269E+02  1.1169E+01 -1.2057E+02
  2.7934E+00  9.3605E+00  2.7769E+01  4.9104E-01  1.2367E+02  1.1167E+01 -1.2156E+02
  2.7967E+00  9.3715E+00  2.7799E+01  4.9103E-01  1.2391E+02  1.1161E+01 -1.2181E+02
  2.7999E+00  9.3820E+00  2.7832E+01  4.9103E-01  1.2352E+02  1.1161E+01 -1.2141E+02
  2.8031E+00  9.3929E+00  2.7877E+01  4.9102E-01  1.2286E+02  1.1169E+01 -1.2073E+02
  2.8063E+00  9.4034E+00  2.7930E+01  4.9102E-01  1.2233E+02  1.1181E+01 -1.2019E+02
  2.8096E+00  9.4143E+00  2.7993E+01  4.9101E-01  1.2208E+02  1.1195E+01 -1.1994E+02
  2.8127E+00  9.4248E+00  2.8057E+01  4.9101E-01  1.2240E+02  1.1214E+01 -1.2025E+02
  2.8160E+00  9.4357E+00  2.8122E+01  4.9101E-01  1.2323E+02  1.1230E+01 -1.2109E+02
  2.8191E+00  9.4462E+00  2.8176E+01  4.9100E-01  1.2444E+02  1.1246E+01 -1.2232E+02
  2.8224E+00  9.4572E+00  2.8221E+01  4.9100E-01  1.2591E+02  1.1257E+01 -1.2381E+02
  2.8255E+00  9.4677E+00  2.8255E+01  4.9099E-01  1.2708E+02  1.1257E+01 -1.2499E+02
  2.8288E+00  9.4786E+00  2.8284E+01  4.9099E-01  1.2759E+02  1.1252E+01 -1.2551E+02
  2.8320E+00  9.4891E+00  2.8315E+01  4.9098E-01  1.2736E+02  1.1249E+01 -1.2528E+02
  2.8352E+00  9.5000E+00  2.8356E+01  4.9098E-01  1.2673E+02  1.1255E+01 -1.2464E+02
  2.8384E+00  9.5105E+00  2.8406E+01  4.9097E-01  1.2612E+02  1.1265E+01 -1.2401E+02
  2.8417E+00  9.5214E+00  2.8467E+01  4.9097E-01  1.2572E+02  1.1278E+01 -1.2360E+02
  2.8448E+00  9.5319E+00  2.8531E+01  4.9097E-01  1.2581E+02  1.1298E+01 -1.2369E+02
  2.8481E+00  9.5429E+00  2.8597E+01  4.9096E-01  1.2646E+02  1.1314E+01 -1.2434E+02
  2.8512E+00  9.5534E+00  2.8654E+01  4.9096E-01  1.2752E+02  1.1330E+01 -1.2541E+02
  2.8545E+00  9.5643E+00  2.8704E+01  4.9095E-01  1.2895E+02  1.1345E+01 -1.2686E+02
  2.8577E+00  9.5748E+00  2.8741E+01  4.9095E-01  1.3027E+02  1.1349E+01 -1.2821E+02
  2.8609E+00  9.5857E+00  2.8772E+01  4.9094E-01  1.3111E+02  1.1345E+01 -1.2905E+02
  2.8641E+00  9.5962E+00  2.8801E+01  4.9094E-01  1.3116E+02  1.1340E+01 -1.2911E+02
  2.8674E+00  9.6071E+00  2.8838E+01  4.9094E-01  1.3065E+02  1.1343E+01 -1.2859E+02
  2.8705E+00  9.6176E+00  2.8883E+01  4.9093E-01  1.3001E+02  1.1352E+01 -1.2794E+02
  2.8738E+00  9.6286E+00  2.8940E+01  4.9093E-01  1.2954E+02  1.1365E+01 -1.2745E+02
  2.8769E+00  9.6391E+00  2.9002E+01  4.9092E-01  1.2943E+02  1.1380E+01 -1.2734E+02
  2.8802E+00  9.6500E+00  2.9068E+01  4.9092E-01  1.2982E+02  1.1396E+01 -1.2773E+02
  2.8833E+00  9.6605E+00  2.9128E+01  4.9092E-01  1.3067E+02  1.1413E+01 -1.2859E+02
  2.8866E+00  9.6714E+00  2.9182E+01  4.9091E-01  1.3198E+02  1.1430E+01 -1.2991E+02
  2.8898E+00  9.6819E+00  2.9223E+01  4.9091E-01  1.3338E+02  1.1439E+01 -1.3133E+02
  2.8930E+00  9.6928E+00  2.9256E+01  4.9090E-01  1.3448E+02  1.1438E+01 -1.3245E+02
  2.8962E+00  9.7033E+00  2.9284E+01  4.9090E-01  1.3482E+02  1.1432E+01 -1.3280E+02
  2.8995E+00  9.7143E+00  2.9318E+01  4.9089E-01  1.3448E+02  1.1431E+01 -1.3245E+02
  2.9026E+00  9.7248E+00  2.9359E+01  4.9089E-01  1.3385E+02  1.1438E+01 -1.3180E+02
  2.9059E+00  9.7357E+00  2.9413E+01  4.9089E-01  1.3326E+02  1.1450E+01 -1.3121E+02
  2.9090E+00  9.7462E+00  2.9473E+01  4.9088E-01  1.3298E+02  1.1464E+01 -1.3091E+02
  2.9123E+00  9.7571E+00  2.9540E+01  4.9088E-01  1.3322E+02  1.1484E+01 -1.3115E+02
  2.9155E+00  9.7676E+00  2.9602E+01  4.9087E-01  1.3395E+02  1.1499E+01 -1.3188E+02
  2.9187E+00  9.7785E+00  2.9660E+01  4.9087E-01  1.3515E+02  1.1516E+01 -1.3310E+02
  2.9219E+00  9.7890E+00  2.9705E+01  4.9087E-01  1.3656E+02  1.1528E+01 -1.3453E+02
  2.9252E+00  9.8000E+00  2.9741E+01  4.9086E-01  1.3784E+02  1.1530E+01 -1.3582E+02
  2.9283E+00  9.8105E+00  2.9770E+01  4.9086E-01  1.3844E+02  1.1525E+01 -1.3643E+02
  2.9316E+00  9.8214E+00  2.9801E+01  4.9085E-01  1.3829E+02  1.1521E+01 -1.3628E+02
  2.9347E+00  9.8319E+00  2.9839E+01  4.9085E-01  1.3771E+02  1.1526E+01 -1.3569E+02
  2.9380E+00  9.8428E+00  2.9890E+01  4.9084E-01  1.3705E+02  1.1536E+01 -1.3502E+02
  2.9411E+00  9.8533E+00  2.9947E+01  4.9084E-01  1.3662E+02  1.1548E+01 -1.3458E+02
  2.9444E+00  9.8642E+00  3.0013E+01  4.9084E-01  1.3662E+02  1.1569E+01 -1.3458E+02
  2.9476E+00  9.8747E+00  3.0077E+01  4.9083E-01  1.3719E+02  1.1584E+01 -1.3514E+02
  2.9508E+00  9.8857E+00  3.0138E+01  4.9083E-01  1.3823E+02  1.1602E+01 -1.3619E+02
  2.9540E+00  9.8962E+00  3.0187E+01  4.9083E-01  1.3957E+02  1.1616E+01 -1.3755E+02
  2.9573E+00  9.9071E+00  3.0227E+01  4.9082E-01  1.4099E+02  1.1623E+01 -1.3898E+02
  2.9604E+00  9.9176E+00  3.0258E+01  4.9082E-01  1.4188E+02  1.1620E+01 -1.3989E+02
  2.9637E+00  9.9285E+00  3.0287E+01  4.9081E-01  1.4204E+02  1.1614E+01 -1.4006E+02
  2.9668E+00  9.9390E+00  3.0322E+01  4.9081E-01  1.4160E+02  1.1615E+01 -1.3961E+02
  2.9701E+00  9.9499E+00  3.0367E+01  4.9080E-01  1.4093E+02  1.1624E+01 -1.3893E+02
  2.9733E+00  9.9604E+00  3.0421E+01  4.9080E-01  1.4043E+02  1.1636E+01 -1.3842E+02
  2.9765E+00  9.9714E+00  3.0484E+01  4.9080E-01  1.4026E+02  1.1652E+01 -1.3824E+02
  2.9797E+00  9.9819E+00  3.0548E+01  4.9079E-01  1.4057E+02  1.1668E+01 -1.3854E+02
  2.9829E+00  9.9928E+00  3.0611E+01  4.9079E-01  1.4138E+02  1.1686E+01 -1.3936E+02
  2.9861E+00  1.0003E+01  3.0664E+01  4.9079E-01  1.4259E+02  1.1703E+01 -1.4059E+02
  2.9894E+00  1.0014E+01  3.0709E+01  4.9078E-01  1.4405E+02  1.1714E+01 -1.4206E+02
  2.9925E+00  1.0025E+01  3.0742E+01  4.9078E-01  1.4519E+02  1.1714E+01 -1.4321E+02
  2.9958E+00  1.0036E+01  3.0771E+01  4.9077E-01  1.4566E+02  1.1708E+01 -1.4369E+02
  2.9989E+00  1.0046E+01  3.0803E+01  4.9077E-01  1.4540E+02  1.1706E+01 -1.4343E+02
  3.0022E+00  1.0057E+01  3.0844E+01  4.9077E-01  1.4475E+02  1.1712E+01 -1.4277E+02
  3.0054E+00  1.0068E+01  3.0895E+01  4.9076E-01  1.4416E+02  1.1724E+01 -1.4217E+02
  3.0086E+00  1.0078E+01  3.0956E+01  4.9076E-01  1.4381E+02  1.1737E+01 -1.4181E+02
  3.0118E+00  1.0089E+01  3.1020E+01  4.9075E-01  1.4396E+02  1.1757E+01 -1.4195E+02
  3.0151E+00  1.0100E+01  3.1085E+01  4.9075E-01  1.4465E+02  1.1774E+01 -1.4265E+02
  3.0182E+00  1.0110E+01  3.1142E+01  4.9075E-01  1.4576E+02  1.1790E+01 -1.4376E+02
  3.0215E+00  1.0121E+01  3.1191E+01  4.9074E-01  1.4721E+02  1.1804E+01 -1.4523E+02
  3.0246E+00  1.0132E+01  3.1227E+01  4.9074E-01  1.4849E+02  1.1807E+01 -1.4653E+02
  3.0279E+00  1.0143E+01  3.1257E+01  4.9074E-01  1.4922E+02  1.1802E+01 -1.4727E+02
  3.0310E+00  1.0153E+01  3.1287E+01  4.9073E-01  1.4917E+02  1.1798E+01 -1.4722E+02
  3.0343E+00  1.0164E+01  3.1325E+01  4.9073E-01  1.4859E+02  1.1801E+01 -1.4664E+02
  3.0375E+00  1.0175E+01  3.1372E+01  4.9072E-01  1.4795E+02  1.1811E+01 -1.4597E+02
  3.0407E+00  1.0186E+01  3.1431E+01  4.9072E-01  1.4746E+02  1.1824E+01 -1.4548E+02
  3.0439E+00  1.0196E+01  3.1494E+01  4.9072E-01  1.4737E+02  1.1844E+01 -1.4538E+02
  3.0472E+00  1.0207E+01  3.1560E+01  4.9071E-01  1.4789E+02  1.1860E+01 -1.4591E+02
  3.0503E+00  1.0218E+01  3.1620E+01  4.9071E-01  1.4883E+02  1.1877E+01 -1.4685E+02
  3.0536E+00  1.0228E+01  3.1673E+01  4.9070E-01  1.5019E+02  1.1893E+01 -1.4822E+02
  3.0567E+00  1.0239E+01  3.1713E+01  4.9070E-01  1.5158E+02  1.1901E+01 -1.4962E+02
  3.0600E+00  1.0250E+01  3.1745E+01  4.9070E-01  1.5260E+02  1.1899E+01 -1.5066E+02
  3.0632E+00  1.0260E+01  3.1774E+01  4.9069E-01  1.5286E+02  1.1893E+01 -1.5092E+02
  3.0664E+00  1.0271E+01  3.1808E+01  4.9069E-01  1.5246E+02  1.1893E+01 -1.5052E+02
  3.0696E+00  1.0282E+01  3.1850E+01  4.9069E-01  1.5182E+02  1.1901E+01 -1.4987E+02
  3.0729E+00  1.0293E+01  3.1905E+01  4.9068E-01  1.5126E+02  1.1913E+01 -1.4930E+02
  3.0760E+00  1.0303E+01  3.1965E+01  4.9068E-01  1.5104E+02  1.1928E+01 -1.4907E+02
  3.0793E+00  1.0314E+01  3.2031E+01  4.9068E-01  1.5128E+02  1.1945E+01 -1.4931E+02
  3.0824E+00  1.0325E+01  3.2093E+01  4.9067E-01  1.5200E+02  1.1962E+01 -1.5003E+02
  3.0857E+00  1.0336E+01  3.2150E+01  4.9067E-01  1.5320E+02  1.1980E+01 -1.5124E+02
  3.0888E+00  1.0346E+01  3.2194E+01  4.9066E-01  1.5460E+02  1.1993E+01 -1.5266E+02
  3.0921E+00  1.0357E+01  3.2229E+01  4.9066E-01  1.5585E+02  1.1994E+01 -1.5392E+02
  3.0953E+00  1.0367E+01  3.2258E+01  4.9066E-01  1.5641E+02  1.1989E+01 -1.5449E+02
  3.0985E+00  1.0378E+01  3.2290E+01  4.9065E-01  1.5622E+02  1.1985E+01 -1.5430E+02
  3.1017E+00  1.0389E+01  3.2328E+01  4.9065E-01  1.5562E+02  1.1991E+01 -1.5369E+02
  3.1050E+00  1.0400E+01  3.2379E+01  4.9065E-01  1.5499E+02  1.2002E+01 -1.5304E+02
  3.1081E+00  1.0410E+01  3.2437E+01  4.9064E-01  1.5460E+02  1.2015E+01 -1.5265E+02
  3.1114E+00  1.0421E+01  3.2504E+01  4.9064E-01  1.5466E+02  1.2036E+01 -1.5271E+02
  3.1145E+00  1.0432E+01  3.2567E+01  4.9064E-01  1.5527E+02  1.2052E+01 -1.5331E+02
  3.1178E+00  1.0443E+01  3.2627E+01  4.9063E-01  1.5635E+02  1.2069E+01 -1.5441E+02
  3.1210E+00  1.0453E+01  3.2675E+01  4.9063E-01  1.5772E+02  1.2083E+01 -1.5579E+02
  3.1242E+00  1.0464E+01  3.2714E+01  4.9062E-01  1.5910E+02  1.2088E+01 -1.5719E+02
  3.1274E+00  1.0475E+01  3.2744E+01  4.9062E-01  1.5991E+02  1.2084E+01 -1.5800E+02
  3.1307E+00  1.0486E+01  3.2775E+01  4.9062E-01  1.5995E+02  1.2079E+01 -1.5805E+02
  3.1338E+00  1.0496E+01  3.2810E+01  4.9061E-01  1.5944E+02  1.2081E+01 -1.5753E+02
  3.1371E+00  1.0507E+01  3.2857E+01  4.9061E-01  1.5876E+02  1.2091E+01 -1.5683E+02
  3.1402E+00  1.0517E+01  3.2913E+01  4.9061E-01  1.5825E+02  1.2103E+01 -1.5632E+02
  3.1435E+00  1.0528E+01  3.2978E+01  4.9060E-01  1.5808E+02  1.2122E+01 -1.5614E+02
  3.1466E+00  1.0539E+01  3.3042E+01  4.9060E-01  1.5851E+02  1.2140E+01 -1.5657E+02
  3.1499E+00  1.0550E+01  3.3105E+01  4.9060E-01  1.5943E+02  1.2157E+01 -1.5749E+02
  3.1531E+00  1.0560E+01  3.3157E+01  4.9059E-01  1.6069E+02  1.2173E+01 -1.5876E+02
  3.1563E+00  1.0571E+01  3.3200E+01  4.9059E-01  1.6215E+02  1.2183E+01 -1.6023E+02
  3.1595E+00  1.0582E+01  3.3232E+01  4.9059E-01  1.6321E+02  1.2182E+01 -1.6131E+02
  3.1628E+00  1.0593E+01  3.3262E+01  4.9058E-01  1.6359E+02  1.2176E+01 -1.6170E+02
  3.1659E+00  1.0603E+01  3.3294E+01  4.9058E-01  1.6327E+02  1.2175E+01 -1.6137E+02
  3.1692E+00  1.0614E+01  3.3337E+01  4.9057E-01  1.6261E+02  1.2182E+01 -1.6071E+02
  3.1723E+00  1.0625E+01  3.3388E+01  4.9057E-01  1.6205E+02  1.2194E+01 -1.6013E+02
  3.1756E+00  1.0635E+01  3.3450E+01  4.9057E-01  1.6176E+02  1.2209E+01 -1.5983E+02
  3.1788E+00  1.0646E+01  3.3513E+01  4.9056E-01  1.6192E+02  1.2226E+01 -1.5999E+02
  3.1820E+00  1.0657E+01  3.3578E+01  4.9056E-01  1.6260E+02  1.2244E+01 -1.6067E+02
  3.1852E+00  1.0667E+01  3.3634E+01  4.9056E-01  1.6370E+02  1.2261E+01 -1.6178E+02
  3.1884E+00  1.0678E+01  3.3681E+01  4.9055E-01  1.6514E+02  1.2275E+01 -1.6323E+02
  3.1916E+00  1.0689E+01  3.3716E+01  4.9055E-01  1.6640E+02  1.2279E+01 -1.6450E+02
  3.1949E+00  1.0700E+01  3.3747E+01  4.9055E-01  1.6708E+02  1.2273E+01 -1.6520E+02
  3.1980E+00  1.0710E+01  3.3776E+01  4.9054E-01  1.6699E+02  1.2269E+01 -1.6511E+02
  3.2013E+00  1.0721E+01  3.3815E+01  4.9054E-01  1.6640E+02  1.2273E+01 -1.6451E+02
  3.2044E+00  1.0732E+01  3.3863E+01  4.9054E-01  1.6577E+02  1.2284E+01 -1.6387E+02
  3.2077E+00  1.0743E+01  3.3922E+01  4.9053E-01  1.6532E+02  1.2298E+01 -1.6341E+02
  3.2109E+00  1.0753E+01  3.3985E+01  4.9053E-01  1.6530E+02  1.2318E+01 -1.6338E+02
  3.2141E+00  1.0764E+01  3.4052E+01  4.9053E-01  1.6586E+02  1.2334E+01 -1.6394E+02
  3.2173E+00  1.0775E+01  3.4111E+01  4.9052E-01  1.6684E+02  1.2351E+01 -1.6493E+02
  3.2206E+00  1.0785E+01  3.4162E+01  4.9052E-01  1.6823E+02  1.2367E+01 -1.6633E+02
  3.2237E+00  1.0796E+01  3.4201E+01  4.9052E-01  1.6960E+02  1.2374E+01 -1.6771E+02
  3.2270E+00  1.0807E+01  3.4233E+01  4.9051E-01  1.7053E+02  1.2370E+01 -1.6865E+02
  3.2301E+00  1.0817E+01  3.4262E+01  4.9051E-01  1.7067E+02  1.2364E+01 -1.6880E+02
  3.2334E+00  1.0828E+01  3.4298E+01  4.9051E-01  1.7020E+02  1.2366E+01 -1.6832E+02
  3.2365E+00  1.0839E+01  3.4342E+01  4.9050E-01  1.6954E+02  1.2374E+01 -1.6765E+02
  3.2398E+00  1.0850E+01  3.4398E+01  4.9050E-01  1.6897E+02  1.2387E+01 -1.6707E+02
  3.2430E+00  1.0860E+01  3.4460E+01  4.9050E-01  1.6874E+02  1.2403E+01 -1.6684E+02
  3.2462E+00  1.0871E+01  3.4527E+01  4.9049E-01  1.6891E+02  1.2415E+01 -1.6700E+02
  3.2494E+00  1.0882E+01  3.4590E+01  4.9049E-01  1.6951E+02  1.2430E+01 -1.6760E+02
  3.2527E+00  1.0893E+01  3.4648E+01  4.9049E-01  1.7059E+02  1.2445E+01 -1.6870E+02
  3.2558E+00  1.0903E+01  3.4692E+01  4.9048E-01  1.7195E+02  1.2455E+01 -1.7006E+02
  3.2591E+00  1.0914E+01  3.4723E+01  4.9048E-01  1.7335E+02  1.2457E+01 -1.7148E+02
  3.2622E+00  1.0924E+01  3.4740E+01  4.9048E-01  1.7439E+02  1.2452E+01 -1.7253E+02
  3.2655E+00  1.0935E+01  3.4749E+01  4.9047E-01  1.7501E+02  1.2445E+01 -1.7316E+02
  3.2687E+00  1.0946E+01  3.4752E+01  4.9047E-01  1.7525E+02  1.2442E+01 -1.7340E+02
  3.2719E+00  1.0957E+01  3.4753E+01  4.9047E-01  1.7530E+02  1.2441E+01 -1.7345E+02
  3.2751E+00  1.0967E+01  3.4752E+01  4.9046E-01  1.7526E+02  1.2442E+01 -1.7342E+02
  3.2784E+00  1.0978E+01  3.4752E+01  4.9046E-01  1.7521E+02  1.2443E+01 -1.7336E+02
  3.2815E+00  1.0989E+01  3.4751E+01  4.9046E-01  1.7516E+02  1.2443E+01 -1.7331E+02
  3.2848E+00  1.1000E+01  3.4751E+01  4.9045E-01  1.7511E+02  1.2444E+01 -1.7327E+02
  3.2879E+00  1.1010E+01  3.4751E+01  4.9045E-01  1.7508E+02  1.2445E+01 -1.7324E+02
  3.2912E+00  1.1021E+01  3.4750E+01  4.9045E-01  1.7506E+02  1.2445E+01 -1.7321E+02
  3.2943E+00  1.1032E+01  3.4750E+01  4.9044E-01  1.7504E+02  1.2446E+01 -1.7320E+02
  3.2976E+00  1.1043E+01  3.4750E+01  4.9044E-01  1.7504E+02  1.2446E+01 -1.7319E+02
  3.3008E+00  1.1053E+01  3.4750E+01  4.9044E-01  1.7503E+02  1.2446E+01 -1.7318E+02
  3.3040E+00  1.1064E+01  3.4750E+01  4.9043E-01  1.7503E+02  1.2446E+01 -1.7318E+02
  3.3072E+00  1.1074E+01  3.4750E+01  4.9043E-01  1.7502E+02  1.2446E+01 -1.7317E+02
  3.3105E+00  1.1085E+01  3.4750E+01  4.9043E-01  1.7502E+02  1.2446E+01 -1.7317E+02
  3.3136E+00  1.1096E+01  3.4750E+01  4.9042E-01  1.7501E+02  1.2446E+01 -1.7316E+02
  3.3169E+00  1.1107E+01  3.4750E+01  4.9042E-01  1.7501E+02  1.2446E+01 -1.7316E+02
  3.3200E+00  1.1117E+01  3.4750E+01  4.9042E-01  1.7500E+02  1.2446E+01 -1.7315E+02
  3.3233E+00  1.1128E+01  3.4750E+01  4.9041E-01  1.7499E+02  1.2447E+01 -1.7314E+02
  3.3265E+00  1.1139E+01  3.4750E+01  4.9041E-01  1.7499E+02  1.2447E+01 -1.7314E+02
  3.3297E+00  1.1150E+01  3.4750E+01  4.9041E-01  1.7498E+02  1.2447E+01 -1.7313E+02
  3.3329E+00  1.1160E+01  3.4750E+01  4.9040E-01  1.7498E+02  1.2447E+01 -1.7313E+02
  3.3361E+00  1.1171E+01  3.4750E+01  4.9040E-01  1.7497E+02  1.2447E+01 -1.7312E+02
  3.3393E+00  1.1182E+01  3.4750E+01  4.9040E-01  1.7497E+02  1.2447E+01 -1.7312E+02
  3.3426E+00  1.1192E+01  3.4750E+01  4.9039E-01  1.7496E+02  1.2447E+01 -1.7311E+02
  3.3457E+00  1.1203E+01  3.4750E+01  4.9039E-01  1.7496E+02  1.2447E+01 -1.7311E+02
  3.3490E+00  1.1214E+01  3.4750E+01  4.9039E-01  1.7495E+02  1.2447E+01 -1.7310E+02
  3.3521E+00  1.1224E+01  3.4750E+01  4.9038E-01  1.7495E+02  1.2447E+01 -1.7309E+02
  3.3554E+00  1.1235E+01  3.4750E+01  4.9038E-01  1.7494E+02  1.2448E+01 -1.7309E+02
  3.3586E+00  1.1246E+01  3.4750E+01  4.9038E-01  1.7493E+02  1.2448E+01 -1.7308E+02
  3.3618E+00  1.1257E+01  3.4750E+01  4.9037E-01  1.7493E+02  1.2448E+01 -1.7308E+02
  3.3650E+00  1.1267E+01  3.4750E+01  4.9037E-01  1.7492E+02  1.2448E+01 -1.7307E+02
  3.3715E+00  1.1289E+01  3.4750E+01  4.9036E-01  1.7491E+02  1.2448E+01 -1.7306E+02
