  3.1199E-03  2.2485E-02  4.4778E-04  3.2156E-01  2.0541E+01  1.2046E+00  2.0334E+01
  6.4084E-03  3.5304E-02  8.5931E-04  3.7854E-01  1.4995E+01  1.2696E+00  1.4910E+01
  9.5603E-03  4.6672E-02  1.1149E-03  4.2224E-01  1.3098E+01  1.2687E+00  1.3055E+01
  1.2844E-02  5.8178E-02  1.3056E-03  4.6496E-01  1.3106E+01  1.2455E+00  1.3082E+01
  1.5955E-02  6.8938E-02  1.4515E-03  5.0763E-01  1.4353E+01  1.2331E+00  1.4339E+01
  1.9167E-02  7.9973E-02  1.5843E-03  5.5722E-01  1.6471E+01  1.2348E+00  1.6462E+01
  2.2401E-02  9.1051E-02  1.7068E-03  6.1485E-01  1.8980E+01  1.2476E+00  1.8974E+01
  2.5687E-02  1.0230E-01  1.8173E-03  6.8148E-01  2.1173E+01  1.2854E+00  2.1169E+01
  2.8898E-02  1.1329E-01  1.8986E-03  7.5183E-01  2.2029E+01  1.3960E+00  2.2025E+01
  3.2109E-02  1.2428E-01  1.9316E-03  8.2188E-01  2.0814E+01  1.5796E+00  2.0809E+01
  3.5320E-02  1.3527E-01  1.8928E-03  8.8451E-01  1.7371E+01  1.7499E+00  1.7365E+01
  3.8531E-02  1.4625E-01  1.7695E-03  9.3347E-01  1.2408E+01  1.8356E+00  1.2401E+01
  4.1742E-02  1.5720E-01  1.5679E-03  9.6575E-01  7.1522E+00  1.8258E+00  7.1419E+00
  4.4953E-02  1.6811E-01  1.3097E-03  9.8219E-01  2.7008E+00  1.7459E+00  2.6804E+00
  4.8164E-02  1.7899E-01  1.0213E-03  9.8638E-01  5.0145E-01  1.6269E+00 -4.1756E-01
  5.1375E-02  1.8984E-01  7.2399E-04  9.8289E-01  2.0924E+00  1.5003E+00 -2.0795E+00
  5.4490E-02  2.0034E-01  4.3936E-04  9.7626E-01  2.5169E+00  1.3937E+00 -2.5092E+00
  5.7797E-02  2.1146E-01  1.4636E-04  9.6936E-01  2.0015E+00  1.3356E+00 -1.9940E+00
  6.0922E-02  2.2196E-01 -1.2263E-04  9.6544E-01  8.7557E-01  1.3397E+00 -8.6054E-01
  6.4218E-02  2.3303E-01 -4.0280E-04  9.6588E-01  7.9589E-01  1.3804E+00  7.8040E-01
  6.7348E-02  2.4353E-01 -6.7101E-04  9.7161E-01  2.5158E+00  1.3931E+00  2.5114E+00
  7.0640E-02  2.5457E-01 -9.6171E-04  9.8337E-01  4.2352E+00  1.3435E+00  4.2329E+00
  7.3772E-02  2.6507E-01 -1.2514E-03  9.9931E-01  5.5335E+00  1.3172E+00  5.5320E+00
  7.7062E-02  2.7610E-01 -1.5733E-03  1.0196E+00  6.3923E+00  1.4063E+00  6.3909E+00
  8.0194E-02  2.8660E-01 -1.8983E-03  1.0408E+00  6.7454E+00  1.5396E+00  6.7438E+00
  8.3484E-02  2.9763E-01 -2.2596E-03  1.0635E+00  6.7549E+00  1.6376E+00  6.7532E+00
  8.6616E-02  3.0813E-01 -2.6211E-03  1.0848E+00  6.5352E+00  1.6854E+00  6.5334E+00
  8.9906E-02  3.1916E-01 -3.0168E-03  1.1061E+00  6.1550E+00  1.6833E+00  6.1532E+00
  9.3038E-02  3.2966E-01 -3.4060E-03  1.1251E+00  5.7423E+00  1.6408E+00  5.7405E+00
  9.6328E-02  3.4069E-01 -3.8247E-03  1.1435E+00  5.3172E+00  1.5973E+00  5.3154E+00
  9.9460E-02  3.5119E-01 -4.2301E-03  1.1598E+00  4.9292E+00  1.5724E+00  4.9274E+00
  1.0275E-01  3.6221E-01 -4.6600E-03  1.1754E+00  4.5316E+00  1.5583E+00  4.5297E+00
  1.0588E-01  3.7271E-01 -5.0701E-03  1.1891E+00  4.1569E+00  1.5518E+00  4.1549E+00
  1.0917E-01  3.8374E-01 -5.4990E-03  1.2021E+00  3.7662E+00  1.5477E+00  3.7640E+00
  1.1230E-01  3.9424E-01 -5.9028E-03  1.2132E+00  3.3980E+00  1.5456E+00  3.3957E+00
  1.1559E-01  4.0527E-01 -6.3193E-03  1.2235E+00  3.0172E+00  1.5450E+00  3.0146E+00
  1.1873E-01  4.1577E-01 -6.7062E-03  1.2321E+00  2.6627E+00  1.5455E+00  2.6598E+00
  1.2202E-01  4.2680E-01 -7.1003E-03  1.2399E+00  2.3014E+00  1.5468E+00  2.2981E+00
  1.2515E-01  4.3730E-01 -7.4617E-03  1.2462E+00  1.9704E+00  1.5489E+00  1.9666E+00
  1.2844E-01  4.4833E-01 -7.8250E-03  1.2516E+00  1.6386E+00  1.5516E+00  1.6340E+00
  1.3157E-01  4.5883E-01 -8.1541E-03  1.2558E+00  1.3397E+00  1.5543E+00  1.3341E+00
  1.3486E-01  4.6986E-01 -8.4809E-03  1.2591E+00  1.0454E+00  1.5567E+00  1.0382E+00
  1.3799E-01  4.8036E-01 -8.7734E-03  1.2614E+00  7.8524E-01  1.5580E+00  7.7564E-01
  1.4128E-01  4.9139E-01 -9.0604E-03  1.2628E+00  5.3492E-01  1.5581E+00  5.2076E-01
  1.4441E-01  5.0189E-01 -9.3142E-03  1.2635E+00  3.2228E-01  1.5566E+00  2.9826E-01
  1.4770E-01  5.1291E-01 -9.5605E-03  1.2635E+00  1.4896E-01  1.5531E+00  8.5713E-02
  1.5083E-01  5.2341E-01 -9.7758E-03  1.2628E+00  1.5538E-01  1.5477E+00 -9.6911E-02
  1.5412E-01  5.3444E-01 -9.9825E-03  1.2616E+00  2.9464E-01  1.5397E+00 -2.6866E-01
  1.5726E-01  5.4494E-01 -1.0161E-02  1.2599E+00  4.3115E-01  1.5300E+00 -4.1401E-01
  1.6055E-01  5.5597E-01 -1.0331E-02  1.2577E+00  5.6157E-01  1.5175E+00 -5.4869E-01
  1.6368E-01  5.6647E-01 -1.0476E-02  1.2552E+00  6.7161E-01  1.5040E+00 -6.6103E-01
  1.6697E-01  5.7750E-01 -1.0612E-02  1.2523E+00  7.7272E-01  1.4885E+00 -7.6369E-01
  1.7010E-01  5.8800E-01 -1.0728E-02  1.2492E+00  8.5618E-01  1.4728E+00 -8.4817E-01
  1.7339E-01  5.9902E-01 -1.0835E-02  1.2458E+00  9.3161E-01  1.4557E+00 -9.2438E-01
  1.7652E-01  6.0952E-01 -1.0924E-02  1.2423E+00  9.9298E-01  1.4394E+00 -9.8632E-01
  1.7981E-01  6.2055E-01 -1.1006E-02  1.2385E+00  1.0477E+00  1.4223E+00 -1.0415E+00
  1.8294E-01  6.3105E-01 -1.1074E-02  1.2348E+00  1.0917E+00  1.4066E+00 -1.0859E+00
  1.8623E-01  6.4208E-01 -1.1135E-02  1.2307E+00  1.1305E+00  1.3909E+00 -1.1249E+00
  1.8937E-01  6.5258E-01 -1.1184E-02  1.2268E+00  1.1613E+00  1.3769E+00 -1.1559E+00
  1.9266E-01  6.6360E-01 -1.1228E-02  1.2226E+00  1.1881E+00  1.3633E+00 -1.1829E+00
  1.9579E-01  6.7410E-01 -1.1262E-02  1.2186E+00  1.2091E+00  1.3515E+00 -1.2041E+00
  1.9908E-01  6.8513E-01 -1.1291E-02  1.2143E+00  1.2271E+00  1.3403E+00 -1.2223E+00
  2.0221E-01  6.9563E-01 -1.1313E-02  1.2102E+00  1.2411E+00  1.3306E+00 -1.2363E+00
  2.0550E-01  7.0665E-01 -1.1331E-02  1.2058E+00  1.2528E+00  1.3215E+00 -1.2481E+00
  2.0863E-01  7.1715E-01 -1.1342E-02  1.2017E+00  1.2616E+00  1.3139E+00 -1.2570E+00
  2.1192E-01  7.2818E-01 -1.1350E-02  1.1973E+00  1.2689E+00  1.3068E+00 -1.2642E+00
  2.1505E-01  7.3868E-01 -1.1354E-02  1.1932E+00  1.2741E+00  1.3009E+00 -1.2695E+00
  2.1834E-01  7.4971E-01 -1.1354E-02  1.1888E+00  1.2782E+00  1.2954E+00 -1.2736E+00
  2.2148E-01  7.6021E-01 -1.1351E-02  1.1847E+00  1.2809E+00  1.2907E+00 -1.2763E+00
  2.2476E-01  7.7123E-01 -1.1345E-02  1.1803E+00  1.2827E+00  1.2863E+00 -1.2781E+00
  2.2790E-01  7.8173E-01 -1.1336E-02  1.1762E+00  1.2836E+00  1.2826E+00 -1.2790E+00
  2.3119E-01  7.9276E-01 -1.1324E-02  1.1718E+00  1.2838E+00  1.2791E+00 -1.2793E+00
  2.3432E-01  8.0326E-01 -1.1311E-02  1.1677E+00  1.2835E+00  1.2762E+00 -1.2789E+00
  2.3761E-01  8.1428E-01 -1.1296E-02  1.1634E+00  1.2826E+00  1.2735E+00 -1.2780E+00
  2.4074E-01  8.2478E-01 -1.1279E-02  1.1593E+00  1.2813E+00  1.2711E+00 -1.2767E+00
  2.4403E-01  8.3581E-01 -1.1259E-02  1.1550E+00  1.2797E+00  1.2688E+00 -1.2750E+00
  2.4716E-01  8.4631E-01 -1.1240E-02  1.1509E+00  1.2778E+00  1.2667E+00 -1.2731E+00
  2.5045E-01  8.5734E-01 -1.1217E-02  1.1467E+00  1.2755E+00  1.2648E+00 -1.2708E+00
  2.5358E-01  8.6784E-01 -1.1195E-02  1.1426E+00  1.2732E+00  1.2631E+00 -1.2684E+00
  2.5687E-01  8.7886E-01 -1.1170E-02  1.1384E+00  1.2705E+00  1.2614E+00 -1.2658E+00
  2.6001E-01  8.8936E-01 -1.1146E-02  1.1344E+00  1.2678E+00  1.2600E+00 -1.2630E+00
  2.6330E-01  9.0039E-01 -1.1119E-02  1.1302E+00  1.2648E+00  1.2583E+00 -1.2600E+00
  2.6643E-01  9.1089E-01 -1.1092E-02  1.1262E+00  1.2619E+00  1.2568E+00 -1.2570E+00
  2.6972E-01  9.2191E-01 -1.1064E-02  1.1220E+00  1.2587E+00  1.2552E+00 -1.2538E+00
  2.7285E-01  9.3241E-01 -1.1035E-02  1.1180E+00  1.2556E+00  1.2538E+00 -1.2506E+00
  2.7614E-01  9.4344E-01 -1.1005E-02  1.1139E+00  1.2522E+00  1.2524E+00 -1.2472E+00
  2.7927E-01  9.5394E-01 -1.0976E-02  1.1099E+00  1.2489E+00  1.2511E+00 -1.2439E+00
  2.8256E-01  9.6497E-01 -1.0944E-02  1.1058E+00  1.2454E+00  1.2498E+00 -1.2403E+00
  2.8569E-01  9.7547E-01 -1.0913E-02  1.1019E+00  1.2420E+00  1.2484E+00 -1.2369E+00
  2.8898E-01  9.8649E-01 -1.0881E-02  1.0978E+00  1.2384E+00  1.2470E+00 -1.2333E+00
  2.9212E-01  9.9699E-01 -1.0849E-02  1.0939E+00  1.2349E+00  1.2456E+00 -1.2297E+00
  2.9540E-01  1.0080E+00 -1.0815E-02  1.0898E+00  1.2312E+00  1.2443E+00 -1.2260E+00
  2.9854E-01  1.0185E+00 -1.0782E-02  1.0860E+00  1.2276E+00  1.2431E+00 -1.2224E+00
  3.0183E-01  1.0295E+00 -1.0748E-02  1.0819E+00  1.2239E+00  1.2419E+00 -1.2186E+00
  3.0496E-01  1.0400E+00 -1.0714E-02  1.0781E+00  1.2202E+00  1.2406E+00 -1.2149E+00
  3.0825E-01  1.0511E+00 -1.0678E-02  1.0741E+00  1.2164E+00  1.2393E+00 -1.2110E+00
  3.1138E-01  1.0616E+00 -1.0644E-02  1.0703E+00  1.2127E+00  1.2380E+00 -1.2073E+00
  3.1467E-01  1.0726E+00 -1.0608E-02  1.0663E+00  1.2088E+00  1.2368E+00 -1.2034E+00
  3.1780E-01  1.0831E+00 -1.0573E-02  1.0625E+00  1.2051E+00  1.2356E+00 -1.1996E+00
  3.2109E-01  1.0941E+00 -1.0535E-02  1.0586E+00  1.2012E+00  1.2344E+00 -1.1956E+00
  3.2422E-01  1.1046E+00 -1.0500E-02  1.0548E+00  1.1974E+00  1.2332E+00 -1.1918E+00
  3.2751E-01  1.1156E+00 -1.0462E-02  1.0509E+00  1.1934E+00  1.2318E+00 -1.1877E+00
  3.3065E-01  1.1261E+00 -1.0426E-02  1.0472E+00  1.1896E+00  1.2305E+00 -1.1839E+00
  3.3394E-01  1.1372E+00 -1.0387E-02  1.0433E+00  1.1855E+00  1.2291E+00 -1.1798E+00
  3.3707E-01  1.1477E+00 -1.0350E-02  1.0396E+00  1.1817E+00  1.2279E+00 -1.1759E+00
  3.4036E-01  1.1587E+00 -1.0311E-02  1.0357E+00  1.1776E+00  1.2266E+00 -1.1717E+00
  3.4349E-01  1.1692E+00 -1.0274E-02  1.0320E+00  1.1737E+00  1.2254E+00 -1.1678E+00
  3.4678E-01  1.1802E+00 -1.0234E-02  1.0282E+00  1.1696E+00  1.2240E+00 -1.1636E+00
  3.4991E-01  1.1907E+00 -1.0196E-02  1.0245E+00  1.1657E+00  1.2225E+00 -1.1596E+00
  3.5320E-01  1.2018E+00 -1.0156E-02  1.0207E+00  1.1615E+00  1.2210E+00 -1.1554E+00
  3.5633E-01  1.2123E+00 -1.0118E-02  1.0171E+00  1.1575E+00  1.2196E+00 -1.1514E+00
  3.5962E-01  1.2233E+00 -1.0077E-02  1.0133E+00  1.1533E+00  1.2182E+00 -1.1472E+00
  3.6276E-01  1.2338E+00 -1.0038E-02  1.0097E+00  1.1493E+00  1.2168E+00 -1.1431E+00
  3.6605E-01  1.2448E+00 -9.9970E-03  1.0059E+00  1.1451E+00  1.2154E+00 -1.1388E+00
  3.6918E-01  1.2553E+00 -9.9577E-03  1.0024E+00  1.1411E+00  1.2140E+00 -1.1347E+00
  3.7247E-01  1.2663E+00 -9.9162E-03  9.9863E-01  1.1368E+00  1.2125E+00 -1.1304E+00
  3.7560E-01  1.2768E+00 -9.8764E-03  9.9509E-01  1.1327E+00  1.2111E+00 -1.1263E+00
  3.7889E-01  1.2879E+00 -9.8345E-03  9.9138E-01  1.1285E+00  1.2097E+00 -1.1220E+00
  3.8202E-01  1.2984E+00 -9.7944E-03  9.8787E-01  1.1244E+00  1.2084E+00 -1.1178E+00
  3.8531E-01  1.3094E+00 -9.7521E-03  9.8420E-01  1.1200E+00  1.2071E+00 -1.1134E+00
  3.8844E-01  1.3199E+00 -9.7116E-03  9.8071E-01  1.1159E+00  1.2058E+00 -1.1092E+00
  3.9173E-01  1.3309E+00 -9.6689E-03  9.7706E-01  1.1115E+00  1.2043E+00 -1.1048E+00
  3.9487E-01  1.3414E+00 -9.6280E-03  9.7360E-01  1.1074E+00  1.2030E+00 -1.1006E+00
  3.9815E-01  1.3524E+00 -9.5849E-03  9.6999E-01  1.1030E+00  1.2016E+00 -1.0961E+00
  4.0129E-01  1.3629E+00 -9.5436E-03  9.6656E-01  1.0988E+00  1.2004E+00 -1.0919E+00
  4.0458E-01  1.3740E+00 -9.5001E-03  9.6297E-01  1.0944E+00  1.1991E+00 -1.0874E+00
  4.0771E-01  1.3845E+00 -9.4584E-03  9.5957E-01  1.0901E+00  1.1978E+00 -1.0831E+00
  4.1100E-01  1.3955E+00 -9.4145E-03  9.5601E-01  1.0857E+00  1.1961E+00 -1.0786E+00
  4.1413E-01  1.4060E+00 -9.3725E-03  9.5263E-01  1.0814E+00  1.1945E+00 -1.0742E+00
  4.1742E-01  1.4170E+00 -9.3282E-03  9.4910E-01  1.0769E+00  1.1928E+00 -1.0697E+00
  4.2055E-01  1.4275E+00 -9.2859E-03  9.4576E-01  1.0726E+00  1.1912E+00 -1.0653E+00
  4.2384E-01  1.4385E+00 -9.2413E-03  9.4226E-01  1.0681E+00  1.1896E+00 -1.0607E+00
  4.2697E-01  1.4490E+00 -9.1986E-03  9.3894E-01  1.0638E+00  1.1882E+00 -1.0564E+00
  4.3026E-01  1.4601E+00 -9.1536E-03  9.3547E-01  1.0592E+00  1.1865E+00 -1.0517E+00
  4.3340E-01  1.4706E+00 -9.1106E-03  9.3218E-01  1.0549E+00  1.1849E+00 -1.0473E+00
  4.3669E-01  1.4816E+00 -9.0653E-03  9.2874E-01  1.0503E+00  1.1833E+00 -1.0427E+00
  4.3982E-01  1.4921E+00 -9.0220E-03  9.2548E-01  1.0459E+00  1.1818E+00 -1.0382E+00
  4.4311E-01  1.5031E+00 -8.9763E-03  9.2207E-01  1.0413E+00  1.1804E+00 -1.0336E+00
  4.4624E-01  1.5136E+00 -8.9327E-03  9.1884E-01  1.0370E+00  1.1794E+00 -1.0291E+00
  4.4953E-01  1.5246E+00 -8.8867E-03  9.1546E-01  1.0324E+00  1.1787E+00 -1.0245E+00
  4.5266E-01  1.5351E+00 -8.8424E-03  9.1226E-01  1.0278E+00  1.1758E+00 -1.0198E+00
  4.5595E-01  1.5462E+00 -8.7956E-03  9.0891E-01  1.0231E+00  1.1742E+00 -1.0151E+00
  4.5908E-01  1.5567E+00 -8.7509E-03  9.0574E-01  1.0187E+00  1.1727E+00 -1.0105E+00
  4.6237E-01  1.5677E+00 -8.7038E-03  9.0242E-01  1.0140E+00  1.1712E+00 -1.0058E+00
  4.6551E-01  1.5782E+00 -8.6588E-03  8.9928E-01  1.0095E+00  1.1698E+00 -1.0012E+00
  4.6879E-01  1.5892E+00 -8.6114E-03  8.9600E-01  1.0047E+00  1.1684E+00 -9.9637E-01
  4.7193E-01  1.5997E+00 -8.5661E-03  8.9289E-01  1.0002E+00  1.1669E+00 -9.9176E-01
  4.7522E-01  1.6107E+00 -8.5183E-03  8.8963E-01  9.9540E-01  1.1653E+00 -9.8690E-01
  4.7835E-01  1.6212E+00 -8.4726E-03  8.8655E-01  9.9083E-01  1.1638E+00 -9.8225E-01
  4.8164E-01  1.6323E+00 -8.4245E-03  8.8333E-01  9.8602E-01  1.1623E+00 -9.7736E-01
  4.8477E-01  1.6428E+00 -8.3785E-03  8.8027E-01  9.8143E-01  1.1609E+00 -9.7268E-01
  4.8806E-01  1.6538E+00 -8.3300E-03  8.7708E-01  9.7659E-01  1.1594E+00 -9.6776E-01
  4.9119E-01  1.6643E+00 -8.2836E-03  8.7406E-01  9.7196E-01  1.1581E+00 -9.6305E-01
  4.9448E-01  1.6753E+00 -8.2346E-03  8.7090E-01  9.6708E-01  1.1565E+00 -9.5808E-01
  4.9761E-01  1.6858E+00 -8.1879E-03  8.6791E-01  9.6241E-01  1.1550E+00 -9.5333E-01
  5.0090E-01  1.6968E+00 -8.1385E-03  8.6478E-01  9.5750E-01  1.1534E+00 -9.4833E-01
  5.0404E-01  1.7073E+00 -8.0914E-03  8.6182E-01  9.5281E-01  1.1520E+00 -9.4355E-01
  5.0733E-01  1.7184E+00 -8.0416E-03  8.5873E-01  9.4786E-01  1.1505E+00 -9.3852E-01
  5.1046E-01  1.7289E+00 -7.9941E-03  8.5580E-01  9.4314E-01  1.1492E+00 -9.3370E-01
  5.1375E-01  1.7399E+00 -7.9439E-03  8.5273E-01  9.3816E-01  1.1477E+00 -9.2863E-01
  5.1688E-01  1.7504E+00 -7.8960E-03  8.4983E-01  9.3341E-01  1.1461E+00 -9.2379E-01
  5.2017E-01  1.7614E+00 -7.8454E-03  8.4680E-01  9.2840E-01  1.1446E+00 -9.1868E-01
  5.2330E-01  1.7719E+00 -7.7970E-03  8.4394E-01  9.2361E-01  1.1432E+00 -9.1380E-01
  5.2659E-01  1.7830E+00 -7.7461E-03  8.4094E-01  9.1857E-01  1.1417E+00 -9.0866E-01
  5.2972E-01  1.7935E+00 -7.6973E-03  8.3810E-01  9.1376E-01  1.1404E+00 -9.0375E-01
  5.3301E-01  1.8045E+00 -7.6460E-03  8.3514E-01  9.0869E-01  1.1390E+00 -8.9858E-01
  5.3615E-01  1.8150E+00 -7.5969E-03  8.3233E-01  9.0381E-01  1.1373E+00 -8.9361E-01
  5.3944E-01  1.8260E+00 -7.5451E-03  8.2940E-01  8.9867E-01  1.1355E+00 -8.8837E-01
  5.4257E-01  1.8365E+00 -7.4956E-03  8.2663E-01  8.9377E-01  1.1339E+00 -8.8337E-01
  5.4586E-01  1.8475E+00 -7.4435E-03  8.2373E-01  8.8861E-01  1.1323E+00 -8.7810E-01
  5.4899E-01  1.8580E+00 -7.3937E-03  8.2099E-01  8.8367E-01  1.1308E+00 -8.7307E-01
  5.5228E-01  1.8691E+00 -7.3412E-03  8.1813E-01  8.7848E-01  1.1292E+00 -8.6776E-01
  5.5541E-01  1.8796E+00 -7.2911E-03  8.1542E-01  8.7351E-01  1.1277E+00 -8.6269E-01
  5.5870E-01  1.8906E+00 -7.2382E-03  8.1259E-01  8.6828E-01  1.1260E+00 -8.5735E-01
  5.6183E-01  1.9011E+00 -7.1877E-03  8.0991E-01  8.6328E-01  1.1245E+00 -8.5225E-01
  5.6512E-01  1.9121E+00 -7.1344E-03  8.0712E-01  8.5802E-01  1.1229E+00 -8.4687E-01
  5.6826E-01  1.9226E+00 -7.0835E-03  8.0448E-01  8.5299E-01  1.1214E+00 -8.4173E-01
  5.7154E-01  1.9336E+00 -7.0299E-03  8.0172E-01  8.4770E-01  1.1200E+00 -8.3632E-01
  5.7468E-01  1.9441E+00 -6.9786E-03  7.9911E-01  8.4265E-01  1.1186E+00 -8.3115E-01
  5.7797E-01  1.9552E+00 -6.9245E-03  7.9638E-01  8.3731E-01  1.1168E+00 -8.2570E-01
  5.8110E-01  1.9657E+00 -6.8728E-03  7.9380E-01  8.3221E-01  1.1152E+00 -8.2048E-01
  5.8439E-01  1.9767E+00 -6.8183E-03  7.9112E-01  8.2685E-01  1.1136E+00 -8.1499E-01
  5.8752E-01  1.9872E+00 -6.7662E-03  7.8857E-01  8.2172E-01  1.1121E+00 -8.0975E-01
  5.9081E-01  1.9982E+00 -6.7113E-03  7.8592E-01  8.1633E-01  1.1106E+00 -8.0422E-01
  5.9394E-01  2.0087E+00 -6.6587E-03  7.8341E-01  8.1118E-01  1.1092E+00 -7.9895E-01
  5.9723E-01  2.0197E+00 -6.6033E-03  7.8079E-01  8.0574E-01  1.1075E+00 -7.9338E-01
  6.0036E-01  2.0302E+00 -6.5503E-03  7.7831E-01  8.0055E-01  1.1058E+00 -7.8807E-01
  6.0365E-01  2.0413E+00 -6.4944E-03  7.7573E-01  7.9507E-01  1.1040E+00 -7.8246E-01
  6.0679E-01  2.0518E+00 -6.4410E-03  7.7329E-01  7.8985E-01  1.1023E+00 -7.7711E-01
  6.1008E-01  2.0628E+00 -6.3846E-03  7.7074E-01  7.8435E-01  1.1007E+00 -7.7148E-01
  6.1321E-01  2.0733E+00 -6.3307E-03  7.6834E-01  7.7910E-01  1.0991E+00 -7.6610E-01
  6.1650E-01  2.0843E+00 -6.2738E-03  7.6583E-01  7.7358E-01  1.0975E+00 -7.6043E-01
  6.1963E-01  2.0948E+00 -6.2195E-03  7.6345E-01  7.6829E-01  1.0957E+00 -7.5501E-01
  6.2292E-01  2.1058E+00 -6.1621E-03  7.6098E-01  7.6272E-01  1.0938E+00 -7.4930E-01
  6.2605E-01  2.1163E+00 -6.1072E-03  7.5864E-01  7.5741E-01  1.0921E+00 -7.4385E-01
  6.2934E-01  2.1274E+00 -6.0492E-03  7.5621E-01  7.5181E-01  1.0903E+00 -7.3811E-01
  6.3247E-01  2.1379E+00 -5.9938E-03  7.5390E-01  7.4647E-01  1.0887E+00 -7.3262E-01
  6.3576E-01  2.1489E+00 -5.9353E-03  7.5150E-01  7.4085E-01  1.0871E+00 -7.2685E-01
  6.3890E-01  2.1594E+00 -5.8793E-03  7.4924E-01  7.3549E-01  1.0854E+00 -7.2134E-01
  6.4218E-01  2.1704E+00 -5.8203E-03  7.4687E-01  7.2983E-01  1.0834E+00 -7.1553E-01
  6.4532E-01  2.1809E+00 -5.7638E-03  7.4464E-01  7.2444E-01  1.0816E+00 -7.0999E-01
  6.4861E-01  2.1919E+00 -5.7042E-03  7.4232E-01  7.1876E-01  1.0798E+00 -7.0415E-01
  6.5174E-01  2.2024E+00 -5.6472E-03  7.4012E-01  7.1335E-01  1.0781E+00 -6.9858E-01
  6.5503E-01  2.2135E+00 -5.5870E-03  7.3783E-01  7.0765E-01  1.0764E+00 -6.9271E-01
  6.5816E-01  2.2240E+00 -5.5294E-03  7.3567E-01  7.0221E-01  1.0749E+00 -6.8711E-01
  6.6145E-01  2.2350E+00 -5.4687E-03  7.3342E-01  6.9647E-01  1.0727E+00 -6.8122E-01
  6.6458E-01  2.2455E+00 -5.4107E-03  7.3130E-01  6.9100E-01  1.0707E+00 -6.7559E-01
  6.6787E-01  2.2565E+00 -5.3495E-03  7.2909E-01  6.8524E-01  1.0687E+00 -6.6966E-01
  6.7100E-01  2.2670E+00 -5.2911E-03  7.2700E-01  6.7974E-01  1.0668E+00 -6.6400E-01
  6.7429E-01  2.2780E+00 -5.2294E-03  7.2482E-01  6.7396E-01  1.0648E+00 -6.5805E-01
  6.7743E-01  2.2885E+00 -5.1705E-03  7.2277E-01  6.6845E-01  1.0631E+00 -6.5236E-01
  6.8072E-01  2.2996E+00 -5.1084E-03  7.2064E-01  6.6264E-01  1.0610E+00 -6.4637E-01
  6.8385E-01  2.3101E+00 -5.0491E-03  7.1862E-01  6.5708E-01  1.0589E+00 -6.4065E-01
  6.8714E-01  2.3211E+00 -4.9866E-03  7.1652E-01  6.5124E-01  1.0567E+00 -6.3463E-01
  6.9027E-01  2.3316E+00 -4.9269E-03  7.1455E-01  6.4567E-01  1.0546E+00 -6.2888E-01
  6.9356E-01  2.3426E+00 -4.8640E-03  7.1249E-01  6.3980E-01  1.0526E+00 -6.2282E-01
  6.9669E-01  2.3531E+00 -4.8040E-03  7.1055E-01  6.3421E-01  1.0507E+00 -6.1705E-01
  6.9998E-01  2.3642E+00 -4.7407E-03  7.0853E-01  6.2833E-01  1.0487E+00 -6.1096E-01
  7.0311E-01  2.3747E+00 -4.6802E-03  7.0662E-01  6.2270E-01  1.0466E+00 -6.0515E-01
  7.0640E-01  2.3857E+00 -4.6166E-03  7.0464E-01  6.1678E-01  1.0443E+00 -5.9903E-01
  7.0954E-01  2.3962E+00 -4.5558E-03  7.0278E-01  6.1113E-01  1.0423E+00 -5.9319E-01
  7.1283E-01  2.4072E+00 -4.4917E-03  7.0083E-01  6.0520E-01  1.0402E+00 -5.8704E-01
  7.1596E-01  2.4177E+00 -4.4306E-03  6.9901E-01  5.9953E-01  1.0383E+00 -5.8118E-01
  7.1925E-01  2.4287E+00 -4.3661E-03  6.9710E-01  5.9358E-01  1.0364E+00 -5.7500E-01
  7.2238E-01  2.4392E+00 -4.3046E-03  6.9531E-01  5.8790E-01  1.0345E+00 -5.6910E-01
  7.2567E-01  2.4503E+00 -4.2397E-03  6.9345E-01  5.8192E-01  1.0324E+00 -5.6290E-01
  7.2880E-01  2.4608E+00 -4.1778E-03  6.9170E-01  5.7622E-01  1.0305E+00 -5.5698E-01
  7.3209E-01  2.4718E+00 -4.1125E-03  6.8988E-01  5.7023E-01  1.0286E+00 -5.5074E-01
  7.3522E-01  2.4823E+00 -4.0502E-03  6.8816E-01  5.6451E-01  1.0269E+00 -5.4479E-01
  7.3851E-01  2.4933E+00 -3.9846E-03  6.8638E-01  5.5851E-01  1.0251E+00 -5.3853E-01
  7.4164E-01  2.5038E+00 -3.9219E-03  6.8470E-01  5.5278E-01  1.0236E+00 -5.3256E-01
  7.4493E-01  2.5148E+00 -3.8558E-03  6.8296E-01  5.4674E-01  1.0214E+00 -5.2626E-01
  7.4807E-01  2.5253E+00 -3.7926E-03  6.8132E-01  5.4097E-01  1.0194E+00 -5.2025E-01
  7.5136E-01  2.5364E+00 -3.7260E-03  6.7962E-01  5.3491E-01  1.0174E+00 -5.1392E-01
  7.5449E-01  2.5469E+00 -3.6624E-03  6.7802E-01  5.2914E-01  1.0156E+00 -5.0788E-01
  7.5778E-01  2.5579E+00 -3.5952E-03  6.7636E-01  5.2307E-01  1.0138E+00 -5.0153E-01
  7.6091E-01  2.5684E+00 -3.5311E-03  6.7480E-01  5.1729E-01  1.0121E+00 -4.9546E-01
  7.6420E-01  2.5794E+00 -3.4634E-03  6.7318E-01  5.1121E-01  1.0103E+00 -4.8909E-01
  7.6733E-01  2.5899E+00 -3.3988E-03  6.7166E-01  5.0542E-01  1.0083E+00 -4.8303E-01
  7.7062E-01  2.6009E+00 -3.3306E-03  6.7008E-01  4.9934E-01  1.0062E+00 -4.7664E-01
  7.7375E-01  2.6114E+00 -3.2655E-03  6.6860E-01  4.9355E-01  1.0044E+00 -4.7055E-01
  7.7704E-01  2.6225E+00 -3.1969E-03  6.6706E-01  4.8746E-01  1.0026E+00 -4.6414E-01
  7.8018E-01  2.6330E+00 -3.1313E-03  6.6562E-01  4.8167E-01  1.0010E+00 -4.5803E-01
  7.8347E-01  2.6440E+00 -3.0621E-03  6.6412E-01  4.7559E-01  9.9933E-01 -4.5160E-01
  7.8660E-01  2.6545E+00 -2.9961E-03  6.6272E-01  4.6977E-01  9.9734E-01 -4.4546E-01
  7.8989E-01  2.6655E+00 -2.9265E-03  6.6126E-01  4.6365E-01  9.9525E-01 -4.3900E-01
  7.9302E-01  2.6760E+00 -2.8599E-03  6.5990E-01  4.5783E-01  9.9336E-01 -4.3284E-01
  7.9631E-01  2.6870E+00 -2.7898E-03  6.5848E-01  4.5173E-01  9.9147E-01 -4.2636E-01
  7.9944E-01  2.6975E+00 -2.7229E-03  6.5716E-01  4.4591E-01  9.8977E-01 -4.2018E-01
  8.0273E-01  2.7086E+00 -2.6523E-03  6.5579E-01  4.3981E-01  9.8808E-01 -4.1368E-01
  8.0586E-01  2.7191E+00 -2.5848E-03  6.5450E-01  4.3399E-01  9.8640E-01 -4.0747E-01
  8.0915E-01  2.7301E+00 -2.5138E-03  6.5317E-01  4.2787E-01  9.8440E-01 -4.0095E-01
  8.1229E-01  2.7406E+00 -2.4458E-03  6.5192E-01  4.2204E-01  9.8260E-01 -3.9472E-01
  8.1557E-01  2.7516E+00 -2.3741E-03  6.5064E-01  4.1593E-01  9.8080E-01 -3.8817E-01
  8.1871E-01  2.7621E+00 -2.3056E-03  6.4943E-01  4.1012E-01  9.7919E-01 -3.8192E-01
  8.2200E-01  2.7731E+00 -2.2333E-03  6.4819E-01  4.0403E-01  9.7760E-01 -3.7535E-01
  8.2513E-01  2.7836E+00 -2.1643E-03  6.4702E-01  3.9823E-01  9.7619E-01 -3.6909E-01
  8.2842E-01  2.7947E+00 -2.0914E-03  6.4582E-01  3.9214E-01  9.7450E-01 -3.6250E-01
  8.3155E-01  2.8052E+00 -2.0219E-03  6.4469E-01  3.8635E-01  9.7292E-01 -3.5622E-01
  8.3484E-01  2.8162E+00 -1.9487E-03  6.4353E-01  3.8028E-01  9.7136E-01 -3.4961E-01
  8.3797E-01  2.8267E+00 -1.8787E-03  6.4244E-01  3.7451E-01  9.6998E-01 -3.4331E-01
  8.4126E-01  2.8377E+00 -1.8050E-03  6.4133E-01  3.6847E-01  9.6865E-01 -3.3669E-01
  8.4439E-01  2.8482E+00 -1.7346E-03  6.4028E-01  3.6273E-01  9.6748E-01 -3.3037E-01
  8.4768E-01  2.8592E+00 -1.6605E-03  6.3921E-01  3.5671E-01  9.6624E-01 -3.2372E-01
  8.5082E-01  2.8697E+00 -1.5897E-03  6.3820E-01  3.5096E-01  9.6491E-01 -3.1736E-01
  8.5411E-01  2.8808E+00 -1.5152E-03  6.3717E-01  3.4494E-01  9.6363E-01 -3.1067E-01
  8.5724E-01  2.8913E+00 -1.4441E-03  6.3621E-01  3.3923E-01  9.6252E-01 -3.0429E-01
  8.6053E-01  2.9023E+00 -1.3692E-03  6.3522E-01  3.3326E-01  9.6147E-01 -2.9759E-01
  8.6366E-01  2.9128E+00 -1.2976E-03  6.3429E-01  3.2761E-01  9.6059E-01 -2.9120E-01
  8.6695E-01  2.9238E+00 -1.2223E-03  6.3335E-01  3.2169E-01  9.5977E-01 -2.8448E-01
  8.7008E-01  2.9343E+00 -1.1504E-03  6.3247E-01  3.1608E-01  9.5871E-01 -2.7809E-01
  8.7337E-01  2.9454E+00 -1.0748E-03  6.3156E-01  3.1022E-01  9.5760E-01 -2.7138E-01
  8.7650E-01  2.9559E+00 -1.0025E-03  6.3072E-01  3.0466E-01  9.5666E-01 -2.6499E-01
  8.7979E-01  2.9669E+00 -9.2652E-04  6.2986E-01  2.9887E-01  9.5580E-01 -2.5827E-01
  8.8293E-01  2.9774E+00 -8.5396E-04  6.2906E-01  2.9339E-01  9.5509E-01 -2.5186E-01
  8.8370E-01  2.9800E+00 -8.3600E-04  6.2887E-01  2.9204E-01  9.5493E-01 -2.5027E-01
  8.8621E-01  2.9884E+00 -7.7781E-04  6.2825E-01  2.8770E-01  9.5446E-01 -2.4514E-01
  8.8934E-01  2.9989E+00 -7.0492E-04  6.2749E-01  2.8230E-01  9.5387E-01 -2.3873E-01
  8.9264E-01  3.0099E+00 -6.2803E-04  6.2671E-01  2.7664E-01  9.5307E-01 -2.3198E-01
  8.9577E-01  3.0204E+00 -5.5486E-04  6.2599E-01  2.7133E-01  9.5242E-01 -2.2556E-01
  8.9906E-01  3.0315E+00 -4.7789E-04  6.2526E-01  2.6580E-01  9.5185E-01 -2.1882E-01
  9.0219E-01  3.0420E+00 -4.0445E-04  6.2459E-01  2.6058E-01  9.5143E-01 -2.1239E-01
  9.0548E-01  3.0530E+00 -3.2720E-04  6.2390E-01  2.5518E-01  9.5110E-01 -2.0563E-01
  9.0861E-01  3.0635E+00 -2.5349E-04  6.2327E-01  2.5009E-01  9.5090E-01 -1.9920E-01
  9.1190E-01  3.0745E+00 -1.7594E-04  6.2262E-01  2.4479E-01  9.5036E-01 -1.9244E-01
  9.1503E-01  3.0850E+00 -1.0194E-04  6.2203E-01  2.3979E-01  9.4980E-01 -1.8600E-01
  9.1832E-01  3.0960E+00 -2.4063E-05  6.2143E-01  2.3463E-01  9.4932E-01 -1.7924E-01
  9.2146E-01  3.1065E+00  5.0252E-05  6.2088E-01  2.2980E-01  9.4897E-01 -1.7279E-01
  9.2475E-01  3.1176E+00  1.2845E-04  6.2032E-01  2.2481E-01  9.4871E-01 -1.6602E-01
  9.2788E-01  3.1281E+00  2.0307E-04  6.1981E-01  2.2016E-01  9.4856E-01 -1.5957E-01
  9.3117E-01  3.1391E+00  2.8159E-04  6.1929E-01  2.1536E-01  9.4835E-01 -1.5279E-01
  9.3430E-01  3.1496E+00  3.5651E-04  6.1883E-01  2.1085E-01  9.4777E-01 -1.4634E-01
  9.3759E-01  3.1606E+00  4.3536E-04  6.1835E-01  2.0623E-01  9.4727E-01 -1.3956E-01
  9.4072E-01  3.1711E+00  5.1060E-04  6.1793E-01  2.0196E-01  9.4690E-01 -1.3311E-01
  9.4401E-01  3.1821E+00  5.8978E-04  6.1750E-01  1.9760E-01  9.4661E-01 -1.2633E-01
  9.4714E-01  3.1926E+00  6.6533E-04  6.1711E-01  1.9358E-01  9.4644E-01 -1.1987E-01
  9.5043E-01  3.2037E+00  7.4483E-04  6.1673E-01  1.8953E-01  9.4637E-01 -1.1308E-01
  9.5357E-01  3.2142E+00  8.2069E-04  6.1639E-01  1.8579E-01  9.4611E-01 -1.0664E-01
  9.5686E-01  3.2252E+00  9.0052E-04  6.1605E-01  1.8202E-01  9.4584E-01 -9.9871E-02
  9.5999E-01  3.2357E+00  9.7671E-04  6.1574E-01  1.7861E-01  9.4568E-01 -9.3428E-02
  9.6328E-01  3.2467E+00  1.0569E-03  6.1545E-01  1.7522E-01  9.4563E-01 -8.6662E-02
  9.6641E-01  3.2572E+00  1.1334E-03  6.1518E-01  1.7219E-01  9.4568E-01 -8.0218E-02
  9.6970E-01  3.2682E+00  1.2139E-03  6.1493E-01  1.6922E-01  9.4584E-01 -7.3451E-02
  9.7283E-01  3.2787E+00  1.2907E-03  6.1471E-01  1.6661E-01  9.4602E-01 -6.7012E-02
  9.7612E-01  3.2898E+00  1.3715E-03  6.1450E-01  1.6406E-01  9.4601E-01 -6.0274E-02
  9.7925E-01  3.3003E+00  1.4487E-03  6.1432E-01  1.6187E-01  9.4611E-01 -5.3857E-02
  9.8103E-01  3.3062E+00  1.4926E-03  6.1423E-01  1.6073E-01  9.4620E-01 -5.0212E-02
  9.8249E-01  3.3111E+00  1.5288E-03  6.1416E-01  1.5985E-01  9.4631E-01 -4.7218E-02
  9.8575E-01  3.3221E+00  1.6095E-03  6.1401E-01  1.5809E-01  9.4662E-01 -4.0545E-02
  9.8889E-01  3.3326E+00  1.6872E-03  6.1390E-01  1.5666E-01  9.4702E-01 -3.4132E-02
  9.9218E-01  3.3436E+00  1.7691E-03  6.1379E-01  1.5544E-01  9.4755E-01 -2.7399E-02
  9.9531E-01  3.3541E+00  1.8473E-03  6.1372E-01  1.5452E-01  9.4788E-01 -2.1006E-02
  9.9860E-01  3.3651E+00  1.9295E-03  6.1366E-01  1.5382E-01  9.4823E-01 -1.4302E-02
  1.0017E+00  3.3756E+00  2.0079E-03  6.1362E-01  1.5344E-01  9.4867E-01 -7.9203E-03
  1.0050E+00  3.3866E+00  2.0903E-03  6.1361E-01  1.5333E-01  9.4923E-01 -1.2213E-03
  1.0082E+00  3.3971E+00  2.1690E-03  6.1361E-01  1.5352E-01  9.4987E-01  5.1554E-03
  1.0114E+00  3.4082E+00  2.2518E-03  6.1364E-01  1.5400E-01  9.5064E-01  1.1848E-02
  1.0146E+00  3.4187E+00  2.3307E-03  6.1369E-01  1.5474E-01  9.5142E-01  1.8218E-02
  1.0179E+00  3.4297E+00  2.4137E-03  6.1376E-01  1.5576E-01  9.5210E-01  2.4901E-02
  1.0210E+00  3.4402E+00  2.4929E-03  6.1384E-01  1.5700E-01  9.5285E-01  3.1262E-02
  1.0243E+00  3.4512E+00  2.5762E-03  6.1396E-01  1.5857E-01  9.5373E-01  3.7937E-02
  1.0274E+00  3.4617E+00  2.6556E-03  6.1408E-01  1.6033E-01  9.5468E-01  4.4290E-02
  1.0307E+00  3.4727E+00  2.7392E-03  6.1424E-01  1.6243E-01  9.5577E-01  5.0957E-02
  1.0338E+00  3.4832E+00  2.8189E-03  6.1441E-01  1.6466E-01  9.5691E-01  5.7301E-02
  1.0371E+00  3.4943E+00  2.9027E-03  6.1461E-01  1.6716E-01  9.5769E-01  6.3954E-02
  1.0403E+00  3.5048E+00  2.9827E-03  6.1482E-01  1.6972E-01  9.5830E-01  7.0282E-02
  1.0436E+00  3.5158E+00  3.0667E-03  6.1506E-01  1.7263E-01  9.5905E-01  7.6921E-02
  1.0467E+00  3.5263E+00  3.1469E-03  6.1531E-01  1.7560E-01  9.5986E-01  8.3238E-02
  1.0500E+00  3.5373E+00  3.2312E-03  6.1559E-01  1.7891E-01  9.6082E-01  8.9865E-02
  1.0531E+00  3.5478E+00  3.3116E-03  6.1588E-01  1.8223E-01  9.6183E-01  9.6170E-02
  1.0564E+00  3.5588E+00  3.3962E-03  6.1621E-01  1.8588E-01  9.6291E-01  1.0279E-01
  1.0595E+00  3.5693E+00  3.4768E-03  6.1654E-01  1.8947E-01  9.6363E-01  1.0909E-01
  1.0628E+00  3.5804E+00  3.5615E-03  6.1691E-01  1.9339E-01  9.6448E-01  1.1570E-01
  1.0659E+00  3.5909E+00  3.6423E-03  6.1728E-01  1.9726E-01  9.6539E-01  1.2199E-01
  1.0692E+00  3.6019E+00  3.7273E-03  6.1769E-01  2.0145E-01  9.6645E-01  1.2859E-01
  1.0724E+00  3.6124E+00  3.8083E-03  6.1810E-01  2.0557E-01  9.6755E-01  1.3486E-01
  1.0757E+00  3.6234E+00  3.8935E-03  6.1855E-01  2.1001E-01  9.6881E-01  1.4144E-01
  1.0788E+00  3.6339E+00  3.9747E-03  6.1901E-01  2.1430E-01  9.6985E-01  1.4767E-01
  1.0821E+00  3.6449E+00  4.0600E-03  6.1950E-01  2.1887E-01  9.7090E-01  1.5419E-01
  1.0852E+00  3.6554E+00  4.1414E-03  6.1999E-01  2.2332E-01  9.7200E-01  1.6040E-01
  1.0885E+00  3.6665E+00  4.2270E-03  6.2053E-01  2.2808E-01  9.7324E-01  1.6690E-01
  1.0916E+00  3.6770E+00  4.3085E-03  6.2106E-01  2.3269E-01  9.7451E-01  1.7308E-01
  1.0949E+00  3.6880E+00  4.3943E-03  6.2164E-01  2.3761E-01  9.7593E-01  1.7957E-01
  1.0981E+00  3.6985E+00  4.4761E-03  6.2221E-01  2.4235E-01  9.7730E-01  1.8573E-01
  1.1013E+00  3.7095E+00  4.5620E-03  6.2283E-01  2.4733E-01  9.7834E-01  1.9218E-01
  1.1045E+00  3.7200E+00  4.6439E-03  6.2344E-01  2.5213E-01  9.7941E-01  1.9831E-01
  1.1078E+00  3.7311E+00  4.7299E-03  6.2410E-01  2.5723E-01  9.8063E-01  2.0473E-01
  1.1109E+00  3.7416E+00  4.8118E-03  6.2475E-01  2.6214E-01  9.8187E-01  2.1084E-01
  1.1142E+00  3.7526E+00  4.8980E-03  6.2546E-01  2.6735E-01  9.8327E-01  2.1725E-01
  1.1173E+00  3.7631E+00  4.9800E-03  6.2614E-01  2.7235E-01  9.8468E-01  2.2333E-01
  1.1206E+00  3.7741E+00  5.0662E-03  6.2689E-01  2.7763E-01  9.8599E-01  2.2973E-01
  1.1237E+00  3.7846E+00  5.1483E-03  6.2762E-01  2.8270E-01  9.8717E-01  2.3582E-01
  1.1270E+00  3.7956E+00  5.2345E-03  6.2840E-01  2.8805E-01  9.8850E-01  2.4221E-01
  1.1302E+00  3.8061E+00  5.3165E-03  6.2917E-01  2.9318E-01  9.8985E-01  2.4828E-01
  1.1335E+00  3.8172E+00  5.4027E-03  6.2999E-01  2.9860E-01  9.9134E-01  2.5464E-01
  1.1366E+00  3.8277E+00  5.4848E-03  6.3080E-01  3.0379E-01  9.9284E-01  2.6068E-01
  1.1399E+00  3.8387E+00  5.5710E-03  6.3166E-01  3.0926E-01  9.9443E-01  2.6701E-01
  1.1430E+00  3.8492E+00  5.6531E-03  6.3251E-01  3.1444E-01  9.9543E-01  2.7302E-01
  1.1463E+00  3.8602E+00  5.7394E-03  6.3341E-01  3.1989E-01  9.9656E-01  2.7931E-01
  1.1494E+00  3.8707E+00  5.8216E-03  6.3430E-01  3.2511E-01  9.9772E-01  2.8529E-01
  1.1527E+00  3.8817E+00  5.9080E-03  6.3524E-01  3.3060E-01  9.9902E-01  2.9155E-01
  1.1559E+00  3.8922E+00  5.9904E-03  6.3616E-01  3.3585E-01  1.0003E+00  2.9750E-01
  1.1591E+00  3.9033E+00  6.0769E-03  6.3715E-01  3.4138E-01  1.0018E+00  3.0374E-01
  1.1623E+00  3.9138E+00  6.1593E-03  6.3811E-01  3.4664E-01  1.0030E+00  3.0967E-01
  1.1656E+00  3.9248E+00  6.2460E-03  6.3914E-01  3.5216E-01  1.0040E+00  3.1588E-01
  1.1687E+00  3.9353E+00  6.3285E-03  6.4013E-01  3.5743E-01  1.0051E+00  3.2178E-01
  1.1720E+00  3.9463E+00  6.4152E-03  6.4120E-01  3.6298E-01  1.0063E+00  3.2796E-01
  1.1751E+00  3.9568E+00  6.4979E-03  6.4223E-01  3.6827E-01  1.0075E+00  3.3383E-01
  1.1784E+00  3.9678E+00  6.5847E-03  6.4334E-01  3.7383E-01  1.0089E+00  3.3998E-01
  1.1815E+00  3.9783E+00  6.6674E-03  6.4441E-01  3.7913E-01  1.0102E+00  3.4582E-01
  1.1848E+00  3.9894E+00  6.7544E-03  6.4556E-01  3.8467E-01  1.0113E+00  3.5195E-01
  1.1880E+00  3.9999E+00  6.8372E-03  6.4667E-01  3.8996E-01  1.0123E+00  3.5776E-01
  1.1913E+00  4.0109E+00  6.9242E-03  6.4785E-01  3.9551E-01  1.0135E+00  3.6385E-01
  1.1944E+00  4.0214E+00  7.0071E-03  6.4900E-01  4.0141E-01  1.0153E+00  3.7025E-01
  1.1977E+00  4.0324E+00  7.0943E-03  6.5023E-01  4.0967E-01  1.0169E+00  3.7921E-01
  1.2008E+00  4.0429E+00  7.1774E-03  6.5143E-01  4.1863E-01  1.0186E+00  3.8888E-01
  1.2041E+00  4.0539E+00  7.2650E-03  6.5272E-01  4.3002E-01  1.0208E+00  4.0111E-01
  1.2072E+00  4.0644E+00  7.3488E-03  6.5400E-01  4.4360E-01  1.0233E+00  4.1559E-01
  1.2105E+00  4.0755E+00  7.4373E-03  6.5539E-01  4.6125E-01  1.0265E+00  4.3431E-01
  1.2137E+00  4.0860E+00  7.5221E-03  6.5678E-01  4.8039E-01  1.0299E+00  4.5450E-01
  1.2169E+00  4.0970E+00  7.6119E-03  6.5830E-01  4.9794E-01  1.0329E+00  4.7295E-01
  1.2201E+00  4.1075E+00  7.6977E-03  6.5979E-01  4.9978E-01  1.0334E+00  4.7495E-01
  1.2234E+00  4.1185E+00  7.7870E-03  6.6130E-01  4.6092E-01  1.0289E+00  4.3422E-01
  1.2265E+00  4.1290E+00  7.8691E-03  6.6250E-01  3.5782E-01  1.0204E+00  3.2347E-01
  1.2298E+00  4.1400E+00  7.9488E-03  6.6325E-01  1.9109E-01  1.0133E+00  1.1654E-01
  1.2329E+00  4.1505E+00  8.0155E-03  6.6321E-01  2.0644E-01  1.0123E+00 -1.4114E-01
  1.2362E+00  4.1616E+00  8.0744E-03  6.6229E-01  4.4284E-01  1.0170E+00 -4.1649E-01
  1.2393E+00  4.1721E+00  8.1205E-03  6.6062E-01  6.4850E-01  1.0253E+00 -6.3074E-01
  1.2426E+00  4.1831E+00  8.1610E-03  6.5829E-01  7.8259E-01  1.0406E+00 -7.6774E-01
  1.2458E+00  4.1936E+00  8.1961E-03  6.5583E-01  7.9601E-01  1.0599E+00 -7.8111E-01
  1.2490E+00  4.2046E+00  8.2338E-03  6.5338E-01  7.0870E-01  1.0798E+00 -6.9156E-01
  1.2522E+00  4.2151E+00  8.2743E-03  6.5146E-01  5.4485E-01  1.0987E+00 -5.2189E-01
  1.2555E+00  4.2261E+00  8.3244E-03  6.5010E-01  3.3724E-01  1.1054E+00 -2.9876E-01
  1.2586E+00  4.2366E+00  8.3799E-03  6.4946E-01  1.9450E-01  1.0893E+00 -1.1962E-01
  1.2619E+00  4.2476E+00  8.4427E-03  6.4922E-01  1.5655E-01  1.0605E+00 -4.9281E-02
  1.2650E+00  4.2581E+00  8.5020E-03  6.4898E-01  1.8684E-01  1.0409E+00 -1.1761E-01
  1.2683E+00  4.2691E+00  8.5583E-03  6.4833E-01  3.1746E-01  1.0348E+00 -2.8316E-01
  1.2715E+00  4.2796E+00  8.6043E-03  6.4716E-01  4.8008E-01  1.0381E+00 -4.5825E-01
  1.2747E+00  4.2906E+00  8.6449E-03  6.4539E-01  6.1628E-01  1.0477E+00 -5.9937E-01
  1.2779E+00  4.3011E+00  8.6789E-03  6.4339E-01  6.7294E-01  1.0631E+00 -6.5725E-01
  1.2812E+00  4.3122E+00  8.7136E-03  6.4126E-01  6.3751E-01  1.0824E+00 -6.2059E-01
  1.2843E+00  4.3227E+00  8.7496E-03  6.3947E-01  5.2075E-01  1.1024E+00 -4.9939E-01
  1.2876E+00  4.3336E+00  8.7940E-03  6.3812E-01  3.4335E-01  1.1158E+00 -3.0962E-01
  1.2907E+00  4.3441E+00  8.8442E-03  6.3744E-01  1.9447E-01  1.1086E+00 -1.2770E-01
  1.2940E+00  4.3551E+00  8.9030E-03  6.3722E-01  1.4373E-01  1.0823E+00 -1.8653E-02
  1.2971E+00  4.3656E+00  8.9607E-03  6.3715E-01  1.4383E-01  1.0582E+00 -3.7928E-02
  1.3004E+00  4.3766E+00  9.0171E-03  6.3682E-01  2.1532E-01  1.0472E+00 -1.6642E-01
  1.3036E+00  4.3871E+00  9.0639E-03  6.3603E-01  3.5645E-01  1.0476E+00 -3.2952E-01
  1.3068E+00  4.3981E+00  9.1051E-03  6.3467E-01  4.9930E-01  1.0541E+00 -4.8045E-01
  1.3100E+00  4.4086E+00  9.1388E-03  6.3299E-01  5.8370E-01  1.0700E+00 -5.6740E-01
  1.3133E+00  4.4196E+00  9.1717E-03  6.3109E-01  5.7881E-01  1.0867E+00 -5.6209E-01
  1.3164E+00  4.4301E+00  9.2050E-03  6.2942E-01  4.9574E-01  1.1051E+00 -4.7572E-01
  1.3197E+00  4.4411E+00  9.2455E-03  6.2808E-01  3.4721E-01  1.1211E+00 -3.1748E-01
  1.3228E+00  4.4516E+00  9.2918E-03  6.2734E-01  2.0103E-01  1.1207E+00 -1.4447E-01
  1.3261E+00  4.4626E+00  9.3476E-03  6.2708E-01  1.3710E-01  1.0987E+00 -1.3835E-02
  1.3292E+00  4.4731E+00  9.4042E-03  6.2707E-01  1.3275E-01  1.0725E+00  6.5706E-03
  1.3325E+00  4.4841E+00  9.4613E-03  6.2694E-01  1.5437E-01  1.0565E+00 -8.3209E-02
  1.3357E+00  4.4946E+00  9.5099E-03  6.2643E-01  2.6107E-01  1.0532E+00 -2.2699E-01
  1.3390E+00  4.5056E+00  9.5531E-03  6.2540E-01  3.9865E-01  1.0572E+00 -3.7730E-01
  1.3421E+00  4.5161E+00  9.5880E-03  6.2400E-01  4.9764E-01  1.0660E+00 -4.8064E-01
  1.3454E+00  4.5271E+00  9.6210E-03  6.2232E-01  5.2239E-01  1.0865E+00 -5.0583E-01
  1.3485E+00  4.5376E+00  9.6532E-03  6.2076E-01  4.7120E-01  1.1028E+00 -4.5245E-01
  1.3518E+00  4.5485E+00  9.6912E-03  6.1943E-01  3.5477E-01  1.1202E+00 -3.2897E-01
  1.3549E+00  4.5590E+00  9.7344E-03  6.1860E-01  2.1828E-01  1.1269E+00 -1.7315E-01
  1.3582E+00  4.5700E+00  9.7874E-03  6.1824E-01  1.3384E-01  1.1128E+00 -2.9125E-02
  1.3614E+00  4.5805E+00  9.8429E-03  6.1823E-01  1.3053E-01  1.0868E+00  2.9863E-02
  1.3646E+00  4.5915E+00  9.9010E-03  6.1823E-01  1.2511E-01  1.0654E+00 -1.6186E-02
  1.3678E+00  4.6020E+00  9.9520E-03  6.1797E-01  1.8183E-01  1.0579E+00 -1.3424E-01
  1.3711E+00  4.6130E+00  9.9979E-03  6.1724E-01  3.0294E-01  1.0597E+00 -2.7720E-01
  1.3742E+00  4.6235E+00  1.0035E-02  6.1614E-01  4.0636E-01  1.0671E+00 -3.8750E-01
  1.3775E+00  4.6344E+00  1.0069E-02  6.1471E-01  4.6116E-01  1.0809E+00 -4.4442E-01
  1.3806E+00  4.6449E+00  1.0101E-02  6.1328E-01  4.4594E-01  1.0970E+00 -4.2829E-01
  1.3839E+00  4.6559E+00  1.0136E-02  6.1195E-01  3.6369E-01  1.1154E+00 -3.4135E-01
  1.3870E+00  4.6664E+00  1.0176E-02  6.1103E-01  2.4359E-01  1.1278E+00 -2.0833E-01
  1.3903E+00  4.6774E+00  1.0225E-02  6.1054E-01  1.3957E-01  1.1224E+00 -6.2052E-02
  1.3935E+00  4.6879E+00  1.0278E-02  6.1046E-01  1.2452E-01  1.0992E+00  2.5097E-02
  1.3968E+00  4.6989E+00  1.0335E-02  6.1051E-01  1.2008E-01  1.0737E+00  1.8376E-02
  1.3999E+00  4.7094E+00  1.0387E-02  6.1039E-01  1.3754E-01  1.0613E+00 -7.2554E-02
  1.4032E+00  4.7203E+00  1.0434E-02  6.0989E-01  2.3668E-01  1.0600E+00 -2.0622E-01
  1.4063E+00  4.7308E+00  1.0472E-02  6.0900E-01  3.4431E-01  1.0651E+00 -3.2415E-01
  1.4096E+00  4.7418E+00  1.0506E-02  6.0773E-01  4.2083E-01  1.0782E+00 -4.0429E-01
  1.4127E+00  4.7523E+00  1.0536E-02  6.0639E-01  4.2743E-01  1.0939E+00 -4.1086E-01
  1.4160E+00  4.7633E+00  1.0569E-02  6.0507E-01  3.6967E-01  1.1111E+00 -3.5000E-01
  1.4192E+00  4.7738E+00  1.0604E-02  6.0408E-01  2.6694E-01  1.1257E+00 -2.3849E-01
  1.4224E+00  4.7847E+00  1.0649E-02  6.0348E-01  1.5502E-01  1.1269E+00 -9.8785E-02
  1.4256E+00  4.7952E+00  1.0698E-02  6.0330E-01  1.1714E-01  1.1084E+00  4.5568E-03
  1.4289E+00  4.8062E+00  1.0753E-02  6.0333E-01  1.1776E-01  1.0817E+00  3.0227E-02
  1.4320E+00  4.8167E+00  1.0804E-02  6.0329E-01  1.1597E-01  1.0652E+00 -3.1286E-02
  1.4353E+00  4.8276E+00  1.0852E-02  6.0295E-01  1.8536E-01  1.0604E+00 -1.4867E-01
  1.4384E+00  4.8381E+00  1.0891E-02  6.0225E-01  2.8810E-01  1.0633E+00 -2.6607E-01
  1.4417E+00  4.8491E+00  1.0924E-02  6.0116E-01  3.7500E-01  1.0714E+00 -3.5829E-01
  1.4448E+00  4.8596E+00  1.0953E-02  5.9992E-01  4.0354E-01  1.0898E+00 -3.8769E-01
  1.4481E+00  4.8706E+00  1.0983E-02  5.9864E-01  3.6964E-01  1.1054E+00 -3.5197E-01
  1.4513E+00  4.8811E+00  1.1015E-02  5.9761E-01  2.8844E-01  1.1211E+00 -2.6497E-01
  1.4545E+00  4.8920E+00  1.1055E-02  5.9689E-01  1.7987E-01  1.1290E+00 -1.3895E-01
  1.4577E+00  4.9025E+00  1.1100E-02  5.9659E-01  1.1562E-01  1.1182E+00 -2.5874E-02
  1.4610E+00  4.9135E+00  1.1152E-02  5.9657E-01  1.1419E-01  1.0928E+00  3.1575E-02
  1.4641E+00  4.9240E+00  1.1202E-02  5.9660E-01  1.0734E-01  1.0715E+00  4.3682E-03
  1.4674E+00  4.9350E+00  1.1250E-02  5.9642E-01  1.3922E-01  1.0623E+00 -9.0341E-02
  1.4705E+00  4.9455E+00  1.1290E-02  5.9591E-01  2.2758E-01  1.0632E+00 -2.0162E-01
  1.4738E+00  4.9564E+00  1.1324E-02  5.9503E-01  3.1722E-01  1.0699E+00 -2.9908E-01
  1.4770E+00  4.9669E+00  1.1352E-02  5.9394E-01  3.6597E-01  1.0818E+00 -3.5018E-01
  1.4802E+00  4.9779E+00  1.1380E-02  5.9274E-01  3.6110E-01  1.0974E+00 -3.4479E-01
  1.4834E+00  4.9884E+00  1.1409E-02  5.9169E-01  3.0463E-01  1.1139E+00 -2.8470E-01
  1.4867E+00  4.9993E+00  1.1444E-02  5.9087E-01  2.0832E-01  1.1270E+00 -1.7746E-01
  1.4898E+00  5.0098E+00  1.1484E-02  5.9045E-01  1.2554E-01  1.1243E+00 -6.3263E-02
  1.4931E+00  5.0208E+00  1.1533E-02  5.9034E-01  1.0738E-01  1.1028E+00  1.7220E-02
  1.4962E+00  5.0313E+00  1.1581E-02  5.9037E-01  1.0543E-01  1.0785E+00  2.0935E-02
  1.4995E+00  5.0422E+00  1.1629E-02  5.9029E-01  1.1312E-01  1.0643E+00 -4.9674E-02
  1.5026E+00  5.0527E+00  1.1669E-02  5.8993E-01  1.8327E-01  1.0620E+00 -1.5291E-01
  1.5059E+00  5.0637E+00  1.1703E-02  5.8920E-01  2.7525E-01  1.0664E+00 -2.5606E-01
  1.5091E+00  5.0742E+00  1.1731E-02  5.8824E-01  3.3975E-01  1.0756E+00 -3.2427E-01
  1.5123E+00  5.0851E+00  1.1756E-02  5.8708E-01  3.5354E-01  1.0932E+00 -3.3835E-01
  1.5155E+00  5.0956E+00  1.1782E-02  5.8602E-01  3.1487E-01  1.1084E+00 -2.9740E-01
  1.5188E+00  5.1066E+00  1.1813E-02  5.8514E-01  2.3243E-01  1.1231E+00 -2.0771E-01
  1.5219E+00  5.1171E+00  1.1848E-02  5.8461E-01  1.4370E-01  1.1262E+00 -9.8972E-02
  1.5252E+00  5.1280E+00  1.1892E-02  5.8440E-01  1.0248E-01  1.1099E+00 -5.6051E-03
  1.5283E+00  5.1385E+00  1.1938E-02  5.8440E-01  1.0242E-01  1.0852E+00  2.3226E-02
  1.5316E+00  5.1495E+00  1.1985E-02  5.8438E-01  1.0015E-01  1.0670E+00 -2.1692E-02
  1.5348E+00  5.1600E+00  1.2025E-02  5.8413E-01  1.4769E-01  1.0613E+00 -1.1143E-01
  1.5380E+00  5.1710E+00  1.2060E-02  5.8355E-01  2.3443E-01  1.0634E+00 -2.1355E-01
  1.5412E+00  5.1815E+00  1.2087E-02  5.8270E-01  3.0626E-01  1.0701E+00 -2.9053E-01
  1.5445E+00  5.1924E+00  1.2111E-02  5.8163E-01  3.3834E-01  1.0876E+00 -3.2383E-01
  1.5476E+00  5.2029E+00  1.2134E-02  5.8059E-01  3.1745E-01  1.1013E+00 -3.0169E-01
  1.5509E+00  5.2139E+00  1.2161E-02  5.7966E-01  2.5290E-01  1.1168E+00 -2.3241E-01
  1.5540E+00  5.2244E+00  1.2192E-02  5.7903E-01  1.6806E-01  1.1254E+00 -1.3502E-01
  1.5573E+00  5.2353E+00  1.2232E-02  5.7872E-01  1.0493E-01  1.1170E+00 -3.4815E-02
  1.5604E+00  5.2458E+00  1.2275E-02  5.7866E-01  9.8421E-02  1.0945E+00  1.8262E-02
  1.5637E+00  5.2568E+00  1.2320E-02  5.7867E-01  9.4515E-02  1.0721E+00  3.3115E-03
  1.5669E+00  5.2673E+00  1.2361E-02  5.7854E-01  1.1513E-01  1.0621E+00 -6.7466E-02
  1.5701E+00  5.2782E+00  1.2396E-02  5.7812E-01  1.8818E-01  1.0619E+00 -1.6363E-01
  1.5733E+00  5.2887E+00  1.2424E-02  5.7743E-01  2.6163E-01  1.0675E+00 -2.4452E-01
  1.5766E+00  5.2996E+00  1.2448E-02  5.7649E-01  3.0894E-01  1.0786E+00 -2.9441E-01
  1.5797E+00  5.3101E+00  1.2470E-02  5.7551E-01  3.1101E-01  1.0926E+00 -2.9634E-01
  1.5830E+00  5.3211E+00  1.2494E-02  5.7456E-01  2.6769E-01  1.1085E+00 -2.5014E-01
  1.5861E+00  5.3316E+00  1.2521E-02  5.7385E-01  1.9368E-01  1.1212E+00 -1.6819E-01
  1.5894E+00  5.3425E+00  1.2556E-02  5.7342E-01  1.1766E-01  1.1209E+00 -6.8470E-02
  1.5926E+00  5.3530E+00  1.2595E-02  5.7329E-01  9.3898E-02  1.1029E+00  1.8420E-03
  1.5958E+00  5.3640E+00  1.2638E-02  5.7329E-01  9.2556E-02  1.0784E+00  1.3685E-02
  1.5990E+00  5.3745E+00  1.2678E-02  5.7323E-01  9.7312E-02  1.0638E+00 -3.6885E-02
  1.6023E+00  5.3854E+00  1.2714E-02  5.7292E-01  1.5379E-01  1.0603E+00 -1.2509E-01
  1.6054E+00  5.3959E+00  1.2742E-02  5.7235E-01  2.2819E-01  1.0637E+00 -2.0994E-01
  1.6087E+00  5.4069E+00  1.2766E-02  5.7151E-01  2.8821E-01  1.0718E+00 -2.7389E-01
  1.6118E+00  5.4174E+00  1.2786E-02  5.7057E-01  3.0568E-01  1.0879E+00 -2.9192E-01
  1.6151E+00  5.4283E+00  1.2807E-02  5.6961E-01  2.7740E-01  1.1026E+00 -2.6187E-01
  1.6182E+00  5.4388E+00  1.2830E-02  5.6884E-01  2.1478E-01  1.1164E+00 -1.9394E-01
  1.6215E+00  5.4498E+00  1.2861E-02  5.6832E-01  1.3601E-01  1.1213E+00 -9.9825E-02
  1.6247E+00  5.4603E+00  1.2896E-02  5.6810E-01  9.3293E-02  1.1085E+00 -2.0304E-02
  1.6279E+00  5.4712E+00  1.2937E-02  5.6807E-01  8.9764E-02  1.0843E+00  1.2915E-02
  1.6311E+00  5.4817E+00  1.2976E-02  5.6804E-01  8.8673E-02  1.0663E+00 -1.6473E-02
  1.6344E+00  5.4927E+00  1.3012E-02  5.6783E-01  1.2611E-01  1.0593E+00 -9.1956E-02
  1.6375E+00  5.5032E+00  1.3041E-02  5.6737E-01  1.9542E-01  1.0605E+00 -1.7542E-01
  1.6408E+00  5.5141E+00  1.3064E-02  5.6663E-01  2.6119E-01  1.0666E+00 -2.4653E-01
  1.6439E+00  5.5246E+00  1.3083E-02  5.6576E-01  2.9327E-01  1.0822E+00 -2.8001E-01
  1.6472E+00  5.5355E+00  1.3102E-02  5.6481E-01  2.8004E-01  1.0953E+00 -2.6589E-01
  1.6503E+00  5.5460E+00  1.3122E-02  5.6401E-01  2.3187E-01  1.1092E+00 -2.1426E-01
  1.6536E+00  5.5570E+00  1.3149E-02  5.6340E-01  1.5834E-01  1.1189E+00 -1.3090E-01
  1.6568E+00  5.5675E+00  1.3180E-02  5.6309E-01  1.0031E-01  1.1136E+00 -4.7386E-02
  1.6600E+00  5.5784E+00  1.3218E-02  5.6300E-01  8.6725E-02  1.0927E+00  5.9932E-03
  1.6632E+00  5.5889E+00  1.3256E-02  5.6299E-01  8.4635E-02  1.0713E+00  1.2265E-03
  1.6665E+00  5.5999E+00  1.3292E-02  5.6287E-01  1.0077E-01  1.0598E+00 -5.6432E-02
  1.6696E+00  5.6104E+00  1.3322E-02  5.6254E-01  1.5798E-01  1.0587E+00 -1.3432E-01
  1.6729E+00  5.6213E+00  1.3346E-02  5.6194E-01  2.2450E-01  1.0636E+00 -2.0850E-01
  1.6760E+00  5.6318E+00  1.3365E-02  5.6117E-01  2.6714E-01  1.0730E+00 -2.5370E-01
  1.6793E+00  5.6428E+00  1.3383E-02  5.6027E-01  2.7430E-01  1.0865E+00 -2.6099E-01
  1.6825E+00  5.6533E+00  1.3401E-02  5.5946E-01  2.4356E-01  1.1007E+00 -2.2818E-01
  1.6857E+00  5.6642E+00  1.3423E-02  5.5878E-01  1.8082E-01  1.1138E+00 -1.5912E-01
  1.6889E+00  5.6747E+00  1.3451E-02  5.5838E-01  1.1552E-01  1.1155E+00 -7.7414E-02
  1.6922E+00  5.6856E+00  1.3485E-02  5.5821E-01  8.4914E-02  1.0998E+00 -1.0131E-02
  1.6953E+00  5.6961E+00  1.3521E-02  5.5819E-01  8.2679E-02  1.0773E+00  6.8729E-03
  1.6986E+00  5.7071E+00  1.3558E-02  5.5812E-01  8.7041E-02  1.0614E+00 -3.1922E-02
  1.7017E+00  5.7176E+00  1.3588E-02  5.5788E-01  1.3017E-01  1.0570E+00 -1.0235E-01
  1.7050E+00  5.7285E+00  1.3613E-02  5.5739E-01  1.9651E-01  1.0597E+00 -1.7932E-01
  1.7081E+00  5.7390E+00  1.3631E-02  5.5669E-01  2.4872E-01  1.0665E+00 -2.3529E-01
  1.7114E+00  5.7500E+00  1.3648E-02  5.5584E-01  2.6998E-01  1.0817E+00 -2.5740E-01
  1.7146E+00  5.7605E+00  1.3663E-02  5.5502E-01  2.5133E-01  1.0947E+00 -2.3753E-01
  1.7178E+00  5.7714E+00  1.3683E-02  5.5429E-01  1.9907E-01  1.1084E+00 -1.8101E-01
  1.7210E+00  5.7819E+00  1.3706E-02  5.5381E-01  1.3368E-01  1.1145E+00 -1.0475E-01
  1.7243E+00  5.7928E+00  1.3737E-02  5.5356E-01  8.7570E-02  1.1043E+00 -3.0544E-02
  1.7274E+00  5.8033E+00  1.3771E-02  5.5350E-01  8.0368E-02  1.0828E+00  3.4453E-03
  1.7307E+00  5.8143E+00  1.3806E-02  5.5346E-01  8.0329E-02  1.0639E+00 -1.6063E-02
  1.7338E+00  5.8248E+00  1.3837E-02  5.5329E-01  1.0828E-01  1.0563E+00 -7.5152E-02
  1.7371E+00  5.8357E+00  1.3862E-02  5.5289E-01  1.6909E-01  1.0568E+00 -1.5015E-01
  1.7403E+00  5.8462E+00  1.3881E-02  5.5229E-01  2.2544E-01  1.0618E+00 -2.1157E-01
  1.7435E+00  5.8572E+00  1.3897E-02  5.5149E-01  2.5935E-01  1.0770E+00 -2.4712E-01
  1.7467E+00  5.8677E+00  1.3911E-02  5.5069E-01  2.5276E-01  1.0880E+00 -2.4002E-01
  1.7500E+00  5.8786E+00  1.3927E-02  5.4993E-01  2.1349E-01  1.1015E+00 -1.9796E-01
  1.7531E+00  5.8891E+00  1.3948E-02  5.4938E-01  1.5395E-01  1.1113E+00 -1.3129E-01
  1.7564E+00  5.9000E+00  1.3975E-02  5.4904E-01  9.7072E-02  1.1083E+00 -5.5049E-02
  1.7595E+00  5.9105E+00  1.4006E-02  5.4893E-01  7.8693E-02  1.0906E+00 -5.5160E-03
  1.7628E+00  5.9215E+00  1.4040E-02  5.4890E-01  7.6840E-02  1.0692E+00 -2.8462E-03
  1.7659E+00  5.9320E+00  1.4070E-02  5.4880E-01  8.8735E-02  1.0574E+00 -4.6178E-02
  1.7692E+00  5.9429E+00  1.4097E-02  5.4851E-01  1.3774E-01  1.0552E+00 -1.1526E-01
  1.7724E+00  5.9534E+00  1.4117E-02  5.4802E-01  1.9409E-01  1.0591E+00 -1.7881E-01
  1.7756E+00  5.9643E+00  1.4133E-02  5.4732E-01  2.3591E-01  1.0677E+00 -2.2339E-01
  1.7788E+00  5.9748E+00  1.4147E-02  5.4656E-01  2.4630E-01  1.0796E+00 -2.3415E-01
  1.7821E+00  5.9858E+00  1.4161E-02  5.4580E-01  2.2291E-01  1.0933E+00 -2.0915E-01
  1.7852E+00  5.9963E+00  1.4178E-02  5.4519E-01  1.7336E-01  1.1056E+00 -1.5495E-01
  1.7885E+00  6.0072E+00  1.4201E-02  5.4477E-01  1.1279E-01  1.1092E+00 -8.1683E-02
  1.7916E+00  6.0177E+00  1.4229E-02  5.4459E-01  7.9786E-02  1.0968E+00 -2.1862E-02
  1.7949E+00  6.0287E+00  1.4262E-02  5.4454E-01  7.5045E-02  1.0750E+00  1.1019E-04
  1.7981E+00  6.0392E+00  1.4292E-02  5.4448E-01  7.8486E-02  1.0593E+00 -2.6720E-02
  1.8013E+00  6.0501E+00  1.4320E-02  5.4427E-01  1.1451E-01  1.0538E+00 -8.8021E-02
  1.8045E+00  6.0606E+00  1.4340E-02  5.4386E-01  1.6978E-01  1.0557E+00 -1.5320E-01
  1.8078E+00  6.0715E+00  1.4357E-02  5.4324E-01  2.1945E-01  1.0618E+00 -2.0682E-01
  1.8109E+00  6.0820E+00  1.4369E-02  5.4252E-01  2.4193E-01  1.0751E+00 -2.3032E-01
  1.8142E+00  6.0930E+00  1.4381E-02  5.4175E-01  2.2930E-01  1.0875E+00 -2.1681E-01
  1.8173E+00  6.1035E+00  1.4396E-02  5.4110E-01  1.8881E-01  1.1000E+00 -1.7315E-01
  1.8206E+00  6.1144E+00  1.4416E-02  5.4061E-01  1.2985E-01  1.1073E+00 -1.0560E-01
  1.8237E+00  6.1249E+00  1.4440E-02  5.4036E-01  8.5461E-02  1.1002E+00 -4.1162E-02
  1.8270E+00  6.1358E+00  1.4470E-02  5.4027E-01  7.3505E-02  1.0801E+00 -4.5126E-03
  1.8302E+00  6.1463E+00  1.4500E-02  5.4023E-01  7.3522E-02  1.0619E+00 -1.4911E-02
  1.8334E+00  6.1573E+00  1.4528E-02  5.4008E-01  9.6463E-02  1.0532E+00 -6.5035E-02
  1.8366E+00  6.1678E+00  1.4549E-02  5.3975E-01  1.4626E-01  1.0528E+00 -1.2785E-01
  1.8399E+00  6.1787E+00  1.4566E-02  5.3921E-01  1.9904E-01  1.0572E+00 -1.8590E-01
  1.8430E+00  6.1892E+00  1.4578E-02  5.3854E-01  2.3160E-01  1.0698E+00 -2.2020E-01
  1.8463E+00  6.2001E+00  1.4589E-02  5.3778E-01  2.2997E-01  1.0809E+00 -2.1832E-01
  1.8494E+00  6.2106E+00  1.4601E-02  5.3711E-01  2.0040E-01  1.0929E+00 -1.8669E-01
  1.8527E+00  6.2216E+00  1.4618E-02  5.3657E-01  1.4793E-01  1.1033E+00 -1.2848E-01
  1.8558E+00  6.2321E+00  1.4639E-02  5.3624E-01  9.6939E-02  1.1026E+00 -6.3667E-02
  1.8591E+00  6.2430E+00  1.4667E-02  5.3610E-01  7.3272E-02  1.0868E+00 -1.4100E-02
  1.8623E+00  6.2535E+00  1.4695E-02  5.3606E-01  7.0710E-02  1.0671E+00 -5.8779E-03
  1.8655E+00  6.2644E+00  1.4723E-02  5.3597E-01  8.0519E-02  1.0542E+00 -4.0700E-02
  1.8687E+00  6.2749E+00  1.4746E-02  5.3573E-01  1.1967E-01  1.0514E+00 -9.7675E-02
  1.8720E+00  6.2859E+00  1.4764E-02  5.3528E-01  1.7171E-01  1.0546E+00 -1.5716E-01
  1.8751E+00  6.2964E+00  1.4777E-02  5.3470E-01  2.0969E-01  1.0616E+00 -1.9786E-01
  1.8784E+00  6.3073E+00  1.4787E-02  5.3399E-01  2.2323E-01  1.0730E+00 -2.1199E-01
  1.8815E+00  6.3178E+00  1.4798E-02  5.3332E-01  2.0722E-01  1.0850E+00 -1.9485E-01
  1.8848E+00  6.3287E+00  1.4812E-02  5.3273E-01  1.6468E-01  1.0974E+00 -1.4853E-01
  1.8880E+00  6.3392E+00  1.4830E-02  5.3233E-01  1.1277E-01  1.1023E+00 -8.7402E-02
  1.8912E+00  6.3502E+00  1.4854E-02  5.3213E-01  7.6484E-02  1.0923E+00 -2.9756E-02
  1.8944E+00  6.3607E+00  1.4881E-02  5.3206E-01  6.9314E-02  1.0730E+00 -5.6209E-03
  1.8977E+00  6.3716E+00  1.4909E-02  5.3200E-01  7.2240E-02  1.0565E+00 -2.4673E-02
  1.9008E+00  6.3821E+00  1.4932E-02  5.3183E-01  1.0016E-01  1.0505E+00 -7.4118E-02
  1.9041E+00  6.3930E+00  1.4951E-02  5.3146E-01  1.5023E-01  1.0516E+00 -1.3433E-01
  1.9072E+00  6.4035E+00  1.4964E-02  5.3094E-01  1.9414E-01  1.0566E+00 -1.8206E-01
  1.9105E+00  6.4145E+00  1.4974E-02  5.3027E-01  2.1886E-01  1.0692E+00 -2.0802E-01
  1.9136E+00  6.4250E+00  1.4983E-02  5.2960E-01  2.1184E-01  1.0800E+00 -2.0045E-01
  1.9169E+00  6.4359E+00  1.4994E-02  5.2897E-01  1.7783E-01  1.0922E+00 -1.6386E-01
  1.9201E+00  6.4464E+00  1.5009E-02  5.2852E-01  1.2856E-01  1.1000E+00 -1.0822E-01
  1.9233E+00  6.4573E+00  1.5031E-02  5.2825E-01  8.3711E-02  1.0952E+00 -4.7479E-02
  1.9265E+00  6.4678E+00  1.5056E-02  5.2814E-01  6.8719E-02  1.0780E+00 -1.1590E-02
  1.9298E+00  6.4788E+00  1.5082E-02  5.2809E-01  6.8217E-02  1.0596E+00 -1.5396E-02
  1.9329E+00  6.4893E+00  1.5106E-02  5.2797E-01  8.5460E-02  1.0505E+00 -5.4572E-02
  1.9362E+00  6.5002E+00  1.5125E-02  5.2768E-01  1.2962E-01  1.0494E+00 -1.1182E-01
  1.9393E+00  6.5107E+00  1.5139E-02  5.2722E-01  1.7555E-01  1.0529E+00 -1.6283E-01
  1.9426E+00  6.5216E+00  1.5149E-02  5.2660E-01  2.0857E-01  1.0619E+00 -1.9785E-01
  1.9458E+00  6.5321E+00  1.5157E-02  5.2595E-01  2.1119E-01  1.0743E+00 -2.0043E-01
  1.9490E+00  6.5431E+00  1.5167E-02  5.2531E-01  1.8721E-01  1.0859E+00 -1.7478E-01
  1.9522E+00  6.5536E+00  1.5179E-02  5.2481E-01  1.4434E-01  1.0958E+00 -1.2757E-01
  1.9555E+00  6.5645E+00  1.5197E-02  5.2447E-01  9.5553E-02  1.0969E+00 -6.7693E-02
  1.9586E+00  6.5750E+00  1.5220E-02  5.2432E-01  7.0059E-02  1.0843E+00 -2.1938E-02
  1.9619E+00  6.5859E+00  1.5246E-02  5.2426E-01  6.5825E-02  1.0650E+00 -8.7883E-03
  1.9650E+00  6.5964E+00  1.5269E-02  5.2419E-01  7.2834E-02  1.0522E+00 -3.4127E-02
  1.9683E+00  6.6074E+00  1.5290E-02  5.2398E-01  1.0643E-01  1.0484E+00 -8.5049E-02
  1.9714E+00  6.6179E+00  1.5305E-02  5.2361E-01  1.5100E-01  1.0507E+00 -1.3678E-01
  1.9747E+00  6.6288E+00  1.5316E-02  5.2307E-01  1.8832E-01  1.0570E+00 -1.7704E-01
  1.9779E+00  6.6393E+00  1.5324E-02  5.2246E-01  2.0324E-01  1.0669E+00 -1.9270E-01
  1.9811E+00  6.6502E+00  1.5332E-02  5.2183E-01  1.9194E-01  1.0784E+00 -1.8056E-01
  1.9843E+00  6.6607E+00  1.5342E-02  5.2130E-01  1.5817E-01  1.0898E+00 -1.4390E-01
  1.9876E+00  6.6717E+00  1.5357E-02  5.2090E-01  1.1028E-01  1.0959E+00 -8.8452E-02
  1.9907E+00  6.6822E+00  1.5377E-02  5.2069E-01  7.5048E-02  1.0888E+00 -3.6974E-02
  1.9940E+00  6.6931E+00  1.5401E-02  5.2060E-01  6.4824E-02  1.0706E+00 -9.6216E-03
  1.9971E+00  6.7036E+00  1.5425E-02  5.2055E-01  6.6440E-02  1.0548E+00 -2.0933E-02
  2.0004E+00  6.7145E+00  1.5446E-02  5.2040E-01  8.9400E-02  1.0478E+00 -6.3904E-02
  2.0036E+00  6.7250E+00  1.5462E-02  5.2010E-01  1.3129E-01  1.0482E+00 -1.1551E-01
  2.0068E+00  6.7360E+00  1.5473E-02  5.1963E-01  1.7334E-01  1.0526E+00 -1.6167E-01
  2.0100E+00  6.7465E+00  1.5481E-02  5.1906E-01  1.9780E-01  1.0637E+00 -1.8750E-01
  2.0132E+00  6.7574E+00  1.5488E-02  5.1843E-01  1.9483E-01  1.0738E+00 -1.8421E-01
  2.0164E+00  6.7679E+00  1.5496E-02  5.1788E-01  1.6848E-01  1.0848E+00 -1.5588E-01
  2.0197E+00  6.7788E+00  1.5509E-02  5.1743E-01  1.2400E-01  1.0934E+00 -1.0605E-01
  2.0228E+00  6.7893E+00  1.5525E-02  5.1717E-01  8.3017E-02  1.0909E+00 -5.2871E-02
  2.0261E+00  6.8003E+00  1.5547E-02  5.1705E-01  6.4818E-02  1.0753E+00 -1.5342E-02
  2.0292E+00  6.8108E+00  1.5570E-02  5.1700E-01  6.3321E-02  1.0581E+00 -1.3472E-02
  2.0325E+00  6.8217E+00  1.5592E-02  5.1690E-01  7.6627E-02  1.0482E+00 -4.6136E-02
  2.0357E+00  6.8322E+00  1.5609E-02  5.1667E-01  1.1241E-01  1.0464E+00 -9.4444E-02
  2.0389E+00  6.8431E+00  1.5621E-02  5.1627E-01  1.5556E-01  1.0494E+00 -1.4310E-01
  2.0421E+00  6.8536E+00  1.5629E-02  5.1575E-01  1.8611E-01  1.0555E+00 -1.7576E-01
  2.0454E+00  6.8645E+00  1.5635E-02  5.1514E-01  1.9249E-01  1.0688E+00 -1.8230E-01
  2.0485E+00  6.8750E+00  1.5641E-02  5.1458E-01  1.7467E-01  1.0790E+00 -1.6320E-01
  2.0518E+00  6.8860E+00  1.5651E-02  5.1410E-01  1.3674E-01  1.0892E+00 -1.2153E-01
  2.0549E+00  6.8965E+00  1.5666E-02  5.1379E-01  9.4034E-02  1.0918E+00 -7.0091E-02
  2.0582E+00  6.9074E+00  1.5685E-02  5.1363E-01  6.6626E-02  1.0812E+00 -2.4488E-02
  2.0613E+00  6.9179E+00  1.5707E-02  5.1358E-01  6.1431E-02  1.0638E+00 -8.2684E-03
  2.0646E+00  6.9288E+00  1.5729E-02  5.1353E-01  6.5925E-02  1.0503E+00 -2.7321E-02
  2.0678E+00  6.9393E+00  1.5747E-02  5.1337E-01  9.1433E-02  1.0459E+00 -6.9303E-02
  2.0710E+00  6.9503E+00  1.5760E-02  5.1306E-01  1.3223E-01  1.0475E+00 -1.1803E-01
  2.0742E+00  6.9608E+00  1.5769E-02  5.1262E-01  1.6591E-01  1.0527E+00 -1.5477E-01
  2.0775E+00  6.9717E+00  1.5776E-02  5.1207E-01  1.8272E-01  1.0619E+00 -1.7254E-01
  2.0806E+00  6.9822E+00  1.5781E-02  5.1153E-01  1.7595E-01  1.0722E+00 -1.6520E-01
  2.0839E+00  6.9931E+00  1.5790E-02  5.1103E-01  1.4698E-01  1.0834E+00 -1.3370E-01
  2.0870E+00  7.0036E+00  1.5801E-02  5.1067E-01  1.0636E-01  1.0901E+00 -8.6934E-02
  2.0903E+00  7.0146E+00  1.5818E-02  5.1047E-01  7.1323E-02  1.0850E+00 -3.7149E-02
  2.0935E+00  7.0251E+00  1.5838E-02  5.1040E-01  6.0612E-02  1.0693E+00 -9.2180E-03
  2.0967E+00  7.0360E+00  1.5860E-02  5.1037E-01  6.0731E-02  1.0530E+00 -1.4799E-02
  2.0999E+00  7.0465E+00  1.5879E-02  5.1027E-01  7.6285E-02  1.0455E+00 -4.9098E-02
  2.1032E+00  7.0574E+00  1.5894E-02  5.1003E-01  1.1315E-01  1.0451E+00 -9.7001E-02
  2.1063E+00  7.0679E+00  1.5904E-02  5.0965E-01  1.5015E-01  1.0487E+00 -1.3836E-01
  2.1096E+00  7.0788E+00  1.5910E-02  5.0915E-01  1.7553E-01  1.0577E+00 -1.6544E-01
  2.1127E+00  7.0893E+00  1.5915E-02  5.0862E-01  1.7614E-01  1.0678E+00 -1.6593E-01
  2.1160E+00  7.1003E+00  1.5922E-02  5.0810E-01  1.5424E-01  1.0785E+00 -1.4229E-01
  2.1191E+00  7.1108E+00  1.5931E-02  5.0772E-01  1.1729E-01  1.0869E+00 -1.0086E-01
  2.1224E+00  7.1217E+00  1.5946E-02  5.0747E-01  7.8176E-02  1.0863E+00 -5.0460E-02
  2.1256E+00  7.1322E+00  1.5964E-02  5.0737E-01  6.0658E-02  1.0733E+00 -1.4497E-02
  2.1288E+00  7.1431E+00  1.5986E-02  5.0734E-01  5.8390E-02  1.0560E+00 -7.8526E-03
  2.1320E+00  7.1536E+00  1.6005E-02  5.0728E-01  6.5891E-02  1.0458E+00 -3.2688E-02
  2.1353E+00  7.1646E+00  1.6021E-02  5.0711E-01  9.5666E-02  1.0432E+00 -7.6856E-02
  2.1384E+00  7.1751E+00  1.6031E-02  5.0679E-01  1.3283E-01  1.0454E+00 -1.2000E-01
  2.1417E+00  7.1860E+00  1.6039E-02  5.0634E-01  1.6325E-01  1.0509E+00 -1.5292E-01
  2.1448E+00  7.1965E+00  1.6043E-02  5.0584E-01  1.7218E-01  1.0629E+00 -1.6224E-01
  2.1481E+00  7.2074E+00  1.6049E-02  5.0532E-01  1.5823E-01  1.0728E+00 -1.4720E-01
  2.1513E+00  7.2179E+00  1.6057E-02  5.0491E-01  1.2741E-01  1.0823E+00 -1.1323E-01
  2.1545E+00  7.2288E+00  1.6069E-02  5.0461E-01  8.7784E-02  1.0863E+00 -6.5440E-02
  2.1577E+00  7.2393E+00  1.6086E-02  5.0448E-01  6.2594E-02  1.0782E+00 -2.3594E-02
  2.1610E+00  7.2503E+00  1.6106E-02  5.0444E-01  5.7124E-02  1.0614E+00 -3.9806E-03
  2.1641E+00  7.2608E+00  1.6126E-02  5.0442E-01  5.8567E-02  1.0480E+00 -1.6536E-02
  2.1674E+00  7.2717E+00  1.6143E-02  5.0431E-01  7.7648E-02  1.0426E+00 -5.3998E-02
  2.1705E+00  7.2822E+00  1.6155E-02  5.0407E-01  1.1167E-01  1.0435E+00 -9.6766E-02
  2.1738E+00  7.2931E+00  1.6164E-02  5.0369E-01  1.4453E-01  1.0482E+00 -1.3329E-01
  2.1769E+00  7.3036E+00  1.6169E-02  5.0323E-01  1.6169E-01  1.0562E+00 -1.5163E-01
  2.1802E+00  7.3146E+00  1.6174E-02  5.0274E-01  1.5834E-01  1.0662E+00 -1.4789E-01
  2.1834E+00  7.3251E+00  1.6181E-02  5.0230E-01  1.3566E-01  1.0765E+00 -1.2311E-01
  2.1866E+00  7.3360E+00  1.6191E-02  5.0197E-01  9.8816E-02  1.0840E+00 -8.0541E-02
  2.1898E+00  7.3465E+00  1.6205E-02  5.0179E-01  6.7495E-02  1.0812E+00 -3.6147E-02
  2.1931E+00  7.3574E+00  1.6224E-02  5.0172E-01  5.6484E-02  1.0666E+00 -6.2004E-03
  2.1962E+00  7.3679E+00  1.6244E-02  5.0171E-01  5.5663E-02  1.0511E+00 -6.8013E-03
  2.1995E+00  7.3788E+00  1.6262E-02  5.0165E-01  6.5635E-02  1.0425E+00 -3.6261E-02
  2.2026E+00  7.3893E+00  1.6276E-02  5.0147E-01  9.4918E-02  1.0415E+00 -7.7669E-02
  2.2059E+00  7.4003E+00  1.6285E-02  5.0115E-01  1.3010E-01  1.0447E+00 -1.1808E-01
  2.2091E+00  7.4108E+00  1.6291E-02  5.0073E-01  1.5426E-01  1.0508E+00 -1.4420E-01
  2.2123E+00  7.4217E+00  1.6296E-02  5.0024E-01  1.5822E-01  1.0623E+00 -1.4825E-01
  2.2155E+00  7.4322E+00  1.6301E-02  4.9980E-01  1.4172E-01  1.0719E+00 -1.3034E-01
  2.2187E+00  7.4431E+00  1.6309E-02  4.9943E-01  1.0872E-01  1.0809E+00 -9.3193E-02
  2.2219E+00  7.4536E+00  1.6321E-02  4.9921E-01  7.4414E-02  1.0819E+00 -4.9069E-02
  2.2252E+00  7.4646E+00  1.6339E-02  4.9911E-01  5.6618E-02  1.0705E+00 -1.2315E-02
  2.2283E+00  7.4751E+00  1.6358E-02  4.9910E-01  5.4407E-02  1.0544E+00 -2.3573E-03
  2.2316E+00  7.4860E+00  1.6376E-02  4.9906E-01  5.8159E-02  1.0432E+00 -2.2342E-02
  2.2347E+00  7.4965E+00  1.6391E-02  4.9894E-01  8.0225E-02  1.0400E+00 -5.9829E-02
  2.2380E+00  7.5074E+00  1.6402E-02  4.9867E-01  1.1465E-01  1.0418E+00 -1.0144E-01
  2.2412E+00  7.5179E+00  1.6408E-02  4.9830E-01  1.4266E-01  1.0464E+00 -1.3223E-01
  2.2444E+00  7.5288E+00  1.6413E-02  4.9784E-01  1.5436E-01  1.0579E+00 -1.4461E-01
  2.2476E+00  7.5393E+00  1.6417E-02  4.9740E-01  1.4470E-01  1.0666E+00 -1.3411E-01
  2.2509E+00  7.5503E+00  1.6424E-02  4.9701E-01  1.1772E-01  1.0763E+00 -1.0424E-01
  2.2540E+00  7.5608E+00  1.6434E-02  4.9674E-01  8.3656E-02  1.0811E+00 -6.3167E-02
  2.2573E+00  7.5717E+00  1.6449E-02  4.9661E-01  5.8668E-02  1.0748E+00 -2.1882E-02
  2.2604E+00  7.5822E+00  1.6467E-02  4.9658E-01  5.3610E-02  1.0598E+00 -1.0254E-03
  2.2637E+00  7.5931E+00  1.6486E-02  4.9657E-01  5.3565E-02  1.0457E+00 -8.9637E-03
  2.2668E+00  7.6036E+00  1.6502E-02  4.9650E-01  6.5833E-02  1.0398E+00 -3.9812E-02
  2.2701E+00  7.6146E+00  1.6514E-02  4.9630E-01  9.6022E-02  1.0401E+00 -8.0496E-02
  2.2733E+00  7.6251E+00  1.6522E-02  4.9600E-01  1.2562E-01  1.0440E+00 -1.1415E-01
  2.2765E+00  7.6360E+00  1.6527E-02  4.9558E-01  1.4417E-01  1.0514E+00 -1.3419E-01
  2.2797E+00  7.6465E+00  1.6531E-02  4.9516E-01  1.4389E-01  1.0605E+00 -1.3376E-01
  2.2830E+00  7.6574E+00  1.6537E-02  4.9475E-01  1.2486E-01  1.0706E+00 -1.1285E-01
  2.2861E+00  7.6679E+00  1.6545E-02  4.9445E-01  9.3884E-02  1.0784E+00 -7.7006E-02
  2.2894E+00  7.6788E+00  1.6558E-02  4.9427E-01  6.3601E-02  1.0773E+00 -3.4308E-02
  2.2925E+00  7.6893E+00  1.6574E-02  4.9422E-01  5.3103E-02  1.0650E+00 -5.0268E-03
  2.2958E+00  7.7003E+00  1.6593E-02  4.9422E-01  5.2027E-02  1.0491E+00 -1.4905E-03
  2.2990E+00  7.7108E+00  1.6609E-02  4.9418E-01  5.7071E-02  1.0402E+00 -2.4615E-02
  2.3022E+00  7.7217E+00  1.6623E-02  4.9404E-01  8.1491E-02  1.0384E+00 -6.3305E-02
  2.3054E+00  7.7322E+00  1.6632E-02  4.9379E-01  1.1233E-01  1.0410E+00 -9.9911E-02
  2.3087E+00  7.7431E+00  1.6637E-02  4.9342E-01  1.3697E-01  1.0465E+00 -1.2692E-01
  2.3118E+00  7.7536E+00  1.6640E-02  4.9300E-01  1.4338E-01  1.0571E+00 -1.3365E-01
  2.3151E+00  7.7645E+00  1.6644E-02  4.9259E-01  1.3023E-01  1.0666E+00 -1.1929E-01
  2.3182E+00  7.7750E+00  1.6651E-02  4.9226E-01  1.0296E-01  1.0752E+00 -8.8526E-02
  2.3215E+00  7.7860E+00  1.6662E-02  4.9204E-01  7.0427E-02  1.0777E+00 -4.6826E-02
  2.3246E+00  7.7965E+00  1.6676E-02  4.9196E-01  5.3514E-02  1.0686E+00 -1.2294E-02
  2.3279E+00  7.8074E+00  1.6693E-02  4.9195E-01  5.1245E-02  1.0527E+00  1.0549E-03
  2.3311E+00  7.8179E+00  1.6710E-02  4.9194E-01  5.2336E-02  1.0414E+00 -1.3314E-02
  2.3343E+00  7.8288E+00  1.6724E-02  4.9185E-01  6.9297E-02  1.0373E+00 -4.7626E-02
  2.3375E+00  7.8393E+00  1.6733E-02  4.9165E-01  9.8647E-02  1.0385E+00 -8.4856E-02
  2.3408E+00  7.8503E+00  1.6739E-02  4.9132E-01  1.2649E-01  1.0426E+00 -1.1601E-01
  2.3439E+00  7.8608E+00  1.6742E-02  4.9093E-01  1.3966E-01  1.0530E+00 -1.3010E-01
  2.3472E+00  7.8717E+00  1.6745E-02  4.9052E-01  1.3292E-01  1.0616E+00 -1.2271E-01
  2.3503E+00  7.8822E+00  1.6750E-02  4.9018E-01  1.1116E-01  1.0705E+00 -9.8558E-02
  2.3536E+00  7.8931E+00  1.6758E-02  4.8992E-01  7.9494E-02  1.0763E+00 -6.0472E-02
  2.3568E+00  7.9036E+00  1.6770E-02  4.8980E-01  5.6200E-02  1.0720E+00 -2.2923E-02
  2.3600E+00  7.9145E+00  1.6786E-02  4.8978E-01  5.0558E-02  1.0578E+00  2.1141E-04
  2.3632E+00  7.9250E+00  1.6802E-02  4.8979E-01  4.9940E-02  1.0440E+00 -3.2743E-03
  2.3665E+00  7.9360E+00  1.6817E-02  4.8974E-01  5.8103E-02  1.0370E+00 -3.0548E-02
  2.3696E+00  7.9465E+00  1.6827E-02  4.8960E-01  8.2760E-02  1.0366E+00 -6.6454E-02
  2.3729E+00  7.9574E+00  1.6834E-02  4.8933E-01  1.1160E-01  1.0400E+00 -1.0008E-01
  2.3760E+00  7.9679E+00  1.6837E-02  4.8899E-01  1.2997E-01  1.0464E+00 -1.2014E-01
  2.3793E+00  7.9788E+00  1.6840E-02  4.8860E-01  1.3235E-01  1.0553E+00 -1.2257E-01
  2.3824E+00  7.9893E+00  1.6843E-02  4.8824E-01  1.1783E-01  1.0645E+00 -1.0658E-01
  2.3857E+00  8.0002E+00  1.6848E-02  4.8795E-01  8.9673E-02  1.0728E+00 -7.4076E-02
  2.3889E+00  8.0107E+00  1.6858E-02  4.8779E-01  6.2117E-02  1.0733E+00 -3.6202E-02
  2.3921E+00  8.0217E+00  1.6872E-02  4.8773E-01  5.0214E-02  1.0623E+00 -5.7673E-03
  2.3953E+00  8.0322E+00  1.6887E-02  4.8774E-01  4.9126E-02  1.0473E+00  9.0082E-04
  2.3986E+00  8.0431E+00  1.6902E-02  4.8773E-01  5.1934E-02  1.0372E+00 -1.8369E-02
  2.4017E+00  8.0536E+00  1.6913E-02  4.8763E-01  7.0948E-02  1.0348E+00 -5.1884E-02
  2.4050E+00  8.0645E+00  1.6920E-02  4.8741E-01  1.0032E-01  1.0369E+00 -8.7876E-02
  2.4081E+00  8.0750E+00  1.6924E-02  4.8710E-01  1.2362E-01  1.0415E+00 -1.1370E-01
  2.4114E+00  8.0860E+00  1.6925E-02  4.8671E-01  1.3264E-01  1.0517E+00 -1.2330E-01
  2.4146E+00  8.0965E+00  1.6927E-02  4.8635E-01  1.2333E-01  1.0604E+00 -1.1309E-01
  2.4178E+00  8.1074E+00  1.6931E-02  4.8603E-01  9.8976E-02  1.0693E+00 -8.5702E-02
  2.4210E+00  8.1179E+00  1.6938E-02  4.8582E-01  6.9954E-02  1.0728E+00 -4.9340E-02
  2.4242E+00  8.1288E+00  1.6950E-02  4.8573E-01  5.1294E-02  1.0653E+00 -1.4618E-02
  2.4274E+00  8.1393E+00  1.6964E-02  4.8573E-01  4.8433E-02  1.0507E+00  4.9908E-04
  2.4307E+00  8.1502E+00  1.6978E-02  4.8573E-01  4.8837E-02  1.0384E+00 -1.0017E-02
  2.4338E+00  8.1607E+00  1.6990E-02  4.8567E-01  6.1493E-02  1.0337E+00 -3.9030E-02
  2.4371E+00  8.1717E+00  1.6998E-02  4.8549E-01  8.8843E-02  1.0344E+00 -7.5099E-02
  2.4402E+00  8.1822E+00  1.7001E-02  4.8522E-01  1.1460E-01  1.0379E+00 -1.0427E-01
  2.4435E+00  8.1931E+00  1.7003E-02  4.8485E-01  1.2987E-01  1.0484E+00 -1.2070E-01
  2.4467E+00  8.2036E+00  1.7003E-02  4.8449E-01  1.2612E-01  1.0556E+00 -1.1657E-01
  2.4499E+00  8.2145E+00  1.7006E-02  4.8414E-01  1.0718E-01  1.0646E+00 -9.5589E-02
  2.4531E+00  8.2250E+00  1.7011E-02  4.8390E-01  7.9574E-02  1.0709E+00 -6.2955E-02
  2.4564E+00  8.2359E+00  1.7020E-02  4.8377E-01  5.5104E-02  1.0682E+00 -2.6208E-02
  2.4595E+00  8.2464E+00  1.7033E-02  4.8374E-01  4.7937E-02  1.0558E+00 -2.9410E-03
  2.4628E+00  8.2574E+00  1.7047E-02  4.8375E-01  4.7217E-02  1.0414E+00 -2.7985E-03
  2.4659E+00  8.2679E+00  1.7059E-02  4.8372E-01  5.2930E-02  1.0339E+00 -2.4852E-02
  2.4692E+00  8.2788E+00  1.7068E-02  4.8360E-01  7.5192E-02  1.0328E+00 -5.9001E-02
  2.4723E+00  8.2893E+00  1.7072E-02  4.8337E-01  1.0139E-01  1.0357E+00 -9.0016E-02
  2.4756E+00  8.3002E+00  1.7074E-02  4.8305E-01  1.2084E-01  1.0416E+00 -1.1139E-01
  2.4788E+00  8.3107E+00  1.7075E-02  4.8270E-01  1.2523E-01  1.0498E+00 -1.1603E-01
  2.4820E+00  8.3216E+00  1.7075E-02  4.8234E-01  1.1343E-01  1.0591E+00 -1.0303E-01
  2.4852E+00  8.3321E+00  1.7079E-02  4.8207E-01  8.9562E-02  1.0673E+00 -7.5793E-02
  2.4885E+00  8.3431E+00  1.7086E-02  4.8189E-01  6.1972E-02  1.0692E+00 -3.9535E-02
  2.4916E+00  8.3536E+00  1.7096E-02  4.8183E-01  4.8398E-02  1.0602E+00 -1.0438E-02
  2.4949E+00  8.3645E+00  1.7109E-02  4.8183E-01  4.6535E-02  1.0452E+00 -5.8272E-04
  2.4980E+00  8.3750E+00  1.7121E-02  4.8182E-01  4.8375E-02  1.0349E+00 -1.4931E-02
  2.5013E+00  8.3859E+00  1.7131E-02  4.8173E-01  6.4960E-02  1.0315E+00 -4.6066E-02
  2.5045E+00  8.3964E+00  1.7136E-02  4.8155E-01  9.1049E-02  1.0331E+00 -7.8693E-02
  2.5077E+00  8.4073E+00  1.7138E-02  4.8125E-01  1.1476E-01  1.0374E+00 -1.0518E-01
  2.5109E+00  8.4178E+00  1.7138E-02  4.8091E-01  1.2525E-01  1.0467E+00 -1.1640E-01
  2.5142E+00  8.4288E+00  1.7138E-02  4.8055E-01  1.1845E-01  1.0553E+00 -1.0893E-01
  2.5173E+00  8.4393E+00  1.7139E-02  4.8025E-01  9.8274E-02  1.0638E+00 -8.6414E-02
  2.5206E+00  8.4502E+00  1.7144E-02  4.8003E-01  7.0155E-02  1.0684E+00 -5.2149E-02
  2.5237E+00  8.4607E+00  1.7153E-02  4.7993E-01  5.0695E-02  1.0630E+00 -1.9909E-02
  2.5270E+00  8.4716E+00  1.7165E-02  4.7991E-01  4.5995E-02  1.0488E+00 -2.2365E-03
  2.5301E+00  8.4821E+00  1.7176E-02  4.7991E-01  4.6138E-02  1.0365E+00 -8.4977E-03
  2.5334E+00  8.4930E+00  1.7186E-02  4.7986E-01  5.6845E-02  1.0309E+00 -3.4676E-02
  2.5366E+00  8.5035E+00  1.7193E-02  4.7971E-01  8.0596E-02  1.0310E+00 -6.6877E-02
  2.5398E+00  8.5145E+00  1.7195E-02  4.7945E-01  1.0627E-01  1.0342E+00 -9.6255E-02
  2.5430E+00  8.5250E+00  1.7195E-02  4.7913E-01  1.2204E-01  1.0433E+00 -1.1330E-01
  2.5463E+00  8.5359E+00  1.7194E-02  4.7876E-01  1.2070E-01  1.0508E+00 -1.1175E-01
  2.5494E+00  8.5464E+00  1.7194E-02  4.7845E-01  1.0549E-01  1.0592E+00 -9.4999E-02
  2.5527E+00  8.5573E+00  1.7197E-02  4.7819E-01  7.9512E-02  1.0661E+00 -6.4789E-02
  2.5558E+00  8.5678E+00  1.7203E-02  4.7805E-01  5.5766E-02  1.0652E+00 -3.1548E-02
  2.5591E+00  8.5787E+00  1.7213E-02  4.7801E-01  4.5919E-02  1.0537E+00 -6.6607E-03
  2.5623E+00  8.5892E+00  1.7225E-02  4.7801E-01  4.4912E-02  1.0400E+00 -3.3283E-03
  2.5655E+00  8.6002E+00  1.7235E-02  4.7798E-01  4.9586E-02  1.0314E+00 -2.2153E-02
  2.5687E+00  8.6107E+00  1.7242E-02  4.7788E-01  6.8315E-02  1.0297E+00 -5.2063E-02
  2.5719E+00  8.6216E+00  1.7246E-02  4.7767E-01  9.3952E-02  1.0321E+00 -8.2872E-02
  2.5751E+00  8.6321E+00  1.7246E-02  4.7738E-01  1.1279E-01  1.0372E+00 -1.0368E-01
  2.5784E+00  8.6430E+00  1.7245E-02  4.7704E-01  1.1919E-01  1.0453E+00 -1.1050E-01
  2.5815E+00  8.6535E+00  1.7244E-02  4.7671E-01  1.1057E-01  1.0538E+00 -1.0102E-01
  2.5848E+00  8.6645E+00  1.7245E-02  4.7643E-01  8.8801E-02  1.0624E+00 -7.6418E-02
  2.5879E+00  8.6750E+00  1.7250E-02  4.7625E-01  6.3391E-02  1.0654E+00 -4.4349E-02
  2.5912E+00  8.6859E+00  1.7258E-02  4.7616E-01  4.7218E-02  1.0578E+00 -1.4577E-02
  2.5944E+00  8.6964E+00  1.7268E-02  4.7615E-01  4.4358E-02  1.0440E+00 -2.7139E-03
  2.5976E+00  8.7073E+00  1.7279E-02  4.7614E-01  4.5812E-02  1.0326E+00 -1.3617E-02
  2.6008E+00  8.7178E+00  1.7286E-02  4.7607E-01  5.9253E-02  1.0287E+00 -4.0210E-02
  2.6041E+00  8.7287E+00  1.7291E-02  4.7590E-01  8.4192E-02  1.0298E+00 -7.2084E-02
  2.6072E+00  8.7392E+00  1.7291E-02  4.7564E-01  1.0643E-01  1.0335E+00 -9.7100E-02
  2.6105E+00  8.7502E+00  1.7290E-02  4.7531E-01  1.1879E-01  1.0426E+00 -1.1039E-01
  2.6136E+00  8.7607E+00  1.7288E-02  4.7497E-01  1.1467E-01  1.0502E+00 -1.0584E-01
  2.6169E+00  8.7716E+00  1.7288E-02  4.7467E-01  9.6740E-02  1.0589E+00 -8.5942E-02
  2.6201E+00  8.7821E+00  1.7290E-02  4.7445E-01  7.1672E-02  1.0642E+00 -5.6131E-02
  2.6233E+00  8.7930E+00  1.7297E-02  4.7434E-01  5.0422E-02  1.0602E+00 -2.4008E-02
  2.6265E+00  8.8035E+00  1.7306E-02  4.7430E-01  4.4106E-02  1.0476E+00 -5.5106E-03
  2.6297E+00  8.8144E+00  1.7316E-02  4.7430E-01  4.3979E-02  1.0345E+00 -8.4140E-03
  2.6329E+00  8.8249E+00  1.7324E-02  4.7425E-01  5.2338E-02  1.0284E+00 -3.0037E-02
  2.6362E+00  8.8359E+00  1.7329E-02  4.7412E-01  7.4496E-02  1.0279E+00 -6.0989E-02
  2.6393E+00  8.8464E+00  1.7330E-02  4.7389E-01  9.8122E-02  1.0305E+00 -8.8284E-02
  2.6426E+00  8.8573E+00  1.7329E-02  4.7358E-01  1.1509E-01  1.0372E+00 -1.0675E-01
  2.6457E+00  8.8678E+00  1.7326E-02  4.7325E-01  1.1607E-01  1.0461E+00 -1.0769E-01
  2.6490E+00  8.8787E+00  1.7325E-02  4.7292E-01  1.0306E-01  1.0543E+00 -9.3395E-02
  2.6522E+00  8.8892E+00  1.7326E-02  4.7268E-01  8.0548E-02  1.0613E+00 -6.7599E-02
  2.6554E+00  8.9001E+00  1.7330E-02  4.7252E-01  5.6198E-02  1.0618E+00 -3.5268E-02
  2.6586E+00  8.9106E+00  1.7337E-02  4.7246E-01  4.4671E-02  1.0522E+00 -1.0948E-02
  2.6619E+00  8.9216E+00  1.7347E-02  4.7246E-01  4.2933E-02  1.0382E+00 -4.6120E-03
  2.6650E+00  8.9321E+00  1.7356E-02  4.7243E-01  4.6388E-02  1.0292E+00 -1.9110E-02
  2.6683E+00  8.9430E+00  1.7362E-02  4.7234E-01  6.3289E-02  1.0268E+00 -4.7243E-02
  2.6714E+00  8.9535E+00  1.7364E-02  4.7215E-01  8.6451E-02  1.0287E+00 -7.5490E-02
  2.6747E+00  8.9644E+00  1.7363E-02  4.7188E-01  1.0601E-01  1.0334E+00 -9.7221E-02
  2.6778E+00  8.9749E+00  1.7361E-02  4.7157E-01  1.1363E-01  1.0407E+00 -1.0540E-01
  2.6811E+00  8.9858E+00  1.7358E-02  4.7124E-01  1.0720E-01  1.0491E+00 -9.8307E-02
  2.6843E+00  8.9963E+00  1.7358E-02  4.7097E-01  8.8956E-02  1.0573E+00 -7.7866E-02
  2.6875E+00  9.0073E+00  1.7360E-02  4.7078E-01  6.4038E-02  1.0615E+00 -4.7348E-02
  2.6907E+00  9.0178E+00  1.7366E-02  4.7068E-01  4.7005E-02  1.0558E+00 -1.9353E-02
  2.6940E+00  9.0287E+00  1.7374E-02  4.7066E-01  4.2537E-02  1.0423E+00 -5.0056E-03
  2.6971E+00  9.0392E+00  1.7383E-02  4.7065E-01  4.3432E-02  1.0309E+00 -1.2019E-02
  2.7004E+00  9.0501E+00  1.7390E-02  4.7059E-01  5.5137E-02  1.0261E+00 -3.6313E-02
  2.7035E+00  9.0606E+00  1.7393E-02  4.7044E-01  7.7141E-02  1.0266E+00 -6.5055E-02
  2.7068E+00  9.0715E+00  1.7392E-02  4.7019E-01  9.9582E-02  1.0300E+00 -9.0510E-02
  2.7100E+00  9.0820E+00  1.7390E-02  4.6989E-01  1.1259E-01  1.0384E+00 -1.0455E-01
  2.7132E+00  9.0930E+00  1.7387E-02  4.6956E-01  1.1060E-01  1.0458E+00 -1.0231E-01
  2.7164E+00  9.1035E+00  1.7385E-02  4.6927E-01  9.6004E-02  1.0539E+00 -8.6196E-02
  2.7197E+00  9.1144E+00  1.7385E-02  4.6904E-01  7.2103E-02  1.0599E+00 -5.8280E-02
  2.7228E+00  9.1249E+00  1.7389E-02  4.6892E-01  5.1184E-02  1.0577E+00 -2.8802E-02
  2.7261E+00  9.1358E+00  1.7397E-02  4.6887E-01  4.2633E-02  1.0458E+00 -8.4445E-03
  2.7292E+00  9.1463E+00  1.7405E-02  4.6886E-01  4.2041E-02  1.0332E+00 -8.1694E-03
  2.7325E+00  9.1572E+00  1.7412E-02  4.6882E-01  4.9093E-02  1.0260E+00 -2.7139E-02
  2.7356E+00  9.1677E+00  1.7416E-02  4.6870E-01  6.8155E-02  1.0250E+00 -5.4581E-02
  2.7389E+00  9.1787E+00  1.7416E-02  4.6849E-01  9.1546E-02  1.0273E+00 -8.1926E-02
  2.7421E+00  9.1892E+00  1.7414E-02  4.6821E-01  1.0816E-01  1.0320E+00 -1.0010E-01
  2.7453E+00  9.2001E+00  1.7410E-02  4.6788E-01  1.1141E-01  1.0419E+00 -1.0348E-01
  2.7485E+00  9.2106E+00  1.7407E-02  4.6758E-01  1.0131E-01  1.0494E+00 -9.2405E-02
  2.7518E+00  9.2215E+00  1.7406E-02  4.6732E-01  8.0393E-02  1.0569E+00 -6.8701E-02
  2.7549E+00  9.2320E+00  1.7409E-02  4.6716E-01  5.7623E-02  1.0585E+00 -3.9705E-02
  2.7582E+00  9.2429E+00  1.7414E-02  4.6709E-01  4.3808E-02  1.0502E+00 -1.4374E-02
  2.7613E+00  9.2534E+00  1.7422E-02  4.6707E-01  4.1252E-02  1.0371E+00 -5.9102E-03
  2.7646E+00  9.2644E+00  1.7429E-02  4.6705E-01  4.4014E-02  1.0272E+00 -1.7485E-02
  2.7678E+00  9.2749E+00  1.7434E-02  4.6697E-01  5.8040E-02  1.0241E+00 -4.1838E-02
  2.7710E+00  9.2858E+00  1.7435E-02  4.6680E-01  8.0512E-02  1.0256E+00 -6.9741E-02
  2.7742E+00  9.2963E+00  1.7434E-02  4.6655E-01  9.9173E-02  1.0296E+00 -9.0604E-02
  2.7774E+00  9.3072E+00  1.7430E-02  4.6625E-01  1.0838E-01  1.0366E+00 -1.0051E-01
  2.7806E+00  9.3177E+00  1.7427E-02  4.6594E-01  1.0435E-01  1.0443E+00 -9.6054E-02
  2.7839E+00  9.3286E+00  1.7425E-02  4.6567E-01  8.7992E-02  1.0527E+00 -7.7839E-02
  2.7870E+00  9.3391E+00  1.7425E-02  4.6547E-01  6.5586E-02  1.0575E+00 -5.1059E-02
  2.7903E+00  9.3500E+00  1.7429E-02  4.6536E-01  4.6906E-02  1.0533E+00 -2.2875E-02
  2.7934E+00  9.3605E+00  1.7436E-02  4.6533E-01  4.1129E-02  1.0413E+00 -7.4976E-03
  2.7967E+00  9.3715E+00  1.7443E-02  4.6532E-01  4.1551E-02  1.0291E+00 -1.1502E-02
  2.7999E+00  9.3820E+00  1.7448E-02  4.6526E-01  5.0873E-02  1.0237E+00 -3.1842E-02
  2.8031E+00  9.3929E+00  1.7451E-02  4.6512E-01  7.1687E-02  1.0237E+00 -5.9742E-02
  2.8063E+00  9.4034E+00  1.7450E-02  4.6490E-01  9.2564E-02  1.0265E+00 -8.3628E-02
  2.8096E+00  9.4143E+00  1.7446E-02  4.6461E-01  1.0683E-01  1.0336E+00 -9.9107E-02
  2.8127E+00  9.4248E+00  1.7442E-02  4.6431E-01  1.0695E-01  1.0412E+00 -9.9140E-02
  2.8160E+00  9.4357E+00  1.7439E-02  4.6401E-01  9.4289E-02  1.0493E+00 -8.5213E-02
  2.8191E+00  9.4462E+00  1.7438E-02  4.6379E-01  7.3348E-02  1.0556E+00 -6.1121E-02
  2.8224E+00  9.4572E+00  1.7440E-02  4.6365E-01  5.1646E-02  1.0547E+00 -3.2092E-02
  2.8255E+00  9.4677E+00  1.7445E-02  4.6359E-01  4.1717E-02  1.0446E+00 -1.1730E-02
  2.8288E+00  9.4786E+00  1.7452E-02  4.6358E-01  4.0421E-02  1.0315E+00 -8.6191E-03
  2.8320E+00  9.4891E+00  1.7458E-02  4.6354E-01  4.5793E-02  1.0239E+00 -2.3732E-02
  2.8352E+00  9.5000E+00  1.7461E-02  4.6343E-01  6.3344E-02  1.0222E+00 -4.9874E-02
  2.8384E+00  9.5105E+00  1.7461E-02  4.6324E-01  8.4706E-02  1.0241E+00 -7.5157E-02
  2.8417E+00  9.5214E+00  1.7458E-02  4.6297E-01  1.0210E-01  1.0284E+00 -9.4281E-02
  2.8448E+00  9.5319E+00  1.7453E-02  4.6268E-01  1.0706E-01  1.0376E+00 -9.9521E-02
  2.8481E+00  9.5429E+00  1.7449E-02  4.6237E-01  9.8803E-02  1.0451E+00 -9.0481E-02
  2.8512E+00  9.5534E+00  1.7447E-02  4.6213E-01  8.0949E-02  1.0523E+00 -7.0431E-02
  2.8545E+00  9.5643E+00  1.7447E-02  4.6195E-01  5.8316E-02  1.0551E+00 -4.2478E-02
  2.8577E+00  9.5748E+00  1.7451E-02  4.6187E-01  4.3674E-02  1.0486E+00 -1.8279E-02
  2.8609E+00  9.5857E+00  1.7457E-02  4.6184E-01  3.9832E-02  1.0356E+00 -7.4088E-03
  2.8641E+00  9.5962E+00  1.7463E-02  4.6182E-01  4.1695E-02  1.0255E+00 -1.5469E-02
  2.8674E+00  9.6071E+00  1.7467E-02  4.6175E-01  5.4139E-02  1.0217E+00 -3.8032E-02
  2.8705E+00  9.6176E+00  1.7468E-02  4.6160E-01  7.4236E-02  1.0226E+00 -6.3462E-02
  2.8738E+00  9.6286E+00  1.7466E-02  4.6136E-01  9.3348E-02  1.0263E+00 -8.4992E-02
  2.8769E+00  9.6391E+00  1.7462E-02  4.6108E-01  1.0322E-01  1.0325E+00 -9.5654E-02
  2.8802E+00  9.6500E+00  1.7457E-02  4.6078E-01  1.0104E-01  1.0402E+00 -9.3205E-02
  2.8833E+00  9.6605E+00  1.7454E-02  4.6052E-01  8.7615E-02  1.0481E+00 -7.8335E-02
  2.8866E+00  9.6714E+00  1.7453E-02  4.6031E-01  6.6094E-02  1.0537E+00 -5.3067E-02
  2.8898E+00  9.6819E+00  1.7455E-02  4.6020E-01  4.7625E-02  1.0512E+00 -2.6957E-02
  2.8930E+00  9.6928E+00  1.7460E-02  4.6015E-01  3.9996E-02  1.0398E+00 -9.7222E-03
  2.8962E+00  9.7033E+00  1.7466E-02  4.6013E-01  3.9795E-02  1.0279E+00 -1.0740E-02
  2.8995E+00  9.7143E+00  1.7471E-02  4.6008E-01  4.7740E-02  1.0215E+00 -2.8841E-02
  2.9026E+00  9.7248E+00  1.7472E-02  4.5996E-01  6.5864E-02  1.0210E+00 -5.3812E-02
  2.9059E+00  9.7357E+00  1.7471E-02  4.5976E-01  8.6738E-02  1.0235E+00 -7.7961E-02
  2.9090E+00  9.7462E+00  1.7467E-02  4.5949E-01  1.0092E-01  1.0284E+00 -9.3433E-02
  2.9123E+00  9.7571E+00  1.7462E-02  4.5919E-01  1.0304E-01  1.0373E+00 -9.5613E-02
  2.9155E+00  9.7676E+00  1.7458E-02  4.5891E-01  9.3065E-02  1.0448E+00 -8.4665E-02
  2.9187E+00  9.7785E+00  1.7455E-02  4.5868E-01  7.3418E-02  1.0515E+00 -6.2306E-02
  2.9219E+00  9.7890E+00  1.7456E-02  4.5853E-01  5.2911E-02  1.0520E+00 -3.5966E-02
  2.9252E+00  9.8000E+00  1.7460E-02  4.5847E-01  4.1019E-02  1.0430E+00 -1.4339E-02
  2.9283E+00  9.8105E+00  1.7466E-02  4.5844E-01  3.8983E-02  1.0305E+00 -8.9597E-03
  2.9316E+00  9.8214E+00  1.7471E-02  4.5841E-01  4.3340E-02  1.0220E+00 -2.1572E-02
  2.9347E+00  9.8319E+00  1.7473E-02  4.5832E-01  5.8173E-02  1.0198E+00 -4.4499E-02
  2.9380E+00  9.8428E+00  1.7472E-02  4.5814E-01  7.9117E-02  1.0213E+00 -6.9678E-02
  2.9411E+00  9.8533E+00  1.7469E-02  4.5790E-01  9.5828E-02  1.0250E+00 -8.8160E-02
  2.9444E+00  9.8642E+00  1.7464E-02  4.5760E-01  1.0265E-01  1.0339E+00 -9.5428E-02
  2.9476E+00  9.8747E+00  1.7459E-02  4.5732E-01  9.6653E-02  1.0408E+00 -8.8859E-02
  2.9508E+00  9.8857E+00  1.7456E-02  4.5706E-01  8.0321E-02  1.0482E+00 -7.0634E-02
  2.9540E+00  9.8962E+00  1.7455E-02  4.5689E-01  5.9708E-02  1.0517E+00 -4.5786E-02
  2.9573E+00  9.9071E+00  1.7458E-02  4.5679E-01  4.3529E-02  1.0465E+00 -2.1067E-02
  2.9604E+00  9.9176E+00  1.7463E-02  4.5676E-01  3.8675E-02  1.0348E+00 -8.9296E-03
  2.9637E+00  9.9285E+00  1.7468E-02  4.5673E-01  3.9869E-02  1.0239E+00 -1.4341E-02
  2.9668E+00  9.9390E+00  1.7471E-02  4.5667E-01  4.9923E-02  1.0195E+00 -3.3511E-02
  2.9701E+00  9.9499E+00  1.7472E-02  4.5653E-01  6.9152E-02  1.0199E+00 -5.8436E-02
  2.9733E+00  9.9604E+00  1.7470E-02  4.5632E-01  8.7154E-02  1.0230E+00 -7.8890E-02
  2.9765E+00  9.9714E+00  1.7465E-02  4.5605E-01  9.8239E-02  1.0289E+00 -9.0923E-02
  2.9797E+00  9.9819E+00  1.7460E-02  4.5577E-01  9.7863E-02  1.0360E+00 -9.0432E-02
  2.9829E+00  9.9928E+00  1.7456E-02  4.5550E-01  8.6122E-02  1.0439E+00 -7.7464E-02
  2.9861E+00  1.0003E+01  1.7455E-02  4.5530E-01  6.7138E-02  1.0498E+00 -5.5487E-02
  2.9894E+00  1.0014E+01  1.7456E-02  4.5517E-01  4.7909E-02  1.0486E+00 -2.9547E-02
  2.9925E+00  1.0025E+01  1.7460E-02  4.5511E-01  3.9218E-02  1.0388E+00 -1.2037E-02
  2.9958E+00  1.0036E+01  1.7465E-02  4.5509E-01  3.8299E-02  1.0265E+00 -1.0438E-02
  2.9989E+00  1.0046E+01  1.7470E-02  4.5505E-01  4.4347E-02  1.0197E+00 -2.5082E-02
  3.0022E+00  1.0057E+01  1.7471E-02  4.5494E-01  6.1153E-02  1.0185E+00 -4.9073E-02
  3.0054E+00  1.0068E+01  1.7470E-02  4.5475E-01  8.0355E-02  1.0205E+00 -7.1576E-02
  3.0086E+00  1.0078E+01  1.7466E-02  4.5450E-01  9.5343E-02  1.0249E+00 -8.8027E-02
  3.0118E+00  1.0089E+01  1.7462E-02  4.5422E-01  9.9052E-02  1.0333E+00 -9.1933E-02
  3.0151E+00  1.0100E+01  1.7457E-02  4.5394E-01  9.0748E-02  1.0407E+00 -8.2826E-02
  3.0182E+00  1.0110E+01  1.7455E-02  4.5371E-01  7.3810E-02  1.0474E+00 -6.3708E-02
  3.0215E+00  1.0121E+01  1.7455E-02  4.5355E-01  5.3257E-02  1.0490E+00 -3.8025E-02
  3.0246E+00  1.0132E+01  1.7459E-02  4.5348E-01  4.0704E-02  1.0417E+00 -1.6987E-02
  3.0279E+00  1.0143E+01  1.7464E-02  4.5345E-01  3.7659E-02  1.0291E+00 -9.2222E-03
  3.0310E+00  1.0153E+01  1.7469E-02  4.5341E-01  4.0657E-02  1.0204E+00 -1.8563E-02
  3.0343E+00  1.0164E+01  1.7472E-02  4.5333E-01  5.3893E-02  1.0174E+00 -4.0079E-02
  3.0375E+00  1.0175E+01  1.7472E-02  4.5317E-01  7.2734E-02  1.0185E+00 -6.3185E-02
  3.0407E+00  1.0186E+01  1.7470E-02  4.5294E-01  8.9911E-02  1.0219E+00 -8.2346E-02
  3.0439E+00  1.0196E+01  1.7466E-02  4.5267E-01  9.7836E-02  1.0301E+00 -9.0837E-02
  3.0472E+00  1.0207E+01  1.7462E-02  4.5238E-01  9.3394E-02  1.0368E+00 -8.5957E-02
  3.0503E+00  1.0218E+01  1.7460E-02  4.5214E-01  7.9678E-02  1.0438E+00 -7.0712E-02
  3.0536E+00  1.0228E+01  1.7460E-02  4.5195E-01  5.9660E-02  1.0482E+00 -4.6936E-02
  3.0567E+00  1.0239E+01  1.7463E-02  4.5184E-01  4.3654E-02  1.0446E+00 -2.3693E-02
  3.0600E+00  1.0250E+01  1.7469E-02  4.5180E-01  3.7495E-02  1.0333E+00 -9.6363E-03
  3.0632E+00  1.0260E+01  1.7475E-02  4.5177E-01  3.7854E-02  1.0226E+00 -1.2211E-02
  3.0664E+00  1.0271E+01  1.7480E-02  4.5171E-01  4.6253E-02  1.0173E+00 -2.9516E-02
  3.0696E+00  1.0282E+01  1.7482E-02  4.5159E-01  6.3003E-02  1.0171E+00 -5.2002E-02
  3.0729E+00  1.0293E+01  1.7482E-02  4.5139E-01  8.1111E-02  1.0200E+00 -7.2869E-02
  3.0760E+00  1.0303E+01  1.7480E-02  4.5114E-01  9.2350E-02  1.0251E+00 -8.5147E-02
  3.0793E+00  1.0314E+01  1.7477E-02  4.5086E-01  9.3521E-02  1.0321E+00 -8.6335E-02
  3.0824E+00  1.0325E+01  1.7475E-02  4.5060E-01  8.4171E-02  1.0394E+00 -7.6009E-02
  3.0857E+00  1.0336E+01  1.7475E-02  4.5039E-01  6.6281E-02  1.0458E+00 -5.5435E-02
  3.0888E+00  1.0346E+01  1.7478E-02  4.5026E-01  4.8176E-02  1.0460E+00 -3.1673E-02
  3.0921E+00  1.0357E+01  1.7484E-02  4.5019E-01  3.8169E-02  1.0370E+00 -1.2802E-02
  3.0953E+00  1.0367E+01  1.7491E-02  4.5016E-01  3.6636E-02  1.0253E+00 -8.9633E-03
  3.0985E+00  1.0378E+01  1.7498E-02  4.5012E-01  4.1206E-02  1.0176E+00 -2.1383E-02
  3.1017E+00  1.0389E+01  1.7503E-02  4.5002E-01  5.5199E-02  1.0159E+00 -4.2576E-02
  3.1050E+00  1.0400E+01  1.7504E-02  4.4984E-01  7.4009E-02  1.0176E+00 -6.5130E-02
  3.1081E+00  1.0410E+01  1.7504E-02  4.4961E-01  8.8474E-02  1.0213E+00 -8.1155E-02
  3.1114E+00  1.0421E+01  1.7502E-02  4.4934E-01  9.3824E-02  1.0295E+00 -8.6862E-02
  3.1145E+00  1.0432E+01  1.7500E-02  4.4907E-01  8.7647E-02  1.0362E+00 -8.0069E-02
  3.1178E+00  1.0443E+01  1.7500E-02  4.4884E-01  7.2049E-02  1.0432E+00 -6.2500E-02
  3.1210E+00  1.0453E+01  1.7502E-02  4.4868E-01  5.3310E-02  1.0457E+00 -3.9416E-02
  3.1242E+00  1.0464E+01  1.7508E-02  4.4859E-01  3.9747E-02  1.0396E+00 -1.7585E-02
  3.1274E+00  1.0475E+01  1.7515E-02  4.4855E-01  3.6187E-02  1.0280E+00 -8.3069E-03
  3.1307E+00  1.0486E+01  1.7523E-02  4.4852E-01  3.8065E-02  1.0185E+00 -1.5278E-02
  3.1338E+00  1.0496E+01  1.7528E-02  4.4844E-01  4.8467E-02  1.0150E+00 -3.3822E-02
  3.1371E+00  1.0507E+01  1.7531E-02  4.4830E-01  6.6426E-02  1.0156E+00 -5.6643E-02
  3.1402E+00  1.0517E+01  1.7532E-02  4.4809E-01  8.2609E-02  1.0185E+00 -7.4943E-02
  3.1435E+00  1.0528E+01  1.7531E-02  4.4782E-01  9.1968E-02  1.0268E+00 -8.5051E-02
  3.1466E+00  1.0539E+01  1.7529E-02  4.4756E-01  8.9291E-02  1.0324E+00 -8.2087E-02
  3.1499E+00  1.0550E+01  1.7528E-02  4.4731E-01  7.7021E-02  1.0395E+00 -6.8440E-02
  3.1531E+00  1.0560E+01  1.7530E-02  4.4713E-01  5.9270E-02  1.0442E+00 -4.7499E-02
  3.1563E+00  1.0571E+01  1.7535E-02  4.4701E-01  4.2786E-02  1.0419E+00 -2.4127E-02
  3.1595E+00  1.0582E+01  1.7542E-02  4.4696E-01  3.6240E-02  1.0320E+00 -9.5151E-03
  3.1628E+00  1.0593E+01  1.7550E-02  4.4693E-01  3.5903E-02  1.0207E+00 -9.7291E-03
  3.1659E+00  1.0603E+01  1.7556E-02  4.4688E-01  4.1898E-02  1.0150E+00 -2.4009E-02
  3.1692E+00  1.0614E+01  1.7561E-02  4.4677E-01  5.7235E-02  1.0143E+00 -4.5835E-02
  3.1723E+00  1.0625E+01  1.7562E-02  4.4660E-01  7.3945E-02  1.0166E+00 -6.5498E-02
  3.1756E+00  1.0635E+01  1.7562E-02  4.4636E-01  8.6063E-02  1.0214E+00 -7.8874E-02
  3.1788E+00  1.0646E+01  1.7561E-02  4.4610E-01  8.8557E-02  1.0278E+00 -8.1514E-02
  3.1820E+00  1.0657E+01  1.7560E-02  4.4585E-01  8.0749E-02  1.0351E+00 -7.2862E-02
  3.1852E+00  1.0667E+01  1.7561E-02  4.4564E-01  6.5331E-02  1.0414E+00 -5.5180E-02
  3.1884E+00  1.0678E+01  1.7564E-02  4.4550E-01  4.7327E-02  1.0427E+00 -3.1876E-02
  3.1916E+00  1.0689E+01  1.7570E-02  4.4543E-01  3.7187E-02  1.0354E+00 -1.3351E-02
  3.1949E+00  1.0700E+01  1.7578E-02  4.4540E-01  3.5054E-02  1.0236E+00 -7.3118E-03
  3.1980E+00  1.0710E+01  1.7585E-02  4.4537E-01  3.7904E-02  1.0156E+00 -1.6779E-02
  3.2013E+00  1.0721E+01  1.7591E-02  4.4528E-01  5.0081E-02  1.0131E+00 -3.6886E-02
  3.2044E+00  1.0732E+01  1.7593E-02  4.4513E-01  6.6985E-02  1.0144E+00 -5.7783E-02
  3.2077E+00  1.0743E+01  1.7594E-02  4.4491E-01  8.1958E-02  1.0179E+00 -7.4592E-02
  3.2109E+00  1.0753E+01  1.7592E-02  4.4467E-01  8.8379E-02  1.0253E+00 -8.1511E-02
  3.2141E+00  1.0764E+01  1.7591E-02  4.4440E-01  8.3715E-02  1.0320E+00 -7.6350E-02
  3.2173E+00  1.0775E+01  1.7591E-02  4.4419E-01  7.0572E-02  1.0386E+00 -6.1556E-02
  3.2206E+00  1.0785E+01  1.7594E-02  4.4402E-01  5.2363E-02  1.0421E+00 -3.9311E-02
  3.2237E+00  1.0796E+01  1.7599E-02  4.4393E-01  3.9092E-02  1.0375E+00 -1.8554E-02
  3.2270E+00  1.0807E+01  1.7606E-02  4.4389E-01  3.4796E-02  1.0262E+00 -7.3741E-03
  3.2301E+00  1.0817E+01  1.7614E-02  4.4387E-01  3.5634E-02  1.0167E+00 -1.1686E-02
  3.2334E+00  1.0828E+01  1.7620E-02  4.4380E-01  4.4158E-02  1.0124E+00 -2.8777E-02
  3.2365E+00  1.0839E+01  1.7623E-02  4.4368E-01  5.9832E-02  1.0126E+00 -4.9597E-02
  3.2398E+00  1.0850E+01  1.7624E-02  4.4348E-01  7.6199E-02  1.0152E+00 -6.8434E-02
  3.2430E+00  1.0860E+01  1.7623E-02  4.4325E-01  8.6218E-02  1.0186E+00 -7.9408E-02
  3.2462E+00  1.0871E+01  1.7622E-02  4.4298E-01  8.7616E-02  1.0248E+00 -8.0857E-02
  3.2494E+00  1.0882E+01  1.7620E-02  4.4274E-01  7.8814E-02  1.0312E+00 -7.1145E-02
  3.2527E+00  1.0893E+01  1.7621E-02  4.4254E-01  6.1049E-02  1.0375E+00 -5.0653E-02
  3.2558E+00  1.0903E+01  1.7625E-02  4.4242E-01  4.1929E-02  1.0397E+00 -2.4373E-02
  3.2591E+00  1.0914E+01  1.7633E-02  4.4239E-01  3.4141E-02  1.0359E+00  3.4535E-03
  3.2622E+00  1.0924E+01  1.7643E-02  4.4243E-01  4.1865E-02  1.0290E+00  2.4813E-02
  3.2655E+00  1.0935E+01  1.7656E-02  4.4254E-01  5.1379E-02  1.0229E+00  3.8954E-02
  3.2687E+00  1.0946E+01  1.7670E-02  4.4268E-01  5.6860E-02  1.0195E+00  4.6033E-02
  3.2719E+00  1.0957E+01  1.7685E-02  4.4283E-01  5.9422E-02  1.0179E+00  4.9207E-02
  3.2751E+00  1.0967E+01  1.7700E-02  4.4299E-01  6.0232E-02  1.0173E+00  5.0202E-02
  3.2784E+00  1.0978E+01  1.7715E-02  4.4316E-01  6.0324E-02  1.0172E+00  5.0323E-02
  3.2815E+00  1.0989E+01  1.7730E-02  4.4331E-01  6.0160E-02  1.0172E+00  5.0135E-02
  3.2848E+00  1.1000E+01  1.7745E-02  4.4348E-01  5.9942E-02  1.0172E+00  4.9880E-02
  3.2879E+00  1.1010E+01  1.7759E-02  4.4363E-01  5.9749E-02  1.0172E+00  4.9656E-02
  3.2912E+00  1.1021E+01  1.7775E-02  4.4380E-01  5.9569E-02  1.0171E+00  4.9448E-02
  3.2943E+00  1.1032E+01  1.7789E-02  4.4395E-01  5.9513E-02  1.0172E+00  4.9386E-02
  3.2976E+00  1.1043E+01  1.7804E-02  4.4412E-01  5.9533E-02  1.0171E+00  4.9421E-02
  3.3008E+00  1.1053E+01  1.7819E-02  4.4427E-01  5.9552E-02  1.0170E+00  4.9454E-02
  3.3040E+00  1.1064E+01  1.7834E-02  4.4443E-01  5.9572E-02  1.0169E+00  4.9489E-02
  3.3072E+00  1.1074E+01  1.7848E-02  4.4459E-01  5.9592E-02  1.0168E+00  4.9522E-02
  3.3105E+00  1.1085E+01  1.7864E-02  4.4475E-01  5.9612E-02  1.0167E+00  4.9557E-02
  3.3136E+00  1.1096E+01  1.7878E-02  4.4491E-01  5.9631E-02  1.0166E+00  4.9590E-02
  3.3169E+00  1.1107E+01  1.7893E-02  4.4507E-01  5.9651E-02  1.0165E+00  4.9624E-02
  3.3200E+00  1.1117E+01  1.7908E-02  4.4523E-01  5.9671E-02  1.0164E+00  4.9658E-02
  3.3233E+00  1.1128E+01  1.7923E-02  4.4539E-01  5.9691E-02  1.0163E+00  4.9692E-02
  3.3265E+00  1.1139E+01  1.7937E-02  4.4555E-01  5.9710E-02  1.0162E+00  4.9725E-02
  3.3297E+00  1.1150E+01  1.7953E-02  4.4571E-01  5.9730E-02  1.0161E+00  4.9760E-02
  3.3329E+00  1.1160E+01  1.7967E-02  4.4587E-01  5.9750E-02  1.0160E+00  4.9793E-02
  3.3361E+00  1.1171E+01  1.7982E-02  4.4603E-01  5.9770E-02  1.0159E+00  4.9827E-02
  3.3393E+00  1.1182E+01  1.7997E-02  4.4619E-01  5.9789E-02  1.0158E+00  4.9860E-02
  3.3426E+00  1.1192E+01  1.8012E-02  4.4635E-01  5.9809E-02  1.0157E+00  4.9895E-02
  3.3457E+00  1.1203E+01  1.8026E-02  4.4651E-01  5.9829E-02  1.0156E+00  4.9928E-02
  3.3490E+00  1.1214E+01  1.8042E-02  4.4667E-01  5.9849E-02  1.0155E+00  4.9962E-02
  3.3521E+00  1.1224E+01  1.8056E-02  4.4683E-01  5.9868E-02  1.0154E+00  4.9995E-02
  3.3554E+00  1.1235E+01  1.8071E-02  4.4699E-01  5.9889E-02  1.0153E+00  5.0030E-02
  3.3586E+00  1.1246E+01  1.8086E-02  4.4715E-01  5.9908E-02  1.0152E+00  5.0063E-02
  3.3618E+00  1.1257E+01  1.8101E-02  4.4732E-01  5.9928E-02  1.0151E+00  5.0097E-02
  3.3650E+00  1.1267E+01  1.8115E-02  4.4747E-01  5.9948E-02  1.0150E+00  5.0130E-02
  3.3715E+00  1.1289E+01  1.8145E-02  4.4780E-01  5.9988E-02  1.0148E+00  5.0198E-02
