 -1.8055E-12  1.1205E+01  3.4750E+01  4.9036E-01  1.7491E+02  1.2448E+01 -1.7306E+02
  2.2432E-03  1.1213E+01  3.4750E+01  4.9036E-01  1.7491E+02  1.2448E+01 -1.7306E+02
  4.4865E-03  1.1220E+01  3.4750E+01  4.9036E-01  1.7491E+02  1.2448E+01 -1.7306E+02
  6.7297E-03  1.1228E+01  3.4750E+01  4.9036E-01  1.7491E+02  1.2448E+01 -1.7306E+02
  8.9730E-03  1.1235E+01  3.4750E+01  4.9036E-01  1.7491E+02  1.2448E+01 -1.7305E+02
  1.1216E-02  1.1243E+01  3.4750E+01  4.9035E-01  1.7491E+02  1.2448E+01 -1.7305E+02
  1.3459E-02  1.1250E+01  3.4750E+01  4.9035E-01  1.7490E+02  1.2448E+01 -1.7305E+02
  1.5703E-02  1.1258E+01  3.4750E+01  4.9035E-01  1.7490E+02  1.2448E+01 -1.7305E+02
  1.7946E-02  1.1265E+01  3.4750E+01  4.9035E-01  1.7490E+02  1.2448E+01 -1.7305E+02
  2.0189E-02  1.1273E+01  3.4750E+01  4.9034E-01  1.7490E+02  1.2448E+01 -1.7305E+02
  2.2432E-02  1.1280E+01  3.4750E+01  4.9034E-01  1.7490E+02  1.2448E+01 -1.7305E+02
  2.4676E-02  1.1288E+01  3.4750E+01  4.9034E-01  1.7490E+02  1.2447E+01 -1.7304E+02
  2.6919E-02  1.1295E+01  3.4750E+01  4.9034E-01  1.7490E+02  1.2447E+01 -1.7304E+02
  2.9162E-02  1.1303E+01  3.4750E+01  4.9033E-01  1.7489E+02  1.2447E+01 -1.7304E+02
  3.1405E-02  1.1310E+01  3.4750E+01  4.9033E-01  1.7489E+02  1.2447E+01 -1.7304E+02
  3.3649E-02  1.1318E+01  3.4750E+01  4.9033E-01  1.7489E+02  1.2447E+01 -1.7304E+02
  3.5892E-02  1.1325E+01  3.4750E+01  4.9033E-01  1.7489E+02  1.2447E+01 -1.7304E+02
  3.8135E-02  1.1332E+01  3.4750E+01  4.9033E-01  1.7489E+02  1.2447E+01 -1.7304E+02
  4.0378E-02  1.1340E+01  3.4750E+01  4.9032E-01  1.7489E+02  1.2447E+01 -1.7304E+02
  4.2622E-02  1.1347E+01  3.4750E+01  4.9032E-01  1.7489E+02  1.2447E+01 -1.7303E+02
  4.4865E-02  1.1355E+01  3.4750E+01  4.9032E-01  1.7488E+02  1.2447E+01 -1.7303E+02
  4.7108E-02  1.1362E+01  3.4750E+01  4.9032E-01  1.7488E+02  1.2447E+01 -1.7303E+02
  4.9351E-02  1.1370E+01  3.4750E+01  4.9031E-01  1.7488E+02  1.2447E+01 -1.7303E+02
  5.1594E-02  1.1377E+01  3.4750E+01  4.9031E-01  1.7488E+02  1.2447E+01 -1.7303E+02
  5.3838E-02  1.1385E+01  3.4750E+01  4.9031E-01  1.7488E+02  1.2447E+01 -1.7303E+02
  5.6081E-02  1.1392E+01  3.4750E+01  4.9031E-01  1.7488E+02  1.2447E+01 -1.7303E+02
  5.8324E-02  1.1400E+01  3.4750E+01  4.9030E-01  1.7488E+02  1.2447E+01 -1.7302E+02
  6.0567E-02  1.1407E+01  3.4750E+01  4.9030E-01  1.7488E+02  1.2447E+01 -1.7302E+02
  6.2811E-02  1.1415E+01  3.4750E+01  4.9030E-01  1.7487E+02  1.2447E+01 -1.7302E+02
  6.5054E-02  1.1422E+01  3.4750E+01  4.9030E-01  1.7487E+02  1.2447E+01 -1.7302E+02
  6.7297E-02  1.1430E+01  3.4750E+01  4.9030E-01  1.7487E+02  1.2447E+01 -1.7302E+02
  6.9540E-02  1.1437E+01  3.4750E+01  4.9029E-01  1.7487E+02  1.2446E+01 -1.7302E+02
  7.1784E-02  1.1445E+01  3.4750E+01  4.9029E-01  1.7487E+02  1.2446E+01 -1.7302E+02
  7.4027E-02  1.1452E+01  3.4750E+01  4.9029E-01  1.7487E+02  1.2446E+01 -1.7301E+02
  7.6270E-02  1.1460E+01  3.4750E+01  4.9029E-01  1.7487E+02  1.2446E+01 -1.7301E+02
  7.8513E-02  1.1467E+01  3.4750E+01  4.9028E-01  1.7486E+02  1.2446E+01 -1.7301E+02
  8.0757E-02  1.1475E+01  3.4750E+01  4.9028E-01  1.7486E+02  1.2446E+01 -1.7301E+02
  8.3000E-02  1.1482E+01  3.4750E+01  4.9028E-01  1.7486E+02  1.2446E+01 -1.7301E+02
  8.5243E-02  1.1490E+01  3.4750E+01  4.9028E-01  1.7486E+02  1.2446E+01 -1.7301E+02
  8.7486E-02  1.1497E+01  3.4750E+01  4.9027E-01  1.7486E+02  1.2446E+01 -1.7301E+02
  8.9730E-02  1.1505E+01  3.4750E+01  4.9027E-01  1.7486E+02  1.2446E+01 -1.7301E+02
  9.1973E-02  1.1512E+01  3.4750E+01  4.9027E-01  1.7486E+02  1.2446E+01 -1.7300E+02
  9.4216E-02  1.1520E+01  3.4750E+01  4.9027E-01  1.7486E+02  1.2446E+01 -1.7300E+02
  9.6459E-02  1.1527E+01  3.4750E+01  4.9026E-01  1.7485E+02  1.2446E+01 -1.7300E+02
  9.8702E-02  1.1535E+01  3.4750E+01  4.9026E-01  1.7485E+02  1.2446E+01 -1.7300E+02
  1.0095E-01  1.1542E+01  3.4750E+01  4.9026E-01  1.7485E+02  1.2446E+01 -1.7300E+02
  1.0319E-01  1.1550E+01  3.4750E+01  4.9026E-01  1.7485E+02  1.2446E+01 -1.7300E+02
  1.0543E-01  1.1557E+01  3.4750E+01  4.9026E-01  1.7485E+02  1.2446E+01 -1.7300E+02
  1.0768E-01  1.1564E+01  3.4750E+01  4.9025E-01  1.7485E+02  1.2446E+01 -1.7299E+02
  1.0992E-01  1.1572E+01  3.4750E+01  4.9025E-01  1.7485E+02  1.2446E+01 -1.7299E+02
  1.1216E-01  1.1579E+01  3.4750E+01  4.9025E-01  1.7484E+02  1.2446E+01 -1.7299E+02
  1.1441E-01  1.1587E+01  3.4750E+01  4.9025E-01  1.7484E+02  1.2445E+01 -1.7299E+02
  1.1665E-01  1.1594E+01  3.4750E+01  4.9024E-01  1.7484E+02  1.2445E+01 -1.7299E+02
  1.1889E-01  1.1602E+01  3.4750E+01  4.9024E-01  1.7484E+02  1.2445E+01 -1.7299E+02
  1.2113E-01  1.1609E+01  3.4750E+01  4.9024E-01  1.7484E+02  1.2445E+01 -1.7299E+02
  1.2338E-01  1.1617E+01  3.4750E+01  4.9024E-01  1.7484E+02  1.2445E+01 -1.7298E+02
  1.2562E-01  1.1624E+01  3.4750E+01  4.9023E-01  1.7484E+02  1.2445E+01 -1.7298E+02
  1.2786E-01  1.1632E+01  3.4750E+01  4.9023E-01  1.7483E+02  1.2445E+01 -1.7298E+02
  1.3011E-01  1.1639E+01  3.4750E+01  4.9023E-01  1.7483E+02  1.2445E+01 -1.7298E+02
  1.3235E-01  1.1647E+01  3.4750E+01  4.9023E-01  1.7483E+02  1.2445E+01 -1.7298E+02
  1.3459E-01  1.1654E+01  3.4750E+01  4.9023E-01  1.7483E+02  1.2445E+01 -1.7298E+02
  1.3684E-01  1.1662E+01  3.4750E+01  4.9022E-01  1.7483E+02  1.2445E+01 -1.7298E+02
  1.3908E-01  1.1669E+01  3.4750E+01  4.9022E-01  1.7483E+02  1.2445E+01 -1.7298E+02
  1.4132E-01  1.1677E+01  3.4750E+01  4.9022E-01  1.7483E+02  1.2445E+01 -1.7297E+02
  1.4357E-01  1.1684E+01  3.4750E+01  4.9022E-01  1.7483E+02  1.2445E+01 -1.7297E+02
  1.4581E-01  1.1692E+01  3.4750E+01  4.9021E-01  1.7482E+02  1.2445E+01 -1.7297E+02
  1.4805E-01  1.1699E+01  3.4750E+01  4.9021E-01  1.7482E+02  1.2445E+01 -1.7297E+02
  1.5030E-01  1.1707E+01  3.4750E+01  4.9021E-01  1.7482E+02  1.2445E+01 -1.7297E+02
  1.5254E-01  1.1714E+01  3.4750E+01  4.9021E-01  1.7482E+02  1.2445E+01 -1.7297E+02
  1.5478E-01  1.1722E+01  3.4750E+01  4.9020E-01  1.7482E+02  1.2445E+01 -1.7297E+02
  1.5703E-01  1.1729E+01  3.4750E+01  4.9020E-01  1.7482E+02  1.2445E+01 -1.7296E+02
  1.5927E-01  1.1737E+01  3.4750E+01  4.9020E-01  1.7482E+02  1.2445E+01 -1.7296E+02
  1.6151E-01  1.1744E+01  3.4750E+01  4.9020E-01  1.7481E+02  1.2444E+01 -1.7296E+02
  1.6376E-01  1.1752E+01  3.4750E+01  4.9020E-01  1.7481E+02  1.2444E+01 -1.7296E+02
  1.6600E-01  1.1759E+01  3.4750E+01  4.9019E-01  1.7481E+02  1.2444E+01 -1.7296E+02
  1.6824E-01  1.1767E+01  3.4750E+01  4.9019E-01  1.7481E+02  1.2444E+01 -1.7296E+02
  1.7049E-01  1.1774E+01  3.4750E+01  4.9019E-01  1.7481E+02  1.2444E+01 -1.7296E+02
  1.7273E-01  1.1781E+01  3.4750E+01  4.9019E-01  1.7481E+02  1.2444E+01 -1.7295E+02
  1.7497E-01  1.1789E+01  3.4750E+01  4.9018E-01  1.7481E+02  1.2444E+01 -1.7295E+02
  1.7722E-01  1.1796E+01  3.4750E+01  4.9018E-01  1.7481E+02  1.2444E+01 -1.7295E+02
  1.7946E-01  1.1804E+01  3.4750E+01  4.9018E-01  1.7480E+02  1.2444E+01 -1.7295E+02
  1.8170E-01  1.1811E+01  3.4750E+01  4.9018E-01  1.7480E+02  1.2444E+01 -1.7295E+02
  1.8395E-01  1.1819E+01  3.4750E+01  4.9017E-01  1.7480E+02  1.2444E+01 -1.7295E+02
  1.8619E-01  1.1826E+01  3.4750E+01  4.9017E-01  1.7480E+02  1.2444E+01 -1.7295E+02
  1.8843E-01  1.1834E+01  3.4750E+01  4.9017E-01  1.7480E+02  1.2444E+01 -1.7295E+02
  1.9068E-01  1.1841E+01  3.4750E+01  4.9017E-01  1.7480E+02  1.2444E+01 -1.7294E+02
  1.9292E-01  1.1849E+01  3.4750E+01  4.9017E-01  1.7480E+02  1.2444E+01 -1.7294E+02
  1.9516E-01  1.1856E+01  3.4750E+01  4.9016E-01  1.7479E+02  1.2444E+01 -1.7294E+02
  1.9740E-01  1.1864E+01  3.4750E+01  4.9016E-01  1.7479E+02  1.2444E+01 -1.7294E+02
  1.9965E-01  1.1871E+01  3.4750E+01  4.9016E-01  1.7479E+02  1.2444E+01 -1.7294E+02
  2.0189E-01  1.1879E+01  3.4750E+01  4.9016E-01  1.7479E+02  1.2444E+01 -1.7294E+02
  2.0413E-01  1.1886E+01  3.4750E+01  4.9015E-01  1.7479E+02  1.2444E+01 -1.7294E+02
  2.0638E-01  1.1894E+01  3.4750E+01  4.9015E-01  1.7479E+02  1.2444E+01 -1.7293E+02
  2.0862E-01  1.1901E+01  3.4750E+01  4.9015E-01  1.7479E+02  1.2444E+01 -1.7293E+02
  2.1086E-01  1.1909E+01  3.4750E+01  4.9015E-01  1.7479E+02  1.2443E+01 -1.7293E+02
  2.1311E-01  1.1916E+01  3.4750E+01  4.9014E-01  1.7478E+02  1.2443E+01 -1.7293E+02
  2.1535E-01  1.1924E+01  3.4750E+01  4.9014E-01  1.7478E+02  1.2443E+01 -1.7293E+02
  2.1759E-01  1.1931E+01  3.4750E+01  4.9014E-01  1.7478E+02  1.2443E+01 -1.7293E+02
  2.1984E-01  1.1939E+01  3.4750E+01  4.9014E-01  1.7478E+02  1.2443E+01 -1.7293E+02
  2.2208E-01  1.1946E+01  3.4750E+01  4.9013E-01  1.7478E+02  1.2443E+01 -1.7292E+02
  2.2432E-01  1.1954E+01  3.4750E+01  4.9013E-01  1.7478E+02  1.2443E+01 -1.7292E+02
  2.2657E-01  1.1961E+01  3.4750E+01  4.9013E-01  1.7478E+02  1.2443E+01 -1.7292E+02
  2.2867E-01  1.1968E+01  3.4750E+01  4.9013E-01  1.7477E+02  1.2443E+01 -1.7292E+02
  2.2881E-01  1.1969E+01  3.4750E+01  4.9013E-01  1.7477E+02  1.2443E+01 -1.7292E+02
  2.3105E-01  1.1976E+01  3.4750E+01  4.9013E-01  1.7477E+02  1.2443E+01 -1.7292E+02
  2.3330E-01  1.1984E+01  3.4750E+01  4.9012E-01  1.7477E+02  1.2443E+01 -1.7292E+02
  2.3554E-01  1.1991E+01  3.4750E+01  4.9012E-01  1.7477E+02  1.2443E+01 -1.7292E+02
  2.3778E-01  1.1999E+01  3.4750E+01  4.9012E-01  1.7477E+02  1.2443E+01 -1.7292E+02
  2.4003E-01  1.2006E+01  3.4750E+01  4.9012E-01  1.7477E+02  1.2443E+01 -1.7291E+02
  2.4227E-01  1.2013E+01  3.4750E+01  4.9011E-01  1.7477E+02  1.2443E+01 -1.7291E+02
  2.4451E-01  1.2021E+01  3.4750E+01  4.9011E-01  1.7476E+02  1.2443E+01 -1.7291E+02
  2.4676E-01  1.2028E+01  3.4750E+01  4.9011E-01  1.7476E+02  1.2443E+01 -1.7291E+02
  2.4900E-01  1.2036E+01  3.4750E+01  4.9011E-01  1.7476E+02  1.2443E+01 -1.7291E+02
  2.5124E-01  1.2043E+01  3.4750E+01  4.9010E-01  1.7476E+02  1.2443E+01 -1.7291E+02
  2.5349E-01  1.2051E+01  3.4750E+01  4.9010E-01  1.7476E+02  1.2443E+01 -1.7291E+02
  2.5573E-01  1.2058E+01  3.4750E+01  4.9010E-01  1.7476E+02  1.2443E+01 -1.7290E+02
  2.5797E-01  1.2066E+01  3.4750E+01  4.9010E-01  1.7476E+02  1.2443E+01 -1.7290E+02
  2.6022E-01  1.2073E+01  3.4750E+01  4.9010E-01  1.7476E+02  1.2442E+01 -1.7290E+02
  2.6246E-01  1.2081E+01  3.4750E+01  4.9009E-01  1.7475E+02  1.2442E+01 -1.7290E+02
  2.6470E-01  1.2088E+01  3.4750E+01  4.9009E-01  1.7475E+02  1.2442E+01 -1.7290E+02
  2.6695E-01  1.2096E+01  3.4750E+01  4.9009E-01  1.7475E+02  1.2442E+01 -1.7290E+02
  2.6919E-01  1.2103E+01  3.4750E+01  4.9009E-01  1.7475E+02  1.2442E+01 -1.7290E+02
  2.7143E-01  1.2111E+01  3.4750E+01  4.9008E-01  1.7475E+02  1.2442E+01 -1.7289E+02
  2.7368E-01  1.2118E+01  3.4750E+01  4.9008E-01  1.7475E+02  1.2442E+01 -1.7289E+02
  2.7592E-01  1.2126E+01  3.4750E+01  4.9008E-01  1.7475E+02  1.2442E+01 -1.7289E+02
  2.7816E-01  1.2133E+01  3.4750E+01  4.9008E-01  1.7474E+02  1.2442E+01 -1.7289E+02
  2.8040E-01  1.2141E+01  3.4750E+01  4.9007E-01  1.7474E+02  1.2442E+01 -1.7289E+02
  2.8265E-01  1.2148E+01  3.4750E+01  4.9007E-01  1.7474E+02  1.2442E+01 -1.7289E+02
  2.8489E-01  1.2156E+01  3.4750E+01  4.9007E-01  1.7474E+02  1.2442E+01 -1.7289E+02
  2.8713E-01  1.2163E+01  3.4750E+01  4.9007E-01  1.7474E+02  1.2442E+01 -1.7289E+02
  2.8938E-01  1.2171E+01  3.4750E+01  4.9007E-01  1.7474E+02  1.2442E+01 -1.7288E+02
  2.9162E-01  1.2178E+01  3.4750E+01  4.9006E-01  1.7474E+02  1.2442E+01 -1.7288E+02
  2.9386E-01  1.2186E+01  3.4750E+01  4.9006E-01  1.7474E+02  1.2442E+01 -1.7288E+02
  2.9611E-01  1.2193E+01  3.4750E+01  4.9006E-01  1.7473E+02  1.2442E+01 -1.7288E+02
  2.9835E-01  1.2201E+01  3.4750E+01  4.9006E-01  1.7473E+02  1.2442E+01 -1.7288E+02
  3.0059E-01  1.2208E+01  3.4750E+01  4.9005E-01  1.7473E+02  1.2442E+01 -1.7288E+02
  3.0284E-01  1.2216E+01  3.4750E+01  4.9005E-01  1.7473E+02  1.2442E+01 -1.7288E+02
  3.0508E-01  1.2223E+01  3.4750E+01  4.9005E-01  1.7473E+02  1.2442E+01 -1.7287E+02
  3.0732E-01  1.2230E+01  3.4750E+01  4.9005E-01  1.7473E+02  1.2442E+01 -1.7287E+02
  3.0957E-01  1.2238E+01  3.4750E+01  4.9004E-01  1.7473E+02  1.2441E+01 -1.7287E+02
  3.1181E-01  1.2245E+01  3.4750E+01  4.9004E-01  1.7472E+02  1.2441E+01 -1.7287E+02
  3.1405E-01  1.2253E+01  3.4750E+01  4.9004E-01  1.7472E+02  1.2441E+01 -1.7287E+02
  3.1630E-01  1.2260E+01  3.4750E+01  4.9004E-01  1.7472E+02  1.2441E+01 -1.7287E+02
  3.1854E-01  1.2268E+01  3.4750E+01  4.9003E-01  1.7472E+02  1.2441E+01 -1.7287E+02
  3.2078E-01  1.2275E+01  3.4750E+01  4.9003E-01  1.7472E+02  1.2441E+01 -1.7286E+02
  3.2303E-01  1.2283E+01  3.4750E+01  4.9003E-01  1.7472E+02  1.2441E+01 -1.7286E+02
  3.2527E-01  1.2290E+01  3.4750E+01  4.9003E-01  1.7472E+02  1.2441E+01 -1.7286E+02
  3.2751E-01  1.2298E+01  3.4750E+01  4.9003E-01  1.7471E+02  1.2441E+01 -1.7286E+02
  3.2976E-01  1.2305E+01  3.4750E+01  4.9002E-01  1.7471E+02  1.2441E+01 -1.7286E+02
  3.3200E-01  1.2313E+01  3.4750E+01  4.9002E-01  1.7471E+02  1.2441E+01 -1.7286E+02
  3.3424E-01  1.2320E+01  3.4750E+01  4.9002E-01  1.7471E+02  1.2441E+01 -1.7286E+02
  3.3649E-01  1.2328E+01  3.4750E+01  4.9002E-01  1.7471E+02  1.2441E+01 -1.7285E+02
  3.3873E-01  1.2335E+01  3.4750E+01  4.9001E-01  1.7471E+02  1.2441E+01 -1.7285E+02
  3.4097E-01  1.2343E+01  3.4750E+01  4.9001E-01  1.7471E+02  1.2441E+01 -1.7285E+02
  3.4322E-01  1.2350E+01  3.4750E+01  4.9001E-01  1.7471E+02  1.2441E+01 -1.7285E+02
  3.4546E-01  1.2358E+01  3.4750E+01  4.9001E-01  1.7470E+02  1.2441E+01 -1.7285E+02
  3.4770E-01  1.2365E+01  3.4750E+01  4.9000E-01  1.7470E+02  1.2441E+01 -1.7285E+02
  3.4995E-01  1.2373E+01  3.4750E+01  4.9000E-01  1.7470E+02  1.2441E+01 -1.7285E+02
  3.5219E-01  1.2380E+01  3.4750E+01  4.9000E-01  1.7470E+02  1.2441E+01 -1.7285E+02
  3.5443E-01  1.2388E+01  3.4750E+01  4.9000E-01  1.7470E+02  1.2441E+01 -1.7284E+02
  3.5667E-01  1.2395E+01  3.4750E+01  4.9000E-01  1.7470E+02  1.2441E+01 -1.7284E+02
  3.5892E-01  1.2403E+01  3.4750E+01  4.8999E-01  1.7470E+02  1.2441E+01 -1.7284E+02
  3.6116E-01  1.2410E+01  3.4750E+01  4.8999E-01  1.7469E+02  1.2440E+01 -1.7284E+02
  3.6340E-01  1.2418E+01  3.4750E+01  4.8999E-01  1.7469E+02  1.2440E+01 -1.7284E+02
  3.6565E-01  1.2425E+01  3.4750E+01  4.8999E-01  1.7469E+02  1.2440E+01 -1.7284E+02
  3.6789E-01  1.2433E+01  3.4750E+01  4.8998E-01  1.7469E+02  1.2440E+01 -1.7284E+02
  3.7013E-01  1.2440E+01  3.4750E+01  4.8998E-01  1.7469E+02  1.2440E+01 -1.7283E+02
  3.7238E-01  1.2448E+01  3.4750E+01  4.8998E-01  1.7469E+02  1.2440E+01 -1.7283E+02
  3.7462E-01  1.2455E+01  3.4750E+01  4.8998E-01  1.7469E+02  1.2440E+01 -1.7283E+02
  3.7686E-01  1.2462E+01  3.4750E+01  4.8997E-01  1.7469E+02  1.2440E+01 -1.7283E+02
  3.7911E-01  1.2470E+01  3.4750E+01  4.8997E-01  1.7468E+02  1.2440E+01 -1.7283E+02
  3.8135E-01  1.2477E+01  3.4750E+01  4.8997E-01  1.7468E+02  1.2440E+01 -1.7283E+02
  3.8359E-01  1.2485E+01  3.4750E+01  4.8997E-01  1.7468E+02  1.2440E+01 -1.7283E+02
  3.8584E-01  1.2492E+01  3.4750E+01  4.8997E-01  1.7468E+02  1.2440E+01 -1.7283E+02
  3.8808E-01  1.2500E+01  3.4750E+01  4.8996E-01  1.7468E+02  1.2440E+01 -1.7282E+02
  3.9032E-01  1.2507E+01  3.4750E+01  4.8996E-01  1.7468E+02  1.2440E+01 -1.7282E+02
  3.9257E-01  1.2515E+01  3.4750E+01  4.8996E-01  1.7468E+02  1.2440E+01 -1.7282E+02
  3.9481E-01  1.2522E+01  3.4750E+01  4.8996E-01  1.7467E+02  1.2440E+01 -1.7282E+02
  3.9705E-01  1.2530E+01  3.4750E+01  4.8995E-01  1.7467E+02  1.2440E+01 -1.7282E+02
  3.9930E-01  1.2537E+01  3.4750E+01  4.8995E-01  1.7467E+02  1.2440E+01 -1.7282E+02
  4.0154E-01  1.2545E+01  3.4750E+01  4.8995E-01  1.7467E+02  1.2440E+01 -1.7282E+02
  4.0378E-01  1.2552E+01  3.4750E+01  4.8995E-01  1.7467E+02  1.2440E+01 -1.7281E+02
  4.0603E-01  1.2560E+01  3.4750E+01  4.8994E-01  1.7467E+02  1.2440E+01 -1.7281E+02
  4.0827E-01  1.2567E+01  3.4750E+01  4.8994E-01  1.7467E+02  1.2440E+01 -1.7281E+02
  4.1051E-01  1.2575E+01  3.4750E+01  4.8994E-01  1.7467E+02  1.2439E+01 -1.7281E+02
  4.1276E-01  1.2582E+01  3.4750E+01  4.8994E-01  1.7466E+02  1.2439E+01 -1.7281E+02
  4.1500E-01  1.2590E+01  3.4750E+01  4.8994E-01  1.7466E+02  1.2439E+01 -1.7281E+02
  4.1724E-01  1.2597E+01  3.4750E+01  4.8993E-01  1.7466E+02  1.2439E+01 -1.7281E+02
  4.1949E-01  1.2605E+01  3.4750E+01  4.8993E-01  1.7466E+02  1.2439E+01 -1.7280E+02
  4.2173E-01  1.2612E+01  3.4750E+01  4.8993E-01  1.7466E+02  1.2439E+01 -1.7280E+02
  4.2397E-01  1.2620E+01  3.4750E+01  4.8993E-01  1.7466E+02  1.2439E+01 -1.7280E+02
  4.2622E-01  1.2627E+01  3.4750E+01  4.8992E-01  1.7466E+02  1.2439E+01 -1.7280E+02
  4.2846E-01  1.2635E+01  3.4750E+01  4.8992E-01  1.7465E+02  1.2439E+01 -1.7280E+02
  4.3070E-01  1.2642E+01  3.4750E+01  4.8992E-01  1.7465E+02  1.2439E+01 -1.7280E+02
  4.3294E-01  1.2650E+01  3.4750E+01  4.8992E-01  1.7465E+02  1.2439E+01 -1.7280E+02
  4.3519E-01  1.2657E+01  3.4750E+01  4.8991E-01  1.7465E+02  1.2439E+01 -1.7280E+02
  4.3743E-01  1.2665E+01  3.4750E+01  4.8991E-01  1.7465E+02  1.2439E+01 -1.7279E+02
  4.3967E-01  1.2672E+01  3.4750E+01  4.8991E-01  1.7465E+02  1.2439E+01 -1.7279E+02
  4.4192E-01  1.2680E+01  3.4750E+01  4.8991E-01  1.7465E+02  1.2439E+01 -1.7279E+02
  4.4416E-01  1.2687E+01  3.4750E+01  4.8990E-01  1.7465E+02  1.2439E+01 -1.7279E+02
  4.4640E-01  1.2694E+01  3.4750E+01  4.8990E-01  1.7464E+02  1.2439E+01 -1.7279E+02
  4.4865E-01  1.2702E+01  3.4750E+01  4.8990E-01  1.7464E+02  1.2439E+01 -1.7279E+02
  4.5089E-01  1.2709E+01  3.4750E+01  4.8990E-01  1.7464E+02  1.2439E+01 -1.7279E+02
  4.5313E-01  1.2717E+01  3.4750E+01  4.8990E-01  1.7464E+02  1.2439E+01 -1.7278E+02
  4.5538E-01  1.2724E+01  3.4750E+01  4.8989E-01  1.7464E+02  1.2439E+01 -1.7278E+02
  4.5762E-01  1.2732E+01  3.4750E+01  4.8989E-01  1.7464E+02  1.2439E+01 -1.7278E+02
  4.5986E-01  1.2739E+01  3.4750E+01  4.8989E-01  1.7464E+02  1.2438E+01 -1.7278E+02
  4.6211E-01  1.2747E+01  3.4750E+01  4.8989E-01  1.7463E+02  1.2438E+01 -1.7278E+02
  4.6435E-01  1.2754E+01  3.4750E+01  4.8988E-01  1.7463E+02  1.2438E+01 -1.7278E+02
  4.6659E-01  1.2762E+01  3.4750E+01  4.8988E-01  1.7463E+02  1.2438E+01 -1.7278E+02
  4.6884E-01  1.2769E+01  3.4750E+01  4.8988E-01  1.7463E+02  1.2438E+01 -1.7277E+02
  4.7108E-01  1.2777E+01  3.4750E+01  4.8988E-01  1.7463E+02  1.2438E+01 -1.7277E+02
  4.7332E-01  1.2784E+01  3.4750E+01  4.8987E-01  1.7463E+02  1.2438E+01 -1.7277E+02
  4.7557E-01  1.2792E+01  3.4750E+01  4.8987E-01  1.7463E+02  1.2438E+01 -1.7277E+02
  4.7781E-01  1.2799E+01  3.4750E+01  4.8987E-01  1.7463E+02  1.2438E+01 -1.7277E+02
  4.8005E-01  1.2807E+01  3.4750E+01  4.8987E-01  1.7462E+02  1.2438E+01 -1.7277E+02
  4.8230E-01  1.2814E+01  3.4750E+01  4.8987E-01  1.7462E+02  1.2438E+01 -1.7277E+02
  4.8454E-01  1.2822E+01  3.4750E+01  4.8986E-01  1.7462E+02  1.2438E+01 -1.7277E+02
  4.8678E-01  1.2829E+01  3.4750E+01  4.8986E-01  1.7462E+02  1.2438E+01 -1.7276E+02
  4.8903E-01  1.2837E+01  3.4750E+01  4.8986E-01  1.7462E+02  1.2438E+01 -1.7276E+02
  4.9127E-01  1.2844E+01  3.4750E+01  4.8986E-01  1.7462E+02  1.2438E+01 -1.7276E+02
  4.9351E-01  1.2852E+01  3.4750E+01  4.8985E-01  1.7462E+02  1.2438E+01 -1.7276E+02
  4.9576E-01  1.2859E+01  3.4750E+01  4.8985E-01  1.7461E+02  1.2438E+01 -1.7276E+02
  4.9800E-01  1.2867E+01  3.4750E+01  4.8985E-01  1.7461E+02  1.2438E+01 -1.7276E+02
  5.0024E-01  1.2874E+01  3.4750E+01  4.8985E-01  1.7461E+02  1.2438E+01 -1.7276E+02
  5.0249E-01  1.2882E+01  3.4750E+01  4.8984E-01  1.7461E+02  1.2438E+01 -1.7275E+02
  5.0473E-01  1.2889E+01  3.4750E+01  4.8984E-01  1.7461E+02  1.2438E+01 -1.7275E+02
  5.0697E-01  1.2897E+01  3.4750E+01  4.8984E-01  1.7461E+02  1.2438E+01 -1.7275E+02
  5.0922E-01  1.2904E+01  3.4750E+01  4.8984E-01  1.7461E+02  1.2438E+01 -1.7275E+02
  5.1146E-01  1.2911E+01  3.4750E+01  4.8984E-01  1.7461E+02  1.2437E+01 -1.7275E+02
  5.1370E-01  1.2919E+01  3.4750E+01  4.8983E-01  1.7460E+02  1.2437E+01 -1.7275E+02
  5.1594E-01  1.2926E+01  3.4750E+01  4.8983E-01  1.7460E+02  1.2437E+01 -1.7275E+02
  5.1819E-01  1.2934E+01  3.4750E+01  4.8983E-01  1.7460E+02  1.2437E+01 -1.7274E+02
  5.2043E-01  1.2941E+01  3.4750E+01  4.8983E-01  1.7460E+02  1.2437E+01 -1.7274E+02
  5.2267E-01  1.2949E+01  3.4750E+01  4.8982E-01  1.7460E+02  1.2437E+01 -1.7274E+02
  5.2492E-01  1.2956E+01  3.4750E+01  4.8982E-01  1.7460E+02  1.2437E+01 -1.7274E+02
  5.2716E-01  1.2964E+01  3.4750E+01  4.8982E-01  1.7460E+02  1.2437E+01 -1.7274E+02
  5.2940E-01  1.2971E+01  3.4750E+01  4.8982E-01  1.7459E+02  1.2437E+01 -1.7274E+02
  5.3165E-01  1.2979E+01  3.4750E+01  4.8981E-01  1.7459E+02  1.2437E+01 -1.7274E+02
  5.3389E-01  1.2986E+01  3.4750E+01  4.8981E-01  1.7459E+02  1.2437E+01 -1.7274E+02
  5.3613E-01  1.2994E+01  3.4750E+01  4.8981E-01  1.7459E+02  1.2437E+01 -1.7273E+02
  5.3838E-01  1.3001E+01  3.4750E+01  4.8981E-01  1.7459E+02  1.2437E+01 -1.7273E+02
  5.4062E-01  1.3009E+01  3.4750E+01  4.8981E-01  1.7459E+02  1.2437E+01 -1.7273E+02
  5.4286E-01  1.3016E+01  3.4750E+01  4.8980E-01  1.7459E+02  1.2437E+01 -1.7273E+02
  5.4511E-01  1.3024E+01  3.4750E+01  4.8980E-01  1.7459E+02  1.2437E+01 -1.7273E+02
  5.4735E-01  1.3031E+01  3.4750E+01  4.8980E-01  1.7458E+02  1.2437E+01 -1.7273E+02
  5.4959E-01  1.3039E+01  3.4750E+01  4.8980E-01  1.7458E+02  1.2437E+01 -1.7273E+02
  5.5184E-01  1.3046E+01  3.4750E+01  4.8979E-01  1.7458E+02  1.2437E+01 -1.7272E+02
  5.5408E-01  1.3054E+01  3.4750E+01  4.8979E-01  1.7458E+02  1.2437E+01 -1.7272E+02
  5.5632E-01  1.3061E+01  3.4750E+01  4.8979E-01  1.7458E+02  1.2437E+01 -1.7272E+02
  5.5857E-01  1.3069E+01  3.4750E+01  4.8979E-01  1.7458E+02  1.2436E+01 -1.7272E+02
  5.6081E-01  1.3076E+01  3.4750E+01  4.8978E-01  1.7458E+02  1.2436E+01 -1.7272E+02
  5.6305E-01  1.3084E+01  3.4750E+01  4.8978E-01  1.7457E+02  1.2436E+01 -1.7272E+02
  5.6530E-01  1.3091E+01  3.4750E+01  4.8978E-01  1.7457E+02  1.2436E+01 -1.7272E+02
  5.6754E-01  1.3099E+01  3.4750E+01  4.8978E-01  1.7457E+02  1.2436E+01 -1.7272E+02
  5.6978E-01  1.3106E+01  3.4750E+01  4.8977E-01  1.7457E+02  1.2436E+01 -1.7271E+02
  5.7203E-01  1.3114E+01  3.4750E+01  4.8977E-01  1.7457E+02  1.2436E+01 -1.7271E+02
  5.7427E-01  1.3121E+01  3.4750E+01  4.8977E-01  1.7457E+02  1.2436E+01 -1.7271E+02
  5.7651E-01  1.3129E+01  3.4750E+01  4.8977E-01  1.7457E+02  1.2436E+01 -1.7271E+02
  5.7876E-01  1.3136E+01  3.4750E+01  4.8977E-01  1.7457E+02  1.2436E+01 -1.7271E+02
  5.8100E-01  1.3143E+01  3.4750E+01  4.8976E-01  1.7456E+02  1.2436E+01 -1.7271E+02
  5.8324E-01  1.3151E+01  3.4750E+01  4.8976E-01  1.7456E+02  1.2436E+01 -1.7271E+02
  5.8549E-01  1.3158E+01  3.4750E+01  4.8976E-01  1.7456E+02  1.2436E+01 -1.7270E+02
  5.8773E-01  1.3166E+01  3.4750E+01  4.8976E-01  1.7456E+02  1.2436E+01 -1.7270E+02
  5.8997E-01  1.3173E+01  3.4750E+01  4.8975E-01  1.7456E+02  1.2436E+01 -1.7270E+02
  5.9221E-01  1.3181E+01  3.4750E+01  4.8975E-01  1.7456E+02  1.2436E+01 -1.7270E+02
  5.9446E-01  1.3188E+01  3.4750E+01  4.8975E-01  1.7456E+02  1.2436E+01 -1.7270E+02
  5.9670E-01  1.3196E+01  3.4750E+01  4.8975E-01  1.7455E+02  1.2436E+01 -1.7270E+02
  5.9894E-01  1.3203E+01  3.4750E+01  4.8974E-01  1.7455E+02  1.2436E+01 -1.7270E+02
  6.0119E-01  1.3211E+01  3.4750E+01  4.8974E-01  1.7455E+02  1.2435E+01 -1.7270E+02
  6.0343E-01  1.3218E+01  3.4750E+01  4.8974E-01  1.7455E+02  1.2435E+01 -1.7269E+02
  6.0567E-01  1.3226E+01  3.4750E+01  4.8974E-01  1.7455E+02  1.2435E+01 -1.7269E+02
  6.0792E-01  1.3233E+01  3.4750E+01  4.8974E-01  1.7455E+02  1.2435E+01 -1.7269E+02
  6.1016E-01  1.3241E+01  3.4750E+01  4.8973E-01  1.7455E+02  1.2435E+01 -1.7269E+02
  6.1240E-01  1.3248E+01  3.4750E+01  4.8973E-01  1.7455E+02  1.2435E+01 -1.7269E+02
  6.1465E-01  1.3256E+01  3.4750E+01  4.8973E-01  1.7454E+02  1.2435E+01 -1.7269E+02
  6.1689E-01  1.3263E+01  3.4750E+01  4.8973E-01  1.7454E+02  1.2435E+01 -1.7269E+02
  6.1913E-01  1.3271E+01  3.4750E+01  4.8972E-01  1.7454E+02  1.2435E+01 -1.7268E+02
  6.2138E-01  1.3278E+01  3.4750E+01  4.8972E-01  1.7454E+02  1.2435E+01 -1.7268E+02
  6.2362E-01  1.3286E+01  3.4750E+01  4.8972E-01  1.7454E+02  1.2435E+01 -1.7268E+02
  6.2586E-01  1.3293E+01  3.4750E+01  4.8972E-01  1.7454E+02  1.2435E+01 -1.7268E+02
  6.2811E-01  1.3301E+01  3.4750E+01  4.8971E-01  1.7454E+02  1.2435E+01 -1.7268E+02
  6.3035E-01  1.3308E+01  3.4750E+01  4.8971E-01  1.7454E+02  1.2435E+01 -1.7268E+02
  6.3259E-01  1.3316E+01  3.4750E+01  4.8971E-01  1.7453E+02  1.2435E+01 -1.7268E+02
  6.3484E-01  1.3323E+01  3.4750E+01  4.8971E-01  1.7453E+02  1.2435E+01 -1.7268E+02
  6.3708E-01  1.3331E+01  3.4750E+01  4.8971E-01  1.7453E+02  1.2435E+01 -1.7267E+02
  6.3932E-01  1.3338E+01  3.4750E+01  4.8970E-01  1.7453E+02  1.2435E+01 -1.7267E+02
  6.4157E-01  1.3346E+01  3.4750E+01  4.8970E-01  1.7453E+02  1.2434E+01 -1.7267E+02
  6.4381E-01  1.3353E+01  3.4750E+01  4.8970E-01  1.7453E+02  1.2434E+01 -1.7267E+02
  6.4605E-01  1.3360E+01  3.4750E+01  4.8970E-01  1.7453E+02  1.2434E+01 -1.7267E+02
  6.4830E-01  1.3368E+01  3.4750E+01  4.8969E-01  1.7452E+02  1.2434E+01 -1.7267E+02
  6.5054E-01  1.3375E+01  3.4750E+01  4.8969E-01  1.7452E+02  1.2434E+01 -1.7267E+02
  6.5278E-01  1.3383E+01  3.4750E+01  4.8969E-01  1.7452E+02  1.2434E+01 -1.7266E+02
  6.5503E-01  1.3390E+01  3.4750E+01  4.8969E-01  1.7452E+02  1.2434E+01 -1.7266E+02
  6.5727E-01  1.3398E+01  3.4750E+01  4.8968E-01  1.7452E+02  1.2434E+01 -1.7266E+02
  6.5951E-01  1.3405E+01  3.4750E+01  4.8968E-01  1.7452E+02  1.2434E+01 -1.7266E+02
  6.6176E-01  1.3413E+01  3.4750E+01  4.8968E-01  1.7452E+02  1.2434E+01 -1.7266E+02
  6.6400E-01  1.3420E+01  3.4750E+01  4.8968E-01  1.7452E+02  1.2434E+01 -1.7266E+02
  6.6624E-01  1.3428E+01  3.4750E+01  4.8968E-01  1.7451E+02  1.2434E+01 -1.7266E+02
  6.6848E-01  1.3435E+01  3.4750E+01  4.8967E-01  1.7451E+02  1.2434E+01 -1.7266E+02
  6.7073E-01  1.3443E+01  3.4750E+01  4.8967E-01  1.7451E+02  1.2434E+01 -1.7265E+02
  6.7297E-01  1.3450E+01  3.4750E+01  4.8967E-01  1.7451E+02  1.2434E+01 -1.7265E+02
  6.7521E-01  1.3458E+01  3.4750E+01  4.8967E-01  1.7451E+02  1.2434E+01 -1.7265E+02
  6.7746E-01  1.3465E+01  3.4750E+01  4.8966E-01  1.7451E+02  1.2434E+01 -1.7265E+02
  6.7970E-01  1.3473E+01  3.4750E+01  4.8966E-01  1.7451E+02  1.2434E+01 -1.7265E+02
  6.8194E-01  1.3480E+01  3.4750E+01  4.8966E-01  1.7451E+02  1.2434E+01 -1.7265E+02
  6.8419E-01  1.3488E+01  3.4750E+01  4.8966E-01  1.7450E+02  1.2433E+01 -1.7265E+02
  6.8643E-01  1.3495E+01  3.4750E+01  4.8965E-01  1.7450E+02  1.2433E+01 -1.7265E+02
  6.8867E-01  1.3503E+01  3.4750E+01  4.8965E-01  1.7450E+02  1.2433E+01 -1.7264E+02
  6.9092E-01  1.3510E+01  3.4750E+01  4.8965E-01  1.7450E+02  1.2433E+01 -1.7264E+02
  6.9316E-01  1.3518E+01  3.4750E+01  4.8965E-01  1.7450E+02  1.2433E+01 -1.7264E+02
  6.9540E-01  1.3525E+01  3.4750E+01  4.8965E-01  1.7450E+02  1.2433E+01 -1.7264E+02
  6.9765E-01  1.3533E+01  3.4750E+01  4.8964E-01  1.7450E+02  1.2433E+01 -1.7264E+02
  6.9989E-01  1.3540E+01  3.4750E+01  4.8964E-01  1.7449E+02  1.2433E+01 -1.7264E+02
  7.0213E-01  1.3548E+01  3.4750E+01  4.8964E-01  1.7449E+02  1.2433E+01 -1.7264E+02
  7.0438E-01  1.3555E+01  3.4750E+01  4.8964E-01  1.7449E+02  1.2433E+01 -1.7263E+02
  7.0662E-01  1.3563E+01  3.4750E+01  4.8963E-01  1.7449E+02  1.2433E+01 -1.7263E+02
  7.0886E-01  1.3570E+01  3.4750E+01  4.8963E-01  1.7449E+02  1.2433E+01 -1.7263E+02
  7.1111E-01  1.3578E+01  3.4750E+01  4.8963E-01  1.7449E+02  1.2433E+01 -1.7263E+02
  7.1335E-01  1.3585E+01  3.4750E+01  4.8963E-01  1.7449E+02  1.2433E+01 -1.7263E+02
  7.1559E-01  1.3592E+01  3.4750E+01  4.8962E-01  1.7449E+02  1.2433E+01 -1.7263E+02
  7.1784E-01  1.3600E+01  3.4750E+01  4.8962E-01  1.7448E+02  1.2433E+01 -1.7263E+02
  7.1836E-01  1.3602E+01  3.4750E+01  4.8962E-01  1.7448E+02  1.2433E+01 -1.7263E+02
  7.2004E-01  1.3607E+01  3.4750E+01  4.8962E-01  1.7448E+02  1.2433E+01 -1.7263E+02
  7.2232E-01  1.3615E+01  3.4750E+01  4.8962E-01  1.7448E+02  1.2433E+01 -1.7262E+02
  7.2457E-01  1.3622E+01  3.4750E+01  4.8962E-01  1.7448E+02  1.2432E+01 -1.7262E+02
  7.2681E-01  1.3630E+01  3.4750E+01  4.8961E-01  1.7448E+02  1.2432E+01 -1.7262E+02
  7.2905E-01  1.3637E+01  3.4750E+01  4.8961E-01  1.7448E+02  1.2432E+01 -1.7262E+02
  7.3130E-01  1.3645E+01  3.4750E+01  4.8961E-01  1.7448E+02  1.2432E+01 -1.7262E+02
  7.3354E-01  1.3652E+01  3.4750E+01  4.8961E-01  1.7448E+02  1.2432E+01 -1.7262E+02
  7.3578E-01  1.3660E+01  3.4750E+01  4.8960E-01  1.7447E+02  1.2432E+01 -1.7262E+02
  7.3803E-01  1.3667E+01  3.4750E+01  4.8960E-01  1.7447E+02  1.2432E+01 -1.7261E+02
  7.4027E-01  1.3675E+01  3.4750E+01  4.8960E-01  1.7447E+02  1.2432E+01 -1.7261E+02
  7.4251E-01  1.3682E+01  3.4750E+01  4.8960E-01  1.7447E+02  1.2432E+01 -1.7261E+02
  7.4476E-01  1.3690E+01  3.4750E+01  4.8959E-01  1.7447E+02  1.2432E+01 -1.7261E+02
  7.4700E-01  1.3697E+01  3.4750E+01  4.8959E-01  1.7447E+02  1.2432E+01 -1.7261E+02
  7.4924E-01  1.3705E+01  3.4750E+01  4.8959E-01  1.7447E+02  1.2432E+01 -1.7261E+02
  7.5148E-01  1.3712E+01  3.4750E+01  4.8959E-01  1.7446E+02  1.2432E+01 -1.7261E+02
  7.5373E-01  1.3720E+01  3.4750E+01  4.8959E-01  1.7446E+02  1.2432E+01 -1.7261E+02
  7.5597E-01  1.3727E+01  3.4750E+01  4.8958E-01  1.7446E+02  1.2432E+01 -1.7260E+02
  7.5821E-01  1.3735E+01  3.4750E+01  4.8958E-01  1.7446E+02  1.2432E+01 -1.7260E+02
  7.6046E-01  1.3742E+01  3.4750E+01  4.8958E-01  1.7446E+02  1.2432E+01 -1.7260E+02
  7.6270E-01  1.3750E+01  3.4750E+01  4.8958E-01  1.7446E+02  1.2432E+01 -1.7260E+02
  7.6494E-01  1.3757E+01  3.4750E+01  4.8957E-01  1.7446E+02  1.2431E+01 -1.7260E+02
  7.6719E-01  1.3765E+01  3.4750E+01  4.8957E-01  1.7446E+02  1.2431E+01 -1.7260E+02
  7.6943E-01  1.3772E+01  3.4750E+01  4.8957E-01  1.7445E+02  1.2431E+01 -1.7260E+02
  7.7167E-01  1.3780E+01  3.4750E+01  4.8957E-01  1.7445E+02  1.2431E+01 -1.7260E+02
  7.7392E-01  1.3787E+01  3.4750E+01  4.8956E-01  1.7445E+02  1.2431E+01 -1.7259E+02
  7.7616E-01  1.3795E+01  3.4750E+01  4.8956E-01  1.7445E+02  1.2431E+01 -1.7259E+02
  7.7840E-01  1.3802E+01  3.4750E+01  4.8956E-01  1.7445E+02  1.2431E+01 -1.7259E+02
  7.8065E-01  1.3809E+01  3.4750E+01  4.8956E-01  1.7445E+02  1.2431E+01 -1.7259E+02
  7.8289E-01  1.3817E+01  3.4750E+01  4.8955E-01  1.7445E+02  1.2431E+01 -1.7259E+02
  7.8513E-01  1.3824E+01  3.4750E+01  4.8955E-01  1.7445E+02  1.2431E+01 -1.7259E+02
  7.8738E-01  1.3832E+01  3.4750E+01  4.8955E-01  1.7444E+02  1.2431E+01 -1.7259E+02
  7.8962E-01  1.3839E+01  3.4750E+01  4.8955E-01  1.7444E+02  1.2431E+01 -1.7258E+02
  7.9186E-01  1.3847E+01  3.4750E+01  4.8955E-01  1.7444E+02  1.2431E+01 -1.7258E+02
  7.9411E-01  1.3854E+01  3.4750E+01  4.8954E-01  1.7444E+02  1.2431E+01 -1.7258E+02
  7.9635E-01  1.3862E+01  3.4750E+01  4.8954E-01  1.7444E+02  1.2431E+01 -1.7258E+02
  7.9859E-01  1.3869E+01  3.4750E+01  4.8954E-01  1.7444E+02  1.2431E+01 -1.7258E+02
  8.0084E-01  1.3877E+01  3.4750E+01  4.8954E-01  1.7444E+02  1.2431E+01 -1.7258E+02
  8.0308E-01  1.3884E+01  3.4750E+01  4.8953E-01  1.7443E+02  1.2431E+01 -1.7258E+02
  8.0532E-01  1.3892E+01  3.4750E+01  4.8953E-01  1.7443E+02  1.2431E+01 -1.7258E+02
  8.0757E-01  1.3899E+01  3.4750E+01  4.8953E-01  1.7443E+02  1.2430E+01 -1.7257E+02
  8.0981E-01  1.3907E+01  3.4750E+01  4.8953E-01  1.7443E+02  1.2430E+01 -1.7257E+02
  8.1205E-01  1.3914E+01  3.4750E+01  4.8952E-01  1.7443E+02  1.2430E+01 -1.7257E+02
  8.1430E-01  1.3922E+01  3.4750E+01  4.8952E-01  1.7443E+02  1.2430E+01 -1.7257E+02
  8.1654E-01  1.3929E+01  3.4750E+01  4.8952E-01  1.7443E+02  1.2430E+01 -1.7257E+02
  8.1878E-01  1.3937E+01  3.4750E+01  4.8952E-01  1.7443E+02  1.2430E+01 -1.7257E+02
  8.2103E-01  1.3944E+01  3.4750E+01  4.8952E-01  1.7442E+02  1.2430E+01 -1.7257E+02
  8.2327E-01  1.3952E+01  3.4750E+01  4.8951E-01  1.7442E+02  1.2430E+01 -1.7256E+02
  8.2551E-01  1.3959E+01  3.4750E+01  4.8951E-01  1.7442E+02  1.2430E+01 -1.7256E+02
  8.2775E-01  1.3967E+01  3.4750E+01  4.8951E-01  1.7442E+02  1.2430E+01 -1.7256E+02
  8.3000E-01  1.3974E+01  3.4750E+01  4.8951E-01  1.7442E+02  1.2430E+01 -1.7256E+02
  8.3224E-01  1.3982E+01  3.4750E+01  4.8950E-01  1.7442E+02  1.2430E+01 -1.7256E+02
  8.3448E-01  1.3989E+01  3.4750E+01  4.8950E-01  1.7442E+02  1.2430E+01 -1.7256E+02
  8.3673E-01  1.3997E+01  3.4750E+01  4.8950E-01  1.7442E+02  1.2430E+01 -1.7256E+02
  8.3897E-01  1.4004E+01  3.4750E+01  4.8950E-01  1.7441E+02  1.2430E+01 -1.7256E+02
  8.4121E-01  1.4012E+01  3.4750E+01  4.8949E-01  1.7441E+02  1.2430E+01 -1.7255E+02
  8.4346E-01  1.4019E+01  3.4750E+01  4.8949E-01  1.7441E+02  1.2430E+01 -1.7255E+02
  8.4570E-01  1.4027E+01  3.4750E+01  4.8949E-01  1.7441E+02  1.2430E+01 -1.7255E+02
  8.4794E-01  1.4034E+01  3.4750E+01  4.8949E-01  1.7441E+02  1.2429E+01 -1.7255E+02
  8.5019E-01  1.4041E+01  3.4750E+01  4.8949E-01  1.7441E+02  1.2429E+01 -1.7255E+02
  8.5243E-01  1.4049E+01  3.4750E+01  4.8948E-01  1.7441E+02  1.2429E+01 -1.7255E+02
  8.5467E-01  1.4056E+01  3.4750E+01  4.8948E-01  1.7440E+02  1.2429E+01 -1.7255E+02
  8.5692E-01  1.4064E+01  3.4750E+01  4.8948E-01  1.7440E+02  1.2429E+01 -1.7254E+02
  8.5916E-01  1.4071E+01  3.4750E+01  4.8948E-01  1.7440E+02  1.2429E+01 -1.7254E+02
  8.6140E-01  1.4079E+01  3.4750E+01  4.8947E-01  1.7440E+02  1.2429E+01 -1.7254E+02
  8.6365E-01  1.4086E+01  3.4750E+01  4.8947E-01  1.7440E+02  1.2429E+01 -1.7254E+02
  8.6589E-01  1.4094E+01  3.4750E+01  4.8947E-01  1.7440E+02  1.2429E+01 -1.7254E+02
  8.6813E-01  1.4101E+01  3.4750E+01  4.8947E-01  1.7440E+02  1.2429E+01 -1.7254E+02
  8.7038E-01  1.4109E+01  3.4750E+01  4.8946E-01  1.7440E+02  1.2429E+01 -1.7254E+02
  8.7262E-01  1.4116E+01  3.4750E+01  4.8946E-01  1.7439E+02  1.2429E+01 -1.7254E+02
  8.7486E-01  1.4124E+01  3.4750E+01  4.8946E-01  1.7439E+02  1.2429E+01 -1.7253E+02
  8.7711E-01  1.4131E+01  3.4750E+01  4.8946E-01  1.7439E+02  1.2429E+01 -1.7253E+02
  8.7935E-01  1.4139E+01  3.4750E+01  4.8946E-01  1.7439E+02  1.2429E+01 -1.7253E+02
  8.8159E-01  1.4146E+01  3.4750E+01  4.8945E-01  1.7439E+02  1.2429E+01 -1.7253E+02
  8.8384E-01  1.4154E+01  3.4750E+01  4.8945E-01  1.7439E+02  1.2429E+01 -1.7253E+02
  8.8608E-01  1.4161E+01  3.4750E+01  4.8945E-01  1.7439E+02  1.2429E+01 -1.7253E+02
  8.8832E-01  1.4169E+01  3.4750E+01  4.8945E-01  1.7439E+02  1.2429E+01 -1.7253E+02
  8.9057E-01  1.4176E+01  3.4750E+01  4.8944E-01  1.7438E+02  1.2428E+01 -1.7253E+02
  8.9281E-01  1.4184E+01  3.4750E+01  4.8944E-01  1.7438E+02  1.2428E+01 -1.7252E+02
  8.9505E-01  1.4191E+01  3.4750E+01  4.8944E-01  1.7438E+02  1.2428E+01 -1.7252E+02
  8.9730E-01  1.4199E+01  3.4750E+01  4.8944E-01  1.7438E+02  1.2428E+01 -1.7252E+02
  8.9954E-01  1.4206E+01  3.4750E+01  4.8943E-01  1.7438E+02  1.2428E+01 -1.7252E+02
  9.0178E-01  1.4214E+01  3.4750E+01  4.8943E-01  1.7438E+02  1.2428E+01 -1.7252E+02
  9.0402E-01  1.4221E+01  3.4750E+01  4.8943E-01  1.7438E+02  1.2428E+01 -1.7252E+02
  9.0627E-01  1.4229E+01  3.4750E+01  4.8943E-01  1.7437E+02  1.2428E+01 -1.7252E+02
  9.0851E-01  1.4236E+01  3.4750E+01  4.8943E-01  1.7437E+02  1.2428E+01 -1.7251E+02
  9.1075E-01  1.4244E+01  3.4750E+01  4.8942E-01  1.7437E+02  1.2428E+01 -1.7251E+02
  9.1300E-01  1.4251E+01  3.4750E+01  4.8942E-01  1.7437E+02  1.2428E+01 -1.7251E+02
  9.1524E-01  1.4259E+01  3.4750E+01  4.8942E-01  1.7437E+02  1.2428E+01 -1.7251E+02
  9.1748E-01  1.4266E+01  3.4750E+01  4.8942E-01  1.7437E+02  1.2428E+01 -1.7251E+02
  9.1973E-01  1.4273E+01  3.4750E+01  4.8941E-01  1.7437E+02  1.2428E+01 -1.7251E+02
  9.2197E-01  1.4281E+01  3.4750E+01  4.8941E-01  1.7437E+02  1.2428E+01 -1.7251E+02
  9.2421E-01  1.4288E+01  3.4750E+01  4.8941E-01  1.7436E+02  1.2428E+01 -1.7251E+02
  9.2646E-01  1.4296E+01  3.4750E+01  4.8941E-01  1.7436E+02  1.2428E+01 -1.7250E+02
  9.2870E-01  1.4303E+01  3.4750E+01  4.8940E-01  1.7436E+02  1.2428E+01 -1.7250E+02
  9.3094E-01  1.4311E+01  3.4750E+01  4.8940E-01  1.7436E+02  1.2427E+01 -1.7250E+02
  9.3319E-01  1.4318E+01  3.4750E+01  4.8940E-01  1.7436E+02  1.2427E+01 -1.7250E+02
  9.3543E-01  1.4326E+01  3.4750E+01  4.8940E-01  1.7436E+02  1.2427E+01 -1.7250E+02
  9.3767E-01  1.4333E+01  3.4750E+01  4.8940E-01  1.7436E+02  1.2427E+01 -1.7250E+02
  9.3992E-01  1.4341E+01  3.4750E+01  4.8939E-01  1.7436E+02  1.2427E+01 -1.7250E+02
  9.4216E-01  1.4348E+01  3.4750E+01  4.8939E-01  1.7435E+02  1.2427E+01 -1.7250E+02
  9.4440E-01  1.4356E+01  3.4750E+01  4.8939E-01  1.7435E+02  1.2427E+01 -1.7249E+02
  9.4665E-01  1.4363E+01  3.4750E+01  4.8939E-01  1.7435E+02  1.2427E+01 -1.7249E+02
  9.4889E-01  1.4371E+01  3.4750E+01  4.8938E-01  1.7435E+02  1.2427E+01 -1.7249E+02
  9.5113E-01  1.4378E+01  3.4750E+01  4.8938E-01  1.7435E+02  1.2427E+01 -1.7249E+02
  9.5338E-01  1.4386E+01  3.4750E+01  4.8938E-01  1.7435E+02  1.2427E+01 -1.7249E+02
  9.5562E-01  1.4393E+01  3.4750E+01  4.8938E-01  1.7435E+02  1.2427E+01 -1.7249E+02
  9.5786E-01  1.4401E+01  3.4750E+01  4.8937E-01  1.7435E+02  1.2427E+01 -1.7249E+02
  9.6011E-01  1.4408E+01  3.4750E+01  4.8937E-01  1.7434E+02  1.2427E+01 -1.7248E+02
  9.6235E-01  1.4416E+01  3.4750E+01  4.8937E-01  1.7434E+02  1.2427E+01 -1.7248E+02
  9.6459E-01  1.4423E+01  3.4750E+01  4.8937E-01  1.7434E+02  1.2427E+01 -1.7248E+02
  9.6684E-01  1.4431E+01  3.4750E+01  4.8937E-01  1.7434E+02  1.2427E+01 -1.7248E+02
  9.6908E-01  1.4438E+01  3.4750E+01  4.8936E-01  1.7434E+02  1.2427E+01 -1.7248E+02
  9.7132E-01  1.4446E+01  3.4750E+01  4.8936E-01  1.7434E+02  1.2426E+01 -1.7248E+02
  9.7357E-01  1.4453E+01  3.4750E+01  4.8936E-01  1.7434E+02  1.2426E+01 -1.7248E+02
  9.7581E-01  1.4461E+01  3.4750E+01  4.8936E-01  1.7433E+02  1.2426E+01 -1.7248E+02
  9.7805E-01  1.4468E+01  3.4750E+01  4.8935E-01  1.7433E+02  1.2426E+01 -1.7247E+02
  9.8030E-01  1.4476E+01  3.4750E+01  4.8935E-01  1.7433E+02  1.2426E+01 -1.7247E+02
  9.8254E-01  1.4483E+01  3.4750E+01  4.8935E-01  1.7433E+02  1.2426E+01 -1.7247E+02
  9.8478E-01  1.4490E+01  3.4750E+01  4.8935E-01  1.7433E+02  1.2426E+01 -1.7247E+02
  9.8702E-01  1.4498E+01  3.4750E+01  4.8934E-01  1.7433E+02  1.2426E+01 -1.7247E+02
  9.8927E-01  1.4505E+01  3.4750E+01  4.8934E-01  1.7433E+02  1.2426E+01 -1.7247E+02
  9.9151E-01  1.4513E+01  3.4750E+01  4.8934E-01  1.7433E+02  1.2426E+01 -1.7247E+02
  9.9375E-01  1.4520E+01  3.4750E+01  4.8934E-01  1.7432E+02  1.2426E+01 -1.7246E+02
  9.9600E-01  1.4528E+01  3.4750E+01  4.8934E-01  1.7432E+02  1.2426E+01 -1.7246E+02
  9.9824E-01  1.4535E+01  3.4750E+01  4.8933E-01  1.7432E+02  1.2426E+01 -1.7246E+02
  1.0005E+00  1.4543E+01  3.4750E+01  4.8933E-01  1.7432E+02  1.2426E+01 -1.7246E+02
  1.0027E+00  1.4550E+01  3.4750E+01  4.8933E-01  1.7432E+02  1.2426E+01 -1.7246E+02
  1.0050E+00  1.4558E+01  3.4750E+01  4.8933E-01  1.7432E+02  1.2426E+01 -1.7246E+02
  1.0072E+00  1.4565E+01  3.4750E+01  4.8932E-01  1.7432E+02  1.2426E+01 -1.7246E+02
  1.0095E+00  1.4573E+01  3.4750E+01  4.8932E-01  1.7432E+02  1.2426E+01 -1.7246E+02
  1.0117E+00  1.4580E+01  3.4750E+01  4.8932E-01  1.7431E+02  1.2426E+01 -1.7245E+02
  1.0139E+00  1.4588E+01  3.4750E+01  4.8932E-01  1.7431E+02  1.2425E+01 -1.7245E+02
  1.0162E+00  1.4595E+01  3.4750E+01  4.8931E-01  1.7431E+02  1.2425E+01 -1.7245E+02
  1.0184E+00  1.4603E+01  3.4750E+01  4.8931E-01  1.7431E+02  1.2425E+01 -1.7245E+02
  1.0207E+00  1.4610E+01  3.4750E+01  4.8931E-01  1.7431E+02  1.2425E+01 -1.7245E+02
  1.0229E+00  1.4618E+01  3.4750E+01  4.8931E-01  1.7431E+02  1.2425E+01 -1.7245E+02
  1.0252E+00  1.4625E+01  3.4750E+01  4.8931E-01  1.7431E+02  1.2425E+01 -1.7245E+02
  1.0274E+00  1.4633E+01  3.4750E+01  4.8930E-01  1.7430E+02  1.2425E+01 -1.7245E+02
  1.0296E+00  1.4640E+01  3.4750E+01  4.8930E-01  1.7430E+02  1.2425E+01 -1.7244E+02
  1.0319E+00  1.4648E+01  3.4750E+01  4.8930E-01  1.7430E+02  1.2425E+01 -1.7244E+02
  1.0341E+00  1.4655E+01  3.4750E+01  4.8930E-01  1.7430E+02  1.2425E+01 -1.7244E+02
  1.0364E+00  1.4663E+01  3.4750E+01  4.8929E-01  1.7430E+02  1.2425E+01 -1.7244E+02
  1.0386E+00  1.4670E+01  3.4750E+01  4.8929E-01  1.7430E+02  1.2425E+01 -1.7244E+02
  1.0409E+00  1.4678E+01  3.4750E+01  4.8929E-01  1.7430E+02  1.2425E+01 -1.7244E+02
  1.0431E+00  1.4685E+01  3.4750E+01  4.8929E-01  1.7430E+02  1.2425E+01 -1.7244E+02
  1.0453E+00  1.4693E+01  3.4750E+01  4.8928E-01  1.7429E+02  1.2425E+01 -1.7243E+02
  1.0476E+00  1.4700E+01  3.4750E+01  4.8928E-01  1.7429E+02  1.2425E+01 -1.7243E+02
  1.0498E+00  1.4708E+01  3.4750E+01  4.8928E-01  1.7429E+02  1.2425E+01 -1.7243E+02
  1.0521E+00  1.4715E+01  3.4750E+01  4.8928E-01  1.7429E+02  1.2425E+01 -1.7243E+02
  1.0543E+00  1.4722E+01  3.4750E+01  4.8928E-01  1.7429E+02  1.2424E+01 -1.7243E+02
  1.0566E+00  1.4730E+01  3.4750E+01  4.8927E-01  1.7429E+02  1.2424E+01 -1.7243E+02
  1.0588E+00  1.4737E+01  3.4750E+01  4.8927E-01  1.7429E+02  1.2424E+01 -1.7243E+02
  1.0611E+00  1.4745E+01  3.4750E+01  4.8927E-01  1.7429E+02  1.2424E+01 -1.7243E+02
  1.0633E+00  1.4752E+01  3.4750E+01  4.8927E-01  1.7428E+02  1.2424E+01 -1.7242E+02
  1.0655E+00  1.4760E+01  3.4750E+01  4.8926E-01  1.7428E+02  1.2424E+01 -1.7242E+02
  1.0678E+00  1.4767E+01  3.4750E+01  4.8926E-01  1.7428E+02  1.2424E+01 -1.7242E+02
  1.0700E+00  1.4775E+01  3.4750E+01  4.8926E-01  1.7428E+02  1.2424E+01 -1.7242E+02
  1.0723E+00  1.4782E+01  3.4750E+01  4.8926E-01  1.7428E+02  1.2424E+01 -1.7242E+02
  1.0745E+00  1.4790E+01  3.4750E+01  4.8925E-01  1.7428E+02  1.2424E+01 -1.7242E+02
  1.0768E+00  1.4797E+01  3.4750E+01  4.8925E-01  1.7428E+02  1.2424E+01 -1.7242E+02
  1.0790E+00  1.4805E+01  3.4750E+01  4.8925E-01  1.7428E+02  1.2424E+01 -1.7242E+02
  1.0812E+00  1.4812E+01  3.4750E+01  4.8925E-01  1.7427E+02  1.2424E+01 -1.7241E+02
  1.0835E+00  1.4820E+01  3.4750E+01  4.8924E-01  1.7427E+02  1.2424E+01 -1.7241E+02
  1.0857E+00  1.4827E+01  3.4750E+01  4.8924E-01  1.7427E+02  1.2424E+01 -1.7241E+02
  1.0880E+00  1.4835E+01  3.4750E+01  4.8924E-01  1.7427E+02  1.2424E+01 -1.7241E+02
  1.0902E+00  1.4842E+01  3.4750E+01  4.8924E-01  1.7427E+02  1.2424E+01 -1.7241E+02
  1.0925E+00  1.4850E+01  3.4750E+01  4.8924E-01  1.7427E+02  1.2424E+01 -1.7241E+02
  1.0947E+00  1.4857E+01  3.4750E+01  4.8923E-01  1.7427E+02  1.2423E+01 -1.7241E+02
  1.0969E+00  1.4865E+01  3.4750E+01  4.8923E-01  1.7426E+02  1.2423E+01 -1.7240E+02
  1.0992E+00  1.4872E+01  3.4750E+01  4.8923E-01  1.7426E+02  1.2423E+01 -1.7240E+02
  1.1014E+00  1.4880E+01  3.4750E+01  4.8923E-01  1.7426E+02  1.2423E+01 -1.7240E+02
  1.1037E+00  1.4887E+01  3.4750E+01  4.8922E-01  1.7426E+02  1.2423E+01 -1.7240E+02
  1.1059E+00  1.4895E+01  3.4750E+01  4.8922E-01  1.7426E+02  1.2423E+01 -1.7240E+02
  1.1082E+00  1.4902E+01  3.4750E+01  4.8922E-01  1.7426E+02  1.2423E+01 -1.7240E+02
  1.1104E+00  1.4910E+01  3.4750E+01  4.8922E-01  1.7426E+02  1.2423E+01 -1.7240E+02
  1.1126E+00  1.4917E+01  3.4750E+01  4.8921E-01  1.7426E+02  1.2423E+01 -1.7240E+02
  1.1149E+00  1.4925E+01  3.4750E+01  4.8921E-01  1.7425E+02  1.2423E+01 -1.7239E+02
  1.1171E+00  1.4932E+01  3.4750E+01  4.8921E-01  1.7425E+02  1.2423E+01 -1.7239E+02
  1.1194E+00  1.4939E+01  3.4750E+01  4.8921E-01  1.7425E+02  1.2423E+01 -1.7239E+02
  1.1216E+00  1.4947E+01  3.4750E+01  4.8921E-01  1.7425E+02  1.2423E+01 -1.7239E+02
  1.1239E+00  1.4954E+01  3.4750E+01  4.8920E-01  1.7425E+02  1.2423E+01 -1.7239E+02
  1.1261E+00  1.4962E+01  3.4750E+01  4.8920E-01  1.7425E+02  1.2423E+01 -1.7239E+02
  1.1283E+00  1.4969E+01  3.4750E+01  4.8920E-01  1.7425E+02  1.2423E+01 -1.7239E+02
  1.1306E+00  1.4977E+01  3.4750E+01  4.8920E-01  1.7425E+02  1.2423E+01 -1.7238E+02
  1.1328E+00  1.4984E+01  3.4750E+01  4.8919E-01  1.7424E+02  1.2423E+01 -1.7238E+02
  1.1351E+00  1.4992E+01  3.4750E+01  4.8919E-01  1.7424E+02  1.2423E+01 -1.7238E+02
  1.1373E+00  1.4999E+01  3.4750E+01  4.8919E-01  1.7424E+02  1.2422E+01 -1.7238E+02
  1.1396E+00  1.5007E+01  3.4750E+01  4.8919E-01  1.7424E+02  1.2422E+01 -1.7238E+02
  1.1418E+00  1.5014E+01  3.4750E+01  4.8918E-01  1.7424E+02  1.2422E+01 -1.7238E+02
  1.1441E+00  1.5022E+01  3.4750E+01  4.8918E-01  1.7424E+02  1.2422E+01 -1.7238E+02
  1.1463E+00  1.5029E+01  3.4750E+01  4.8918E-01  1.7424E+02  1.2422E+01 -1.7238E+02
  1.1485E+00  1.5037E+01  3.4750E+01  4.8918E-01  1.7423E+02  1.2422E+01 -1.7237E+02
  1.1508E+00  1.5044E+01  3.4750E+01  4.8918E-01  1.7423E+02  1.2422E+01 -1.7237E+02
  1.1530E+00  1.5052E+01  3.4750E+01  4.8917E-01  1.7423E+02  1.2422E+01 -1.7237E+02
  1.1553E+00  1.5059E+01  3.4750E+01  4.8917E-01  1.7423E+02  1.2422E+01 -1.7237E+02
  1.1575E+00  1.5067E+01  3.4750E+01  4.8917E-01  1.7423E+02  1.2422E+01 -1.7237E+02
  1.1598E+00  1.5074E+01  3.4750E+01  4.8917E-01  1.7423E+02  1.2422E+01 -1.7237E+02
  1.1620E+00  1.5082E+01  3.4750E+01  4.8916E-01  1.7423E+02  1.2422E+01 -1.7237E+02
  1.1642E+00  1.5089E+01  3.4750E+01  4.8916E-01  1.7423E+02  1.2422E+01 -1.7237E+02
  1.1665E+00  1.5097E+01  3.4750E+01  4.8916E-01  1.7422E+02  1.2422E+01 -1.7236E+02
  1.1687E+00  1.5104E+01  3.4750E+01  4.8916E-01  1.7422E+02  1.2422E+01 -1.7236E+02
  1.1710E+00  1.5112E+01  3.4750E+01  4.8915E-01  1.7422E+02  1.2422E+01 -1.7236E+02
  1.1732E+00  1.5119E+01  3.4750E+01  4.8915E-01  1.7422E+02  1.2422E+01 -1.7236E+02
  1.1755E+00  1.5127E+01  3.4750E+01  4.8915E-01  1.7422E+02  1.2422E+01 -1.7236E+02
  1.1777E+00  1.5134E+01  3.4750E+01  4.8915E-01  1.7422E+02  1.2421E+01 -1.7236E+02
  1.1799E+00  1.5142E+01  3.4750E+01  4.8915E-01  1.7422E+02  1.2421E+01 -1.7236E+02
  1.1822E+00  1.5149E+01  3.4750E+01  4.8914E-01  1.7422E+02  1.2421E+01 -1.7235E+02
  1.1844E+00  1.5157E+01  3.4750E+01  4.8914E-01  1.7421E+02  1.2421E+01 -1.7235E+02
  1.1867E+00  1.5164E+01  3.4750E+01  4.8914E-01  1.7421E+02  1.2421E+01 -1.7235E+02
  1.1889E+00  1.5171E+01  3.4750E+01  4.8914E-01  1.7421E+02  1.2421E+01 -1.7235E+02
  1.1912E+00  1.5179E+01  3.4750E+01  4.8913E-01  1.7421E+02  1.2421E+01 -1.7235E+02
  1.1934E+00  1.5186E+01  3.4750E+01  4.8913E-01  1.7421E+02  1.2421E+01 -1.7235E+02
  1.1956E+00  1.5194E+01  3.4750E+01  4.8913E-01  1.7421E+02  1.2421E+01 -1.7235E+02
  1.1979E+00  1.5201E+01  3.4750E+01  4.8913E-01  1.7421E+02  1.2421E+01 -1.7235E+02
  1.2001E+00  1.5209E+01  3.4750E+01  4.8912E-01  1.7421E+02  1.2421E+01 -1.7234E+02
  1.2024E+00  1.5216E+01  3.4750E+01  4.8912E-01  1.7420E+02  1.2421E+01 -1.7234E+02
  1.2046E+00  1.5224E+01  3.4750E+01  4.8912E-01  1.7420E+02  1.2421E+01 -1.7234E+02
  1.2069E+00  1.5231E+01  3.4750E+01  4.8912E-01  1.7420E+02  1.2421E+01 -1.7234E+02
  1.2091E+00  1.5239E+01  3.4750E+01  4.8912E-01  1.7420E+02  1.2421E+01 -1.7234E+02
  1.2113E+00  1.5246E+01  3.4750E+01  4.8911E-01  1.7420E+02  1.2421E+01 -1.7234E+02
  1.2136E+00  1.5254E+01  3.4750E+01  4.8911E-01  1.7420E+02  1.2421E+01 -1.7234E+02
  1.2158E+00  1.5261E+01  3.4750E+01  4.8911E-01  1.7420E+02  1.2421E+01 -1.7234E+02
  1.2181E+00  1.5269E+01  3.4750E+01  4.8911E-01  1.7419E+02  1.2421E+01 -1.7233E+02
  1.2203E+00  1.5276E+01  3.4750E+01  4.8910E-01  1.7419E+02  1.2420E+01 -1.7233E+02
  1.2226E+00  1.5284E+01  3.4750E+01  4.8910E-01  1.7419E+02  1.2420E+01 -1.7233E+02
  1.2248E+00  1.5291E+01  3.4750E+01  4.8910E-01  1.7419E+02  1.2420E+01 -1.7233E+02
  1.2271E+00  1.5299E+01  3.4750E+01  4.8910E-01  1.7419E+02  1.2420E+01 -1.7233E+02
  1.2293E+00  1.5306E+01  3.4750E+01  4.8909E-01  1.7419E+02  1.2420E+01 -1.7233E+02
  1.2315E+00  1.5314E+01  3.4750E+01  4.8909E-01  1.7419E+02  1.2420E+01 -1.7233E+02
  1.2338E+00  1.5321E+01  3.4750E+01  4.8909E-01  1.7419E+02  1.2420E+01 -1.7232E+02
  1.2360E+00  1.5329E+01  3.4750E+01  4.8909E-01  1.7418E+02  1.2420E+01 -1.7232E+02
  1.2383E+00  1.5336E+01  3.4750E+01  4.8909E-01  1.7418E+02  1.2420E+01 -1.7232E+02
  1.2405E+00  1.5344E+01  3.4750E+01  4.8908E-01  1.7418E+02  1.2420E+01 -1.7232E+02
  1.2428E+00  1.5351E+01  3.4750E+01  4.8908E-01  1.7418E+02  1.2420E+01 -1.7232E+02
  1.2450E+00  1.5359E+01  3.4750E+01  4.8908E-01  1.7418E+02  1.2420E+01 -1.7232E+02
  1.2472E+00  1.5366E+01  3.4750E+01  4.8908E-01  1.7418E+02  1.2420E+01 -1.7232E+02
  1.2495E+00  1.5374E+01  3.4750E+01  4.8907E-01  1.7418E+02  1.2420E+01 -1.7232E+02
  1.2517E+00  1.5381E+01  3.4750E+01  4.8907E-01  1.7418E+02  1.2420E+01 -1.7231E+02
  1.2540E+00  1.5389E+01  3.4750E+01  4.8907E-01  1.7417E+02  1.2420E+01 -1.7231E+02
  1.2562E+00  1.5396E+01  3.4750E+01  4.8907E-01  1.7417E+02  1.2420E+01 -1.7231E+02
  1.2585E+00  1.5403E+01  3.4750E+01  4.8906E-01  1.7417E+02  1.2420E+01 -1.7231E+02
  1.2607E+00  1.5411E+01  3.4750E+01  4.8906E-01  1.7417E+02  1.2419E+01 -1.7231E+02
  1.2629E+00  1.5418E+01  3.4750E+01  4.8906E-01  1.7417E+02  1.2419E+01 -1.7231E+02
  1.2652E+00  1.5426E+01  3.4750E+01  4.8906E-01  1.7417E+02  1.2419E+01 -1.7231E+02
  1.2674E+00  1.5433E+01  3.4750E+01  4.8906E-01  1.7417E+02  1.2419E+01 -1.7231E+02
  1.2697E+00  1.5441E+01  3.4750E+01  4.8905E-01  1.7417E+02  1.2419E+01 -1.7230E+02
  1.2719E+00  1.5448E+01  3.4750E+01  4.8905E-01  1.7416E+02  1.2419E+01 -1.7230E+02
  1.2742E+00  1.5456E+01  3.4750E+01  4.8905E-01  1.7416E+02  1.2419E+01 -1.7230E+02
  1.2764E+00  1.5463E+01  3.4750E+01  4.8905E-01  1.7416E+02  1.2419E+01 -1.7230E+02
  1.2786E+00  1.5471E+01  3.4750E+01  4.8904E-01  1.7416E+02  1.2419E+01 -1.7230E+02
  1.2809E+00  1.5478E+01  3.4750E+01  4.8904E-01  1.7416E+02  1.2419E+01 -1.7230E+02
  1.2831E+00  1.5486E+01  3.4750E+01  4.8904E-01  1.7416E+02  1.2419E+01 -1.7230E+02
  1.2854E+00  1.5493E+01  3.4750E+01  4.8904E-01  1.7416E+02  1.2419E+01 -1.7229E+02
  1.2876E+00  1.5501E+01  3.4750E+01  4.8903E-01  1.7416E+02  1.2419E+01 -1.7229E+02
  1.2899E+00  1.5508E+01  3.4750E+01  4.8903E-01  1.7415E+02  1.2419E+01 -1.7229E+02
  1.2921E+00  1.5516E+01  3.4750E+01  4.8903E-01  1.7415E+02  1.2419E+01 -1.7229E+02
  1.2943E+00  1.5523E+01  3.4750E+01  4.8903E-01  1.7415E+02  1.2419E+01 -1.7229E+02
  1.2966E+00  1.5531E+01  3.4750E+01  4.8903E-01  1.7415E+02  1.2419E+01 -1.7229E+02
  1.2988E+00  1.5538E+01  3.4750E+01  4.8902E-01  1.7415E+02  1.2419E+01 -1.7229E+02
  1.3011E+00  1.5546E+01  3.4750E+01  4.8902E-01  1.7415E+02  1.2419E+01 -1.7229E+02
  1.3033E+00  1.5553E+01  3.4750E+01  4.8902E-01  1.7415E+02  1.2418E+01 -1.7228E+02
  1.3056E+00  1.5561E+01  3.4750E+01  4.8902E-01  1.7414E+02  1.2418E+01 -1.7228E+02
  1.3078E+00  1.5568E+01  3.4750E+01  4.8901E-01  1.7414E+02  1.2418E+01 -1.7228E+02
  1.3101E+00  1.5576E+01  3.4750E+01  4.8901E-01  1.7414E+02  1.2418E+01 -1.7228E+02
  1.3123E+00  1.5583E+01  3.4750E+01  4.8901E-01  1.7414E+02  1.2418E+01 -1.7228E+02
  1.3145E+00  1.5591E+01  3.4750E+01  4.8901E-01  1.7414E+02  1.2418E+01 -1.7228E+02
  1.3168E+00  1.5598E+01  3.4750E+01  4.8900E-01  1.7414E+02  1.2418E+01 -1.7228E+02
  1.3190E+00  1.5606E+01  3.4750E+01  4.8900E-01  1.7414E+02  1.2418E+01 -1.7228E+02
  1.3213E+00  1.5613E+01  3.4750E+01  4.8900E-01  1.7414E+02  1.2418E+01 -1.7227E+02
  1.3235E+00  1.5620E+01  3.4750E+01  4.8900E-01  1.7413E+02  1.2418E+01 -1.7227E+02
  1.3258E+00  1.5628E+01  3.4750E+01  4.8900E-01  1.7413E+02  1.2418E+01 -1.7227E+02
  1.3280E+00  1.5635E+01  3.4750E+01  4.8899E-01  1.7413E+02  1.2418E+01 -1.7227E+02
  1.3302E+00  1.5643E+01  3.4750E+01  4.8899E-01  1.7413E+02  1.2418E+01 -1.7227E+02
  1.3325E+00  1.5650E+01  3.4750E+01  4.8899E-01  1.7413E+02  1.2418E+01 -1.7227E+02
  1.3347E+00  1.5658E+01  3.4750E+01  4.8899E-01  1.7413E+02  1.2418E+01 -1.7227E+02
  1.3370E+00  1.5665E+01  3.4750E+01  4.8898E-01  1.7413E+02  1.2418E+01 -1.7226E+02
  1.3392E+00  1.5673E+01  3.4750E+01  4.8898E-01  1.7413E+02  1.2418E+01 -1.7226E+02
  1.3415E+00  1.5680E+01  3.4750E+01  4.8898E-01  1.7412E+02  1.2418E+01 -1.7226E+02
  1.3437E+00  1.5688E+01  3.4750E+01  4.8898E-01  1.7412E+02  1.2417E+01 -1.7226E+02
  1.3459E+00  1.5695E+01  3.4750E+01  4.8897E-01  1.7412E+02  1.2417E+01 -1.7226E+02
  1.3482E+00  1.5703E+01  3.4750E+01  4.8897E-01  1.7412E+02  1.2417E+01 -1.7226E+02
  1.3504E+00  1.5710E+01  3.4750E+01  4.8897E-01  1.7412E+02  1.2417E+01 -1.7226E+02
  1.3527E+00  1.5718E+01  3.4750E+01  4.8897E-01  1.7412E+02  1.2417E+01 -1.7226E+02
  1.3549E+00  1.5725E+01  3.4750E+01  4.8897E-01  1.7412E+02  1.2417E+01 -1.7225E+02
  1.3572E+00  1.5733E+01  3.4750E+01  4.8896E-01  1.7412E+02  1.2417E+01 -1.7225E+02
  1.3594E+00  1.5740E+01  3.4750E+01  4.8896E-01  1.7411E+02  1.2417E+01 -1.7225E+02
  1.3616E+00  1.5748E+01  3.4750E+01  4.8896E-01  1.7411E+02  1.2417E+01 -1.7225E+02
  1.3639E+00  1.5755E+01  3.4750E+01  4.8896E-01  1.7411E+02  1.2417E+01 -1.7225E+02
  1.3661E+00  1.5763E+01  3.4750E+01  4.8895E-01  1.7411E+02  1.2417E+01 -1.7225E+02
  1.3684E+00  1.5770E+01  3.4750E+01  4.8895E-01  1.7411E+02  1.2417E+01 -1.7225E+02
  1.3706E+00  1.5778E+01  3.4750E+01  4.8895E-01  1.7411E+02  1.2417E+01 -1.7225E+02
  1.3729E+00  1.5785E+01  3.4750E+01  4.8895E-01  1.7411E+02  1.2417E+01 -1.7224E+02
  1.3751E+00  1.5793E+01  3.4750E+01  4.8894E-01  1.7410E+02  1.2417E+01 -1.7224E+02
  1.3773E+00  1.5800E+01  3.4750E+01  4.8894E-01  1.7410E+02  1.2417E+01 -1.7224E+02
  1.3796E+00  1.5808E+01  3.4750E+01  4.8894E-01  1.7410E+02  1.2417E+01 -1.7224E+02
  1.3818E+00  1.5815E+01  3.4750E+01  4.8894E-01  1.7410E+02  1.2417E+01 -1.7224E+02
  1.3841E+00  1.5823E+01  3.4750E+01  4.8894E-01  1.7410E+02  1.2417E+01 -1.7224E+02
  1.3863E+00  1.5830E+01  3.4750E+01  4.8893E-01  1.7410E+02  1.2416E+01 -1.7224E+02
  1.3886E+00  1.5838E+01  3.4750E+01  4.8893E-01  1.7410E+02  1.2416E+01 -1.7224E+02
  1.3908E+00  1.5845E+01  3.4750E+01  4.8893E-01  1.7410E+02  1.2416E+01 -1.7223E+02
  1.3931E+00  1.5852E+01  3.4750E+01  4.8893E-01  1.7409E+02  1.2416E+01 -1.7223E+02
  1.3953E+00  1.5860E+01  3.4750E+01  4.8892E-01  1.7409E+02  1.2416E+01 -1.7223E+02
  1.3975E+00  1.5867E+01  3.4750E+01  4.8892E-01  1.7409E+02  1.2416E+01 -1.7223E+02
  1.3998E+00  1.5875E+01  3.4750E+01  4.8892E-01  1.7409E+02  1.2416E+01 -1.7223E+02
  1.4020E+00  1.5882E+01  3.4750E+01  4.8892E-01  1.7409E+02  1.2416E+01 -1.7223E+02
  1.4043E+00  1.5890E+01  3.4750E+01  4.8891E-01  1.7409E+02  1.2416E+01 -1.7223E+02
  1.4065E+00  1.5897E+01  3.4750E+01  4.8891E-01  1.7409E+02  1.2416E+01 -1.7222E+02
  1.4088E+00  1.5905E+01  3.4750E+01  4.8891E-01  1.7409E+02  1.2416E+01 -1.7222E+02
  1.4110E+00  1.5912E+01  3.4750E+01  4.8891E-01  1.7408E+02  1.2416E+01 -1.7222E+02
  1.4132E+00  1.5920E+01  3.4750E+01  4.8891E-01  1.7408E+02  1.2416E+01 -1.7222E+02
  1.4155E+00  1.5927E+01  3.4750E+01  4.8890E-01  1.7408E+02  1.2416E+01 -1.7222E+02
  1.4177E+00  1.5935E+01  3.4750E+01  4.8890E-01  1.7408E+02  1.2416E+01 -1.7222E+02
  1.4200E+00  1.5942E+01  3.4750E+01  4.8890E-01  1.7408E+02  1.2416E+01 -1.7222E+02
  1.4222E+00  1.5950E+01  3.4750E+01  4.8890E-01  1.7408E+02  1.2416E+01 -1.7222E+02
  1.4245E+00  1.5957E+01  3.4750E+01  4.8889E-01  1.7408E+02  1.2416E+01 -1.7221E+02
  1.4267E+00  1.5965E+01  3.4750E+01  4.8889E-01  1.7408E+02  1.2416E+01 -1.7221E+02
  1.4289E+00  1.5972E+01  3.4750E+01  4.8889E-01  1.7407E+02  1.2415E+01 -1.7221E+02
  1.4312E+00  1.5980E+01  3.4750E+01  4.8889E-01  1.7407E+02  1.2415E+01 -1.7221E+02
  1.4334E+00  1.5987E+01  3.4750E+01  4.8888E-01  1.7407E+02  1.2415E+01 -1.7221E+02
  1.4357E+00  1.5995E+01  3.4750E+01  4.8888E-01  1.7407E+02  1.2415E+01 -1.7221E+02
  1.4379E+00  1.6002E+01  3.4750E+01  4.8888E-01  1.7407E+02  1.2415E+01 -1.7221E+02
  1.4402E+00  1.6010E+01  3.4750E+01  4.8888E-01  1.7407E+02  1.2415E+01 -1.7221E+02
  1.4424E+00  1.6017E+01  3.4750E+01  4.8888E-01  1.7407E+02  1.2415E+01 -1.7220E+02
  1.4446E+00  1.6025E+01  3.4750E+01  4.8887E-01  1.7407E+02  1.2415E+01 -1.7220E+02
  1.4469E+00  1.6032E+01  3.4750E+01  4.8887E-01  1.7406E+02  1.2415E+01 -1.7220E+02
  1.4491E+00  1.6040E+01  3.4750E+01  4.8887E-01  1.7406E+02  1.2415E+01 -1.7220E+02
  1.4514E+00  1.6047E+01  3.4750E+01  4.8887E-01  1.7406E+02  1.2415E+01 -1.7220E+02
  1.4536E+00  1.6055E+01  3.4750E+01  4.8886E-01  1.7406E+02  1.2415E+01 -1.7220E+02
  1.4559E+00  1.6062E+01  3.4750E+01  4.8886E-01  1.7406E+02  1.2415E+01 -1.7220E+02
  1.4581E+00  1.6069E+01  3.4750E+01  4.8886E-01  1.7406E+02  1.2415E+01 -1.7219E+02
  1.4603E+00  1.6077E+01  3.4750E+01  4.8886E-01  1.7406E+02  1.2415E+01 -1.7219E+02
  1.4626E+00  1.6084E+01  3.4750E+01  4.8885E-01  1.7405E+02  1.2415E+01 -1.7219E+02
  1.4648E+00  1.6092E+01  3.4750E+01  4.8885E-01  1.7405E+02  1.2415E+01 -1.7219E+02
  1.4671E+00  1.6099E+01  3.4750E+01  4.8885E-01  1.7405E+02  1.2415E+01 -1.7219E+02
  1.4693E+00  1.6107E+01  3.4750E+01  4.8885E-01  1.7405E+02  1.2415E+01 -1.7219E+02
  1.4716E+00  1.6114E+01  3.4750E+01  4.8885E-01  1.7405E+02  1.2414E+01 -1.7219E+02
  1.4738E+00  1.6122E+01  3.4750E+01  4.8884E-01  1.7405E+02  1.2414E+01 -1.7219E+02
  1.4761E+00  1.6129E+01  3.4750E+01  4.8884E-01  1.7405E+02  1.2414E+01 -1.7218E+02
  1.4783E+00  1.6137E+01  3.4750E+01  4.8884E-01  1.7405E+02  1.2414E+01 -1.7218E+02
  1.4805E+00  1.6144E+01  3.4750E+01  4.8884E-01  1.7404E+02  1.2414E+01 -1.7218E+02
  1.4828E+00  1.6152E+01  3.4750E+01  4.8883E-01  1.7404E+02  1.2414E+01 -1.7218E+02
  1.4850E+00  1.6159E+01  3.4750E+01  4.8883E-01  1.7404E+02  1.2414E+01 -1.7218E+02
  1.4873E+00  1.6167E+01  3.4750E+01  4.8883E-01  1.7404E+02  1.2414E+01 -1.7218E+02
  1.4895E+00  1.6174E+01  3.4750E+01  4.8883E-01  1.7404E+02  1.2414E+01 -1.7218E+02
  1.4918E+00  1.6182E+01  3.4750E+01  4.8882E-01  1.7404E+02  1.2414E+01 -1.7218E+02
  1.4940E+00  1.6189E+01  3.4750E+01  4.8882E-01  1.7404E+02  1.2414E+01 -1.7217E+02
  1.4962E+00  1.6197E+01  3.4750E+01  4.8882E-01  1.7404E+02  1.2414E+01 -1.7217E+02
  1.4985E+00  1.6204E+01  3.4750E+01  4.8882E-01  1.7403E+02  1.2414E+01 -1.7217E+02
  1.5007E+00  1.6212E+01  3.4750E+01  4.8882E-01  1.7403E+02  1.2414E+01 -1.7217E+02
  1.5030E+00  1.6219E+01  3.4750E+01  4.8881E-01  1.7403E+02  1.2414E+01 -1.7217E+02
  1.5052E+00  1.6227E+01  3.4750E+01  4.8881E-01  1.7403E+02  1.2414E+01 -1.7217E+02
  1.5075E+00  1.6234E+01  3.4750E+01  4.8881E-01  1.7403E+02  1.2414E+01 -1.7217E+02
  1.5097E+00  1.6242E+01  3.4750E+01  4.8881E-01  1.7403E+02  1.2414E+01 -1.7216E+02
  1.5119E+00  1.6249E+01  3.4750E+01  4.8880E-01  1.7403E+02  1.2413E+01 -1.7216E+02
  1.5142E+00  1.6257E+01  3.4750E+01  4.8880E-01  1.7403E+02  1.2413E+01 -1.7216E+02
  1.5164E+00  1.6264E+01  3.4750E+01  4.8880E-01  1.7402E+02  1.2413E+01 -1.7216E+02
  1.5187E+00  1.6272E+01  3.4750E+01  4.8880E-01  1.7402E+02  1.2413E+01 -1.7216E+02
  1.5209E+00  1.6279E+01  3.4750E+01  4.8879E-01  1.7402E+02  1.2413E+01 -1.7216E+02
  1.5232E+00  1.6287E+01  3.4750E+01  4.8879E-01  1.7402E+02  1.2413E+01 -1.7216E+02
  1.5254E+00  1.6294E+01  3.4750E+01  4.8879E-01  1.7402E+02  1.2413E+01 -1.7216E+02
  1.5276E+00  1.6301E+01  3.4750E+01  4.8879E-01  1.7402E+02  1.2413E+01 -1.7215E+02
  1.5299E+00  1.6309E+01  3.4750E+01  4.8879E-01  1.7402E+02  1.2413E+01 -1.7215E+02
  1.5321E+00  1.6316E+01  3.4750E+01  4.8878E-01  1.7402E+02  1.2413E+01 -1.7215E+02
  1.5344E+00  1.6324E+01  3.4750E+01  4.8878E-01  1.7401E+02  1.2413E+01 -1.7215E+02
  1.5366E+00  1.6331E+01  3.4750E+01  4.8878E-01  1.7401E+02  1.2413E+01 -1.7215E+02
  1.5389E+00  1.6339E+01  3.4750E+01  4.8878E-01  1.7401E+02  1.2413E+01 -1.7215E+02
  1.5411E+00  1.6346E+01  3.4750E+01  4.8877E-01  1.7401E+02  1.2413E+01 -1.7215E+02
  1.5433E+00  1.6354E+01  3.4750E+01  4.8877E-01  1.7401E+02  1.2413E+01 -1.7215E+02
  1.5456E+00  1.6361E+01  3.4750E+01  4.8877E-01  1.7401E+02  1.2413E+01 -1.7214E+02
  1.5478E+00  1.6369E+01  3.4750E+01  4.8877E-01  1.7401E+02  1.2413E+01 -1.7214E+02
  1.5501E+00  1.6376E+01  3.4750E+01  4.8876E-01  1.7400E+02  1.2413E+01 -1.7214E+02
  1.5523E+00  1.6384E+01  3.4750E+01  4.8876E-01  1.7400E+02  1.2413E+01 -1.7214E+02
  1.5546E+00  1.6391E+01  3.4750E+01  4.8876E-01  1.7400E+02  1.2412E+01 -1.7214E+02
  1.5568E+00  1.6399E+01  3.4750E+01  4.8876E-01  1.7400E+02  1.2412E+01 -1.7214E+02
  1.5591E+00  1.6406E+01  3.4750E+01  4.8876E-01  1.7400E+02  1.2412E+01 -1.7214E+02
  1.5613E+00  1.6414E+01  3.4750E+01  4.8875E-01  1.7400E+02  1.2412E+01 -1.7214E+02
  1.5635E+00  1.6421E+01  3.4750E+01  4.8875E-01  1.7400E+02  1.2412E+01 -1.7213E+02
  1.5658E+00  1.6429E+01  3.4750E+01  4.8875E-01  1.7400E+02  1.2412E+01 -1.7213E+02
  1.5680E+00  1.6436E+01  3.4750E+01  4.8875E-01  1.7399E+02  1.2412E+01 -1.7213E+02
  1.5703E+00  1.6444E+01  3.4750E+01  4.8874E-01  1.7399E+02  1.2412E+01 -1.7213E+02
  1.5725E+00  1.6451E+01  3.4750E+01  4.8874E-01  1.7399E+02  1.2412E+01 -1.7213E+02
  1.5748E+00  1.6459E+01  3.4750E+01  4.8874E-01  1.7399E+02  1.2412E+01 -1.7213E+02
  1.5770E+00  1.6466E+01  3.4750E+01  4.8874E-01  1.7399E+02  1.2412E+01 -1.7213E+02
  1.5792E+00  1.6474E+01  3.4750E+01  4.8873E-01  1.7399E+02  1.2412E+01 -1.7212E+02
  1.5815E+00  1.6481E+01  3.4750E+01  4.8873E-01  1.7399E+02  1.2412E+01 -1.7212E+02
  1.5837E+00  1.6489E+01  3.4750E+01  4.8873E-01  1.7399E+02  1.2412E+01 -1.7212E+02
  1.5860E+00  1.6496E+01  3.4750E+01  4.8873E-01  1.7398E+02  1.2412E+01 -1.7212E+02
  1.5882E+00  1.6504E+01  3.4750E+01  4.8873E-01  1.7398E+02  1.2412E+01 -1.7212E+02
  1.5905E+00  1.6511E+01  3.4750E+01  4.8872E-01  1.7398E+02  1.2412E+01 -1.7212E+02
  1.5927E+00  1.6518E+01  3.4750E+01  4.8872E-01  1.7398E+02  1.2412E+01 -1.7212E+02
  1.5949E+00  1.6526E+01  3.4750E+01  4.8872E-01  1.7398E+02  1.2412E+01 -1.7212E+02
  1.5972E+00  1.6533E+01  3.4750E+01  4.8872E-01  1.7398E+02  1.2411E+01 -1.7211E+02
  1.5994E+00  1.6541E+01  3.4750E+01  4.8871E-01  1.7398E+02  1.2411E+01 -1.7211E+02
  1.6017E+00  1.6548E+01  3.4750E+01  4.8871E-01  1.7398E+02  1.2411E+01 -1.7211E+02
  1.6039E+00  1.6556E+01  3.4750E+01  4.8871E-01  1.7397E+02  1.2411E+01 -1.7211E+02
  1.6062E+00  1.6563E+01  3.4750E+01  4.8871E-01  1.7397E+02  1.2411E+01 -1.7211E+02
  1.6084E+00  1.6571E+01  3.4750E+01  4.8870E-01  1.7397E+02  1.2411E+01 -1.7211E+02
  1.6106E+00  1.6578E+01  3.4750E+01  4.8870E-01  1.7397E+02  1.2411E+01 -1.7211E+02
  1.6129E+00  1.6586E+01  3.4750E+01  4.8870E-01  1.7397E+02  1.2411E+01 -1.7211E+02
  1.6151E+00  1.6593E+01  3.4750E+01  4.8870E-01  1.7397E+02  1.2411E+01 -1.7210E+02
  1.6174E+00  1.6601E+01  3.4750E+01  4.8870E-01  1.7397E+02  1.2411E+01 -1.7210E+02
  1.6196E+00  1.6608E+01  3.4750E+01  4.8869E-01  1.7397E+02  1.2411E+01 -1.7210E+02
  1.6219E+00  1.6616E+01  3.4750E+01  4.8869E-01  1.7396E+02  1.2411E+01 -1.7210E+02
  1.6241E+00  1.6623E+01  3.4750E+01  4.8869E-01  1.7396E+02  1.2411E+01 -1.7210E+02
  1.6263E+00  1.6631E+01  3.4750E+01  4.8869E-01  1.7396E+02  1.2411E+01 -1.7210E+02
  1.6286E+00  1.6638E+01  3.4750E+01  4.8868E-01  1.7396E+02  1.2411E+01 -1.7210E+02
  1.6308E+00  1.6646E+01  3.4750E+01  4.8868E-01  1.7396E+02  1.2411E+01 -1.7210E+02
  1.6331E+00  1.6653E+01  3.4750E+01  4.8868E-01  1.7396E+02  1.2411E+01 -1.7209E+02
  1.6353E+00  1.6661E+01  3.4750E+01  4.8868E-01  1.7396E+02  1.2411E+01 -1.7209E+02
  1.6376E+00  1.6668E+01  3.4750E+01  4.8867E-01  1.7396E+02  1.2411E+01 -1.7209E+02
  1.6394E+00  1.6674E+01  3.4750E+01  4.8867E-01  1.7395E+02  1.2410E+01 -1.7209E+02
  1.6398E+00  1.6676E+01  3.4750E+01  4.8867E-01  1.7395E+02  1.2410E+01 -1.7209E+02
  1.6421E+00  1.6683E+01  3.4750E+01  4.8867E-01  1.7395E+02  1.2410E+01 -1.7209E+02
  1.6443E+00  1.6691E+01  3.4750E+01  4.8867E-01  1.7395E+02  1.2410E+01 -1.7209E+02
  1.6465E+00  1.6698E+01  3.4750E+01  4.8867E-01  1.7395E+02  1.2410E+01 -1.7209E+02
  1.6488E+00  1.6706E+01  3.4750E+01  4.8866E-01  1.7395E+02  1.2410E+01 -1.7208E+02
  1.6510E+00  1.6713E+01  3.4750E+01  4.8866E-01  1.7395E+02  1.2410E+01 -1.7208E+02
  1.6533E+00  1.6721E+01  3.4750E+01  4.8866E-01  1.7395E+02  1.2410E+01 -1.7208E+02
  1.6555E+00  1.6728E+01  3.4750E+01  4.8866E-01  1.7394E+02  1.2410E+01 -1.7208E+02
  1.6578E+00  1.6736E+01  3.4750E+01  4.8865E-01  1.7394E+02  1.2410E+01 -1.7208E+02
  1.6600E+00  1.6743E+01  3.4750E+01  4.8865E-01  1.7394E+02  1.2410E+01 -1.7208E+02
  1.6622E+00  1.6750E+01  3.4750E+01  4.8865E-01  1.7394E+02  1.2410E+01 -1.7208E+02
  1.6645E+00  1.6758E+01  3.4750E+01  4.8865E-01  1.7394E+02  1.2410E+01 -1.7208E+02
  1.6667E+00  1.6765E+01  3.4750E+01  4.8864E-01  1.7394E+02  1.2410E+01 -1.7207E+02
  1.6690E+00  1.6773E+01  3.4750E+01  4.8864E-01  1.7394E+02  1.2410E+01 -1.7207E+02
  1.6712E+00  1.6780E+01  3.4750E+01  4.8864E-01  1.7394E+02  1.2410E+01 -1.7207E+02
  1.6735E+00  1.6788E+01  3.4750E+01  4.8864E-01  1.7393E+02  1.2410E+01 -1.7207E+02
  1.6757E+00  1.6795E+01  3.4750E+01  4.8864E-01  1.7393E+02  1.2410E+01 -1.7207E+02
  1.6779E+00  1.6803E+01  3.4750E+01  4.8863E-01  1.7393E+02  1.2410E+01 -1.7207E+02
  1.6802E+00  1.6810E+01  3.4750E+01  4.8863E-01  1.7393E+02  1.2410E+01 -1.7207E+02
  1.6824E+00  1.6818E+01  3.4750E+01  4.8863E-01  1.7393E+02  1.2409E+01 -1.7207E+02
  1.6847E+00  1.6825E+01  3.4750E+01  4.8863E-01  1.7393E+02  1.2409E+01 -1.7206E+02
  1.6869E+00  1.6833E+01  3.4750E+01  4.8862E-01  1.7393E+02  1.2409E+01 -1.7206E+02
  1.6892E+00  1.6840E+01  3.4750E+01  4.8862E-01  1.7393E+02  1.2409E+01 -1.7206E+02
  1.6914E+00  1.6848E+01  3.4750E+01  4.8862E-01  1.7392E+02  1.2409E+01 -1.7206E+02
  1.6936E+00  1.6855E+01  3.4750E+01  4.8862E-01  1.7392E+02  1.2409E+01 -1.7206E+02
  1.6959E+00  1.6863E+01  3.4750E+01  4.8861E-01  1.7392E+02  1.2409E+01 -1.7206E+02
  1.6981E+00  1.6870E+01  3.4750E+01  4.8861E-01  1.7392E+02  1.2409E+01 -1.7206E+02
  1.7004E+00  1.6878E+01  3.4750E+01  4.8861E-01  1.7392E+02  1.2409E+01 -1.7206E+02
  1.7026E+00  1.6885E+01  3.4750E+01  4.8861E-01  1.7392E+02  1.2409E+01 -1.7205E+02
  1.7049E+00  1.6893E+01  3.4750E+01  4.8861E-01  1.7392E+02  1.2409E+01 -1.7205E+02
  1.7071E+00  1.6900E+01  3.4750E+01  4.8860E-01  1.7392E+02  1.2409E+01 -1.7205E+02
  1.7093E+00  1.6908E+01  3.4750E+01  4.8860E-01  1.7391E+02  1.2409E+01 -1.7205E+02
  1.7116E+00  1.6915E+01  3.4750E+01  4.8860E-01  1.7391E+02  1.2409E+01 -1.7205E+02
  1.7138E+00  1.6923E+01  3.4750E+01  4.8860E-01  1.7391E+02  1.2409E+01 -1.7205E+02
  1.7161E+00  1.6930E+01  3.4750E+01  4.8859E-01  1.7391E+02  1.2409E+01 -1.7205E+02
  1.7183E+00  1.6938E+01  3.4750E+01  4.8859E-01  1.7391E+02  1.2409E+01 -1.7204E+02
  1.7206E+00  1.6945E+01  3.4750E+01  4.8859E-01  1.7391E+02  1.2409E+01 -1.7204E+02
  1.7228E+00  1.6953E+01  3.4750E+01  4.8859E-01  1.7391E+02  1.2409E+01 -1.7204E+02
  1.7251E+00  1.6960E+01  3.4750E+01  4.8858E-01  1.7391E+02  1.2408E+01 -1.7204E+02
  1.7273E+00  1.6968E+01  3.4750E+01  4.8858E-01  1.7390E+02  1.2408E+01 -1.7204E+02
  1.7295E+00  1.6975E+01  3.4750E+01  4.8858E-01  1.7390E+02  1.2408E+01 -1.7204E+02
  1.7318E+00  1.6982E+01  3.4750E+01  4.8858E-01  1.7390E+02  1.2408E+01 -1.7204E+02
  1.7340E+00  1.6990E+01  3.4750E+01  4.8858E-01  1.7390E+02  1.2408E+01 -1.7204E+02
  1.7363E+00  1.6997E+01  3.4750E+01  4.8857E-01  1.7390E+02  1.2408E+01 -1.7203E+02
  1.7385E+00  1.7005E+01  3.4750E+01  4.8857E-01  1.7390E+02  1.2408E+01 -1.7203E+02
  1.7408E+00  1.7012E+01  3.4750E+01  4.8857E-01  1.7390E+02  1.2408E+01 -1.7203E+02
  1.7430E+00  1.7020E+01  3.4750E+01  4.8857E-01  1.7390E+02  1.2408E+01 -1.7203E+02
  1.7452E+00  1.7027E+01  3.4750E+01  4.8856E-01  1.7389E+02  1.2408E+01 -1.7203E+02
  1.7475E+00  1.7035E+01  3.4750E+01  4.8856E-01  1.7389E+02  1.2408E+01 -1.7203E+02
  1.7497E+00  1.7042E+01  3.4750E+01  4.8856E-01  1.7389E+02  1.2408E+01 -1.7203E+02
  1.7520E+00  1.7050E+01  3.4750E+01  4.8856E-01  1.7389E+02  1.2408E+01 -1.7203E+02
  1.7542E+00  1.7057E+01  3.4750E+01  4.8855E-01  1.7389E+02  1.2408E+01 -1.7202E+02
  1.7565E+00  1.7065E+01  3.4750E+01  4.8855E-01  1.7389E+02  1.2408E+01 -1.7202E+02
  1.7587E+00  1.7072E+01  3.4750E+01  4.8855E-01  1.7389E+02  1.2408E+01 -1.7202E+02
  1.7609E+00  1.7080E+01  3.4750E+01  4.8855E-01  1.7388E+02  1.2408E+01 -1.7202E+02
  1.7632E+00  1.7087E+01  3.4750E+01  4.8855E-01  1.7388E+02  1.2408E+01 -1.7202E+02
  1.7654E+00  1.7095E+01  3.4750E+01  4.8854E-01  1.7388E+02  1.2408E+01 -1.7202E+02
  1.7677E+00  1.7102E+01  3.4750E+01  4.8854E-01  1.7388E+02  1.2407E+01 -1.7202E+02
  1.7699E+00  1.7110E+01  3.4750E+01  4.8854E-01  1.7388E+02  1.2407E+01 -1.7202E+02
  1.7722E+00  1.7117E+01  3.4750E+01  4.8854E-01  1.7388E+02  1.2407E+01 -1.7201E+02
  1.7744E+00  1.7125E+01  3.4750E+01  4.8853E-01  1.7388E+02  1.2407E+01 -1.7201E+02
  1.7766E+00  1.7132E+01  3.4750E+01  4.8853E-01  1.7388E+02  1.2407E+01 -1.7201E+02
  1.7789E+00  1.7140E+01  3.4750E+01  4.8853E-01  1.7387E+02  1.2407E+01 -1.7201E+02
  1.7811E+00  1.7147E+01  3.4750E+01  4.8853E-01  1.7387E+02  1.2407E+01 -1.7201E+02
  1.7834E+00  1.7155E+01  3.4750E+01  4.8852E-01  1.7387E+02  1.2407E+01 -1.7201E+02
  1.7856E+00  1.7162E+01  3.4750E+01  4.8852E-01  1.7387E+02  1.2407E+01 -1.7201E+02
  1.7879E+00  1.7170E+01  3.4750E+01  4.8852E-01  1.7387E+02  1.2407E+01 -1.7200E+02
  1.7901E+00  1.7177E+01  3.4750E+01  4.8852E-01  1.7387E+02  1.2407E+01 -1.7200E+02
  1.7923E+00  1.7185E+01  3.4750E+01  4.8852E-01  1.7387E+02  1.2407E+01 -1.7200E+02
  1.7946E+00  1.7192E+01  3.4750E+01  4.8851E-01  1.7387E+02  1.2407E+01 -1.7200E+02
  1.7968E+00  1.7199E+01  3.4750E+01  4.8851E-01  1.7386E+02  1.2407E+01 -1.7200E+02
  1.7991E+00  1.7207E+01  3.4750E+01  4.8851E-01  1.7386E+02  1.2407E+01 -1.7200E+02
  1.8013E+00  1.7214E+01  3.4750E+01  4.8851E-01  1.7386E+02  1.2407E+01 -1.7200E+02
  1.8036E+00  1.7222E+01  3.4750E+01  4.8850E-01  1.7386E+02  1.2407E+01 -1.7200E+02
  1.8058E+00  1.7229E+01  3.4750E+01  4.8850E-01  1.7386E+02  1.2407E+01 -1.7199E+02
  1.8080E+00  1.7237E+01  3.4750E+01  4.8850E-01  1.7386E+02  1.2407E+01 -1.7199E+02
  1.8103E+00  1.7244E+01  3.4750E+01  4.8850E-01  1.7386E+02  1.2407E+01 -1.7199E+02
  1.8125E+00  1.7252E+01  3.4750E+01  4.8849E-01  1.7386E+02  1.2406E+01 -1.7199E+02
  1.8148E+00  1.7259E+01  3.4750E+01  4.8849E-01  1.7385E+02  1.2406E+01 -1.7199E+02
  1.8170E+00  1.7267E+01  3.4750E+01  4.8849E-01  1.7385E+02  1.2406E+01 -1.7199E+02
  1.8193E+00  1.7274E+01  3.4750E+01  4.8849E-01  1.7385E+02  1.2406E+01 -1.7199E+02
  1.8215E+00  1.7282E+01  3.4750E+01  4.8849E-01  1.7385E+02  1.2406E+01 -1.7199E+02
  1.8238E+00  1.7289E+01  3.4750E+01  4.8848E-01  1.7385E+02  1.2406E+01 -1.7198E+02
  1.8260E+00  1.7297E+01  3.4750E+01  4.8848E-01  1.7385E+02  1.2406E+01 -1.7198E+02
  1.8282E+00  1.7304E+01  3.4750E+01  4.8848E-01  1.7385E+02  1.2406E+01 -1.7198E+02
  1.8305E+00  1.7312E+01  3.4750E+01  4.8848E-01  1.7385E+02  1.2406E+01 -1.7198E+02
  1.8327E+00  1.7319E+01  3.4750E+01  4.8847E-01  1.7384E+02  1.2406E+01 -1.7198E+02
  1.8350E+00  1.7327E+01  3.4750E+01  4.8847E-01  1.7384E+02  1.2406E+01 -1.7198E+02
  1.8372E+00  1.7334E+01  3.4750E+01  4.8847E-01  1.7384E+02  1.2406E+01 -1.7198E+02
  1.8395E+00  1.7342E+01  3.4750E+01  4.8847E-01  1.7384E+02  1.2406E+01 -1.7198E+02
  1.8417E+00  1.7349E+01  3.4750E+01  4.8846E-01  1.7384E+02  1.2406E+01 -1.7197E+02
  1.8439E+00  1.7357E+01  3.4750E+01  4.8846E-01  1.7384E+02  1.2406E+01 -1.7197E+02
  1.8462E+00  1.7364E+01  3.4750E+01  4.8846E-01  1.7384E+02  1.2406E+01 -1.7197E+02
  1.8484E+00  1.7372E+01  3.4750E+01  4.8846E-01  1.7384E+02  1.2406E+01 -1.7197E+02
  1.8507E+00  1.7379E+01  3.4750E+01  4.8846E-01  1.7383E+02  1.2406E+01 -1.7197E+02
  1.8529E+00  1.7387E+01  3.4750E+01  4.8845E-01  1.7383E+02  1.2406E+01 -1.7197E+02
  1.8552E+00  1.7394E+01  3.4750E+01  4.8845E-01  1.7383E+02  1.2405E+01 -1.7197E+02
  1.8574E+00  1.7402E+01  3.4750E+01  4.8845E-01  1.7383E+02  1.2405E+01 -1.7196E+02
  1.8596E+00  1.7409E+01  3.4750E+01  4.8845E-01  1.7383E+02  1.2405E+01 -1.7196E+02
  1.8619E+00  1.7417E+01  3.4750E+01  4.8844E-01  1.7383E+02  1.2405E+01 -1.7196E+02
  1.8641E+00  1.7424E+01  3.4750E+01  4.8844E-01  1.7383E+02  1.2405E+01 -1.7196E+02
  1.8664E+00  1.7431E+01  3.4750E+01  4.8844E-01  1.7383E+02  1.2405E+01 -1.7196E+02
  1.8686E+00  1.7439E+01  3.4750E+01  4.8844E-01  1.7382E+02  1.2405E+01 -1.7196E+02
  1.8709E+00  1.7446E+01  3.4750E+01  4.8843E-01  1.7382E+02  1.2405E+01 -1.7196E+02
  1.8731E+00  1.7454E+01  3.4750E+01  4.8843E-01  1.7382E+02  1.2405E+01 -1.7196E+02
  1.8753E+00  1.7461E+01  3.4750E+01  4.8843E-01  1.7382E+02  1.2405E+01 -1.7195E+02
  1.8776E+00  1.7469E+01  3.4750E+01  4.8843E-01  1.7382E+02  1.2405E+01 -1.7195E+02
  1.8798E+00  1.7476E+01  3.4750E+01  4.8843E-01  1.7382E+02  1.2405E+01 -1.7195E+02
  1.8821E+00  1.7484E+01  3.4750E+01  4.8842E-01  1.7382E+02  1.2405E+01 -1.7195E+02
  1.8843E+00  1.7491E+01  3.4750E+01  4.8842E-01  1.7382E+02  1.2405E+01 -1.7195E+02
  1.8866E+00  1.7499E+01  3.4750E+01  4.8842E-01  1.7381E+02  1.2405E+01 -1.7195E+02
  1.8888E+00  1.7506E+01  3.4750E+01  4.8842E-01  1.7381E+02  1.2405E+01 -1.7195E+02
  1.8910E+00  1.7514E+01  3.4750E+01  4.8841E-01  1.7381E+02  1.2405E+01 -1.7195E+02
  1.8933E+00  1.7521E+01  3.4750E+01  4.8841E-01  1.7381E+02  1.2405E+01 -1.7194E+02
  1.8955E+00  1.7529E+01  3.4750E+01  4.8841E-01  1.7381E+02  1.2405E+01 -1.7194E+02
  1.8978E+00  1.7536E+01  3.4750E+01  4.8841E-01  1.7381E+02  1.2405E+01 -1.7194E+02
  1.9000E+00  1.7544E+01  3.4750E+01  4.8840E-01  1.7381E+02  1.2404E+01 -1.7194E+02
  1.9023E+00  1.7551E+01  3.4750E+01  4.8840E-01  1.7380E+02  1.2404E+01 -1.7194E+02
  1.9045E+00  1.7559E+01  3.4750E+01  4.8840E-01  1.7380E+02  1.2404E+01 -1.7194E+02
  1.9068E+00  1.7566E+01  3.4750E+01  4.8840E-01  1.7380E+02  1.2404E+01 -1.7194E+02
  1.9090E+00  1.7574E+01  3.4750E+01  4.8840E-01  1.7380E+02  1.2404E+01 -1.7194E+02
  1.9112E+00  1.7581E+01  3.4750E+01  4.8839E-01  1.7380E+02  1.2404E+01 -1.7193E+02
  1.9135E+00  1.7589E+01  3.4750E+01  4.8839E-01  1.7380E+02  1.2404E+01 -1.7193E+02
  1.9157E+00  1.7596E+01  3.4750E+01  4.8839E-01  1.7380E+02  1.2404E+01 -1.7193E+02
  1.9180E+00  1.7604E+01  3.4750E+01  4.8839E-01  1.7380E+02  1.2404E+01 -1.7193E+02
  1.9202E+00  1.7611E+01  3.4750E+01  4.8838E-01  1.7379E+02  1.2404E+01 -1.7193E+02
  1.9225E+00  1.7619E+01  3.4750E+01  4.8838E-01  1.7379E+02  1.2404E+01 -1.7193E+02
  1.9247E+00  1.7626E+01  3.4750E+01  4.8838E-01  1.7379E+02  1.2404E+01 -1.7193E+02
  1.9269E+00  1.7634E+01  3.4750E+01  4.8838E-01  1.7379E+02  1.2404E+01 -1.7192E+02
  1.9292E+00  1.7641E+01  3.4750E+01  4.8837E-01  1.7379E+02  1.2404E+01 -1.7192E+02
  1.9314E+00  1.7648E+01  3.4750E+01  4.8837E-01  1.7379E+02  1.2404E+01 -1.7192E+02
  1.9337E+00  1.7656E+01  3.4750E+01  4.8837E-01  1.7379E+02  1.2404E+01 -1.7192E+02
  1.9359E+00  1.7663E+01  3.4750E+01  4.8837E-01  1.7379E+02  1.2404E+01 -1.7192E+02
  1.9382E+00  1.7671E+01  3.4750E+01  4.8837E-01  1.7378E+02  1.2404E+01 -1.7192E+02
  1.9404E+00  1.7678E+01  3.4750E+01  4.8836E-01  1.7378E+02  1.2404E+01 -1.7192E+02
  1.9426E+00  1.7686E+01  3.4750E+01  4.8836E-01  1.7378E+02  1.2404E+01 -1.7192E+02
  1.9449E+00  1.7693E+01  3.4750E+01  4.8836E-01  1.7378E+02  1.2403E+01 -1.7191E+02
  1.9471E+00  1.7701E+01  3.4750E+01  4.8836E-01  1.7378E+02  1.2403E+01 -1.7191E+02
  1.9494E+00  1.7708E+01  3.4750E+01  4.8835E-01  1.7378E+02  1.2403E+01 -1.7191E+02
  1.9516E+00  1.7716E+01  3.4750E+01  4.8835E-01  1.7378E+02  1.2403E+01 -1.7191E+02
  1.9539E+00  1.7723E+01  3.4750E+01  4.8835E-01  1.7378E+02  1.2403E+01 -1.7191E+02
  1.9561E+00  1.7731E+01  3.4750E+01  4.8835E-01  1.7377E+02  1.2403E+01 -1.7191E+02
  1.9583E+00  1.7738E+01  3.4750E+01  4.8834E-01  1.7377E+02  1.2403E+01 -1.7191E+02
  1.9606E+00  1.7746E+01  3.4750E+01  4.8834E-01  1.7377E+02  1.2403E+01 -1.7191E+02
  1.9628E+00  1.7753E+01  3.4750E+01  4.8834E-01  1.7377E+02  1.2403E+01 -1.7190E+02
  1.9651E+00  1.7761E+01  3.4750E+01  4.8834E-01  1.7377E+02  1.2403E+01 -1.7190E+02
  1.9673E+00  1.7768E+01  3.4750E+01  4.8834E-01  1.7377E+02  1.2403E+01 -1.7190E+02
  1.9696E+00  1.7776E+01  3.4750E+01  4.8833E-01  1.7377E+02  1.2403E+01 -1.7190E+02
  1.9718E+00  1.7783E+01  3.4750E+01  4.8833E-01  1.7377E+02  1.2403E+01 -1.7190E+02
  1.9740E+00  1.7791E+01  3.4750E+01  4.8833E-01  1.7376E+02  1.2403E+01 -1.7190E+02
  1.9763E+00  1.7798E+01  3.4750E+01  4.8833E-01  1.7376E+02  1.2403E+01 -1.7190E+02
  1.9785E+00  1.7806E+01  3.4750E+01  4.8832E-01  1.7376E+02  1.2403E+01 -1.7190E+02
  1.9808E+00  1.7813E+01  3.4750E+01  4.8832E-01  1.7376E+02  1.2403E+01 -1.7189E+02
  1.9830E+00  1.7821E+01  3.4750E+01  4.8832E-01  1.7376E+02  1.2403E+01 -1.7189E+02
  1.9853E+00  1.7828E+01  3.4750E+01  4.8832E-01  1.7376E+02  1.2403E+01 -1.7189E+02
  1.9875E+00  1.7836E+01  3.4750E+01  4.8831E-01  1.7376E+02  1.2403E+01 -1.7189E+02
  1.9898E+00  1.7843E+01  3.4750E+01  4.8831E-01  1.7376E+02  1.2402E+01 -1.7189E+02
  1.9920E+00  1.7851E+01  3.4750E+01  4.8831E-01  1.7375E+02  1.2402E+01 -1.7189E+02
  1.9942E+00  1.7858E+01  3.4750E+01  4.8831E-01  1.7375E+02  1.2402E+01 -1.7189E+02
  1.9965E+00  1.7866E+01  3.4750E+01  4.8831E-01  1.7375E+02  1.2402E+01 -1.7188E+02
  1.9987E+00  1.7873E+01  3.4750E+01  4.8830E-01  1.7375E+02  1.2402E+01 -1.7188E+02
  2.0010E+00  1.7880E+01  3.4750E+01  4.8830E-01  1.7375E+02  1.2402E+01 -1.7188E+02
  2.0032E+00  1.7888E+01  3.4750E+01  4.8830E-01  1.7375E+02  1.2402E+01 -1.7188E+02
  2.0055E+00  1.7895E+01  3.4750E+01  4.8830E-01  1.7375E+02  1.2402E+01 -1.7188E+02
  2.0077E+00  1.7903E+01  3.4750E+01  4.8829E-01  1.7374E+02  1.2402E+01 -1.7188E+02
  2.0099E+00  1.7910E+01  3.4750E+01  4.8829E-01  1.7374E+02  1.2402E+01 -1.7188E+02
  2.0122E+00  1.7918E+01  3.4750E+01  4.8829E-01  1.7374E+02  1.2402E+01 -1.7188E+02
  2.0144E+00  1.7925E+01  3.4750E+01  4.8829E-01  1.7374E+02  1.2402E+01 -1.7187E+02
  2.0167E+00  1.7933E+01  3.4750E+01  4.8828E-01  1.7374E+02  1.2402E+01 -1.7187E+02
  2.0189E+00  1.7940E+01  3.4750E+01  4.8828E-01  1.7374E+02  1.2402E+01 -1.7187E+02
  2.0212E+00  1.7948E+01  3.4750E+01  4.8828E-01  1.7374E+02  1.2402E+01 -1.7187E+02
  2.0234E+00  1.7955E+01  3.4750E+01  4.8828E-01  1.7374E+02  1.2402E+01 -1.7187E+02
  2.0256E+00  1.7963E+01  3.4750E+01  4.8828E-01  1.7373E+02  1.2402E+01 -1.7187E+02
  2.0279E+00  1.7970E+01  3.4750E+01  4.8827E-01  1.7373E+02  1.2402E+01 -1.7187E+02
  2.0301E+00  1.7978E+01  3.4750E+01  4.8827E-01  1.7373E+02  1.2402E+01 -1.7187E+02
  2.0324E+00  1.7985E+01  3.4750E+01  4.8827E-01  1.7373E+02  1.2402E+01 -1.7186E+02
  2.0346E+00  1.7993E+01  3.4750E+01  4.8827E-01  1.7373E+02  1.2402E+01 -1.7186E+02
  2.0369E+00  1.8000E+01  3.4750E+01  4.8826E-01  1.7373E+02  1.2401E+01 -1.7186E+02
  2.0391E+00  1.8008E+01  3.4750E+01  4.8826E-01  1.7373E+02  1.2401E+01 -1.7186E+02
  2.0413E+00  1.8015E+01  3.4750E+01  4.8826E-01  1.7373E+02  1.2401E+01 -1.7186E+02
  2.0436E+00  1.8023E+01  3.4750E+01  4.8826E-01  1.7372E+02  1.2401E+01 -1.7186E+02
  2.0458E+00  1.8030E+01  3.4750E+01  4.8825E-01  1.7372E+02  1.2401E+01 -1.7186E+02
  2.0481E+00  1.8038E+01  3.4750E+01  4.8825E-01  1.7372E+02  1.2401E+01 -1.7185E+02
  2.0503E+00  1.8045E+01  3.4750E+01  4.8825E-01  1.7372E+02  1.2401E+01 -1.7185E+02
  2.0526E+00  1.8053E+01  3.4750E+01  4.8825E-01  1.7372E+02  1.2401E+01 -1.7185E+02
  2.0548E+00  1.8060E+01  3.4750E+01  4.8825E-01  1.7372E+02  1.2401E+01 -1.7185E+02
  2.0570E+00  1.8068E+01  3.4750E+01  4.8824E-01  1.7372E+02  1.2401E+01 -1.7185E+02
  2.0593E+00  1.8075E+01  3.4750E+01  4.8824E-01  1.7372E+02  1.2401E+01 -1.7185E+02
  2.0615E+00  1.8083E+01  3.4750E+01  4.8824E-01  1.7371E+02  1.2401E+01 -1.7185E+02
  2.0638E+00  1.8090E+01  3.4750E+01  4.8824E-01  1.7371E+02  1.2401E+01 -1.7185E+02
  2.0660E+00  1.8098E+01  3.4750E+01  4.8823E-01  1.7371E+02  1.2401E+01 -1.7184E+02
  2.0683E+00  1.8105E+01  3.4750E+01  4.8823E-01  1.7371E+02  1.2401E+01 -1.7184E+02
  2.0705E+00  1.8112E+01  3.4750E+01  4.8823E-01  1.7371E+02  1.2401E+01 -1.7184E+02
  2.0728E+00  1.8120E+01  3.4750E+01  4.8823E-01  1.7371E+02  1.2401E+01 -1.7184E+02
  2.0750E+00  1.8127E+01  3.4750E+01  4.8822E-01  1.7371E+02  1.2401E+01 -1.7184E+02
  2.0772E+00  1.8135E+01  3.4750E+01  4.8822E-01  1.7371E+02  1.2401E+01 -1.7184E+02
  2.0795E+00  1.8142E+01  3.4750E+01  4.8822E-01  1.7370E+02  1.2401E+01 -1.7184E+02
  2.0817E+00  1.8150E+01  3.4750E+01  4.8822E-01  1.7370E+02  1.2400E+01 -1.7184E+02
  2.0840E+00  1.8157E+01  3.4750E+01  4.8822E-01  1.7370E+02  1.2400E+01 -1.7183E+02
  2.0862E+00  1.8165E+01  3.4750E+01  4.8821E-01  1.7370E+02  1.2400E+01 -1.7183E+02
  2.0885E+00  1.8172E+01  3.4750E+01  4.8821E-01  1.7370E+02  1.2400E+01 -1.7183E+02
  2.0907E+00  1.8180E+01  3.4750E+01  4.8821E-01  1.7370E+02  1.2400E+01 -1.7183E+02
  2.0929E+00  1.8187E+01  3.4750E+01  4.8821E-01  1.7370E+02  1.2400E+01 -1.7183E+02
  2.0952E+00  1.8195E+01  3.4750E+01  4.8820E-01  1.7369E+02  1.2400E+01 -1.7183E+02
  2.0974E+00  1.8202E+01  3.4750E+01  4.8820E-01  1.7369E+02  1.2400E+01 -1.7183E+02
  2.0997E+00  1.8210E+01  3.4750E+01  4.8820E-01  1.7369E+02  1.2400E+01 -1.7183E+02
  2.1019E+00  1.8217E+01  3.4750E+01  4.8820E-01  1.7369E+02  1.2400E+01 -1.7182E+02
  2.1042E+00  1.8225E+01  3.4750E+01  4.8820E-01  1.7369E+02  1.2400E+01 -1.7182E+02
  2.1064E+00  1.8232E+01  3.4750E+01  4.8819E-01  1.7369E+02  1.2400E+01 -1.7182E+02
  2.1086E+00  1.8240E+01  3.4750E+01  4.8819E-01  1.7369E+02  1.2400E+01 -1.7182E+02
  2.1109E+00  1.8247E+01  3.4750E+01  4.8819E-01  1.7369E+02  1.2400E+01 -1.7182E+02
  2.1131E+00  1.8255E+01  3.4750E+01  4.8819E-01  1.7368E+02  1.2400E+01 -1.7182E+02
  2.1154E+00  1.8262E+01  3.4750E+01  4.8818E-01  1.7368E+02  1.2400E+01 -1.7182E+02
  2.1176E+00  1.8270E+01  3.4750E+01  4.8818E-01  1.7368E+02  1.2400E+01 -1.7181E+02
  2.1199E+00  1.8277E+01  3.4750E+01  4.8818E-01  1.7368E+02  1.2400E+01 -1.7181E+02
  2.1221E+00  1.8285E+01  3.4750E+01  4.8818E-01  1.7368E+02  1.2400E+01 -1.7181E+02
  2.1243E+00  1.8292E+01  3.4750E+01  4.8817E-01  1.7368E+02  1.2400E+01 -1.7181E+02
  2.1266E+00  1.8300E+01  3.4750E+01  4.8817E-01  1.7368E+02  1.2399E+01 -1.7181E+02
  2.1288E+00  1.8307E+01  3.4750E+01  4.8817E-01  1.7368E+02  1.2399E+01 -1.7181E+02
  2.1311E+00  1.8315E+01  3.4750E+01  4.8817E-01  1.7367E+02  1.2399E+01 -1.7181E+02
  2.1333E+00  1.8322E+01  3.4750E+01  4.8817E-01  1.7367E+02  1.2399E+01 -1.7181E+02
  2.1356E+00  1.8329E+01  3.4750E+01  4.8816E-01  1.7367E+02  1.2399E+01 -1.7180E+02
  2.1378E+00  1.8337E+01  3.4750E+01  4.8816E-01  1.7367E+02  1.2399E+01 -1.7180E+02
  2.1400E+00  1.8344E+01  3.4750E+01  4.8816E-01  1.7367E+02  1.2399E+01 -1.7180E+02
  2.1423E+00  1.8352E+01  3.4750E+01  4.8816E-01  1.7367E+02  1.2399E+01 -1.7180E+02
  2.1445E+00  1.8359E+01  3.4750E+01  4.8815E-01  1.7367E+02  1.2399E+01 -1.7180E+02
  2.1468E+00  1.8367E+01  3.4750E+01  4.8815E-01  1.7367E+02  1.2399E+01 -1.7180E+02
  2.1490E+00  1.8374E+01  3.4750E+01  4.8815E-01  1.7366E+02  1.2399E+01 -1.7180E+02
  2.1513E+00  1.8382E+01  3.4750E+01  4.8815E-01  1.7366E+02  1.2399E+01 -1.7180E+02
  2.1535E+00  1.8389E+01  3.4750E+01  4.8814E-01  1.7366E+02  1.2399E+01 -1.7179E+02
  2.1558E+00  1.8397E+01  3.4750E+01  4.8814E-01  1.7366E+02  1.2399E+01 -1.7179E+02
  2.1580E+00  1.8404E+01  3.4750E+01  4.8814E-01  1.7366E+02  1.2399E+01 -1.7179E+02
  2.1602E+00  1.8412E+01  3.4750E+01  4.8814E-01  1.7366E+02  1.2399E+01 -1.7179E+02
  2.1625E+00  1.8419E+01  3.4750E+01  4.8814E-01  1.7366E+02  1.2399E+01 -1.7179E+02
  2.1647E+00  1.8427E+01  3.4750E+01  4.8813E-01  1.7366E+02  1.2399E+01 -1.7179E+02
  2.1670E+00  1.8434E+01  3.4750E+01  4.8813E-01  1.7365E+02  1.2399E+01 -1.7179E+02
  2.1692E+00  1.8442E+01  3.4750E+01  4.8813E-01  1.7365E+02  1.2399E+01 -1.7178E+02
  2.1715E+00  1.8449E+01  3.4750E+01  4.8813E-01  1.7365E+02  1.2398E+01 -1.7178E+02
  2.1737E+00  1.8457E+01  3.4750E+01  4.8812E-01  1.7365E+02  1.2398E+01 -1.7178E+02
  2.1759E+00  1.8464E+01  3.4750E+01  4.8812E-01  1.7365E+02  1.2398E+01 -1.7178E+02
  2.1782E+00  1.8472E+01  3.4750E+01  4.8812E-01  1.7365E+02  1.2398E+01 -1.7178E+02
  2.1804E+00  1.8479E+01  3.4750E+01  4.8812E-01  1.7365E+02  1.2398E+01 -1.7178E+02
  2.1827E+00  1.8487E+01  3.4750E+01  4.8811E-01  1.7364E+02  1.2398E+01 -1.7178E+02
  2.1849E+00  1.8494E+01  3.4750E+01  4.8811E-01  1.7364E+02  1.2398E+01 -1.7178E+02
  2.1872E+00  1.8502E+01  3.4750E+01  4.8811E-01  1.7364E+02  1.2398E+01 -1.7177E+02
  2.1894E+00  1.8509E+01  3.4750E+01  4.8811E-01  1.7364E+02  1.2398E+01 -1.7177E+02
  2.1916E+00  1.8517E+01  3.4750E+01  4.8811E-01  1.7364E+02  1.2398E+01 -1.7177E+02
  2.1939E+00  1.8524E+01  3.4750E+01  4.8810E-01  1.7364E+02  1.2398E+01 -1.7177E+02
  2.1961E+00  1.8532E+01  3.4750E+01  4.8810E-01  1.7364E+02  1.2398E+01 -1.7177E+02
  2.1984E+00  1.8539E+01  3.4750E+01  4.8810E-01  1.7364E+02  1.2398E+01 -1.7177E+02
  2.2006E+00  1.8547E+01  3.4750E+01  4.8810E-01  1.7363E+02  1.2398E+01 -1.7177E+02
  2.2029E+00  1.8554E+01  3.4750E+01  4.8809E-01  1.7363E+02  1.2398E+01 -1.7177E+02
  2.2051E+00  1.8561E+01  3.4750E+01  4.8809E-01  1.7363E+02  1.2398E+01 -1.7176E+02
  2.2073E+00  1.8569E+01  3.4750E+01  4.8809E-01  1.7363E+02  1.2398E+01 -1.7176E+02
  2.2096E+00  1.8576E+01  3.4750E+01  4.8809E-01  1.7363E+02  1.2398E+01 -1.7176E+02
  2.2118E+00  1.8584E+01  3.4750E+01  4.8808E-01  1.7363E+02  1.2398E+01 -1.7176E+02
  2.2141E+00  1.8591E+01  3.4750E+01  4.8808E-01  1.7363E+02  1.2398E+01 -1.7176E+02
  2.2163E+00  1.8599E+01  3.4750E+01  4.8808E-01  1.7363E+02  1.2398E+01 -1.7176E+02
  2.2186E+00  1.8606E+01  3.4750E+01  4.8808E-01  1.7362E+02  1.2397E+01 -1.7176E+02
  2.2208E+00  1.8614E+01  3.4750E+01  4.8808E-01  1.7362E+02  1.2397E+01 -1.7175E+02
  2.2230E+00  1.8621E+01  3.4750E+01  4.8807E-01  1.7362E+02  1.2397E+01 -1.7175E+02
  2.2253E+00  1.8629E+01  3.4750E+01  4.8807E-01  1.7362E+02  1.2397E+01 -1.7175E+02
  2.2275E+00  1.8636E+01  3.4750E+01  4.8807E-01  1.7362E+02  1.2397E+01 -1.7175E+02
  2.2298E+00  1.8644E+01  3.4750E+01  4.8807E-01  1.7362E+02  1.2397E+01 -1.7175E+02
  2.2320E+00  1.8651E+01  3.4750E+01  4.8806E-01  1.7362E+02  1.2397E+01 -1.7175E+02
  2.2343E+00  1.8659E+01  3.4750E+01  4.8806E-01  1.7362E+02  1.2397E+01 -1.7175E+02
  2.2365E+00  1.8666E+01  3.4750E+01  4.8806E-01  1.7361E+02  1.2397E+01 -1.7175E+02
  2.2388E+00  1.8674E+01  3.4750E+01  4.8806E-01  1.7361E+02  1.2397E+01 -1.7174E+02
  2.2410E+00  1.8681E+01  3.4750E+01  4.8805E-01  1.7361E+02  1.2397E+01 -1.7174E+02
  2.2432E+00  1.8689E+01  3.4750E+01  4.8805E-01  1.7361E+02  1.2397E+01 -1.7174E+02
  2.2455E+00  1.8696E+01  3.4750E+01  4.8805E-01  1.7361E+02  1.2397E+01 -1.7174E+02
  2.2477E+00  1.8704E+01  3.4750E+01  4.8805E-01  1.7361E+02  1.2397E+01 -1.7174E+02
  2.2500E+00  1.8711E+01  3.4750E+01  4.8805E-01  1.7361E+02  1.2397E+01 -1.7174E+02
  2.2522E+00  1.8719E+01  3.4750E+01  4.8804E-01  1.7361E+02  1.2397E+01 -1.7174E+02
  2.2545E+00  1.8726E+01  3.4750E+01  4.8804E-01  1.7360E+02  1.2397E+01 -1.7174E+02
  2.2567E+00  1.8734E+01  3.4750E+01  4.8804E-01  1.7360E+02  1.2397E+01 -1.7173E+02
  2.2589E+00  1.8741E+01  3.4750E+01  4.8804E-01  1.7360E+02  1.2397E+01 -1.7173E+02
  2.2612E+00  1.8749E+01  3.4750E+01  4.8803E-01  1.7360E+02  1.2397E+01 -1.7173E+02
  2.2634E+00  1.8756E+01  3.4750E+01  4.8803E-01  1.7360E+02  1.2396E+01 -1.7173E+02
  2.2657E+00  1.8764E+01  3.4750E+01  4.8803E-01  1.7360E+02  1.2396E+01 -1.7173E+02
  2.2679E+00  1.8771E+01  3.4750E+01  4.8803E-01  1.7360E+02  1.2396E+01 -1.7173E+02
  2.2702E+00  1.8778E+01  3.4750E+01  4.8802E-01  1.7359E+02  1.2396E+01 -1.7173E+02
  2.2724E+00  1.8786E+01  3.4750E+01  4.8802E-01  1.7359E+02  1.2396E+01 -1.7172E+02
  2.2746E+00  1.8793E+01  3.4750E+01  4.8802E-01  1.7359E+02  1.2396E+01 -1.7172E+02
  2.2769E+00  1.8801E+01  3.4750E+01  4.8802E-01  1.7359E+02  1.2396E+01 -1.7172E+02
  2.2791E+00  1.8808E+01  3.4750E+01  4.8802E-01  1.7359E+02  1.2396E+01 -1.7172E+02
  2.2814E+00  1.8816E+01  3.4750E+01  4.8801E-01  1.7359E+02  1.2396E+01 -1.7172E+02
  2.2836E+00  1.8823E+01  3.4750E+01  4.8801E-01  1.7359E+02  1.2396E+01 -1.7172E+02
  2.2859E+00  1.8831E+01  3.4750E+01  4.8801E-01  1.7359E+02  1.2396E+01 -1.7172E+02
  2.2881E+00  1.8838E+01  3.4750E+01  4.8801E-01  1.7358E+02  1.2396E+01 -1.7172E+02
  2.2903E+00  1.8846E+01  3.4750E+01  4.8800E-01  1.7358E+02  1.2396E+01 -1.7171E+02
  2.2926E+00  1.8853E+01  3.4750E+01  4.8800E-01  1.7358E+02  1.2396E+01 -1.7171E+02
  2.2948E+00  1.8861E+01  3.4750E+01  4.8800E-01  1.7358E+02  1.2396E+01 -1.7171E+02
  2.2971E+00  1.8868E+01  3.4750E+01  4.8800E-01  1.7358E+02  1.2396E+01 -1.7171E+02
  2.2993E+00  1.8876E+01  3.4750E+01  4.8799E-01  1.7358E+02  1.2396E+01 -1.7171E+02
  2.3016E+00  1.8883E+01  3.4750E+01  4.8799E-01  1.7358E+02  1.2396E+01 -1.7171E+02
  2.3038E+00  1.8891E+01  3.4750E+01  4.8799E-01  1.7358E+02  1.2396E+01 -1.7171E+02
  2.3060E+00  1.8898E+01  3.4750E+01  4.8799E-01  1.7357E+02  1.2396E+01 -1.7171E+02
  2.3083E+00  1.8906E+01  3.4750E+01  4.8799E-01  1.7357E+02  1.2396E+01 -1.7170E+02
  2.3105E+00  1.8913E+01  3.4750E+01  4.8798E-01  1.7357E+02  1.2396E+01 -1.7170E+02
  2.3128E+00  1.8921E+01  3.4750E+01  4.8798E-01  1.7357E+02  1.2395E+01 -1.7170E+02
  2.3150E+00  1.8928E+01  3.4750E+01  4.8798E-01  1.7357E+02  1.2395E+01 -1.7170E+02
  2.3173E+00  1.8936E+01  3.4750E+01  4.8798E-01  1.7357E+02  1.2395E+01 -1.7170E+02
  2.3195E+00  1.8943E+01  3.4750E+01  4.8797E-01  1.7357E+02  1.2395E+01 -1.7170E+02
  2.3218E+00  1.8951E+01  3.4750E+01  4.8797E-01  1.7356E+02  1.2395E+01 -1.7170E+02
  2.3240E+00  1.8958E+01  3.4750E+01  4.8797E-01  1.7356E+02  1.2395E+01 -1.7169E+02
  2.3262E+00  1.8966E+01  3.4750E+01  4.8797E-01  1.7356E+02  1.2395E+01 -1.7169E+02
  2.3285E+00  1.8973E+01  3.4750E+01  4.8796E-01  1.7356E+02  1.2395E+01 -1.7169E+02
  2.3307E+00  1.8981E+01  3.4750E+01  4.8796E-01  1.7356E+02  1.2395E+01 -1.7169E+02
  2.3330E+00  1.8988E+01  3.4750E+01  4.8796E-01  1.7356E+02  1.2395E+01 -1.7169E+02
  2.3352E+00  1.8996E+01  3.4750E+01  4.8796E-01  1.7356E+02  1.2395E+01 -1.7169E+02
  2.3375E+00  1.9003E+01  3.4750E+01  4.8796E-01  1.7356E+02  1.2395E+01 -1.7169E+02
  2.3397E+00  1.9010E+01  3.4750E+01  4.8795E-01  1.7355E+02  1.2395E+01 -1.7169E+02
  2.3419E+00  1.9018E+01  3.4750E+01  4.8795E-01  1.7355E+02  1.2395E+01 -1.7168E+02
  2.3442E+00  1.9025E+01  3.4750E+01  4.8795E-01  1.7355E+02  1.2395E+01 -1.7168E+02
  2.3464E+00  1.9033E+01  3.4750E+01  4.8795E-01  1.7355E+02  1.2395E+01 -1.7168E+02
  2.3487E+00  1.9040E+01  3.4750E+01  4.8794E-01  1.7355E+02  1.2395E+01 -1.7168E+02
  2.3509E+00  1.9048E+01  3.4750E+01  4.8794E-01  1.7355E+02  1.2395E+01 -1.7168E+02
  2.3554E+00  1.9063E+01  3.4750E+01  4.8794E-01  1.7355E+02  1.2395E+01 -1.7168E+02
