  5.173746250417E-04  1.505720257072E-03  2.355308644334E+00  1.006478566463E+04 -2.723461507812E+04  3.531750855286E+07  1.910447792611E+01 -4.882812500000E-04   1   5
 -1.929253390633E-04  1.330326307920E-03  2.021862641306E-04 -3.559212269600E+03 -2.475234598914E+04 -7.885986616235E+04 -4.132563897220E-02 -4.882812500000E-04   1   3
 -5.609869707772E-04 -2.402012875396E-04  1.922598144213E-04 -9.162918460691E+03  4.662762044066E+03 -7.178957837218E+04 -4.136011987521E-02 -4.882812500000E-04   1   3
 -7.565432773063E-05  6.460423805990E-04  8.594771488601E-05 -9.182799358799E+02 -1.335630152299E+04 -3.693425348102E+04 -4.171884461365E-02 -4.882812500000E-04   1   3
 -4.824080426854E-04 -2.191043811453E-04  1.032001449701E-04 -7.177789232397E+03  4.355252467265E+03 -4.187318017156E+04 -4.166070291332E-02 -4.882812500000E-04   1   3
 -1.371695169590E-04  1.005910477399E-03  1.147380029782E-04 -1.856904661941E+03 -2.055303953161E+04 -4.537199008470E+04 -4.162163214345E-02 -4.882812500000E-04   1   3
 -6.037662614452E-04 -2.682061340876E-04  1.158608306713E-04 -8.360991897130E+03  5.443019420143E+03 -4.587583409507E+04 -4.161791369139E-02 -4.882812500000E-04   1   3
 -8.167633355501E-05  6.017014471898E-04 -3.125495099177E-04 -1.071345807158E+03 -1.290277490302E+04  9.776819564303E+04 -4.306358648608E-02 -4.882812500000E-04   1   5
 -4.134858676763E-04  6.491938174146E-04  5.104774554483E-04 -6.161616182674E+03 -1.338695608528E+04 -2.217961503551E+05 -4.028122483219E-02 -4.882812500000E-04   1   5
 -1.844485834189E-05 -6.429747938261E-04 -3.610284329119E-04 -4.750353698693E+02  1.300384789141E+04  1.121488819035E+05 -4.322690685960E-02 -4.882812500000E-04   1   5
 -4.894317601851E-05  4.745851701403E-04  5.672063477342E-04 -7.728813767374E+02 -9.173610032836E+03 -2.416070843180E+05 -4.008982640497E-02 -4.882812500000E-04   1   5
  5.745028582618E-04 -3.075781125987E-04  2.978012999817E-04  6.995245432763E+03  6.183178223232E+03 -1.224129658970E+05 -4.100216602261E-02 -4.882812500000E-04   1   5
  1.851998486206E-04  1.194045778023E-03 -7.488342955417E-04  3.698949088193E+03 -2.095536261787E+04  1.779662922595E+05 -4.452744829703E-02 -4.882812500000E-04   1   5
 -1.854878840456E-05  1.165729336338E-04  7.361461535265E-04  9.957916781347E+02 -3.228171624514E+03 -3.115110078548E+05 -3.951818105501E-02 -4.882812500000E-04   1   5
  5.145320301827E-04  1.011481025729E-04 -3.071387025031E-04  6.050752170913E+03 -2.483883970736E+03  9.917097337310E+04 -4.304561278522E-02 -4.882812500000E-04   1   5
  1.086585661249E-04 -6.191100983124E-06  7.509259483260E-04  2.995574603229E+03  1.740231388162E+03 -3.156024483605E+05 -3.946837836089E-02 -4.882812500000E-04   1   5
  4.977303859389E-04  4.182157233976E-04  2.309355362349E-04  6.160640744300E+03 -8.722141137522E+03 -1.012227941174E+05 -4.122771029079E-02 -4.882812500000E-04   1   5
 -5.770389314912E-04  4.076868526029E-04 -2.331339557453E-04 -8.053123603732E+03 -8.125060482907E+03  8.154468216892E+04 -4.279666426775E-02 -4.882812500000E-04   1   5
 -1.911135746660E-04  3.496672827379E-04  5.756496692126E-04 -1.941589189734E+03 -7.928839810838E+03 -2.522346230151E+05 -4.006045143212E-02 -4.882812500000E-04   1   5
 -8.898251196719E-06  1.940824535930E-04  3.233671771463E-04  1.852582550305E+02 -4.871161411937E+03 -1.371897512617E+05 -4.091541903194E-02 -4.882812500000E-04   1   5
  1.351576715896E-04 -5.167349253001E-04 -6.337408715513E-04  1.891966349728E+03  1.025848055898E+04  1.704055350989E+05 -4.414325987939E-02 -4.882812500000E-04   1   5
 -3.774491205519E-05 -3.992194545491E-04  4.805306586229E-04 -5.416135293089E+02  8.089267320205E+03 -2.122437097924E+05 -4.038241478894E-02 -4.882812500000E-04   1   5
 -4.724157747078E-04 -8.518492315383E-04  1.031225344770E-03 -8.945518621621E+03  1.589731965380E+04 -3.906285154120E+05 -3.852409216488E-02 -4.882812500000E-04   1   5
 -3.978418637436E-04  3.269357590439E-04  3.355362876447E-04 -3.202353925963E+03 -7.035054742330E+03 -1.406131060392E+05 -4.087425859508E-02 -4.882812500000E-04   1   5
  2.903257716595E-04 -9.880337207966E-04  7.950988158210E-04  4.908374497406E+03  1.845129032358E+04 -3.303736919504E+05 -3.931886992744E-02 -4.882812500000E-04   1   5
  4.336160328475E-05  1.712095704695E-04  9.694702248599E-04  1.814774926017E+03 -4.346045686207E+03 -3.898096147806E+05 -3.873063475157E-02 -4.882812500000E-04   1   5
  3.405054321719E-06  7.340152069944E-05 -1.013052580601E-04 -3.574061653229E+03 -2.104465929919E+03  3.522310897934E+04 -4.235181784489E-02 -4.882812500000E-04   1   5
  1.657119103002E-04 -7.494055508164E-04 -2.350588083155E-04  2.269914647018E+03  1.576924595889E+04  8.196988115041E+04 -4.280321278196E-02 -4.882812500000E-04   1   5
  6.142001556941E-05 -7.920848420819E-04  1.080422586051E-04  2.673943725709E+02  1.673616505768E+04 -4.363441592718E+04 -4.164431343899E-02 -4.882812500000E-04   1   5
 -1.429715189131E-04  1.052666327219E-03 -7.573921001112E-04 -2.389475934561E+03 -1.967153064094E+04  1.857686018170E+05 -4.455712957675E-02 -4.882812500000E-04   1   5
 -5.314174399975E-04  6.823288729256E-04 -1.222143456063E-04 -7.153683083168E+03 -1.413731599602E+04  4.570038051333E+04 -4.242250428971E-02 -4.882812500000E-04   1   5
  5.582560932677E-04 -3.157677827418E-04 -6.946090741526E-04  1.003365175198E+04  5.746900875476E+03  1.688304979849E+05 -4.434602539640E-02 -4.882812500000E-04   1   5
 -2.765759902072E-06  6.991003428851E-04 -1.197838265456E-04  3.892606242117E+02 -1.633503764147E+04  4.560139738424E+04 -4.241456910429E-02 -4.882812500000E-04   1   5
  1.055228164957E-04  6.598454483851E-04 -2.513697253543E-04  5.800087380472E+02 -1.494655311658E+04  8.886681233343E+04 -4.285845578103E-02 -4.882812500000E-04   1   5
  7.033717629023E-07 -1.809444206112E-04 -5.406940862316E-04  2.052189510520E+03  5.687305873680E+03  1.470521497980E+05 -4.383028730552E-02 -4.882812500000E-04   1   5
  5.403070590254E-04 -1.417874687176E-04  3.471772605654E-04  6.492619340023E+03  3.167281199719E+03 -1.452489027527E+05 -4.083486568133E-02 -4.882812500000E-04   1   5
  2.120870984011E-04  6.776690039995E-04  3.386062399651E-04  2.507517391515E+03 -1.497635468842E+04 -1.417155743049E+05 -4.086391345509E-02 -4.882812500000E-04   1   5
 -6.824418845297E-04 -7.153468965898E-04 -2.138874749202E-04 -1.022696533710E+04  1.412774636152E+04  7.625678540144E+04 -4.273166612272E-02 -4.882812500000E-04   1   5
  1.868431859454E-04  1.244694036806E-03  3.821429377404E-04  2.569434953579E+03 -2.469843743401E+04 -1.598318063167E+05 -4.071618645554E-02 -4.882812500000E-04   1   5
  2.201387994314E-04  9.296680760114E-04 -4.795526967150E-04  3.740033672079E+03 -1.814593540191E+04  1.360749907923E+05 -4.362479647621E-02 -4.882812500000E-04   1   5
 -7.923463964709E-05  1.308216585292E-03  6.487380412596E-04 -1.089958340501E+03 -2.549999586558E+04 -2.762867061101E+05 -3.981326718181E-02 -4.882812500000E-04   1   5
  1.694783457740E-04  1.013308419710E-04  2.963083804941E-04  1.459013949571E+03 -2.014859593776E+03 -1.265673750068E+05 -4.100689643992E-02 -4.882812500000E-04   1   5
 -1.897385046304E-04  6.845301512195E-04  5.536586961590E-04 -3.248164079267E+03 -1.354233088111E+04 -2.399964978689E+05 -4.013511145142E-02 -4.882812500000E-04   1   5
  6.152905763800E-05 -1.105079759922E-03  4.643550735559E-04  1.128238325935E+03  2.206375924122E+04 -1.977643348834E+05 -4.043768625222E-02 -4.882812500000E-04   1   5
 -3.488655305728E-04  1.233001116003E-03  3.158007632305E-04 -5.131928334186E+03 -2.464848179477E+04 -1.311099421583E+05 -4.094078841675E-02 -4.882812500000E-04   1   5
  2.326458464564E-04 -1.251201072555E-04 -9.508900430166E-05 -8.080578172010E+02  3.552064593765E+03  3.183875670971E+04 -4.233061616907E-02 -4.882812500000E-04   1   5
  2.850303169526E-04 -4.989087350718E-04 -8.966123462648E-04  5.303764385812E+03  9.620807469615E+03  1.935762606900E+05 -4.502277882338E-02 -4.882812500000E-04   1   5
  1.075123066693E-05  6.295873415499E-04  2.867782227072E-04  2.657905856993E+01 -1.286602027743E+04 -1.233020046806E+05 -4.103896883155E-02 -4.882812500000E-04   1   5
 -6.057473414142E-04 -7.022952333789E-04  7.569843985862E-04 -1.071639605168E+04  1.342265029063E+04 -3.212024218666E+05 -3.944714519975E-02 -4.882812500000E-04   1   5
  1.980215788837E-05 -1.541175056992E-04  2.007749544162E-04 -8.679540126686E+02  5.193583785843E+03 -8.071061051743E+04 -4.133085791180E-02 -4.882812500000E-04   1   5
  8.196350566243E-06 -4.481664438326E-04  5.102019252812E-05  1.781381804201E+02  9.732061440889E+03 -2.911083748005E+04 -4.183633946597E-02 -4.882812500000E-04   1   5
 -2.234590897245E-04  1.017703421463E-03  4.285958962429E-04 -2.982633853131E+03 -2.092692217371E+04 -1.788250641492E+05 -4.055922145678E-02 -4.882812500000E-04   1   5
  8.672941573365E-05 -3.201647200833E-04  5.218126633069E-04  1.482146365706E+03  5.871477551073E+03 -2.308143391766E+05 -4.024255193688E-02 -4.882812500000E-04   1   5
  1.066494408834E-04 -1.047408562592E-04 -1.921820643624E-04 -3.351520223775E+03  2.236472632882E+03  7.061900555110E+04 -4.265893088111E-02 -4.882812500000E-04   1   5
  1.028633576420E-04  6.372610579676E-04 -3.506681307703E-04  9.677367808802E+02 -1.386931832317E+04  1.089648458632E+05 -4.319199686967E-02 -4.882812500000E-04   1   5
  6.960175696633E-05  1.002534638150E-03  6.217037898884E-04  1.041714594548E+03 -1.948203893867E+04 -2.648092136262E+05 -3.990504377836E-02 -4.882812500000E-04   1   5
  8.138081662554E-04 -1.473779944024E-05  1.272280458435E-04  1.189681521861E+04  4.514208101437E+02 -4.910978297804E+04 -4.157947399625E-02 -4.882812500000E-04   1   5
 -5.157596134801E-04 -2.210756394195E-04  1.588866264401E-04 -6.510937010336E+03  4.649735627689E+03 -5.885801801129E+04 -4.147294733346E-02 -4.882812500000E-04   1   5
 -1.071721044306E-04  7.625580926579E-04 -5.474408600810E-04 -1.082944142140E+03 -1.599388134314E+04  1.512165651317E+05 -4.385312798398E-02 -4.882812500000E-04   1   5
 -1.021582494070E-04 -8.673787753608E-04 -4.417010058626E-04 -1.713108066618E+03  1.685999085451E+04  1.292395643100E+05 -4.349781355417E-02 -4.882812500000E-04   1   5
  4.326553299915E-04  1.295559697873E-05 -4.179961819828E-05  6.067230512251E+03 -5.310465903300E+02  1.035984269737E+04 -4.215043077185E-02 -4.882812500000E-04   1   5
  4.055864207153E-04 -1.664279742765E-04  2.307995626754E-04  4.549819135693E+03  3.353961260014E+03 -1.039856370654E+05 -4.122793930193E-02 -4.882812500000E-04   1   5
  1.668707318779E-04  2.131197857874E-04 -1.525662719439E-04  2.042012808756E+02 -4.659016579781E+03  6.185283753200E+04 -4.252584908414E-02 -4.882812500000E-04   1   5
  1.721845776787E-04 -6.195896289576E-04  2.153667701115E-04  1.315886697029E+03  1.356709206319E+04 -9.273757180233E+04 -4.128070524911E-02 -4.882812500000E-04   1   5
  8.003310794017E-04 -5.530550498745E-04  7.942301345527E-04  1.375006239977E+04  1.042094396495E+04 -3.306045072903E+05 -3.932170139907E-02 -4.882812500000E-04   1   5
 -1.462907889527E-04  3.526874940907E-04  1.436223367750E-04 -1.308139231178E+02 -7.924449473673E+03 -5.349878493252E+04 -4.152460046756E-02 -4.882812500000E-04   1   5
  5.870257296318E-04  5.578588320149E-04 -8.308817106171E-04  1.029978995038E+04 -1.067378001224E+04  1.905923240931E+05 -4.480298315084E-02 -4.882812500000E-04   1   5
 -7.543384682989E-04 -2.265531428771E-04  3.451143146789E-04 -1.294037762357E+04  4.199297881582E+03 -1.480966258761E+05 -4.084127941665E-02 -4.882812500000E-04   1   5
  4.680423710443E-04 -6.305174380447E-04 -4.310189316725E-04  7.114169425232E+03  1.290195263024E+04  1.287333776481E+05 -4.346214382276E-02 -4.882812500000E-04   1   5
 -2.016989128496E-04 -4.927980488135E-04 -6.783407390261E-04 -3.918427981779E+03  8.646771713452E+03  1.722264452326E+05 -4.429221224670E-02 -4.882812500000E-04   1   5
 -4.169211261630E-04 -5.791995871634E-04 -1.136339636565E-04 -5.495867200127E+03  1.232165509733E+04  4.098241461008E+04 -4.239345852613E-02 -4.882812500000E-04   1   5
  3.052079548667E-04 -1.948005215057E-04 -4.536397316706E-04  4.456919099486E+03  4.118007533081E+03  1.298971121943E+05 -4.353792663454E-02 -4.882812500000E-04   1   5
 -7.399492031266E-04 -1.034759727998E-04  1.207473998774E-04 -1.219792435995E+04  1.814079452863E+03 -4.633151836801E+04 -4.160148781236E-02 -4.882812500000E-04   1   5
 -2.674327382532E-06  8.102931051015E-04 -2.646912762567E-04  7.822756715127E+02 -1.795953972417E+04  9.250263429613E+04 -4.290325672209E-02 -4.882812500000E-04   1   5
 -5.244522924355E-04 -1.159429244095E-03  6.575365445030E-04 -9.702814795302E+03  2.149377259111E+04 -2.809666637539E+05 -3.978326574384E-02 -4.882812500000E-04   1   5
  4.915588030383E-04 -6.390016487388E-04  5.286509755242E-04  6.750365957345E+03  1.274847301171E+04 -2.301683125257E+05 -4.021957337985E-02 -4.882812500000E-04   1   5
 -2.268214609355E-04  3.403140609017E-05  1.333306063778E-04 -2.573394078027E+03 -8.332215032308E+02 -5.207795078252E+04 -4.155913423352E-02 -4.882812500000E-04   1   5
  5.061506973498E-04 -4.684748617973E-04  9.532599054363E-04  8.474470477561E+03  9.001080963632E+03 -3.830372852651E+05 -3.878529248265E-02 -4.882812500000E-04   1   5
  1.532274742577E-04 -1.656087286641E-04 -5.413457506709E-06  8.590548334235E+02  3.793236258449E+03  4.515468334250E+03 -4.202845271044E-02 -4.882812500000E-04   1   5
  1.621231438265E-04  6.198906712161E-05  1.105656948886E-03  3.173147892545E+03 -1.604778755117E+03 -3.971040224315E+05 -3.827543830009E-02 -4.882812500000E-04   1   5
 -4.103999521761E-04 -3.546768707392E-04  9.170341575326E-04 -8.344294252602E+03  6.337949718744E+03 -3.697252614472E+05 -3.890777015149E-02 -4.882812500000E-04   1   5
  2.449571023976E-04 -5.921164016055E-04 -3.634879518328E-04  3.077444887060E+03  1.278136741598E+04  1.124743237327E+05 -4.323514429217E-02 -4.882812500000E-04   1   5
  2.120882226840E-04 -5.733506265822E-04  2.435866817390E-04  2.635171394342E+03  1.181776355750E+04 -1.137288769119E+05 -4.118416032836E-02 -4.882812500000E-04   1   5
  2.450410799034E-04 -4.030146970918E-04 -2.704120879415E-04  4.270991787089E+03  7.578379508929E+03  8.453844995771E+04 -4.292153377095E-02 -4.882812500000E-04   1   5
  7.511645273897E-04  1.713604735626E-04  9.239993161114E-04  1.330171257571E+04 -3.251499668138E+03 -3.734168503678E+05 -3.888392651505E-02 -4.882812500000E-04   1   5
  2.573459026062E-05 -8.402063985638E-04 -1.260102931617E-04  8.324200626683E+01  1.710910392225E+04  4.967586660323E+04 -4.243571360426E-02 -4.882812500000E-04   1   5
 -4.293057301072E-04  8.464953842436E-04  6.593061286067E-04 -6.876923513839E+03 -1.663546203147E+04 -2.813409761098E+05 -3.977769003939E-02 -4.882812500000E-04   1   5
  5.346323079465E-04  6.655536666524E-04 -6.297273547222E-04  8.352149059507E+03 -1.287797673075E+04  1.679117839106E+05 -4.412936472920E-02 -4.882812500000E-04   1   5
 -1.618013906402E-04 -7.998457395288E-04 -7.086151176994E-04 -3.313154347875E+03  1.424620645940E+04  1.687621083914E+05 -4.439265243638E-02 -4.882812500000E-04   1   5
  1.992048780022E-04  3.265662748701E-04  6.964575391240E-04  3.787167333368E+03 -5.924821376704E+03 -3.016949286556E+05 -3.965167209338E-02 -4.882812500000E-04   1   5
 -2.877950233456E-04 -4.614742171301E-04  9.872719559745E-05 -2.014221157034E+03  1.084965080019E+04 -3.871771305978E+04 -4.167599348293E-02 -4.882812500000E-04   1   5
 -4.255775776420E-04 -3.303971557198E-04  6.483546331593E-05 -4.004922404534E+03  7.439087612826E+03 -2.372018917119E+04 -4.179073262398E-02 -4.882812500000E-04   1   5
  4.843695556733E-04  7.259356810128E-04  2.526833910843E-04  6.312487831797E+03 -1.494190223430E+04 -1.075813110014E+05 -4.115432944348E-02 -4.882812500000E-04   1   5
 -1.830109273830E-05  9.158402815426E-05 -5.476241322446E-04  1.750364269822E+03 -4.154651037127E+03  1.505282317510E+05 -4.385378702441E-02 -4.882812500000E-04   1   5
 -5.103212948812E-05 -6.261557691637E-04 -2.224156137691E-04 -8.709558938847E+02  1.256304794186E+04  7.100527930975E+04 -4.275984919007E-02 -4.882812500000E-04   1   5
  4.393107427417E-04 -2.280782789347E-04  3.108876507474E-04  5.114923988697E+03  4.819997723778E+03 -1.298373781350E+05 -4.095776020632E-02 -4.882812500000E-04   1   5
 -5.109861525803E-04  3.305395900921E-04  9.917475358932E-04 -8.333833766959E+03 -6.496971502432E+03 -3.891817700156E+05 -3.865621240418E-02 -4.882812500000E-04   1   5
  5.568432401463E-04  1.273341618085E-04  4.599519908757E-04  7.402100283800E+03 -2.549428622478E+03 -1.941469665552E+05 -4.045300385591E-02 -4.882812500000E-04   1   5
 -2.069949651257E-04  7.623607134004E-04 -1.522166414150E-04 -2.220488564481E+03 -1.586802048295E+04  5.996685573219E+04 -4.252432204012E-02 -4.882812500000E-04   1   5
  2.942154685066E-04  7.669920510961E-04  5.146165543648E-04  5.885713524991E+03 -1.383330249302E+04 -2.290698005089E+05 -4.026648364713E-02 -4.882812500000E-04   1   5
 -1.290343502305E-04  1.402033723108E-05  8.782284996611E-05 -2.016251591550E+03 -1.824046269986E+02 -3.989985158066E+04 -4.171237472449E-02 -4.882812500000E-04   1   5
  2.918803789010E-04  1.086829220954E-03  5.335865175171E-04  4.842807436224E+03 -2.191074920523E+04 -2.330098594155E+05 -4.020262871698E-02 -4.882812500000E-04   1   5
  2.646855572485E-04 -1.210780617158E-04 -7.588851734037E-04  4.570566481412E+03  2.296915227780E+03  1.769342375972E+05 -4.456154198758E-02 -4.882812500000E-04   1   5
 -6.325767147978E-04  6.180401423907E-04  1.045600435923E-04 -8.758464349203E+03 -1.251234164370E+04 -4.139713305779E+04 -4.165600216130E-02 -4.882812500000E-04   1   5
  6.294173670802E-04 -4.106897447444E-04  8.017912123632E-04  1.204351467988E+04  7.489452236830E+03 -3.332877053882E+05 -3.929634515636E-02 -4.882812500000E-04   1   5
  3.617470358147E-04 -3.872364902604E-04  7.260359715975E-04  5.862734265610E+03  7.961404271906E+03 -3.081223274729E+05 -3.955219759739E-02 -4.882812500000E-04   1   5
 -1.281222573473E-05 -5.871074646638E-04  2.421571919817E-04 -3.275231571525E+02  1.163178227450E+04 -1.153252758130E+05 -4.118875978676E-02 -4.882812500000E-04   1   5
  9.150475350147E-05  8.122769933177E-04 -4.032990618015E-04  8.036885705502E+02 -1.722606828456E+04  1.222584117927E+05 -4.336899345905E-02 -4.882812500000E-04   1   5
 -1.958094106032E-04  1.266195682293E-04 -3.632088959771E-05 -2.946321427832E+03 -2.639659753672E+03  9.441090723850E+03 -4.213213476570E-02 -4.882812500000E-04   1   5
  5.674522893655E-04 -9.353143624276E-04  7.942905002967E-04  9.998023870536E+03  1.812362243514E+04 -3.303728388689E+05 -3.932150967265E-02 -4.882812500000E-04   1   5
  3.504028871459E-04  2.782819769957E-04 -6.617124707908E-04  6.421829477610E+03 -5.154215734217E+03  1.713376728932E+05 -4.423668050416E-02 -4.882812500000E-04   1   5
 -2.840599726641E-04  1.438898917725E-03 -4.624727647977E-04 -5.331990526730E+03 -2.641148670536E+04  1.349573580164E+05 -4.356708980968E-02 -4.882812500000E-04   1   5
 -5.843090580937E-06 -5.998157816320E-04 -2.149593835821E-04  1.290134069268E+03  1.406939002342E+04  7.853183503485E+04 -4.273584188958E-02 -4.882812500000E-04   1   5
  1.538112036108E-04  2.066116151316E-04  3.874523805223E-04  2.101104243025E+03 -4.423416820467E+03 -1.630310613088E+05 -4.069863167002E-02 -4.882812500000E-04   1   5
 -2.064980123653E-04 -1.075837741325E-03  6.164408552518E-04 -3.608672449910E+03  2.118041528435E+04 -2.621878542727E+05 -3.992284422278E-02 -4.882812500000E-04   1   5
 -2.387638524300E-04 -9.422774574562E-05 -2.345494306186E-04 -7.855384143175E+01  2.726554051344E+03  8.440132783941E+04 -4.280185533672E-02 -4.882812500000E-04   1   5
 -2.308486392078E-04  4.962132330705E-04  5.708950349748E-05 -1.709547917385E+03 -1.176520553454E+04 -2.020488198924E+04 -4.181703372058E-02 -4.882812500000E-04   1   5
 -7.632337603624E-05 -1.331376597240E-05  3.448663424477E-05 -3.789152661930E+03  1.454296835430E+03 -1.810800474485E+04 -4.189276045382E-02 -4.882812500000E-04   1   5
 -2.063128237794E-04  4.898496491012E-04 -4.609345900830E-04 -4.143402866026E+03 -8.676670385633E+03  1.377149187001E+05 -4.356306395072E-02 -4.882812500000E-04   1   5
  2.910102952782E-04 -2.557287041863E-04 -5.704900222603E-04  2.897371565342E+03  5.152789679506E+03  1.606242525888E+05 -4.393116740694E-02 -4.882812500000E-04   1   5
 -5.263739965481E-05 -2.430346607299E-04  9.133211227099E-04 -1.613494642632E+02  5.045287870727E+03 -3.709943526963E+05 -3.892015421420E-02 -4.882812500000E-04   1   5
  2.636401083438E-04  5.645892761058E-04 -1.778353547013E-04  1.638579251697E+03 -1.241311424919E+04  6.645549178799E+04 -4.261056810218E-02 -4.882812500000E-04   1   5
 -2.901460356568E-04 -7.218520772157E-04  6.026886899457E-04 -3.624885721323E+03  1.450087505828E+04 -2.582888299084E+05 -3.996937831828E-02 -4.882812500000E-04   1   5
 -4.981262437253E-04 -1.224094133444E-03  5.711881528971E-04 -8.769568777984E+03  2.323387903454E+04 -2.477127438023E+05 -4.007518956892E-02 -4.882812500000E-04   1   5
 -1.616374993296E-04 -1.389044926074E-03 -3.039201050026E-05 -2.774422215653E+03  2.691262890502E+04  1.216587412277E+04 -4.211196929436E-02 -4.882812500000E-04   1   5
  3.387904023665E-04 -2.510099651372E-04  1.015146007928E-03  6.776385936390E+03  4.443171422198E+03 -3.862698419436E+05 -3.857858163995E-02 -4.882812500000E-04   1   5
 -4.522602238748E-04 -3.551691872270E-04  4.008718398580E-04 -6.936591825093E+03  6.987782451319E+03 -1.649319391661E+05 -4.065350610888E-02 -4.882812500000E-04   1   5
 -4.861594225354E-04  1.370079303132E-03 -6.995741968536E-04 -1.078183186624E+04 -2.312104514599E+04  1.718351467187E+05 -4.436194390341E-02 -4.882812500000E-04   1   5
  1.677544224167E-04 -5.273553387717E-04  3.157421014555E-05  4.191525204380E+02  1.204999097265E+04 -1.004598512498E+04 -4.190331682963E-02 -4.882812500000E-04   1   5
  1.579066036877E-04 -6.943471390848E-04  6.291075188658E-05  1.861873789953E+03  1.520049090066E+04 -2.637724834596E+04 -4.179688454411E-02 -4.882812500000E-04   1   5
  2.371998374452E-04 -5.144414214081E-04  1.305523565920E-04  3.809492681474E+03  1.041227151342E+04 -5.053309527303E+04 -4.156849943348E-02 -4.882812500000E-04   1   5
  4.648047765184E-06  5.768004509810E-04 -2.349990578865E-04  1.004963619398E+03 -1.294907870499E+04  8.204025202238E+04 -4.280310793039E-02 -4.882812500000E-04   1   5
 -3.840052832339E-04  1.477970355189E-03  5.450405170113E-04 -6.476931712523E+03 -2.815761423204E+04 -2.360871114729E+05 -4.016356256578E-02 -4.882812500000E-04   1   5
 -3.919778926669E-04  4.259056544172E-04  4.467751502233E-04 -5.655179691804E+03 -8.668999233219E+03 -1.906737193725E+05 -4.049741412817E-02 -4.882812500000E-04   1   5
 -2.298399558464E-04  7.668515117289E-05  3.447023845129E-04 -1.558950293472E+03 -2.137185745077E+03 -1.485904431928E+05 -4.084288474040E-02 -4.882812500000E-04   1   5
 -1.966060194046E-04  3.984724952569E-04 -1.025341413077E-04  9.833553910041E+01 -9.618631682826E+03  3.547694806828E+04 -4.235588846973E-02 -4.882812500000E-04   1   5
  1.996167769021E-05 -8.337538026807E-04  1.520555945667E-04  7.929178088960E+02  1.761872013574E+04 -5.639004813368E+04 -4.149600416212E-02 -4.882812500000E-04   1   5
 -2.848139955018E-04  1.186468443107E-03  1.039720879665E-03 -5.363926935265E+03 -2.158367686669E+04 -3.897767225472E+05 -3.849559945338E-02 -4.882812500000E-04   1   5
  1.929080208644E-05 -3.326775820373E-04 -2.419462758030E-04 -6.301908598963E+02  7.284730386525E+03  7.809540139648E+04 -4.282590273175E-02 -4.882812500000E-04   1   5
 -1.176795761402E-04  5.811743012048E-04  5.375347970560E-04 -1.445234051076E+03 -1.146828346618E+04 -2.343029810923E+05 -4.018961726518E-02 -4.882812500000E-04   1   5
  4.270934402811E-04  5.118929213191E-04  5.643143451031E-04  6.708258007815E+03 -9.917323713470E+03 -2.440759447302E+05 -4.009907206369E-02 -4.882812500000E-04   1   5
  2.180028522602E-04 -8.617302473453E-04  3.153984032274E-04  2.954121504177E+03  1.724897221765E+04 -1.327941058103E+05 -4.094224493780E-02 -4.882812500000E-04   1   5
 -1.414021278634E-04  9.666625886059E-05 -3.588345760464E-04 -8.286104337529E+02 -2.178877296288E+03  1.084221548183E+05 -4.321927829613E-02 -4.882812500000E-04   1   5
 -4.175312890049E-04 -3.128895241887E-04  1.867415919801E-04 -4.291487583357E+03  7.071951720933E+03 -7.378097984947E+04 -4.137834187758E-02 -4.882812500000E-04   1   5
  2.088090021370E-05  5.429271034404E-04  3.099522960963E-04  5.233017696255E+02 -1.078094305865E+04 -1.345907722120E+05 -4.096038449291E-02 -4.882812500000E-04   1   5
  5.941862104748E-04  1.820697023950E-04  9.313402780635E-04  1.141164740922E+04 -3.242807527137E+03 -3.774578672995E+05 -3.885907443214E-02 -4.882812500000E-04   1   5
 -5.631495569590E-04  1.812833741088E-04  4.394561376335E-04 -8.479286411639E+03 -3.590007298308E+03 -1.864619175627E+05 -4.052226934582E-02 -4.882812500000E-04   1   5
 -7.396970116724E-04  3.903672741726E-04 -7.302193655705E-04 -1.474331529391E+04 -6.932466349178E+03  1.712612211103E+05 -4.446491273442E-02 -4.882812500000E-04   1   5
 -4.655346513869E-04 -6.764629886022E-04  5.892344806693E-04 -6.925651682949E+03  1.309619740872E+04 -2.548053176392E+05 -4.001459853047E-02 -4.882812500000E-04   1   5
  2.106402599416E-04 -7.612924887052E-04 -5.037818471365E-04  2.590405385960E+03  1.593518766312E+04  1.430545806011E+05 -4.370654401110E-02 -4.882812500000E-04   1   5
 -3.276892201094E-04  9.271274473770E-04 -2.715376732483E-04 -4.259035390334E+03 -1.904846316361E+04  9.334131791100E+04 -4.292603780084E-02 -4.882812500000E-04   1   5
  3.068057632104E-05 -4.819984886492E-05 -2.479869514791E-04 -8.173330588026E+02  1.142452920161E+03  7.657334114598E+04 -4.284591073997E-02 -4.882812500000E-04   1   5
  7.246060046522E-04  8.194159301852E-04  3.134225725363E-04  1.133326434748E+04 -1.646758814984E+04 -1.297912351337E+05 -4.094893105320E-02 -4.882812500000E-04   1   5
 -7.086834065808E-05  3.603013847964E-04  3.070355466628E-05  5.043907835133E+02 -8.371471378181E+03 -1.433947236142E+04 -4.190580113892E-02 -4.882812500000E-04   1   5
  4.547468745096E-04 -7.990181230269E-04  3.584048785901E-04  7.429475156255E+03  1.586524804139E+04 -1.522914054533E+05 -4.079646765614E-02 -4.882812500000E-04   1   5
  9.273587187219E-04 -4.627083389868E-04  5.395829929529E-04  1.551465989851E+04  8.802291864959E+03 -2.340126373810E+05 -4.018236800086E-02 -4.882812500000E-04   1   5
  2.057418750101E-04 -1.255915118736E-04  2.123037340249E-04  3.269376104013E+03  2.698782195106E+03 -9.581677235577E+04 -4.129067957478E-02 -4.882812500000E-04   1   5
  7.904649965795E-04  1.201619652454E-04 -3.433524929952E-04  1.397505949522E+04 -2.135634413066E+03  1.074929329746E+05 -4.316718294412E-02 -4.882812500000E-04   1   5
 -1.930285717977E-04  5.644243531404E-04  7.621665066169E-04 -3.407744424129E+03 -1.086004303421E+04 -3.243975003238E+05 -3.942974527787E-02 -4.882812500000E-04   1   5
  2.487536283050E-04  1.030948550297E-03 -6.728603817754E-04  4.371871676069E+03 -1.994824002979E+04  1.700796376648E+05 -4.427340832410E-02 -4.882812500000E-04   1   5
  6.832831514596E-05 -2.132229588898E-04  7.752240296628E-04  3.571403038060E+03  4.402661864618E+03 -3.281835264393E+05 -3.938584144903E-02 -4.882812500000E-04   1   5
 -4.115121223662E-04 -1.381434982238E-04  3.998086491563E-05 -4.493690706816E+03  2.872814845285E+03 -1.816153533287E+04 -4.187433642630E-02 -4.882812500000E-04   1   5
 -5.200607852961E-04 -4.845920305933E-04  3.231161748865E-04 -6.585781560466E+03  9.797490652868E+03 -1.345059660215E+05 -4.091632319526E-02 -4.882812500000E-04   1   5
 -2.676562533046E-04 -8.867634714824E-04  8.071645632679E-05 -3.189921532855E+03  1.834383589807E+04 -3.223841201025E+04 -4.173667388412E-02 -4.882812500000E-04   1   5
  5.562113192658E-04 -1.179179804299E-05  4.443092972903E-04  7.667887172890E+03  3.729421605743E+02 -1.881974594538E+05 -4.050588636891E-02 -4.882812500000E-04   1   5
 -1.759832281744E-04 -7.318664460367E-04 -6.152577206904E-04 -2.756881683050E+03  1.490290454778E+04  1.680254915238E+05 -4.408124685230E-02 -4.882812500000E-04   1   5
 -4.029671779612E-04  1.032663202496E-03 -1.907187230032E-04 -6.955949048095E+03 -1.957855547827E+04  6.573860284269E+04 -4.265312559964E-02 -4.882812500000E-04   1   5
 -2.230260156582E-04  4.777838430464E-04 -1.403060258132E-04 -6.147350275973E+02 -1.091140375550E+04  5.462575148990E+04 -4.248405280076E-02 -4.882812500000E-04   1   5
 -3.042721210148E-04  1.072959686986E-04  6.474307187441E-04 -4.122547051351E+03 -2.261534028712E+03 -2.810560739865E+05 -3.981764093617E-02 -4.882812500000E-04   1   5
  4.127435385559E-04  1.940801314422E-04  3.628284925914E-04  3.232382946358E+03 -4.310792568798E+03 -1.529281611492E+05 -4.078179724864E-02 -4.882812500000E-04   1   5
 -3.386813850685E-04 -6.833575028785E-04 -3.692038903793E-04 -4.719595683147E+03  1.430698677872E+04  1.137082910622E+05 -4.325428018414E-02 -4.882812500000E-04   1   5
 -5.727302353026E-04  4.199309763456E-04  4.289443308019E-04 -7.780078178214E+03 -8.355424881763E+03 -1.777485984293E+05 -4.055827309793E-02 -4.882812500000E-04   1   5
 -5.930276307372E-04  5.498748355995E-04  8.071595861816E-04 -9.269023707519E+03 -1.087342459488E+04 -3.337281858587E+05 -3.927838521556E-02 -4.882812500000E-04   1   5
 -3.327073493075E-05  6.396511991761E-04  8.388626560909E-04 -9.053004618650E+02 -1.287816643592E+04 -3.416828987620E+05 -3.917186650798E-02 -4.882812500000E-04   1   5
  9.800112599909E-05 -5.474920678141E-04 -5.836574581908E-05  1.592215773193E+03  1.025154797241E+04  1.064003112710E+04 -4.220571977084E-02 -4.882812500000E-04   1   5
 -6.143997557927E-04  4.864532061185E-04 -6.799035629923E-04 -1.112775411425E+04 -9.205282010921E+03  1.687887805723E+05 -4.429687408380E-02 -4.882812500000E-04   1   5
 -2.935237507378E-04  6.087540656994E-04 -4.007741531837E-04 -3.043174819913E+03 -1.309282929980E+04  1.236806712790E+05 -4.336075678480E-02 -4.882812500000E-04   1   5
  3.150039818795E-04 -8.682615763989E-04  6.502174712244E-04  5.117197319872E+03  1.740609070482E+04 -2.772275775094E+05 -3.980853993687E-02 -4.882812500000E-04   1   5
 -3.216297806565E-05  3.929296392462E-04 -5.019996082751E-04  3.178976369636E+02 -9.640258248852E+03  1.414301987042E+05 -4.370056843633E-02 -4.882812500000E-04   1   5
 -4.569266748620E-04 -9.409510109596E-04 -4.483206748391E-04 -7.107546157228E+03  1.810653844084E+04  1.337279202959E+05 -4.352022587134E-02 -4.882812500000E-04   1   5
  2.778463870455E-04  5.619652522100E-04 -2.283822194045E-04  4.158679152140E+03 -1.167563274074E+04  7.570650741405E+04 -4.278027421340E-02 -4.882812500000E-04   1   5
  4.418372576838E-04 -2.552329516874E-04  7.601219814539E-04  7.364453656155E+03  4.879809547567E+03 -3.247195224512E+05 -3.943653479109E-02 -4.882812500000E-04   1   5
 -2.619831985977E-05  1.643782672085E-04 -1.430506153817E-04  1.796469528073E+03 -4.102477531783E+03  5.885383676887E+04 -4.249379194458E-02 -4.882812500000E-04   1   5
  5.504919330027E-04  4.505305799791E-04  6.229145495453E-04  7.827626427257E+03 -9.119467360564E+03 -2.643301500457E+05 -3.990118008460E-02 -4.882812500000E-04   1   5
  5.941871570235E-04 -8.253484072425E-04  5.122864436746E-04  9.033789115183E+03  1.637137148147E+04 -2.206571597741E+05 -4.027511234529E-02 -4.882812500000E-04   1   5
 -8.258493129848E-05  1.569783756451E-04  1.933873851212E-04  2.561317439209E+03 -4.608058199323E+03 -7.767804278753E+04 -4.135579247466E-02 -4.882812500000E-04   1   5
  1.510974885929E-04 -3.524075514844E-04  9.814290594390E-04  2.207277214210E+03  7.034026350400E+03 -3.878530353262E+05 -3.869092906184E-02 -4.882812500000E-04   1   5
  1.409004332565E-04  1.200509831955E-03 -7.601847898928E-04  2.958291266016E+03 -2.228714992221E+04  1.836331815115E+05 -4.456605985817E-02 -4.882812500000E-04   1   5
 -5.292033771756E-04 -1.827575853420E-04  4.962338235903E-04 -6.801843682051E+03  3.540248100850E+03 -2.148482276866E+05 -4.032958373597E-02 -4.882812500000E-04   1   5
  9.598361191541E-05  2.799952698967E-04 -5.030368146994E-04 -6.641993447551E+02 -7.037557551466E+03  1.398552716987E+05 -4.370384786223E-02 -4.882812500000E-04   1   5
  4.440412290184E-04 -3.188754135347E-04  1.029352412184E-03  6.788154467974E+03  6.364931755658E+03 -3.969473377687E+05 -3.852988704370E-02 -4.882812500000E-04   1   5
  5.966583169058E-04 -5.074319042107E-04  9.273436867159E-04  1.042384857928E+04  9.978944713431E+03 -3.753797541228E+05 -3.887258294282E-02 -4.882812500000E-04   1   5
 -5.043949124491E-05  1.004527847386E-03  6.276514485708E-04 -9.864813663785E+02 -1.974276296298E+04 -2.662116351940E+05 -3.988505084975E-02 -4.882812500000E-04   1   5
  9.597663669235E-05  5.666905792130E-04 -2.721193124477E-05  1.468859417256E+03 -1.183496908784E+04  8.763365297116E+03 -4.210159263191E-02 -4.882812500000E-04   1   5
 -5.975705593502E-04  5.822840802441E-04  8.655921432363E-04 -9.652705980067E+03 -1.167437863501E+04 -3.535694693112E+05 -3.908112069536E-02 -4.882812500000E-04   1   5
  2.682329817244E-04  2.584254312800E-04  3.398540444977E-05  9.675606807908E+02 -6.231123523792E+03 -1.097583350407E+04 -4.189516513053E-02 -4.882812500000E-04   1   5
 -3.084991256960E-04 -1.210636664863E-03  3.922088908332E-04 -5.121295007523E+03  2.379599780005E+04 -1.639162589353E+05 -4.068211763079E-02 -4.882812500000E-04   1   5
 -5.509613775172E-04 -4.185908549738E-04 -3.394420668990E-07 -7.467129020885E+03  8.363419243997E+03  1.611704764165E+03 -4.201098135367E-02 -4.882812500000E-04   1   5
 -3.612277887711E-04 -1.816739536415E-04 -2.428223086355E-04 -4.444812607440E+03  4.100150864714E+03  8.095529112037E+04 -4.282908501464E-02 -4.882812500000E-04   1   5
 -1.798324491592E-04 -5.795469395582E-05 -9.950362387068E-05 -4.003004744665E+03  1.104047890903E+03  3.009777049847E+04 -4.234527061492E-02 -4.882812500000E-04   1   5
 -3.828520784010E-04  4.916220255882E-04  7.580032264252E-04 -6.765906582152E+03 -9.206674230726E+03 -3.249238462792E+05 -3.944353140182E-02 -4.882812500000E-04   1   5
  4.786383500944E-05  8.961081645056E-04 -4.190763275882E-04  7.918992430829E+02 -1.856267020006E+04  1.260131934581E+05 -4.342200192819E-02 -4.882812500000E-04   1   5
 -3.042007470229E-04 -9.446967295591E-04  2.433587018058E-04 -3.544067714872E+03  1.946228409162E+04 -1.027605432912E+05 -4.118596397311E-02 -4.882812500000E-04   1   5
  1.303863541178E-04  1.141093672799E-03  1.173309155851E-04  2.107239887426E+03 -2.305956672216E+04 -4.587740898117E+04 -4.161282242114E-02 -4.882812500000E-04   1   5
 -2.676268186007E-04  1.109190480510E-03  2.778008664541E-04 -3.960774894053E+03 -2.190365878195E+04 -1.181047901016E+05 -4.106916991276E-02 -4.882812500000E-04   1   5
  4.535488154116E-04  1.770682535986E-05 -1.801938893475E-04  6.638351263991E+03 -1.895352679412E+02  6.319745771904E+04 -4.261811358665E-02 -4.882812500000E-04   1   5
 -4.699399581948E-04 -3.257565394213E-05 -3.475940480882E-04 -6.372729906532E+03  7.626112690556E+02  1.080157099456E+05 -4.318161846442E-02 -4.882812500000E-04   1   5
 -1.566007162141E-04 -9.184054325567E-04 -6.445338022942E-05 -1.605897982122E+03  1.942141702955E+04  2.199668715987E+04 -4.222717546566E-02 -4.882812500000E-04   1   5
  6.980662535589E-04  3.922036980734E-04  1.056761145054E-03  1.211947799643E+04 -7.502014287585E+03 -4.016195644147E+05 -3.843770579513E-02 -4.882812500000E-04   1   5
  4.693554256629E-05  2.248561471145E-05 -4.737899045497E-04  7.228272681959E+02 -1.162875282991E+03  1.343959202372E+05 -4.360571512739E-02 -4.882812500000E-04   1   5
  2.916583839004E-04  8.237959104190E-04  1.587995159147E-05  4.955808553496E+03 -1.595870822023E+04 -3.496866874874E+03 -4.195624123362E-02 -4.882812500000E-04   1   5
  5.635730145499E-05 -7.409768796314E-04  3.331958369941E-04  3.535298059685E+02  1.535040163426E+04 -1.413576479799E+05 -4.088199188444E-02 -4.882812500000E-04   1   5
  2.532387733171E-04  4.394090346097E-04  5.513192838782E-04  3.400364237999E+03 -9.765972375848E+03 -2.408291866413E+05 -4.014291038213E-02 -4.882812500000E-04   1   5
 -4.066521866653E-04 -4.129949690621E-04  5.591257936377E-05 -4.940168891330E+03  8.653639775030E+03 -2.546844421898E+04 -4.182032283974E-02 -4.882812500000E-04   1   5
 -3.830727763728E-04  1.946334987884E-04 -5.666728223868E-04 -3.918388144161E+03 -4.213687977551E+03  1.586182910566E+05 -4.391817080180E-02 -4.882812500000E-04   1   5
  4.906559937470E-04  7.455409800078E-04 -3.328352193752E-04  7.311083786057E+03 -1.536883327324E+04  1.053001390687E+05 -4.313190108584E-02 -4.882812500000E-04   1   5
 -5.790748736948E-04 -3.147723875573E-06 -5.169739550479E-04 -8.753989944222E+03  7.476900969608E+01  1.396178847750E+05 -4.375017306219E-02 -4.882812500000E-04   1   5
  4.205143793492E-04  1.448776806666E-04 -1.353188472675E-04  4.387187410226E+03 -3.225744401092E+03  5.413251255891E+04 -4.246735559228E-02 -4.882812500000E-04   1   5
 -5.801110380023E-05 -3.432807714547E-04 -7.852119683838E-05 -9.650914194386E+02  9.091241570959E+03  2.316247583317E+04 -4.227445964465E-02 -4.882812500000E-04   1   5
  3.532077362923E-04  4.433269647351E-04  6.419228604888E-04  5.200325740597E+03 -8.894219750150E+03 -2.759982780733E+05 -3.983652346801E-02 -4.882812500000E-04   1   5
  9.084763994925E-05 -6.899325111495E-04  6.431251602481E-04  6.501599409927E+02  1.424853464060E+04 -2.742213523074E+05 -3.983270399050E-02 -4.882812500000E-04   1   5
  7.937201223539E-04 -1.434280395959E-04  7.076490881204E-04  1.438537303737E+04  2.768573809499E+03 -2.988577946687E+05 -3.961436273337E-02 -4.882812500000E-04   1   5
 -7.124466126748E-04 -7.346865236213E-04  8.766621711871E-04 -1.204819394993E+04  1.421249813617E+04 -3.569812176024E+05 -3.904361665916E-02 -4.882812500000E-04   1   5
 -3.630480392344E-04 -1.340995920743E-04  7.267298198776E-05 -2.580823820860E+03  3.122726276499E+03 -2.787791838708E+04 -4.176415333340E-02 -4.882812500000E-04   1   5
  1.076158323832E-04  4.286719643394E-04  4.753278501548E-04  1.548103038858E+03 -1.115362800986E+04 -2.029924938016E+05 -4.040081694147E-02 -4.882812500000E-04   1   5
 -3.678975100257E-04 -1.289106462530E-03  3.970591356830E-04 -6.687242236096E+03  2.392747276525E+04 -1.641078362300E+05 -4.066570816595E-02 -4.882812500000E-04   1   5
  4.796451002516E-04 -9.044660502144E-04 -6.865934260802E-04  8.740823693965E+03  1.686794069972E+04  1.689900672704E+05 -4.431906021122E-02 -4.882812500000E-04   1   5
  2.805799482428E-05  2.372270581992E-04  3.860142634591E-04 -1.854235558285E+03 -6.662112629282E+03 -1.622067282372E+05 -4.070349551632E-02 -4.882812500000E-04   1   5
  3.466942036753E-05 -1.121200581051E-04 -4.327408581060E-04  1.890602418178E+03  2.010361572000E+03  1.270670582832E+05 -4.346793967936E-02 -4.882812500000E-04   1   5
  2.297797701673E-04  5.947974913642E-04 -5.409362289965E-05  2.564668912149E+03 -1.273813302760E+04  1.620873074305E+04 -4.219208302635E-02 -4.882812500000E-04   1   5
  1.429654424975E-04  3.980923130590E-05  8.400670113615E-04  4.849470477778E+02  8.877958553489E+00 -3.422941498012E+05 -3.916787724625E-02 -4.882812500000E-04   1   5
  3.329033997929E-04 -5.085814979827E-05 -9.350462369273E-06  2.764589113790E+03  7.961195458936E+02  4.372886701636E+03 -4.204150301630E-02 -4.882812500000E-04   1   5
  9.597136822046E-04  2.463275369746E-04  7.538301276826E-04  1.748083220340E+04 -4.593676818862E+03 -3.193224069711E+05 -3.945772377187E-02 -4.882812500000E-04   1   5
  1.585000109468E-04 -8.015442351342E-04  9.078971463543E-04  2.672984232796E+03  1.607184777893E+04 -3.697226343721E+05 -3.893818900999E-02 -4.882812500000E-04   1   5
  3.783404273463E-04  2.198737002008E-04 -2.813421546635E-04  5.906229154327E+03 -4.018409328754E+03  9.066859719066E+04 -4.295868301066E-02 -4.882812500000E-04   1   5
 -5.210664723295E-04 -6.546976381630E-04  4.687476447223E-04 -7.072628591488E+03  1.296602943420E+04 -1.987069332543E+05 -4.042301920567E-02 -4.882812500000E-04   1   5
 -1.724202401637E-05  5.310739149097E-04  1.720284546844E-04  6.982339905714E+02 -1.231842187920E+04 -6.353681144621E+04 -4.142867666947E-02 -4.882812500000E-04   1   5
 -3.707099867432E-04 -6.201870624760E-04  3.876658951940E-04 -4.106581784075E+03  1.318292791926E+04 -1.629531252421E+05 -4.069774361601E-02 -4.882812500000E-04   1   5
  3.862607852820E-04  5.460655162394E-04 -1.066368192335E-04  4.457315832573E+03 -1.139088986923E+04  3.705063577771E+04 -4.236968299293E-02 -4.882812500000E-04   1   5
  4.298249804984E-04 -8.287769956449E-04 -6.384922340712E-04  7.174510979272E+03  1.608477276459E+04  1.673171152150E+05 -4.415851481253E-02 -4.882812500000E-04   1   5
  3.174760895938E-04  4.162100780432E-04 -3.210445113102E-04  4.484712878445E+03 -8.513529038209E+03  1.020383874567E+05 -4.309240007702E-02 -4.882812500000E-04   1   5
  2.445302950643E-05  1.162571891187E-05  1.393311286026E-04 -1.331584252426E+03  2.537957831142E+02 -5.407747531452E+04 -4.153890735996E-02 -4.882812500000E-04   1   5
 -6.125690096643E-04  5.981329585474E-04  6.590084051963E-04 -9.737805854158E+03 -1.162301228679E+04 -2.820250049230E+05 -3.977861548112E-02 -4.882812500000E-04   1   5
  4.162963471612E-04 -1.819874829409E-04  5.587601066774E-04  7.493998762597E+03  3.206323088630E+03 -2.374190031917E+05 -4.011845839532E-02 -4.882812500000E-04   1   5
  7.941875689884E-05 -3.926503731508E-04  8.338149598530E-04  8.891806096654E+02  7.989215768960E+03 -3.399668470654E+05 -3.918899046263E-02 -4.882812500000E-04   1   5
  5.132963773951E-04 -1.138044927830E-03  6.692203970640E-04  8.944358725079E+03  2.208928973193E+04 -2.863622513445E+05 -3.974376417543E-02 -4.882812500000E-04   1   5
  5.112129897630E-05 -9.637232822612E-06 -5.623000133377E-04  3.972866495099E+02 -2.754716108239E+03  1.583052881284E+05 -4.390359905660E-02 -4.882812500000E-04   1   5
 -5.156497196023E-04 -3.519075593748E-05  2.797522927280E-04 -7.934868944616E+03  7.961558745610E+02 -1.226780993129E+05 -4.106245225556E-02 -4.882812500000E-04   1   5
 -4.941339128121E-04 -3.308189135946E-04 -6.661843854117E-04 -8.778960520779E+03  6.164227595841E+03  1.696929401429E+05 -4.425133129808E-02 -4.882812500000E-04   1   5
 -7.496194606074E-05  4.562657608141E-04  6.647746561401E-04 -1.130713938337E+03 -8.905198841734E+03 -2.912000543842E+05 -3.975858380521E-02 -4.882812500000E-04   1   5
 -5.154389506605E-04 -5.101154638567E-04 -4.627941711255E-04 -9.152953485137E+03  9.559925619397E+03  1.327983536880E+05 -4.356859965367E-02 -4.882812500000E-04   1   5
  1.628014490968E-04 -9.598710732328E-04  7.609073060264E-04  2.824461264722E+03  1.769225546625E+04 -3.254919057457E+05 -3.943354739501E-02 -4.882812500000E-04   1   5
 -6.349759175896E-04 -3.910212393587E-04 -8.557913776297E-06 -8.804611024521E+03  7.687729147271E+03  4.924025643758E+03 -4.203872216903E-02 -4.882812500000E-04   1   5
  2.778143006667E-04 -1.528814878895E-05  6.849866558447E-04  3.960071765160E+03 -2.563705434074E+02 -2.970779215378E+05 -3.969050054218E-02 -4.882812500000E-04   1   5
  3.815410566976E-04  3.655428496990E-04  1.148125647350E-04  2.921826391847E+03 -8.506926993676E+03 -4.438482400165E+04 -4.162164943909E-02 -4.882812500000E-04   1   5
 -1.279610128464E-04 -4.572574227340E-04 -3.229008115992E-04 -1.103048440693E+03  1.019747830074E+04  1.004304438954E+05 -4.309845530505E-02 -4.882812500000E-04   1   5
  1.538412463012E-04 -1.485108913971E-04 -2.782327643835E-06 -1.611720260457E+03  3.856119457989E+03  2.699116223507E+03 -4.201939749807E-02 -4.882812500000E-04   1   5
  3.156880073059E-04  7.915162663600E-04 -4.391857269055E-04  4.393580787834E+03 -1.578299838143E+04  1.308592717413E+05 -4.348960807589E-02 -4.882812500000E-04   1   5
 -2.782475585964E-04  8.290157257605E-04 -1.896345606203E-04 -3.891417391891E+03 -1.704352321348E+04  6.777581694023E+04 -4.264998596469E-02 -4.882812500000E-04   1   5
  3.710400866143E-04  5.085934650373E-05 -2.600047195442E-04  3.650017413214E+03 -1.368855076296E+03  8.785026626734E+04 -4.288717137607E-02 -4.882812500000E-04   1   5
 -5.339793302468E-04 -2.446526184415E-04 -1.222102214946E-04 -6.359870946830E+03  5.165379197247E+03  4.556375154896E+04 -4.242258089490E-02 -4.882812500000E-04   1   5
  7.205893367891E-04 -5.567556143194E-04 -1.810024368667E-04  1.106919412527E+04  1.093581586892E+04  6.545020575314E+04 -4.262077530804E-02 -4.882812500000E-04   1   5
 -5.173784699964E-04 -3.077224760319E-05 -8.039818327021E-04 -8.903560035189E+03  7.178016851179E+02  1.867641073039E+05 -4.471297630309E-02 -4.882812500000E-04   1   5
 -4.450694458031E-04  6.306620917485E-04  2.380526737418E-04 -7.342889897834E+03 -1.208889597474E+04 -1.124650601270E+05 -4.120263387343E-02 -4.882812500000E-04   1   5
  5.953355471615E-04  1.483469415212E-05 -2.914059320487E-04  7.430871382580E+03 -4.392393043767E+02  9.702326401001E+04 -4.299283647211E-02 -4.882812500000E-04   1   5
  7.513766881700E-04  2.525342753786E-04 -3.519631306292E-04  1.447000696038E+04 -4.650973691894E+03  1.059603854457E+05 -4.319573927711E-02 -4.882812500000E-04   1   5
  2.636560925104E-04 -3.863433467474E-04 -3.820140233373E-04  1.755095685539E+03  9.036829436187E+03  1.180674721390E+05 -4.329759937045E-02 -4.882812500000E-04   1   5
 -6.263688661473E-04 -1.338508262284E-03  8.023277919578E-04 -1.225142719241E+04  2.432211991514E+04 -3.342761379140E+05 -3.929369892462E-02 -4.882812500000E-04   1   5
  4.939765140220E-05  1.129088831783E-03  9.546392666162E-04  9.766219822409E+02 -1.955907877199E+04 -3.881268007449E+05 -3.877965167494E-02 -4.882812500000E-04   1   5
  1.079574836404E-04 -9.960596918560E-04 -1.324637458655E-05  1.122277865932E+03  2.051495240777E+04  6.342007879421E+03 -4.205451190474E-02 -4.882812500000E-04   1   5
  3.470667713120E-04  1.226908543483E-04 -1.677625384628E-04  2.219880889589E+03 -2.764828658322E+03  6.281540541611E+04 -4.257658189795E-02 -4.882812500000E-04   1   5
 -6.947854017917E-05 -1.073081214440E-03 -1.653451208949E-04 -1.027359582174E+03  2.257257332200E+04  6.346504477265E+04 -4.256838294564E-02 -4.882812500000E-04   1   5
 -1.479158598720E-04  4.159682265880E-05 -6.905182207442E-04 -2.725109703341E+03 -7.776096623711E+02  1.701390572596E+05 -4.433273551798E-02 -4.882812500000E-04   1   5
 -6.050791309477E-04 -6.589093496126E-04  1.041943502996E-03 -1.187693635677E+04  1.179612503440E+04 -3.867461728138E+05 -3.848879490008E-02 -4.882812500000E-04   1   5
  7.316110322893E-04 -5.221793424006E-04  3.040859870671E-04  1.113831943995E+04  1.060333731869E+04 -1.259158092150E+05 -4.098065153403E-02 -4.882812500000E-04   1   5
 -6.326794622004E-04  6.267094085139E-04  3.558440036784E-04 -9.309840412998E+03 -1.288621943258E+04 -1.492943869901E+05 -4.080533000055E-02 -4.882812500000E-04   1   5
 -3.438026385140E-04 -5.024379428953E-05  3.755637797882E-04 -2.844985884797E+03  1.416263688897E+03 -1.579604439635E+05 -4.073879452508E-02 -4.882812500000E-04   1   5
  7.041476976314E-06  2.974133341460E-04 -2.024391001805E-04  1.579978455242E+02 -6.506460334628E+03  7.061880224134E+04 -4.269326410588E-02 -4.882812500000E-04   1   5
  7.331379952135E-04  2.343266241445E-04  9.966436550028E-04  1.274460657724E+04 -4.251376601825E+03 -3.907346062340E+05 -3.863954876535E-02 -4.882812500000E-04   1   5
 -2.704056012685E-04 -4.614230145490E-04 -2.771313059919E-04 -2.067774654281E+03  9.698048824300E+03  9.362634349203E+04 -4.294493467760E-02 -4.882812500000E-04   1   5
  2.659736778912E-04  3.745126096143E-04 -4.069665353907E-04  2.438586796537E+03 -8.228107916183E+03  1.231350006525E+05 -4.338142922472E-02 -4.882812500000E-04   1   5
  6.312658104827E-05 -4.728300532885E-04 -7.616620853681E-04  8.783113699117E+02  9.524716116717E+03  1.778762427673E+05 -4.457088135993E-02 -4.882812500000E-04   1   5
  2.717809192108E-04  6.554157865797E-04 -8.408782825464E-04  5.651926791936E+03 -1.140397927665E+04  1.847542669229E+05 -4.483573539944E-02 -4.882812500000E-04   1   5
  3.113411644339E-04 -2.033725879915E-04  2.730329987033E-05  3.054648576999E+03  4.100240440337E+03 -1.185743109825E+04 -4.191738829615E-02 -4.882812500000E-04   1   5
  4.512798200631E-04  1.762039138673E-04 -2.522626163692E-05  4.685762656109E+03 -3.852972493164E+03  1.028567177784E+04 -4.209507636717E-02 -4.882812500000E-04   1   5
  1.260428690051E-04  7.096959280510E-04 -5.321264570379E-04  1.038087225271E+03 -1.511573056225E+04  1.460551694523E+05 -4.380148184876E-02 -4.882812500000E-04   1   5
 -3.417358154703E-06  7.673794538861E-04  5.876596238243E-04  3.527202180450E+01 -1.643982298403E+04 -2.535266641892E+05 -4.002012927663E-02 -4.882812500000E-04   1   5
  4.085827952431E-04 -1.680544448451E-04  3.960451788978E-04  8.161913630167E+03  3.104310240510E+03 -1.665550547932E+05 -4.066947157543E-02 -4.882812500000E-04   1   5
  1.526465174461E-04 -1.025093654913E-04 -4.109281613887E-04  6.888378334555E+02  1.617097399144E+03  1.232330637346E+05 -4.339471753494E-02 -4.882812500000E-04   1   5
  2.938468310242E-04 -7.920338160543E-04 -3.295403438530E-05  3.310646290363E+03  1.683944019750E+04  1.381021270290E+04 -4.212118038607E-02 -4.882812500000E-04   1   5
 -3.489533582130E-04  3.094108331897E-04  4.348853149008E-04 -2.614583373075E+03 -6.553970110383E+03 -1.812936658596E+05 -4.053816057608E-02 -4.882812500000E-04   1   5
  6.941017463926E-06 -8.961053386139E-04 -5.411626389580E-04  6.164706737027E+02  1.841654357807E+04  1.497125588950E+05 -4.383194761759E-02 -4.882812500000E-04   1   5
 -3.896688333925E-04 -4.909768031457E-04  1.581336292746E-04 -4.076461223683E+03  1.104491609926E+04 -6.028835487878E+04 -4.147530432004E-02 -4.882812500000E-04   1   5
 -1.463745629991E-04  1.607408127319E-04 -4.717103142258E-04 -5.076837983643E+02 -3.781033541730E+03  1.328332088299E+05 -4.359857005255E-02 -4.882812500000E-04   1   5
  2.440916504100E-04 -3.374713647062E-04 -1.157840176593E-04  2.330238591761E+03  7.137524857292E+03  4.432825260788E+04 -4.240113535450E-02 -4.882812500000E-04   1   5
  2.019177549527E-04  3.005787154459E-05 -5.471530151224E-04  2.177079702601E+02 -1.103916473979E+03  1.499544864855E+05 -4.385213558583E-02 -4.882812500000E-04   1   5
  3.720642789234E-04 -2.312712526018E-05 -4.728183030336E-04  5.262884509887E+03  7.506280421767E+02  1.337885245785E+05 -4.360232648466E-02 -4.882812500000E-04   1   5
  3.589763035600E-05  5.957555242626E-04 -6.529924042078E-04  8.370255956231E+02 -1.108139814266E+04  1.710154585103E+05 -4.420750834071E-02 -4.882812500000E-04   1   5
  4.391272177050E-04  4.936175504306E-04  8.862786765365E-04  6.270026717445E+03 -9.988528738151E+03 -3.633647545842E+05 -3.901108637752E-02 -4.882812500000E-04   1   5
  2.385337582850E-04 -1.021307096897E-03 -5.465784154937E-04  3.997616502397E+03  1.950903746371E+04  1.476739660311E+05 -4.384960936660E-02 -4.882812500000E-04   1   5
 -3.630409650514E-04 -5.027537825146E-04  6.671883801808E-04 -5.006353360028E+03  1.008000105866E+04 -2.870185998299E+05 -3.975093029992E-02 -4.882812500000E-04   1   5
  2.083352367499E-04 -1.167191148080E-03 -3.713725200720E-04  3.362039364580E+03  2.214520738129E+04  1.155676094203E+05 -4.326137960262E-02 -4.882812500000E-04   1   5
  3.561535846772E-04  3.550608253466E-05  6.544501749706E-04  4.573141550080E+03 -6.714218615819E+02 -2.814778279455E+05 -3.979415252428E-02 -4.882812500000E-04   1   5
  2.558970246089E-04  2.196306722801E-04  4.858403554469E-04  2.983458064440E+03 -4.283850399717E+03 -2.135285841570E+05 -4.036454063066E-02 -4.882812500000E-04   1   5
 -7.708899566637E-05  2.892170129045E-04 -1.244447359459E-04  1.246189177425E+03 -7.898481212400E+03  4.734551970636E+04 -4.243038079031E-02 -4.882812500000E-04   1   5
  6.245228919102E-04 -5.084894972233E-04  8.286411842531E-04  1.071529976574E+04  9.811482149594E+03 -3.382816760780E+05 -3.920617818964E-02 -4.882812500000E-04   1   5
  7.030931101061E-04  7.536388520971E-05  5.504697545531E-04  1.244297005476E+04 -1.462875926008E+03 -2.379352118561E+05 -4.014588595127E-02 -4.882812500000E-04   1   5
  1.633825048060E-05  8.196039285885E-04  5.634622609851E-04  8.582411853371E+02 -1.709132910036E+04 -2.471627026001E+05 -4.010155559032E-02 -4.882812500000E-04   1   5
 -2.647889508504E-04  4.577589436355E-04 -1.883705853922E-05 -2.844239302225E+03 -9.627862440687E+03  5.799671248734E+03 -4.207330306062E-02 -4.882812500000E-04   1   5
 -5.292474290993E-04 -2.941285826278E-04  3.973208945007E-04 -7.058033515480E+03  6.239029291430E+03 -1.660217503596E+05 -4.066518924492E-02 -4.882812500000E-04   1   5
  2.286716255367E-04 -5.681967470975E-04  3.222636828015E-05  3.580208646322E+03  1.141955034939E+04 -1.385358255102E+04 -4.190069251079E-02 -4.882812500000E-04   1   5
  5.577640212428E-04  1.646657028839E-04 -6.591397085209E-04  8.270305482202E+03 -3.486623115032E+03  1.718054235695E+05 -4.422805799279E-02 -4.882812500000E-04   1   5
  1.114404257702E-04 -1.215412955949E-03  6.915223845980E-04  2.124622400676E+03  2.305633862304E+04 -2.937879440082E+05 -3.966853746020E-02 -4.882812500000E-04   1   5
 -4.733279560306E-04 -4.758011413697E-04  2.760516898968E-04 -5.388350382896E+03  9.723325386778E+03 -1.160624892168E+05 -4.107547838398E-02 -4.882812500000E-04   1   5
 -5.703561296623E-04 -6.019739832963E-05 -6.854870786199E-05 -8.517752198108E+03  1.075334248244E+03  1.760369446149E+04 -4.224041317049E-02 -4.882812500000E-04   1   5
  1.097791824036E-04 -6.825448962943E-04  3.630645392767E-04  1.512370149385E+03  1.452405614352E+04 -1.542296738538E+05 -4.078089347679E-02 -4.882812500000E-04   1   5
 -2.682522694398E-04 -7.499600808300E-06 -2.141269733715E-04 -2.908148031876E+03  2.305571855448E+02  6.982678129376E+04 -4.273213987826E-02 -4.882812500000E-04   1   5
  1.303310435655E-04 -6.192585997268E-04 -7.995092522495E-04  1.996730213288E+03  1.241198449993E+04  1.883004727645E+05 -4.469824535937E-02 -4.882812500000E-04   1   5
 -5.888832415053E-04 -3.891113517447E-04  1.450637848563E-04 -8.130407030616E+03  7.975048689029E+03 -5.472579749244E+04 -4.151946313722E-02 -4.882812500000E-04   1   5
  5.662509838607E-04  5.716338783331E-04  3.930402621362E-04  8.092072431404E+03 -1.181574128329E+04 -1.641344727986E+05 -4.067959506821E-02 -4.882812500000E-04   1   5
 -2.748496800005E-04  5.915656992960E-04 -3.704836486649E-04 -4.294984378294E+03 -1.191917967404E+04  1.154511330107E+05 -4.325879630613E-02 -4.882812500000E-04   1   5
 -3.911438585343E-04 -5.035460127393E-05  6.439035070027E-04 -5.053966206555E+03  8.912621331868E+02 -2.748153483114E+05 -3.983009345145E-02 -4.882812500000E-04   1   5
  4.523227613016E-04 -3.776454711588E-04  2.259541572740E-04  4.959745140217E+03  7.840107491255E+03 -9.812329163171E+04 -4.124470834379E-02 -4.882812500000E-04   1   5
  5.552216104303E-04  7.858549098716E-04  8.920878824394E-04  1.013350180522E+04 -1.464960274565E+04 -3.604998432415E+05 -3.899179877708E-02 -4.882812500000E-04   1   5
  8.459459218314E-04  1.616646203901E-04  6.669147148846E-04  1.422985785420E+04 -3.334005502119E+03 -2.854687042918E+05 -3.975176768758E-02 -4.882812500000E-04   1   5
 -3.848488915624E-04 -1.438523768032E-04  4.384684639422E-04 -4.886372171089E+03  2.686627977357E+03 -1.849130042499E+05 -4.052583542939E-02 -4.882812500000E-04   1   5
  2.462819456571E-04  1.119319473818E-03  8.266716426295E-04  4.121759660527E+03 -2.166758958881E+04 -3.383758061248E+05 -3.921255838180E-02 -4.882812500000E-04   1   5
  4.135574474298E-04 -3.727139129155E-04  5.268528467610E-04  5.554136871972E+03  8.124710362490E+03 -2.310184085393E+05 -4.022561614472E-02 -4.882812500000E-04   1   5
 -7.080540229189E-04 -5.472145887308E-04 -1.997154061626E-04 -1.236441356869E+04  1.045482115810E+04  6.835363402870E+04 -4.268354445703E-02 -4.882812500000E-04   1   5
  1.095630202411E-04 -4.025409428345E-04  2.776085592924E-04  4.748593838842E+02  9.270940942819E+03 -1.197100812675E+05 -4.107003989373E-02 -4.882812500000E-04   1   5
 -5.053960486013E-05 -6.902885632205E-04 -8.929613112225E-04 -1.088025987508E+03  1.275920766265E+04  1.885152795672E+05 -4.500997310319E-02 -4.882812500000E-04   1   5
 -3.260715262270E-04  8.567808486971E-04 -1.784816714245E-05 -4.473316858092E+03 -1.811464242431E+04  9.511605153292E+03 -4.207025680816E-02 -4.882812500000E-04   1   5
 -6.406767850097E-04 -1.487765731959E-04  6.101212429632E-04 -9.391826876812E+03  2.712594367010E+03 -2.597155964703E+05 -3.994439088623E-02 -4.882812500000E-04   1   5
 -2.467932083060E-04 -3.690688685269E-04  4.469791732147E-04 -3.809871672310E+03  7.620277185811E+03 -1.875527942604E+05 -4.049716663575E-02 -4.882812500000E-04   1   5
  2.142749113513E-04  1.214501806343E-03  6.385150566381E-04  3.317016547206E+03 -2.352587157895E+04 -2.716170076650E+05 -3.984796754510E-02 -4.882812500000E-04   1   5
 -8.671549313758E-05  1.542143830530E-03  5.058648033809E-04 -1.449651586953E+03 -2.963613182229E+04 -2.174313993141E+05 -4.029644349926E-02 -4.882812500000E-04   1   5
 -7.445595358547E-05  5.980890797611E-04 -5.110517015261E-05 -7.128591610787E+02 -1.274843737153E+04  1.223231840415E+04 -4.218169434215E-02 -4.882812500000E-04   1   5
  6.676955222272E-04  7.181119884955E-04  5.303380254271E-04  1.077605414389E+04 -1.381080686883E+04 -2.305191203404E+05 -4.021374010815E-02 -4.882812500000E-04   1   5
  1.875021091447E-04 -2.067301328186E-04 -1.921863425158E-04  1.539747076456E+03  4.674829128744E+03  6.638982018590E+04 -4.265856190032E-02 -4.882812500000E-04   1   5
 -3.818844771760E-04 -4.018693699738E-04  2.480437028307E-04 -4.002181989517E+03  8.240627892624E+03 -1.096443337438E+05 -4.116972553585E-02 -4.882812500000E-04   1   5
  2.860818370345E-04 -2.842953029348E-04 -9.508429737748E-04  6.050345221017E+03  4.712141353718E+03  2.242152378624E+05 -4.520714483558E-02 -4.882812500000E-04   1   5
 -2.062605112611E-04 -7.635331566139E-04  5.484947820902E-04 -2.482059087629E+03  1.531097000510E+04 -2.392793864854E+05 -4.015238206681E-02 -4.882812500000E-04   1   5
  1.351208236925E-04  5.023862569940E-04  5.505267802786E-05  1.764161550259E+03 -1.161727963287E+04 -2.489512318522E+04 -4.182333921435E-02 -4.882812500000E-04   1   5
  6.660443856387E-04 -9.044383933887E-04  4.542056361685E-04  1.057626972694E+04  1.750628605684E+04 -1.893636754281E+05 -4.047236906538E-02 -4.882812500000E-04   1   5
 -2.591852056229E-04 -1.095697787956E-03  3.827651882116E-06 -3.349350025338E+03  2.220113326983E+04  1.414539679281E+03 -4.199687489420E-02 -4.882812500000E-04   1   5
 -3.498373389251E-05 -4.885183468248E-04  4.239274523083E-04  1.261682239285E+03  1.145669465497E+04 -1.761090099965E+05 -4.057538187244E-02 -4.882812500000E-04   1   5
 -6.209057253043E-04  9.757304135465E-06  2.968160090773E-04 -8.619200912988E+03 -3.378895175207E+02 -1.242250849223E+05 -4.100526275845E-02 -4.882812500000E-04   1   5
 -6.965040543349E-04  2.715900971223E-05  7.682528866120E-04 -1.147878025091E+04 -2.987036474471E+02 -3.241016761323E+05 -3.940933605034E-02 -4.882812500000E-04   1   5
  1.830651666030E-04  8.043951768019E-05 -4.917170917089E-04  2.218039541546E+03 -2.195606976391E+03  1.343868815149E+05 -4.366550116843E-02 -4.882812500000E-04   1   5
 -3.800836142491E-04  2.274438546450E-04  8.561181578268E-04 -4.959169967095E+03 -4.670317562201E+03 -3.484332100949E+05 -3.911353820395E-02 -4.882812500000E-04   1   5
  2.153106986781E-04 -6.376625445509E-04 -4.231990328720E-04  2.394989431028E+03  1.300046664849E+04  1.264886907284E+05 -4.343589489179E-02 -4.882812500000E-04   1   5
  7.876681096390E-06  7.724240114981E-04  3.138325407672E-04  3.129128787926E+02 -1.624398914393E+04 -1.318373841033E+05 -4.094767839958E-02 -4.882812500000E-04   1   5
  3.693897209303E-05  4.578200974672E-04  1.608396259396E-04 -3.037808968781E+02 -1.076159214518E+04 -5.873351665509E+04 -4.146657216615E-02 -4.882812500000E-04   1   5
 -3.783952962388E-05  6.468132480847E-04 -5.266592948061E-05  2.521371005112E+02 -1.498346982757E+04  1.835251904470E+04 -4.218758221998E-02 -4.882812500000E-04   1   5
 -2.815447384451E-04  1.026493533817E-04 -2.421157621990E-05 -1.249411295632E+03 -2.574157595864E+03  9.970617109247E+03 -4.209171321482E-02 -4.882812500000E-04   1   5
  4.340165658383E-05 -1.359565835850E-04 -5.198573390173E-04 -1.838972155606E+03  4.372986176739E+03  1.368963392756E+05 -4.375963523991E-02 -4.882812500000E-04   1   5
 -3.565755443817E-04  6.659610378190E-05  2.862025079842E-04 -3.795740805181E+03 -1.089378013883E+03 -1.216071463247E+05 -4.104111048610E-02 -4.882812500000E-04   1   5
 -3.780719540262E-04  1.531775307283E-04 -2.799488021550E-04 -6.796836400158E+03 -3.009358335374E+03  9.107157708092E+04 -4.295409187411E-02 -4.882812500000E-04   1   5
 -2.137982675840E-04 -8.750010681041E-04  2.954835837401E-04 -2.391936026185E+03  1.862141715521E+04 -1.215734178016E+05 -4.100999444185E-02 -4.882812500000E-04   1   5
  1.760648890317E-04  6.860993178420E-05  6.560440296455E-04  2.630771807699E+03 -1.292404473885E+03 -2.883243635765E+05 -3.978810405965E-02 -4.882812500000E-04   1   5
  5.144622582786E-04 -9.300245560495E-04  3.480433515310E-04  8.238612659086E+03  1.802088847573E+04 -1.465059704878E+05 -4.083156755537E-02 -4.882812500000E-04   1   5
  4.184861515483E-04  1.013355053073E-03  1.196584172751E-04  6.055748370817E+03 -2.087369262895E+04 -4.644610567435E+04 -4.160500293068E-02 -4.882812500000E-04   1   5
 -1.318609546342E-04 -4.201650901674E-04  6.231848457716E-06 -1.106275797793E+03  1.002352901205E+04 -1.522298751593E+03 -4.198888609782E-02 -4.882812500000E-04   1   5
  1.371666704703E-04  6.178693237478E-04  9.188313179744E-04  2.055109288130E+03 -1.234545037731E+04 -3.712935804839E+05 -3.890161699630E-02 -4.882812500000E-04   1   5
 -3.326896981902E-04 -8.581741880608E-04 -1.307429400605E-04 -4.359767065334E+03  1.821639127268E+04  5.016674955273E+04 -4.245149903692E-02 -4.882812500000E-04   1   5
  2.334855984644E-04  5.774355072667E-04  7.716621746656E-05  1.878430401974E+03 -1.323855907490E+04 -2.955060295840E+04 -4.174897144798E-02 -4.882812500000E-04   1   5
 -2.371308079838E-04 -3.119710785390E-05 -5.631647011466E-04 -2.645722651095E+03  9.718796311676E+02  1.570137597842E+05 -4.390637326592E-02 -4.882812500000E-04   1   5
  4.097759085149E-04  2.331361240579E-04  1.143331856457E-04  5.243642998300E+03 -5.153146812760E+03 -4.491294372287E+04 -4.162324419624E-02 -4.882812500000E-04   1   5
 -6.119127588351E-05  1.338506528904E-05  2.447650856747E-04 -2.639444277366E+03 -1.437807105730E+02 -1.170012806334E+05 -4.117997062389E-02 -4.882812500000E-04   1   5
 -6.759198033925E-06 -1.025570765662E-03 -7.398006066648E-04  1.234991426255E+02  1.950997012448E+04  1.791576520574E+05 -4.449776296100E-02 -4.882812500000E-04   1   5
 -4.191791459366E-04 -6.245791789285E-04 -6.733229170890E-04 -7.168259334633E+03  1.189496190767E+04  1.693407540284E+05 -4.427504330901E-02 -4.882812500000E-04   1   5
  5.076037958965E-04 -4.076714685670E-04  2.566451047978E-04  5.610588450366E+03  8.818926174364E+03 -1.074388839859E+05 -4.114120770178E-02 -4.882812500000E-04   1   5
  3.527881628551E-04  2.389290833361E-04  1.696699191531E-04  2.351196223430E+03 -5.638798565635E+03 -6.548430899648E+04 -4.143625725694E-02 -4.882812500000E-04   1   5
  3.134150336021E-04  1.106220696508E-03 -1.625396896352E-04  5.537058953418E+03 -2.138509900468E+04  6.224982206904E+04 -4.255872168709E-02 -4.882812500000E-04   1   5
  4.620431466363E-05  5.150801834229E-04 -3.956770875755E-04  5.816250638934E+02 -1.117945583169E+04  1.205651849466E+05 -4.334350039289E-02 -4.882812500000E-04   1   5
 -1.970983382643E-04  7.532330722331E-04 -3.994329081580E-05 -1.919371120288E+03 -1.575842867799E+04  1.324515814932E+04 -4.214447535766E-02 -4.882812500000E-04   1   5
 -3.061532963519E-04  1.827434849258E-04  7.784166906433E-05 -6.223535161379E+02 -4.088979040458E+03 -2.855410090224E+04 -4.174681064051E-02 -4.882812500000E-04   1   5
 -2.459262868603E-04  4.107355894795E-04 -3.388748250557E-04 -2.917341272634E+03 -9.196663637749E+03  1.054580072151E+05 -4.315229502881E-02 -4.882812500000E-04   1   5
  1.259805101046E-04 -2.568391990626E-04  1.079990006490E-03  1.120354433681E+03  4.892687648104E+03 -4.050027537639E+05 -3.836011999507E-02 -4.882812500000E-04   1   5
 -2.364826696096E-04  6.921280114330E-04 -3.722407097895E-05 -1.927103413823E+03 -1.529902999432E+04  1.572113441060E+04 -4.213570030071E-02 -4.882812500000E-04   1   5
 -1.187849819989E-04  2.630194098572E-04  3.243546154552E-05  8.884839366976E+02 -7.112990741004E+03 -1.399440893720E+04 -4.190003665676E-02 -4.882812500000E-04   1   5
  2.790762480033E-04  7.978660695471E-04  7.403666073769E-04  4.716617988337E+03 -1.509971055690E+04 -3.134079057045E+05 -3.950359673536E-02 -4.882812500000E-04   1   5
  6.993271022238E-05 -3.328309452682E-04  4.694143233364E-04  1.953938393982E+03  5.830995846904E+03 -2.063580646283E+05 -4.042017030697E-02 -4.882812500000E-04   1   5
 -2.659844717035E-04 -1.007001832677E-03 -6.937712146646E-04 -5.399703553309E+03  1.771950323360E+04  1.690002590453E+05 -4.434293592596E-02 -4.882812500000E-04   1   5
  3.338358495077E-04  1.681366213608E-04  3.333836487860E-04  4.253965935625E+03 -3.752384893495E+03 -1.448044962069E+05 -4.088106099515E-02 -4.882812500000E-04   1   5
 -9.398015506216E-05  4.534381004699E-04 -7.727733120291E-04 -1.237539456269E+03 -8.769441528878E+03  1.812907205599E+05 -4.460832635279E-02 -4.882812500000E-04   1   5
  7.405152175356E-04 -4.238439736364E-04  1.035354651640E-03  1.355491374943E+04  7.733232922909E+03 -3.926089078555E+05 -3.851011769915E-02 -4.882812500000E-04   1   5
  3.141934060963E-04 -8.162644696443E-04 -7.333253209367E-04  5.648810825148E+03  1.534854842016E+04  1.738335046034E+05 -4.447565008615E-02 -4.882812500000E-04   1   5
  8.875420017025E-04 -4.578733328178E-05  1.098660096588E-05  1.455161270449E+04  8.063410692831E+02 -3.450243184619E+03 -4.197241749302E-02 -4.882812500000E-04   1   5
 -6.915266090579E-05  5.191418993259E-04 -4.852779922704E-04 -7.944055123815E+02 -1.087519602286E+04  1.344108216297E+05 -4.364396387409E-02 -4.882812500000E-04   1   5
  2.933603992594E-04  5.618271071831E-04 -2.199076720317E-04  2.572221384618E+03 -1.266167761278E+04  8.015013212231E+04 -4.275247910282E-02 -4.882812500000E-04   1   5
 -3.590013229446E-04 -8.938434155907E-04  5.737345045178E-04 -6.210457888255E+03  1.728468768608E+04 -2.508577426073E+05 -4.006669236910E-02 -4.882812500000E-04   1   5
  3.965102776179E-04 -5.953818148789E-04 -2.892679248427E-04  7.765173230879E+03  1.068387429095E+04  9.647034601746E+04 -4.298562143641E-02 -4.882812500000E-04   1   5
  4.409151533294E-04 -4.120770628740E-04  2.203208369771E-04  4.690262337663E+03  8.642177868863E+03 -9.329086009704E+04 -4.126405130348E-02 -4.882812500000E-04   1   5
 -2.971767674909E-04 -2.225146457663E-04  3.713961087399E-04 -1.111175667982E+03  4.788788222683E+03 -1.555968830154E+05 -4.075294360113E-02 -4.882812500000E-04   1   5
 -1.363162642798E-04 -9.101007596075E-04  4.286562574869E-04 -1.661091089817E+03  1.910049294750E+04 -1.784166885022E+05 -4.055916396955E-02 -4.882812500000E-04   1   5
 -1.155346369406E-04 -4.685282377574E-04 -5.926705995964E-04 -1.418358502041E+03  9.390174008293E+03  1.666553482670E+05 -4.400584579700E-02 -4.882812500000E-04   1   5
  3.927680007125E-04 -5.995951373741E-04 -3.269907384968E-04  4.839599931678E+03  1.288955265044E+04  1.046633809424E+05 -4.311244139621E-02 -4.882812500000E-04   1   5
  2.354638961147E-04  2.059979139132E-04  2.092283549464E-04  2.222664868766E+03 -4.965234076526E+03 -9.179869290089E+04 -4.130136840216E-02 -4.882812500000E-04   1   5
  2.385916507752E-04  2.941884928734E-04  5.786402258336E-04  2.518535439463E+03 -6.724086690026E+03 -2.513511321586E+05 -4.005057218998E-02 -4.882812500000E-04   1   5
  4.981072634557E-04  1.383094197818E-05 -9.898958568355E-05  6.411615609782E+03 -4.853699915837E+02  3.344438841751E+04 -4.234379665728E-02 -4.882812500000E-04   1   5
 -3.476833329157E-06 -7.021232729769E-04  4.162331404269E-04  6.085450756392E+02  1.526686551479E+04 -1.728856483793E+05 -4.060136523697E-02 -4.882812500000E-04   1   5
  7.151943067840E-04 -3.338584660316E-04  4.356630474853E-04  1.070517130511E+04  6.778977222941E+03 -1.808815334688E+05 -4.053542714380E-02 -4.882812500000E-04   1   5
 -5.011679792027E-04 -6.069547244941E-04  9.063156944475E-04 -9.235555401677E+03  1.136286134608E+04 -3.646336781501E+05 -3.894399019422E-02 -4.882812500000E-04   1   5
 -1.772011627379E-04 -8.306768699809E-04 -1.474867758722E-05 -1.352835126884E+03  1.766730081434E+04  7.293620424479E+03 -4.205971721291E-02 -4.882812500000E-04   1   5
 -3.732759291864E-04 -2.168987088498E-04 -1.694638472198E-04 -2.790790351373E+03  4.989313117714E+03  6.336711623536E+04 -4.258230332024E-02 -4.882812500000E-04   1   5
 -3.395410811280E-04 -5.825780319768E-04 -8.772702335049E-04 -5.691709757906E+03  1.108125211625E+04  1.919251440310E+05 -4.495800975146E-02 -4.882812500000E-04   1   5
 -5.305801102142E-05 -7.968840865978E-04  1.889596973217E-04 -1.706701506849E+02  1.761422408023E+04 -7.461763215956E+04 -4.137083084927E-02 -4.882812500000E-04   1   5
  3.775880756890E-04 -4.407249077035E-04 -2.388095151540E-04  5.110759905809E+03  9.409271488802E+03  8.036992604547E+04 -4.281558450561E-02 -4.882812500000E-04   1   5
 -2.247576220526E-04 -7.078392156300E-04 -6.220023426469E-04 -2.812127738455E+03  1.485117773969E+04  1.701988538128E+05 -4.410399600356E-02 -4.882812500000E-04   1   5
  2.046224532043E-04 -3.349316820895E-05  1.700081739116E-04  2.906040465875E+03  7.890597251606E+02 -6.182008218632E+04 -4.143566975894E-02 -4.882812500000E-04   1   5
  3.207194288131E-04 -3.005590446409E-04 -4.030854356518E-04  2.475643292310E+03  6.747253672045E+03  1.212612545626E+05 -4.336824483594E-02 -4.882812500000E-04   1   5
 -9.422404570576E-05 -7.165283512048E-04 -1.115884768748E-04 -1.323763176325E+03  1.653164087506E+04  4.082677027880E+04 -4.238667970378E-02 -4.882812500000E-04   1   5
 -4.116562131625E-05  9.015884401739E-04  1.030982295358E-04 -1.531676309585E+02 -1.871483252314E+04 -4.196545637733E+04 -4.166093535794E-02 -4.882812500000E-04   1   5
 -2.738909163799E-04 -4.025076419210E-04 -1.745855271240E-04 -6.002016324783E+03  6.887963164158E+03  6.841851521295E+04 -4.259997453889E-02 -4.882812500000E-04   1   5
  6.513014653852E-05 -7.047802296437E-04  2.636063573664E-04  1.339466910308E+03  1.432263828416E+04 -1.187085901383E+05 -4.111676805637E-02 -4.882812500000E-04   1   5
  8.439590086636E-05 -3.245092950740E-05 -5.584054079470E-04  1.810514573772E+03 -9.010602224517E+02  1.539751647665E+05 -4.389017077835E-02 -4.882812500000E-04   1   5
 -4.575945701599E-04  8.387633676229E-04  6.280785808195E-04 -6.972555035043E+03 -1.649988510383E+04 -2.667231092212E+05 -3.988355384678E-02 -4.882812500000E-04   1   5
 -8.758499944681E-05 -8.405444988061E-05 -5.481315125144E-04  1.509882309275E+03  2.761377918484E+03  1.502181264749E+05 -4.385544794186E-02 -4.882812500000E-04   1   5
 -4.854445145757E-04  5.843445216282E-04  2.998374116685E-04 -6.778856339002E+03 -1.193974156302E+04 -1.255869907492E+05 -4.099501064735E-02 -4.882812500000E-04   1   5
  9.159274435741E-05  2.055761505204E-04  8.175873585157E-04  1.934149972220E+03 -3.678265594252E+03 -3.366453889613E+05 -3.924354277114E-02 -4.882812500000E-04   1   5
 -2.461060241863E-04 -5.134414497070E-04 -2.595837206858E-04 -9.687406175992E+02  1.131832018851E+04  9.115097120235E+04 -4.288609327760E-02 -4.882812500000E-04   1   5
  4.518039061307E-04  5.555329401433E-04  7.211638928326E-04  6.779287211077E+03 -1.123536777751E+04 -3.054635183617E+05 -3.956865998952E-02 -4.882812500000E-04   1   5
  2.723462080484E-04  1.137549360331E-03 -4.661958612058E-04  4.337971029671E+03 -2.204292955743E+04  1.377379955948E+05 -4.358024415293E-02 -4.882812500000E-04   1   5
  2.395121613153E-05  1.188207009200E-03  8.140352419073E-04  5.988046431189E+02 -2.172770283982E+04 -3.353553098822E+05 -3.925494055652E-02 -4.882812500000E-04   1   5
 -1.543791823152E-05  1.058165219092E-03  9.687883246912E-05 -1.940682266733E+01 -2.077259805390E+04 -3.965238658622E+04 -4.168180264875E-02 -4.882812500000E-04   1   5
  5.352852036615E-04  1.061273545164E-03  1.128386452622E-04  8.015910235727E+03 -2.133964772128E+04 -4.398641133731E+04 -4.162791829722E-02 -4.882812500000E-04   1   5
  7.442926854513E-05 -3.175671894960E-04  2.040401071022E-04 -9.466045853861E+02  7.509064383494E+03 -8.481740643303E+04 -4.131947907975E-02 -4.882812500000E-04   1   5
 -5.173095343993E-04 -6.484127253066E-04  1.145935332936E-04 -7.727158591668E+03  1.310582435240E+04 -4.546895236885E+04 -4.162214167965E-02 -4.882812500000E-04   1   5
 -7.534059553330E-05  8.570389097480E-04 -2.841760954819E-04 -7.474047934709E+02 -1.783084883640E+04  9.371844911504E+04 -4.296835424236E-02 -4.882812500000E-04   1   5
 -2.318733506933E-04  1.289305546241E-04  4.159112314013E-04 -1.820159120851E+03 -2.544787032471E+03 -1.741690331657E+05 -4.060237314084E-02 -4.882812500000E-04   1   5
 -2.141340646563E-04  6.808784080466E-04 -3.344137103678E-05 -2.434142531634E+03 -1.546869559828E+04  1.448038303173E+04 -4.212296523213E-02 -4.882812500000E-04   1   5
 -2.117935914904E-04 -6.492895768885E-04 -8.560889646470E-05 -1.773248795717E+03  1.438375537801E+04  2.749779461068E+04 -4.229848730186E-02 -4.882812500000E-04   1   5
 -3.008229098251E-04 -7.189902620711E-04  2.116563557832E-04 -2.428650171316E+03  1.544144384246E+04 -8.650216596162E+04 -4.129369801300E-02 -4.882812500000E-04   1   5
  7.876807302351E-04  5.696231891595E-04 -4.338463264801E-04  1.302012118683E+04 -1.104589845789E+04  1.299555914397E+05 -4.347149111162E-02 -4.882812500000E-04   1   5
 -3.652879906764E-05 -1.181915030747E-03 -5.122638073582E-04 -6.030002007870E+02  2.272519457188E+04  1.390124490886E+05 -4.373406933961E-02 -4.882812500000E-04   1   5
  4.773231810134E-04  7.833036171115E-04 -6.698028723839E-05  7.900675032707E+03 -1.548706059339E+04  1.885824421527E+04 -4.223517427604E-02 -4.882812500000E-04   1   5
 -2.316985503574E-04  9.729494485229E-04 -3.083528067602E-04 -3.836286046840E+03 -1.926177580012E+04  9.729311880931E+04 -4.304928400259E-02 -4.882812500000E-04   1   5
 -1.969300855793E-04 -6.679152827923E-04  2.753027451998E-04 -3.480636332324E+03  1.277773562356E+04 -1.213003396977E+05 -4.107741778633E-02 -4.882812500000E-04   1   5
  1.266924289503E-04  9.432378743578E-05 -2.221699635863E-05  2.831748825430E+03 -1.949814064282E+03  8.986727255926E+03 -4.208504139357E-02 -4.882812500000E-04   1   5
  3.334070204867E-05  1.089751716857E-04 -1.064308799279E-04 -1.251485561673E+03 -2.474814846554E+03  3.786939075580E+04 -4.236926398953E-02 -4.882812500000E-04   1   5
  1.903753262727E-04  7.941446202033E-04 -6.002484688223E-04  2.795516344425E+03 -1.625262396704E+04  1.665018765262E+05 -4.403097077952E-02 -4.882812500000E-04   1   5
  4.305763544105E-04  1.547005013241E-04 -6.900101683103E-04  9.117059506150E+03 -2.543490318979E+03  1.698256405131E+05 -4.433088386614E-02 -4.882812500000E-04   1   5
  3.038592995804E-05 -8.177651322919E-04  4.883683073786E-04  5.795590491073E+02  1.739790956677E+04 -2.103445847978E+05 -4.035634382561E-02 -4.882812500000E-04   1   5
  2.423297829387E-04 -7.936532684637E-05 -4.942077067103E-04  2.290194866053E+03  2.263831737702E+03  1.338669966566E+05 -4.367372495478E-02 -4.882812500000E-04   1   5
  1.526386750181E-04 -7.226726586898E-05 -5.350122524916E-05 -2.181905681846E+03  2.057455419035E+03  1.782314711130E+04 -4.219030448885E-02 -4.882812500000E-04   1   5
  5.653738161747E-04 -1.135994190666E-03  5.415110423672E-04  9.702811454086E+03  2.211551916452E+04 -2.350396651783E+05 -4.017574225145E-02 -4.882812500000E-04   1   5
  5.436462696072E-04 -7.351382178268E-04 -1.949066985096E-04  9.726008989021E+03  1.391563186440E+04  6.554131486345E+04 -4.266720577279E-02 -4.882812500000E-04   1   5
  2.068226442384E-04 -1.168301068189E-03  7.801294160306E-04  3.439666723708E+03  2.183755137309E+04 -3.283018691728E+05 -3.936891604112E-02 -4.882812500000E-04   1   5
 -2.441330355204E-04 -4.008318507549E-04  8.369920737077E-04 -3.203457714261E+03  7.939063303128E+03 -3.420041777952E+05 -3.917811290318E-02 -4.882812500000E-04   1   5
 -8.071570286150E-05 -3.935878470855E-04  2.058450181965E-04 -3.841774930571E+02  8.125632805778E+03 -8.843127868629E+04 -4.131304329080E-02 -4.882812500000E-04   1   5
 -7.175422910429E-05  7.610547304345E-04 -5.838706648134E-04 -8.014640807083E+02 -1.487587235031E+04  1.648194380098E+05 -4.397615474579E-02 -4.882812500000E-04   1   5
 -1.535182113496E-04  8.334576475646E-04 -2.117696865382E-04 -2.808082302281E+03 -1.629516859281E+04  7.013833078925E+04 -4.272410225509E-02 -4.882812500000E-04   1   5
 -5.419850811208E-04 -8.372188145646E-05  1.100075853169E-03 -1.148311818787E+04  1.392482686999E+03 -3.909154740216E+05 -3.829459998308E-02 -4.882812500000E-04   1   5
 -2.007552098122E-04  8.797188660590E-04 -7.786704910755E-04 -3.207292262089E+03 -1.663804423699E+04  1.883317099624E+05 -4.462853838088E-02 -4.882812500000E-04   1   5
 -4.509665715946E-04 -9.723442694036E-05  1.504452123826E-04 -3.638504005085E+03  2.159213771743E+03 -5.711262177831E+04 -4.150130368042E-02 -4.882812500000E-04   1   5
  4.714338083380E-04 -5.225782376244E-05  9.212258750861E-04  9.035321037799E+03  7.494015214168E+02 -3.723207131358E+05 -3.889351229874E-02 -4.882812500000E-04   1   5
  2.346771549273E-04 -5.019102048165E-04 -2.974992806535E-04  3.049769529190E+03  1.042436965807E+04  9.498815817098E+04 -4.301306170291E-02 -4.882812500000E-04   1   5
  3.250474266225E-04  8.275352440928E-04  7.241128606048E-04  5.690521462841E+03 -1.608768160632E+04 -3.068399635240E+05 -3.955857189679E-02 -4.882812500000E-04   1   5
  1.878328407777E-04  8.682206747437E-04 -6.179087057845E-04  2.720711039326E+03 -1.752073171158E+04  1.673977078252E+05 -4.408994076850E-02 -4.882812500000E-04   1   5
 -1.938475690184E-04 -1.438442081316E-04  2.183336590362E-04 -8.325566016887E+02  3.633656550410E+03 -9.994857759957E+04 -4.127006147618E-02 -4.882812500000E-04   1   5
  5.313235080109E-04  6.658267431705E-04  3.893955713563E-05  7.207381611045E+03 -1.385720682926E+04 -1.260227545315E+04 -4.187826191311E-02 -4.882812500000E-04   1   5
  6.072011724229E-04  2.479251584260E-04  6.496912559490E-04  1.041858512171E+04 -4.656977799806E+03 -2.812320027928E+05 -3.980990318758E-02 -4.882812500000E-04   1   5
  2.742249629097E-04  4.435121187747E-05 -6.307135350712E-04  3.596625140836E+03 -7.706159778116E+02  1.710365670114E+05 -4.413328368604E-02 -4.882812500000E-04   1   5
  1.372710662331E-04  3.967502248879E-04 -3.113741715297E-04  2.100767928228E+03 -8.310358685006E+03  1.004730370831E+05 -4.306001988468E-02 -4.882812500000E-04   1   5
 -6.020790014744E-05  7.528557334146E-04  4.210181808522E-04 -1.027635243112E+03 -1.581325370548E+04 -1.770700679828E+05 -4.058488839515E-02 -4.882812500000E-04   1   5
 -2.747529712526E-04  4.632084817506E-04 -8.293991051733E-06 -2.678430364533E+03 -1.068355234851E+04  4.430273195714E+03 -4.203796754958E-02 -4.882812500000E-04   1   5
 -1.413359972596E-05  4.223973669913E-04 -2.387724675890E-05  7.317412583513E+01 -8.937509514615E+03  8.432580665573E+03 -4.209047884165E-02 -4.882812500000E-04   1   5
 -2.950071587394E-04  1.780332644070E-04 -3.169560809186E-04 -3.777508456223E+03 -3.920369804357E+03  1.019532169142E+05 -4.307880015267E-02 -4.882812500000E-04   1   5
 -3.378178382054E-04 -8.614403668453E-04  5.245623244039E-04 -6.183257170259E+03  1.630377199523E+04 -2.308160319588E+05 -4.023306554403E-02 -4.882812500000E-04   1   5
 -1.104968546310E-04 -6.509245862153E-04 -1.330198228491E-04 -3.420976761920E+02  1.432072813433E+04  5.226419314806E+04 -4.245948175903E-02 -4.882812500000E-04   1   5
  1.959142515362E-04  1.172674405799E-04 -1.290615926917E-04  1.220318761936E+02 -3.236753840641E+03  5.241086544251E+04 -4.244635041789E-02 -4.882812500000E-04   1   5
  6.855138544385E-04  1.705445870858E-04 -3.883759236101E-04  1.131361558635E+04 -3.264304008369E+03  1.190327715121E+05 -4.331876671189E-02 -4.882812500000E-04   1   5
 -6.149708393443E-04 -6.125597914764E-04  3.103152260362E-04 -8.989754936769E+03  1.243158237072E+04 -1.285248171013E+05 -4.095962387890E-02 -4.882812500000E-04   1   5
  6.752734964171E-04  2.583015243944E-04 -3.733928842671E-04  1.161414539625E+04 -5.045856030977E+03  1.160940861155E+05 -4.326844796962E-02 -4.882812500000E-04   1   5
 -3.094128790174E-04  7.312565150659E-04 -1.480814314871E-04 -3.576811530557E+03 -1.612117498983E+04  5.818853126509E+04 -4.251031763637E-02 -4.882812500000E-04   1   5
 -4.185815279084E-04  3.870770820252E-04 -3.120523813722E-04 -5.037053851060E+03 -8.131189912960E+03  9.988689551666E+04 -4.306210918152E-02 -4.882812500000E-04   1   5
 -5.365590761181E-04  5.630324141726E-04 -8.839180290754E-04 -1.017719734431E+04 -1.048771909816E+04  1.879507242196E+05 -4.497964036790E-02 -4.882812500000E-04   1   5
 -5.168113917540E-04 -1.239711505642E-04 -4.235422961405E-04 -6.185146771449E+03  2.769886217284E+03  1.295024539395E+05 -4.343734920082E-02 -4.882812500000E-04   1   5
  1.261548218057E-04 -6.254606038650E-04  5.108643646534E-04  1.970405702456E+03  1.255077966496E+04 -2.232915730177E+05 -4.027985525758E-02 -4.882812500000E-04   1   5
  5.929738911469E-05 -2.673507209923E-05 -3.659352849126E-04  3.398807737037E+03  9.816724478998E+02  1.123004483771E+05 -4.324339643546E-02 -4.882812500000E-04   1   5
 -5.379678629444E-04  8.412788715932E-04  4.408303773027E-04 -8.286704163132E+03 -1.679672658817E+04 -1.828332208463E+05 -4.051789207781E-02 -4.882812500000E-04   1   5
  3.514345625330E-04  5.169143219847E-04 -2.943372849504E-04  4.709418193248E+03 -1.071263478601E+04  9.402995725398E+04 -4.300235795998E-02 -4.882812500000E-04   1   5
 -3.346139824000E-04  8.673712318313E-04  5.203727282828E-04 -5.423594898543E+03 -1.729216964951E+04 -2.248312051085E+05 -4.024777440500E-02 -4.882812500000E-04   1   5
  7.829685351034E-05 -2.993093135721E-04 -7.555866380513E-04  2.001978466293E+03  5.518718086466E+03  1.766313871175E+05 -4.455050575012E-02 -4.882812500000E-04   1   5
  1.557101858755E-04  3.306964672669E-04 -8.921469710561E-04  3.259374470615E+03 -6.625030865598E+03  1.872357389287E+05 -4.500726429791E-02 -4.882812500000E-04   1   5
  1.187334439991E-04 -8.598866948757E-04 -2.528214922028E-04  1.849980854077E+03  1.814023210730E+04  8.824094917453E+04 -4.286313699780E-02 -4.882812500000E-04   1   5
 -1.137071119911E-04 -9.114551254079E-04  7.269558840188E-04 -1.733358107982E+03  1.846128110287E+04 -3.090443524619E+05 -3.954886463989E-02 -4.882812500000E-04   1   5
 -3.320066522563E-04 -8.475067672181E-04 -7.978602205627E-04 -5.841976420985E+03  1.586049751960E+04  1.882378606938E+05 -4.469252122513E-02 -4.882812500000E-04   1   5
  1.022988927044E-03 -6.328155934152E-04  6.745037985723E-04  1.764902100654E+04  1.203796120308E+04 -2.874855661296E+05 -3.972587332652E-02 -4.882812500000E-04   1   5
  7.332935045530E-04  1.581551507395E-04 -5.787023020210E-04  1.260794335426E+04 -2.911421256681E+03  1.612088571271E+05 -4.395839952679E-02 -4.882812500000E-04   1   5
 -5.196363314907E-04 -5.092804362258E-04 -4.627178766468E-04 -7.876413441120E+03  1.049710604595E+04  1.378829019702E+05 -4.356893272596E-02 -4.882812500000E-04   1   5
  1.613798675598E-04 -9.195000132484E-04  6.886809617068E-04  1.891039477819E+03  1.885033936188E+04 -2.951177424517E+05 -3.967816808964E-02 -4.882812500000E-04   1   5
  3.946091522403E-04 -1.500499940146E-04  8.926875215782E-04  4.594408541501E+03  2.859491683905E+03 -3.674317615330E+05 -3.898930939970E-02 -4.882812500000E-04   1   5
  3.201076333009E-04 -2.120836480033E-03 -5.719150892340E-04  6.216135152291E+03  3.839607949885E+04  1.559253460319E+05 -4.393341161896E-02 -4.882812500000E-04   1   5
  4.167162524600E-06  6.193337912954E-05  4.253153949998E-04  2.170188753521E+03 -2.210131324579E+03 -1.795992432542E+05 -4.057040438534E-02 -4.882812500000E-04   1   5
 -5.045060854685E-04 -2.671468676710E-04 -4.563476380839E-04 -7.427755764095E+03  5.364728841327E+03  1.343745182487E+05 -4.354735142688E-02 -4.882812500000E-04   1   5
 -1.732365216906E-04 -8.286074146019E-04 -3.326302574260E-04 -2.128766144409E+03  1.741735615121E+04  1.045384815558E+05 -4.313122426317E-02 -4.882812500000E-04   1   5
 -6.841586179790E-04 -5.697261975606E-04  5.175715506422E-04 -1.133492149993E+04  1.109828581989E+04 -2.231609548578E+05 -4.025724649259E-02 -4.882812500000E-04   1   5
  3.381895480349E-04 -7.123686349053E-04  2.340614217711E-04  3.558705670125E+03  1.508981483172E+04 -9.944732682468E+04 -4.121746786637E-02 -4.882812500000E-04   1   5
  1.391546828580E-04  5.834699137776E-05 -5.900827767125E-05 -9.234649118923E+02 -2.067323372235E+03  1.594245432541E+04 -4.220852201071E-02 -4.882812500000E-04   1   5
 -7.971179298771E-04  4.035836411785E-06 -2.216377019661E-04 -1.209539713261E+04 -6.710203489203E-01  7.820073878134E+04 -4.275782036606E-02 -4.882812500000E-04   1   5
 -4.280862821963E-04 -2.690586347427E-04 -3.459573940394E-04 -4.268627802129E+03  5.688076239242E+03  1.094803929813E+05 -4.317629240784E-02 -4.882812500000E-04   1   5
  2.179405673414E-04 -8.120107115547E-04 -4.467389782801E-04  3.205241579779E+03  1.703702792069E+04  1.357625934338E+05 -4.351540453991E-02 -4.882812500000E-04   1   5
  5.045857477716E-04 -7.031965370751E-04  4.065227829253E-04  8.509580443592E+03  1.357679214536E+04 -1.696574935486E+05 -4.063394456958E-02 -4.882812500000E-04   1   5
  2.052102531126E-04  2.975273937962E-04  1.654414673995E-04 -3.623976715963E+02 -7.321383035172E+03 -6.345620831186E+04 -4.145062361557E-02 -4.882812500000E-04   1   5
  2.733739997403E-04 -6.302975692749E-04  1.542564930115E-04  2.472049099083E+03  1.380534163357E+04 -5.866758884163E+04 -4.148843264871E-02 -4.882812500000E-04   1   5
  2.837550271103E-04 -1.659548582225E-04  2.080939881899E-04  1.743563837555E+03  3.557106255577E+03 -8.802496340042E+04 -4.130554449315E-02 -4.882812500000E-04   1   5
  4.738648484483E-05  2.302930388099E-04  1.349072814896E-04  8.935710387104E+02 -5.689790835498E+03 -5.178235393997E+04 -4.155392724687E-02 -4.882812500000E-04   1   5
  5.744604358981E-05 -1.114537308705E-04 -2.892625515694E-04  3.218974555013E+03  2.147730191176E+03  9.437484071686E+04 -4.298559447542E-02 -4.882812500000E-04   1   5
  2.240801966531E-04  4.998382546466E-04  2.126603585388E-04  2.081040167835E+03 -1.062244606242E+04 -9.332841736392E+04 -4.128968668530E-02 -4.882812500000E-04   1   5
 -3.231725669445E-04 -5.065030159097E-04  7.300940433153E-04 -3.902227085257E+03  1.038886492543E+04 -3.096944201225E+05 -3.953844620882E-02 -4.882812500000E-04   1   5
