 -1.8055E-12  1.1205E+01  1.8145E-02  4.4780E-01  5.9989E-02  1.0148E+00  5.0199E-02
  2.2432E-03  1.1213E+01  1.8156E-02  4.4791E-01  5.9993E-02  1.0148E+00  5.0209E-02
  4.4865E-03  1.1220E+01  1.8166E-02  4.4803E-01  5.9996E-02  1.0148E+00  5.0219E-02
  6.7297E-03  1.1228E+01  1.8176E-02  4.4814E-01  6.0000E-02  1.0147E+00  5.0229E-02
  8.9730E-03  1.1235E+01  1.8187E-02  4.4825E-01  6.0003E-02  1.0147E+00  5.0239E-02
  1.1216E-02  1.1243E+01  1.8197E-02  4.4836E-01  6.0006E-02  1.0147E+00  5.0248E-02
  1.3459E-02  1.1250E+01  1.8207E-02  4.4848E-01  6.0010E-02  1.0147E+00  5.0258E-02
  1.5703E-02  1.1258E+01  1.8218E-02  4.4859E-01  6.0013E-02  1.0147E+00  5.0268E-02
  1.7946E-02  1.1265E+01  1.8228E-02  4.4870E-01  6.0017E-02  1.0147E+00  5.0278E-02
  2.0189E-02  1.1273E+01  1.8238E-02  4.4882E-01  6.0020E-02  1.0147E+00  5.0287E-02
  2.2432E-02  1.1280E+01  1.8249E-02  4.4893E-01  6.0024E-02  1.0147E+00  5.0297E-02
  2.4676E-02  1.1288E+01  1.8259E-02  4.4904E-01  6.0027E-02  1.0147E+00  5.0307E-02
  2.6919E-02  1.1295E+01  1.8270E-02  4.4916E-01  6.0031E-02  1.0146E+00  5.0316E-02
  2.9162E-02  1.1303E+01  1.8280E-02  4.4927E-01  6.0034E-02  1.0146E+00  5.0326E-02
  3.1405E-02  1.1310E+01  1.8290E-02  4.4938E-01  6.0038E-02  1.0146E+00  5.0336E-02
  3.3649E-02  1.1318E+01  1.8301E-02  4.4949E-01  6.0041E-02  1.0146E+00  5.0346E-02
  3.5892E-02  1.1325E+01  1.8311E-02  4.4961E-01  6.0044E-02  1.0146E+00  5.0355E-02
  3.8135E-02  1.1332E+01  1.8321E-02  4.4972E-01  6.0048E-02  1.0146E+00  5.0365E-02
  4.0378E-02  1.1340E+01  1.8332E-02  4.4983E-01  6.0051E-02  1.0146E+00  5.0375E-02
  4.2622E-02  1.1347E+01  1.8342E-02  4.4995E-01  6.0055E-02  1.0146E+00  5.0384E-02
  4.4865E-02  1.1355E+01  1.8352E-02  4.5006E-01  6.0058E-02  1.0146E+00  5.0394E-02
  4.7108E-02  1.1362E+01  1.8363E-02  4.5017E-01  6.0062E-02  1.0145E+00  5.0404E-02
  4.9351E-02  1.1370E+01  1.8373E-02  4.5029E-01  6.0065E-02  1.0145E+00  5.0413E-02
  5.1594E-02  1.1377E+01  1.8383E-02  4.5040E-01  6.0069E-02  1.0145E+00  5.0423E-02
  5.3838E-02  1.1385E+01  1.8394E-02  4.5051E-01  6.0072E-02  1.0145E+00  5.0433E-02
  5.6081E-02  1.1392E+01  1.8404E-02  4.5063E-01  6.0075E-02  1.0145E+00  5.0442E-02
  5.8324E-02  1.1400E+01  1.8415E-02  4.5074E-01  6.0079E-02  1.0145E+00  5.0452E-02
  6.0567E-02  1.1407E+01  1.8425E-02  4.5085E-01  6.0082E-02  1.0145E+00  5.0461E-02
  6.2811E-02  1.1415E+01  1.8435E-02  4.5097E-01  6.0086E-02  1.0145E+00  5.0471E-02
  6.5054E-02  1.1422E+01  1.8446E-02  4.5108E-01  6.0089E-02  1.0145E+00  5.0481E-02
  6.7297E-02  1.1430E+01  1.8456E-02  4.5119E-01  6.0093E-02  1.0144E+00  5.0490E-02
  6.9540E-02  1.1437E+01  1.8466E-02  4.5131E-01  6.0096E-02  1.0144E+00  5.0500E-02
  7.1784E-02  1.1445E+01  1.8477E-02  4.5142E-01  6.0100E-02  1.0144E+00  5.0509E-02
  7.4027E-02  1.1452E+01  1.8487E-02  4.5153E-01  6.0103E-02  1.0144E+00  5.0519E-02
  7.6270E-02  1.1460E+01  1.8497E-02  4.5165E-01  6.0106E-02  1.0144E+00  5.0529E-02
  7.8513E-02  1.1467E+01  1.8508E-02  4.5176E-01  6.0110E-02  1.0144E+00  5.0538E-02
  8.0757E-02  1.1475E+01  1.8518E-02  4.5187E-01  6.0113E-02  1.0144E+00  5.0548E-02
  8.3000E-02  1.1482E+01  1.8528E-02  4.5199E-01  6.0123E-02  1.0144E+00  5.0565E-02
  8.5243E-02  1.1490E+01  1.8539E-02  4.5210E-01  6.0141E-02  1.0144E+00  5.0591E-02
  8.7486E-02  1.1497E+01  1.8549E-02  4.5222E-01  6.0168E-02  1.0144E+00  5.0629E-02
  8.9730E-02  1.1505E+01  1.8560E-02  4.5233E-01  6.0214E-02  1.0144E+00  5.0687E-02
  9.1973E-02  1.1512E+01  1.8570E-02  4.5244E-01  6.0290E-02  1.0145E+00  5.0782E-02
  9.4216E-02  1.1520E+01  1.8580E-02  4.5256E-01  6.0419E-02  1.0146E+00  5.0938E-02
  9.6459E-02  1.1527E+01  1.8591E-02  4.5267E-01  6.0635E-02  1.0148E+00  5.1195E-02
  9.8702E-02  1.1535E+01  1.8601E-02  4.5279E-01  6.0988E-02  1.0151E+00  5.1613E-02
  1.0095E-01  1.1542E+01  1.8612E-02  4.5290E-01  6.1551E-02  1.0155E+00  5.2273E-02
  1.0319E-01  1.1550E+01  1.8622E-02  4.5302E-01  6.2401E-02  1.0160E+00  5.3267E-02
  1.0543E-01  1.1557E+01  1.8633E-02  4.5314E-01  6.3608E-02  1.0166E+00  5.4669E-02
  1.0768E-01  1.1564E+01  1.8644E-02  4.5327E-01  6.5198E-02  1.0172E+00  5.6505E-02
  1.0992E-01  1.1572E+01  1.8655E-02  4.5340E-01  6.7148E-02  1.0177E+00  5.8741E-02
  1.1216E-01  1.1579E+01  1.8666E-02  4.5353E-01  6.9395E-02  1.0181E+00  6.1296E-02
  1.1441E-01  1.1587E+01  1.8678E-02  4.5367E-01  7.1864E-02  1.0183E+00  6.4080E-02
  1.1665E-01  1.1594E+01  1.8689E-02  4.5382E-01  7.4491E-02  1.0184E+00  6.7014E-02
  1.1889E-01  1.1602E+01  1.8701E-02  4.5398E-01  7.7224E-02  1.0185E+00  7.0044E-02
  1.2113E-01  1.1609E+01  1.8714E-02  4.5414E-01  8.0030E-02  1.0186E+00  7.3130E-02
  1.2338E-01  1.1617E+01  1.8726E-02  4.5430E-01  8.2887E-02  1.0186E+00  7.6251E-02
  1.2562E-01  1.1624E+01  1.8739E-02  4.5448E-01  8.5780E-02  1.0186E+00  7.9392E-02
  1.2786E-01  1.1632E+01  1.8752E-02  4.5466E-01  8.8702E-02  1.0186E+00  8.2546E-02
  1.3011E-01  1.1639E+01  1.8766E-02  4.5485E-01  9.1649E-02  1.0186E+00  8.5709E-02
  1.3235E-01  1.1647E+01  1.8780E-02  4.5505E-01  9.4616E-02  1.0186E+00  8.8880E-02
  1.3459E-01  1.1654E+01  1.8794E-02  4.5525E-01  9.7597E-02  1.0186E+00  9.2053E-02
  1.3684E-01  1.1662E+01  1.8808E-02  4.5546E-01  1.0059E-01  1.0186E+00  9.5226E-02
  1.3908E-01  1.1669E+01  1.8823E-02  4.5568E-01  1.0360E-01  1.0186E+00  9.8401E-02
  1.4132E-01  1.1677E+01  1.8838E-02  4.5590E-01  1.0661E-01  1.0185E+00  1.0158E-01
  1.4357E-01  1.1684E+01  1.8853E-02  4.5613E-01  1.0964E-01  1.0185E+00  1.0476E-01
  1.4581E-01  1.1692E+01  1.8869E-02  4.5637E-01  1.1268E-01  1.0185E+00  1.0794E-01
  1.4805E-01  1.1699E+01  1.8884E-02  4.5662E-01  1.1573E-01  1.0185E+00  1.1112E-01
  1.5030E-01  1.1707E+01  1.8901E-02  4.5687E-01  1.1878E-01  1.0185E+00  1.1430E-01
  1.5254E-01  1.1714E+01  1.8917E-02  4.5713E-01  1.2184E-01  1.0185E+00  1.1749E-01
  1.5478E-01  1.1722E+01  1.8934E-02  4.5740E-01  1.2491E-01  1.0185E+00  1.2067E-01
  1.5703E-01  1.1729E+01  1.8951E-02  4.5767E-01  1.2799E-01  1.0184E+00  1.2386E-01
  1.5927E-01  1.1737E+01  1.8968E-02  4.5795E-01  1.3108E-01  1.0184E+00  1.2705E-01
  1.6151E-01  1.1744E+01  1.8986E-02  4.5824E-01  1.3417E-01  1.0184E+00  1.3025E-01
  1.6376E-01  1.1752E+01  1.9004E-02  4.5854E-01  1.3727E-01  1.0184E+00  1.3344E-01
  1.6600E-01  1.1759E+01  1.9022E-02  4.5884E-01  1.4037E-01  1.0184E+00  1.3664E-01
  1.6824E-01  1.1767E+01  1.9040E-02  4.5915E-01  1.4348E-01  1.0184E+00  1.3984E-01
  1.7049E-01  1.1774E+01  1.9059E-02  4.5947E-01  1.4660E-01  1.0184E+00  1.4304E-01
  1.7273E-01  1.1781E+01  1.9078E-02  4.5980E-01  1.4972E-01  1.0183E+00  1.4624E-01
  1.7497E-01  1.1789E+01  1.9098E-02  4.6013E-01  1.5285E-01  1.0183E+00  1.4945E-01
  1.7722E-01  1.1796E+01  1.9118E-02  4.6047E-01  1.5598E-01  1.0183E+00  1.5265E-01
  1.7946E-01  1.1804E+01  1.9138E-02  4.6081E-01  1.5912E-01  1.0183E+00  1.5586E-01
  1.8170E-01  1.1811E+01  1.9158E-02  4.6117E-01  1.6226E-01  1.0183E+00  1.5908E-01
  1.8395E-01  1.1819E+01  1.9179E-02  4.6153E-01  1.6540E-01  1.0182E+00  1.6228E-01
  1.8619E-01  1.1826E+01  1.9199E-02  4.6190E-01  1.6854E-01  1.0182E+00  1.6548E-01
  1.8843E-01  1.1834E+01  1.9221E-02  4.6227E-01  1.7167E-01  1.0182E+00  1.6867E-01
  1.9068E-01  1.1841E+01  1.9242E-02  4.6265E-01  1.7478E-01  1.0181E+00  1.7184E-01
  1.9292E-01  1.1849E+01  1.9264E-02  4.6304E-01  1.7785E-01  1.0180E+00  1.7497E-01
  1.9516E-01  1.1856E+01  1.9286E-02  4.6344E-01  1.8087E-01  1.0178E+00  1.7804E-01
  1.9740E-01  1.1864E+01  1.9308E-02  4.6384E-01  1.8378E-01  1.0176E+00  1.8101E-01
  1.9965E-01  1.1871E+01  1.9331E-02  4.6425E-01  1.8652E-01  1.0172E+00  1.8380E-01
  2.0189E-01  1.1879E+01  1.9354E-02  4.6467E-01  1.8901E-01  1.0167E+00  1.8634E-01
  2.0413E-01  1.1886E+01  1.9377E-02  4.6509E-01  1.9116E-01  1.0161E+00  1.8852E-01
  2.0638E-01  1.1894E+01  1.9400E-02  4.6551E-01  1.9289E-01  1.0154E+00  1.9029E-01
  2.0862E-01  1.1901E+01  1.9424E-02  4.6594E-01  1.9419E-01  1.0148E+00  1.9160E-01
  2.1086E-01  1.1909E+01  1.9447E-02  4.6637E-01  1.9509E-01  1.0143E+00  1.9252E-01
  2.1311E-01  1.1916E+01  1.9471E-02  4.6681E-01  1.9567E-01  1.0139E+00  1.9313E-01
  2.1535E-01  1.1924E+01  1.9495E-02  4.6724E-01  1.9604E-01  1.0137E+00  1.9350E-01
  2.1759E-01  1.1931E+01  1.9518E-02  4.6768E-01  1.9626E-01  1.0135E+00  1.9373E-01
  2.1984E-01  1.1939E+01  1.9542E-02  4.6811E-01  1.9640E-01  1.0134E+00  1.9387E-01
  2.2208E-01  1.1946E+01  1.9566E-02  4.6855E-01  1.9647E-01  1.0134E+00  1.9396E-01
  2.2432E-01  1.1954E+01  1.9589E-02  4.6898E-01  1.9652E-01  1.0133E+00  1.9401E-01
  2.2657E-01  1.1961E+01  1.9613E-02  4.6942E-01  1.9655E-01  1.0133E+00  1.9404E-01
  2.2867E-01  1.1968E+01  1.9635E-02  4.6983E-01  1.9657E-01  1.0133E+00  1.9407E-01
  2.2881E-01  1.1969E+01  1.9637E-02  4.6985E-01  1.9657E-01  1.0133E+00  1.9407E-01
  2.3105E-01  1.1976E+01  1.9660E-02  4.7029E-01  1.9658E-01  1.0132E+00  1.9408E-01
  2.3330E-01  1.1984E+01  1.9684E-02  4.7073E-01  1.9658E-01  1.0132E+00  1.9409E-01
  2.3554E-01  1.1991E+01  1.9708E-02  4.7116E-01  1.9659E-01  1.0132E+00  1.9410E-01
  2.3778E-01  1.1999E+01  1.9731E-02  4.7160E-01  1.9659E-01  1.0132E+00  1.9411E-01
  2.4003E-01  1.2006E+01  1.9755E-02  4.7203E-01  1.9659E-01  1.0131E+00  1.9412E-01
  2.4227E-01  1.2013E+01  1.9779E-02  4.7247E-01  1.9660E-01  1.0131E+00  1.9413E-01
  2.4451E-01  1.2021E+01  1.9803E-02  4.7291E-01  1.9660E-01  1.0131E+00  1.9413E-01
  2.4676E-01  1.2028E+01  1.9826E-02  4.7334E-01  1.9661E-01  1.0131E+00  1.9414E-01
  2.4900E-01  1.2036E+01  1.9850E-02  4.7378E-01  1.9661E-01  1.0131E+00  1.9415E-01
  2.5124E-01  1.2043E+01  1.9874E-02  4.7421E-01  1.9661E-01  1.0131E+00  1.9416E-01
  2.5349E-01  1.2051E+01  1.9897E-02  4.7465E-01  1.9662E-01  1.0130E+00  1.9417E-01
  2.5573E-01  1.2058E+01  1.9921E-02  4.7509E-01  1.9662E-01  1.0130E+00  1.9418E-01
  2.5797E-01  1.2066E+01  1.9945E-02  4.7552E-01  1.9663E-01  1.0130E+00  1.9419E-01
  2.6022E-01  1.2073E+01  1.9968E-02  4.7596E-01  1.9663E-01  1.0130E+00  1.9420E-01
  2.6246E-01  1.2081E+01  1.9992E-02  4.7639E-01  1.9663E-01  1.0130E+00  1.9420E-01
  2.6470E-01  1.2088E+01  2.0016E-02  4.7683E-01  1.9664E-01  1.0129E+00  1.9421E-01
  2.6695E-01  1.2096E+01  2.0040E-02  4.7727E-01  1.9664E-01  1.0129E+00  1.9422E-01
  2.6919E-01  1.2103E+01  2.0063E-02  4.7770E-01  1.9665E-01  1.0129E+00  1.9423E-01
  2.7143E-01  1.2111E+01  2.0087E-02  4.7814E-01  1.9665E-01  1.0129E+00  1.9424E-01
  2.7368E-01  1.2118E+01  2.0111E-02  4.7857E-01  1.9665E-01  1.0129E+00  1.9425E-01
  2.7592E-01  1.2126E+01  2.0134E-02  4.7901E-01  1.9666E-01  1.0129E+00  1.9426E-01
  2.7816E-01  1.2133E+01  2.0158E-02  4.7945E-01  1.9666E-01  1.0128E+00  1.9426E-01
  2.8040E-01  1.2141E+01  2.0182E-02  4.7988E-01  1.9667E-01  1.0128E+00  1.9427E-01
  2.8265E-01  1.2148E+01  2.0205E-02  4.8032E-01  1.9667E-01  1.0128E+00  1.9428E-01
  2.8489E-01  1.2156E+01  2.0229E-02  4.8076E-01  1.9667E-01  1.0128E+00  1.9429E-01
  2.8713E-01  1.2163E+01  2.0253E-02  4.8119E-01  1.9668E-01  1.0128E+00  1.9430E-01
  2.8938E-01  1.2171E+01  2.0277E-02  4.8163E-01  1.9668E-01  1.0127E+00  1.9431E-01
  2.9162E-01  1.2178E+01  2.0300E-02  4.8206E-01  1.9669E-01  1.0127E+00  1.9432E-01
  2.9386E-01  1.2186E+01  2.0324E-02  4.8250E-01  1.9669E-01  1.0127E+00  1.9432E-01
  2.9611E-01  1.2193E+01  2.0348E-02  4.8294E-01  1.9669E-01  1.0127E+00  1.9433E-01
  2.9835E-01  1.2201E+01  2.0371E-02  4.8337E-01  1.9670E-01  1.0127E+00  1.9434E-01
  3.0059E-01  1.2208E+01  2.0395E-02  4.8381E-01  1.9670E-01  1.0127E+00  1.9435E-01
  3.0284E-01  1.2216E+01  2.0419E-02  4.8425E-01  1.9671E-01  1.0126E+00  1.9436E-01
  3.0508E-01  1.2223E+01  2.0443E-02  4.8468E-01  1.9671E-01  1.0126E+00  1.9437E-01
  3.0732E-01  1.2230E+01  2.0466E-02  4.8512E-01  1.9671E-01  1.0126E+00  1.9437E-01
  3.0957E-01  1.2238E+01  2.0490E-02  4.8556E-01  1.9672E-01  1.0126E+00  1.9438E-01
  3.1181E-01  1.2245E+01  2.0514E-02  4.8599E-01  1.9672E-01  1.0126E+00  1.9439E-01
  3.1405E-01  1.2253E+01  2.0537E-02  4.8643E-01  1.9673E-01  1.0125E+00  1.9440E-01
  3.1630E-01  1.2260E+01  2.0561E-02  4.8687E-01  1.9673E-01  1.0125E+00  1.9441E-01
  3.1854E-01  1.2268E+01  2.0585E-02  4.8730E-01  1.9674E-01  1.0125E+00  1.9442E-01
  3.2078E-01  1.2275E+01  2.0608E-02  4.8774E-01  1.9674E-01  1.0125E+00  1.9442E-01
  3.2303E-01  1.2283E+01  2.0632E-02  4.8817E-01  1.9674E-01  1.0125E+00  1.9443E-01
  3.2527E-01  1.2290E+01  2.0656E-02  4.8861E-01  1.9675E-01  1.0125E+00  1.9444E-01
  3.2751E-01  1.2298E+01  2.0680E-02  4.8905E-01  1.9675E-01  1.0124E+00  1.9445E-01
  3.2976E-01  1.2305E+01  2.0703E-02  4.8948E-01  1.9676E-01  1.0124E+00  1.9446E-01
  3.3200E-01  1.2313E+01  2.0727E-02  4.8992E-01  1.9676E-01  1.0124E+00  1.9447E-01
  3.3424E-01  1.2320E+01  2.0751E-02  4.9036E-01  1.9676E-01  1.0124E+00  1.9447E-01
  3.3649E-01  1.2328E+01  2.0774E-02  4.9079E-01  1.9677E-01  1.0124E+00  1.9448E-01
  3.3873E-01  1.2335E+01  2.0798E-02  4.9123E-01  1.9677E-01  1.0123E+00  1.9449E-01
  3.4097E-01  1.2343E+01  2.0822E-02  4.9167E-01  1.9678E-01  1.0123E+00  1.9450E-01
  3.4322E-01  1.2350E+01  2.0845E-02  4.9211E-01  1.9678E-01  1.0123E+00  1.9451E-01
  3.4546E-01  1.2358E+01  2.0869E-02  4.9254E-01  1.9678E-01  1.0123E+00  1.9452E-01
  3.4770E-01  1.2365E+01  2.0893E-02  4.9298E-01  1.9679E-01  1.0123E+00  1.9452E-01
  3.4995E-01  1.2373E+01  2.0917E-02  4.9342E-01  1.9679E-01  1.0123E+00  1.9453E-01
  3.5219E-01  1.2380E+01  2.0940E-02  4.9385E-01  1.9680E-01  1.0122E+00  1.9454E-01
  3.5443E-01  1.2388E+01  2.0964E-02  4.9429E-01  1.9680E-01  1.0122E+00  1.9455E-01
  3.5667E-01  1.2395E+01  2.0988E-02  4.9473E-01  1.9680E-01  1.0122E+00  1.9456E-01
  3.5892E-01  1.2403E+01  2.1011E-02  4.9516E-01  1.9681E-01  1.0122E+00  1.9456E-01
  3.6116E-01  1.2410E+01  2.1035E-02  4.9560E-01  1.9681E-01  1.0122E+00  1.9457E-01
  3.6340E-01  1.2418E+01  2.1059E-02  4.9604E-01  1.9682E-01  1.0121E+00  1.9458E-01
  3.6565E-01  1.2425E+01  2.1082E-02  4.9647E-01  1.9682E-01  1.0121E+00  1.9459E-01
  3.6789E-01  1.2433E+01  2.1106E-02  4.9691E-01  1.9682E-01  1.0121E+00  1.9460E-01
  3.7013E-01  1.2440E+01  2.1130E-02  4.9735E-01  1.9683E-01  1.0121E+00  1.9460E-01
  3.7238E-01  1.2448E+01  2.1154E-02  4.9778E-01  1.9683E-01  1.0121E+00  1.9461E-01
  3.7462E-01  1.2455E+01  2.1177E-02  4.9822E-01  1.9684E-01  1.0120E+00  1.9462E-01
  3.7686E-01  1.2462E+01  2.1201E-02  4.9866E-01  1.9684E-01  1.0120E+00  1.9463E-01
  3.7911E-01  1.2470E+01  2.1225E-02  4.9910E-01  1.9684E-01  1.0120E+00  1.9464E-01
  3.8135E-01  1.2477E+01  2.1248E-02  4.9953E-01  1.9685E-01  1.0120E+00  1.9465E-01
  3.8359E-01  1.2485E+01  2.1272E-02  4.9997E-01  1.9685E-01  1.0120E+00  1.9465E-01
  3.8584E-01  1.2492E+01  2.1296E-02  5.0041E-01  1.9686E-01  1.0120E+00  1.9466E-01
  3.8808E-01  1.2500E+01  2.1320E-02  5.0084E-01  1.9686E-01  1.0119E+00  1.9467E-01
  3.9032E-01  1.2507E+01  2.1343E-02  5.0128E-01  1.9686E-01  1.0119E+00  1.9468E-01
  3.9257E-01  1.2515E+01  2.1367E-02  5.0172E-01  1.9687E-01  1.0119E+00  1.9468E-01
  3.9481E-01  1.2522E+01  2.1391E-02  5.0216E-01  1.9687E-01  1.0119E+00  1.9469E-01
  3.9705E-01  1.2530E+01  2.1414E-02  5.0259E-01  1.9688E-01  1.0119E+00  1.9470E-01
  3.9930E-01  1.2537E+01  2.1438E-02  5.0303E-01  1.9688E-01  1.0118E+00  1.9471E-01
  4.0154E-01  1.2545E+01  2.1462E-02  5.0347E-01  1.9688E-01  1.0118E+00  1.9472E-01
  4.0378E-01  1.2552E+01  2.1485E-02  5.0390E-01  1.9689E-01  1.0118E+00  1.9472E-01
  4.0603E-01  1.2560E+01  2.1509E-02  5.0434E-01  1.9689E-01  1.0118E+00  1.9473E-01
  4.0827E-01  1.2567E+01  2.1533E-02  5.0478E-01  1.9689E-01  1.0118E+00  1.9474E-01
  4.1051E-01  1.2575E+01  2.1557E-02  5.0522E-01  1.9690E-01  1.0117E+00  1.9475E-01
  4.1276E-01  1.2582E+01  2.1580E-02  5.0565E-01  1.9690E-01  1.0117E+00  1.9476E-01
  4.1500E-01  1.2590E+01  2.1604E-02  5.0609E-01  1.9691E-01  1.0117E+00  1.9476E-01
  4.1724E-01  1.2597E+01  2.1628E-02  5.0653E-01  1.9691E-01  1.0117E+00  1.9477E-01
  4.1949E-01  1.2605E+01  2.1651E-02  5.0697E-01  1.9691E-01  1.0117E+00  1.9478E-01
  4.2173E-01  1.2612E+01  2.1675E-02  5.0740E-01  1.9692E-01  1.0117E+00  1.9479E-01
  4.2397E-01  1.2620E+01  2.1699E-02  5.0784E-01  1.9692E-01  1.0116E+00  1.9479E-01
  4.2622E-01  1.2627E+01  2.1723E-02  5.0828E-01  1.9693E-01  1.0116E+00  1.9480E-01
  4.2846E-01  1.2635E+01  2.1746E-02  5.0872E-01  1.9693E-01  1.0116E+00  1.9481E-01
  4.3070E-01  1.2642E+01  2.1770E-02  5.0915E-01  1.9693E-01  1.0116E+00  1.9482E-01
  4.3294E-01  1.2650E+01  2.1794E-02  5.0959E-01  1.9694E-01  1.0116E+00  1.9483E-01
  4.3519E-01  1.2657E+01  2.1817E-02  5.1003E-01  1.9694E-01  1.0115E+00  1.9483E-01
  4.3743E-01  1.2665E+01  2.1841E-02  5.1047E-01  1.9695E-01  1.0115E+00  1.9484E-01
  4.3967E-01  1.2672E+01  2.1865E-02  5.1090E-01  1.9695E-01  1.0115E+00  1.9485E-01
  4.4192E-01  1.2680E+01  2.1889E-02  5.1134E-01  1.9695E-01  1.0115E+00  1.9486E-01
  4.4416E-01  1.2687E+01  2.1912E-02  5.1178E-01  1.9696E-01  1.0115E+00  1.9486E-01
  4.4640E-01  1.2694E+01  2.1936E-02  5.1222E-01  1.9696E-01  1.0114E+00  1.9487E-01
  4.4865E-01  1.2702E+01  2.1960E-02  5.1265E-01  1.9697E-01  1.0114E+00  1.9488E-01
  4.5089E-01  1.2709E+01  2.1983E-02  5.1309E-01  1.9697E-01  1.0114E+00  1.9489E-01
  4.5313E-01  1.2717E+01  2.2007E-02  5.1353E-01  1.9697E-01  1.0114E+00  1.9489E-01
  4.5538E-01  1.2724E+01  2.2031E-02  5.1397E-01  1.9698E-01  1.0114E+00  1.9490E-01
  4.5762E-01  1.2732E+01  2.2055E-02  5.1440E-01  1.9698E-01  1.0114E+00  1.9491E-01
  4.5986E-01  1.2739E+01  2.2078E-02  5.1484E-01  1.9699E-01  1.0113E+00  1.9492E-01
  4.6211E-01  1.2747E+01  2.2102E-02  5.1528E-01  1.9699E-01  1.0113E+00  1.9493E-01
  4.6435E-01  1.2754E+01  2.2126E-02  5.1572E-01  1.9699E-01  1.0113E+00  1.9493E-01
  4.6659E-01  1.2762E+01  2.2149E-02  5.1615E-01  1.9700E-01  1.0113E+00  1.9494E-01
  4.6884E-01  1.2769E+01  2.2173E-02  5.1659E-01  1.9700E-01  1.0113E+00  1.9495E-01
  4.7108E-01  1.2777E+01  2.2197E-02  5.1703E-01  1.9701E-01  1.0112E+00  1.9496E-01
  4.7332E-01  1.2784E+01  2.2220E-02  5.1747E-01  1.9701E-01  1.0112E+00  1.9496E-01
  4.7557E-01  1.2792E+01  2.2244E-02  5.1791E-01  1.9701E-01  1.0112E+00  1.9497E-01
  4.7781E-01  1.2799E+01  2.2268E-02  5.1834E-01  1.9702E-01  1.0112E+00  1.9498E-01
  4.8005E-01  1.2807E+01  2.2292E-02  5.1878E-01  1.9702E-01  1.0112E+00  1.9499E-01
  4.8230E-01  1.2814E+01  2.2315E-02  5.1922E-01  1.9702E-01  1.0111E+00  1.9498E-01
  4.8454E-01  1.2822E+01  2.2339E-02  5.1966E-01  1.9699E-01  1.0111E+00  1.9496E-01
  4.8678E-01  1.2829E+01  2.2363E-02  5.2010E-01  1.9694E-01  1.0110E+00  1.9491E-01
  4.8903E-01  1.2837E+01  2.2386E-02  5.2053E-01  1.9684E-01  1.0109E+00  1.9482E-01
  4.9127E-01  1.2844E+01  2.2410E-02  5.2097E-01  1.9668E-01  1.0107E+00  1.9466E-01
  4.9351E-01  1.2852E+01  2.2434E-02  5.2141E-01  1.9639E-01  1.0104E+00  1.9437E-01
  4.9576E-01  1.2859E+01  2.2457E-02  5.2184E-01  1.9590E-01  1.0100E+00  1.9388E-01
  4.9800E-01  1.2867E+01  2.2481E-02  5.2228E-01  1.9508E-01  1.0093E+00  1.9306E-01
  5.0024E-01  1.2874E+01  2.2504E-02  5.2271E-01  1.9375E-01  1.0083E+00  1.9173E-01
  5.0249E-01  1.2882E+01  2.2528E-02  5.2314E-01  1.9171E-01  1.0070E+00  1.8967E-01
  5.0473E-01  1.2889E+01  2.2551E-02  5.2356E-01  1.8875E-01  1.0056E+00  1.8669E-01
  5.0697E-01  1.2897E+01  2.2573E-02  5.2398E-01  1.8478E-01  1.0043E+00  1.8268E-01
  5.0922E-01  1.2904E+01  2.2596E-02  5.2438E-01  1.7983E-01  1.0032E+00  1.7768E-01
  5.1146E-01  1.2911E+01  2.2617E-02  5.2477E-01  1.7407E-01  1.0025E+00  1.7185E-01
  5.1370E-01  1.2919E+01  2.2638E-02  5.2515E-01  1.6771E-01  1.0020E+00  1.6542E-01
  5.1594E-01  1.2926E+01  2.2659E-02  5.2552E-01  1.6095E-01  1.0016E+00  1.5857E-01
  5.1819E-01  1.2934E+01  2.2678E-02  5.2586E-01  1.5395E-01  1.0014E+00  1.5145E-01
  5.2043E-01  1.2941E+01  2.2698E-02  5.2620E-01  1.4679E-01  1.0013E+00  1.4417E-01
  5.2267E-01  1.2949E+01  2.2716E-02  5.2651E-01  1.3955E-01  1.0013E+00  1.3680E-01
  5.2492E-01  1.2956E+01  2.2733E-02  5.2681E-01  1.3227E-01  1.0012E+00  1.2937E-01
  5.2716E-01  1.2964E+01  2.2750E-02  5.2709E-01  1.2497E-01  1.0012E+00  1.2190E-01
  5.2940E-01  1.2971E+01  2.2766E-02  5.2736E-01  1.1767E-01  1.0011E+00  1.1441E-01
  5.3165E-01  1.2979E+01  2.2782E-02  5.2761E-01  1.1037E-01  1.0011E+00  1.0689E-01
  5.3389E-01  1.2986E+01  2.2797E-02  5.2784E-01  1.0310E-01  1.0011E+00  9.9370E-02
  5.3613E-01  1.2994E+01  2.2811E-02  5.2805E-01  9.5867E-02  1.0011E+00  9.1845E-02
  5.3838E-01  1.3001E+01  2.2824E-02  5.2825E-01  8.8679E-02  1.0011E+00  8.4318E-02
  5.4062E-01  1.3009E+01  2.2836E-02  5.2843E-01  8.1549E-02  1.0011E+00  7.6788E-02
  5.4286E-01  1.3016E+01  2.2848E-02  5.2859E-01  7.4496E-02  1.0010E+00  6.9255E-02
  5.4511E-01  1.3024E+01  2.2859E-02  5.2874E-01  6.7545E-02  1.0010E+00  6.1721E-02
  5.4735E-01  1.3031E+01  2.2869E-02  5.2887E-01  6.0732E-02  1.0010E+00  5.4184E-02
  5.4959E-01  1.3039E+01  2.2879E-02  5.2899E-01  5.4111E-02  1.0010E+00  4.6646E-02
  5.5184E-01  1.3046E+01  2.2888E-02  5.2908E-01  4.7761E-02  1.0010E+00  3.9106E-02
  5.5408E-01  1.3054E+01  2.2896E-02  5.2916E-01  4.1809E-02  1.0010E+00  3.1565E-02
  5.5632E-01  1.3061E+01  2.2903E-02  5.2922E-01  3.6449E-02  1.0010E+00  2.4022E-02
  5.5857E-01  1.3069E+01  2.2910E-02  5.2927E-01  3.1982E-02  1.0010E+00  1.6479E-02
  5.6081E-01  1.3076E+01  2.2916E-02  5.2930E-01  2.8828E-02  1.0009E+00  8.9358E-03
  5.6305E-01  1.3084E+01  2.2921E-02  5.2931E-01  2.7443E-02  1.0009E+00  1.3921E-03
  5.6530E-01  1.3091E+01  2.2925E-02  5.2930E-01  2.8089E-02  1.0009E+00 -6.1518E-03
  5.6754E-01  1.3099E+01  2.2929E-02  5.2928E-01  3.0639E-02  1.0009E+00 -1.3695E-02
  5.6978E-01  1.3106E+01  2.2932E-02  5.2924E-01  3.4675E-02  1.0009E+00 -2.1239E-02
  5.7203E-01  1.3114E+01  2.2934E-02  5.2919E-01  3.9746E-02  1.0009E+00 -2.8781E-02
  5.7427E-01  1.3121E+01  2.2935E-02  5.2911E-01  4.5508E-02  1.0009E+00 -3.6323E-02
  5.7651E-01  1.3129E+01  2.2936E-02  5.2902E-01  5.1728E-02  1.0009E+00 -4.3863E-02
  5.7876E-01  1.3136E+01  2.2936E-02  5.2892E-01  5.8261E-02  1.0008E+00 -5.1402E-02
  5.8100E-01  1.3143E+01  2.2935E-02  5.2879E-01  6.5010E-02  1.0008E+00 -5.8940E-02
  5.8324E-01  1.3151E+01  2.2934E-02  5.2865E-01  7.1903E-02  1.0009E+00 -6.6462E-02
  5.8549E-01  1.3158E+01  2.2931E-02  5.2849E-01  7.8890E-02  1.0009E+00 -7.3961E-02
  5.8773E-01  1.3166E+01  2.2928E-02  5.2832E-01  8.5936E-02  1.0009E+00 -8.1431E-02
  5.8997E-01  1.3173E+01  2.2925E-02  5.2813E-01  9.3003E-02  1.0010E+00 -8.8854E-02
  5.9221E-01  1.3181E+01  2.2920E-02  5.2792E-01  1.0005E-01  1.0011E+00 -9.6197E-02
  5.9446E-01  1.3188E+01  2.2915E-02  5.2770E-01  1.0700E-01  1.0013E+00 -1.0340E-01
  5.9670E-01  1.3196E+01  2.2909E-02  5.2746E-01  1.1377E-01  1.0016E+00 -1.1039E-01
  5.9894E-01  1.3203E+01  2.2903E-02  5.2720E-01  1.2022E-01  1.0022E+00 -1.1702E-01
  6.0119E-01  1.3211E+01  2.2896E-02  5.2693E-01  1.2616E-01  1.0030E+00 -1.2311E-01
  6.0343E-01  1.3218E+01  2.2888E-02  5.2665E-01  1.3139E-01  1.0041E+00 -1.2845E-01
  6.0567E-01  1.3226E+01  2.2880E-02  5.2636E-01  1.3569E-01  1.0054E+00 -1.3283E-01
  6.0792E-01  1.3233E+01  2.2872E-02  5.2605E-01  1.3898E-01  1.0067E+00 -1.3619E-01
  6.1016E-01  1.3241E+01  2.2863E-02  5.2575E-01  1.4132E-01  1.0079E+00 -1.3856E-01
  6.1240E-01  1.3248E+01  2.2854E-02  5.2543E-01  1.4286E-01  1.0087E+00 -1.4013E-01
  6.1465E-01  1.3256E+01  2.2845E-02  5.2512E-01  1.4383E-01  1.0093E+00 -1.4111E-01
  6.1689E-01  1.3263E+01  2.2836E-02  5.2480E-01  1.4442E-01  1.0097E+00 -1.4170E-01
  6.1913E-01  1.3271E+01  2.2827E-02  5.2448E-01  1.4477E-01  1.0099E+00 -1.4205E-01
  6.2138E-01  1.3278E+01  2.2817E-02  5.2416E-01  1.4497E-01  1.0100E+00 -1.4225E-01
  6.2362E-01  1.3286E+01  2.2808E-02  5.2384E-01  1.4508E-01  1.0101E+00 -1.4236E-01
  6.2586E-01  1.3293E+01  2.2799E-02  5.2352E-01  1.4514E-01  1.0101E+00 -1.4242E-01
  6.2811E-01  1.3301E+01  2.2790E-02  5.2320E-01  1.4518E-01  1.0101E+00 -1.4246E-01
  6.3035E-01  1.3308E+01  2.2780E-02  5.2288E-01  1.4519E-01  1.0102E+00 -1.4247E-01
  6.3259E-01  1.3316E+01  2.2771E-02  5.2256E-01  1.4519E-01  1.0102E+00 -1.4246E-01
  6.3484E-01  1.3323E+01  2.2762E-02  5.2224E-01  1.4519E-01  1.0101E+00 -1.4245E-01
  6.3708E-01  1.3331E+01  2.2753E-02  5.2192E-01  1.4518E-01  1.0101E+00 -1.4245E-01
  6.3932E-01  1.3338E+01  2.2744E-02  5.2160E-01  1.4518E-01  1.0101E+00 -1.4244E-01
  6.4157E-01  1.3346E+01  2.2734E-02  5.2128E-01  1.4517E-01  1.0101E+00 -1.4243E-01
  6.4381E-01  1.3353E+01  2.2725E-02  5.2097E-01  1.4517E-01  1.0101E+00 -1.4243E-01
  6.4605E-01  1.3360E+01  2.2716E-02  5.2065E-01  1.4517E-01  1.0101E+00 -1.4242E-01
  6.4830E-01  1.3368E+01  2.2707E-02  5.2033E-01  1.4516E-01  1.0100E+00 -1.4241E-01
  6.5054E-01  1.3375E+01  2.2697E-02  5.2001E-01  1.4516E-01  1.0100E+00 -1.4240E-01
  6.5278E-01  1.3383E+01  2.2688E-02  5.1969E-01  1.4516E-01  1.0100E+00 -1.4240E-01
  6.5503E-01  1.3390E+01  2.2679E-02  5.1937E-01  1.4515E-01  1.0100E+00 -1.4239E-01
  6.5727E-01  1.3398E+01  2.2670E-02  5.1905E-01  1.4515E-01  1.0100E+00 -1.4238E-01
  6.5951E-01  1.3405E+01  2.2660E-02  5.1873E-01  1.4514E-01  1.0099E+00 -1.4237E-01
  6.6176E-01  1.3413E+01  2.2651E-02  5.1841E-01  1.4514E-01  1.0099E+00 -1.4237E-01
  6.6400E-01  1.3420E+01  2.2642E-02  5.1809E-01  1.4514E-01  1.0099E+00 -1.4236E-01
  6.6624E-01  1.3428E+01  2.2633E-02  5.1777E-01  1.4513E-01  1.0099E+00 -1.4235E-01
  6.6848E-01  1.3435E+01  2.2624E-02  5.1745E-01  1.4513E-01  1.0099E+00 -1.4234E-01
  6.7073E-01  1.3443E+01  2.2614E-02  5.1713E-01  1.4512E-01  1.0099E+00 -1.4234E-01
  6.7297E-01  1.3450E+01  2.2605E-02  5.1681E-01  1.4512E-01  1.0098E+00 -1.4233E-01
  6.7521E-01  1.3458E+01  2.2596E-02  5.1649E-01  1.4512E-01  1.0098E+00 -1.4232E-01
  6.7746E-01  1.3465E+01  2.2587E-02  5.1617E-01  1.4511E-01  1.0098E+00 -1.4231E-01
  6.7970E-01  1.3473E+01  2.2577E-02  5.1585E-01  1.4511E-01  1.0098E+00 -1.4231E-01
  6.8194E-01  1.3480E+01  2.2568E-02  5.1553E-01  1.4510E-01  1.0098E+00 -1.4230E-01
  6.8419E-01  1.3488E+01  2.2559E-02  5.1521E-01  1.4510E-01  1.0098E+00 -1.4229E-01
  6.8643E-01  1.3495E+01  2.2550E-02  5.1489E-01  1.4510E-01  1.0097E+00 -1.4229E-01
  6.8867E-01  1.3503E+01  2.2541E-02  5.1457E-01  1.4509E-01  1.0097E+00 -1.4228E-01
  6.9092E-01  1.3510E+01  2.2531E-02  5.1426E-01  1.4509E-01  1.0097E+00 -1.4227E-01
  6.9316E-01  1.3518E+01  2.2522E-02  5.1394E-01  1.4508E-01  1.0097E+00 -1.4226E-01
  6.9540E-01  1.3525E+01  2.2513E-02  5.1362E-01  1.4508E-01  1.0097E+00 -1.4226E-01
  6.9765E-01  1.3533E+01  2.2504E-02  5.1330E-01  1.4508E-01  1.0097E+00 -1.4225E-01
  6.9989E-01  1.3540E+01  2.2494E-02  5.1298E-01  1.4507E-01  1.0096E+00 -1.4224E-01
  7.0213E-01  1.3548E+01  2.2485E-02  5.1266E-01  1.4507E-01  1.0096E+00 -1.4223E-01
  7.0438E-01  1.3555E+01  2.2476E-02  5.1234E-01  1.4507E-01  1.0096E+00 -1.4223E-01
  7.0662E-01  1.3563E+01  2.2467E-02  5.1202E-01  1.4506E-01  1.0096E+00 -1.4222E-01
  7.0886E-01  1.3570E+01  2.2458E-02  5.1170E-01  1.4506E-01  1.0096E+00 -1.4221E-01
  7.1111E-01  1.3578E+01  2.2448E-02  5.1138E-01  1.4505E-01  1.0096E+00 -1.4220E-01
  7.1335E-01  1.3585E+01  2.2439E-02  5.1106E-01  1.4505E-01  1.0095E+00 -1.4220E-01
  7.1559E-01  1.3592E+01  2.2430E-02  5.1074E-01  1.4505E-01  1.0095E+00 -1.4219E-01
  7.1784E-01  1.3600E+01  2.2421E-02  5.1042E-01  1.4504E-01  1.0095E+00 -1.4218E-01
  7.1836E-01  1.3602E+01  2.2419E-02  5.1035E-01  1.4504E-01  1.0095E+00 -1.4218E-01
  7.2004E-01  1.3607E+01  2.2412E-02  5.1011E-01  1.4504E-01  1.0095E+00 -1.4217E-01
  7.2232E-01  1.3615E+01  2.2402E-02  5.0979E-01  1.4503E-01  1.0095E+00 -1.4217E-01
  7.2457E-01  1.3622E+01  2.2393E-02  5.0947E-01  1.4503E-01  1.0095E+00 -1.4216E-01
  7.2681E-01  1.3630E+01  2.2384E-02  5.0915E-01  1.4503E-01  1.0094E+00 -1.4215E-01
  7.2905E-01  1.3637E+01  2.2375E-02  5.0883E-01  1.4502E-01  1.0094E+00 -1.4214E-01
  7.3130E-01  1.3645E+01  2.2365E-02  5.0851E-01  1.4502E-01  1.0094E+00 -1.4214E-01
  7.3354E-01  1.3652E+01  2.2356E-02  5.0819E-01  1.4501E-01  1.0094E+00 -1.4213E-01
  7.3578E-01  1.3660E+01  2.2347E-02  5.0787E-01  1.4501E-01  1.0094E+00 -1.4212E-01
  7.3803E-01  1.3667E+01  2.2338E-02  5.0755E-01  1.4501E-01  1.0094E+00 -1.4211E-01
  7.4027E-01  1.3675E+01  2.2329E-02  5.0723E-01  1.4500E-01  1.0093E+00 -1.4211E-01
  7.4251E-01  1.3682E+01  2.2319E-02  5.0691E-01  1.4500E-01  1.0093E+00 -1.4210E-01
  7.4476E-01  1.3690E+01  2.2310E-02  5.0660E-01  1.4500E-01  1.0093E+00 -1.4209E-01
  7.4700E-01  1.3697E+01  2.2301E-02  5.0628E-01  1.4499E-01  1.0093E+00 -1.4208E-01
  7.4924E-01  1.3705E+01  2.2292E-02  5.0596E-01  1.4499E-01  1.0093E+00 -1.4208E-01
  7.5148E-01  1.3712E+01  2.2282E-02  5.0564E-01  1.4498E-01  1.0093E+00 -1.4207E-01
  7.5373E-01  1.3720E+01  2.2273E-02  5.0532E-01  1.4498E-01  1.0092E+00 -1.4206E-01
  7.5597E-01  1.3727E+01  2.2264E-02  5.0500E-01  1.4498E-01  1.0092E+00 -1.4205E-01
  7.5821E-01  1.3735E+01  2.2255E-02  5.0468E-01  1.4497E-01  1.0092E+00 -1.4205E-01
  7.6046E-01  1.3742E+01  2.2246E-02  5.0436E-01  1.4497E-01  1.0092E+00 -1.4204E-01
  7.6270E-01  1.3750E+01  2.2236E-02  5.0404E-01  1.4496E-01  1.0092E+00 -1.4203E-01
  7.6494E-01  1.3757E+01  2.2227E-02  5.0373E-01  1.4496E-01  1.0092E+00 -1.4202E-01
  7.6719E-01  1.3765E+01  2.2218E-02  5.0341E-01  1.4496E-01  1.0091E+00 -1.4202E-01
  7.6943E-01  1.3772E+01  2.2209E-02  5.0309E-01  1.4495E-01  1.0091E+00 -1.4201E-01
  7.7167E-01  1.3780E+01  2.2200E-02  5.0277E-01  1.4495E-01  1.0091E+00 -1.4200E-01
  7.7392E-01  1.3787E+01  2.2190E-02  5.0245E-01  1.4495E-01  1.0091E+00 -1.4199E-01
  7.7616E-01  1.3795E+01  2.2181E-02  5.0213E-01  1.4494E-01  1.0091E+00 -1.4198E-01
  7.7840E-01  1.3802E+01  2.2172E-02  5.0181E-01  1.4494E-01  1.0091E+00 -1.4198E-01
  7.8065E-01  1.3809E+01  2.2163E-02  5.0149E-01  1.4493E-01  1.0091E+00 -1.4197E-01
  7.8289E-01  1.3817E+01  2.2153E-02  5.0118E-01  1.4493E-01  1.0090E+00 -1.4196E-01
  7.8513E-01  1.3824E+01  2.2144E-02  5.0086E-01  1.4493E-01  1.0090E+00 -1.4195E-01
  7.8738E-01  1.3832E+01  2.2135E-02  5.0054E-01  1.4492E-01  1.0090E+00 -1.4195E-01
  7.8962E-01  1.3839E+01  2.2126E-02  5.0022E-01  1.4492E-01  1.0090E+00 -1.4194E-01
  7.9186E-01  1.3847E+01  2.2117E-02  4.9990E-01  1.4491E-01  1.0090E+00 -1.4193E-01
  7.9411E-01  1.3854E+01  2.2107E-02  4.9958E-01  1.4491E-01  1.0090E+00 -1.4192E-01
  7.9635E-01  1.3862E+01  2.2098E-02  4.9926E-01  1.4491E-01  1.0089E+00 -1.4192E-01
  7.9859E-01  1.3869E+01  2.2089E-02  4.9895E-01  1.4490E-01  1.0089E+00 -1.4191E-01
  8.0084E-01  1.3877E+01  2.2080E-02  4.9863E-01  1.4490E-01  1.0089E+00 -1.4190E-01
  8.0308E-01  1.3884E+01  2.2071E-02  4.9831E-01  1.4490E-01  1.0089E+00 -1.4189E-01
  8.0532E-01  1.3892E+01  2.2061E-02  4.9799E-01  1.4489E-01  1.0089E+00 -1.4189E-01
  8.0757E-01  1.3899E+01  2.2052E-02  4.9767E-01  1.4489E-01  1.0089E+00 -1.4188E-01
  8.0981E-01  1.3907E+01  2.2043E-02  4.9735E-01  1.4488E-01  1.0088E+00 -1.4187E-01
  8.1205E-01  1.3914E+01  2.2034E-02  4.9704E-01  1.4488E-01  1.0088E+00 -1.4186E-01
  8.1430E-01  1.3922E+01  2.2025E-02  4.9672E-01  1.4488E-01  1.0088E+00 -1.4185E-01
  8.1654E-01  1.3929E+01  2.2015E-02  4.9640E-01  1.4487E-01  1.0088E+00 -1.4185E-01
  8.1878E-01  1.3937E+01  2.2006E-02  4.9608E-01  1.4487E-01  1.0088E+00 -1.4184E-01
  8.2103E-01  1.3944E+01  2.1997E-02  4.9576E-01  1.4486E-01  1.0088E+00 -1.4183E-01
  8.2327E-01  1.3952E+01  2.1988E-02  4.9544E-01  1.4486E-01  1.0087E+00 -1.4182E-01
  8.2551E-01  1.3959E+01  2.1979E-02  4.9512E-01  1.4486E-01  1.0087E+00 -1.4182E-01
  8.2775E-01  1.3967E+01  2.1969E-02  4.9481E-01  1.4485E-01  1.0087E+00 -1.4181E-01
  8.3000E-01  1.3974E+01  2.1960E-02  4.9449E-01  1.4485E-01  1.0087E+00 -1.4180E-01
  8.3224E-01  1.3982E+01  2.1951E-02  4.9417E-01  1.4485E-01  1.0087E+00 -1.4179E-01
  8.3448E-01  1.3989E+01  2.1942E-02  4.9385E-01  1.4484E-01  1.0087E+00 -1.4178E-01
  8.3673E-01  1.3997E+01  2.1932E-02  4.9353E-01  1.4484E-01  1.0086E+00 -1.4178E-01
  8.3897E-01  1.4004E+01  2.1923E-02  4.9322E-01  1.4483E-01  1.0086E+00 -1.4177E-01
  8.4121E-01  1.4012E+01  2.1914E-02  4.9290E-01  1.4483E-01  1.0086E+00 -1.4176E-01
  8.4346E-01  1.4019E+01  2.1905E-02  4.9258E-01  1.4483E-01  1.0086E+00 -1.4175E-01
  8.4570E-01  1.4027E+01  2.1896E-02  4.9226E-01  1.4482E-01  1.0086E+00 -1.4175E-01
  8.4794E-01  1.4034E+01  2.1886E-02  4.9194E-01  1.4482E-01  1.0086E+00 -1.4174E-01
  8.5019E-01  1.4041E+01  2.1877E-02  4.9162E-01  1.4481E-01  1.0086E+00 -1.4173E-01
  8.5243E-01  1.4049E+01  2.1868E-02  4.9131E-01  1.4481E-01  1.0085E+00 -1.4172E-01
  8.5467E-01  1.4056E+01  2.1859E-02  4.9099E-01  1.4481E-01  1.0085E+00 -1.4171E-01
  8.5692E-01  1.4064E+01  2.1850E-02  4.9067E-01  1.4480E-01  1.0085E+00 -1.4171E-01
  8.5916E-01  1.4071E+01  2.1840E-02  4.9035E-01  1.4480E-01  1.0085E+00 -1.4170E-01
  8.6140E-01  1.4079E+01  2.1831E-02  4.9003E-01  1.4480E-01  1.0085E+00 -1.4169E-01
  8.6365E-01  1.4086E+01  2.1822E-02  4.8972E-01  1.4479E-01  1.0085E+00 -1.4168E-01
  8.6589E-01  1.4094E+01  2.1813E-02  4.8940E-01  1.4479E-01  1.0084E+00 -1.4167E-01
  8.6813E-01  1.4101E+01  2.1804E-02  4.8908E-01  1.4478E-01  1.0084E+00 -1.4167E-01
  8.7038E-01  1.4109E+01  2.1794E-02  4.8876E-01  1.4478E-01  1.0084E+00 -1.4166E-01
  8.7262E-01  1.4116E+01  2.1785E-02  4.8844E-01  1.4478E-01  1.0084E+00 -1.4165E-01
  8.7486E-01  1.4124E+01  2.1776E-02  4.8813E-01  1.4477E-01  1.0084E+00 -1.4164E-01
  8.7711E-01  1.4131E+01  2.1767E-02  4.8781E-01  1.4477E-01  1.0084E+00 -1.4164E-01
  8.7935E-01  1.4139E+01  2.1758E-02  4.8749E-01  1.4477E-01  1.0083E+00 -1.4163E-01
  8.8159E-01  1.4146E+01  2.1748E-02  4.8717E-01  1.4476E-01  1.0083E+00 -1.4162E-01
  8.8384E-01  1.4154E+01  2.1739E-02  4.8685E-01  1.4476E-01  1.0083E+00 -1.4161E-01
  8.8608E-01  1.4161E+01  2.1730E-02  4.8654E-01  1.4475E-01  1.0083E+00 -1.4160E-01
  8.8832E-01  1.4169E+01  2.1721E-02  4.8622E-01  1.4475E-01  1.0083E+00 -1.4160E-01
  8.9057E-01  1.4176E+01  2.1712E-02  4.8590E-01  1.4475E-01  1.0083E+00 -1.4159E-01
  8.9281E-01  1.4184E+01  2.1702E-02  4.8558E-01  1.4474E-01  1.0082E+00 -1.4158E-01
  8.9505E-01  1.4191E+01  2.1693E-02  4.8527E-01  1.4474E-01  1.0082E+00 -1.4157E-01
  8.9730E-01  1.4199E+01  2.1684E-02  4.8495E-01  1.4474E-01  1.0082E+00 -1.4156E-01
  8.9954E-01  1.4206E+01  2.1675E-02  4.8463E-01  1.4473E-01  1.0082E+00 -1.4156E-01
  9.0178E-01  1.4214E+01  2.1666E-02  4.8431E-01  1.4473E-01  1.0082E+00 -1.4155E-01
  9.0402E-01  1.4221E+01  2.1656E-02  4.8399E-01  1.4472E-01  1.0082E+00 -1.4154E-01
  9.0627E-01  1.4229E+01  2.1647E-02  4.8368E-01  1.4472E-01  1.0082E+00 -1.4153E-01
  9.0851E-01  1.4236E+01  2.1638E-02  4.8336E-01  1.4472E-01  1.0081E+00 -1.4152E-01
  9.1075E-01  1.4244E+01  2.1629E-02  4.8304E-01  1.4471E-01  1.0081E+00 -1.4152E-01
  9.1300E-01  1.4251E+01  2.1620E-02  4.8272E-01  1.4471E-01  1.0081E+00 -1.4151E-01
  9.1524E-01  1.4259E+01  2.1610E-02  4.8241E-01  1.4471E-01  1.0081E+00 -1.4150E-01
  9.1748E-01  1.4266E+01  2.1601E-02  4.8209E-01  1.4470E-01  1.0081E+00 -1.4149E-01
  9.1973E-01  1.4273E+01  2.1592E-02  4.8177E-01  1.4470E-01  1.0081E+00 -1.4148E-01
  9.2197E-01  1.4281E+01  2.1583E-02  4.8145E-01  1.4469E-01  1.0080E+00 -1.4148E-01
  9.2421E-01  1.4288E+01  2.1574E-02  4.8114E-01  1.4469E-01  1.0080E+00 -1.4147E-01
  9.2646E-01  1.4296E+01  2.1564E-02  4.8082E-01  1.4469E-01  1.0080E+00 -1.4146E-01
  9.2870E-01  1.4303E+01  2.1555E-02  4.8050E-01  1.4468E-01  1.0080E+00 -1.4145E-01
  9.3094E-01  1.4311E+01  2.1546E-02  4.8018E-01  1.4468E-01  1.0080E+00 -1.4144E-01
  9.3319E-01  1.4318E+01  2.1537E-02  4.7987E-01  1.4468E-01  1.0080E+00 -1.4144E-01
  9.3543E-01  1.4326E+01  2.1528E-02  4.7955E-01  1.4467E-01  1.0079E+00 -1.4143E-01
  9.3767E-01  1.4333E+01  2.1518E-02  4.7923E-01  1.4467E-01  1.0079E+00 -1.4142E-01
  9.3992E-01  1.4341E+01  2.1509E-02  4.7891E-01  1.4466E-01  1.0079E+00 -1.4141E-01
  9.4216E-01  1.4348E+01  2.1500E-02  4.7860E-01  1.4466E-01  1.0079E+00 -1.4140E-01
  9.4440E-01  1.4356E+01  2.1491E-02  4.7828E-01  1.4466E-01  1.0079E+00 -1.4140E-01
  9.4665E-01  1.4363E+01  2.1482E-02  4.7796E-01  1.4465E-01  1.0079E+00 -1.4139E-01
  9.4889E-01  1.4371E+01  2.1472E-02  4.7764E-01  1.4465E-01  1.0079E+00 -1.4138E-01
  9.5113E-01  1.4378E+01  2.1463E-02  4.7733E-01  1.4465E-01  1.0078E+00 -1.4137E-01
  9.5338E-01  1.4386E+01  2.1454E-02  4.7701E-01  1.4464E-01  1.0078E+00 -1.4136E-01
  9.5562E-01  1.4393E+01  2.1445E-02  4.7669E-01  1.4464E-01  1.0078E+00 -1.4135E-01
  9.5786E-01  1.4401E+01  2.1436E-02  4.7637E-01  1.4463E-01  1.0078E+00 -1.4135E-01
  9.6011E-01  1.4408E+01  2.1426E-02  4.7606E-01  1.4463E-01  1.0078E+00 -1.4134E-01
  9.6235E-01  1.4416E+01  2.1417E-02  4.7574E-01  1.4463E-01  1.0078E+00 -1.4133E-01
  9.6459E-01  1.4423E+01  2.1408E-02  4.7542E-01  1.4462E-01  1.0077E+00 -1.4132E-01
  9.6684E-01  1.4431E+01  2.1399E-02  4.7511E-01  1.4462E-01  1.0077E+00 -1.4131E-01
  9.6908E-01  1.4438E+01  2.1390E-02  4.7479E-01  1.4462E-01  1.0077E+00 -1.4131E-01
  9.7132E-01  1.4446E+01  2.1380E-02  4.7447E-01  1.4461E-01  1.0077E+00 -1.4130E-01
  9.7357E-01  1.4453E+01  2.1371E-02  4.7415E-01  1.4461E-01  1.0077E+00 -1.4129E-01
  9.7581E-01  1.4461E+01  2.1362E-02  4.7384E-01  1.4460E-01  1.0077E+00 -1.4128E-01
  9.7805E-01  1.4468E+01  2.1353E-02  4.7352E-01  1.4460E-01  1.0077E+00 -1.4127E-01
  9.8030E-01  1.4476E+01  2.1344E-02  4.7320E-01  1.4460E-01  1.0076E+00 -1.4126E-01
  9.8254E-01  1.4483E+01  2.1334E-02  4.7289E-01  1.4459E-01  1.0076E+00 -1.4126E-01
  9.8478E-01  1.4490E+01  2.1325E-02  4.7257E-01  1.4459E-01  1.0076E+00 -1.4125E-01
  9.8702E-01  1.4498E+01  2.1316E-02  4.7225E-01  1.4459E-01  1.0076E+00 -1.4124E-01
  9.8927E-01  1.4505E+01  2.1307E-02  4.7193E-01  1.4458E-01  1.0076E+00 -1.4123E-01
  9.9151E-01  1.4513E+01  2.1298E-02  4.7162E-01  1.4458E-01  1.0076E+00 -1.4122E-01
  9.9375E-01  1.4520E+01  2.1289E-02  4.7130E-01  1.4457E-01  1.0075E+00 -1.4121E-01
  9.9600E-01  1.4528E+01  2.1279E-02  4.7098E-01  1.4457E-01  1.0075E+00 -1.4121E-01
  9.9824E-01  1.4535E+01  2.1270E-02  4.7067E-01  1.4457E-01  1.0075E+00 -1.4120E-01
  1.0005E+00  1.4543E+01  2.1261E-02  4.7035E-01  1.4456E-01  1.0075E+00 -1.4119E-01
  1.0027E+00  1.4550E+01  2.1252E-02  4.7003E-01  1.4456E-01  1.0075E+00 -1.4118E-01
  1.0050E+00  1.4558E+01  2.1243E-02  4.6972E-01  1.4456E-01  1.0075E+00 -1.4117E-01
  1.0072E+00  1.4565E+01  2.1233E-02  4.6940E-01  1.4455E-01  1.0075E+00 -1.4116E-01
  1.0095E+00  1.4573E+01  2.1224E-02  4.6908E-01  1.4455E-01  1.0074E+00 -1.4116E-01
  1.0117E+00  1.4580E+01  2.1215E-02  4.6876E-01  1.4454E-01  1.0074E+00 -1.4115E-01
  1.0139E+00  1.4588E+01  2.1206E-02  4.6845E-01  1.4454E-01  1.0074E+00 -1.4114E-01
  1.0162E+00  1.4595E+01  2.1197E-02  4.6813E-01  1.4454E-01  1.0074E+00 -1.4113E-01
  1.0184E+00  1.4603E+01  2.1187E-02  4.6781E-01  1.4453E-01  1.0074E+00 -1.4112E-01
  1.0207E+00  1.4610E+01  2.1178E-02  4.6750E-01  1.4453E-01  1.0074E+00 -1.4111E-01
  1.0229E+00  1.4618E+01  2.1169E-02  4.6718E-01  1.4453E-01  1.0073E+00 -1.4111E-01
  1.0252E+00  1.4625E+01  2.1160E-02  4.6686E-01  1.4452E-01  1.0073E+00 -1.4110E-01
  1.0274E+00  1.4633E+01  2.1151E-02  4.6655E-01  1.4452E-01  1.0073E+00 -1.4109E-01
  1.0296E+00  1.4640E+01  2.1141E-02  4.6623E-01  1.4451E-01  1.0073E+00 -1.4108E-01
  1.0319E+00  1.4648E+01  2.1132E-02  4.6591E-01  1.4451E-01  1.0073E+00 -1.4107E-01
  1.0341E+00  1.4655E+01  2.1123E-02  4.6560E-01  1.4451E-01  1.0073E+00 -1.4106E-01
  1.0364E+00  1.4663E+01  2.1114E-02  4.6528E-01  1.4450E-01  1.0073E+00 -1.4106E-01
  1.0386E+00  1.4670E+01  2.1105E-02  4.6496E-01  1.4450E-01  1.0072E+00 -1.4105E-01
  1.0409E+00  1.4678E+01  2.1095E-02  4.6465E-01  1.4450E-01  1.0072E+00 -1.4104E-01
  1.0431E+00  1.4685E+01  2.1086E-02  4.6433E-01  1.4449E-01  1.0072E+00 -1.4103E-01
  1.0453E+00  1.4693E+01  2.1077E-02  4.6401E-01  1.4449E-01  1.0072E+00 -1.4102E-01
  1.0476E+00  1.4700E+01  2.1068E-02  4.6370E-01  1.4448E-01  1.0072E+00 -1.4101E-01
  1.0498E+00  1.4708E+01  2.1059E-02  4.6338E-01  1.4448E-01  1.0072E+00 -1.4101E-01
  1.0521E+00  1.4715E+01  2.1050E-02  4.6306E-01  1.4448E-01  1.0071E+00 -1.4100E-01
  1.0543E+00  1.4722E+01  2.1040E-02  4.6275E-01  1.4447E-01  1.0071E+00 -1.4099E-01
  1.0566E+00  1.4730E+01  2.1031E-02  4.6243E-01  1.4447E-01  1.0071E+00 -1.4098E-01
  1.0588E+00  1.4737E+01  2.1022E-02  4.6212E-01  1.4447E-01  1.0071E+00 -1.4097E-01
  1.0611E+00  1.4745E+01  2.1013E-02  4.6180E-01  1.4446E-01  1.0071E+00 -1.4096E-01
  1.0633E+00  1.4752E+01  2.1004E-02  4.6148E-01  1.4446E-01  1.0071E+00 -1.4095E-01
  1.0655E+00  1.4760E+01  2.0994E-02  4.6117E-01  1.4446E-01  1.0071E+00 -1.4095E-01
  1.0678E+00  1.4767E+01  2.0985E-02  4.6085E-01  1.4445E-01  1.0070E+00 -1.4094E-01
  1.0700E+00  1.4775E+01  2.0976E-02  4.6053E-01  1.4445E-01  1.0070E+00 -1.4093E-01
  1.0723E+00  1.4782E+01  2.0967E-02  4.6022E-01  1.4444E-01  1.0070E+00 -1.4092E-01
  1.0745E+00  1.4790E+01  2.0958E-02  4.5990E-01  1.4444E-01  1.0070E+00 -1.4091E-01
  1.0768E+00  1.4797E+01  2.0948E-02  4.5958E-01  1.4444E-01  1.0070E+00 -1.4090E-01
  1.0790E+00  1.4805E+01  2.0939E-02  4.5927E-01  1.4443E-01  1.0070E+00 -1.4089E-01
  1.0812E+00  1.4812E+01  2.0930E-02  4.5895E-01  1.4443E-01  1.0070E+00 -1.4089E-01
  1.0835E+00  1.4820E+01  2.0921E-02  4.5864E-01  1.4443E-01  1.0069E+00 -1.4088E-01
  1.0857E+00  1.4827E+01  2.0912E-02  4.5832E-01  1.4442E-01  1.0069E+00 -1.4087E-01
  1.0880E+00  1.4835E+01  2.0903E-02  4.5800E-01  1.4442E-01  1.0069E+00 -1.4086E-01
  1.0902E+00  1.4842E+01  2.0893E-02  4.5769E-01  1.4441E-01  1.0069E+00 -1.4085E-01
  1.0925E+00  1.4850E+01  2.0884E-02  4.5737E-01  1.4441E-01  1.0069E+00 -1.4084E-01
  1.0947E+00  1.4857E+01  2.0875E-02  4.5705E-01  1.4441E-01  1.0069E+00 -1.4083E-01
  1.0969E+00  1.4865E+01  2.0866E-02  4.5674E-01  1.4440E-01  1.0068E+00 -1.4083E-01
  1.0992E+00  1.4872E+01  2.0857E-02  4.5642E-01  1.4440E-01  1.0068E+00 -1.4082E-01
  1.1014E+00  1.4880E+01  2.0847E-02  4.5611E-01  1.4440E-01  1.0068E+00 -1.4081E-01
  1.1037E+00  1.4887E+01  2.0838E-02  4.5579E-01  1.4439E-01  1.0068E+00 -1.4080E-01
  1.1059E+00  1.4895E+01  2.0829E-02  4.5547E-01  1.4439E-01  1.0068E+00 -1.4079E-01
  1.1082E+00  1.4902E+01  2.0820E-02  4.5516E-01  1.4439E-01  1.0068E+00 -1.4078E-01
  1.1104E+00  1.4910E+01  2.0811E-02  4.5484E-01  1.4438E-01  1.0068E+00 -1.4077E-01
  1.1126E+00  1.4917E+01  2.0801E-02  4.5453E-01  1.4438E-01  1.0067E+00 -1.4076E-01
  1.1149E+00  1.4925E+01  2.0792E-02  4.5421E-01  1.4437E-01  1.0067E+00 -1.4076E-01
  1.1171E+00  1.4932E+01  2.0783E-02  4.5389E-01  1.4437E-01  1.0067E+00 -1.4075E-01
  1.1194E+00  1.4939E+01  2.0774E-02  4.5358E-01  1.4437E-01  1.0067E+00 -1.4074E-01
  1.1216E+00  1.4947E+01  2.0765E-02  4.5326E-01  1.4436E-01  1.0067E+00 -1.4073E-01
  1.1239E+00  1.4954E+01  2.0756E-02  4.5295E-01  1.4436E-01  1.0067E+00 -1.4072E-01
  1.1261E+00  1.4962E+01  2.0746E-02  4.5263E-01  1.4436E-01  1.0067E+00 -1.4071E-01
  1.1283E+00  1.4969E+01  2.0737E-02  4.5232E-01  1.4435E-01  1.0066E+00 -1.4070E-01
  1.1306E+00  1.4977E+01  2.0728E-02  4.5200E-01  1.4435E-01  1.0066E+00 -1.4069E-01
  1.1328E+00  1.4984E+01  2.0719E-02  4.5168E-01  1.4435E-01  1.0066E+00 -1.4069E-01
  1.1351E+00  1.4992E+01  2.0710E-02  4.5137E-01  1.4434E-01  1.0066E+00 -1.4068E-01
  1.1373E+00  1.4999E+01  2.0700E-02  4.5105E-01  1.4434E-01  1.0066E+00 -1.4067E-01
  1.1396E+00  1.5007E+01  2.0691E-02  4.5074E-01  1.4433E-01  1.0066E+00 -1.4066E-01
  1.1418E+00  1.5014E+01  2.0682E-02  4.5042E-01  1.4433E-01  1.0066E+00 -1.4065E-01
  1.1441E+00  1.5022E+01  2.0673E-02  4.5010E-01  1.4433E-01  1.0065E+00 -1.4064E-01
  1.1463E+00  1.5029E+01  2.0664E-02  4.4979E-01  1.4432E-01  1.0065E+00 -1.4063E-01
  1.1485E+00  1.5037E+01  2.0655E-02  4.4947E-01  1.4432E-01  1.0065E+00 -1.4062E-01
  1.1508E+00  1.5044E+01  2.0645E-02  4.4916E-01  1.4432E-01  1.0065E+00 -1.4061E-01
  1.1530E+00  1.5052E+01  2.0636E-02  4.4884E-01  1.4431E-01  1.0065E+00 -1.4061E-01
  1.1553E+00  1.5059E+01  2.0627E-02  4.4853E-01  1.4431E-01  1.0065E+00 -1.4060E-01
  1.1575E+00  1.5067E+01  2.0618E-02  4.4821E-01  1.4431E-01  1.0064E+00 -1.4059E-01
  1.1598E+00  1.5074E+01  2.0609E-02  4.4790E-01  1.4430E-01  1.0064E+00 -1.4058E-01
  1.1620E+00  1.5082E+01  2.0599E-02  4.4758E-01  1.4430E-01  1.0064E+00 -1.4057E-01
  1.1642E+00  1.5089E+01  2.0590E-02  4.4726E-01  1.4429E-01  1.0064E+00 -1.4056E-01
  1.1665E+00  1.5097E+01  2.0581E-02  4.4695E-01  1.4429E-01  1.0064E+00 -1.4055E-01
  1.1687E+00  1.5104E+01  2.0572E-02  4.4663E-01  1.4429E-01  1.0064E+00 -1.4054E-01
  1.1710E+00  1.5112E+01  2.0563E-02  4.4632E-01  1.4428E-01  1.0064E+00 -1.4053E-01
  1.1732E+00  1.5119E+01  2.0554E-02  4.4600E-01  1.4428E-01  1.0063E+00 -1.4052E-01
  1.1755E+00  1.5127E+01  2.0544E-02  4.4569E-01  1.4428E-01  1.0063E+00 -1.4052E-01
  1.1777E+00  1.5134E+01  2.0535E-02  4.4537E-01  1.4427E-01  1.0063E+00 -1.4051E-01
  1.1799E+00  1.5142E+01  2.0526E-02  4.4506E-01  1.4427E-01  1.0063E+00 -1.4050E-01
  1.1822E+00  1.5149E+01  2.0517E-02  4.4474E-01  1.4427E-01  1.0063E+00 -1.4049E-01
  1.1844E+00  1.5157E+01  2.0508E-02  4.4443E-01  1.4426E-01  1.0063E+00 -1.4048E-01
  1.1867E+00  1.5164E+01  2.0498E-02  4.4411E-01  1.4426E-01  1.0063E+00 -1.4047E-01
  1.1889E+00  1.5171E+01  2.0489E-02  4.4379E-01  1.4425E-01  1.0062E+00 -1.4046E-01
  1.1912E+00  1.5179E+01  2.0480E-02  4.4348E-01  1.4425E-01  1.0062E+00 -1.4045E-01
  1.1934E+00  1.5186E+01  2.0471E-02  4.4316E-01  1.4425E-01  1.0062E+00 -1.4044E-01
  1.1956E+00  1.5194E+01  2.0462E-02  4.4285E-01  1.4424E-01  1.0062E+00 -1.4043E-01
  1.1979E+00  1.5201E+01  2.0453E-02  4.4253E-01  1.4424E-01  1.0062E+00 -1.4043E-01
  1.2001E+00  1.5209E+01  2.0443E-02  4.4222E-01  1.4424E-01  1.0062E+00 -1.4042E-01
  1.2024E+00  1.5216E+01  2.0434E-02  4.4190E-01  1.4423E-01  1.0062E+00 -1.4041E-01
  1.2046E+00  1.5224E+01  2.0425E-02  4.4159E-01  1.4423E-01  1.0061E+00 -1.4040E-01
  1.2069E+00  1.5231E+01  2.0416E-02  4.4127E-01  1.4423E-01  1.0061E+00 -1.4039E-01
  1.2091E+00  1.5239E+01  2.0407E-02  4.4096E-01  1.4422E-01  1.0061E+00 -1.4038E-01
  1.2113E+00  1.5246E+01  2.0397E-02  4.4064E-01  1.4422E-01  1.0061E+00 -1.4037E-01
  1.2136E+00  1.5254E+01  2.0388E-02  4.4033E-01  1.4421E-01  1.0061E+00 -1.4036E-01
  1.2158E+00  1.5261E+01  2.0379E-02  4.4001E-01  1.4421E-01  1.0061E+00 -1.4035E-01
  1.2181E+00  1.5269E+01  2.0370E-02  4.3970E-01  1.4421E-01  1.0061E+00 -1.4034E-01
  1.2203E+00  1.5276E+01  2.0361E-02  4.3938E-01  1.4420E-01  1.0060E+00 -1.4033E-01
  1.2226E+00  1.5284E+01  2.0352E-02  4.3907E-01  1.4420E-01  1.0060E+00 -1.4032E-01
  1.2248E+00  1.5291E+01  2.0342E-02  4.3875E-01  1.4420E-01  1.0060E+00 -1.4031E-01
  1.2271E+00  1.5299E+01  2.0333E-02  4.3844E-01  1.4419E-01  1.0060E+00 -1.4031E-01
  1.2293E+00  1.5306E+01  2.0324E-02  4.3812E-01  1.4419E-01  1.0060E+00 -1.4030E-01
  1.2315E+00  1.5314E+01  2.0315E-02  4.3781E-01  1.4419E-01  1.0060E+00 -1.4029E-01
  1.2338E+00  1.5321E+01  2.0306E-02  4.3749E-01  1.4418E-01  1.0060E+00 -1.4028E-01
  1.2360E+00  1.5329E+01  2.0296E-02  4.3718E-01  1.4418E-01  1.0059E+00 -1.4027E-01
  1.2383E+00  1.5336E+01  2.0287E-02  4.3686E-01  1.4417E-01  1.0059E+00 -1.4026E-01
  1.2405E+00  1.5344E+01  2.0278E-02  4.3655E-01  1.4417E-01  1.0059E+00 -1.4025E-01
  1.2428E+00  1.5351E+01  2.0269E-02  4.3623E-01  1.4417E-01  1.0059E+00 -1.4024E-01
  1.2450E+00  1.5359E+01  2.0260E-02  4.3592E-01  1.4416E-01  1.0059E+00 -1.4023E-01
  1.2472E+00  1.5366E+01  2.0251E-02  4.3560E-01  1.4416E-01  1.0059E+00 -1.4022E-01
  1.2495E+00  1.5374E+01  2.0241E-02  4.3529E-01  1.4416E-01  1.0059E+00 -1.4021E-01
  1.2517E+00  1.5381E+01  2.0232E-02  4.3497E-01  1.4415E-01  1.0058E+00 -1.4020E-01
  1.2540E+00  1.5389E+01  2.0223E-02  4.3466E-01  1.4415E-01  1.0058E+00 -1.4019E-01
  1.2562E+00  1.5396E+01  2.0214E-02  4.3434E-01  1.4415E-01  1.0058E+00 -1.4018E-01
  1.2585E+00  1.5403E+01  2.0205E-02  4.3403E-01  1.4414E-01  1.0058E+00 -1.4018E-01
  1.2607E+00  1.5411E+01  2.0195E-02  4.3372E-01  1.4414E-01  1.0058E+00 -1.4017E-01
  1.2629E+00  1.5418E+01  2.0186E-02  4.3340E-01  1.4414E-01  1.0058E+00 -1.4016E-01
  1.2652E+00  1.5426E+01  2.0177E-02  4.3309E-01  1.4413E-01  1.0058E+00 -1.4015E-01
  1.2674E+00  1.5433E+01  2.0168E-02  4.3277E-01  1.4413E-01  1.0057E+00 -1.4014E-01
  1.2697E+00  1.5441E+01  2.0159E-02  4.3246E-01  1.4412E-01  1.0057E+00 -1.4013E-01
  1.2719E+00  1.5448E+01  2.0150E-02  4.3214E-01  1.4412E-01  1.0057E+00 -1.4012E-01
  1.2742E+00  1.5456E+01  2.0140E-02  4.3183E-01  1.4412E-01  1.0057E+00 -1.4011E-01
  1.2764E+00  1.5463E+01  2.0131E-02  4.3151E-01  1.4411E-01  1.0057E+00 -1.4010E-01
  1.2786E+00  1.5471E+01  2.0122E-02  4.3120E-01  1.4411E-01  1.0057E+00 -1.4009E-01
  1.2809E+00  1.5478E+01  2.0113E-02  4.3088E-01  1.4411E-01  1.0057E+00 -1.4008E-01
  1.2831E+00  1.5486E+01  2.0104E-02  4.3057E-01  1.4410E-01  1.0056E+00 -1.4007E-01
  1.2854E+00  1.5493E+01  2.0095E-02  4.3026E-01  1.4410E-01  1.0056E+00 -1.4006E-01
  1.2876E+00  1.5501E+01  2.0085E-02  4.2994E-01  1.4410E-01  1.0056E+00 -1.4005E-01
  1.2899E+00  1.5508E+01  2.0076E-02  4.2963E-01  1.4409E-01  1.0056E+00 -1.4004E-01
  1.2921E+00  1.5516E+01  2.0067E-02  4.2931E-01  1.4409E-01  1.0056E+00 -1.4003E-01
  1.2943E+00  1.5523E+01  2.0058E-02  4.2900E-01  1.4409E-01  1.0056E+00 -1.4002E-01
  1.2966E+00  1.5531E+01  2.0049E-02  4.2868E-01  1.4408E-01  1.0056E+00 -1.4001E-01
  1.2988E+00  1.5538E+01  2.0039E-02  4.2837E-01  1.4408E-01  1.0055E+00 -1.4000E-01
  1.3011E+00  1.5546E+01  2.0030E-02  4.2806E-01  1.4407E-01  1.0055E+00 -1.3999E-01
  1.3033E+00  1.5553E+01  2.0021E-02  4.2774E-01  1.4407E-01  1.0055E+00 -1.3998E-01
  1.3056E+00  1.5561E+01  2.0012E-02  4.2743E-01  1.4407E-01  1.0055E+00 -1.3997E-01
  1.3078E+00  1.5568E+01  2.0003E-02  4.2711E-01  1.4406E-01  1.0055E+00 -1.3997E-01
  1.3101E+00  1.5576E+01  1.9994E-02  4.2680E-01  1.4406E-01  1.0055E+00 -1.3996E-01
  1.3123E+00  1.5583E+01  1.9984E-02  4.2648E-01  1.4406E-01  1.0055E+00 -1.3995E-01
  1.3145E+00  1.5591E+01  1.9975E-02  4.2617E-01  1.4405E-01  1.0054E+00 -1.3994E-01
  1.3168E+00  1.5598E+01  1.9966E-02  4.2586E-01  1.4405E-01  1.0054E+00 -1.3993E-01
  1.3190E+00  1.5606E+01  1.9957E-02  4.2554E-01  1.4405E-01  1.0054E+00 -1.3992E-01
  1.3213E+00  1.5613E+01  1.9948E-02  4.2523E-01  1.4404E-01  1.0054E+00 -1.3991E-01
  1.3235E+00  1.5620E+01  1.9939E-02  4.2491E-01  1.4404E-01  1.0054E+00 -1.3990E-01
  1.3258E+00  1.5628E+01  1.9929E-02  4.2460E-01  1.4404E-01  1.0054E+00 -1.3989E-01
  1.3280E+00  1.5635E+01  1.9920E-02  4.2429E-01  1.4403E-01  1.0054E+00 -1.3988E-01
  1.3302E+00  1.5643E+01  1.9911E-02  4.2397E-01  1.4403E-01  1.0053E+00 -1.3987E-01
  1.3325E+00  1.5650E+01  1.9902E-02  4.2366E-01  1.4402E-01  1.0053E+00 -1.3986E-01
  1.3347E+00  1.5658E+01  1.9893E-02  4.2334E-01  1.4402E-01  1.0053E+00 -1.3985E-01
  1.3370E+00  1.5665E+01  1.9884E-02  4.2303E-01  1.4402E-01  1.0053E+00 -1.3984E-01
  1.3392E+00  1.5673E+01  1.9874E-02  4.2272E-01  1.4401E-01  1.0053E+00 -1.3983E-01
  1.3415E+00  1.5680E+01  1.9865E-02  4.2240E-01  1.4401E-01  1.0053E+00 -1.3982E-01
  1.3437E+00  1.5688E+01  1.9856E-02  4.2209E-01  1.4401E-01  1.0053E+00 -1.3981E-01
  1.3459E+00  1.5695E+01  1.9847E-02  4.2177E-01  1.4400E-01  1.0052E+00 -1.3980E-01
  1.3482E+00  1.5703E+01  1.9838E-02  4.2146E-01  1.4400E-01  1.0052E+00 -1.3979E-01
  1.3504E+00  1.5710E+01  1.9828E-02  4.2115E-01  1.4400E-01  1.0052E+00 -1.3978E-01
  1.3527E+00  1.5718E+01  1.9819E-02  4.2083E-01  1.4399E-01  1.0052E+00 -1.3977E-01
  1.3549E+00  1.5725E+01  1.9810E-02  4.2052E-01  1.4399E-01  1.0052E+00 -1.3976E-01
  1.3572E+00  1.5733E+01  1.9801E-02  4.2021E-01  1.4399E-01  1.0052E+00 -1.3975E-01
  1.3594E+00  1.5740E+01  1.9792E-02  4.1989E-01  1.4398E-01  1.0052E+00 -1.3974E-01
  1.3616E+00  1.5748E+01  1.9783E-02  4.1958E-01  1.4398E-01  1.0051E+00 -1.3973E-01
  1.3639E+00  1.5755E+01  1.9773E-02  4.1926E-01  1.4398E-01  1.0051E+00 -1.3972E-01
  1.3661E+00  1.5763E+01  1.9764E-02  4.1895E-01  1.4397E-01  1.0051E+00 -1.3971E-01
  1.3684E+00  1.5770E+01  1.9755E-02  4.1864E-01  1.4397E-01  1.0051E+00 -1.3970E-01
  1.3706E+00  1.5778E+01  1.9746E-02  4.1832E-01  1.4396E-01  1.0051E+00 -1.3969E-01
  1.3729E+00  1.5785E+01  1.9737E-02  4.1801E-01  1.4396E-01  1.0051E+00 -1.3968E-01
  1.3751E+00  1.5793E+01  1.9728E-02  4.1770E-01  1.4396E-01  1.0051E+00 -1.3967E-01
  1.3773E+00  1.5800E+01  1.9718E-02  4.1738E-01  1.4395E-01  1.0051E+00 -1.3966E-01
  1.3796E+00  1.5808E+01  1.9709E-02  4.1707E-01  1.4395E-01  1.0050E+00 -1.3965E-01
  1.3818E+00  1.5815E+01  1.9700E-02  4.1676E-01  1.4395E-01  1.0050E+00 -1.3964E-01
  1.3841E+00  1.5823E+01  1.9691E-02  4.1644E-01  1.4394E-01  1.0050E+00 -1.3963E-01
  1.3863E+00  1.5830E+01  1.9682E-02  4.1613E-01  1.4394E-01  1.0050E+00 -1.3962E-01
  1.3886E+00  1.5838E+01  1.9673E-02  4.1582E-01  1.4394E-01  1.0050E+00 -1.3961E-01
  1.3908E+00  1.5845E+01  1.9663E-02  4.1550E-01  1.4393E-01  1.0050E+00 -1.3960E-01
  1.3931E+00  1.5852E+01  1.9654E-02  4.1519E-01  1.4393E-01  1.0050E+00 -1.3959E-01
  1.3953E+00  1.5860E+01  1.9645E-02  4.1488E-01  1.4393E-01  1.0049E+00 -1.3958E-01
  1.3975E+00  1.5867E+01  1.9636E-02  4.1456E-01  1.4392E-01  1.0049E+00 -1.3957E-01
  1.3998E+00  1.5875E+01  1.9627E-02  4.1425E-01  1.4392E-01  1.0049E+00 -1.3956E-01
  1.4020E+00  1.5882E+01  1.9618E-02  4.1394E-01  1.4392E-01  1.0049E+00 -1.3955E-01
  1.4043E+00  1.5890E+01  1.9608E-02  4.1362E-01  1.4391E-01  1.0049E+00 -1.3954E-01
  1.4065E+00  1.5897E+01  1.9599E-02  4.1331E-01  1.4391E-01  1.0049E+00 -1.3953E-01
  1.4088E+00  1.5905E+01  1.9590E-02  4.1300E-01  1.4390E-01  1.0049E+00 -1.3952E-01
  1.4110E+00  1.5912E+01  1.9581E-02  4.1268E-01  1.4390E-01  1.0048E+00 -1.3951E-01
  1.4132E+00  1.5920E+01  1.9572E-02  4.1237E-01  1.4390E-01  1.0048E+00 -1.3950E-01
  1.4155E+00  1.5927E+01  1.9563E-02  4.1206E-01  1.4389E-01  1.0048E+00 -1.3949E-01
  1.4177E+00  1.5935E+01  1.9553E-02  4.1174E-01  1.4389E-01  1.0048E+00 -1.3948E-01
  1.4200E+00  1.5942E+01  1.9544E-02  4.1143E-01  1.4389E-01  1.0048E+00 -1.3947E-01
  1.4222E+00  1.5950E+01  1.9535E-02  4.1112E-01  1.4388E-01  1.0048E+00 -1.3946E-01
  1.4245E+00  1.5957E+01  1.9526E-02  4.1080E-01  1.4388E-01  1.0048E+00 -1.3944E-01
  1.4267E+00  1.5965E+01  1.9517E-02  4.1049E-01  1.4388E-01  1.0047E+00 -1.3943E-01
  1.4289E+00  1.5972E+01  1.9508E-02  4.1018E-01  1.4387E-01  1.0047E+00 -1.3942E-01
  1.4312E+00  1.5980E+01  1.9498E-02  4.0987E-01  1.4387E-01  1.0047E+00 -1.3941E-01
  1.4334E+00  1.5987E+01  1.9489E-02  4.0955E-01  1.4387E-01  1.0047E+00 -1.3940E-01
  1.4357E+00  1.5995E+01  1.9480E-02  4.0924E-01  1.4386E-01  1.0047E+00 -1.3939E-01
  1.4379E+00  1.6002E+01  1.9471E-02  4.0893E-01  1.4386E-01  1.0047E+00 -1.3938E-01
  1.4402E+00  1.6010E+01  1.9462E-02  4.0861E-01  1.4386E-01  1.0047E+00 -1.3937E-01
  1.4424E+00  1.6017E+01  1.9453E-02  4.0830E-01  1.4385E-01  1.0047E+00 -1.3936E-01
  1.4446E+00  1.6025E+01  1.9443E-02  4.0799E-01  1.4385E-01  1.0046E+00 -1.3935E-01
  1.4469E+00  1.6032E+01  1.9434E-02  4.0768E-01  1.4385E-01  1.0046E+00 -1.3934E-01
  1.4491E+00  1.6040E+01  1.9425E-02  4.0736E-01  1.4384E-01  1.0046E+00 -1.3933E-01
  1.4514E+00  1.6047E+01  1.9416E-02  4.0705E-01  1.4384E-01  1.0046E+00 -1.3932E-01
  1.4536E+00  1.6055E+01  1.9407E-02  4.0674E-01  1.4383E-01  1.0046E+00 -1.3931E-01
  1.4559E+00  1.6062E+01  1.9398E-02  4.0642E-01  1.4383E-01  1.0046E+00 -1.3930E-01
  1.4581E+00  1.6069E+01  1.9388E-02  4.0611E-01  1.4383E-01  1.0046E+00 -1.3929E-01
  1.4603E+00  1.6077E+01  1.9379E-02  4.0580E-01  1.4382E-01  1.0045E+00 -1.3928E-01
  1.4626E+00  1.6084E+01  1.9370E-02  4.0549E-01  1.4382E-01  1.0045E+00 -1.3927E-01
  1.4648E+00  1.6092E+01  1.9361E-02  4.0517E-01  1.4382E-01  1.0045E+00 -1.3926E-01
  1.4671E+00  1.6099E+01  1.9352E-02  4.0486E-01  1.4381E-01  1.0045E+00 -1.3925E-01
  1.4693E+00  1.6107E+01  1.9343E-02  4.0455E-01  1.4381E-01  1.0045E+00 -1.3923E-01
  1.4716E+00  1.6114E+01  1.9333E-02  4.0424E-01  1.4381E-01  1.0045E+00 -1.3922E-01
  1.4738E+00  1.6122E+01  1.9324E-02  4.0392E-01  1.4380E-01  1.0045E+00 -1.3921E-01
  1.4761E+00  1.6129E+01  1.9315E-02  4.0361E-01  1.4380E-01  1.0045E+00 -1.3920E-01
  1.4783E+00  1.6137E+01  1.9306E-02  4.0330E-01  1.4380E-01  1.0044E+00 -1.3919E-01
  1.4805E+00  1.6144E+01  1.9297E-02  4.0299E-01  1.4379E-01  1.0044E+00 -1.3918E-01
  1.4828E+00  1.6152E+01  1.9288E-02  4.0267E-01  1.4379E-01  1.0044E+00 -1.3917E-01
  1.4850E+00  1.6159E+01  1.9279E-02  4.0236E-01  1.4379E-01  1.0044E+00 -1.3916E-01
  1.4873E+00  1.6167E+01  1.9269E-02  4.0205E-01  1.4378E-01  1.0044E+00 -1.3915E-01
  1.4895E+00  1.6174E+01  1.9260E-02  4.0174E-01  1.4378E-01  1.0044E+00 -1.3914E-01
  1.4918E+00  1.6182E+01  1.9251E-02  4.0142E-01  1.4378E-01  1.0044E+00 -1.3913E-01
  1.4940E+00  1.6189E+01  1.9242E-02  4.0111E-01  1.4377E-01  1.0043E+00 -1.3912E-01
  1.4962E+00  1.6197E+01  1.9233E-02  4.0080E-01  1.4377E-01  1.0043E+00 -1.3911E-01
  1.4985E+00  1.6204E+01  1.9224E-02  4.0049E-01  1.4377E-01  1.0043E+00 -1.3910E-01
  1.5007E+00  1.6212E+01  1.9214E-02  4.0018E-01  1.4376E-01  1.0043E+00 -1.3908E-01
  1.5030E+00  1.6219E+01  1.9205E-02  3.9986E-01  1.4376E-01  1.0043E+00 -1.3907E-01
  1.5052E+00  1.6227E+01  1.9196E-02  3.9955E-01  1.4375E-01  1.0043E+00 -1.3906E-01
  1.5075E+00  1.6234E+01  1.9187E-02  3.9924E-01  1.4375E-01  1.0043E+00 -1.3905E-01
  1.5097E+00  1.6242E+01  1.9178E-02  3.9893E-01  1.4375E-01  1.0043E+00 -1.3904E-01
  1.5119E+00  1.6249E+01  1.9169E-02  3.9861E-01  1.4374E-01  1.0042E+00 -1.3903E-01
  1.5142E+00  1.6257E+01  1.9159E-02  3.9830E-01  1.4374E-01  1.0042E+00 -1.3902E-01
  1.5164E+00  1.6264E+01  1.9150E-02  3.9799E-01  1.4374E-01  1.0042E+00 -1.3901E-01
  1.5187E+00  1.6272E+01  1.9141E-02  3.9768E-01  1.4373E-01  1.0042E+00 -1.3900E-01
  1.5209E+00  1.6279E+01  1.9132E-02  3.9737E-01  1.4373E-01  1.0042E+00 -1.3899E-01
  1.5232E+00  1.6287E+01  1.9123E-02  3.9705E-01  1.4373E-01  1.0042E+00 -1.3897E-01
  1.5254E+00  1.6294E+01  1.9114E-02  3.9674E-01  1.4372E-01  1.0042E+00 -1.3896E-01
  1.5276E+00  1.6301E+01  1.9104E-02  3.9643E-01  1.4372E-01  1.0041E+00 -1.3895E-01
  1.5299E+00  1.6309E+01  1.9095E-02  3.9612E-01  1.4372E-01  1.0041E+00 -1.3894E-01
  1.5321E+00  1.6316E+01  1.9086E-02  3.9581E-01  1.4371E-01  1.0041E+00 -1.3893E-01
  1.5344E+00  1.6324E+01  1.9077E-02  3.9550E-01  1.4371E-01  1.0041E+00 -1.3892E-01
  1.5366E+00  1.6331E+01  1.9068E-02  3.9518E-01  1.4371E-01  1.0041E+00 -1.3891E-01
  1.5389E+00  1.6339E+01  1.9059E-02  3.9487E-01  1.4370E-01  1.0041E+00 -1.3890E-01
  1.5411E+00  1.6346E+01  1.9050E-02  3.9456E-01  1.4370E-01  1.0041E+00 -1.3889E-01
  1.5433E+00  1.6354E+01  1.9040E-02  3.9425E-01  1.4370E-01  1.0041E+00 -1.3887E-01
  1.5456E+00  1.6361E+01  1.9031E-02  3.9394E-01  1.4369E-01  1.0040E+00 -1.3886E-01
  1.5478E+00  1.6369E+01  1.9022E-02  3.9362E-01  1.4369E-01  1.0040E+00 -1.3885E-01
  1.5501E+00  1.6376E+01  1.9013E-02  3.9331E-01  1.4369E-01  1.0040E+00 -1.3884E-01
  1.5523E+00  1.6384E+01  1.9004E-02  3.9300E-01  1.4368E-01  1.0040E+00 -1.3883E-01
  1.5546E+00  1.6391E+01  1.8995E-02  3.9269E-01  1.4368E-01  1.0040E+00 -1.3882E-01
  1.5568E+00  1.6399E+01  1.8985E-02  3.9238E-01  1.4368E-01  1.0040E+00 -1.3881E-01
  1.5591E+00  1.6406E+01  1.8976E-02  3.9207E-01  1.4367E-01  1.0040E+00 -1.3880E-01
  1.5613E+00  1.6414E+01  1.8967E-02  3.9175E-01  1.4367E-01  1.0039E+00 -1.3878E-01
  1.5635E+00  1.6421E+01  1.8958E-02  3.9144E-01  1.4367E-01  1.0039E+00 -1.3877E-01
  1.5658E+00  1.6429E+01  1.8949E-02  3.9113E-01  1.4366E-01  1.0039E+00 -1.3876E-01
  1.5680E+00  1.6436E+01  1.8940E-02  3.9082E-01  1.4366E-01  1.0039E+00 -1.3875E-01
  1.5703E+00  1.6444E+01  1.8930E-02  3.9051E-01  1.4366E-01  1.0039E+00 -1.3874E-01
  1.5725E+00  1.6451E+01  1.8921E-02  3.9020E-01  1.4365E-01  1.0039E+00 -1.3873E-01
  1.5748E+00  1.6459E+01  1.8912E-02  3.8989E-01  1.4365E-01  1.0039E+00 -1.3872E-01
  1.5770E+00  1.6466E+01  1.8903E-02  3.8957E-01  1.4364E-01  1.0039E+00 -1.3871E-01
  1.5792E+00  1.6474E+01  1.8894E-02  3.8926E-01  1.4364E-01  1.0038E+00 -1.3869E-01
  1.5815E+00  1.6481E+01  1.8885E-02  3.8895E-01  1.4364E-01  1.0038E+00 -1.3868E-01
  1.5837E+00  1.6489E+01  1.8876E-02  3.8864E-01  1.4363E-01  1.0038E+00 -1.3867E-01
  1.5860E+00  1.6496E+01  1.8866E-02  3.8833E-01  1.4363E-01  1.0038E+00 -1.3866E-01
  1.5882E+00  1.6504E+01  1.8857E-02  3.8802E-01  1.4363E-01  1.0038E+00 -1.3865E-01
  1.5905E+00  1.6511E+01  1.8848E-02  3.8771E-01  1.4362E-01  1.0038E+00 -1.3864E-01
  1.5927E+00  1.6518E+01  1.8839E-02  3.8740E-01  1.4362E-01  1.0038E+00 -1.3862E-01
  1.5949E+00  1.6526E+01  1.8830E-02  3.8708E-01  1.4362E-01  1.0038E+00 -1.3861E-01
  1.5972E+00  1.6533E+01  1.8821E-02  3.8677E-01  1.4361E-01  1.0037E+00 -1.3860E-01
  1.5994E+00  1.6541E+01  1.8811E-02  3.8646E-01  1.4361E-01  1.0037E+00 -1.3859E-01
  1.6017E+00  1.6548E+01  1.8802E-02  3.8615E-01  1.4361E-01  1.0037E+00 -1.3858E-01
  1.6039E+00  1.6556E+01  1.8793E-02  3.8584E-01  1.4360E-01  1.0037E+00 -1.3857E-01
  1.6062E+00  1.6563E+01  1.8784E-02  3.8553E-01  1.4360E-01  1.0037E+00 -1.3855E-01
  1.6084E+00  1.6571E+01  1.8775E-02  3.8522E-01  1.4360E-01  1.0037E+00 -1.3854E-01
  1.6106E+00  1.6578E+01  1.8766E-02  3.8491E-01  1.4359E-01  1.0037E+00 -1.3853E-01
  1.6129E+00  1.6586E+01  1.8757E-02  3.8460E-01  1.4359E-01  1.0037E+00 -1.3852E-01
  1.6151E+00  1.6593E+01  1.8747E-02  3.8429E-01  1.4359E-01  1.0036E+00 -1.3851E-01
  1.6174E+00  1.6601E+01  1.8738E-02  3.8397E-01  1.4358E-01  1.0036E+00 -1.3850E-01
  1.6196E+00  1.6608E+01  1.8729E-02  3.8366E-01  1.4358E-01  1.0036E+00 -1.3848E-01
  1.6219E+00  1.6616E+01  1.8720E-02  3.8335E-01  1.4358E-01  1.0036E+00 -1.3847E-01
  1.6241E+00  1.6623E+01  1.8711E-02  3.8304E-01  1.4357E-01  1.0036E+00 -1.3846E-01
  1.6263E+00  1.6631E+01  1.8702E-02  3.8273E-01  1.4357E-01  1.0036E+00 -1.3845E-01
  1.6286E+00  1.6638E+01  1.8692E-02  3.8242E-01  1.4357E-01  1.0036E+00 -1.3844E-01
  1.6308E+00  1.6646E+01  1.8683E-02  3.8211E-01  1.4356E-01  1.0035E+00 -1.3843E-01
  1.6331E+00  1.6653E+01  1.8674E-02  3.8180E-01  1.4356E-01  1.0035E+00 -1.3841E-01
  1.6353E+00  1.6661E+01  1.8665E-02  3.8149E-01  1.4356E-01  1.0035E+00 -1.3840E-01
  1.6376E+00  1.6668E+01  1.8656E-02  3.8118E-01  1.4355E-01  1.0035E+00 -1.3839E-01
  1.6394E+00  1.6674E+01  1.8649E-02  3.8093E-01  1.4355E-01  1.0035E+00 -1.3838E-01
  1.6398E+00  1.6676E+01  1.8647E-02  3.8087E-01  1.4355E-01  1.0035E+00 -1.3838E-01
  1.6421E+00  1.6683E+01  1.8638E-02  3.8056E-01  1.4355E-01  1.0035E+00 -1.3837E-01
  1.6443E+00  1.6691E+01  1.8628E-02  3.8025E-01  1.4354E-01  1.0035E+00 -1.3835E-01
  1.6465E+00  1.6698E+01  1.8619E-02  3.7993E-01  1.4354E-01  1.0035E+00 -1.3834E-01
  1.6488E+00  1.6706E+01  1.8610E-02  3.7962E-01  1.4354E-01  1.0034E+00 -1.3833E-01
  1.6510E+00  1.6713E+01  1.8601E-02  3.7931E-01  1.4353E-01  1.0034E+00 -1.3832E-01
  1.6533E+00  1.6721E+01  1.8592E-02  3.7900E-01  1.4353E-01  1.0034E+00 -1.3831E-01
  1.6555E+00  1.6728E+01  1.8583E-02  3.7869E-01  1.4353E-01  1.0034E+00 -1.3829E-01
  1.6578E+00  1.6736E+01  1.8574E-02  3.7838E-01  1.4352E-01  1.0034E+00 -1.3828E-01
  1.6600E+00  1.6743E+01  1.8564E-02  3.7807E-01  1.4352E-01  1.0034E+00 -1.3827E-01
  1.6622E+00  1.6750E+01  1.8555E-02  3.7776E-01  1.4352E-01  1.0034E+00 -1.3826E-01
  1.6645E+00  1.6758E+01  1.8546E-02  3.7745E-01  1.4351E-01  1.0034E+00 -1.3824E-01
  1.6667E+00  1.6765E+01  1.8537E-02  3.7714E-01  1.4351E-01  1.0033E+00 -1.3823E-01
  1.6690E+00  1.6773E+01  1.8528E-02  3.7683E-01  1.4351E-01  1.0033E+00 -1.3822E-01
  1.6712E+00  1.6780E+01  1.8519E-02  3.7652E-01  1.4350E-01  1.0033E+00 -1.3821E-01
  1.6735E+00  1.6788E+01  1.8509E-02  3.7621E-01  1.4350E-01  1.0033E+00 -1.3820E-01
  1.6757E+00  1.6795E+01  1.8500E-02  3.7590E-01  1.4350E-01  1.0033E+00 -1.3818E-01
  1.6779E+00  1.6803E+01  1.8491E-02  3.7559E-01  1.4349E-01  1.0033E+00 -1.3817E-01
  1.6802E+00  1.6810E+01  1.8482E-02  3.7528E-01  1.4349E-01  1.0033E+00 -1.3816E-01
  1.6824E+00  1.6818E+01  1.8473E-02  3.7497E-01  1.4349E-01  1.0033E+00 -1.3815E-01
  1.6847E+00  1.6825E+01  1.8464E-02  3.7466E-01  1.4348E-01  1.0032E+00 -1.3813E-01
  1.6869E+00  1.6833E+01  1.8455E-02  3.7435E-01  1.4348E-01  1.0032E+00 -1.3812E-01
  1.6892E+00  1.6840E+01  1.8445E-02  3.7404E-01  1.4348E-01  1.0032E+00 -1.3811E-01
  1.6914E+00  1.6848E+01  1.8436E-02  3.7373E-01  1.4347E-01  1.0032E+00 -1.3810E-01
  1.6936E+00  1.6855E+01  1.8427E-02  3.7342E-01  1.4347E-01  1.0032E+00 -1.3808E-01
  1.6959E+00  1.6863E+01  1.8418E-02  3.7311E-01  1.4347E-01  1.0032E+00 -1.3807E-01
  1.6981E+00  1.6870E+01  1.8409E-02  3.7280E-01  1.4346E-01  1.0032E+00 -1.3806E-01
  1.7004E+00  1.6878E+01  1.8400E-02  3.7249E-01  1.4346E-01  1.0032E+00 -1.3805E-01
  1.7026E+00  1.6885E+01  1.8391E-02  3.7218E-01  1.4346E-01  1.0031E+00 -1.3803E-01
  1.7049E+00  1.6893E+01  1.8381E-02  3.7187E-01  1.4345E-01  1.0031E+00 -1.3802E-01
  1.7071E+00  1.6900E+01  1.8372E-02  3.7156E-01  1.4345E-01  1.0031E+00 -1.3801E-01
  1.7093E+00  1.6908E+01  1.8363E-02  3.7125E-01  1.4345E-01  1.0031E+00 -1.3800E-01
  1.7116E+00  1.6915E+01  1.8354E-02  3.7094E-01  1.4344E-01  1.0031E+00 -1.3798E-01
  1.7138E+00  1.6923E+01  1.8345E-02  3.7063E-01  1.4344E-01  1.0031E+00 -1.3797E-01
  1.7161E+00  1.6930E+01  1.8336E-02  3.7032E-01  1.4344E-01  1.0031E+00 -1.3796E-01
  1.7183E+00  1.6938E+01  1.8326E-02  3.7001E-01  1.4343E-01  1.0031E+00 -1.3795E-01
  1.7206E+00  1.6945E+01  1.8317E-02  3.6970E-01  1.4343E-01  1.0030E+00 -1.3793E-01
  1.7228E+00  1.6953E+01  1.8308E-02  3.6939E-01  1.4343E-01  1.0030E+00 -1.3792E-01
  1.7251E+00  1.6960E+01  1.8299E-02  3.6908E-01  1.4342E-01  1.0030E+00 -1.3791E-01
  1.7273E+00  1.6968E+01  1.8290E-02  3.6877E-01  1.4342E-01  1.0030E+00 -1.3790E-01
  1.7295E+00  1.6975E+01  1.8281E-02  3.6846E-01  1.4342E-01  1.0030E+00 -1.3788E-01
  1.7318E+00  1.6982E+01  1.8272E-02  3.6815E-01  1.4341E-01  1.0030E+00 -1.3787E-01
  1.7340E+00  1.6990E+01  1.8262E-02  3.6784E-01  1.4341E-01  1.0030E+00 -1.3786E-01
  1.7363E+00  1.6997E+01  1.8253E-02  3.6753E-01  1.4341E-01  1.0030E+00 -1.3784E-01
  1.7385E+00  1.7005E+01  1.8244E-02  3.6722E-01  1.4340E-01  1.0029E+00 -1.3783E-01
  1.7408E+00  1.7012E+01  1.8235E-02  3.6692E-01  1.4340E-01  1.0029E+00 -1.3782E-01
  1.7430E+00  1.7020E+01  1.8226E-02  3.6661E-01  1.4340E-01  1.0029E+00 -1.3781E-01
  1.7452E+00  1.7027E+01  1.8217E-02  3.6630E-01  1.4339E-01  1.0029E+00 -1.3779E-01
  1.7475E+00  1.7035E+01  1.8208E-02  3.6599E-01  1.4339E-01  1.0029E+00 -1.3778E-01
  1.7497E+00  1.7042E+01  1.8198E-02  3.6568E-01  1.4339E-01  1.0029E+00 -1.3777E-01
  1.7520E+00  1.7050E+01  1.8189E-02  3.6537E-01  1.4338E-01  1.0029E+00 -1.3775E-01
  1.7542E+00  1.7057E+01  1.8180E-02  3.6506E-01  1.4338E-01  1.0029E+00 -1.3774E-01
  1.7565E+00  1.7065E+01  1.8171E-02  3.6475E-01  1.4338E-01  1.0029E+00 -1.3773E-01
  1.7587E+00  1.7072E+01  1.8162E-02  3.6444E-01  1.4337E-01  1.0028E+00 -1.3771E-01
  1.7609E+00  1.7080E+01  1.8153E-02  3.6413E-01  1.4337E-01  1.0028E+00 -1.3770E-01
  1.7632E+00  1.7087E+01  1.8144E-02  3.6382E-01  1.4337E-01  1.0028E+00 -1.3769E-01
  1.7654E+00  1.7095E+01  1.8134E-02  3.6351E-01  1.4336E-01  1.0028E+00 -1.3767E-01
  1.7677E+00  1.7102E+01  1.8125E-02  3.6321E-01  1.4336E-01  1.0028E+00 -1.3766E-01
  1.7699E+00  1.7110E+01  1.8116E-02  3.6290E-01  1.4336E-01  1.0028E+00 -1.3765E-01
  1.7722E+00  1.7117E+01  1.8107E-02  3.6259E-01  1.4335E-01  1.0028E+00 -1.3764E-01
  1.7744E+00  1.7125E+01  1.8098E-02  3.6228E-01  1.4335E-01  1.0028E+00 -1.3762E-01
  1.7766E+00  1.7132E+01  1.8089E-02  3.6197E-01  1.4335E-01  1.0027E+00 -1.3761E-01
  1.7789E+00  1.7140E+01  1.8080E-02  3.6166E-01  1.4334E-01  1.0027E+00 -1.3760E-01
  1.7811E+00  1.7147E+01  1.8070E-02  3.6135E-01  1.4334E-01  1.0027E+00 -1.3758E-01
  1.7834E+00  1.7155E+01  1.8061E-02  3.6104E-01  1.4333E-01  1.0027E+00 -1.3756E-01
  1.7856E+00  1.7162E+01  1.8052E-02  3.6073E-01  1.4331E-01  1.0027E+00 -1.3753E-01
  1.7879E+00  1.7170E+01  1.8043E-02  3.6043E-01  1.4327E-01  1.0027E+00 -1.3748E-01
  1.7901E+00  1.7177E+01  1.8034E-02  3.6012E-01  1.4321E-01  1.0027E+00 -1.3741E-01
  1.7923E+00  1.7185E+01  1.8025E-02  3.5981E-01  1.4312E-01  1.0028E+00 -1.3730E-01
  1.7946E+00  1.7192E+01  1.8016E-02  3.5950E-01  1.4295E-01  1.0029E+00 -1.3712E-01
  1.7968E+00  1.7199E+01  1.8007E-02  3.5919E-01  1.4268E-01  1.0030E+00 -1.3682E-01
  1.7991E+00  1.7207E+01  1.7997E-02  3.5889E-01  1.4223E-01  1.0032E+00 -1.3634E-01
  1.8013E+00  1.7214E+01  1.7989E-02  3.5858E-01  1.4153E-01  1.0035E+00 -1.3559E-01
  1.8036E+00  1.7222E+01  1.7980E-02  3.5828E-01  1.4048E-01  1.0039E+00 -1.3448E-01
  1.8058E+00  1.7229E+01  1.7971E-02  3.5798E-01  1.3902E-01  1.0043E+00 -1.3294E-01
  1.8080E+00  1.7237E+01  1.7962E-02  3.5768E-01  1.3713E-01  1.0047E+00 -1.3095E-01
  1.8103E+00  1.7244E+01  1.7954E-02  3.5739E-01  1.3486E-01  1.0050E+00 -1.2855E-01
  1.8125E+00  1.7252E+01  1.7946E-02  3.5710E-01  1.3230E-01  1.0052E+00 -1.2585E-01
  1.8148E+00  1.7259E+01  1.7939E-02  3.5682E-01  1.2953E-01  1.0053E+00 -1.2292E-01
  1.8170E+00  1.7267E+01  1.7931E-02  3.5655E-01  1.2664E-01  1.0054E+00 -1.1986E-01
  1.8193E+00  1.7274E+01  1.7924E-02  3.5629E-01  1.2367E-01  1.0054E+00 -1.1671E-01
  1.8215E+00  1.7282E+01  1.7918E-02  3.5603E-01  1.2066E-01  1.0054E+00 -1.1351E-01
  1.8238E+00  1.7289E+01  1.7912E-02  3.5578E-01  1.1764E-01  1.0055E+00 -1.1027E-01
  1.8260E+00  1.7297E+01  1.7906E-02  3.5553E-01  1.1461E-01  1.0055E+00 -1.0703E-01
  1.8282E+00  1.7304E+01  1.7900E-02  3.5530E-01  1.1158E-01  1.0055E+00 -1.0377E-01
  1.8305E+00  1.7312E+01  1.7895E-02  3.5507E-01  1.0856E-01  1.0054E+00 -1.0051E-01
  1.8327E+00  1.7319E+01  1.7890E-02  3.5485E-01  1.0556E-01  1.0054E+00 -9.7244E-02
  1.8350E+00  1.7327E+01  1.7886E-02  3.5463E-01  1.0257E-01  1.0054E+00 -9.3980E-02
  1.8372E+00  1.7334E+01  1.7882E-02  3.5442E-01  9.9601E-02  1.0054E+00 -9.0719E-02
  1.8395E+00  1.7342E+01  1.7878E-02  3.5422E-01  9.6652E-02  1.0054E+00 -8.7460E-02
  1.8417E+00  1.7349E+01  1.7875E-02  3.5403E-01  9.3724E-02  1.0054E+00 -8.4202E-02
  1.8439E+00  1.7357E+01  1.7872E-02  3.5385E-01  9.0819E-02  1.0054E+00 -8.0947E-02
  1.8462E+00  1.7364E+01  1.7870E-02  3.5367E-01  8.7941E-02  1.0054E+00 -7.7692E-02
  1.8484E+00  1.7372E+01  1.7867E-02  3.5350E-01  8.5091E-02  1.0054E+00 -7.4440E-02
  1.8507E+00  1.7379E+01  1.7866E-02  3.5333E-01  8.2271E-02  1.0054E+00 -7.1189E-02
  1.8529E+00  1.7387E+01  1.7864E-02  3.5318E-01  7.9485E-02  1.0054E+00 -6.7939E-02
  1.8552E+00  1.7394E+01  1.7863E-02  3.5303E-01  7.6736E-02  1.0053E+00 -6.4691E-02
  1.8574E+00  1.7402E+01  1.7862E-02  3.5289E-01  7.4029E-02  1.0053E+00 -6.1444E-02
  1.8596E+00  1.7409E+01  1.7862E-02  3.5275E-01  7.1366E-02  1.0053E+00 -5.8198E-02
  1.8619E+00  1.7417E+01  1.7862E-02  3.5263E-01  6.8755E-02  1.0053E+00 -5.4954E-02
  1.8641E+00  1.7424E+01  1.7863E-02  3.5251E-01  6.6200E-02  1.0053E+00 -5.1710E-02
  1.8664E+00  1.7431E+01  1.7863E-02  3.5239E-01  6.3708E-02  1.0053E+00 -4.8468E-02
  1.8686E+00  1.7439E+01  1.7865E-02  3.5229E-01  6.1286E-02  1.0053E+00 -4.5227E-02
  1.8709E+00  1.7446E+01  1.7866E-02  3.5219E-01  5.8943E-02  1.0053E+00 -4.1986E-02
  1.8731E+00  1.7454E+01  1.7868E-02  3.5210E-01  5.6689E-02  1.0053E+00 -3.8747E-02
  1.8753E+00  1.7461E+01  1.7870E-02  3.5202E-01  5.4533E-02  1.0053E+00 -3.5508E-02
  1.8776E+00  1.7469E+01  1.7873E-02  3.5194E-01  5.2489E-02  1.0053E+00 -3.2270E-02
  1.8798E+00  1.7476E+01  1.7876E-02  3.5187E-01  5.0570E-02  1.0053E+00 -2.9033E-02
  1.8821E+00  1.7484E+01  1.7879E-02  3.5181E-01  4.8790E-02  1.0052E+00 -2.5797E-02
  1.8843E+00  1.7491E+01  1.7883E-02  3.5176E-01  4.7169E-02  1.0052E+00 -2.2571E-02
  1.8866E+00  1.7499E+01  1.7887E-02  3.5171E-01  4.5721E-02  1.0052E+00 -1.9355E-02
  1.8888E+00  1.7506E+01  1.7892E-02  3.5167E-01  4.4464E-02  1.0052E+00 -1.6153E-02
  1.8910E+00  1.7514E+01  1.7896E-02  3.5164E-01  4.3413E-02  1.0051E+00 -1.2977E-02
  1.8933E+00  1.7521E+01  1.7902E-02  3.5161E-01  4.2582E-02  1.0051E+00 -9.8447E-03
  1.8955E+00  1.7529E+01  1.7907E-02  3.5159E-01  4.1978E-02  1.0050E+00 -6.7845E-03
  1.8978E+00  1.7536E+01  1.7913E-02  3.5158E-01  4.1599E-02  1.0048E+00 -3.8434E-03
  1.9000E+00  1.7544E+01  1.7919E-02  3.5158E-01  4.1426E-02  1.0046E+00 -1.0890E-03
  1.9023E+00  1.7551E+01  1.7926E-02  3.5158E-01  4.1422E-02  1.0042E+00  1.3911E-03
  1.9045E+00  1.7559E+01  1.7932E-02  3.5158E-01  4.1530E-02  1.0039E+00  3.5052E-03
  1.9068E+00  1.7566E+01  1.7939E-02  3.5159E-01  4.1688E-02  1.0034E+00  5.1883E-03
  1.9090E+00  1.7574E+01  1.7947E-02  3.5161E-01  4.1845E-02  1.0031E+00  6.4318E-03
  1.9112E+00  1.7581E+01  1.7954E-02  3.5162E-01  4.1972E-02  1.0028E+00  7.2883E-03
  1.9135E+00  1.7589E+01  1.7961E-02  3.5164E-01  4.2062E-02  1.0026E+00  7.8457E-03
  1.9157E+00  1.7596E+01  1.7969E-02  3.5166E-01  4.2122E-02  1.0025E+00  8.1950E-03
  1.9180E+00  1.7604E+01  1.7976E-02  3.5168E-01  4.2158E-02  1.0024E+00  8.4097E-03
  1.9202E+00  1.7611E+01  1.7983E-02  3.5169E-01  4.2181E-02  1.0023E+00  8.5416E-03
  1.9225E+00  1.7619E+01  1.7991E-02  3.5171E-01  4.2194E-02  1.0023E+00  8.6241E-03
  1.9247E+00  1.7626E+01  1.7998E-02  3.5173E-01  4.2202E-02  1.0023E+00  8.6776E-03
  1.9269E+00  1.7634E+01  1.8006E-02  3.5175E-01  4.2206E-02  1.0023E+00  8.7144E-03
  1.9292E+00  1.7641E+01  1.8013E-02  3.5177E-01  4.2209E-02  1.0023E+00  8.7415E-03
  1.9314E+00  1.7648E+01  1.8021E-02  3.5179E-01  4.2210E-02  1.0022E+00  8.7587E-03
  1.9337E+00  1.7656E+01  1.8028E-02  3.5181E-01  4.2210E-02  1.0022E+00  8.7729E-03
  1.9359E+00  1.7663E+01  1.8035E-02  3.5183E-01  4.2211E-02  1.0022E+00  8.7870E-03
  1.9382E+00  1.7671E+01  1.8043E-02  3.5185E-01  4.2211E-02  1.0022E+00  8.8012E-03
  1.9404E+00  1.7678E+01  1.8050E-02  3.5187E-01  4.2211E-02  1.0022E+00  8.8154E-03
  1.9426E+00  1.7686E+01  1.8058E-02  3.5189E-01  4.2212E-02  1.0022E+00  8.8295E-03
  1.9449E+00  1.7693E+01  1.8065E-02  3.5191E-01  4.2212E-02  1.0022E+00  8.8437E-03
  1.9471E+00  1.7701E+01  1.8073E-02  3.5193E-01  4.2213E-02  1.0022E+00  8.8579E-03
  1.9494E+00  1.7708E+01  1.8080E-02  3.5195E-01  4.2213E-02  1.0022E+00  8.8720E-03
  1.9516E+00  1.7716E+01  1.8088E-02  3.5197E-01  4.2213E-02  1.0022E+00  8.8862E-03
  1.9539E+00  1.7723E+01  1.8095E-02  3.5199E-01  4.2214E-02  1.0022E+00  8.9003E-03
  1.9561E+00  1.7731E+01  1.8102E-02  3.5201E-01  4.2214E-02  1.0022E+00  8.9145E-03
  1.9583E+00  1.7738E+01  1.8110E-02  3.5203E-01  4.2215E-02  1.0022E+00  8.9286E-03
  1.9606E+00  1.7746E+01  1.8117E-02  3.5205E-01  4.2215E-02  1.0022E+00  8.9428E-03
  1.9628E+00  1.7753E+01  1.8125E-02  3.5207E-01  4.2215E-02  1.0021E+00  8.9569E-03
  1.9651E+00  1.7761E+01  1.8132E-02  3.5209E-01  4.2216E-02  1.0021E+00  8.9711E-03
  1.9673E+00  1.7768E+01  1.8140E-02  3.5211E-01  4.2216E-02  1.0021E+00  8.9852E-03
  1.9696E+00  1.7776E+01  1.8147E-02  3.5213E-01  4.2216E-02  1.0021E+00  8.9994E-03
  1.9718E+00  1.7783E+01  1.8155E-02  3.5215E-01  4.2217E-02  1.0021E+00  9.0135E-03
  1.9740E+00  1.7791E+01  1.8162E-02  3.5217E-01  4.2217E-02  1.0021E+00  9.0277E-03
  1.9763E+00  1.7798E+01  1.8169E-02  3.5219E-01  4.2218E-02  1.0021E+00  9.0418E-03
  1.9785E+00  1.7806E+01  1.8177E-02  3.5221E-01  4.2218E-02  1.0021E+00  9.0560E-03
  1.9808E+00  1.7813E+01  1.8184E-02  3.5224E-01  4.2218E-02  1.0021E+00  9.0701E-03
  1.9830E+00  1.7821E+01  1.8192E-02  3.5226E-01  4.2219E-02  1.0021E+00  9.0842E-03
  1.9853E+00  1.7828E+01  1.8199E-02  3.5228E-01  4.2219E-02  1.0021E+00  9.0984E-03
  1.9875E+00  1.7836E+01  1.8207E-02  3.5230E-01  4.2220E-02  1.0021E+00  9.1125E-03
  1.9898E+00  1.7843E+01  1.8214E-02  3.5232E-01  4.2220E-02  1.0021E+00  9.1266E-03
  1.9920E+00  1.7851E+01  1.8222E-02  3.5234E-01  4.2220E-02  1.0020E+00  9.1407E-03
  1.9942E+00  1.7858E+01  1.8229E-02  3.5236E-01  4.2221E-02  1.0020E+00  9.1549E-03
  1.9965E+00  1.7866E+01  1.8236E-02  3.5238E-01  4.2221E-02  1.0020E+00  9.1690E-03
  1.9987E+00  1.7873E+01  1.8244E-02  3.5240E-01  4.2222E-02  1.0020E+00  9.1831E-03
  2.0010E+00  1.7880E+01  1.8251E-02  3.5242E-01  4.2222E-02  1.0020E+00  9.1972E-03
  2.0032E+00  1.7888E+01  1.8259E-02  3.5244E-01  4.2222E-02  1.0020E+00  9.2113E-03
  2.0055E+00  1.7895E+01  1.8266E-02  3.5246E-01  4.2223E-02  1.0020E+00  9.2255E-03
  2.0077E+00  1.7903E+01  1.8274E-02  3.5248E-01  4.2223E-02  1.0020E+00  9.2396E-03
  2.0099E+00  1.7910E+01  1.8281E-02  3.5250E-01  4.2224E-02  1.0020E+00  9.2537E-03
  2.0122E+00  1.7918E+01  1.8289E-02  3.5252E-01  4.2224E-02  1.0020E+00  9.2678E-03
  2.0144E+00  1.7925E+01  1.8296E-02  3.5255E-01  4.2225E-02  1.0020E+00  9.2819E-03
  2.0167E+00  1.7933E+01  1.8303E-02  3.5257E-01  4.2225E-02  1.0020E+00  9.2960E-03
  2.0189E+00  1.7940E+01  1.8311E-02  3.5259E-01  4.2225E-02  1.0020E+00  9.3101E-03
  2.0212E+00  1.7948E+01  1.8318E-02  3.5261E-01  4.2226E-02  1.0020E+00  9.3242E-03
  2.0234E+00  1.7955E+01  1.8326E-02  3.5263E-01  4.2226E-02  1.0019E+00  9.3383E-03
  2.0256E+00  1.7963E+01  1.8333E-02  3.5265E-01  4.2227E-02  1.0019E+00  9.3524E-03
  2.0279E+00  1.7970E+01  1.8341E-02  3.5267E-01  4.2227E-02  1.0019E+00  9.3665E-03
  2.0301E+00  1.7978E+01  1.8348E-02  3.5269E-01  4.2227E-02  1.0019E+00  9.3806E-03
  2.0324E+00  1.7985E+01  1.8356E-02  3.5271E-01  4.2228E-02  1.0019E+00  9.3947E-03
  2.0346E+00  1.7993E+01  1.8363E-02  3.5274E-01  4.2228E-02  1.0019E+00  9.4088E-03
  2.0369E+00  1.8000E+01  1.8370E-02  3.5276E-01  4.2229E-02  1.0019E+00  9.4228E-03
  2.0391E+00  1.8008E+01  1.8378E-02  3.5278E-01  4.2229E-02  1.0019E+00  9.4369E-03
  2.0413E+00  1.8015E+01  1.8385E-02  3.5280E-01  4.2230E-02  1.0019E+00  9.4510E-03
  2.0436E+00  1.8023E+01  1.8393E-02  3.5282E-01  4.2230E-02  1.0019E+00  9.4651E-03
  2.0458E+00  1.8030E+01  1.8400E-02  3.5284E-01  4.2230E-02  1.0019E+00  9.4792E-03
  2.0481E+00  1.8038E+01  1.8408E-02  3.5286E-01  4.2231E-02  1.0019E+00  9.4933E-03
  2.0503E+00  1.8045E+01  1.8415E-02  3.5288E-01  4.2231E-02  1.0019E+00  9.5073E-03
  2.0526E+00  1.8053E+01  1.8423E-02  3.5291E-01  4.2232E-02  1.0018E+00  9.5214E-03
  2.0548E+00  1.8060E+01  1.8430E-02  3.5293E-01  4.2232E-02  1.0018E+00  9.5355E-03
  2.0570E+00  1.8068E+01  1.8438E-02  3.5295E-01  4.2233E-02  1.0018E+00  9.5495E-03
  2.0593E+00  1.8075E+01  1.8445E-02  3.5297E-01  4.2233E-02  1.0018E+00  9.5636E-03
  2.0615E+00  1.8083E+01  1.8452E-02  3.5299E-01  4.2234E-02  1.0018E+00  9.5777E-03
  2.0638E+00  1.8090E+01  1.8460E-02  3.5301E-01  4.2234E-02  1.0018E+00  9.5917E-03
  2.0660E+00  1.8098E+01  1.8467E-02  3.5304E-01  4.2234E-02  1.0018E+00  9.6058E-03
  2.0683E+00  1.8105E+01  1.8475E-02  3.5306E-01  4.2235E-02  1.0018E+00  9.6199E-03
  2.0705E+00  1.8112E+01  1.8482E-02  3.5308E-01  4.2235E-02  1.0018E+00  9.6339E-03
  2.0728E+00  1.8120E+01  1.8490E-02  3.5310E-01  4.2236E-02  1.0018E+00  9.6480E-03
  2.0750E+00  1.8127E+01  1.8497E-02  3.5312E-01  4.2236E-02  1.0018E+00  9.6620E-03
  2.0772E+00  1.8135E+01  1.8505E-02  3.5314E-01  4.2237E-02  1.0018E+00  9.6761E-03
  2.0795E+00  1.8142E+01  1.8512E-02  3.5317E-01  4.2237E-02  1.0018E+00  9.6901E-03
  2.0817E+00  1.8150E+01  1.8519E-02  3.5319E-01  4.2237E-02  1.0018E+00  9.7042E-03
  2.0840E+00  1.8157E+01  1.8527E-02  3.5321E-01  4.2238E-02  1.0017E+00  9.7182E-03
  2.0862E+00  1.8165E+01  1.8534E-02  3.5323E-01  4.2238E-02  1.0017E+00  9.7322E-03
  2.0885E+00  1.8172E+01  1.8542E-02  3.5325E-01  4.2239E-02  1.0017E+00  9.7463E-03
  2.0907E+00  1.8180E+01  1.8549E-02  3.5328E-01  4.2239E-02  1.0017E+00  9.7603E-03
  2.0929E+00  1.8187E+01  1.8557E-02  3.5330E-01  4.2240E-02  1.0017E+00  9.7743E-03
  2.0952E+00  1.8195E+01  1.8564E-02  3.5332E-01  4.2240E-02  1.0017E+00  9.7884E-03
  2.0974E+00  1.8202E+01  1.8572E-02  3.5334E-01  4.2241E-02  1.0017E+00  9.8024E-03
  2.0997E+00  1.8210E+01  1.8579E-02  3.5336E-01  4.2241E-02  1.0017E+00  9.8164E-03
  2.1019E+00  1.8217E+01  1.8587E-02  3.5339E-01  4.2242E-02  1.0017E+00  9.8305E-03
  2.1042E+00  1.8225E+01  1.8594E-02  3.5341E-01  4.2242E-02  1.0017E+00  9.8445E-03
  2.1064E+00  1.8232E+01  1.8601E-02  3.5343E-01  4.2242E-02  1.0017E+00  9.8585E-03
  2.1086E+00  1.8240E+01  1.8609E-02  3.5345E-01  4.2243E-02  1.0017E+00  9.8725E-03
  2.1109E+00  1.8247E+01  1.8616E-02  3.5348E-01  4.2243E-02  1.0017E+00  9.8865E-03
  2.1131E+00  1.8255E+01  1.8624E-02  3.5350E-01  4.2244E-02  1.0016E+00  9.9006E-03
  2.1154E+00  1.8262E+01  1.8631E-02  3.5352E-01  4.2244E-02  1.0016E+00  9.9146E-03
  2.1176E+00  1.8270E+01  1.8639E-02  3.5354E-01  4.2245E-02  1.0016E+00  9.9286E-03
  2.1199E+00  1.8277E+01  1.8646E-02  3.5356E-01  4.2245E-02  1.0016E+00  9.9426E-03
  2.1221E+00  1.8285E+01  1.8654E-02  3.5359E-01  4.2246E-02  1.0016E+00  9.9566E-03
  2.1243E+00  1.8292E+01  1.8661E-02  3.5361E-01  4.2246E-02  1.0016E+00  9.9706E-03
  2.1266E+00  1.8300E+01  1.8669E-02  3.5363E-01  4.2247E-02  1.0016E+00  9.9846E-03
  2.1288E+00  1.8307E+01  1.8676E-02  3.5365E-01  4.2247E-02  1.0016E+00  9.9986E-03
  2.1311E+00  1.8315E+01  1.8683E-02  3.5368E-01  4.2248E-02  1.0016E+00  1.0013E-02
  2.1333E+00  1.8322E+01  1.8691E-02  3.5370E-01  4.2248E-02  1.0016E+00  1.0027E-02
  2.1356E+00  1.8329E+01  1.8698E-02  3.5372E-01  4.2249E-02  1.0016E+00  1.0041E-02
  2.1378E+00  1.8337E+01  1.8706E-02  3.5375E-01  4.2249E-02  1.0016E+00  1.0055E-02
  2.1400E+00  1.8344E+01  1.8713E-02  3.5377E-01  4.2249E-02  1.0016E+00  1.0069E-02
  2.1423E+00  1.8352E+01  1.8721E-02  3.5379E-01  4.2250E-02  1.0015E+00  1.0083E-02
  2.1445E+00  1.8359E+01  1.8728E-02  3.5381E-01  4.2250E-02  1.0015E+00  1.0097E-02
  2.1468E+00  1.8367E+01  1.8736E-02  3.5384E-01  4.2251E-02  1.0015E+00  1.0111E-02
  2.1490E+00  1.8374E+01  1.8743E-02  3.5386E-01  4.2251E-02  1.0015E+00  1.0124E-02
  2.1513E+00  1.8382E+01  1.8751E-02  3.5388E-01  4.2252E-02  1.0015E+00  1.0138E-02
  2.1535E+00  1.8389E+01  1.8758E-02  3.5390E-01  4.2252E-02  1.0015E+00  1.0152E-02
  2.1558E+00  1.8397E+01  1.8765E-02  3.5393E-01  4.2253E-02  1.0015E+00  1.0166E-02
  2.1580E+00  1.8404E+01  1.8773E-02  3.5395E-01  4.2253E-02  1.0015E+00  1.0180E-02
  2.1602E+00  1.8412E+01  1.8780E-02  3.5397E-01  4.2254E-02  1.0015E+00  1.0194E-02
  2.1625E+00  1.8419E+01  1.8788E-02  3.5400E-01  4.2254E-02  1.0015E+00  1.0208E-02
  2.1647E+00  1.8427E+01  1.8795E-02  3.5402E-01  4.2255E-02  1.0015E+00  1.0222E-02
  2.1670E+00  1.8434E+01  1.8803E-02  3.5404E-01  4.2255E-02  1.0015E+00  1.0236E-02
  2.1692E+00  1.8442E+01  1.8810E-02  3.5407E-01  4.2256E-02  1.0015E+00  1.0250E-02
  2.1715E+00  1.8449E+01  1.8818E-02  3.5409E-01  4.2256E-02  1.0014E+00  1.0264E-02
  2.1737E+00  1.8457E+01  1.8825E-02  3.5411E-01  4.2257E-02  1.0014E+00  1.0278E-02
  2.1759E+00  1.8464E+01  1.8833E-02  3.5414E-01  4.2257E-02  1.0014E+00  1.0292E-02
  2.1782E+00  1.8472E+01  1.8840E-02  3.5416E-01  4.2258E-02  1.0014E+00  1.0306E-02
  2.1804E+00  1.8479E+01  1.8848E-02  3.5418E-01  4.2258E-02  1.0014E+00  1.0320E-02
  2.1827E+00  1.8487E+01  1.8855E-02  3.5421E-01  4.2261E-02  1.0014E+00  1.0340E-02
  2.1849E+00  1.8494E+01  1.8862E-02  3.5423E-01  4.2265E-02  1.0014E+00  1.0370E-02
  2.1872E+00  1.8502E+01  1.8870E-02  3.5425E-01  4.2273E-02  1.0014E+00  1.0411E-02
  2.1894E+00  1.8509E+01  1.8877E-02  3.5428E-01  4.2286E-02  1.0014E+00  1.0472E-02
  2.1916E+00  1.8517E+01  1.8885E-02  3.5430E-01  4.2309E-02  1.0015E+00  1.0568E-02
  2.1939E+00  1.8524E+01  1.8892E-02  3.5432E-01  4.2347E-02  1.0015E+00  1.0722E-02
  2.1961E+00  1.8532E+01  1.8900E-02  3.5435E-01  4.2413E-02  1.0016E+00  1.0975E-02
  2.1984E+00  1.8539E+01  1.8907E-02  3.5437E-01  4.2525E-02  1.0018E+00  1.1383E-02
  2.2006E+00  1.8547E+01  1.8915E-02  3.5440E-01  4.2709E-02  1.0021E+00  1.2030E-02
  2.2029E+00  1.8554E+01  1.8923E-02  3.5443E-01  4.3004E-02  1.0024E+00  1.3008E-02
  2.2051E+00  1.8561E+01  1.8931E-02  3.5446E-01  4.3456E-02  1.0028E+00  1.4398E-02
  2.2073E+00  1.8569E+01  1.8939E-02  3.5449E-01  4.4109E-02  1.0031E+00  1.6236E-02
  2.2096E+00  1.8576E+01  1.8947E-02  3.5453E-01  4.4996E-02  1.0034E+00  1.8493E-02
  2.2118E+00  1.8584E+01  1.8956E-02  3.5458E-01  4.6128E-02  1.0036E+00  2.1091E-02
  2.2141E+00  1.8591E+01  1.8965E-02  3.5463E-01  4.7497E-02  1.0038E+00  2.3937E-02
  2.2163E+00  1.8599E+01  1.8974E-02  3.5468E-01  4.9081E-02  1.0039E+00  2.6948E-02
  2.2186E+00  1.8606E+01  1.8984E-02  3.5475E-01  5.0853E-02  1.0039E+00  3.0062E-02
  2.2208E+00  1.8614E+01  1.8994E-02  3.5482E-01  5.2787E-02  1.0040E+00  3.3238E-02
  2.2230E+00  1.8621E+01  1.9004E-02  3.5490E-01  5.4862E-02  1.0040E+00  3.6452E-02
  2.2253E+00  1.8629E+01  1.9015E-02  3.5498E-01  5.7056E-02  1.0040E+00  3.9689E-02
  2.2275E+00  1.8636E+01  1.9026E-02  3.5508E-01  5.9355E-02  1.0040E+00  4.2938E-02
  2.2298E+00  1.8644E+01  1.9038E-02  3.5518E-01  6.1746E-02  1.0040E+00  4.6197E-02
  2.2320E+00  1.8651E+01  1.9050E-02  3.5528E-01  6.4219E-02  1.0040E+00  4.9464E-02
  2.2343E+00  1.8659E+01  1.9062E-02  3.5540E-01  6.6761E-02  1.0040E+00  5.2733E-02
  2.2365E+00  1.8666E+01  1.9075E-02  3.5552E-01  6.9364E-02  1.0040E+00  5.6002E-02
  2.2388E+00  1.8674E+01  1.9088E-02  3.5565E-01  7.2022E-02  1.0039E+00  5.9273E-02
  2.2410E+00  1.8681E+01  1.9101E-02  3.5579E-01  7.4729E-02  1.0039E+00  6.2545E-02
  2.2432E+00  1.8689E+01  1.9115E-02  3.5593E-01  7.7480E-02  1.0039E+00  6.5818E-02
  2.2455E+00  1.8696E+01  1.9130E-02  3.5608E-01  8.0272E-02  1.0039E+00  6.9093E-02
  2.2477E+00  1.8704E+01  1.9145E-02  3.5624E-01  8.3099E-02  1.0039E+00  7.2369E-02
  2.2500E+00  1.8711E+01  1.9160E-02  3.5641E-01  8.5959E-02  1.0039E+00  7.5647E-02
  2.2522E+00  1.8719E+01  1.9175E-02  3.5658E-01  8.8849E-02  1.0039E+00  7.8926E-02
  2.2545E+00  1.8726E+01  1.9191E-02  3.5676E-01  9.1766E-02  1.0039E+00  8.2206E-02
  2.2567E+00  1.8734E+01  1.9208E-02  3.5695E-01  9.4709E-02  1.0039E+00  8.5489E-02
  2.2589E+00  1.8741E+01  1.9224E-02  3.5715E-01  9.7674E-02  1.0039E+00  8.8773E-02
  2.2612E+00  1.8749E+01  1.9241E-02  3.5735E-01  1.0066E-01  1.0039E+00  9.2059E-02
  2.2634E+00  1.8756E+01  1.9259E-02  3.5756E-01  1.0367E-01  1.0039E+00  9.5346E-02
  2.2657E+00  1.8764E+01  1.9277E-02  3.5778E-01  1.0669E-01  1.0038E+00  9.8636E-02
  2.2679E+00  1.8771E+01  1.9295E-02  3.5800E-01  1.0973E-01  1.0038E+00  1.0193E-01
  2.2702E+00  1.8778E+01  1.9314E-02  3.5824E-01  1.1279E-01  1.0038E+00  1.0522E-01
  2.2724E+00  1.8786E+01  1.9333E-02  3.5848E-01  1.1586E-01  1.0038E+00  1.0852E-01
  2.2746E+00  1.8793E+01  1.9352E-02  3.5872E-01  1.1894E-01  1.0038E+00  1.1182E-01
  2.2769E+00  1.8801E+01  1.9372E-02  3.5898E-01  1.2204E-01  1.0038E+00  1.1512E-01
  2.2791E+00  1.8808E+01  1.9393E-02  3.5924E-01  1.2515E-01  1.0038E+00  1.1842E-01
  2.2814E+00  1.8816E+01  1.9413E-02  3.5951E-01  1.2827E-01  1.0038E+00  1.2172E-01
  2.2836E+00  1.8823E+01  1.9435E-02  3.5979E-01  1.3140E-01  1.0038E+00  1.2502E-01
  2.2859E+00  1.8831E+01  1.9456E-02  3.6007E-01  1.3453E-01  1.0037E+00  1.2832E-01
  2.2881E+00  1.8838E+01  1.9478E-02  3.6037E-01  1.3765E-01  1.0037E+00  1.3160E-01
  2.2903E+00  1.8846E+01  1.9500E-02  3.6066E-01  1.4077E-01  1.0037E+00  1.3487E-01
  2.2926E+00  1.8853E+01  1.9523E-02  3.6097E-01  1.4385E-01  1.0036E+00  1.3810E-01
  2.2948E+00  1.8861E+01  1.9546E-02  3.6129E-01  1.4689E-01  1.0035E+00  1.4126E-01
  2.2971E+00  1.8868E+01  1.9570E-02  3.6161E-01  1.4983E-01  1.0034E+00  1.4433E-01
  2.2993E+00  1.8876E+01  1.9593E-02  3.6193E-01  1.5261E-01  1.0032E+00  1.4723E-01
  2.3016E+00  1.8883E+01  1.9618E-02  3.6227E-01  1.5516E-01  1.0029E+00  1.4988E-01
  2.3038E+00  1.8891E+01  1.9642E-02  3.6261E-01  1.5737E-01  1.0025E+00  1.5219E-01
  2.3060E+00  1.8898E+01  1.9667E-02  3.6295E-01  1.5918E-01  1.0021E+00  1.5406E-01
  2.3083E+00  1.8906E+01  1.9692E-02  3.6330E-01  1.6054E-01  1.0017E+00  1.5549E-01
  2.3105E+00  1.8913E+01  1.9717E-02  3.6365E-01  1.6149E-01  1.0014E+00  1.5648E-01
  2.3128E+00  1.8921E+01  1.9742E-02  3.6400E-01  1.6212E-01  1.0012E+00  1.5715E-01
  2.3150E+00  1.8928E+01  1.9767E-02  3.6436E-01  1.6252E-01  1.0011E+00  1.5756E-01
  2.3173E+00  1.8936E+01  1.9792E-02  3.6471E-01  1.6276E-01  1.0010E+00  1.5782E-01
  2.3195E+00  1.8943E+01  1.9817E-02  3.6506E-01  1.6290E-01  1.0009E+00  1.5798E-01
  2.3218E+00  1.8951E+01  1.9843E-02  3.6542E-01  1.6298E-01  1.0009E+00  1.5808E-01
  2.3240E+00  1.8958E+01  1.9868E-02  3.6577E-01  1.6303E-01  1.0008E+00  1.5814E-01
  2.3262E+00  1.8966E+01  1.9893E-02  3.6613E-01  1.6306E-01  1.0008E+00  1.5818E-01
  2.3285E+00  1.8973E+01  1.9919E-02  3.6648E-01  1.6308E-01  1.0008E+00  1.5821E-01
  2.3307E+00  1.8981E+01  1.9944E-02  3.6684E-01  1.6309E-01  1.0008E+00  1.5823E-01
  2.3330E+00  1.8988E+01  1.9969E-02  3.6720E-01  1.6310E-01  1.0008E+00  1.5824E-01
  2.3352E+00  1.8996E+01  1.9994E-02  3.6755E-01  1.6310E-01  1.0008E+00  1.5825E-01
  2.3375E+00  1.9003E+01  2.0020E-02  3.6791E-01  1.6310E-01  1.0008E+00  1.5827E-01
  2.3397E+00  1.9010E+01  2.0045E-02  3.6826E-01  1.6311E-01  1.0007E+00  1.5828E-01
  2.3419E+00  1.9018E+01  2.0070E-02  3.6862E-01  1.6311E-01  1.0007E+00  1.5829E-01
  2.3442E+00  1.9025E+01  2.0096E-02  3.6897E-01  1.6311E-01  1.0007E+00  1.5830E-01
  2.3464E+00  1.9033E+01  2.0121E-02  3.6933E-01  1.6311E-01  1.0007E+00  1.5832E-01
  2.3487E+00  1.9040E+01  2.0146E-02  3.6968E-01  1.6312E-01  1.0007E+00  1.5833E-01
  2.3509E+00  1.9048E+01  2.0172E-02  3.7004E-01  1.6312E-01  1.0007E+00  1.5834E-01
  2.3554E+00  1.9063E+01  2.0222E-02  3.7075E-01  1.6313E-01  1.0007E+00  1.5837E-01
