  4.792676545827E-04  1.517051666219E-03  1.639268432902E+00 -3.779922665450E+03  1.898417623752E+04  3.531760300489E+07  1.671577467067E+01 -4.882812500000E-04   1   5
 -1.830083774288E-04  1.353254695354E-03  2.025057608945E-04  1.655481765800E+03  1.625125644681E+04 -7.905981001099E+04 -4.132563897220E-02 -4.882812500000E-04   1   3
 -5.586696940194E-04 -2.479136940242E-04  1.925110293046E-04  6.304958789963E+03 -2.785712884570E+03 -7.199481342322E+04 -4.136011987521E-02 -4.882812500000E-04   1   3
 -8.245533168926E-05  6.817211712620E-04  8.605420472896E-05  1.251551000194E+03  6.869230675292E+03 -3.701329261197E+04 -4.171884461365E-02 -4.882812500000E-04   1   3
 -4.961276410911E-04 -2.280039184954E-04  1.033219739162E-04  6.305033444809E+03 -2.462291811067E+03 -4.197524782252E+04 -4.166070291332E-02 -4.882812500000E-04   1   3
 -1.451886071686E-04  1.056991198645E-03  1.148971520724E-04  2.025194756839E+03  1.088448013009E+04 -4.547017230152E+04 -4.162163214345E-02 -4.882812500000E-04   1   3
 -6.348017990579E-04 -2.811549221201E-04  1.160038390631E-04  8.670606749614E+03 -2.929444142443E+03 -4.598214302445E+04 -4.161791369139E-02 -4.882812500000E-04   1   3
 -8.722941625436E-05  6.431641253622E-04 -3.130151160422E-04  1.249605173745E+03  6.036880136329E+03  9.810124888666E+04 -4.306358648608E-02 -4.882812500000E-04   1   5
 -4.248908345749E-04  6.846916022621E-04  5.113817153575E-04  5.385777748634E+03  6.943168228522E+03 -2.222862634595E+05 -4.028122483219E-02 -4.882812500000E-04   1   5
 -1.452249820918E-05 -6.729240482122E-04 -3.615541907980E-04 -1.019206769023E+01 -7.044237247760E+03  1.125056217416E+05 -4.322690685960E-02 -4.882812500000E-04   1   5
 -4.934921969595E-05  4.892505433191E-04  5.681867956242E-04  5.863506004783E+02  5.541033370996E+03 -2.421454687504E+05 -4.008982640497E-02 -4.882812500000E-04   1   5
  6.254456639016E-04 -3.213972924100E-04  2.982731227468E-04 -9.451928267806E+03 -3.406867261219E+03 -1.227048068180E+05 -4.100216602261E-02 -4.882812500000E-04   1   5
  1.696360012568E-04  1.190565102479E-03 -7.496119093400E-04 -1.235854177325E+03  1.553805394074E+04  1.784823423606E+05 -4.452744829703E-02 -4.882812500000E-04   1   5
 -4.772177510770E-05  1.382593004728E-04  7.374258488582E-04  1.846248017424E+03  6.199412626833E+02 -3.121442867130E+05 -3.951818105501E-02 -4.882812500000E-04   1   5
  5.649793146350E-04  1.138884609055E-04 -3.076131497097E-04 -8.742540357216E+03  7.746523535553E+02  9.951177954131E+04 -4.304561278522E-02 -4.882812500000E-04   1   5
  8.061518042376E-05 -3.638964627974E-05  7.522235229720E-04  3.220012611265E+02  1.157665426236E+03 -3.162444362562E+05 -3.946837836089E-02 -4.882812500000E-04   1   5
  5.396764966445E-04  4.427896188658E-04  2.313164561392E-04 -8.067798686044E+03  4.390617071011E+03 -1.014484482947E+05 -4.122771029079E-02 -4.882812500000E-04   1   5
 -6.054315053023E-04  4.244916227569E-04 -2.335300201450E-04  8.214232483131E+03  4.562203746341E+03  8.181917548183E+04 -4.279666426775E-02 -4.882812500000E-04   1   5
 -2.167812643921E-04  3.821260643045E-04  5.766755482752E-04  3.633993777353E+03  3.191924833685E+03 -2.527748528249E+05 -4.006045143212E-02 -4.882812500000E-04   1   5
 -1.628675920126E-05  2.207099725944E-04  3.238924880846E-04  5.183981003018E+02  1.409535173730E+03 -1.375417289830E+05 -4.091541903194E-02 -4.882812500000E-04   1   5
  1.417026754701E-04 -5.371190217973E-04 -6.345149363491E-04 -1.916120349182E+03 -5.808685153591E+03  1.708914407020E+05 -4.414325987939E-02 -4.882812500000E-04   1   5
 -3.929084596866E-05 -4.184186601171E-04  4.813824000656E-04  5.215976960542E+02 -4.375828942892E+03 -2.127299487171E+05 -4.038241478894E-02 -4.882812500000E-04   1   5
 -4.420877754746E-04 -8.677788479757E-04  1.032873860677E-03  3.731111575090E+03 -1.040555468402E+04 -3.914038947723E+05 -3.852409216488E-02 -4.882812500000E-04   1   5
 -4.699396291781E-04  3.501907090253E-04  3.360853231533E-04  8.615935467858E+03  3.267590715321E+03 -1.409521303229E+05 -4.087425859508E-02 -4.882812500000E-04   1   5
  2.850718160752E-04 -1.006660093014E-03  7.964865612506E-04 -3.037629890914E+03 -1.204537256487E+04 -3.310132956497E+05 -3.931886992744E-02 -4.882812500000E-04   1   5
  1.813132266212E-05  1.957911024238E-04  9.710929512237E-04  9.121113564271E+02  1.214840822435E+03 -3.905715753308E+05 -3.873063475157E-02 -4.882812500000E-04   1   5
  8.418174326032E-05  8.822072460090E-05 -1.015124755257E-04 -4.593778354626E+03  3.318702959963E+02  3.534693710205E+04 -4.235181784489E-02 -4.882812500000E-04   1   5
  1.748260634320E-04 -7.956535559874E-04 -2.354518740526E-04 -2.413524366803E+03 -7.743364421969E+03  8.225544906709E+04 -4.280321278196E-02 -4.882812500000E-04   1   5
  7.757889993847E-05 -8.425304371124E-04  1.081839342505E-04 -1.613268250758E+03 -8.143047818201E+03 -4.372306747498E+04 -4.164431343899E-02 -4.882812500000E-04   1   5
 -1.412726683183E-04  1.071502989604E-03 -7.582097172603E-04  1.537003712267E+03  1.278242916724E+04  1.863021098300E+05 -4.455712957675E-02 -4.882812500000E-04   1   5
 -5.633481987082E-04  7.203921327334E-04 -1.224510282065E-04  7.890330494953E+03  7.229004891380E+03  4.585758465029E+04 -4.242250428971E-02 -4.882812500000E-04   1   5
  5.360383773191E-04 -3.186498284481E-04 -6.953753371362E-04 -5.123578873356E+03 -3.949102596383E+03  1.693293811568E+05 -4.434602539640E-02 -4.882812500000E-04   1   5
 -1.242924182844E-05  7.720883346122E-04 -1.200228003180E-04  5.771447427135E+02  5.992880742352E+03  4.575975920245E+04 -4.241456910429E-02 -4.882812500000E-04   1   5
  1.305629209533E-04  7.199678923816E-04 -2.517937357385E-04 -2.623098099695E+03  6.012522512815E+03  8.916792260048E+04 -4.285845578103E-02 -4.882812500000E-04   1   5
 -4.455826729748E-05 -2.264737973381E-04 -5.413738712623E-04  2.550401795424E+03 -4.326644471211E+02  1.474948251921E+05 -4.383028730552E-02 -4.882812500000E-04   1   5
  5.901700833170E-04 -1.540070524136E-04  3.477443958433E-04 -8.999032408133E+03 -1.329921981600E+03 -1.455991599674E+05 -4.083486568133E-02 -4.882812500000E-04   1   5
  2.325829185600E-04  7.331027945573E-04  3.391652112830E-04 -3.584548587813E+03  6.476932500170E+03 -1.420609587481E+05 -4.086391345509E-02 -4.882812500000E-04   1   5
 -7.003268123272E-04 -7.425052756585E-04 -2.142498570223E-04  8.826337611668E+03 -8.101607752488E+03  7.650857465333E+04 -4.273166612272E-02 -4.882812500000E-04   1   5
  1.967993816130E-04  1.294707276459E-03  3.828068517238E-04 -2.701703991689E+03  1.404153264741E+04 -1.602063886817E+05 -4.071618645554E-02 -4.882812500000E-04   1   5
  2.161707419979E-04  9.607204013793E-04 -4.801667400947E-04 -2.295207484223E+03  1.069681645027E+04  1.364803860281E+05 -4.362479647621E-02 -4.882812500000E-04   1   5
 -8.346155284373E-05  1.352540623825E-03  6.499090477192E-04  1.146978410142E+03  1.512866310048E+04 -2.768257893004E+05 -3.981326718181E-02 -4.882812500000E-04   1   5
  1.980525465999E-04  1.054886934542E-04  2.967879534177E-04 -3.550036390940E+03  1.137894453146E+03 -1.268853709517E+05 -4.100689643992E-02 -4.882812500000E-04   1   5
 -1.855531359714E-04  7.113978549839E-04  5.546395741083E-04  1.945503356621E+03  7.757844078519E+03 -2.405192739330E+05 -4.013511145142E-02 -4.882812500000E-04   1   5
  5.845927810237E-05 -1.152094973462E-03  4.651732546435E-04 -5.326997774705E+02 -1.236558444928E+04 -1.982075532358E+05 -4.043768625222E-02 -4.882812500000E-04   1   5
 -3.600041972810E-04  1.285810904364E-03  3.163424096151E-04  4.627157769213E+03  1.376896370891E+04 -1.314132217865E+05 -4.094078841675E-02 -4.882812500000E-04   1   5
  3.343734286478E-04 -1.497431778550E-04 -9.527713010238E-05 -8.403837624754E+03 -5.921090238794E+02  3.197802417008E+04 -4.233061616907E-02 -4.882812500000E-04   1   5
  2.697407445519E-04 -5.132566571608E-04 -8.974828915476E-04 -2.389965119503E+03 -5.826967043380E+03  1.941851274601E+05 -4.502277882338E-02 -4.882812500000E-04   1   5
  1.401868740386E-05  6.617361298268E-04  2.872533492773E-04 -3.059143846206E+02  6.813412789334E+03 -1.236036330517E+05 -4.103896883155E-02 -4.882812500000E-04   1   5
 -5.841779928399E-04 -7.212069716412E-04  7.583255836423E-04  5.746923162065E+03 -8.327972764217E+03 -3.218309407974E+05 -3.944714519975E-02 -4.882812500000E-04   1   5
  4.631912862218E-05 -1.996217423211E-04  2.010591897708E-04 -1.717536216766E+03 -1.093041639124E+02 -8.092179389845E+04 -4.133085791180E-02 -4.882812500000E-04   1   5
  7.162113839615E-06 -4.815148892341E-04  5.108746586746E-05 -3.502373852612E+01 -4.406238292556E+03 -2.915141908070E+04 -4.183633946597E-02 -4.882812500000E-04   1   5
 -2.374378203239E-04  1.072176742535E-03  4.293294433133E-04  3.349836448949E+03  1.092388084127E+04 -1.792535609025E+05 -4.055922145678E-02 -4.882812500000E-04   1   5
  8.483711709174E-05 -3.241812950263E-04  5.227430569477E-04 -8.884019264467E+02 -3.979242555362E+03 -2.313259089790E+05 -4.024255193688E-02 -4.882812500000E-04   1   5
  2.195236358624E-04 -1.118092959136E-04 -1.925342095181E-04 -7.593001741777E+03 -1.057235041941E+03  7.085612649447E+04 -4.265893088111E-02 -4.882812500000E-04   1   5
  1.183288308369E-04  6.848738214114E-04 -3.511790371040E-04 -2.051932192934E+03  6.238297728708E+03  1.093183447713E+05 -4.319199686967E-02 -4.882812500000E-04   1   5
  7.137803253721E-05  1.035393744598E-03  6.228058271678E-04 -8.970372784673E+02  1.163615524370E+04 -2.653514253627E+05 -3.990504377836E-02 -4.882812500000E-04   1   5
  8.415530249849E-04 -1.824861303694E-05  1.273887732423E-04 -1.089049915163E+04 -4.528602949310E+01 -4.922304133739E+04 -4.157947399625E-02 -4.882812500000E-04   1   5
 -5.563661997290E-04 -2.347627414444E-04  1.590830527021E-04  8.200669882334E+03 -2.290512675387E+03 -5.900949121508E+04 -4.147294733346E-02 -4.882812500000E-04   1   5
 -1.216034164398E-04  8.082976858458E-04 -5.481250295458E-04  2.041861943100E+03  7.925702330196E+03  1.516634844634E+05 -4.385312798398E-02 -4.882812500000E-04   1   5
 -1.008144585372E-04 -8.951958406647E-04 -4.422901120884E-04  1.093611540890E+03 -1.002446793350E+04  1.296368247991E+05 -4.349781355417E-02 -4.882812500000E-04   1   5
  4.532910535314E-04  1.850546051527E-05 -4.190206636601E-05 -6.124210196151E+03 -6.309672755739E+01  1.042216126630E+04 -4.215043077185E-02 -4.882812500000E-04   1   5
  4.503074964849E-04 -1.740508982187E-04  2.311864911111E-04 -7.167366218374E+03 -1.836530688512E+03 -1.042159264955E+05 -4.122793930193E-02 -4.882812500000E-04   1   5
  2.223538397574E-04  2.294852766640E-04 -1.528867833307E-04 -5.044264658963E+03  2.069998128328E+03  6.204212723811E+04 -4.252584908414E-02 -4.882812500000E-04   1   5
  2.049088192105E-04 -6.678889954289E-04  2.157130662781E-04 -3.814769467049E+03 -6.010811722732E+03 -9.294579480977E+04 -4.128070524911E-02 -4.882812500000E-04   1   5
  7.808725223834E-04 -5.651745135842E-04  7.956127690245E-04 -8.094210553809E+03 -6.674296767396E+03 -3.312469312479E+05 -3.932170139907E-02 -4.882812500000E-04   1   5
 -1.961594467675E-04  3.838579861426E-04  1.437939179290E-04  4.486490500454E+03  3.265962130035E+03 -5.364013480590E+04 -4.152460046756E-02 -4.882812500000E-04   1   5
  5.692653458677E-04  5.723474342484E-04 -8.317330277692E-04 -5.698732524598E+03  6.584716214296E+03  1.911592757795E+05 -4.480298315084E-02 -4.882812500000E-04   1   5
 -7.371969386923E-04 -2.301872486686E-04  3.456976835099E-04  7.693442819883E+03 -2.780840308123E+03 -1.484749829636E+05 -4.084127941665E-02 -4.882812500000E-04   1   5
  4.781658392591E-04 -6.625668942466E-04 -4.316102090900E-04 -5.929282031292E+03 -6.794753920998E+03  1.291241133702E+05 -4.346214382276E-02 -4.882812500000E-04   1   5
 -1.871850797658E-04 -4.914220381327E-04 -6.791231200720E-04  1.485097083250E+03 -6.407994085806E+03  1.727288514140E+05 -4.429221224670E-02 -4.882812500000E-04   1   5
 -4.445813626559E-04 -6.174667383261E-04 -1.138564301288E-04  6.338212257786E+03 -5.886341838135E+03  4.113203359380E+04 -4.239345852613E-02 -4.882812500000E-04   1   5
  3.158934190384E-04 -2.071238857734E-04 -4.542482925898E-04 -4.098567727716E+03 -1.997612357193E+03  1.302955405843E+05 -4.353792663454E-02 -4.882812500000E-04   1   5
 -7.344379599053E-04 -1.032098530041E-04  1.208932498982E-04  8.175472851473E+03 -1.348336269817E+03 -4.646223082975E+04 -4.160148781236E-02 -4.882812500000E-04   1   5
 -2.101814089362E-05  8.768622152016E-04 -2.651247444052E-04  1.066548299369E+03  7.685224598527E+03  9.281847538990E+04 -4.290325672209E-02 -4.882812500000E-04   1   5
 -4.963118259643E-04 -1.178225670614E-03  6.587223665329E-04  4.443231108635E+03 -1.425168002447E+04 -2.815282671625E+05 -3.978326574384E-02 -4.882812500000E-04   1   5
  5.179626896782E-04 -6.660549281878E-04  5.295926010036E-04 -7.120203052019E+03 -7.158940612713E+03 -2.306576135314E+05 -4.021957337985E-02 -4.882812500000E-04   1   5
 -2.512002566518E-04  3.830331614637E-05  1.334913655844E-04  3.975588338767E+03  2.625754869607E+02 -5.221501931246E+04 -4.155913423352E-02 -4.882812500000E-04   1   5
  4.987200554476E-04 -4.820104701394E-04  9.548621897366E-04 -5.394080647023E+03 -5.525040675209E+03 -3.837740001935E+05 -3.878529248265E-02 -4.882812500000E-04   1   5
  1.892638921352E-04 -1.815372929304E-04 -5.492868906165E-06 -3.787826479516E+03 -1.477465264094E+03  4.536145440407E+03 -4.202845271044E-02 -4.882812500000E-04   1   5
  1.493352321269E-04  7.148373076533E-05  1.107310894367E-03 -1.146434521054E+03  4.156059890855E+02 -3.979397749249E+05 -3.827543830009E-02 -4.882812500000E-04   1   5
 -3.712540448220E-04 -3.560741220197E-04  9.185744449507E-04  2.526611892854E+03 -4.544281068637E+03 -3.704562980041E+05 -3.890777015149E-02 -4.882812500000E-04   1   5
  2.646144914057E-04 -6.344649583570E-04 -3.640143196901E-04 -3.916233828631E+03 -5.871826879868E+03  1.128385716188E+05 -4.323514429217E-02 -4.882812500000E-04   1   5
  2.297359102874E-04 -6.044927326379E-04  2.440200440041E-04 -3.424765151637E+03 -6.124780695130E+03 -1.139756722508E+05 -4.118416032836E-02 -4.882812500000E-04   1   5
  2.382140857744E-04 -4.113343882656E-04 -2.708274869312E-04 -2.422976197607E+03 -4.852357829156E+03  8.484316885746E+04 -4.292153377095E-02 -4.882812500000E-04   1   5
  7.238120392923E-04  1.755672049177E-04  9.255607495466E-04 -7.092704147597E+03  2.049983963818E+03 -3.741445966932E+05 -3.888392651505E-02 -4.882812500000E-04   1   5
  3.313115977759E-05 -8.816754887833E-04 -1.262641122419E-04 -7.118021415892E+02 -9.120320182368E+03  4.984096893312E+04 -4.243571360426E-02 -4.882812500000E-04   1   5
 -4.302540461238E-04  8.776864760006E-04  6.604761942408E-04  4.980570435915E+03  9.686903521225E+03 -2.819070427887E+05 -3.977769003939E-02 -4.882812500000E-04   1   5
  5.412010562673E-04  6.856050368907E-04 -6.304812558824E-04 -6.483522892322E+03  7.744979729496E+03  1.683884560563E+05 -4.412936472920E-02 -4.882812500000E-04   1   5
 -1.463893596819E-04 -8.014537784994E-04 -7.093735349442E-04  9.777017875626E+02 -1.024021267999E+04  1.692783279238E+05 -4.439265243638E-02 -4.882812500000E-04   1   5
  1.862190820055E-04  3.295178981254E-04  6.976966746293E-04 -1.559887548619E+03  4.108869412864E+03 -3.023095534994E+05 -3.965167209338E-02 -4.882812500000E-04   1   5
 -3.465982757510E-04 -5.110740573489E-04  9.884130548321E-05  6.611579690603E+03 -3.906566568095E+03 -3.879381910806E+04 -4.167599348293E-02 -4.882812500000E-04   1   5
 -4.895919781352E-04 -3.598365648002E-04  6.488428354534E-05  8.485070766323E+03 -3.047636754250E+03 -2.375934448782E+04 -4.179073262398E-02 -4.882812500000E-04   1   5
  5.180615187629E-04  7.649238284659E-04  2.531006462150E-04 -7.449221305831E+03  7.775944512518E+03 -1.078252357664E+05 -4.115432944348E-02 -4.882812500000E-04   1   5
 -6.368424484839E-05  1.379719034269E-04 -5.483190970272E-04  2.774995580021E+03 -7.541821834685E+02  1.509750903548E+05 -4.385378702441E-02 -4.882812500000E-04   1   5
 -5.002336556690E-05 -6.535740051818E-04 -2.227685503460E-04  5.283197337218E+02 -6.937732459276E+03  7.126759246991E+04 -4.275984919007E-02 -4.882812500000E-04   1   5
  4.835526941206E-04 -2.426646926840E-04  3.113869048184E-04 -7.526261670630E+03 -2.347218742744E+03 -1.301534516255E+05 -4.095776020632E-02 -4.882812500000E-04   1   5
 -5.085129605333E-04  3.428252134426E-04  9.933740761687E-04  5.729426152770E+03  3.786219529777E+03 -3.899478086449E+05 -3.865621240418E-02 -4.882812500000E-04   1   5
  5.922971656211E-04  1.328985997395E-04  4.607290564262E-04 -8.379043962874E+03  1.417739376309E+03 -1.946072129912E+05 -4.045300385591E-02 -4.882812500000E-04   1   5
 -2.320528958519E-04  8.062143804042E-04 -1.525155958710E-04  3.786963687068E+03  8.018403110516E+03  6.015639333597E+04 -4.252432204012E-02 -4.882812500000E-04   1   5
  2.686145808737E-04  7.722906499166E-04  5.155535825967E-04 -1.942030307812E+03  9.711296441735E+03 -2.295754631930E+05 -4.026648364713E-02 -4.882812500000E-04   1   5
 -1.305926526471E-04  1.282041512802E-05  8.793036873445E-05  1.569264294994E+03  2.307053959229E+02 -3.999058187000E+04 -4.171237472449E-02 -4.882812500000E-04   1   5
  2.888083553440E-04  1.137004799740E-03  5.345581182243E-04 -3.176621123893E+03  1.200810798423E+04 -2.334932763497E+05 -4.020262871698E-02 -4.882812500000E-04   1   5
  2.583356853140E-04 -1.238944103212E-04 -7.596923958000E-04 -2.666335615017E+03 -1.441905675304E+03  1.774785608052E+05 -4.456154198758E-02 -4.882812500000E-04   1   5
 -6.651133937762E-04  6.472781547158E-04  1.046932889752E-04  9.084677955933E+03  6.776618708910E+03 -4.148606290212E+04 -4.165600216130E-02 -4.882812500000E-04   1   5
  5.864476361104E-04 -4.150817976351E-04  8.031777634108E-04 -4.820995717818E+03 -5.145080607168E+03 -3.339516989430E+05 -3.929634515636E-02 -4.882812500000E-04   1   5
  3.609784148934E-04 -4.080424458079E-04  7.273064633293E-04 -4.109260141100E+03 -4.164774067692E+03 -3.087388445901E+05 -3.955219759739E-02 -4.882812500000E-04   1   5
 -1.013807888473E-05 -6.103464738187E-04  2.425962053874E-04 -2.102911080675E+00 -6.629066584480E+03 -1.155767929360E+05 -4.118875978676E-02 -4.882812500000E-04   1   5
  1.065248832154E-04  8.646098718605E-04 -4.038590882580E-04 -1.896440458497E+03  8.297845377785E+03  1.226370265352E+05 -4.336899345905E-02 -4.882812500000E-04   1   5
 -2.007111930887E-04  1.340061851247E-04 -3.642240031421E-05  2.523173866551E+03  1.328242113232E+03  9.490004700348E+03 -4.213213476570E-02 -4.882812500000E-04   1   5
  5.480706329666E-04 -9.651117653921E-04  7.956811783172E-04 -5.427531793843E+03 -1.090431386954E+04 -3.310088800171E+05 -3.932150967265E-02 -4.882812500000E-04   1   5
  3.337705260716E-04  2.824528274983E-04 -6.624934993027E-04 -3.067358930807E+03  3.413336350345E+03  1.718353274070E+05 -4.423668050416E-02 -4.882812500000E-04   1   5
 -2.676525207521E-04  1.456309123119E-03 -4.630522764049E-04  2.321802407806E+03  1.783569448369E+04  1.353385836521E+05 -4.356708980968E-02 -4.882812500000E-04   1   5
 -3.662820515039E-05 -6.634047522541E-04 -2.153414119728E-04  1.805042304352E+03 -5.092449986727E+03  7.879686680976E+04 -4.273584188958E-02 -4.882812500000E-04   1   5
  1.623504303878E-04  2.209179022113E-04  3.880891428456E-04 -2.244566754938E+03  2.081485325258E+03 -1.634537106071E+05 -4.069863167002E-02 -4.882812500000E-04   1   5
 -2.002447326331E-04 -1.116184269158E-03  6.175367391548E-04  2.021620201820E+03 -1.227658588102E+04 -2.627209040147E+05 -3.992284422278E-02 -4.882812500000E-04   1   5
 -3.228507935621E-04 -1.136895618211E-04 -2.349625008335E-04  7.483806701147E+03 -4.052857982386E+02  8.468839932202E+04 -4.280185533672E-02 -4.882812500000E-04   1   5
 -2.759255977118E-04  5.513084522311E-04  5.712438064354E-05  5.187353166995E+03  4.126066480951E+03 -2.024127920806E+04 -4.181703372058E-02 -4.882812500000E-04   1   5
 -1.935701075495E-05 -3.572849580830E-05  3.450366569568E-05 -2.332011790724E+03  7.575273372504E+02 -1.814155261445E+04 -4.189276045382E-02 -4.882812500000E-04   1   5
 -1.884466288434E-04  4.900389648134E-04 -4.615721508026E-04  1.352523147265E+03  6.309735859859E+03  1.381120010367E+05 -4.356306395072E-02 -4.882812500000E-04   1   5
  3.311799092039E-04 -2.672295680093E-04 -5.712257936739E-04 -5.601365083853E+03 -2.816061410037E+03  1.610857406295E+05 -4.393116740694E-02 -4.882812500000E-04   1   5
 -6.814721773212E-05 -2.570197377905E-04  9.148615157746E-04  1.472364636956E+03 -2.580644891175E+03 -3.717201381769E+05 -3.892015421420E-02 -4.882812500000E-04   1   5
  3.220173452910E-04  6.091973039080E-04 -1.781657168487E-04 -6.316844284094E+03  5.432332189794E+03  6.668331482650E+04 -4.261056810218E-02 -4.882812500000E-04   1   5
 -3.138308085614E-04 -7.542966224964E-04  6.037520941677E-04  4.658054267304E+03 -8.014166902204E+03 -2.588242338793E+05 -3.996937831828E-02 -4.882812500000E-04   1   5
 -4.815102538482E-04 -1.253895325960E-03  5.722332707558E-04  4.784624264157E+03 -1.462967872863E+04 -2.482178695837E+05 -4.007518956892E-02 -4.882812500000E-04   1   5
 -1.580116891728E-04 -1.432345683037E-03 -3.045533158486E-05  1.648394881633E+03 -1.614674460169E+04  1.223058955324E+04 -4.211196929436E-02 -4.882812500000E-04   1   5
  3.088887236402E-04 -2.512177972387E-04  1.016755887063E-03 -2.219547538864E+03 -3.249859817872E+03 -3.870533028120E+05 -3.857858163995E-02 -4.882812500000E-04   1   5
 -4.603846462252E-04 -3.683602138806E-04  4.015226074798E-04  5.647651740848E+03 -4.050759665046E+03 -1.653601341457E+05 -4.065350610888E-02 -4.882812500000E-04   1   5
 -4.214419115486E-04  1.349226769006E-03 -7.003090723634E-04  1.893006429354E+03  1.853564278007E+04  1.722991722107E+05 -4.436194390341E-02 -4.882812500000E-04   1   5
  2.188324179895E-04 -5.775720527031E-04  3.156611742883E-05 -4.800890967249E+03 -4.727867571067E+03 -1.005107818799E+04 -4.190331682963E-02 -4.882812500000E-04   1   5
  1.732743306060E-04 -7.482680275226E-04  6.297588634041E-05 -2.675937998072E+03 -6.733418511323E+03 -2.641659242231E+04 -4.179688454411E-02 -4.882812500000E-04   1   5
  2.376919878791E-04 -5.387943063547E-04  1.307133257846E-04 -2.748503670667E+03 -5.638209400002E+03 -5.066106731061E+04 -4.156849943348E-02 -4.882812500000E-04   1   5
 -1.602100417261E-05  6.272431071601E-04 -2.353982109942E-04  1.113751820112E+03  5.344381374780E+03  8.231876727270E+04 -4.280310793039E-02 -4.882812500000E-04   1   5
 -3.775638878566E-04  1.515884607303E-03  5.460512117705E-04  4.044162513726E+03  1.758040167216E+04 -2.365670267768E+05 -4.016356256578E-02 -4.882812500000E-04   1   5
 -4.070193658167E-04  4.470925501506E-04  4.475377233382E-04  5.344522560078E+03  4.637635077810E+03 -1.911393565309E+05 -4.049741412817E-02 -4.882812500000E-04   1   5
 -2.780463253680E-04  9.113474132675E-05  3.452783382363E-04  5.346555061845E+03  3.947808832422E+02 -1.489575741533E+05 -4.084288474040E-02 -4.882812500000E-04   1   5
 -2.695716128793E-04  4.457635302205E-04 -1.027366352802E-04  6.369773448288E+03  3.179358047733E+03  3.562095474277E+04 -4.235588846973E-02 -4.882812500000E-04   1   5
  9.439759142749E-06 -8.869311450180E-04  1.522535342919E-04  3.639810069802E+02 -8.571006225074E+03 -5.652549574109E+04 -4.149600416212E-02 -4.882812500000E-04   1   5
 -2.671824322832E-04  1.198269294779E-03  1.041379788791E-03  2.285818080872E+03  1.491973129011E+04 -3.905411157418E+05 -3.849559945338E-02 -4.882812500000E-04   1   5
  4.023305734699E-05 -3.584299066363E-04 -2.423360709853E-04 -1.403005987706E+03 -3.219935579984E+03  7.837625796968E+04 -4.282590273175E-02 -4.882812500000E-04   1   5
 -1.278846412282E-04  6.034457461449E-04  5.384870688780E-04  1.924562726107E+03  6.607398330182E+03 -2.348195820337E+05 -4.018961726518E-02 -4.882812500000E-04   1   5
  4.311241517910E-04  5.281187686865E-04  5.653101614369E-04 -5.128572413613E+03  5.960373443508E+03 -2.446049976389E+05 -4.009907206369E-02 -4.882812500000E-04   1   5
  2.306351890303E-04 -8.991396434368E-04  3.159245869044E-04 -3.210617384281E+03 -9.597688882339E+03 -1.331106934318E+05 -4.094224493780E-02 -4.882812500000E-04   1   5
 -1.738105903673E-04  1.052622428117E-04 -3.593543944362E-04  3.450852521765E+03  8.890836811129E+02  1.087770464605E+05 -4.321927829613E-02 -4.882812500000E-04   1   5
 -4.722915802228E-04 -3.413200099398E-04  1.870027065354E-04  7.869977944896E+03 -2.867559002721E+03 -7.395764197383E+04 -4.137834187758E-02 -4.882812500000E-04   1   5
  1.669258745920E-05  5.648803265322E-04  3.104728060928E-04 -3.351702942793E+00  6.114516292918E+03 -1.349226975278E+05 -4.096038449291E-02 -4.882812500000E-04   1   5
  5.525042929956E-04  1.826114014236E-04  9.329158331943E-04 -4.492595417923E+03  2.338813773660E+03 -3.782004198367E+05 -3.885907443214E-02 -4.882812500000E-04   1   5
 -5.767911209914E-04  1.884627928092E-04  4.401996661352E-04  7.230322359914E+03  2.049187934210E+03 -1.869237482239E+05 -4.052226934582E-02 -4.882812500000E-04   1   5
 -6.781562154002E-04  3.907282898301E-04 -7.309881970716E-04  4.971277984380E+03  5.017386228883E+03  1.717585515631E+05 -4.446491273442E-02 -4.882812500000E-04   1   5
 -4.785756841195E-04 -6.977315713502E-04  5.902829172555E-04  6.074133421090E+03 -7.885819090057E+03 -2.553354731081E+05 -4.001459853047E-02 -4.882812500000E-04   1   5
  2.287758813454E-04 -8.064776355798E-04 -5.044311054656E-04 -3.435835822638E+03 -7.930245644043E+03  1.434882624136E+05 -4.370654401110E-02 -4.882812500000E-04   1   5
 -3.507788344660E-04  9.757592001064E-04 -2.719689270929E-04  5.056944645736E+03  9.940359295090E+03  9.365705868624E+04 -4.292603780084E-02 -4.882812500000E-04   1   5
  5.988198058250E-05 -5.353242910746E-05 -2.483733398353E-04 -1.999785367319E+03 -3.995903882591E+02  7.685846287768E+04 -4.284591073997E-02 -4.882812500000E-04   1   5
  7.326108085975E-04  8.560985519280E-04  3.139436189004E-04 -8.758514030361E+03  9.085441636167E+03 -1.301026099463E+05 -4.094893105320E-02 -4.882812500000E-04   1   5
 -1.076685162775E-04  3.971602545780E-04  3.070745585587E-05  2.886754808110E+03  3.124763863348E+03 -1.435751759300E+04 -4.190580113892E-02 -4.882812500000E-04   1   5
  4.527233268778E-04 -8.313580463017E-04  3.590149755297E-04 -5.104516466827E+03 -8.999574915098E+03 -1.526589788414E+05 -4.079646765614E-02 -4.882812500000E-04   1   5
  9.146463808445E-04 -4.743361017091E-04  5.405473454758E-04 -9.925003738172E+03 -5.513669301157E+03 -2.345158461272E+05 -4.018236800086E-02 -4.882812500000E-04   1   5
  2.069324397206E-04 -1.344329911387E-04  2.126511852725E-04 -2.427490998013E+03 -1.257944140659E+03 -9.604306130613E+04 -4.129067957478E-02 -4.882812500000E-04   1   5
  7.639415239279E-04  1.203449576111E-04 -3.438570042127E-04 -7.551248044055E+03  1.543004972684E+03  1.078119596591E+05 -4.316718294412E-02 -4.882812500000E-04   1   5
 -1.863680644682E-04  5.809859126618E-04  7.635103095638E-04  1.845756606375E+03  6.636399626552E+03 -3.250403454199E+05 -3.942974527787E-02 -4.882812500000E-04   1   5
  2.410591660651E-04  1.061970944846E-03 -6.736118758670E-04 -2.408547328622E+03  1.199700596017E+04  1.705745685124E+05 -4.427340832410E-02 -4.882812500000E-04   1   5
  1.267179624811E-05 -2.250314658167E-04  7.765786305507E-04  2.328330939277E+03 -2.280227957949E+03 -3.288347025294E+05 -3.938584144903E-02 -4.882812500000E-04   1   5
 -4.595709693677E-04 -1.460813290813E-04  4.000136954385E-05  7.425790042045E+03 -1.455232213458E+03 -1.818380520402E+04 -4.187433642630E-02 -4.882812500000E-04   1   5
 -5.605381351298E-04 -5.074128776828E-04  3.236418267565E-04  8.240904131894E+03 -5.324912961345E+03 -1.348308644572E+05 -4.091632319526E-02 -4.882812500000E-04   1   5
 -2.929640503297E-04 -9.359822456373E-04  8.081521475867E-05  4.494968381747E+03 -9.415346700283E+03 -3.229114709134E+04 -4.173667388412E-02 -4.882812500000E-04   1   5
  5.854820323255E-04 -1.482176943259E-05  4.450598861041E-04 -8.025002256493E+03 -2.836301570859E+01 -1.886508390759E+05 -4.050588636891E-02 -4.882812500000E-04   1   5
 -1.779848559479E-04 -7.675885191791E-04 -6.160140526301E-04  2.125787526162E+03 -7.941459226921E+03  1.685078924415E+05 -4.408124685230E-02 -4.882812500000E-04   1   5
 -3.931186771609E-04  1.056848785400E-03 -1.910294534331E-04  4.060133574668E+03  1.232563540097E+04  6.595218855003E+04 -4.265312559964E-02 -4.882812500000E-04   1   5
 -2.895854225155E-04  5.230306877466E-04 -1.405883108292E-04  6.312405142659E+03  4.286505312008E+03  5.481086350580E+04 -4.248405280076E-02 -4.882812500000E-04   1   5
 -3.219006841782E-04  1.141005915761E-04  6.485789523316E-04  4.481428909107E+03  1.109480095144E+03 -2.816370478941E+05 -3.981764093617E-02 -4.882812500000E-04   1   5
  4.895662132250E-04  2.103829680435E-04  3.634292699763E-04 -9.050592421019E+03  1.836735235207E+03 -1.532939295909E+05 -4.078179724864E-02 -4.882812500000E-04   1   5
 -3.555052005637E-04 -7.240869718620E-04 -3.697315876698E-04  4.828143908389E+03 -7.116083938026E+03  1.140733983715E+05 -4.325428018414E-02 -4.882812500000E-04   1   5
 -6.055023169169E-04  4.372593928571E-04  4.296552405931E-04  8.413311012430E+03  4.718968720893E+03 -1.781924321442E+05 -4.055827309793E-02 -4.882812500000E-04   1   5
 -5.993886195283E-04  5.714357103954E-04  8.085504311639E-04  7.162964802460E+03  6.245901303293E+03 -3.343803717047E+05 -3.927838521556E-02 -4.882812500000E-04   1   5
 -2.498596105576E-05  6.690146053626E-04  8.402842575224E-04 -7.932334274228E+01  7.090861391654E+03 -3.423594327673E+05 -3.917186650798E-02 -4.882812500000E-04   1   5
  9.781284045697E-05 -5.580737983451E-04 -5.846584522717E-05 -1.112687214051E+03 -6.629128617607E+03  1.071647839188E+04 -4.220571977084E-02 -4.882812500000E-04   1   5
 -5.880480394293E-04  4.972941010508E-04 -6.806647216793E-04  5.531529007670E+03  5.819235578784E+03  1.692777212061E+05 -4.429687408380E-02 -4.882812500000E-04   1   5
 -3.313579546238E-04  6.513323737494E-04 -4.013457345791E-04  5.498278051187E+03  6.078412113507E+03  1.240622711866E+05 -4.336075678480E-02 -4.882812500000E-04   1   5
  3.140928183158E-04 -9.066509970573E-04  6.513693452139E-04 -3.564004955041E+03 -9.669552294124E+03 -2.777857491161E+05 -3.980853993687E-02 -4.882812500000E-04   1   5
 -5.075742549630E-05  4.421553029932E-04 -5.026534673767E-04  1.419121593659E+03  3.013897543293E+03  1.418599876192E+05 -4.370056843633E-02 -4.882812500000E-04   1   5
 -4.631656472506E-04 -9.677140877690E-04 -4.489213412484E-04  5.580356288935E+03 -1.101909130839E+04  1.341215490284E+05 -4.352022587134E-02 -4.882812500000E-04   1   5
  2.853052675116E-04  5.938673622478E-04 -2.287550928770E-04 -3.605974565802E+03  5.925161161942E+03  7.597502971575E+04 -4.278027421340E-02 -4.882812500000E-04   1   5
  4.362874744498E-04 -2.621338301755E-04  7.614636025570E-04 -4.761358981323E+03 -3.025798470366E+03 -3.253586268537E+05 -3.943653479109E-02 -4.882812500000E-04   1   5
 -7.559130106222E-05  1.863438776742E-04 -1.433598733116E-04  3.087869868186E+03  1.208185660861E+03  5.902551219691E+04 -4.249379194458E-02 -4.882812500000E-04   1   5
  5.739874400933E-04  4.720570623656E-04  6.239999903137E-04 -7.632954791398E+03  4.950403869308E+03 -2.648799902640E+05 -3.990118008460E-02 -4.882812500000E-04   1   5
  6.064599575608E-04 -8.585204678794E-04  5.131960013163E-04 -7.504731718673E+03 -9.318439330932E+03 -2.211318188711E+05 -4.027511234529E-02 -4.882812500000E-04   1   5
 -1.696310747481E-04  1.907750041912E-04  1.936630580517E-04  5.844837522436E+03  6.298543359486E+02 -7.787434411860E+04 -4.135579247466E-02 -4.882812500000E-04   1   5
  1.561272927466E-04 -3.674756151518E-04  9.830454063493E-04 -2.013992371605E+03 -3.957035647881E+03 -3.886120201228E+05 -3.869092906184E-02 -4.882812500000E-04   1   5
  1.258713553513E-04  1.219288720831E-03 -7.609851423309E-04 -7.597859665539E+02  1.469100152886E+04  1.841620617633E+05 -4.456605985817E-02 -4.882812500000E-04   1   5
 -5.681324674661E-04 -1.885257121220E-04  4.971003687333E-04  8.256992843998E+03 -2.128515148040E+03 -2.153278292532E+05 -4.032958373597E-02 -4.882812500000E-04   1   5
  1.451850723666E-04  3.181524028107E-04 -5.036851257774E-04 -3.879986939726E+03  2.019199566880E+03  1.402870530483E+05 -4.370384786223E-02 -4.882812500000E-04   1   5
  4.520592510899E-04 -3.325167014759E-04  1.031011732642E-03 -5.544224498324E+03 -3.581674986573E+03 -3.977278125269E+05 -3.852988704370E-02 -4.882812500000E-04   1   5
  5.781231555850E-04 -5.263394391174E-04  9.289156260919E-04 -5.811916756065E+03 -5.809794669331E+03 -3.761000147337E+05 -3.887258294282E-02 -4.882812500000E-04   1   5
 -4.657204260133E-05  1.041563989100E-03  6.287599509396E-04  3.637733342405E+02  1.149070053633E+04 -2.667565528647E+05 -3.988505084975E-02 -4.882812500000E-04   1   5
  9.780755204744E-05  6.001088143015E-04 -2.730244485205E-05 -1.203493778286E+03  5.931828233595E+03  8.808131957449E+03 -4.210159263191E-02 -4.882812500000E-04   1   5
 -5.968736547543E-04  6.081018437766E-04  8.670709301928E-04  6.820601953262E+03  6.494806763225E+03 -3.542528571571E+05 -3.908112069536E-02 -4.882812500000E-04   1   5
  3.433117461936E-04  2.890310253858E-04  3.397770227442E-05 -7.306626151687E+03  2.068048245980E+03 -1.098226163767E+04 -4.189516513053E-02 -4.882812500000E-04   1   5
 -3.052902497030E-04 -1.255109429703E-03  3.928888522113E-04  3.360126809633E+03 -1.383063413903E+04 -1.643029553349E+05 -4.068211763079E-02 -4.882812500000E-04   1   5
 -5.829302522469E-04 -4.363392521580E-04 -3.970736310865E-07  8.117357442228E+03 -4.669777192086E+03  1.633451963954E+03 -4.201098135367E-02 -4.882812500000E-04   1   5
 -3.922744028396E-04 -1.979741831034E-04 -2.432233171596E-04  5.891746464688E+03 -1.665217782271E+03  8.123952375302E+04 -4.282908501464E-02 -4.882812500000E-04   1   5
 -1.554609682288E-04 -5.942300802213E-05 -9.969297806034E-05  6.888136332177E+02 -6.869502765748E+02  3.021247227553E+04 -4.234527061492E-02 -4.882812500000E-04   1   5
 -3.694197481684E-04  5.013632891086E-04  7.593493856528E-04  3.645344141937E+03  5.972499939825E+03 -3.255657731279E+05 -3.944353140182E-02 -4.882812500000E-04   1   5
  4.747482205366E-05  9.457368770850E-04 -4.196490707371E-04 -5.260572333236E+02  9.491479958005E+03  1.263968850884E+05 -4.342200192819E-02 -4.882812500000E-04   1   5
 -3.347815018667E-04 -9.958063947841E-04  2.437624884399E-04  5.209162537187E+03 -1.010024885818E+04 -1.029861965699E+05 -4.118596397311E-02 -4.882812500000E-04   1   5
  1.303430586187E-04  1.194326776448E-03  1.174997063960E-04 -1.492118695604E+03  1.254325576183E+04 -4.597413975693E+04 -4.161282242114E-02 -4.882812500000E-04   1   5
 -2.756679742353E-04  1.151700516786E-03  2.782771807732E-04  3.522280405768E+03  1.258899992468E+04 -1.183784012851E+05 -4.106916991276E-02 -4.882812500000E-04   1   5
  4.690236800120E-04  1.543708551190E-05 -1.805200011762E-04 -6.071873628201E+03  3.231126895416E+02  6.341075280368E+04 -4.261811358665E-02 -4.882812500000E-04   1   5
 -4.971976864010E-04 -3.600337356776E-05 -3.481084694725E-04  6.921015109334E+03 -2.769378855143E+02  1.083621310689E+05 -4.318161846442E-02 -4.882812500000E-04   1   5
 -1.772194133116E-04 -9.770097765064E-04 -6.458408238963E-05  2.958390407650E+03 -9.423587514064E+03  2.210563111087E+04 -4.222717546566E-02 -4.882812500000E-04   1   5
  6.779289463235E-04  4.029428751253E-04  1.058448091094E-03 -6.887613310889E+03  4.651831190824E+03 -4.024148213668E+05 -3.843770579513E-02 -4.882812500000E-04   1   5
  4.775223558999E-05  3.648938446920E-05 -4.744202456199E-04 -5.836316467715E+02 -2.934555794819E+02  1.348026310468E+05 -4.360571512739E-02 -4.882812500000E-04   1   5
  2.862418213203E-04  8.494918035835E-04  1.585165013385E-05 -3.039141945244E+03  9.576403525282E+03 -3.500721259393E+03 -4.195624123362E-02 -4.882812500000E-04   1   5
  6.878407659950E-05 -7.827235323608E-04  3.337532916561E-04 -1.343520789995E+03 -7.858326312897E+03 -1.416986176470E+05 -4.088199188444E-02 -4.882812500000E-04   1   5
  2.685896322431E-04  4.765114146769E-04  5.522980587684E-04 -3.766846146611E+03  4.162197464682E+03 -2.413496717268E+05 -4.014291038213E-02 -4.882812500000E-04   1   5
 -4.429980376073E-04 -4.379292513671E-04  5.596768213256E-05  6.709894836528E+03 -4.301225114246E+03 -2.550730754513E+04 -4.182032283974E-02 -4.882812500000E-04   1   5
 -4.335960911697E-04  2.087087822954E-04 -5.673987936714E-04  7.238374888129E+03  1.922481923990E+03  1.590807408003E+05 -4.391817080180E-02 -4.882812500000E-04   1   5
  5.045048931914E-04  7.855301416257E-04 -3.333228474118E-04 -6.400652542059E+03  7.954672208845E+03  1.056422318243E+05 -4.313190108584E-02 -4.882812500000E-04   1   5
 -5.926529328274E-04 -3.508481843230E-06 -5.176195112315E-04  7.391572089196E+03 -2.493100895027E+01  1.400399885800E+05 -4.375017306219E-02 -4.882812500000E-04   1   5
  4.741846812090E-04  1.570791347965E-04 -1.356043677565E-04 -7.848842271749E+03  1.362822574000E+03  5.431094963460E+04 -4.246735559228E-02 -4.882812500000E-04   1   5
 -5.741599880852E-05 -3.988365234399E-04 -7.867661818994E-05  6.322813366372E+02 -2.124073207095E+03  2.326705668996E+04 -4.227445964465E-02 -4.882812500000E-04   1   5
  3.643052886094E-04  4.630564239590E-04  6.430546879457E-04 -4.675977625818E+03  4.931332719081E+03 -2.765706690150E+05 -3.983652346801E-02 -4.882812500000E-04   1   5
  1.091193419171E-04 -7.281593993780E-04  6.442552160264E-04 -2.064204251427E+03 -7.365791440505E+03 -2.747822538253E+05 -3.983270399050E-02 -4.882812500000E-04   1   5
  7.577393597202E-04 -1.477783147750E-04  7.088859610267E-04 -7.094082676164E+03 -1.680936486453E+03 -2.994696033876E+05 -3.961436273337E-02 -4.882812500000E-04   1   5
 -6.994133873345E-04 -7.576680835154E-04  8.781639397766E-04  7.449239177303E+03 -8.588613751382E+03 -3.576657466383E+05 -3.904361665916E-02 -4.882812500000E-04   1   5
 -4.363147564441E-04 -1.479523414728E-04  7.273647821959E-05  8.289414509170E+03 -1.158150438224E+03 -2.792905369388E+04 -4.176415333340E-02 -4.882812500000E-04   1   5
  1.118191572565E-04  4.948713448595E-04  4.761437856156E-04 -1.470242370074E+03  2.820220649017E+03 -2.034695026827E+05 -4.040081694147E-02 -4.882812500000E-04   1   5
 -3.510586950213E-04 -1.310403148357E-03  3.977440498228E-04  3.275992393153E+03 -1.580343469841E+04 -1.645108348254E+05 -4.066570816595E-02 -4.882812500000E-04   1   5
  4.578915794107E-04 -9.201540269986E-04 -6.873438708015E-04 -4.251537702869E+03 -1.100264495195E+04  1.694890369508E+05 -4.431906021122E-02 -4.882812500000E-04   1   5
  7.971018659004E-05  2.828694281415E-04  3.866506936401E-04 -3.220210541042E+03  1.184659497704E+03 -1.626245714553E+05 -4.070349551632E-02 -4.882812500000E-04   1   5
  5.159985199457E-06 -1.126289542091E-04 -4.333396736145E-04  1.270428315844E+03 -1.424061405531E+03  1.274521186463E+05 -4.346793967936E-02 -4.882812500000E-04   1   5
  2.553858051669E-04  6.356607219982E-04 -5.421300861541E-05 -4.078117974002E+03  5.984833754796E+03  1.629030079260E+04 -4.219208302635E-02 -4.882812500000E-04   1   5
  1.838765370179E-04  2.663161373036E-05  8.414816536868E-04 -3.926293680611E+03  1.055214319819E+03 -3.429807677302E+05 -3.916787724625E-02 -4.882812500000E-04   1   5
  3.912044453856E-04 -4.897227950082E-05 -9.426659707934E-06 -7.103803364909E+03 -7.350499241668E+02  4.409587072410E+03 -4.204150301630E-02 -4.882812500000E-04   1   5
  9.141379787553E-04  2.508528975706E-04  7.551634298504E-04 -8.463087405524E+03  3.006742117874E+03 -3.199627043647E+05 -3.945772377187E-02 -4.882812500000E-04   1   5
  1.557309241961E-04 -8.371647389388E-04  9.094483854084E-04 -1.663387690946E+03 -8.938777697251E+03 -3.704263053181E+05 -3.893818900999E-02 -4.882812500000E-04   1   5
  3.831212844002E-04  2.222692371818E-04 -2.817846026308E-04 -4.606988560023E+03  2.737000145877E+03  9.098286371441E+04 -4.295868301066E-02 -4.882812500000E-04   1   5
 -5.509670187243E-04 -6.806166172418E-04  4.695544587441E-04  7.657298820848E+03 -7.405100600548E+03 -1.991633957197E+05 -4.042301920567E-02 -4.882812500000E-04   1   5
 -3.907115601826E-05  5.851063480658E-04  1.722466580669E-04  1.426919374391E+03  4.627066002608E+03 -6.370791589031E+04 -4.142867666947E-02 -4.882812500000E-04   1   5
 -4.127480687458E-04 -6.613312422900E-04  3.883161885103E-04  6.614802901837E+03 -6.325148155610E+03 -1.633454316762E+05 -4.069774361601E-02 -4.882812500000E-04   1   5
  4.260572032041E-04  5.779716734245E-04 -1.068438296736E-04 -6.672893925930E+03  5.724933240864E+03  3.719583157117E+04 -4.236968299293E-02 -4.882812500000E-04   1   5
  4.249363692707E-04 -8.547053052209E-04 -6.392394375987E-04 -4.637997168012E+03 -9.599917835325E+03  1.678032501757E+05 -4.415851481253E-02 -4.882812500000E-04   1   5
  3.319595423946E-04  4.373485265530E-04 -3.215319473810E-04 -4.456452493392E+03  4.489116804459E+03  1.023771281512E+05 -4.309240007702E-02 -4.882812500000E-04   1   5
  6.297941642593E-05  3.178085910027E-06  1.394999494515E-04 -2.447785101111E+03  4.998530832997E+02 -5.422408819956E+04 -4.153890735996E-02 -4.882812500000E-04   1   5
 -6.156066854527E-04  6.177394642843E-04  6.601755420230E-04  7.201031620512E+03  6.944539625208E+03 -2.825980235487E+05 -3.977861548112E-02 -4.882812500000E-04   1   5
  3.987881815617E-04 -1.818402056050E-04  5.597207963182E-04 -3.798411135734E+03 -2.362778383927E+03 -2.379547321982E+05 -4.011845839532E-02 -4.882812500000E-04   1   5
  8.816541262773E-05 -4.122277146369E-04  8.352221206791E-04 -1.398989004469E+03 -4.289132028621E+03 -3.406446343910E+05 -3.918899046263E-02 -4.882812500000E-04   1   5
  4.981201988460E-04 -1.174875257870E-03  6.704291421302E-04 -5.039271246137E+03 -1.323451498788E+04 -2.869177266925E+05 -3.974376417543E-02 -4.882812500000E-04   1   5
  6.066044974442E-05  4.389971224048E-05 -5.630287198559E-04 -1.124567320518E+03 -2.358009545775E+03  1.587558076267E+05 -4.390359905660E-02 -4.882812500000E-04   1   5
 -5.243857267212E-04 -3.840298180129E-05  2.802191678786E-04  6.408039864942E+03 -3.226463622174E+02 -1.229771700220E+05 -4.106245225556E-02 -4.882812500000E-04   1   5
 -4.767180291655E-04 -3.364744103583E-04 -6.669553448790E-04  4.662736937050E+03 -4.027378119903E+03  1.701799355069E+05 -4.425133129808E-02 -4.882812500000E-04   1   5
 -7.674861261644E-05  4.719789856785E-04  6.659701954066E-04  9.624549477662E+02  5.264992673856E+03 -2.917921393831E+05 -3.975858380521E-02 -4.882812500000E-04   1   5
 -4.973065904598E-04 -5.199371795596E-04 -4.634060833479E-04  4.873012575368E+03 -6.168290024103E+03  1.331852228046E+05 -4.356859965367E-02 -4.882812500000E-04   1   5
  1.582278210106E-04 -9.736458434168E-04  7.622709062678E-04 -1.611654390703E+03 -1.187638946914E+04 -3.261170441498E+05 -3.943354739501E-02 -4.882812500000E-04   1   5
 -6.673825752303E-04 -4.052993307788E-04 -8.628223630236E-06  9.104725530050E+03 -4.457706166851E+03  4.955006316021E+03 -4.203872216903E-02 -4.882812500000E-04   1   5
  2.894464124687E-04 -5.527656875562E-06  6.862038651725E-04 -3.839634608947E+03 -5.995787928793E+02 -2.976787300528E+05 -3.969050054218E-02 -4.882812500000E-04   1   5
  4.539163448666E-04  4.032311706714E-04  1.149506356353E-04 -8.451137163864E+03  3.161563815720E+03 -4.447331437333E+04 -4.162164943909E-02 -4.882812500000E-04   1   5
 -1.494431138653E-04 -4.959921292493E-04 -3.233811905448E-04  2.679499756765E+03 -4.284117414347E+03  1.007712188249E+05 -4.309845530505E-02 -4.882812500000E-04   1   5
  2.451564027735E-04 -1.711483993534E-04 -2.848855594983E-06 -6.909715805955E+03 -9.783342187508E+02  2.726861792326E+03 -4.201939749807E-02 -4.882812500000E-04   1   5
  3.315221825004E-04  8.241022285762E-04 -4.397824019640E-04 -4.509021657991E+03  8.851852226173E+03  1.312519315477E+05 -4.348960807589E-02 -4.882812500000E-04   1   5
 -2.917491143152E-04  8.727782326338E-04 -1.899635360496E-04  3.950473920770E+03  8.881237457757E+03  6.800346306764E+04 -4.264998596469E-02 -4.882812500000E-04   1   5
  4.233243347844E-04  5.946678360376E-05 -2.604342381327E-04 -7.205017221730E+03  2.981251216951E+02  8.816487811172E+04 -4.288717137607E-02 -4.882812500000E-04   1   5
 -5.845135636880E-04 -2.600914698683E-04 -1.224564074060E-04  8.969747103388E+03 -2.516411918068E+03  4.572386342172E+04 -4.242258089490E-02 -4.882812500000E-04   1   5
  7.334097684633E-04 -5.768063236356E-04 -1.813236556718E-04 -8.976753394454E+03 -6.352203783663E+03  6.566456818978E+04 -4.262077530804E-02 -4.882812500000E-04   1   5
 -5.055705941616E-04 -3.394857114478E-05 -8.048266203295E-04  5.240879498114E+03 -2.630506965974E+02  1.873209572115E+05 -4.471297630309E-02 -4.882812500000E-04   1   5
 -4.415658140167E-04  6.480935054814E-04  2.384844952572E-04  4.909395735637E+03  7.434404836035E+03 -1.127180097892E+05 -4.120263387343E-02 -4.882812500000E-04   1   5
  6.441205096982E-04  1.807205589266E-05 -2.918699793248E-04 -9.573301623812E+03  5.691298845547E+01  9.735487636660E+04 -4.299283647211E-02 -4.882812500000E-04   1   5
  6.998447120781E-04  2.559078265996E-04 -3.524601092646E-04 -5.691957410975E+03  3.117749503059E+03  1.062746802598E+05 -4.319573927711E-02 -4.882812500000E-04   1   5
  3.193917896823E-04 -4.267444366151E-04 -3.825669147952E-04 -6.168800519225E+03 -3.298474868915E+03  1.184458205298E+05 -4.329759937045E-02 -4.882812500000E-04   1   5
 -5.775799152221E-04 -1.351129096796E-03  8.037604469724E-04  4.459621564816E+03 -1.684220524455E+04 -3.349106266830E+05 -3.929369892462E-02 -4.882812500000E-04   1   5
  4.526876545403E-05  1.122085253721E-03  9.562851205827E-04 -3.350975945268E+02  1.493792153373E+04 -3.888544109851E+05 -3.877965167494E-02 -4.882812500000E-04   1   5
  1.218101316001E-04 -1.049558343814E-03 -1.330776775355E-05 -2.017801083286E+03 -1.064372548180E+04  6.392292024970E+03 -4.205451190474E-02 -4.882812500000E-04   1   5
  4.225404737790E-04  1.336257528075E-04 -1.680840607521E-04 -8.238274088769E+03  1.128761500564E+03  6.303541492677E+04 -4.257658189795E-02 -4.882812500000E-04   1   5
 -7.161724393037E-05 -1.139174369101E-03 -1.656435245347E-04  9.172510991367E+02 -1.110277942911E+04  6.368427399233E+04 -4.256838294564E-02 -4.882812500000E-04   1   5
 -1.405656157385E-04  4.233886368046E-05 -6.912982240699E-04  1.275415537623E+03  5.058666462524E+02  1.706529170447E+05 -4.433273551798E-02 -4.882812500000E-04   1   5
 -5.567596889871E-04 -6.619348722066E-04  1.043570752748E-03  4.249321962605E+03 -8.429840087716E+03 -3.875363318146E+05 -3.848879490008E-02 -4.882812500000E-04   1   5
  7.465389926886E-04 -5.475923942040E-04  3.045799421517E-04 -9.228803775214E+03 -5.703844022916E+03 -1.262193761996E+05 -4.098065153403E-02 -4.882812500000E-04   1   5
 -6.528445667005E-04  6.601833706642E-04  3.564394764084E-04  8.391787219002E+03  6.726595761592E+03 -1.496586934614E+05 -4.080533000055E-02 -4.882812500000E-04   1   5
 -4.043891268042E-04 -5.999537112419E-05  3.761823541171E-04  7.348250679737E+03 -2.479935218181E+02 -1.583519243802E+05 -4.073879452508E-02 -4.882812500000E-04   1   5
  6.056645440232E-06  3.203250261180E-04 -2.027982847166E-04 -2.486142405574E+01  2.884604714842E+03  7.085654828505E+04 -4.269326410588E-02 -4.882812500000E-04   1   5
  7.117080494458E-04  2.364638310108E-04  9.982810894826E-04 -7.217524092489E+03  2.952709849011E+03 -3.915005437077E+05 -3.863954876535E-02 -4.882812500000E-04   1   5
 -3.216342968560E-04 -4.896725337551E-04 -2.775806561808E-04  5.990976895393E+03 -4.775718029227E+03  9.394973082214E+04 -4.294493467760E-02 -4.882812500000E-04   1   5
  3.073816801149E-04  4.038932236518E-04 -4.075426332890E-04 -5.386553636664E+03  3.605863763027E+03  1.235236405571E+05 -4.338142922472E-02 -4.882812500000E-04   1   5
  6.630819335614E-05 -4.939417679154E-04 -7.624688918537E-04 -9.016422546040E+02 -5.210495999620E+03  1.784240905341E+05 -4.457088135993E-02 -4.882812500000E-04   1   5
  2.440229941287E-04  6.516542101955E-04 -8.417076827261E-04 -1.534718772471E+03  8.604044318222E+03  1.853304861638E+05 -4.483573539944E-02 -4.882812500000E-04   1   5
  3.554147150075E-04 -2.126847605731E-04  2.729574652527E-05 -6.053786504595E+03 -2.240402667773E+03 -1.186567707895E+04 -4.191738829615E-02 -4.882812500000E-04   1   5
  5.093836386351E-04  1.897818864810E-04 -2.532471889882E-05 -8.449177343360E+03  1.711710867215E+03  1.034481506839E+04 -4.209507636717E-02 -4.882812500000E-04   1   5
  1.482559059558E-04  7.565011625372E-04 -5.327905490440E-04 -2.698113592814E+03  7.200266604451E+03  1.464961065263E+05 -4.380148184876E-02 -4.882812500000E-04   1   5
 -5.477347422062E-06  8.207825727753E-04  5.887035270820E-04  1.559888842624E+02  7.742432299437E+03 -2.540542267147E+05 -4.002012927663E-02 -4.882812500000E-04   1   5
  3.734869388930E-04 -1.705627188744E-04  3.966999889111E-04 -2.721149242307E+03 -2.070846310908E+03 -1.669943733122E+05 -4.066947157543E-02 -4.882812500000E-04   1   5
  1.921824332943E-04 -9.892875325399E-05 -4.115098572497E-04 -3.982233793269E+03 -1.470706724117E+03  1.236127518390E+05 -4.339471753494E-02 -4.882812500000E-04   1   5
  3.258867774658E-04 -8.442598405170E-04 -3.305432503042E-05 -5.174997306912E+03 -8.058387043278E+03  1.388432983219E+04 -4.212118038607E-02 -4.882812500000E-04   1   5
 -4.165970226022E-04  3.295427868309E-04  4.356079240364E-04  7.802417848011E+03  3.172450689487E+03 -1.817402557591E+05 -4.053816057608E-02 -4.882812500000E-04   1   5
 -4.237224258487E-06 -9.430102696022E-04 -5.418351694657E-04  5.524024580181E+02 -9.595758878107E+03  1.501633814690E+05 -4.383194761759E-02 -4.882812500000E-04   1   5
 -4.391706050757E-04 -5.346107851604E-04  1.583408044237E-04  7.255012126373E+03 -4.538249982521E+03 -6.042969567786E+04 -4.147530432004E-02 -4.882812500000E-04   1   5
 -1.876664788957E-04  1.779048245481E-04 -4.723316647128E-04  4.009527313799E+03  1.357467791902E+03  1.332464242119E+05 -4.359857005255E-02 -4.882812500000E-04   1   5
  2.800600140205E-04 -3.590068736953E-04 -1.160291233560E-04 -4.827359886909E+03 -3.460764261371E+03  4.447634778579E+04 -4.240113535450E-02 -4.882812500000E-04   1   5
  2.695624092733E-04  4.052094917966E-05 -5.478444900615E-04 -6.135216471860E+03 -4.842631087199E+01  1.504085029642E+05 -4.385213558583E-02 -4.882812500000E-04   1   5
  3.888755666556E-04 -2.939263931129E-05 -4.734431938966E-04 -5.209974180314E+03 -3.640407276094E+01  1.341984405922E+05 -4.360232648466E-02 -4.882812500000E-04   1   5
  3.022870687644E-05  6.055430343560E-04 -6.537675780967E-04 -9.019437467994E+01  7.272156835381E+03  1.715081502433E+05 -4.420750834071E-02 -4.882812500000E-04   1   5
  4.571515183800E-04  5.172367768439E-04  8.877948212391E-04 -6.047088249084E+03  5.434750374153E+03 -3.640639511480E+05 -3.901108637752E-02 -4.882812500000E-04   1   5
  2.354543034844E-04 -1.047609784030E-03 -5.472368853099E-04 -2.554625625942E+03 -1.207146657952E+04  1.481152139798E+05 -4.384960936660E-02 -4.882812500000E-04   1   5
 -3.820635513433E-04 -5.250022004919E-04  6.683700563608E-04  5.232815053113E+03 -5.599788501660E+03 -2.875960368439E+05 -3.975093029992E-02 -4.882812500000E-04   1   5
  2.084909031088E-04 -1.194669144560E-03 -3.718882725596E-04 -2.393796724333E+03 -1.391309132744E+04  1.159241249622E+05 -4.326137960262E-02 -4.882812500000E-04   1   5
  3.824137917398E-04  3.634399388787E-05  6.556009683372E-04 -5.558380584613E+03  4.246251728241E+02 -2.820572688005E+05 -3.979415252428E-02 -4.882812500000E-04   1   5
  2.815899167925E-04  2.271343201139E-04  4.866963905055E-04 -4.378138148493E+03  2.532418991485E+03 -2.140193675792E+05 -4.036454063066E-02 -4.882812500000E-04   1   5
 -1.325703391941E-04  3.403709765732E-04 -1.247015674801E-04  4.014345348057E+03  1.606666939282E+03  4.750500321468E+04 -4.243038079031E-02 -4.882812500000E-04   1   5
  6.096483150351E-04 -5.239177663947E-04  8.300512160695E-04 -6.334894429238E+03 -5.961617718438E+03 -3.389474850781E+05 -3.920617818964E-02 -4.882812500000E-04   1   5
  6.782371387107E-04  7.781531684516E-05  5.514385044121E-04 -6.675308182094E+03  8.741679528867E+02 -2.384645805875E+05 -4.014588595127E-02 -4.882812500000E-04   1   5
  2.953212016509E-06  8.679809786074E-04  5.644803529683E-04  5.634789945654E+02  8.623838184315E+03 -2.476762435341E+05 -4.010155559032E-02 -4.882812500000E-04   1   5
 -2.967846270025E-04  4.860119876379E-04 -1.891601973014E-05  4.840274950972E+03  4.739285714044E+03  5.839132145837E+03 -4.207330306062E-02 -4.882812500000E-04   1   5
 -5.624743011476E-04 -3.133932146689E-04  3.979780235746E-04  7.939443186219E+03 -3.010803291346E+03 -1.664342911478E+05 -4.066518924492E-02 -4.882812500000E-04   1   5
  2.312303583905E-04 -5.935578316949E-04  3.223246416484E-05 -2.766475446372E+03 -6.286607344275E+03 -1.387187416694E+04 -4.190069251079E-02 -4.882812500000E-04   1   5
  5.744618512768E-04  1.751181019747E-04 -6.599198389321E-04 -7.320513784221E+03  1.686820542115E+03  1.723025734467E+05 -4.422805799279E-02 -4.882812500000E-04   1   5
  1.040092464425E-04 -1.244864427687E-03  6.927624983675E-04 -8.617128109830E+02 -1.454204014786E+04 -2.943560865699E+05 -3.966853746020E-02 -4.882812500000E-04   1   5
 -5.237215954294E-04 -5.000981049893E-04  2.764977129375E-04  8.262326949397E+03 -5.148264552419E+03 -1.163338774741E+05 -4.107547838398E-02 -4.882812500000E-04   1   5
 -5.859436431293E-04 -6.040847185900E-05 -6.867921589437E-05  7.416361089196E+03 -7.683988796072E+02  1.768941586765E+04 -4.224041317049E-02 -4.882812500000E-04   1   5
  1.155713785664E-04 -7.281078769931E-04  3.636756465599E-04 -1.584191672092E+03 -6.947266568753E+03 -1.546037076242E+05 -4.078089347679E-02 -4.882812500000E-04   1   5
 -3.000582463980E-04 -9.303355548795E-06 -2.144832412443E-04  4.869988647588E+03 -2.141753696536E+01  7.007882529032E+04 -4.273213987826E-02 -4.882812500000E-04   1   5
  1.328279594135E-04 -6.457336164613E-04 -8.003551550619E-04 -1.630575634271E+03 -6.872326826701E+03  1.888674750347E+05 -4.469824535937E-02 -4.882812500000E-04   1   5
 -6.196863713987E-04 -4.093508781912E-04  1.452464499372E-04  8.486905191266E+03 -4.190581195082E+03 -5.486171751377E+04 -4.151946313722E-02 -4.882812500000E-04   1   5
  5.896500813776E-04  6.033481078263E-04  3.936963442901E-04 -7.810423375526E+03  6.087647161028E+03 -1.645376243744E+05 -4.067959506821E-02 -4.882812500000E-04   1   5
 -2.781980774594E-04  6.182370432799E-04 -3.710235392811E-04  3.336971551822E+03  6.520349042606E+03  1.158080590915E+05 -4.325879630613E-02 -4.882812500000E-04   1   5
 -4.192959536983E-04 -5.038128471224E-05  6.450260032933E-04  6.067104091317E+03 -6.518373168696E+02 -2.753867384444E+05 -3.983009345145E-02 -4.882812500000E-04   1   5
  5.047162601162E-04 -3.991744219141E-04  2.263207145901E-04 -8.133901662443E+03 -3.991741254036E+03 -9.833922803689E+04 -4.124470834379E-02 -4.882812500000E-04   1   5
  5.282411415326E-04  8.001926453257E-04  8.936029007627E-04 -4.864086730912E+03  9.606960859933E+03 -3.611993318670E+05 -3.899179877708E-02 -4.882812500000E-04   1   5
  8.324563660914E-04  1.705439567597E-04  6.680947608126E-04 -8.951135092451E+03  1.729181657980E+03 -2.860505626288E+05 -3.975176768758E-02 -4.882812500000E-04   1   5
 -4.145429688622E-04 -1.465430755073E-04  4.392020896622E-04  6.084544912960E+03 -1.750772887455E+03 -1.853711705285E+05 -4.052583542939E-02 -4.882812500000E-04   1   5
  2.427419238400E-04  1.154567980086E-03  8.281020549690E-04 -2.627500320628E+03  1.307058723335E+04 -3.390199452982E+05 -3.921255838180E-02 -4.882812500000E-04   1   5
  4.386153592149E-04 -4.012265797883E-04  5.277897681235E-04 -6.151107572784E+03 -3.651717336078E+03 -2.315168776755E+05 -4.022561614472E-02 -4.882812500000E-04   1   5
 -6.876203337919E-04 -5.615320240169E-04 -2.000499847528E-04  6.958027087467E+03 -6.466683438898E+03  6.856683379437E+04 -4.268354445703E-02 -4.882812500000E-04   1   5
  1.384954906651E-04 -4.423686181637E-04  2.780635782544E-04 -2.882121420517E+03 -3.558867273003E+03 -1.199978118759E+05 -4.107003989373E-02 -4.882812500000E-04   1   5
 -4.454824195700E-05 -7.000430641534E-04 -8.938068588573E-04  2.378228530954E+02 -8.484504143662E+03  1.891241697965E+05 -4.500997310319E-02 -4.882812500000E-04   1   5
 -3.437903750844E-04  9.113459173478E-04 -1.792737710415E-05  4.736542348436E+03  8.802759453127E+03  9.557277612351E+03 -4.207025680816E-02 -4.882812500000E-04   1   5
 -6.617325606346E-04 -1.503422917989E-04  6.111836573468E-04  8.533113627960E+03 -1.863168544317E+03 -2.602606957988E+05 -3.994439088623E-02 -4.882812500000E-04   1   5
 -2.506967847844E-04 -3.894270370829E-04  4.477249743642E-04  3.053877676577E+03 -3.936240764132E+03 -1.880207674688E+05 -4.049716663575E-02 -4.882812500000E-04   1   5
  2.173150061939E-04  1.252912063912E-03  6.396599768632E-04 -2.627951366454E+03  1.415634343001E+04 -2.721553908410E+05 -3.984796754510E-02 -4.882812500000E-04   1   5
 -8.558114527853E-05  1.586427232889E-03  5.067973667330E-04  9.321934737407E+02  1.814280741659E+04 -2.178845673667E+05 -4.029644349926E-02 -4.882812500000E-04   1   5
 -8.539858673391E-05  6.380806121584E-04 -5.120906608158E-05  1.471170105611E+03  6.063710613213E+03  1.230549438490E+04 -4.218169434215E-02 -4.882812500000E-04   1   5
  6.674359680892E-04  7.389348129487E-04  5.312870014762E-04 -7.645219526289E+03  8.441637877120E+03 -2.310156235844E+05 -4.021374010815E-02 -4.882812500000E-04   1   5
  2.206968296245E-04 -2.254595326303E-04 -1.925273891237E-04 -4.022707433090E+03 -1.888285050555E+03  6.661880482115E+04 -4.265856190032E-02 -4.882812500000E-04   1   5
 -4.302793759129E-04 -4.229045196068E-04  2.484585536215E-04  7.101587778759E+03 -4.326090409661E+03 -1.098913363807E+05 -4.116972553585E-02 -4.882812500000E-04   1   5
  2.546777389662E-04 -2.783843365417E-04 -9.518452971902E-04 -1.488303959432E+03 -3.908485037359E+03  2.248478920316E+05 -4.520714483558E-02 -4.882812500000E-04   1   5
 -2.252576428422E-04 -7.973330301441E-04  5.494763393865E-04  3.433754074287E+03 -8.493805773816E+03 -2.397871001695E+05 -4.015238206681E-02 -4.882812500000E-04   1   5
  1.444665197969E-04  5.527589013278E-04  5.510500940709E-05 -2.075859876997E+03  4.401970549024E+03 -2.493711427495E+04 -4.182333921435E-02 -4.882812500000E-04   1   5
  6.697498045020E-04 -9.327323047726E-04  4.549847520414E-04 -7.848241875725E+03 -1.053840683577E+04 -1.898075015735E+05 -4.047236906538E-02 -4.882812500000E-04   1   5
 -2.778665645900E-04 -1.147808581803E-03  3.793649052231E-06  4.024030620603E+03 -1.199110476967E+04  1.447862432502E+03 -4.199687489420E-02 -4.882812500000E-04   1   5
 -7.593956572920E-05 -5.407546937595E-04  4.246284829705E-04  2.701191959069E+03 -4.165843881630E+03 -1.765522588751E+05 -4.057538187244E-02 -4.882812500000E-04   1   5
 -6.523258686692E-04  1.281403972974E-05  2.972928497562E-04  8.889859939751E+03 -4.249860397339E-01 -1.245306560461E+05 -4.100526275845E-02 -4.882812500000E-04   1   5
 -6.906922054281E-04  2.381913441832E-05  7.695959929299E-04  7.670583064472E+03  4.883104211805E+02 -3.247432963595E+05 -3.940933605034E-02 -4.882812500000E-04   1   5
  1.995837833361E-04  9.457960151341E-05 -4.923463797855E-04 -3.029499618582E+03  4.481042198001E+02  1.348052840924E+05 -4.366550116843E-02 -4.882812500000E-04   1   5
 -4.062851503188E-04  2.395952327535E-04  8.575628939989E-04  5.828960635937E+03  2.450643857059E+03 -3.491235599566E+05 -3.911353820395E-02 -4.882812500000E-04   1   5
  2.394663150245E-04 -6.692192898356E-04 -4.237837677790E-04 -3.830310084482E+03 -6.907047773694E+03  1.268795003952E+05 -4.343589489179E-02 -4.882812500000E-04   1   5
  3.698710753278E-06  8.203388167861E-04  3.143506375072E-04  1.453135382960E+02  8.011511542286E+03 -1.321595774438E+05 -4.094767839958E-02 -4.882812500000E-04   1   5
  5.702790607433E-05  5.070166591788E-04  1.610349912782E-04 -1.553428481849E+03  3.879524281866E+03 -5.889490350099E+04 -4.146657216615E-02 -4.882812500000E-04   1   5
 -5.708764237097E-05  7.120313801848E-04 -5.279187743601E-05  1.519428361971E+03  5.645299160894E+03  1.843482284166E+04 -4.218758221998E-02 -4.882812500000E-04   1   5
 -3.550978949965E-04  1.166150870975E-04 -2.431036891726E-05  7.374404377699E+03  7.457856491585E+02  1.002313644722E+04 -4.209171321482E-02 -4.882812500000E-04   1   5
  9.979049992457E-05 -1.720058097785E-04 -5.204946185464E-04 -3.683735148740E+03 -2.488531726855E+02  1.373297575588E+05 -4.375963523991E-02 -4.882812500000E-04   1   5
 -4.004723718739E-04  6.499896116235E-05  2.866635821228E-04  6.559195302538E+03  9.266595880421E+02 -1.219056821898E+05 -4.104111048610E-02 -4.882812500000E-04   1   5
 -3.629191332858E-04  1.586912838911E-04 -2.803935173719E-04  3.476653553818E+03  1.746895038599E+03  9.137530220819E+04 -4.295409187411E-02 -4.882812500000E-04   1   5
 -2.375312372930E-04 -9.333798065731E-04  2.959643018505E-04  3.788106875352E+03 -8.901143331986E+03 -1.218590316269E+05 -4.100999444185E-02 -4.882812500000E-04   1   5
  1.807099392053E-04  7.012265674042E-05  6.572221125585E-04 -2.280333347308E+03  8.257234939725E+02 -2.889129987534E+05 -3.978810405965E-02 -4.882812500000E-04   1   5
  5.158754531597E-04 -9.594224721404E-04  3.486353050408E-04 -5.981143619322E+03 -1.081557348515E+04 -1.468568154119E+05 -4.083156755537E-02 -4.882812500000E-04   1   5
  4.341686837474E-04  1.067905603672E-03  1.198262398614E-04 -5.680881608197E+03  1.083805754082E+04 -4.654213403705E+04 -4.160500293068E-02 -4.882812500000E-04   1   5
 -1.547182079668E-04 -4.679359163278E-04  6.182895445628E-06  2.801084228380E+03 -3.443533595117E+03 -1.508450829804E+03 -4.198888609782E-02 -4.882812500000E-04   1   5
  1.405865572326E-04  6.445182683197E-04  9.203820493666E-04 -1.764294740760E+03  6.924241024744E+03 -3.720127812391E+05 -3.890161699630E-02 -4.882812500000E-04   1   5
 -3.553384398909E-04 -9.141259974556E-04 -1.309941325960E-04  5.090501397219E+03 -8.750584410200E+03  5.034616435900E+04 -4.245149903692E-02 -4.882812500000E-04   1   5
  2.757330600548E-04  6.332401461535E-04  7.724305811685E-05 -5.056866292440E+03  5.147787069069E+03 -2.960650590396E+04 -4.174897144798E-02 -4.882812500000E-04   1   5
 -2.635395185691E-04 -3.889575169871E-05 -5.638883477463E-04  4.206272010530E+03 -8.020952829345E+01  1.574683236145E+05 -4.390637326592E-02 -4.882812500000E-04   1   5
  4.405177139922E-04  2.521660075671E-04  1.144677365128E-04 -6.431781588964E+03  2.223504273045E+03 -4.501872782343E+04 -4.162324419624E-02 -4.882812500000E-04   1   5
 -2.428637348150E-05  1.168285032299E-05  2.452030031697E-04 -1.370081350242E+03  2.429992017896E+02 -1.172689807183E+05 -4.117997062389E-02 -4.882812500000E-04   1   5
 -1.191202096060E-05 -1.050304603088E-03 -7.405920487045E-04  3.684366862597E+02 -1.218471063011E+04  1.796901568240E+05 -4.449776296100E-02 -4.882812500000E-04   1   5
 -4.105871911976E-04 -6.399493894289E-04 -6.740866409984E-04  4.304767363296E+03 -7.407949007278E+03  1.698370854357E+05 -4.427504330901E-02 -4.882812500000E-04   1   5
  5.653780627158E-04 -4.374713056952E-04  2.570541830469E-04 -9.069338224290E+03 -4.039183338762E+03 -1.076819254029E+05 -4.114120770178E-02 -4.882812500000E-04   1   5
  4.275598625835E-04  2.650345840323E-04  1.698952863032E-04 -8.255070081192E+03  2.006563051217E+03 -6.563771793136E+04 -4.143625725694E-02 -4.882812500000E-04   1   5
  3.029465379644E-04  1.139718995172E-03 -1.628323481864E-04 -3.000605865488E+03  1.288908361139E+04  6.244079389482E+04 -4.255872168709E-02 -4.882812500000E-04   1   5
  4.989049736194E-05  5.529764233590E-04 -3.962414509111E-04 -7.375258084236E+02  5.064921061593E+03  1.209386227739E+05 -4.334350039289E-02 -4.882812500000E-04   1   5
 -2.253167053102E-04  7.981372302948E-04 -4.004451223127E-05  3.851010365002E+03  7.864232939651E+03  1.331243035213E+04 -4.214447535766E-02 -4.882812500000E-04   1   5
 -4.026178494487E-04  1.985628070652E-04  7.791055767403E-05  8.943834271939E+03  1.704863605400E+03 -2.860628076336E+04 -4.174681064051E-02 -4.882812500000E-04   1   5
 -2.694964274961E-04  4.461635700903E-04 -3.393766084490E-04  4.148999745215E+03  3.822886872056E+03  1.058081093049E+05 -4.315229502881E-02 -4.882812500000E-04   1   5
  1.463963887535E-04 -2.634870094365E-04  1.081680232139E-03 -2.583978607355E+03 -3.063359118358E+03 -4.058177833796E+05 -3.836011999507E-02 -4.882812500000E-04   1   5
 -2.786980003916E-04  7.484349525091E-04 -3.733591671540E-05  5.091305607862E+03  6.601532981831E+03  1.579130966555E+04 -4.213570030071E-02 -4.882812500000E-04   1   5
 -1.814179430940E-04  3.083499505156E-04  3.243893260141E-05  4.891784302631E+03  1.516667539508E+03 -1.400923487619E+04 -4.190003665676E-02 -4.882812500000E-04   1   5
  2.740978237085E-04  8.165751418209E-04  7.416714698258E-04 -2.924072912301E+03  9.573799888246E+03 -3.140252823113E+05 -3.950359673536E-02 -4.882812500000E-04   1   5
  5.139007272250E-05 -3.319631392476E-04  4.702392419809E-04  2.380430459084E+02 -4.342904841936E+03 -2.068422842661E+05 -4.042017030697E-02 -4.882812500000E-04   1   5
 -2.416705029619E-04 -1.005042913603E-03 -6.945204478432E-04  1.664764081519E+03 -1.306115985216E+04  1.694995783376E+05 -4.434293592596E-02 -4.882812500000E-04   1   5
  3.592702590067E-04  1.825850308790E-04  3.339438480923E-04 -5.260635965358E+03  1.577233910914E+03 -1.451588795800E+05 -4.088106099515E-02 -4.882812500000E-04   1   5
 -1.002523607526E-04  4.669707260429E-04 -7.735949996095E-04  1.428555032411E+03  5.278929755181E+03  1.818484326312E+05 -4.460832635279E-02 -4.882812500000E-04   1   5
  7.034085961723E-04 -4.284766233715E-04  1.037004199868E-03 -6.426512017661E+03 -5.313068455781E+03 -3.933898286913E+05 -3.851011769915E-02 -4.882812500000E-04   1   5
  3.016839151055E-04 -8.326978926193E-04 -7.341025012739E-04 -2.883614548931E+03 -9.832451458584E+03  1.743632502272E+05 -4.447565008615E-02 -4.882812500000E-04   1   5
  8.827166217835E-04 -4.573196880262E-05  1.095436794540E-05 -9.898932709546E+03 -5.938838500253E+02 -3.456203840084E+03 -4.197241749302E-02 -4.882812500000E-04   1   5
 -7.634947885741E-05  5.500909282118E-04 -4.859008035583E-04  1.198288584132E+03  5.404880537144E+03  1.348273287470E+05 -4.364396387409E-02 -4.882812500000E-04   1   5
  3.416588989643E-04  6.118598554098E-04 -2.202959867996E-04 -6.089364334378E+03  5.168887331699E+03  8.042427397323E+04 -4.275247910282E-02 -4.882812500000E-04   1   5
 -3.495461553290E-04 -9.215874958241E-04  5.747728437779E-04  3.592061069930E+03 -1.043265704854E+04 -2.513807543189E+05 -4.006669236910E-02 -4.882812500000E-04   1   5
  3.664887727800E-04 -5.982714423089E-04 -2.897265987953E-04 -2.848403395561E+03 -7.559572035997E+03  9.677545968399E+04 -4.298562143641E-02 -4.882812500000E-04   1   5
  4.952130506667E-04 -4.371737272261E-04  2.206674922827E-04 -8.110477441800E+03 -4.288929859580E+03 -9.349915630931E+04 -4.126405130348E-02 -4.882812500000E-04   1   5
 -3.797335439562E-04 -2.383560477765E-04  3.720075343867E-04  8.046500907479E+03 -2.224716882376E+03 -1.559768335518E+05 -4.075294360113E-02 -4.882812500000E-04   1   5
 -1.484247521701E-04 -9.660175707680E-04  4.293821366190E-04  2.245818933468E+03 -9.468294710272E+03 -1.788459027784E+05 -4.055916396955E-02 -4.882812500000E-04   1   5
 -1.255285214899E-04 -4.886595883702E-04 -5.934301833352E-04  1.886713584701E+03 -5.198391109610E+03  1.671221038306E+05 -4.400584579700E-02 -4.882812500000E-04   1   5
  4.263878625284E-04 -6.415273886291E-04 -3.274814781509E-04 -6.397980851945E+03 -5.987088501877E+03  1.050157379758E+05 -4.311244139621E-02 -4.882812500000E-04   1   5
  2.707878652166E-04  2.304348407087E-04  2.095610200614E-04 -4.688161474215E+03  1.651387983462E+03 -9.201420255972E+04 -4.130136840216E-02 -4.882812500000E-04   1   5
  2.684406381083E-04  3.224878532323E-04  5.796617381895E-04 -4.410709973391E+03  2.644414173509E+03 -2.518906514879E+05 -4.005057218998E-02 -4.882812500000E-04   1   5
  5.346153102379E-04  1.825276247558E-05 -9.918793700492E-05 -7.768158101766E+03 -5.072286011939E+00  3.357601500386E+04 -4.234379665728E-02 -4.882812500000E-04   1   5
 -1.839907189675E-05 -7.550591144353E-04  4.169258805049E-04  8.786832232215E+02 -6.899500581577E+03 -1.733160098698E+05 -4.060136523697E-02 -4.882812500000E-04   1   5
  7.338177559969E-04 -3.501392321785E-04  4.363888325247E-04 -9.249795457539E+03 -3.649430432366E+03 -1.813224542353E+05 -4.053542714380E-02 -4.882812500000E-04   1   5
 -4.748631479918E-04 -6.189353001344E-04  9.078412296137E-04  4.284557524024E+03 -7.383146777748E+03 -3.653478697143E+05 -3.894399019422E-02 -4.882812500000E-04   1   5
 -2.108820371240E-04 -8.855943390892E-04 -1.482052307744E-05  3.930892039831E+03 -8.446383679882E+03  7.346731248170E+03 -4.205971721291E-02 -4.882812500000E-04   1   5
 -4.454260715475E-04 -2.381019631307E-04 -1.697865481176E-04  8.349094356830E+03 -1.917147176975E+03  6.358374608474E+04 -4.258230332024E-02 -4.882812500000E-04   1   5
 -3.351558154384E-04 -5.965419006258E-04 -8.781310632069E-04  3.628114002977E+03 -6.921306084877E+03  1.925239890688E+05 -4.495800975146E-02 -4.882812500000E-04   1   5
 -6.840963828661E-05 -8.620117814773E-04  1.892353632644E-04  1.473299503691E+03 -7.603075384928E+03 -7.478966054118E+04 -4.137083084927E-02 -4.882812500000E-04   1   5
  3.997406944216E-04 -4.704056923895E-04 -2.392035628309E-04 -5.578213178364E+03 -4.450612146587E+03  8.065544484961E+04 -4.281558450561E-02 -4.882812500000E-04   1   5
 -2.430237762288E-04 -7.503888097050E-04 -6.227674653962E-04  3.603272469295E+03 -7.346431599922E+03  1.706882997821E+05 -4.410399600356E-02 -4.882812500000E-04   1   5
  2.135355282380E-04 -3.712199081522E-05  1.702099288208E-04 -2.849154632935E+03 -2.828370805720E+02 -6.199904564364E+04 -4.143566975894E-02 -4.882812500000E-04   1   5
  3.809529371267E-04 -3.267966786623E-04 -4.036529447404E-04 -7.076410208425E+03 -2.782073298443E+03  1.216503233071E+05 -4.336824483594E-02 -4.882812500000E-04   1   5
 -9.867613137586E-05 -7.875453107547E-04 -1.118067307238E-04  1.331918499300E+03 -6.297074459201E+03  4.098379243913E+04 -4.238667970378E-02 -4.882812500000E-04   1   5
 -5.259999596418E-05  9.527614862619E-04  1.032374710226E-04  1.116449871331E+03  9.531414804996E+03 -4.205346697363E+04 -4.166093535794E-02 -4.882812500000E-04   1   5
 -2.389136116393E-04 -3.983528268137E-04 -1.749319156983E-04  1.166172911128E+03 -5.366672475269E+03  6.861130753527E+04 -4.259997453889E-02 -4.882812500000E-04   1   5
  5.867138849816E-05 -7.393150294645E-04  2.640645194905E-04 -3.834929221663E+02 -7.684316398510E+03 -1.189772126274E+05 -4.111676805637E-02 -4.882812500000E-04   1   5
  7.453708494442E-05 -5.454072757095E-06 -5.591173981447E-04 -4.085729358525E+02 -1.544279562945E+03  1.544221569239E+05 -4.389017077835E-02 -4.882812500000E-04   1   5
 -4.666595825870E-04  8.699532085119E-04  6.291853900229E-04  5.759382056279E+03  9.584358398879E+03 -2.672698799898E+05 -3.988355384678E-02 -4.882812500000E-04   1   5
 -1.524996552256E-04 -1.073957381492E-04 -5.488246487708E-04  4.672018045314E+03 -1.090658223576E+02  1.506673010279E+05 -4.385544794186E-02 -4.882812500000E-04   1   5
 -5.091096266549E-04  6.141431535421E-04  3.003261791859E-04  6.899726988057E+03  6.326716981069E+03 -1.258947965273E+05 -4.099501064735E-02 -4.882812500000E-04   1   5
  8.122955005132E-05  2.064955800251E-04  8.189767540057E-04 -4.709776812890E+02  2.626413803148E+03 -3.373259227625E+05 -3.924354277114E-02 -4.882812500000E-04   1   5
 -3.130280712446E-04 -5.545478868806E-04 -2.600194612545E-04  6.598788952290E+03 -4.911813811789E+03  9.146933094086E+04 -4.288609327760E-02 -4.882812500000E-04   1   5
  4.630607264487E-04  5.819354186931E-04  7.224288253997E-04 -5.815236446167E+03  6.115610290327E+03 -3.060709536180E+05 -3.956865998952E-02 -4.882812500000E-04   1   5
  2.738339928346E-04  1.172610193825E-03 -4.668053428494E-04 -3.200631650895E+03  1.321180728111E+04  1.381362763586E+05 -4.358024415293E-02 -4.882812500000E-04   1   5
  1.912312749335E-05  1.202016396613E-03  8.154539659146E-04 -3.709267912759E+00  1.484149558702E+04 -3.359994954303E+05 -3.925494055652E-02 -4.882812500000E-04   1   5
 -2.058096797669E-05  1.096273721951E-03  9.701475276280E-05  4.671661727672E+02  1.209620577636E+04 -3.973605622453E+04 -4.168180264875E-02 -4.882812500000E-04   1   5
  5.492711489562E-04  1.108789149466E-03  1.130000327239E-04 -6.922437512322E+03  1.174929950486E+04 -4.407655037917E+04 -4.162791829722E-02 -4.882812500000E-04   1   5
  1.224233169158E-04 -3.525432936342E-04  2.043445969957E-04 -3.552038779153E+03 -2.657595397491E+03 -8.502616789043E+04 -4.131947907975E-02 -4.882812500000E-04   1   5
 -5.313214706156E-04 -6.787477821450E-04  1.147416638505E-04  6.720799193536E+03 -7.121709636685E+03 -4.557293613762E+04 -4.162214167965E-02 -4.882812500000E-04   1   5
 -8.580883484525E-05  9.060732524949E-04 -2.846145257114E-04  1.454417841991E+03  9.018041664583E+03  9.403875481533E+04 -4.296835424236E-02 -4.882812500000E-04   1   5
 -2.749865071292E-04  1.338873942328E-04  4.165972052990E-04  5.083173901780E+03  1.462758747302E+03 -1.746174638671E+05 -4.060237314084E-02 -4.882812500000E-04   1   5
 -2.370179259500E-04  7.439617131153E-04 -3.354884497009E-05  3.745838095050E+03  6.174966506479E+03  1.454421934751E+04 -4.212296523213E-02 -4.882812500000E-04   1   5
 -2.485523503642E-04 -7.027148873293E-04 -8.577307832991E-05  4.501244099347E+03 -6.162305597501E+03  2.762418861192E+04 -4.229848730186E-02 -4.882812500000E-04   1   5
 -3.551126130166E-04 -7.694599484180E-04  2.119823270452E-04  6.504265623532E+03 -7.205418311894E+03 -8.669510889153E+04 -4.129369801300E-02 -4.882812500000E-04   1   5
  7.813796413800E-04  5.873328236759E-04 -4.344375101542E-04 -8.655944099950E+03  6.610840367445E+03  1.303276202538E+05 -4.347149111162E-02 -4.882812500000E-04   1   5
 -3.625532005031E-05 -1.215075616653E-03 -5.128777350771E-04  4.023267692942E+02 -1.385996433550E+04  1.394366229158E+05 -4.373406933961E-02 -4.882812500000E-04   1   5
  4.731586090096E-04  8.134197164249E-04 -6.710214736549E-05 -5.236098323469E+03  8.866288308579E+03  1.894493999458E+04 -4.223517427604E-02 -4.882812500000E-04   1   5
 -2.297133514681E-04  1.010604965077E-03 -3.088010504189E-04  2.541846103914E+03  1.098689799586E+04  9.761902156992E+04 -4.304928400259E-02 -4.882812500000E-04   1   5
 -1.902313790953E-04 -6.859847769368E-04  2.757705773944E-04  1.885185765107E+03 -7.888331628439E+03 -1.215905056960E+05 -4.107741778633E-02 -4.882812500000E-04   1   5
  1.092255034606E-04  9.952261326891E-05 -2.231706285327E-05 -4.684243457645E+02  1.002135663700E+03  9.018193869077E+03 -4.208504139357E-02 -4.882812500000E-04   1   5
  7.318939571907E-05  1.190488405524E-04 -1.066526583136E-04 -2.629247617657E+03  9.881774437773E+02  3.799809008469E+04 -4.236926398953E-02 -4.882812500000E-04   1   5
  1.966917728964E-04  8.343297016547E-04 -6.009955305801E-04 -2.534909300733E+03  8.562775944225E+03  1.669712254410E+05 -4.403097077952E-02 -4.882812500000E-04   1   5
  3.829473665884E-04  1.511189709967E-04 -6.907838762991E-04 -2.229894675541E+03  2.144136361187E+03  1.703258029682E+05 -4.433088386614E-02 -4.882812500000E-04   1   5
  2.835088673086E-05 -8.723994380664E-04  4.892273218100E-04 -2.332945165220E+02 -8.332781015881E+03 -2.108119909045E+05 -4.035634382561E-02 -4.882812500000E-04   1   5
  2.785237415846E-04 -9.512437596928E-05 -4.948334500177E-04 -4.819672995203E+03 -3.656057957038E+02  1.342900907233E+05 -4.367372495478E-02 -4.882812500000E-04   1   5
  2.561887819237E-04 -8.660338951590E-05 -5.363098287181E-05 -7.587299840779E+03 -3.377043074628E+02  1.790859245274E+04 -4.219030448885E-02 -4.882812500000E-04   1   5
  5.521431740446E-04 -1.173891757214E-03  5.424978802508E-04 -5.743785890708E+03 -1.315162079244E+04 -2.355248275669E+05 -4.017574225145E-02 -4.882812500000E-04   1   5
  5.227918217848E-04 -7.520141378522E-04 -1.952273525279E-04 -5.051540337634E+03 -8.784938598104E+03  6.576089102250E+04 -4.266720577279E-02 -4.882812500000E-04   1   5
  2.043474762859E-04 -1.190643251376E-03  7.815173855747E-04 -2.233883186623E+03 -1.423113827289E+04 -3.289222439700E+05 -3.936891604112E-02 -4.882812500000E-04   1   5
 -2.605757250445E-04 -4.168025172055E-04  8.384094704237E-04  3.723311832736E+03 -4.543178165024E+03 -3.426819605609E+05 -3.917811290318E-02 -4.882812500000E-04   1   5
 -1.012881427144E-04 -4.151900390030E-04  2.061643756097E-04  2.084157792137E+03 -4.193420522423E+03 -8.864529312855E+04 -4.131304329080E-02 -4.882812500000E-04   1   5
 -7.971686944905E-05  7.867805115038E-04 -5.846135054854E-04  1.270886662737E+03  8.739859931144E+03  1.652783211483E+05 -4.397615474579E-02 -4.882812500000E-04   1   5
 -1.462834529247E-04  8.620402198001E-04 -2.121108241340E-04  1.351387715237E+03  9.568750541932E+03  7.038299419855E+04 -4.272410225509E-02 -4.882812500000E-04   1   5
 -4.796204199214E-04 -8.212228700660E-05  1.101710092890E-03  2.742714486281E+03 -1.153254316611E+03 -3.917511917103E+05 -3.829459998308E-02 -4.882812500000E-04   1   5
 -2.016578029921E-04  8.990764605417E-04 -7.795066850407E-04  2.344353144935E+03  1.053042185530E+04  1.888808178176E+05 -4.462853838088E-02 -4.882812500000E-04   1   5
 -5.323493590141E-04 -1.053539891769E-04  1.506355815222E-04  9.752191657106E+03 -9.204853220633E+02 -5.724254889439E+04 -4.150130368042E-02 -4.882812500000E-04   1   5
  4.388180708539E-04 -4.902790067629E-05  9.227751811267E-04 -3.590355752424E+03 -8.110294635249E+02 -3.730564955037E+05 -3.889351229874E-02 -4.882812500000E-04   1   5
  2.512609692328E-04 -5.303407313199E-04 -2.979555833440E-04 -3.625562226275E+03 -5.290103522682E+03  9.531532201307E+04 -4.301306170291E-02 -4.882812500000E-04   1   5
  3.148320736678E-04  8.548304512899E-04  7.253913415974E-04 -3.158830755817E+03  9.605095117210E+03 -3.074455865701E+05 -3.955857189679E-02 -4.882812500000E-04   1   5
  1.948935742741E-04  9.075977508550E-04 -6.186565136872E-04 -2.547561986424E+03  9.551336162870E+03  1.678740800138E+05 -4.408994076850E-02 -4.882812500000E-04   1   5
 -2.452538033767E-04 -1.639732787895E-04  2.187011416528E-04  5.115449276160E+03 -1.027158595153E+03 -1.001733680476E+05 -4.127006147618E-02 -4.882812500000E-04   1   5
  5.619899882089E-04  7.042273413337E-04  3.894974491669E-05 -7.818150909083E+03  7.010248641816E+03 -1.261588788190E+04 -4.187826191311E-02 -4.882812500000E-04   1   5
  5.929834763771E-04  2.531015535680E-04  6.508467655637E-04 -6.172982260096E+03  2.998087087285E+03 -2.818143842783E+05 -3.980990318758E-02 -4.882812500000E-04   1   5
  2.928761697086E-04  4.407675556185E-05 -6.314958509905E-04 -4.191978435436E+03  5.838139717834E+02  1.715238271966E+05 -4.413328368604E-02 -4.882812500000E-04   1   5
  1.399426659116E-04  4.204808301894E-04 -3.118571552405E-04 -1.724135188179E+03  4.130094305760E+03  1.008042278267E+05 -4.306001988468E-02 -4.882812500000E-04   1   5
 -5.898194761312E-05  7.993011136927E-04  4.217302314504E-04  6.237123226409E+02  7.826198420623E+03 -1.775108033626E+05 -4.058488839515E-02 -4.882812500000E-04   1   5
 -3.140268065162E-04  5.090940696822E-04 -8.365363113549E-06  5.364529661570E+03  4.078304047747E+03  4.463495457448E+03 -4.203796754958E-02 -4.882812500000E-04   1   5
 -2.086584586664E-05  4.494522266766E-04 -2.397048133584E-05  5.421540496631E+02  4.331753259265E+03  8.471420324534E+03 -4.209047884165E-02 -4.882812500000E-04   1   5
 -3.170997059161E-04  1.921848777643E-04 -3.174469930511E-04  4.627829215982E+03  1.707445236008E+03  1.022873146168E+05 -4.307880015267E-02 -4.882812500000E-04   1   5
 -3.213463240320E-04 -8.816106922453E-04  5.255116895349E-04  2.955688773630E+03 -1.032070210967E+04 -2.313181978402E+05 -4.023306554403E-02 -4.882812500000E-04   1   5
 -1.426433751928E-04 -7.026163599273E-04 -1.332899276458E-04  3.080830736773E+03 -6.251719908769E+03  5.243941307745E+04 -4.245948175903E-02 -4.882812500000E-04   1   5
  2.636848864833E-04  1.386307660670E-04 -1.293414979902E-04 -6.069882154034E+03  6.255214108588E+02  5.257722825996E+04 -4.244635041789E-02 -4.882812500000E-04   1   5
  6.804526629938E-04  1.750752614221E-04 -3.889318392032E-04 -7.561021627780E+03  2.011513458370E+03  1.193874185353E+05 -4.331876671189E-02 -4.882812500000E-04   1   5
 -6.359195190400E-04 -6.422578058222E-04  3.108202790829E-04  8.232257319964E+03 -6.695492176104E+03 -1.288372001153E+05 -4.095962387890E-02 -4.882812500000E-04   1   5
  6.598671840486E-04  2.670388565879E-04 -3.739356898076E-04 -6.860467715087E+03  2.968305156470E+03  1.164385149848E+05 -4.326844796962E-02 -4.882812500000E-04   1   5
 -3.411124428129E-04  7.898442118249E-04 -1.483713188588E-04  5.334573795860E+03  7.004883538218E+03  5.837914400369E+04 -4.251031763637E-02 -4.882812500000E-04   1   5
 -4.570762798145E-04  4.106517074338E-04 -3.125286554742E-04  6.968858367806E+03  4.012243083000E+03  1.002250984530E+05 -4.306210918152E-02 -4.882812500000E-04   1   5
 -5.034218514711E-04  5.724139433725E-04 -8.847590815466E-04  4.250333699774E+03  6.863973730432E+03  1.885407106033E+05 -4.497964036790E-02 -4.882812500000E-04   1   5
 -5.650396978535E-04 -1.345511610413E-04 -4.241443672819E-04  8.640351419403E+03 -1.157258324108E+03  1.298922763191E+05 -4.343734920082E-02 -4.882812500000E-04   1   5
  1.275796590277E-04 -6.532871139715E-04  5.117705266413E-04 -1.526893180355E+03 -6.949990588763E+03 -2.237854185178E+05 -4.027985525758E-02 -4.882812500000E-04   1   5
  5.129006151716E-06 -3.607038805729E-05 -3.664707709814E-04  2.380662277597E+03  4.463627668027E+01  1.126522701296E+05 -4.324339643546E-02 -4.882812500000E-04   1   5
 -5.467543664802E-04  8.770212973093E-04  4.415760035599E-04  6.666248499993E+03  9.414997139681E+03 -1.832773986313E+05 -4.051789207781E-02 -4.882812500000E-04   1   5
  3.731233466561E-04  5.457279646636E-04 -2.947875699595E-04 -5.252508248322E+03  5.469963426386E+03  9.435803217543E+04 -4.300235795998E-02 -4.882812500000E-04   1   5
 -3.340207664093E-04  9.038206749555E-04  5.212973108042E-04  3.807839306001E+03  9.729689916747E+03 -2.253231376207E+05 -4.024777440500E-02 -4.882812500000E-04   1   5
  6.202078634386E-05 -3.033381725066E-04 -7.563918274192E-04  2.540097943382E+01 -3.688032099982E+03  1.771737275307E+05 -4.455050575012E-02 -4.882812500000E-04   1   5
  1.393516822713E-04  3.447214498064E-04 -8.929955961989E-04 -8.534391356735E+02  3.675190348415E+03  1.878522238307E+05 -4.500726429791E-02 -4.882812500000E-04   1   5
  1.202942173355E-04 -9.137833924492E-04 -2.532361905665E-04 -1.448581128520E+03 -8.849179123035E+03  8.855040354569E+04 -4.286313699780E-02 -4.882812500000E-04   1   5
 -1.159721185703E-04 -9.553124920722E-04  7.282470197094E-04  1.433837823406E+03 -1.001127891048E+04 -3.096442152998E+05 -3.954886463989E-02 -4.882812500000E-04   1   5
 -3.215802357615E-04 -8.631306044223E-04 -7.986962219237E-04  3.202006909799E+03 -1.026695190055E+04  1.887974109985E+05 -4.469252122513E-02 -4.882812500000E-04   1   5
  9.966614915389E-04 -6.487474390124E-04  6.757091432632E-04 -1.026077735695E+04 -7.546823198311E+03 -2.880591926270E+05 -3.972587332652E-02 -4.882812500000E-04   1   5
  7.167196793252E-04  1.602015617422E-04 -5.794340693936E-04 -7.447551016466E+03  1.954380836268E+03  1.616489467673E+05 -4.395839952679E-02 -4.882812500000E-04   1   5
 -5.313339894199E-04 -5.365363248937E-04 -4.633502511389E-04  6.606663600801E+03 -5.430399979228E+03  1.382822718833E+05 -4.356893272596E-02 -4.882812500000E-04   1   5
  1.773123716423E-04 -9.679010854406E-04  6.899126401214E-04 -2.742432313743E+03 -9.926071534791E+03 -2.956906774092E+05 -3.967816808964E-02 -4.882812500000E-04   1   5
  4.342493780498E-04 -1.539354072826E-04  8.942154867071E-04 -6.743388724257E+03 -1.787934993022E+03 -3.681356182508E+05 -3.898930939970E-02 -4.882812500000E-04   1   5
  2.969890918434E-04 -2.136374412357E-03 -5.725222879314E-04 -2.349582949085E+03 -2.671096473875E+04  1.563364584905E+05 -4.393341161896E-02 -4.882812500000E-04   1   5
 -4.299089815204E-05  8.255645195000E-05  4.260237352891E-04  2.599463838166E+03 -4.973700901355E+01 -1.800616057477E+05 -4.057040438534E-02 -4.882812500000E-04   1   5
 -5.207403472171E-04 -2.788583280224E-04 -4.569707564213E-04  6.690538417957E+03 -2.956233198980E+03  1.347693714928E+05 -4.354735142688E-02 -4.882812500000E-04   1   5
 -1.881956562951E-04 -8.793169689653E-04 -3.331147832972E-04  2.829556699473E+03 -8.574513436845E+03  1.048939955752E+05 -4.313122426317E-02 -4.882812500000E-04   1   5
 -6.774008280453E-04 -5.888694961862E-04  5.184841453738E-04  7.473137040888E+03 -6.587882383378E+03 -2.236589134118E+05 -4.025724649259E-02 -4.882812500000E-04   1   5
  3.807106583558E-04 -7.585390331665E-04  2.344418554758E-04 -6.270331576064E+03 -7.299341705354E+03 -9.966574818064E+04 -4.121746786637E-02 -4.882812500000E-04   1   5
  2.098281460515E-04  7.738156615642E-05 -5.913422377279E-05 -5.579307147410E+03 -3.699168544873E+01  1.602694059979E+04 -4.220852201071E-02 -4.882812500000E-04   1   5
 -8.147188863696E-04  2.732637934057E-06 -2.220184510977E-04  1.012534184040E+04  1.066443952663E+02  7.845275204054E+04 -4.275782036606E-02 -4.882812500000E-04   1   5
 -4.870319960734E-04 -2.861123299678E-04 -3.464745245048E-04  8.231372269852E+03 -2.759669928732E+03  1.098370661063E+05 -4.317629240784E-02 -4.882812500000E-04   1   5
  2.250531593645E-04 -8.609955902069E-04 -4.473554348019E-04 -2.897008682843E+03 -8.427514008894E+03  1.361696419058E+05 -4.351540453991E-02 -4.882812500000E-04   1   5
  4.963425898111E-04 -7.245599222512E-04  4.072044086048E-04 -5.327684608738E+03 -8.215932937612E+03 -1.700846287956E+05 -4.063394456958E-02 -4.882812500000E-04   1   5
  2.873268698971E-04  3.355488150415E-04  1.656585938334E-04 -6.974849362299E+03  2.270254462534E+03 -6.361093181878E+04 -4.145062361557E-02 -4.882812500000E-04   1   5
  3.167618891645E-04 -6.794408330217E-04  1.544591137386E-04 -5.577180133565E+03 -6.109721503203E+03 -5.880224604505E+04 -4.148843264871E-02 -4.882812500000E-04   1   5
  3.472043025334E-04 -1.774705835072E-04  2.084123699342E-04 -6.823639039053E+03 -1.668881038231E+03 -8.822962956736E+04 -4.130554449315E-02 -4.882812500000E-04   1   5
  4.451559866904E-05  2.601319933025E-04  1.350673374776E-04 -3.814269944769E+02  1.739330612500E+03 -5.192247498612E+04 -4.155392724687E-02 -4.882812500000E-04   1   5
  6.572224337440E-06 -1.147105726768E-04 -2.897225611633E-04  2.214514036525E+03 -1.301680738926E+03  9.468853872674E+04 -4.298559447542E-02 -4.882812500000E-04   1   5
  2.584516176849E-04  5.328445250720E-04  2.130051895997E-04 -4.503478756447E+03  5.096318299349E+03 -9.354294789106E+04 -4.128968668530E-02 -4.882812500000E-04   1   5
 -3.525627677690E-04 -5.332664445568E-04  7.313746691011E-04  5.354639318387E+03 -5.466027012449E+03 -3.103039108761E+05 -3.953844620882E-02 -4.882812500000E-04   1   5
