 -1.8055E-12  1.1205E+01 -6.5137E-03  4.6025E-01  6.5435E-02  1.0941E+00  5.5629E-02
  2.2432E-03  1.1213E+01 -6.5198E-03  4.6037E-01  6.5438E-02  1.0941E+00  5.5639E-02
  4.4865E-03  1.1220E+01 -6.5260E-03  4.6050E-01  6.5441E-02  1.0941E+00  5.5649E-02
  6.7297E-03  1.1228E+01 -6.5321E-03  4.6062E-01  6.5444E-02  1.0941E+00  5.5658E-02
  8.9730E-03  1.1235E+01 -6.5382E-03  4.6075E-01  6.5448E-02  1.0941E+00  5.5668E-02
  1.1216E-02  1.1243E+01 -6.5444E-03  4.6087E-01  6.5451E-02  1.0941E+00  5.5678E-02
  1.3459E-02  1.1250E+01 -6.5505E-03  4.6100E-01  6.5454E-02  1.0941E+00  5.5687E-02
  1.5703E-02  1.1258E+01 -6.5566E-03  4.6112E-01  6.5457E-02  1.0941E+00  5.5697E-02
  1.7946E-02  1.1265E+01 -6.5628E-03  4.6125E-01  6.5460E-02  1.0941E+00  5.5707E-02
  2.0189E-02  1.1273E+01 -6.5689E-03  4.6137E-01  6.5463E-02  1.0940E+00  5.5716E-02
  2.2432E-02  1.1280E+01 -6.5750E-03  4.6150E-01  6.5467E-02  1.0940E+00  5.5726E-02
  2.4676E-02  1.1288E+01 -6.5812E-03  4.6162E-01  6.5470E-02  1.0940E+00  5.5736E-02
  2.6919E-02  1.1295E+01 -6.5873E-03  4.6175E-01  6.5473E-02  1.0940E+00  5.5745E-02
  2.9162E-02  1.1303E+01 -6.5934E-03  4.6187E-01  6.5476E-02  1.0940E+00  5.5755E-02
  3.1405E-02  1.1310E+01 -6.5995E-03  4.6200E-01  6.5479E-02  1.0940E+00  5.5764E-02
  3.3649E-02  1.1318E+01 -6.6057E-03  4.6212E-01  6.5482E-02  1.0940E+00  5.5774E-02
  3.5892E-02  1.1325E+01 -6.6118E-03  4.6225E-01  6.5485E-02  1.0940E+00  5.5784E-02
  3.8135E-02  1.1332E+01 -6.6179E-03  4.6237E-01  6.5489E-02  1.0940E+00  5.5793E-02
  4.0378E-02  1.1340E+01 -6.6241E-03  4.6250E-01  6.5492E-02  1.0940E+00  5.5803E-02
  4.2622E-02  1.1347E+01 -6.6302E-03  4.6262E-01  6.5495E-02  1.0939E+00  5.5812E-02
  4.4865E-02  1.1355E+01 -6.6364E-03  4.6275E-01  6.5498E-02  1.0939E+00  5.5822E-02
  4.7108E-02  1.1362E+01 -6.6425E-03  4.6287E-01  6.5501E-02  1.0939E+00  5.5831E-02
  4.9351E-02  1.1370E+01 -6.6486E-03  4.6300E-01  6.5504E-02  1.0939E+00  5.5841E-02
  5.1594E-02  1.1377E+01 -6.6548E-03  4.6312E-01  6.5507E-02  1.0939E+00  5.5851E-02
  5.3838E-02  1.1385E+01 -6.6609E-03  4.6325E-01  6.5510E-02  1.0939E+00  5.5860E-02
  5.6081E-02  1.1392E+01 -6.6670E-03  4.6338E-01  6.5514E-02  1.0939E+00  5.5870E-02
  5.8324E-02  1.1400E+01 -6.6732E-03  4.6350E-01  6.5517E-02  1.0939E+00  5.5879E-02
  6.0567E-02  1.1407E+01 -6.6793E-03  4.6363E-01  6.5520E-02  1.0939E+00  5.5889E-02
  6.2811E-02  1.1415E+01 -6.6854E-03  4.6375E-01  6.5523E-02  1.0939E+00  5.5898E-02
  6.5054E-02  1.1422E+01 -6.6916E-03  4.6388E-01  6.5526E-02  1.0938E+00  5.5908E-02
  6.7297E-02  1.1430E+01 -6.6977E-03  4.6400E-01  6.5529E-02  1.0938E+00  5.5917E-02
  6.9540E-02  1.1437E+01 -6.7039E-03  4.6413E-01  6.5532E-02  1.0938E+00  5.5927E-02
  7.1784E-02  1.1445E+01 -6.7100E-03  4.6425E-01  6.5535E-02  1.0938E+00  5.5936E-02
  7.4027E-02  1.1452E+01 -6.7161E-03  4.6438E-01  6.5539E-02  1.0938E+00  5.5946E-02
  7.6270E-02  1.1460E+01 -6.7223E-03  4.6450E-01  6.5542E-02  1.0938E+00  5.5955E-02
  7.8513E-02  1.1467E+01 -6.7284E-03  4.6463E-01  6.5545E-02  1.0938E+00  5.5965E-02
  8.0757E-02  1.1475E+01 -6.7345E-03  4.6476E-01  6.5548E-02  1.0938E+00  5.5974E-02
  8.3000E-02  1.1482E+01 -6.7407E-03  4.6488E-01  6.5545E-02  1.0938E+00  5.5976E-02
  8.5243E-02  1.1490E+01 -6.7468E-03  4.6501E-01  6.5534E-02  1.0937E+00  5.5969E-02
  8.7486E-02  1.1497E+01 -6.7530E-03  4.6513E-01  6.5512E-02  1.0937E+00  5.5950E-02
  8.9730E-02  1.1505E+01 -6.7591E-03  4.6526E-01  6.5472E-02  1.0937E+00  5.5910E-02
  9.1973E-02  1.1512E+01 -6.7652E-03  4.6538E-01  6.5402E-02  1.0936E+00  5.5833E-02
  9.4216E-02  1.1520E+01 -6.7714E-03  4.6551E-01  6.5278E-02  1.0936E+00  5.5695E-02
  9.6459E-02  1.1527E+01 -6.7775E-03  4.6563E-01  6.5066E-02  1.0935E+00  5.5454E-02
  9.8702E-02  1.1535E+01 -6.7836E-03  4.6576E-01  6.4715E-02  1.0933E+00  5.5050E-02
  1.0095E-01  1.1542E+01 -6.7897E-03  4.6588E-01  6.4155E-02  1.0931E+00  5.4401E-02
  1.0319E-01  1.1550E+01 -6.7958E-03  4.6600E-01  6.3310E-02  1.0929E+00  5.3411E-02
  1.0543E-01  1.1557E+01 -6.8018E-03  4.6612E-01  6.2119E-02  1.0927E+00  5.2004E-02
  1.0768E-01  1.1564E+01 -6.8077E-03  4.6623E-01  6.0567E-02  1.0925E+00  5.0149E-02
  1.0992E-01  1.1572E+01 -6.8136E-03  4.6634E-01  5.8696E-02  1.0924E+00  4.7882E-02
  1.1216E-01  1.1579E+01 -6.8194E-03  4.6645E-01  5.6590E-02  1.0923E+00  4.5283E-02
  1.1441E-01  1.1587E+01 -6.8251E-03  4.6655E-01  5.4341E-02  1.0922E+00  4.2446E-02
  1.1665E-01  1.1594E+01 -6.8307E-03  4.6664E-01  5.2030E-02  1.0922E+00  3.9452E-02
  1.1889E-01  1.1602E+01 -6.8362E-03  4.6672E-01  4.9721E-02  1.0922E+00  3.6359E-02
  1.2113E-01  1.1609E+01 -6.8416E-03  4.6680E-01  4.7461E-02  1.0922E+00  3.3206E-02
  1.2338E-01  1.1617E+01 -6.8469E-03  4.6687E-01  4.5284E-02  1.0921E+00  3.0019E-02
  1.2562E-01  1.1624E+01 -6.8520E-03  4.6694E-01  4.3220E-02  1.0921E+00  2.6811E-02
  1.2786E-01  1.1632E+01 -6.8571E-03  4.6699E-01  4.1296E-02  1.0921E+00  2.3591E-02
  1.3011E-01  1.1639E+01 -6.8621E-03  4.6704E-01  3.9537E-02  1.0921E+00  2.0361E-02
  1.3235E-01  1.1647E+01 -6.8669E-03  4.6709E-01  3.7968E-02  1.0921E+00  1.7125E-02
  1.3459E-01  1.1654E+01 -6.8717E-03  4.6712E-01  3.6620E-02  1.0921E+00  1.3888E-02
  1.3684E-01  1.1662E+01 -6.8763E-03  4.6715E-01  3.5517E-02  1.0921E+00  1.0651E-02
  1.3908E-01  1.1669E+01 -6.8808E-03  4.6717E-01  3.4682E-02  1.0921E+00  7.4145E-03
  1.4132E-01  1.1677E+01 -6.8853E-03  4.6718E-01  3.4135E-02  1.0921E+00  4.1773E-03
  1.4357E-01  1.1684E+01 -6.8896E-03  4.6719E-01  3.3891E-02  1.0920E+00  9.4014E-04
  1.4581E-01  1.1692E+01 -6.8938E-03  4.6719E-01  3.3956E-02  1.0920E+00 -2.2971E-03
  1.4805E-01  1.1699E+01 -6.8979E-03  4.6718E-01  3.4327E-02  1.0920E+00 -5.5343E-03
  1.5030E-01  1.1707E+01 -6.9019E-03  4.6716E-01  3.4996E-02  1.0920E+00 -8.7714E-03
  1.5254E-01  1.1714E+01 -6.9058E-03  4.6714E-01  3.5946E-02  1.0920E+00 -1.2008E-02
  1.5478E-01  1.1722E+01 -6.9095E-03  4.6711E-01  3.7154E-02  1.0920E+00 -1.5245E-02
  1.5703E-01  1.1729E+01 -6.9132E-03  4.6707E-01  3.8597E-02  1.0920E+00 -1.8482E-02
  1.5927E-01  1.1737E+01 -6.9168E-03  4.6702E-01  4.0250E-02  1.0920E+00 -2.1718E-02
  1.6151E-01  1.1744E+01 -6.9202E-03  4.6697E-01  4.2087E-02  1.0920E+00 -2.4954E-02
  1.6376E-01  1.1752E+01 -6.9235E-03  4.6691E-01  4.4085E-02  1.0920E+00 -2.8189E-02
  1.6600E-01  1.1759E+01 -6.9268E-03  4.6685E-01  4.6224E-02  1.0919E+00 -3.1424E-02
  1.6824E-01  1.1767E+01 -6.9299E-03  4.6677E-01  4.8485E-02  1.0919E+00 -3.4659E-02
  1.7049E-01  1.1774E+01 -6.9329E-03  4.6669E-01  5.0851E-02  1.0919E+00 -3.7893E-02
  1.7273E-01  1.1781E+01 -6.9358E-03  4.6660E-01  5.3308E-02  1.0919E+00 -4.1127E-02
  1.7497E-01  1.1789E+01 -6.9386E-03  4.6651E-01  5.5844E-02  1.0919E+00 -4.4359E-02
  1.7722E-01  1.1796E+01 -6.9413E-03  4.6640E-01  5.8448E-02  1.0919E+00 -4.7592E-02
  1.7946E-01  1.1804E+01 -6.9439E-03  4.6629E-01  6.1113E-02  1.0919E+00 -5.0823E-02
  1.8170E-01  1.1811E+01 -6.9463E-03  4.6617E-01  6.3829E-02  1.0919E+00 -5.4053E-02
  1.8395E-01  1.1819E+01 -6.9487E-03  4.6605E-01  6.6583E-02  1.0919E+00 -5.7274E-02
  1.8619E-01  1.1826E+01 -6.9509E-03  4.6592E-01  6.9370E-02  1.0919E+00 -6.0486E-02
  1.8843E-01  1.1834E+01 -6.9531E-03  4.6578E-01  7.2179E-02  1.0919E+00 -6.3683E-02
  1.9068E-01  1.1841E+01 -6.9551E-03  4.6563E-01  7.5000E-02  1.0919E+00 -6.6857E-02
  1.9292E-01  1.1849E+01 -6.9570E-03  4.6548E-01  7.7812E-02  1.0919E+00 -6.9992E-02
  1.9516E-01  1.1856E+01 -6.9588E-03  4.6532E-01  8.0588E-02  1.0919E+00 -7.3060E-02
  1.9740E-01  1.1864E+01 -6.9606E-03  4.6515E-01  8.3286E-02  1.0920E+00 -7.6019E-02
  1.9965E-01  1.1871E+01 -6.9622E-03  4.6498E-01  8.5844E-02  1.0921E+00 -7.8807E-02
  2.0189E-01  1.1879E+01 -6.9637E-03  4.6480E-01  8.8180E-02  1.0922E+00 -8.1337E-02
  2.0413E-01  1.1886E+01 -6.9652E-03  4.6461E-01  9.0203E-02  1.0924E+00 -8.3519E-02
  2.0638E-01  1.1894E+01 -6.9666E-03  4.6442E-01  9.1841E-02  1.0926E+00 -8.5276E-02
  2.0862E-01  1.1901E+01 -6.9679E-03  4.6423E-01  9.3068E-02  1.0928E+00 -8.6589E-02
  2.1086E-01  1.1909E+01 -6.9693E-03  4.6404E-01  9.3921E-02  1.0929E+00 -8.7499E-02
  2.1311E-01  1.1916E+01 -6.9706E-03  4.6384E-01  9.4477E-02  1.0930E+00 -8.8089E-02
  2.1535E-01  1.1924E+01 -6.9719E-03  4.6364E-01  9.4822E-02  1.0930E+00 -8.8452E-02
  2.1759E-01  1.1931E+01 -6.9731E-03  4.6344E-01  9.5027E-02  1.0931E+00 -8.8666E-02
  2.1984E-01  1.1939E+01 -6.9744E-03  4.6324E-01  9.5147E-02  1.0931E+00 -8.8789E-02
  2.2208E-01  1.1946E+01 -6.9757E-03  4.6304E-01  9.5215E-02  1.0931E+00 -8.8856E-02
  2.2432E-01  1.1954E+01 -6.9770E-03  4.6284E-01  9.5253E-02  1.0931E+00 -8.8891E-02
  2.2657E-01  1.1961E+01 -6.9782E-03  4.6265E-01  9.5273E-02  1.0931E+00 -8.8907E-02
  2.2867E-01  1.1968E+01 -6.9794E-03  4.6246E-01  9.5283E-02  1.0930E+00 -8.8912E-02
  2.2881E-01  1.1969E+01 -6.9795E-03  4.6245E-01  9.5283E-02  1.0930E+00 -8.8912E-02
  2.3105E-01  1.1976E+01 -6.9808E-03  4.6225E-01  9.5284E-02  1.0930E+00 -8.8908E-02
  2.3330E-01  1.1984E+01 -6.9821E-03  4.6205E-01  9.5281E-02  1.0930E+00 -8.8898E-02
  2.3554E-01  1.1991E+01 -6.9833E-03  4.6185E-01  9.5277E-02  1.0930E+00 -8.8889E-02
  2.3778E-01  1.1999E+01 -6.9846E-03  4.6165E-01  9.5274E-02  1.0930E+00 -8.8880E-02
  2.4003E-01  1.2006E+01 -6.9859E-03  4.6145E-01  9.5270E-02  1.0930E+00 -8.8870E-02
  2.4227E-01  1.2013E+01 -6.9872E-03  4.6125E-01  9.5267E-02  1.0930E+00 -8.8861E-02
  2.4451E-01  1.2021E+01 -6.9884E-03  4.6105E-01  9.5263E-02  1.0930E+00 -8.8851E-02
  2.4676E-01  1.2028E+01 -6.9897E-03  4.6085E-01  9.5259E-02  1.0930E+00 -8.8842E-02
  2.4900E-01  1.2036E+01 -6.9910E-03  4.6065E-01  9.5256E-02  1.0929E+00 -8.8832E-02
  2.5124E-01  1.2043E+01 -6.9923E-03  4.6045E-01  9.5252E-02  1.0929E+00 -8.8823E-02
  2.5349E-01  1.2051E+01 -6.9935E-03  4.6025E-01  9.5249E-02  1.0929E+00 -8.8814E-02
  2.5573E-01  1.2058E+01 -6.9948E-03  4.6005E-01  9.5245E-02  1.0929E+00 -8.8804E-02
  2.5797E-01  1.2066E+01 -6.9961E-03  4.5985E-01  9.5242E-02  1.0929E+00 -8.8795E-02
  2.6022E-01  1.2073E+01 -6.9974E-03  4.5966E-01  9.5238E-02  1.0929E+00 -8.8785E-02
  2.6246E-01  1.2081E+01 -6.9986E-03  4.5946E-01  9.5235E-02  1.0929E+00 -8.8776E-02
  2.6470E-01  1.2088E+01 -6.9999E-03  4.5926E-01  9.5231E-02  1.0929E+00 -8.8766E-02
  2.6695E-01  1.2096E+01 -7.0012E-03  4.5906E-01  9.5227E-02  1.0929E+00 -8.8757E-02
  2.6919E-01  1.2103E+01 -7.0025E-03  4.5886E-01  9.5224E-02  1.0928E+00 -8.8747E-02
  2.7143E-01  1.2111E+01 -7.0038E-03  4.5866E-01  9.5220E-02  1.0928E+00 -8.8738E-02
  2.7368E-01  1.2118E+01 -7.0050E-03  4.5846E-01  9.5217E-02  1.0928E+00 -8.8728E-02
  2.7592E-01  1.2126E+01 -7.0063E-03  4.5826E-01  9.5213E-02  1.0928E+00 -8.8719E-02
  2.7816E-01  1.2133E+01 -7.0076E-03  4.5806E-01  9.5210E-02  1.0928E+00 -8.8709E-02
  2.8040E-01  1.2141E+01 -7.0089E-03  4.5786E-01  9.5206E-02  1.0928E+00 -8.8700E-02
  2.8265E-01  1.2148E+01 -7.0101E-03  4.5767E-01  9.5203E-02  1.0928E+00 -8.8690E-02
  2.8489E-01  1.2156E+01 -7.0114E-03  4.5747E-01  9.5199E-02  1.0928E+00 -8.8681E-02
  2.8713E-01  1.2163E+01 -7.0127E-03  4.5727E-01  9.5196E-02  1.0928E+00 -8.8671E-02
  2.8938E-01  1.2171E+01 -7.0140E-03  4.5707E-01  9.5192E-02  1.0927E+00 -8.8662E-02
  2.9162E-01  1.2178E+01 -7.0153E-03  4.5687E-01  9.5189E-02  1.0927E+00 -8.8652E-02
  2.9386E-01  1.2186E+01 -7.0165E-03  4.5667E-01  9.5185E-02  1.0927E+00 -8.8643E-02
  2.9611E-01  1.2193E+01 -7.0178E-03  4.5647E-01  9.5182E-02  1.0927E+00 -8.8633E-02
  2.9835E-01  1.2201E+01 -7.0191E-03  4.5627E-01  9.5178E-02  1.0927E+00 -8.8624E-02
  3.0059E-01  1.2208E+01 -7.0204E-03  4.5607E-01  9.5175E-02  1.0927E+00 -8.8614E-02
  3.0284E-01  1.2216E+01 -7.0217E-03  4.5588E-01  9.5171E-02  1.0927E+00 -8.8604E-02
  3.0508E-01  1.2223E+01 -7.0229E-03  4.5568E-01  9.5168E-02  1.0927E+00 -8.8595E-02
  3.0732E-01  1.2230E+01 -7.0242E-03  4.5548E-01  9.5164E-02  1.0927E+00 -8.8585E-02
  3.0957E-01  1.2238E+01 -7.0255E-03  4.5528E-01  9.5161E-02  1.0926E+00 -8.8576E-02
  3.1181E-01  1.2245E+01 -7.0268E-03  4.5508E-01  9.5157E-02  1.0926E+00 -8.8566E-02
  3.1405E-01  1.2253E+01 -7.0281E-03  4.5488E-01  9.5154E-02  1.0926E+00 -8.8557E-02
  3.1630E-01  1.2260E+01 -7.0294E-03  4.5468E-01  9.5150E-02  1.0926E+00 -8.8547E-02
  3.1854E-01  1.2268E+01 -7.0306E-03  4.5449E-01  9.5147E-02  1.0926E+00 -8.8537E-02
  3.2078E-01  1.2275E+01 -7.0319E-03  4.5429E-01  9.5143E-02  1.0926E+00 -8.8528E-02
  3.2303E-01  1.2283E+01 -7.0332E-03  4.5409E-01  9.5140E-02  1.0926E+00 -8.8518E-02
  3.2527E-01  1.2290E+01 -7.0345E-03  4.5389E-01  9.5136E-02  1.0926E+00 -8.8508E-02
  3.2751E-01  1.2298E+01 -7.0358E-03  4.5369E-01  9.5133E-02  1.0926E+00 -8.8499E-02
  3.2976E-01  1.2305E+01 -7.0371E-03  4.5349E-01  9.5129E-02  1.0926E+00 -8.8489E-02
  3.3200E-01  1.2313E+01 -7.0383E-03  4.5329E-01  9.5126E-02  1.0925E+00 -8.8480E-02
  3.3424E-01  1.2320E+01 -7.0396E-03  4.5310E-01  9.5122E-02  1.0925E+00 -8.8470E-02
  3.3649E-01  1.2328E+01 -7.0409E-03  4.5290E-01  9.5119E-02  1.0925E+00 -8.8460E-02
  3.3873E-01  1.2335E+01 -7.0422E-03  4.5270E-01  9.5115E-02  1.0925E+00 -8.8451E-02
  3.4097E-01  1.2343E+01 -7.0435E-03  4.5250E-01  9.5112E-02  1.0925E+00 -8.8441E-02
  3.4322E-01  1.2350E+01 -7.0448E-03  4.5230E-01  9.5108E-02  1.0925E+00 -8.8431E-02
  3.4546E-01  1.2358E+01 -7.0460E-03  4.5210E-01  9.5105E-02  1.0925E+00 -8.8422E-02
  3.4770E-01  1.2365E+01 -7.0473E-03  4.5191E-01  9.5101E-02  1.0925E+00 -8.8412E-02
  3.4995E-01  1.2373E+01 -7.0486E-03  4.5171E-01  9.5098E-02  1.0925E+00 -8.8402E-02
  3.5219E-01  1.2380E+01 -7.0499E-03  4.5151E-01  9.5094E-02  1.0924E+00 -8.8392E-02
  3.5443E-01  1.2388E+01 -7.0512E-03  4.5131E-01  9.5091E-02  1.0924E+00 -8.8383E-02
  3.5667E-01  1.2395E+01 -7.0525E-03  4.5111E-01  9.5087E-02  1.0924E+00 -8.8373E-02
  3.5892E-01  1.2403E+01 -7.0538E-03  4.5091E-01  9.5084E-02  1.0924E+00 -8.8363E-02
  3.6116E-01  1.2410E+01 -7.0550E-03  4.5072E-01  9.5080E-02  1.0924E+00 -8.8354E-02
  3.6340E-01  1.2418E+01 -7.0563E-03  4.5052E-01  9.5077E-02  1.0924E+00 -8.8344E-02
  3.6565E-01  1.2425E+01 -7.0576E-03  4.5032E-01  9.5074E-02  1.0924E+00 -8.8334E-02
  3.6789E-01  1.2433E+01 -7.0589E-03  4.5012E-01  9.5070E-02  1.0924E+00 -8.8324E-02
  3.7013E-01  1.2440E+01 -7.0602E-03  4.4992E-01  9.5067E-02  1.0924E+00 -8.8315E-02
  3.7238E-01  1.2448E+01 -7.0615E-03  4.4973E-01  9.5063E-02  1.0923E+00 -8.8305E-02
  3.7462E-01  1.2455E+01 -7.0628E-03  4.4953E-01  9.5060E-02  1.0923E+00 -8.8295E-02
  3.7686E-01  1.2462E+01 -7.0641E-03  4.4933E-01  9.5056E-02  1.0923E+00 -8.8285E-02
  3.7911E-01  1.2470E+01 -7.0653E-03  4.4913E-01  9.5053E-02  1.0923E+00 -8.8276E-02
  3.8135E-01  1.2477E+01 -7.0666E-03  4.4893E-01  9.5049E-02  1.0923E+00 -8.8266E-02
  3.8359E-01  1.2485E+01 -7.0679E-03  4.4874E-01  9.5046E-02  1.0923E+00 -8.8256E-02
  3.8584E-01  1.2492E+01 -7.0692E-03  4.4854E-01  9.5042E-02  1.0923E+00 -8.8246E-02
  3.8808E-01  1.2500E+01 -7.0705E-03  4.4834E-01  9.5039E-02  1.0923E+00 -8.8236E-02
  3.9032E-01  1.2507E+01 -7.0718E-03  4.4814E-01  9.5035E-02  1.0923E+00 -8.8226E-02
  3.9257E-01  1.2515E+01 -7.0731E-03  4.4794E-01  9.5032E-02  1.0922E+00 -8.8217E-02
  3.9481E-01  1.2522E+01 -7.0744E-03  4.4775E-01  9.5029E-02  1.0922E+00 -8.8207E-02
  3.9705E-01  1.2530E+01 -7.0757E-03  4.4755E-01  9.5025E-02  1.0922E+00 -8.8197E-02
  3.9930E-01  1.2537E+01 -7.0770E-03  4.4735E-01  9.5022E-02  1.0922E+00 -8.8187E-02
  4.0154E-01  1.2545E+01 -7.0782E-03  4.4715E-01  9.5018E-02  1.0922E+00 -8.8177E-02
  4.0378E-01  1.2552E+01 -7.0795E-03  4.4696E-01  9.5015E-02  1.0922E+00 -8.8167E-02
  4.0603E-01  1.2560E+01 -7.0808E-03  4.4676E-01  9.5011E-02  1.0922E+00 -8.8158E-02
  4.0827E-01  1.2567E+01 -7.0821E-03  4.4656E-01  9.5008E-02  1.0922E+00 -8.8148E-02
  4.1051E-01  1.2575E+01 -7.0834E-03  4.4636E-01  9.5005E-02  1.0922E+00 -8.8138E-02
  4.1276E-01  1.2582E+01 -7.0847E-03  4.4616E-01  9.5001E-02  1.0922E+00 -8.8128E-02
  4.1500E-01  1.2590E+01 -7.0860E-03  4.4597E-01  9.4998E-02  1.0921E+00 -8.8118E-02
  4.1724E-01  1.2597E+01 -7.0873E-03  4.4577E-01  9.4994E-02  1.0921E+00 -8.8108E-02
  4.1949E-01  1.2605E+01 -7.0886E-03  4.4557E-01  9.4991E-02  1.0921E+00 -8.8098E-02
  4.2173E-01  1.2612E+01 -7.0899E-03  4.4537E-01  9.4987E-02  1.0921E+00 -8.8088E-02
  4.2397E-01  1.2620E+01 -7.0912E-03  4.4518E-01  9.4984E-02  1.0921E+00 -8.8078E-02
  4.2622E-01  1.2627E+01 -7.0925E-03  4.4498E-01  9.4981E-02  1.0921E+00 -8.8069E-02
  4.2846E-01  1.2635E+01 -7.0938E-03  4.4478E-01  9.4977E-02  1.0921E+00 -8.8059E-02
  4.3070E-01  1.2642E+01 -7.0951E-03  4.4458E-01  9.4974E-02  1.0921E+00 -8.8049E-02
  4.3294E-01  1.2650E+01 -7.0964E-03  4.4439E-01  9.4970E-02  1.0921E+00 -8.8039E-02
  4.3519E-01  1.2657E+01 -7.0976E-03  4.4419E-01  9.4967E-02  1.0920E+00 -8.8029E-02
  4.3743E-01  1.2665E+01 -7.0989E-03  4.4399E-01  9.4963E-02  1.0920E+00 -8.8019E-02
  4.3967E-01  1.2672E+01 -7.1002E-03  4.4379E-01  9.4960E-02  1.0920E+00 -8.8009E-02
  4.4192E-01  1.2680E+01 -7.1015E-03  4.4360E-01  9.4957E-02  1.0920E+00 -8.7999E-02
  4.4416E-01  1.2687E+01 -7.1028E-03  4.4340E-01  9.4953E-02  1.0920E+00 -8.7989E-02
  4.4640E-01  1.2694E+01 -7.1041E-03  4.4320E-01  9.4950E-02  1.0920E+00 -8.7979E-02
  4.4865E-01  1.2702E+01 -7.1054E-03  4.4301E-01  9.4946E-02  1.0920E+00 -8.7969E-02
  4.5089E-01  1.2709E+01 -7.1067E-03  4.4281E-01  9.4943E-02  1.0920E+00 -8.7959E-02
  4.5313E-01  1.2717E+01 -7.1080E-03  4.4261E-01  9.4940E-02  1.0920E+00 -8.7949E-02
  4.5538E-01  1.2724E+01 -7.1093E-03  4.4241E-01  9.4936E-02  1.0919E+00 -8.7939E-02
  4.5762E-01  1.2732E+01 -7.1106E-03  4.4222E-01  9.4933E-02  1.0919E+00 -8.7929E-02
  4.5986E-01  1.2739E+01 -7.1119E-03  4.4202E-01  9.4929E-02  1.0919E+00 -8.7919E-02
  4.6211E-01  1.2747E+01 -7.1132E-03  4.4182E-01  9.4926E-02  1.0919E+00 -8.7909E-02
  4.6435E-01  1.2754E+01 -7.1145E-03  4.4162E-01  9.4923E-02  1.0919E+00 -8.7899E-02
  4.6659E-01  1.2762E+01 -7.1158E-03  4.4143E-01  9.4919E-02  1.0919E+00 -8.7889E-02
  4.6884E-01  1.2769E+01 -7.1171E-03  4.4123E-01  9.4916E-02  1.0919E+00 -8.7879E-02
  4.7108E-01  1.2777E+01 -7.1184E-03  4.4103E-01  9.4912E-02  1.0919E+00 -8.7869E-02
  4.7332E-01  1.2784E+01 -7.1197E-03  4.4084E-01  9.4909E-02  1.0919E+00 -8.7859E-02
  4.7557E-01  1.2792E+01 -7.1210E-03  4.4064E-01  9.4906E-02  1.0919E+00 -8.7848E-02
  4.7781E-01  1.2799E+01 -7.1223E-03  4.4044E-01  9.4902E-02  1.0918E+00 -8.7838E-02
  4.8005E-01  1.2807E+01 -7.1236E-03  4.4025E-01  9.4899E-02  1.0918E+00 -8.7828E-02
  4.8230E-01  1.2814E+01 -7.1249E-03  4.4005E-01  9.4888E-02  1.0918E+00 -8.7810E-02
  4.8454E-01  1.2822E+01 -7.1262E-03  4.3985E-01  9.4860E-02  1.0918E+00 -8.7774E-02
  4.8678E-01  1.2829E+01 -7.1275E-03  4.3965E-01  9.4814E-02  1.0918E+00 -8.7717E-02
  4.8903E-01  1.2837E+01 -7.1288E-03  4.3946E-01  9.4736E-02  1.0919E+00 -8.7626E-02
  4.9127E-01  1.2844E+01 -7.1301E-03  4.3926E-01  9.4603E-02  1.0919E+00 -8.7475E-02
  4.9351E-01  1.2852E+01 -7.1315E-03  4.3907E-01  9.4377E-02  1.0920E+00 -8.7223E-02
  4.9576E-01  1.2859E+01 -7.1328E-03  4.3887E-01  9.3996E-02  1.0921E+00 -8.6801E-02
  4.9800E-01  1.2867E+01 -7.1342E-03  4.3868E-01  9.3363E-02  1.0923E+00 -8.6106E-02
  5.0024E-01  1.2874E+01 -7.1356E-03  4.3848E-01  9.2344E-02  1.0926E+00 -8.4989E-02
  5.0249E-01  1.2882E+01 -7.1370E-03  4.3830E-01  9.0779E-02  1.0930E+00 -8.3274E-02
  5.0473E-01  1.2889E+01 -7.1386E-03  4.3811E-01  8.8521E-02  1.0935E+00 -8.0793E-02
  5.0697E-01  1.2897E+01 -7.1402E-03  4.3793E-01  8.5498E-02  1.0939E+00 -7.7455E-02
  5.0922E-01  1.2904E+01 -7.1421E-03  4.3776E-01  8.1757E-02  1.0943E+00 -7.3291E-02
  5.1146E-01  1.2911E+01 -7.1441E-03  4.3761E-01  7.7446E-02  1.0946E+00 -6.8437E-02
  5.1370E-01  1.2919E+01 -7.1462E-03  4.3746E-01  7.2757E-02  1.0948E+00 -6.3071E-02
  5.1594E-01  1.2926E+01 -7.1486E-03  4.3732E-01  6.7875E-02  1.0949E+00 -5.7360E-02
  5.1819E-01  1.2934E+01 -7.1513E-03  4.3720E-01  6.2952E-02  1.0950E+00 -5.1432E-02
  5.2043E-01  1.2941E+01 -7.1541E-03  4.3709E-01  5.8113E-02  1.0951E+00 -4.5373E-02
  5.2267E-01  1.2949E+01 -7.1572E-03  4.3700E-01  5.3465E-02  1.0951E+00 -3.9236E-02
  5.2492E-01  1.2956E+01 -7.1605E-03  4.3692E-01  4.9114E-02  1.0951E+00 -3.3054E-02
  5.2716E-01  1.2964E+01 -7.1640E-03  4.3685E-01  4.5174E-02  1.0951E+00 -2.6847E-02
  5.2940E-01  1.2971E+01 -7.1678E-03  4.3680E-01  4.1781E-02  1.0951E+00 -2.0624E-02
  5.3165E-01  1.2979E+01 -7.1718E-03  4.3676E-01  3.9082E-02  1.0951E+00 -1.4384E-02
  5.3389E-01  1.2986E+01 -7.1760E-03  4.3673E-01  3.7242E-02  1.0951E+00 -8.1431E-03
  5.3613E-01  1.2994E+01 -7.1805E-03  4.3672E-01  3.6391E-02  1.0951E+00 -1.9026E-03
  5.3838E-01  1.3001E+01 -7.1852E-03  4.3672E-01  3.6599E-02  1.0950E+00  4.3379E-03
  5.4062E-01  1.3009E+01 -7.1901E-03  4.3674E-01  3.7848E-02  1.0950E+00  1.0578E-02
  5.4286E-01  1.3016E+01 -7.1952E-03  4.3677E-01  4.0040E-02  1.0950E+00  1.6819E-02
  5.4511E-01  1.3024E+01 -7.2006E-03  4.3682E-01  4.3033E-02  1.0950E+00  2.3061E-02
  5.4735E-01  1.3031E+01 -7.2063E-03  4.3687E-01  4.6673E-02  1.0950E+00  2.9303E-02
  5.4959E-01  1.3039E+01 -7.2121E-03  4.3695E-01  5.0821E-02  1.0950E+00  3.5546E-02
  5.5184E-01  1.3046E+01 -7.2182E-03  4.3703E-01  5.5363E-02  1.0950E+00  4.1791E-02
  5.5408E-01  1.3054E+01 -7.2245E-03  4.3714E-01  6.0212E-02  1.0950E+00  4.8036E-02
  5.5632E-01  1.3061E+01 -7.2311E-03  4.3725E-01  6.5299E-02  1.0950E+00  5.4283E-02
  5.5857E-01  1.3069E+01 -7.2379E-03  4.3738E-01  7.0574E-02  1.0950E+00  6.0532E-02
  5.6081E-01  1.3076E+01 -7.2449E-03  4.3752E-01  7.5997E-02  1.0950E+00  6.6783E-02
  5.6305E-01  1.3084E+01 -7.2522E-03  4.3768E-01  8.1541E-02  1.0949E+00  7.3036E-02
  5.6530E-01  1.3091E+01 -7.2597E-03  4.3785E-01  8.7182E-02  1.0949E+00  7.9291E-02
  5.6754E-01  1.3099E+01 -7.2674E-03  4.3803E-01  9.2904E-02  1.0949E+00  8.5549E-02
  5.6978E-01  1.3106E+01 -7.2754E-03  4.3823E-01  9.8693E-02  1.0949E+00  9.1810E-02
  5.7203E-01  1.3114E+01 -7.2836E-03  4.3845E-01  1.0454E-01  1.0949E+00  9.8073E-02
  5.7427E-01  1.3121E+01 -7.2920E-03  4.3867E-01  1.1043E-01  1.0949E+00  1.0434E-01
  5.7651E-01  1.3129E+01 -7.3007E-03  4.3892E-01  1.1637E-01  1.0949E+00  1.1061E-01
  5.7876E-01  1.3136E+01 -7.3096E-03  4.3917E-01  1.2234E-01  1.0949E+00  1.1688E-01
  5.8100E-01  1.3143E+01 -7.3187E-03  4.3944E-01  1.2834E-01  1.0949E+00  1.2316E-01
  5.8324E-01  1.3151E+01 -7.3281E-03  4.3972E-01  1.3437E-01  1.0948E+00  1.2943E-01
  5.8549E-01  1.3158E+01 -7.3377E-03  4.4002E-01  1.4040E-01  1.0948E+00  1.3569E-01
  5.8773E-01  1.3166E+01 -7.3476E-03  4.4033E-01  1.4643E-01  1.0948E+00  1.4193E-01
  5.8997E-01  1.3173E+01 -7.3577E-03  4.4066E-01  1.5245E-01  1.0947E+00  1.4814E-01
  5.9221E-01  1.3181E+01 -7.3680E-03  4.4100E-01  1.5842E-01  1.0946E+00  1.5428E-01
  5.9446E-01  1.3188E+01 -7.3786E-03  4.4135E-01  1.6431E-01  1.0945E+00  1.6033E-01
  5.9670E-01  1.3196E+01 -7.3893E-03  4.4172E-01  1.7004E-01  1.0943E+00  1.6620E-01
  5.9894E-01  1.3203E+01 -7.4003E-03  4.4210E-01  1.7549E-01  1.0940E+00  1.7179E-01
  6.0119E-01  1.3211E+01 -7.4115E-03  4.4249E-01  1.8052E-01  1.0936E+00  1.7693E-01
  6.0343E-01  1.3218E+01 -7.4229E-03  4.4289E-01  1.8495E-01  1.0931E+00  1.8146E-01
  6.0567E-01  1.3226E+01 -7.4344E-03  4.4330E-01  1.8861E-01  1.0926E+00  1.8520E-01
  6.0792E-01  1.3233E+01 -7.4460E-03  4.4372E-01  1.9142E-01  1.0921E+00  1.8807E-01
  6.1016E-01  1.3241E+01 -7.4577E-03  4.4414E-01  1.9343E-01  1.0918E+00  1.9012E-01
  6.1240E-01  1.3248E+01 -7.4695E-03  4.4457E-01  1.9476E-01  1.0915E+00  1.9148E-01
  6.1465E-01  1.3256E+01 -7.4813E-03  4.4500E-01  1.9560E-01  1.0914E+00  1.9234E-01
  6.1689E-01  1.3263E+01 -7.4931E-03  4.4544E-01  1.9611E-01  1.0913E+00  1.9287E-01
  6.1913E-01  1.3271E+01 -7.5049E-03  4.4587E-01  1.9642E-01  1.0913E+00  1.9319E-01
  6.2138E-01  1.3278E+01 -7.5167E-03  4.4630E-01  1.9660E-01  1.0912E+00  1.9338E-01
  6.2362E-01  1.3286E+01 -7.5286E-03  4.4674E-01  1.9671E-01  1.0912E+00  1.9349E-01
  6.2586E-01  1.3293E+01 -7.5404E-03  4.4717E-01  1.9677E-01  1.0912E+00  1.9356E-01
  6.2811E-01  1.3301E+01 -7.5523E-03  4.4760E-01  1.9681E-01  1.0912E+00  1.9361E-01
  6.3035E-01  1.3308E+01 -7.5641E-03  4.4804E-01  1.9683E-01  1.0912E+00  1.9363E-01
  6.3259E-01  1.3316E+01 -7.5760E-03  4.4847E-01  1.9683E-01  1.0912E+00  1.9364E-01
  6.3484E-01  1.3323E+01 -7.5878E-03  4.4891E-01  1.9683E-01  1.0911E+00  1.9365E-01
  6.3708E-01  1.3331E+01 -7.5996E-03  4.4934E-01  1.9684E-01  1.0911E+00  1.9366E-01
  6.3932E-01  1.3338E+01 -7.6115E-03  4.4978E-01  1.9684E-01  1.0911E+00  1.9367E-01
  6.4157E-01  1.3346E+01 -7.6233E-03  4.5021E-01  1.9684E-01  1.0911E+00  1.9368E-01
  6.4381E-01  1.3353E+01 -7.6352E-03  4.5065E-01  1.9685E-01  1.0911E+00  1.9369E-01
  6.4605E-01  1.3360E+01 -7.6470E-03  4.5108E-01  1.9685E-01  1.0911E+00  1.9370E-01
  6.4830E-01  1.3368E+01 -7.6589E-03  4.5152E-01  1.9685E-01  1.0911E+00  1.9371E-01
  6.5054E-01  1.3375E+01 -7.6707E-03  4.5195E-01  1.9686E-01  1.0911E+00  1.9372E-01
  6.5278E-01  1.3383E+01 -7.6826E-03  4.5239E-01  1.9686E-01  1.0910E+00  1.9373E-01
  6.5503E-01  1.3390E+01 -7.6944E-03  4.5282E-01  1.9686E-01  1.0910E+00  1.9374E-01
  6.5727E-01  1.3398E+01 -7.7063E-03  4.5325E-01  1.9687E-01  1.0910E+00  1.9375E-01
  6.5951E-01  1.3405E+01 -7.7181E-03  4.5369E-01  1.9687E-01  1.0910E+00  1.9376E-01
  6.6176E-01  1.3413E+01 -7.7300E-03  4.5412E-01  1.9687E-01  1.0910E+00  1.9377E-01
  6.6400E-01  1.3420E+01 -7.7418E-03  4.5456E-01  1.9688E-01  1.0910E+00  1.9378E-01
  6.6624E-01  1.3428E+01 -7.7537E-03  4.5499E-01  1.9688E-01  1.0910E+00  1.9379E-01
  6.6848E-01  1.3435E+01 -7.7655E-03  4.5543E-01  1.9688E-01  1.0910E+00  1.9380E-01
  6.7073E-01  1.3443E+01 -7.7774E-03  4.5586E-01  1.9689E-01  1.0910E+00  1.9381E-01
  6.7297E-01  1.3450E+01 -7.7892E-03  4.5630E-01  1.9689E-01  1.0909E+00  1.9382E-01
  6.7521E-01  1.3458E+01 -7.8011E-03  4.5673E-01  1.9689E-01  1.0909E+00  1.9383E-01
  6.7746E-01  1.3465E+01 -7.8129E-03  4.5717E-01  1.9690E-01  1.0909E+00  1.9383E-01
  6.7970E-01  1.3473E+01 -7.8248E-03  4.5760E-01  1.9690E-01  1.0909E+00  1.9384E-01
  6.8194E-01  1.3480E+01 -7.8366E-03  4.5804E-01  1.9690E-01  1.0909E+00  1.9385E-01
  6.8419E-01  1.3488E+01 -7.8485E-03  4.5847E-01  1.9691E-01  1.0909E+00  1.9386E-01
  6.8643E-01  1.3495E+01 -7.8603E-03  4.5891E-01  1.9691E-01  1.0909E+00  1.9387E-01
  6.8867E-01  1.3503E+01 -7.8722E-03  4.5934E-01  1.9691E-01  1.0909E+00  1.9388E-01
  6.9092E-01  1.3510E+01 -7.8840E-03  4.5978E-01  1.9692E-01  1.0908E+00  1.9389E-01
  6.9316E-01  1.3518E+01 -7.8959E-03  4.6021E-01  1.9692E-01  1.0908E+00  1.9390E-01
  6.9540E-01  1.3525E+01 -7.9077E-03  4.6065E-01  1.9692E-01  1.0908E+00  1.9391E-01
  6.9765E-01  1.3533E+01 -7.9196E-03  4.6108E-01  1.9693E-01  1.0908E+00  1.9392E-01
  6.9989E-01  1.3540E+01 -7.9315E-03  4.6152E-01  1.9693E-01  1.0908E+00  1.9393E-01
  7.0213E-01  1.3548E+01 -7.9433E-03  4.6195E-01  1.9693E-01  1.0908E+00  1.9394E-01
  7.0438E-01  1.3555E+01 -7.9552E-03  4.6239E-01  1.9694E-01  1.0908E+00  1.9395E-01
  7.0662E-01  1.3563E+01 -7.9670E-03  4.6282E-01  1.9694E-01  1.0908E+00  1.9395E-01
  7.0886E-01  1.3570E+01 -7.9789E-03  4.6326E-01  1.9694E-01  1.0907E+00  1.9396E-01
  7.1111E-01  1.3578E+01 -7.9907E-03  4.6369E-01  1.9695E-01  1.0907E+00  1.9397E-01
  7.1335E-01  1.3585E+01 -8.0026E-03  4.6413E-01  1.9695E-01  1.0907E+00  1.9398E-01
  7.1559E-01  1.3592E+01 -8.0145E-03  4.6457E-01  1.9695E-01  1.0907E+00  1.9399E-01
  7.1784E-01  1.3600E+01 -8.0263E-03  4.6500E-01  1.9696E-01  1.0907E+00  1.9400E-01
  7.1836E-01  1.3602E+01 -8.0291E-03  4.6510E-01  1.9696E-01  1.0907E+00  1.9400E-01
  7.2004E-01  1.3607E+01 -8.0380E-03  4.6543E-01  1.9696E-01  1.0907E+00  1.9401E-01
  7.2232E-01  1.3615E+01 -8.0500E-03  4.6587E-01  1.9696E-01  1.0907E+00  1.9402E-01
  7.2457E-01  1.3622E+01 -8.0619E-03  4.6631E-01  1.9697E-01  1.0907E+00  1.9403E-01
  7.2681E-01  1.3630E+01 -8.0737E-03  4.6674E-01  1.9697E-01  1.0906E+00  1.9404E-01
  7.2905E-01  1.3637E+01 -8.0856E-03  4.6718E-01  1.9697E-01  1.0906E+00  1.9404E-01
  7.3130E-01  1.3645E+01 -8.0975E-03  4.6761E-01  1.9698E-01  1.0906E+00  1.9405E-01
  7.3354E-01  1.3652E+01 -8.1093E-03  4.6805E-01  1.9698E-01  1.0906E+00  1.9406E-01
  7.3578E-01  1.3660E+01 -8.1212E-03  4.6848E-01  1.9698E-01  1.0906E+00  1.9407E-01
  7.3803E-01  1.3667E+01 -8.1330E-03  4.6892E-01  1.9699E-01  1.0906E+00  1.9408E-01
  7.4027E-01  1.3675E+01 -8.1449E-03  4.6935E-01  1.9699E-01  1.0906E+00  1.9409E-01
  7.4251E-01  1.3682E+01 -8.1568E-03  4.6979E-01  1.9699E-01  1.0906E+00  1.9410E-01
  7.4476E-01  1.3690E+01 -8.1686E-03  4.7023E-01  1.9699E-01  1.0905E+00  1.9411E-01
  7.4700E-01  1.3697E+01 -8.1805E-03  4.7066E-01  1.9700E-01  1.0905E+00  1.9411E-01
  7.4924E-01  1.3705E+01 -8.1923E-03  4.7110E-01  1.9700E-01  1.0905E+00  1.9412E-01
  7.5148E-01  1.3712E+01 -8.2042E-03  4.7153E-01  1.9700E-01  1.0905E+00  1.9413E-01
  7.5373E-01  1.3720E+01 -8.2161E-03  4.7197E-01  1.9701E-01  1.0905E+00  1.9414E-01
  7.5597E-01  1.3727E+01 -8.2279E-03  4.7240E-01  1.9701E-01  1.0905E+00  1.9415E-01
  7.5821E-01  1.3735E+01 -8.2398E-03  4.7284E-01  1.9701E-01  1.0905E+00  1.9416E-01
  7.6046E-01  1.3742E+01 -8.2517E-03  4.7327E-01  1.9702E-01  1.0905E+00  1.9417E-01
  7.6270E-01  1.3750E+01 -8.2635E-03  4.7371E-01  1.9702E-01  1.0904E+00  1.9418E-01
  7.6494E-01  1.3757E+01 -8.2754E-03  4.7415E-01  1.9702E-01  1.0904E+00  1.9418E-01
  7.6719E-01  1.3765E+01 -8.2872E-03  4.7458E-01  1.9703E-01  1.0904E+00  1.9419E-01
  7.6943E-01  1.3772E+01 -8.2991E-03  4.7502E-01  1.9703E-01  1.0904E+00  1.9420E-01
  7.7167E-01  1.3780E+01 -8.3110E-03  4.7545E-01  1.9703E-01  1.0904E+00  1.9421E-01
  7.7392E-01  1.3787E+01 -8.3228E-03  4.7589E-01  1.9704E-01  1.0904E+00  1.9422E-01
  7.7616E-01  1.3795E+01 -8.3347E-03  4.7632E-01  1.9704E-01  1.0904E+00  1.9423E-01
  7.7840E-01  1.3802E+01 -8.3466E-03  4.7676E-01  1.9704E-01  1.0904E+00  1.9424E-01
  7.8065E-01  1.3809E+01 -8.3584E-03  4.7720E-01  1.9705E-01  1.0904E+00  1.9424E-01
  7.8289E-01  1.3817E+01 -8.3703E-03  4.7763E-01  1.9705E-01  1.0903E+00  1.9425E-01
  7.8513E-01  1.3824E+01 -8.3822E-03  4.7807E-01  1.9705E-01  1.0903E+00  1.9426E-01
  7.8738E-01  1.3832E+01 -8.3940E-03  4.7850E-01  1.9706E-01  1.0903E+00  1.9427E-01
  7.8962E-01  1.3839E+01 -8.4059E-03  4.7894E-01  1.9706E-01  1.0903E+00  1.9428E-01
  7.9186E-01  1.3847E+01 -8.4178E-03  4.7938E-01  1.9706E-01  1.0903E+00  1.9429E-01
  7.9411E-01  1.3854E+01 -8.4296E-03  4.7981E-01  1.9707E-01  1.0903E+00  1.9430E-01
  7.9635E-01  1.3862E+01 -8.4415E-03  4.8025E-01  1.9707E-01  1.0903E+00  1.9430E-01
  7.9859E-01  1.3869E+01 -8.4534E-03  4.8068E-01  1.9707E-01  1.0903E+00  1.9431E-01
  8.0084E-01  1.3877E+01 -8.4652E-03  4.8112E-01  1.9708E-01  1.0902E+00  1.9432E-01
  8.0308E-01  1.3884E+01 -8.4771E-03  4.8156E-01  1.9708E-01  1.0902E+00  1.9433E-01
  8.0532E-01  1.3892E+01 -8.4890E-03  4.8199E-01  1.9708E-01  1.0902E+00  1.9434E-01
  8.0757E-01  1.3899E+01 -8.5009E-03  4.8243E-01  1.9709E-01  1.0902E+00  1.9435E-01
  8.0981E-01  1.3907E+01 -8.5127E-03  4.8286E-01  1.9709E-01  1.0902E+00  1.9435E-01
  8.1205E-01  1.3914E+01 -8.5246E-03  4.8330E-01  1.9709E-01  1.0902E+00  1.9436E-01
  8.1430E-01  1.3922E+01 -8.5365E-03  4.8374E-01  1.9710E-01  1.0902E+00  1.9437E-01
  8.1654E-01  1.3929E+01 -8.5483E-03  4.8417E-01  1.9710E-01  1.0901E+00  1.9438E-01
  8.1878E-01  1.3937E+01 -8.5602E-03  4.8461E-01  1.9710E-01  1.0901E+00  1.9439E-01
  8.2103E-01  1.3944E+01 -8.5721E-03  4.8504E-01  1.9711E-01  1.0901E+00  1.9440E-01
  8.2327E-01  1.3952E+01 -8.5840E-03  4.8548E-01  1.9711E-01  1.0901E+00  1.9440E-01
  8.2551E-01  1.3959E+01 -8.5958E-03  4.8592E-01  1.9711E-01  1.0901E+00  1.9441E-01
  8.2775E-01  1.3967E+01 -8.6077E-03  4.8635E-01  1.9712E-01  1.0901E+00  1.9442E-01
  8.3000E-01  1.3974E+01 -8.6196E-03  4.8679E-01  1.9712E-01  1.0901E+00  1.9443E-01
  8.3224E-01  1.3982E+01 -8.6314E-03  4.8723E-01  1.9712E-01  1.0901E+00  1.9444E-01
  8.3448E-01  1.3989E+01 -8.6433E-03  4.8766E-01  1.9713E-01  1.0900E+00  1.9445E-01
  8.3673E-01  1.3997E+01 -8.6552E-03  4.8810E-01  1.9713E-01  1.0900E+00  1.9445E-01
  8.3897E-01  1.4004E+01 -8.6671E-03  4.8853E-01  1.9713E-01  1.0900E+00  1.9446E-01
  8.4121E-01  1.4012E+01 -8.6789E-03  4.8897E-01  1.9714E-01  1.0900E+00  1.9447E-01
  8.4346E-01  1.4019E+01 -8.6908E-03  4.8941E-01  1.9714E-01  1.0900E+00  1.9448E-01
  8.4570E-01  1.4027E+01 -8.7027E-03  4.8984E-01  1.9714E-01  1.0900E+00  1.9449E-01
  8.4794E-01  1.4034E+01 -8.7146E-03  4.9028E-01  1.9714E-01  1.0900E+00  1.9449E-01
  8.5019E-01  1.4041E+01 -8.7264E-03  4.9072E-01  1.9715E-01  1.0900E+00  1.9450E-01
  8.5243E-01  1.4049E+01 -8.7383E-03  4.9115E-01  1.9715E-01  1.0899E+00  1.9451E-01
  8.5467E-01  1.4056E+01 -8.7502E-03  4.9159E-01  1.9715E-01  1.0899E+00  1.9452E-01
  8.5692E-01  1.4064E+01 -8.7621E-03  4.9203E-01  1.9716E-01  1.0899E+00  1.9453E-01
  8.5916E-01  1.4071E+01 -8.7739E-03  4.9246E-01  1.9716E-01  1.0899E+00  1.9453E-01
  8.6140E-01  1.4079E+01 -8.7858E-03  4.9290E-01  1.9716E-01  1.0899E+00  1.9454E-01
  8.6365E-01  1.4086E+01 -8.7977E-03  4.9334E-01  1.9717E-01  1.0899E+00  1.9455E-01
  8.6589E-01  1.4094E+01 -8.8096E-03  4.9377E-01  1.9717E-01  1.0899E+00  1.9456E-01
  8.6813E-01  1.4101E+01 -8.8215E-03  4.9421E-01  1.9717E-01  1.0899E+00  1.9457E-01
  8.7038E-01  1.4109E+01 -8.8333E-03  4.9465E-01  1.9718E-01  1.0898E+00  1.9457E-01
  8.7262E-01  1.4116E+01 -8.8452E-03  4.9508E-01  1.9718E-01  1.0898E+00  1.9458E-01
  8.7486E-01  1.4124E+01 -8.8571E-03  4.9552E-01  1.9718E-01  1.0898E+00  1.9459E-01
  8.7711E-01  1.4131E+01 -8.8690E-03  4.9596E-01  1.9719E-01  1.0898E+00  1.9460E-01
  8.7935E-01  1.4139E+01 -8.8808E-03  4.9639E-01  1.9719E-01  1.0898E+00  1.9461E-01
  8.8159E-01  1.4146E+01 -8.8927E-03  4.9683E-01  1.9719E-01  1.0898E+00  1.9461E-01
  8.8384E-01  1.4154E+01 -8.9046E-03  4.9727E-01  1.9720E-01  1.0898E+00  1.9462E-01
  8.8608E-01  1.4161E+01 -8.9165E-03  4.9770E-01  1.9720E-01  1.0898E+00  1.9463E-01
  8.8832E-01  1.4169E+01 -8.9284E-03  4.9814E-01  1.9720E-01  1.0897E+00  1.9464E-01
  8.9057E-01  1.4176E+01 -8.9402E-03  4.9858E-01  1.9721E-01  1.0897E+00  1.9465E-01
  8.9281E-01  1.4184E+01 -8.9521E-03  4.9901E-01  1.9721E-01  1.0897E+00  1.9465E-01
  8.9505E-01  1.4191E+01 -8.9640E-03  4.9945E-01  1.9721E-01  1.0897E+00  1.9466E-01
  8.9730E-01  1.4199E+01 -8.9759E-03  4.9989E-01  1.9722E-01  1.0897E+00  1.9467E-01
  8.9954E-01  1.4206E+01 -8.9878E-03  5.0032E-01  1.9722E-01  1.0897E+00  1.9468E-01
  9.0178E-01  1.4214E+01 -8.9997E-03  5.0076E-01  1.9722E-01  1.0897E+00  1.9468E-01
  9.0402E-01  1.4221E+01 -9.0115E-03  5.0120E-01  1.9723E-01  1.0897E+00  1.9469E-01
  9.0627E-01  1.4229E+01 -9.0234E-03  5.0163E-01  1.9723E-01  1.0896E+00  1.9470E-01
  9.0851E-01  1.4236E+01 -9.0353E-03  5.0207E-01  1.9723E-01  1.0896E+00  1.9471E-01
  9.1075E-01  1.4244E+01 -9.0472E-03  5.0251E-01  1.9723E-01  1.0896E+00  1.9471E-01
  9.1300E-01  1.4251E+01 -9.0591E-03  5.0294E-01  1.9724E-01  1.0896E+00  1.9472E-01
  9.1524E-01  1.4259E+01 -9.0709E-03  5.0338E-01  1.9724E-01  1.0896E+00  1.9473E-01
  9.1748E-01  1.4266E+01 -9.0828E-03  5.0382E-01  1.9724E-01  1.0896E+00  1.9474E-01
  9.1973E-01  1.4273E+01 -9.0947E-03  5.0425E-01  1.9725E-01  1.0896E+00  1.9475E-01
  9.2197E-01  1.4281E+01 -9.1066E-03  5.0469E-01  1.9725E-01  1.0896E+00  1.9475E-01
  9.2421E-01  1.4288E+01 -9.1185E-03  5.0513E-01  1.9725E-01  1.0895E+00  1.9476E-01
  9.2646E-01  1.4296E+01 -9.1304E-03  5.0557E-01  1.9726E-01  1.0895E+00  1.9477E-01
  9.2870E-01  1.4303E+01 -9.1422E-03  5.0600E-01  1.9726E-01  1.0895E+00  1.9478E-01
  9.3094E-01  1.4311E+01 -9.1541E-03  5.0644E-01  1.9726E-01  1.0895E+00  1.9478E-01
  9.3319E-01  1.4318E+01 -9.1660E-03  5.0688E-01  1.9727E-01  1.0895E+00  1.9479E-01
  9.3543E-01  1.4326E+01 -9.1779E-03  5.0731E-01  1.9727E-01  1.0895E+00  1.9480E-01
  9.3767E-01  1.4333E+01 -9.1898E-03  5.0775E-01  1.9727E-01  1.0895E+00  1.9481E-01
  9.3992E-01  1.4341E+01 -9.2017E-03  5.0819E-01  1.9728E-01  1.0894E+00  1.9481E-01
  9.4216E-01  1.4348E+01 -9.2136E-03  5.0863E-01  1.9728E-01  1.0894E+00  1.9482E-01
  9.4440E-01  1.4356E+01 -9.2254E-03  5.0906E-01  1.9728E-01  1.0894E+00  1.9483E-01
  9.4665E-01  1.4363E+01 -9.2373E-03  5.0950E-01  1.9729E-01  1.0894E+00  1.9484E-01
  9.4889E-01  1.4371E+01 -9.2492E-03  5.0994E-01  1.9729E-01  1.0894E+00  1.9484E-01
  9.5113E-01  1.4378E+01 -9.2611E-03  5.1037E-01  1.9729E-01  1.0894E+00  1.9485E-01
  9.5338E-01  1.4386E+01 -9.2730E-03  5.1081E-01  1.9730E-01  1.0894E+00  1.9486E-01
  9.5562E-01  1.4393E+01 -9.2849E-03  5.1125E-01  1.9730E-01  1.0894E+00  1.9487E-01
  9.5786E-01  1.4401E+01 -9.2968E-03  5.1169E-01  1.9730E-01  1.0893E+00  1.9487E-01
  9.6011E-01  1.4408E+01 -9.3087E-03  5.1212E-01  1.9731E-01  1.0893E+00  1.9488E-01
  9.6235E-01  1.4416E+01 -9.3206E-03  5.1256E-01  1.9731E-01  1.0893E+00  1.9489E-01
  9.6459E-01  1.4423E+01 -9.3324E-03  5.1300E-01  1.9731E-01  1.0893E+00  1.9490E-01
  9.6684E-01  1.4431E+01 -9.3443E-03  5.1344E-01  1.9731E-01  1.0893E+00  1.9490E-01
  9.6908E-01  1.4438E+01 -9.3562E-03  5.1387E-01  1.9732E-01  1.0893E+00  1.9491E-01
  9.7132E-01  1.4446E+01 -9.3681E-03  5.1431E-01  1.9732E-01  1.0893E+00  1.9492E-01
  9.7357E-01  1.4453E+01 -9.3800E-03  5.1475E-01  1.9732E-01  1.0893E+00  1.9493E-01
  9.7581E-01  1.4461E+01 -9.3919E-03  5.1518E-01  1.9733E-01  1.0892E+00  1.9493E-01
  9.7805E-01  1.4468E+01 -9.4038E-03  5.1562E-01  1.9733E-01  1.0892E+00  1.9494E-01
  9.8030E-01  1.4476E+01 -9.4157E-03  5.1606E-01  1.9733E-01  1.0892E+00  1.9495E-01
  9.8254E-01  1.4483E+01 -9.4276E-03  5.1650E-01  1.9734E-01  1.0892E+00  1.9496E-01
  9.8478E-01  1.4490E+01 -9.4395E-03  5.1693E-01  1.9734E-01  1.0892E+00  1.9496E-01
  9.8702E-01  1.4498E+01 -9.4513E-03  5.1737E-01  1.9734E-01  1.0892E+00  1.9497E-01
  9.8927E-01  1.4505E+01 -9.4632E-03  5.1781E-01  1.9735E-01  1.0892E+00  1.9498E-01
  9.9151E-01  1.4513E+01 -9.4751E-03  5.1825E-01  1.9735E-01  1.0891E+00  1.9498E-01
  9.9375E-01  1.4520E+01 -9.4870E-03  5.1868E-01  1.9735E-01  1.0891E+00  1.9499E-01
  9.9600E-01  1.4528E+01 -9.4989E-03  5.1912E-01  1.9736E-01  1.0891E+00  1.9500E-01
  9.9824E-01  1.4535E+01 -9.5108E-03  5.1956E-01  1.9736E-01  1.0891E+00  1.9501E-01
  1.0005E+00  1.4543E+01 -9.5227E-03  5.2000E-01  1.9736E-01  1.0891E+00  1.9501E-01
  1.0027E+00  1.4550E+01 -9.5346E-03  5.2043E-01  1.9737E-01  1.0891E+00  1.9502E-01
  1.0050E+00  1.4558E+01 -9.5465E-03  5.2087E-01  1.9737E-01  1.0891E+00  1.9503E-01
  1.0072E+00  1.4565E+01 -9.5584E-03  5.2131E-01  1.9737E-01  1.0891E+00  1.9504E-01
  1.0095E+00  1.4573E+01 -9.5703E-03  5.2175E-01  1.9737E-01  1.0890E+00  1.9504E-01
  1.0117E+00  1.4580E+01 -9.5822E-03  5.2218E-01  1.9738E-01  1.0890E+00  1.9505E-01
  1.0139E+00  1.4588E+01 -9.5941E-03  5.2262E-01  1.9738E-01  1.0890E+00  1.9506E-01
  1.0162E+00  1.4595E+01 -9.6060E-03  5.2306E-01  1.9738E-01  1.0890E+00  1.9506E-01
  1.0184E+00  1.4603E+01 -9.6179E-03  5.2350E-01  1.9739E-01  1.0890E+00  1.9507E-01
  1.0207E+00  1.4610E+01 -9.6297E-03  5.2394E-01  1.9739E-01  1.0890E+00  1.9508E-01
  1.0229E+00  1.4618E+01 -9.6416E-03  5.2437E-01  1.9739E-01  1.0890E+00  1.9509E-01
  1.0252E+00  1.4625E+01 -9.6535E-03  5.2481E-01  1.9740E-01  1.0889E+00  1.9509E-01
  1.0274E+00  1.4633E+01 -9.6654E-03  5.2525E-01  1.9740E-01  1.0889E+00  1.9510E-01
  1.0296E+00  1.4640E+01 -9.6773E-03  5.2569E-01  1.9740E-01  1.0889E+00  1.9511E-01
  1.0319E+00  1.4648E+01 -9.6892E-03  5.2612E-01  1.9741E-01  1.0889E+00  1.9511E-01
  1.0341E+00  1.4655E+01 -9.7011E-03  5.2656E-01  1.9741E-01  1.0889E+00  1.9512E-01
  1.0364E+00  1.4663E+01 -9.7130E-03  5.2700E-01  1.9741E-01  1.0889E+00  1.9513E-01
  1.0386E+00  1.4670E+01 -9.7249E-03  5.2744E-01  1.9742E-01  1.0889E+00  1.9514E-01
  1.0409E+00  1.4678E+01 -9.7368E-03  5.2788E-01  1.9742E-01  1.0889E+00  1.9514E-01
  1.0431E+00  1.4685E+01 -9.7487E-03  5.2831E-01  1.9742E-01  1.0888E+00  1.9515E-01
  1.0453E+00  1.4693E+01 -9.7606E-03  5.2875E-01  1.9743E-01  1.0888E+00  1.9516E-01
  1.0476E+00  1.4700E+01 -9.7725E-03  5.2919E-01  1.9743E-01  1.0888E+00  1.9516E-01
  1.0498E+00  1.4708E+01 -9.7844E-03  5.2963E-01  1.9743E-01  1.0888E+00  1.9517E-01
  1.0521E+00  1.4715E+01 -9.7963E-03  5.3007E-01  1.9743E-01  1.0888E+00  1.9518E-01
  1.0543E+00  1.4722E+01 -9.8082E-03  5.3050E-01  1.9744E-01  1.0888E+00  1.9518E-01
  1.0566E+00  1.4730E+01 -9.8201E-03  5.3094E-01  1.9744E-01  1.0888E+00  1.9519E-01
  1.0588E+00  1.4737E+01 -9.8320E-03  5.3138E-01  1.9744E-01  1.0887E+00  1.9520E-01
  1.0611E+00  1.4745E+01 -9.8439E-03  5.3182E-01  1.9745E-01  1.0887E+00  1.9521E-01
  1.0633E+00  1.4752E+01 -9.8558E-03  5.3226E-01  1.9745E-01  1.0887E+00  1.9521E-01
  1.0655E+00  1.4760E+01 -9.8677E-03  5.3269E-01  1.9745E-01  1.0887E+00  1.9522E-01
  1.0678E+00  1.4767E+01 -9.8796E-03  5.3313E-01  1.9746E-01  1.0887E+00  1.9523E-01
  1.0700E+00  1.4775E+01 -9.8915E-03  5.3357E-01  1.9746E-01  1.0887E+00  1.9523E-01
  1.0723E+00  1.4782E+01 -9.9034E-03  5.3401E-01  1.9746E-01  1.0887E+00  1.9524E-01
  1.0745E+00  1.4790E+01 -9.9153E-03  5.3445E-01  1.9747E-01  1.0887E+00  1.9525E-01
  1.0768E+00  1.4797E+01 -9.9272E-03  5.3488E-01  1.9747E-01  1.0886E+00  1.9525E-01
  1.0790E+00  1.4805E+01 -9.9391E-03  5.3532E-01  1.9747E-01  1.0886E+00  1.9526E-01
  1.0812E+00  1.4812E+01 -9.9510E-03  5.3576E-01  1.9748E-01  1.0886E+00  1.9527E-01
  1.0835E+00  1.4820E+01 -9.9629E-03  5.3620E-01  1.9748E-01  1.0886E+00  1.9527E-01
  1.0857E+00  1.4827E+01 -9.9748E-03  5.3664E-01  1.9748E-01  1.0886E+00  1.9528E-01
  1.0880E+00  1.4835E+01 -9.9867E-03  5.3707E-01  1.9748E-01  1.0886E+00  1.9529E-01
  1.0902E+00  1.4842E+01 -9.9986E-03  5.3751E-01  1.9749E-01  1.0886E+00  1.9529E-01
  1.0925E+00  1.4850E+01 -1.0011E-02  5.3795E-01  1.9749E-01  1.0885E+00  1.9530E-01
  1.0947E+00  1.4857E+01 -1.0022E-02  5.3839E-01  1.9749E-01  1.0885E+00  1.9531E-01
  1.0969E+00  1.4865E+01 -1.0034E-02  5.3883E-01  1.9750E-01  1.0885E+00  1.9531E-01
  1.0992E+00  1.4872E+01 -1.0046E-02  5.3927E-01  1.9750E-01  1.0885E+00  1.9532E-01
  1.1014E+00  1.4880E+01 -1.0058E-02  5.3970E-01  1.9750E-01  1.0885E+00  1.9533E-01
  1.1037E+00  1.4887E+01 -1.0070E-02  5.4014E-01  1.9751E-01  1.0885E+00  1.9534E-01
  1.1059E+00  1.4895E+01 -1.0082E-02  5.4058E-01  1.9751E-01  1.0885E+00  1.9534E-01
  1.1082E+00  1.4902E+01 -1.0094E-02  5.4102E-01  1.9751E-01  1.0885E+00  1.9535E-01
  1.1104E+00  1.4910E+01 -1.0106E-02  5.4146E-01  1.9752E-01  1.0884E+00  1.9536E-01
  1.1126E+00  1.4917E+01 -1.0118E-02  5.4190E-01  1.9752E-01  1.0884E+00  1.9536E-01
  1.1149E+00  1.4925E+01 -1.0130E-02  5.4233E-01  1.9752E-01  1.0884E+00  1.9537E-01
  1.1171E+00  1.4932E+01 -1.0141E-02  5.4277E-01  1.9753E-01  1.0884E+00  1.9538E-01
  1.1194E+00  1.4939E+01 -1.0153E-02  5.4321E-01  1.9753E-01  1.0884E+00  1.9538E-01
  1.1216E+00  1.4947E+01 -1.0165E-02  5.4365E-01  1.9753E-01  1.0884E+00  1.9539E-01
  1.1239E+00  1.4954E+01 -1.0177E-02  5.4409E-01  1.9753E-01  1.0884E+00  1.9540E-01
  1.1261E+00  1.4962E+01 -1.0189E-02  5.4453E-01  1.9754E-01  1.0883E+00  1.9540E-01
  1.1283E+00  1.4969E+01 -1.0201E-02  5.4496E-01  1.9754E-01  1.0883E+00  1.9541E-01
  1.1306E+00  1.4977E+01 -1.0213E-02  5.4540E-01  1.9754E-01  1.0883E+00  1.9542E-01
  1.1328E+00  1.4984E+01 -1.0225E-02  5.4584E-01  1.9755E-01  1.0883E+00  1.9542E-01
  1.1351E+00  1.4992E+01 -1.0237E-02  5.4628E-01  1.9755E-01  1.0883E+00  1.9543E-01
  1.1373E+00  1.4999E+01 -1.0249E-02  5.4672E-01  1.9755E-01  1.0883E+00  1.9544E-01
  1.1396E+00  1.5007E+01 -1.0261E-02  5.4716E-01  1.9756E-01  1.0883E+00  1.9544E-01
  1.1418E+00  1.5014E+01 -1.0272E-02  5.4760E-01  1.9756E-01  1.0883E+00  1.9545E-01
  1.1441E+00  1.5022E+01 -1.0284E-02  5.4803E-01  1.9756E-01  1.0882E+00  1.9545E-01
  1.1463E+00  1.5029E+01 -1.0296E-02  5.4847E-01  1.9757E-01  1.0882E+00  1.9546E-01
  1.1485E+00  1.5037E+01 -1.0308E-02  5.4891E-01  1.9757E-01  1.0882E+00  1.9547E-01
  1.1508E+00  1.5044E+01 -1.0320E-02  5.4935E-01  1.9757E-01  1.0882E+00  1.9547E-01
  1.1530E+00  1.5052E+01 -1.0332E-02  5.4979E-01  1.9757E-01  1.0882E+00  1.9548E-01
  1.1553E+00  1.5059E+01 -1.0344E-02  5.5023E-01  1.9758E-01  1.0882E+00  1.9549E-01
  1.1575E+00  1.5067E+01 -1.0356E-02  5.5067E-01  1.9758E-01  1.0882E+00  1.9549E-01
  1.1598E+00  1.5074E+01 -1.0368E-02  5.5110E-01  1.9758E-01  1.0881E+00  1.9550E-01
  1.1620E+00  1.5082E+01 -1.0380E-02  5.5154E-01  1.9759E-01  1.0881E+00  1.9551E-01
  1.1642E+00  1.5089E+01 -1.0392E-02  5.5198E-01  1.9759E-01  1.0881E+00  1.9551E-01
  1.1665E+00  1.5097E+01 -1.0404E-02  5.5242E-01  1.9759E-01  1.0881E+00  1.9552E-01
  1.1687E+00  1.5104E+01 -1.0415E-02  5.5286E-01  1.9760E-01  1.0881E+00  1.9553E-01
  1.1710E+00  1.5112E+01 -1.0427E-02  5.5330E-01  1.9760E-01  1.0881E+00  1.9553E-01
  1.1732E+00  1.5119E+01 -1.0439E-02  5.5374E-01  1.9760E-01  1.0881E+00  1.9554E-01
  1.1755E+00  1.5127E+01 -1.0451E-02  5.5418E-01  1.9761E-01  1.0880E+00  1.9555E-01
  1.1777E+00  1.5134E+01 -1.0463E-02  5.5461E-01  1.9761E-01  1.0880E+00  1.9555E-01
  1.1799E+00  1.5142E+01 -1.0475E-02  5.5505E-01  1.9761E-01  1.0880E+00  1.9556E-01
  1.1822E+00  1.5149E+01 -1.0487E-02  5.5549E-01  1.9762E-01  1.0880E+00  1.9557E-01
  1.1844E+00  1.5157E+01 -1.0499E-02  5.5593E-01  1.9762E-01  1.0880E+00  1.9557E-01
  1.1867E+00  1.5164E+01 -1.0511E-02  5.5637E-01  1.9762E-01  1.0880E+00  1.9558E-01
  1.1889E+00  1.5171E+01 -1.0523E-02  5.5681E-01  1.9762E-01  1.0880E+00  1.9558E-01
  1.1912E+00  1.5179E+01 -1.0535E-02  5.5725E-01  1.9763E-01  1.0880E+00  1.9559E-01
  1.1934E+00  1.5186E+01 -1.0546E-02  5.5769E-01  1.9763E-01  1.0879E+00  1.9560E-01
  1.1956E+00  1.5194E+01 -1.0558E-02  5.5813E-01  1.9763E-01  1.0879E+00  1.9560E-01
  1.1979E+00  1.5201E+01 -1.0570E-02  5.5856E-01  1.9764E-01  1.0879E+00  1.9561E-01
  1.2001E+00  1.5209E+01 -1.0582E-02  5.5900E-01  1.9764E-01  1.0879E+00  1.9562E-01
  1.2024E+00  1.5216E+01 -1.0594E-02  5.5944E-01  1.9764E-01  1.0879E+00  1.9562E-01
  1.2046E+00  1.5224E+01 -1.0606E-02  5.5988E-01  1.9765E-01  1.0879E+00  1.9563E-01
  1.2069E+00  1.5231E+01 -1.0618E-02  5.6032E-01  1.9765E-01  1.0879E+00  1.9564E-01
  1.2091E+00  1.5239E+01 -1.0630E-02  5.6076E-01  1.9765E-01  1.0878E+00  1.9564E-01
  1.2113E+00  1.5246E+01 -1.0642E-02  5.6120E-01  1.9766E-01  1.0878E+00  1.9565E-01
  1.2136E+00  1.5254E+01 -1.0654E-02  5.6164E-01  1.9766E-01  1.0878E+00  1.9565E-01
  1.2158E+00  1.5261E+01 -1.0666E-02  5.6208E-01  1.9766E-01  1.0878E+00  1.9566E-01
  1.2181E+00  1.5269E+01 -1.0678E-02  5.6252E-01  1.9766E-01  1.0878E+00  1.9567E-01
  1.2203E+00  1.5276E+01 -1.0689E-02  5.6295E-01  1.9767E-01  1.0878E+00  1.9567E-01
  1.2226E+00  1.5284E+01 -1.0701E-02  5.6339E-01  1.9767E-01  1.0878E+00  1.9568E-01
  1.2248E+00  1.5291E+01 -1.0713E-02  5.6383E-01  1.9767E-01  1.0877E+00  1.9569E-01
  1.2271E+00  1.5299E+01 -1.0725E-02  5.6427E-01  1.9768E-01  1.0877E+00  1.9569E-01
  1.2293E+00  1.5306E+01 -1.0737E-02  5.6471E-01  1.9768E-01  1.0877E+00  1.9570E-01
  1.2315E+00  1.5314E+01 -1.0749E-02  5.6515E-01  1.9768E-01  1.0877E+00  1.9570E-01
  1.2338E+00  1.5321E+01 -1.0761E-02  5.6559E-01  1.9769E-01  1.0877E+00  1.9571E-01
  1.2360E+00  1.5329E+01 -1.0773E-02  5.6603E-01  1.9769E-01  1.0877E+00  1.9572E-01
  1.2383E+00  1.5336E+01 -1.0785E-02  5.6647E-01  1.9769E-01  1.0877E+00  1.9572E-01
  1.2405E+00  1.5344E+01 -1.0797E-02  5.6691E-01  1.9769E-01  1.0876E+00  1.9573E-01
  1.2428E+00  1.5351E+01 -1.0809E-02  5.6735E-01  1.9770E-01  1.0876E+00  1.9574E-01
  1.2450E+00  1.5359E+01 -1.0821E-02  5.6778E-01  1.9770E-01  1.0876E+00  1.9574E-01
  1.2472E+00  1.5366E+01 -1.0833E-02  5.6822E-01  1.9770E-01  1.0876E+00  1.9575E-01
  1.2495E+00  1.5374E+01 -1.0844E-02  5.6866E-01  1.9771E-01  1.0876E+00  1.9575E-01
  1.2517E+00  1.5381E+01 -1.0856E-02  5.6910E-01  1.9771E-01  1.0876E+00  1.9576E-01
  1.2540E+00  1.5389E+01 -1.0868E-02  5.6954E-01  1.9771E-01  1.0876E+00  1.9577E-01
  1.2562E+00  1.5396E+01 -1.0880E-02  5.6998E-01  1.9772E-01  1.0876E+00  1.9577E-01
  1.2585E+00  1.5403E+01 -1.0892E-02  5.7042E-01  1.9772E-01  1.0875E+00  1.9578E-01
  1.2607E+00  1.5411E+01 -1.0904E-02  5.7086E-01  1.9772E-01  1.0875E+00  1.9579E-01
  1.2629E+00  1.5418E+01 -1.0916E-02  5.7130E-01  1.9773E-01  1.0875E+00  1.9579E-01
  1.2652E+00  1.5426E+01 -1.0928E-02  5.7174E-01  1.9773E-01  1.0875E+00  1.9580E-01
  1.2674E+00  1.5433E+01 -1.0940E-02  5.7218E-01  1.9773E-01  1.0875E+00  1.9580E-01
  1.2697E+00  1.5441E+01 -1.0952E-02  5.7262E-01  1.9773E-01  1.0875E+00  1.9581E-01
  1.2719E+00  1.5448E+01 -1.0964E-02  5.7306E-01  1.9774E-01  1.0875E+00  1.9582E-01
  1.2742E+00  1.5456E+01 -1.0976E-02  5.7350E-01  1.9774E-01  1.0874E+00  1.9582E-01
  1.2764E+00  1.5463E+01 -1.0987E-02  5.7394E-01  1.9774E-01  1.0874E+00  1.9583E-01
  1.2786E+00  1.5471E+01 -1.0999E-02  5.7437E-01  1.9775E-01  1.0874E+00  1.9583E-01
  1.2809E+00  1.5478E+01 -1.1011E-02  5.7481E-01  1.9775E-01  1.0874E+00  1.9584E-01
  1.2831E+00  1.5486E+01 -1.1023E-02  5.7525E-01  1.9775E-01  1.0874E+00  1.9585E-01
  1.2854E+00  1.5493E+01 -1.1035E-02  5.7569E-01  1.9776E-01  1.0874E+00  1.9585E-01
  1.2876E+00  1.5501E+01 -1.1047E-02  5.7613E-01  1.9776E-01  1.0874E+00  1.9586E-01
  1.2899E+00  1.5508E+01 -1.1059E-02  5.7657E-01  1.9776E-01  1.0873E+00  1.9586E-01
  1.2921E+00  1.5516E+01 -1.1071E-02  5.7701E-01  1.9777E-01  1.0873E+00  1.9587E-01
  1.2943E+00  1.5523E+01 -1.1083E-02  5.7745E-01  1.9777E-01  1.0873E+00  1.9588E-01
  1.2966E+00  1.5531E+01 -1.1095E-02  5.7789E-01  1.9777E-01  1.0873E+00  1.9588E-01
  1.2988E+00  1.5538E+01 -1.1107E-02  5.7833E-01  1.9777E-01  1.0873E+00  1.9589E-01
  1.3011E+00  1.5546E+01 -1.1119E-02  5.7877E-01  1.9778E-01  1.0873E+00  1.9589E-01
  1.3033E+00  1.5553E+01 -1.1131E-02  5.7921E-01  1.9778E-01  1.0873E+00  1.9590E-01
  1.3056E+00  1.5561E+01 -1.1143E-02  5.7965E-01  1.9778E-01  1.0872E+00  1.9591E-01
  1.3078E+00  1.5568E+01 -1.1154E-02  5.8009E-01  1.9779E-01  1.0872E+00  1.9591E-01
  1.3101E+00  1.5576E+01 -1.1166E-02  5.8053E-01  1.9779E-01  1.0872E+00  1.9592E-01
  1.3123E+00  1.5583E+01 -1.1178E-02  5.8097E-01  1.9779E-01  1.0872E+00  1.9592E-01
  1.3145E+00  1.5591E+01 -1.1190E-02  5.8141E-01  1.9780E-01  1.0872E+00  1.9593E-01
  1.3168E+00  1.5598E+01 -1.1202E-02  5.8185E-01  1.9780E-01  1.0872E+00  1.9594E-01
  1.3190E+00  1.5606E+01 -1.1214E-02  5.8229E-01  1.9780E-01  1.0872E+00  1.9594E-01
  1.3213E+00  1.5613E+01 -1.1226E-02  5.8273E-01  1.9780E-01  1.0871E+00  1.9595E-01
  1.3235E+00  1.5620E+01 -1.1238E-02  5.8317E-01  1.9781E-01  1.0871E+00  1.9595E-01
  1.3258E+00  1.5628E+01 -1.1250E-02  5.8361E-01  1.9781E-01  1.0871E+00  1.9596E-01
  1.3280E+00  1.5635E+01 -1.1262E-02  5.8405E-01  1.9781E-01  1.0871E+00  1.9597E-01
  1.3302E+00  1.5643E+01 -1.1274E-02  5.8448E-01  1.9782E-01  1.0871E+00  1.9597E-01
  1.3325E+00  1.5650E+01 -1.1286E-02  5.8492E-01  1.9782E-01  1.0871E+00  1.9598E-01
  1.3347E+00  1.5658E+01 -1.1298E-02  5.8536E-01  1.9782E-01  1.0871E+00  1.9598E-01
  1.3370E+00  1.5665E+01 -1.1310E-02  5.8580E-01  1.9783E-01  1.0870E+00  1.9599E-01
  1.3392E+00  1.5673E+01 -1.1321E-02  5.8624E-01  1.9783E-01  1.0870E+00  1.9600E-01
  1.3415E+00  1.5680E+01 -1.1333E-02  5.8668E-01  1.9783E-01  1.0870E+00  1.9600E-01
  1.3437E+00  1.5688E+01 -1.1345E-02  5.8712E-01  1.9784E-01  1.0870E+00  1.9601E-01
  1.3459E+00  1.5695E+01 -1.1357E-02  5.8756E-01  1.9784E-01  1.0870E+00  1.9601E-01
  1.3482E+00  1.5703E+01 -1.1369E-02  5.8800E-01  1.9784E-01  1.0870E+00  1.9602E-01
  1.3504E+00  1.5710E+01 -1.1381E-02  5.8844E-01  1.9784E-01  1.0870E+00  1.9602E-01
  1.3527E+00  1.5718E+01 -1.1393E-02  5.8888E-01  1.9785E-01  1.0869E+00  1.9603E-01
  1.3549E+00  1.5725E+01 -1.1405E-02  5.8932E-01  1.9785E-01  1.0869E+00  1.9604E-01
  1.3572E+00  1.5733E+01 -1.1417E-02  5.8976E-01  1.9785E-01  1.0869E+00  1.9604E-01
  1.3594E+00  1.5740E+01 -1.1429E-02  5.9020E-01  1.9786E-01  1.0869E+00  1.9605E-01
  1.3616E+00  1.5748E+01 -1.1441E-02  5.9064E-01  1.9786E-01  1.0869E+00  1.9605E-01
  1.3639E+00  1.5755E+01 -1.1453E-02  5.9108E-01  1.9786E-01  1.0869E+00  1.9606E-01
  1.3661E+00  1.5763E+01 -1.1465E-02  5.9152E-01  1.9787E-01  1.0869E+00  1.9607E-01
  1.3684E+00  1.5770E+01 -1.1477E-02  5.9196E-01  1.9787E-01  1.0868E+00  1.9607E-01
  1.3706E+00  1.5778E+01 -1.1489E-02  5.9240E-01  1.9787E-01  1.0868E+00  1.9608E-01
  1.3729E+00  1.5785E+01 -1.1500E-02  5.9284E-01  1.9787E-01  1.0868E+00  1.9608E-01
  1.3751E+00  1.5793E+01 -1.1512E-02  5.9328E-01  1.9788E-01  1.0868E+00  1.9609E-01
  1.3773E+00  1.5800E+01 -1.1524E-02  5.9372E-01  1.9788E-01  1.0868E+00  1.9609E-01
  1.3796E+00  1.5808E+01 -1.1536E-02  5.9416E-01  1.9788E-01  1.0868E+00  1.9610E-01
  1.3818E+00  1.5815E+01 -1.1548E-02  5.9460E-01  1.9789E-01  1.0868E+00  1.9611E-01
  1.3841E+00  1.5823E+01 -1.1560E-02  5.9504E-01  1.9789E-01  1.0867E+00  1.9611E-01
  1.3863E+00  1.5830E+01 -1.1572E-02  5.9548E-01  1.9789E-01  1.0867E+00  1.9612E-01
  1.3886E+00  1.5838E+01 -1.1584E-02  5.9592E-01  1.9790E-01  1.0867E+00  1.9612E-01
  1.3908E+00  1.5845E+01 -1.1596E-02  5.9636E-01  1.9790E-01  1.0867E+00  1.9613E-01
  1.3931E+00  1.5852E+01 -1.1608E-02  5.9680E-01  1.9790E-01  1.0867E+00  1.9613E-01
  1.3953E+00  1.5860E+01 -1.1620E-02  5.9724E-01  1.9790E-01  1.0867E+00  1.9614E-01
  1.3975E+00  1.5867E+01 -1.1632E-02  5.9768E-01  1.9791E-01  1.0867E+00  1.9615E-01
  1.3998E+00  1.5875E+01 -1.1644E-02  5.9812E-01  1.9791E-01  1.0866E+00  1.9615E-01
  1.4020E+00  1.5882E+01 -1.1656E-02  5.9856E-01  1.9791E-01  1.0866E+00  1.9616E-01
  1.4043E+00  1.5890E+01 -1.1668E-02  5.9900E-01  1.9792E-01  1.0866E+00  1.9616E-01
  1.4065E+00  1.5897E+01 -1.1679E-02  5.9944E-01  1.9792E-01  1.0866E+00  1.9617E-01
  1.4088E+00  1.5905E+01 -1.1691E-02  5.9988E-01  1.9792E-01  1.0866E+00  1.9617E-01
  1.4110E+00  1.5912E+01 -1.1703E-02  6.0032E-01  1.9793E-01  1.0866E+00  1.9618E-01
  1.4132E+00  1.5920E+01 -1.1715E-02  6.0076E-01  1.9793E-01  1.0866E+00  1.9619E-01
  1.4155E+00  1.5927E+01 -1.1727E-02  6.0120E-01  1.9793E-01  1.0865E+00  1.9619E-01
  1.4177E+00  1.5935E+01 -1.1739E-02  6.0164E-01  1.9793E-01  1.0865E+00  1.9620E-01
  1.4200E+00  1.5942E+01 -1.1751E-02  6.0208E-01  1.9794E-01  1.0865E+00  1.9620E-01
  1.4222E+00  1.5950E+01 -1.1763E-02  6.0252E-01  1.9794E-01  1.0865E+00  1.9621E-01
  1.4245E+00  1.5957E+01 -1.1775E-02  6.0297E-01  1.9794E-01  1.0865E+00  1.9621E-01
  1.4267E+00  1.5965E+01 -1.1787E-02  6.0341E-01  1.9795E-01  1.0865E+00  1.9622E-01
  1.4289E+00  1.5972E+01 -1.1799E-02  6.0385E-01  1.9795E-01  1.0865E+00  1.9622E-01
  1.4312E+00  1.5980E+01 -1.1811E-02  6.0429E-01  1.9795E-01  1.0864E+00  1.9623E-01
  1.4334E+00  1.5987E+01 -1.1823E-02  6.0473E-01  1.9796E-01  1.0864E+00  1.9624E-01
  1.4357E+00  1.5995E+01 -1.1835E-02  6.0517E-01  1.9796E-01  1.0864E+00  1.9624E-01
  1.4379E+00  1.6002E+01 -1.1847E-02  6.0561E-01  1.9796E-01  1.0864E+00  1.9625E-01
  1.4402E+00  1.6010E+01 -1.1859E-02  6.0605E-01  1.9796E-01  1.0864E+00  1.9625E-01
  1.4424E+00  1.6017E+01 -1.1871E-02  6.0649E-01  1.9797E-01  1.0864E+00  1.9626E-01
  1.4446E+00  1.6025E+01 -1.1882E-02  6.0693E-01  1.9797E-01  1.0864E+00  1.9626E-01
  1.4469E+00  1.6032E+01 -1.1894E-02  6.0737E-01  1.9797E-01  1.0863E+00  1.9627E-01
  1.4491E+00  1.6040E+01 -1.1906E-02  6.0781E-01  1.9798E-01  1.0863E+00  1.9627E-01
  1.4514E+00  1.6047E+01 -1.1918E-02  6.0825E-01  1.9798E-01  1.0863E+00  1.9628E-01
  1.4536E+00  1.6055E+01 -1.1930E-02  6.0869E-01  1.9798E-01  1.0863E+00  1.9629E-01
  1.4559E+00  1.6062E+01 -1.1942E-02  6.0913E-01  1.9799E-01  1.0863E+00  1.9629E-01
  1.4581E+00  1.6069E+01 -1.1954E-02  6.0957E-01  1.9799E-01  1.0863E+00  1.9630E-01
  1.4603E+00  1.6077E+01 -1.1966E-02  6.1001E-01  1.9799E-01  1.0863E+00  1.9630E-01
  1.4626E+00  1.6084E+01 -1.1978E-02  6.1045E-01  1.9799E-01  1.0862E+00  1.9631E-01
  1.4648E+00  1.6092E+01 -1.1990E-02  6.1089E-01  1.9800E-01  1.0862E+00  1.9631E-01
  1.4671E+00  1.6099E+01 -1.2002E-02  6.1133E-01  1.9800E-01  1.0862E+00  1.9632E-01
  1.4693E+00  1.6107E+01 -1.2014E-02  6.1177E-01  1.9800E-01  1.0862E+00  1.9632E-01
  1.4716E+00  1.6114E+01 -1.2026E-02  6.1221E-01  1.9801E-01  1.0862E+00  1.9633E-01
  1.4738E+00  1.6122E+01 -1.2038E-02  6.1265E-01  1.9801E-01  1.0862E+00  1.9634E-01
  1.4761E+00  1.6129E+01 -1.2050E-02  6.1309E-01  1.9801E-01  1.0862E+00  1.9634E-01
  1.4783E+00  1.6137E+01 -1.2062E-02  6.1354E-01  1.9802E-01  1.0861E+00  1.9635E-01
  1.4805E+00  1.6144E+01 -1.2074E-02  6.1398E-01  1.9802E-01  1.0861E+00  1.9635E-01
  1.4828E+00  1.6152E+01 -1.2086E-02  6.1442E-01  1.9802E-01  1.0861E+00  1.9636E-01
  1.4850E+00  1.6159E+01 -1.2097E-02  6.1486E-01  1.9802E-01  1.0861E+00  1.9636E-01
  1.4873E+00  1.6167E+01 -1.2109E-02  6.1530E-01  1.9803E-01  1.0861E+00  1.9637E-01
  1.4895E+00  1.6174E+01 -1.2121E-02  6.1574E-01  1.9803E-01  1.0861E+00  1.9637E-01
  1.4918E+00  1.6182E+01 -1.2133E-02  6.1618E-01  1.9803E-01  1.0861E+00  1.9638E-01
  1.4940E+00  1.6189E+01 -1.2145E-02  6.1662E-01  1.9804E-01  1.0860E+00  1.9638E-01
  1.4962E+00  1.6197E+01 -1.2157E-02  6.1706E-01  1.9804E-01  1.0860E+00  1.9639E-01
  1.4985E+00  1.6204E+01 -1.2169E-02  6.1750E-01  1.9804E-01  1.0860E+00  1.9640E-01
  1.5007E+00  1.6212E+01 -1.2181E-02  6.1794E-01  1.9805E-01  1.0860E+00  1.9640E-01
  1.5030E+00  1.6219E+01 -1.2193E-02  6.1838E-01  1.9805E-01  1.0860E+00  1.9641E-01
  1.5052E+00  1.6227E+01 -1.2205E-02  6.1882E-01  1.9805E-01  1.0860E+00  1.9641E-01
  1.5075E+00  1.6234E+01 -1.2217E-02  6.1926E-01  1.9805E-01  1.0859E+00  1.9642E-01
  1.5097E+00  1.6242E+01 -1.2229E-02  6.1970E-01  1.9806E-01  1.0859E+00  1.9642E-01
  1.5119E+00  1.6249E+01 -1.2241E-02  6.2015E-01  1.9806E-01  1.0859E+00  1.9643E-01
  1.5142E+00  1.6257E+01 -1.2253E-02  6.2059E-01  1.9806E-01  1.0859E+00  1.9643E-01
  1.5164E+00  1.6264E+01 -1.2265E-02  6.2103E-01  1.9807E-01  1.0859E+00  1.9644E-01
  1.5187E+00  1.6272E+01 -1.2277E-02  6.2147E-01  1.9807E-01  1.0859E+00  1.9644E-01
  1.5209E+00  1.6279E+01 -1.2289E-02  6.2191E-01  1.9807E-01  1.0859E+00  1.9645E-01
  1.5232E+00  1.6287E+01 -1.2301E-02  6.2235E-01  1.9808E-01  1.0858E+00  1.9645E-01
  1.5254E+00  1.6294E+01 -1.2313E-02  6.2279E-01  1.9808E-01  1.0858E+00  1.9646E-01
  1.5276E+00  1.6301E+01 -1.2325E-02  6.2323E-01  1.9808E-01  1.0858E+00  1.9647E-01
  1.5299E+00  1.6309E+01 -1.2337E-02  6.2367E-01  1.9808E-01  1.0858E+00  1.9647E-01
  1.5321E+00  1.6316E+01 -1.2348E-02  6.2411E-01  1.9809E-01  1.0858E+00  1.9648E-01
  1.5344E+00  1.6324E+01 -1.2360E-02  6.2455E-01  1.9809E-01  1.0858E+00  1.9648E-01
  1.5366E+00  1.6331E+01 -1.2372E-02  6.2499E-01  1.9809E-01  1.0858E+00  1.9649E-01
  1.5389E+00  1.6339E+01 -1.2384E-02  6.2544E-01  1.9810E-01  1.0857E+00  1.9649E-01
  1.5411E+00  1.6346E+01 -1.2396E-02  6.2588E-01  1.9810E-01  1.0857E+00  1.9650E-01
  1.5433E+00  1.6354E+01 -1.2408E-02  6.2632E-01  1.9810E-01  1.0857E+00  1.9650E-01
  1.5456E+00  1.6361E+01 -1.2420E-02  6.2676E-01  1.9810E-01  1.0857E+00  1.9651E-01
  1.5478E+00  1.6369E+01 -1.2432E-02  6.2720E-01  1.9811E-01  1.0857E+00  1.9651E-01
  1.5501E+00  1.6376E+01 -1.2444E-02  6.2764E-01  1.9811E-01  1.0857E+00  1.9652E-01
  1.5523E+00  1.6384E+01 -1.2456E-02  6.2808E-01  1.9811E-01  1.0857E+00  1.9652E-01
  1.5546E+00  1.6391E+01 -1.2468E-02  6.2852E-01  1.9812E-01  1.0856E+00  1.9653E-01
  1.5568E+00  1.6399E+01 -1.2480E-02  6.2896E-01  1.9812E-01  1.0856E+00  1.9653E-01
  1.5591E+00  1.6406E+01 -1.2492E-02  6.2940E-01  1.9812E-01  1.0856E+00  1.9654E-01
  1.5613E+00  1.6414E+01 -1.2504E-02  6.2984E-01  1.9813E-01  1.0856E+00  1.9654E-01
  1.5635E+00  1.6421E+01 -1.2516E-02  6.3029E-01  1.9813E-01  1.0856E+00  1.9655E-01
  1.5658E+00  1.6429E+01 -1.2528E-02  6.3073E-01  1.9813E-01  1.0856E+00  1.9655E-01
  1.5680E+00  1.6436E+01 -1.2540E-02  6.3117E-01  1.9813E-01  1.0855E+00  1.9656E-01
  1.5703E+00  1.6444E+01 -1.2552E-02  6.3161E-01  1.9814E-01  1.0855E+00  1.9657E-01
  1.5725E+00  1.6451E+01 -1.2564E-02  6.3205E-01  1.9814E-01  1.0855E+00  1.9657E-01
  1.5748E+00  1.6459E+01 -1.2576E-02  6.3249E-01  1.9814E-01  1.0855E+00  1.9658E-01
  1.5770E+00  1.6466E+01 -1.2588E-02  6.3293E-01  1.9815E-01  1.0855E+00  1.9658E-01
  1.5792E+00  1.6474E+01 -1.2600E-02  6.3337E-01  1.9815E-01  1.0855E+00  1.9659E-01
  1.5815E+00  1.6481E+01 -1.2612E-02  6.3381E-01  1.9815E-01  1.0855E+00  1.9659E-01
  1.5837E+00  1.6489E+01 -1.2624E-02  6.3426E-01  1.9816E-01  1.0854E+00  1.9660E-01
  1.5860E+00  1.6496E+01 -1.2635E-02  6.3470E-01  1.9816E-01  1.0854E+00  1.9660E-01
  1.5882E+00  1.6504E+01 -1.2647E-02  6.3514E-01  1.9816E-01  1.0854E+00  1.9661E-01
  1.5905E+00  1.6511E+01 -1.2659E-02  6.3558E-01  1.9816E-01  1.0854E+00  1.9661E-01
  1.5927E+00  1.6518E+01 -1.2671E-02  6.3602E-01  1.9817E-01  1.0854E+00  1.9662E-01
  1.5949E+00  1.6526E+01 -1.2683E-02  6.3646E-01  1.9817E-01  1.0854E+00  1.9662E-01
  1.5972E+00  1.6533E+01 -1.2695E-02  6.3690E-01  1.9817E-01  1.0854E+00  1.9663E-01
  1.5994E+00  1.6541E+01 -1.2707E-02  6.3734E-01  1.9818E-01  1.0853E+00  1.9663E-01
  1.6017E+00  1.6548E+01 -1.2719E-02  6.3779E-01  1.9818E-01  1.0853E+00  1.9664E-01
  1.6039E+00  1.6556E+01 -1.2731E-02  6.3823E-01  1.9818E-01  1.0853E+00  1.9664E-01
  1.6062E+00  1.6563E+01 -1.2743E-02  6.3867E-01  1.9818E-01  1.0853E+00  1.9665E-01
  1.6084E+00  1.6571E+01 -1.2755E-02  6.3911E-01  1.9819E-01  1.0853E+00  1.9665E-01
  1.6106E+00  1.6578E+01 -1.2767E-02  6.3955E-01  1.9819E-01  1.0853E+00  1.9666E-01
  1.6129E+00  1.6586E+01 -1.2779E-02  6.3999E-01  1.9819E-01  1.0853E+00  1.9666E-01
  1.6151E+00  1.6593E+01 -1.2791E-02  6.4043E-01  1.9820E-01  1.0852E+00  1.9667E-01
  1.6174E+00  1.6601E+01 -1.2803E-02  6.4087E-01  1.9820E-01  1.0852E+00  1.9667E-01
  1.6196E+00  1.6608E+01 -1.2815E-02  6.4132E-01  1.9820E-01  1.0852E+00  1.9668E-01
  1.6219E+00  1.6616E+01 -1.2827E-02  6.4176E-01  1.9821E-01  1.0852E+00  1.9668E-01
  1.6241E+00  1.6623E+01 -1.2839E-02  6.4220E-01  1.9821E-01  1.0852E+00  1.9669E-01
  1.6263E+00  1.6631E+01 -1.2851E-02  6.4264E-01  1.9821E-01  1.0852E+00  1.9669E-01
  1.6286E+00  1.6638E+01 -1.2863E-02  6.4308E-01  1.9821E-01  1.0851E+00  1.9670E-01
  1.6308E+00  1.6646E+01 -1.2875E-02  6.4352E-01  1.9822E-01  1.0851E+00  1.9670E-01
  1.6331E+00  1.6653E+01 -1.2887E-02  6.4396E-01  1.9822E-01  1.0851E+00  1.9671E-01
  1.6353E+00  1.6661E+01 -1.2899E-02  6.4440E-01  1.9822E-01  1.0851E+00  1.9671E-01
  1.6376E+00  1.6668E+01 -1.2911E-02  6.4485E-01  1.9823E-01  1.0851E+00  1.9672E-01
  1.6394E+00  1.6674E+01 -1.2920E-02  6.4520E-01  1.9823E-01  1.0851E+00  1.9672E-01
  1.6398E+00  1.6676E+01 -1.2923E-02  6.4528E-01  1.9823E-01  1.0851E+00  1.9672E-01
  1.6421E+00  1.6683E+01 -1.2935E-02  6.4573E-01  1.9823E-01  1.0851E+00  1.9673E-01
  1.6443E+00  1.6691E+01 -1.2947E-02  6.4617E-01  1.9823E-01  1.0850E+00  1.9673E-01
  1.6465E+00  1.6698E+01 -1.2959E-02  6.4661E-01  1.9824E-01  1.0850E+00  1.9674E-01
  1.6488E+00  1.6706E+01 -1.2971E-02  6.4705E-01  1.9824E-01  1.0850E+00  1.9674E-01
  1.6510E+00  1.6713E+01 -1.2983E-02  6.4749E-01  1.9824E-01  1.0850E+00  1.9675E-01
  1.6533E+00  1.6721E+01 -1.2995E-02  6.4794E-01  1.9825E-01  1.0850E+00  1.9676E-01
  1.6555E+00  1.6728E+01 -1.3006E-02  6.4838E-01  1.9825E-01  1.0850E+00  1.9676E-01
  1.6578E+00  1.6736E+01 -1.3018E-02  6.4882E-01  1.9825E-01  1.0850E+00  1.9677E-01
  1.6600E+00  1.6743E+01 -1.3030E-02  6.4926E-01  1.9825E-01  1.0849E+00  1.9677E-01
  1.6622E+00  1.6750E+01 -1.3042E-02  6.4970E-01  1.9826E-01  1.0849E+00  1.9678E-01
  1.6645E+00  1.6758E+01 -1.3054E-02  6.5014E-01  1.9826E-01  1.0849E+00  1.9678E-01
  1.6667E+00  1.6765E+01 -1.3066E-02  6.5059E-01  1.9826E-01  1.0849E+00  1.9679E-01
  1.6690E+00  1.6773E+01 -1.3078E-02  6.5103E-01  1.9827E-01  1.0849E+00  1.9679E-01
  1.6712E+00  1.6780E+01 -1.3090E-02  6.5147E-01  1.9827E-01  1.0849E+00  1.9680E-01
  1.6735E+00  1.6788E+01 -1.3102E-02  6.5191E-01  1.9827E-01  1.0848E+00  1.9680E-01
  1.6757E+00  1.6795E+01 -1.3114E-02  6.5235E-01  1.9828E-01  1.0848E+00  1.9681E-01
  1.6779E+00  1.6803E+01 -1.3126E-02  6.5279E-01  1.9828E-01  1.0848E+00  1.9681E-01
  1.6802E+00  1.6810E+01 -1.3138E-02  6.5324E-01  1.9828E-01  1.0848E+00  1.9681E-01
  1.6824E+00  1.6818E+01 -1.3150E-02  6.5368E-01  1.9828E-01  1.0848E+00  1.9682E-01
  1.6847E+00  1.6825E+01 -1.3162E-02  6.5412E-01  1.9829E-01  1.0848E+00  1.9682E-01
  1.6869E+00  1.6833E+01 -1.3174E-02  6.5456E-01  1.9829E-01  1.0848E+00  1.9683E-01
  1.6892E+00  1.6840E+01 -1.3186E-02  6.5500E-01  1.9829E-01  1.0847E+00  1.9683E-01
  1.6914E+00  1.6848E+01 -1.3198E-02  6.5544E-01  1.9830E-01  1.0847E+00  1.9684E-01
  1.6936E+00  1.6855E+01 -1.3210E-02  6.5589E-01  1.9830E-01  1.0847E+00  1.9684E-01
  1.6959E+00  1.6863E+01 -1.3222E-02  6.5633E-01  1.9830E-01  1.0847E+00  1.9685E-01
  1.6981E+00  1.6870E+01 -1.3234E-02  6.5677E-01  1.9830E-01  1.0847E+00  1.9685E-01
  1.7004E+00  1.6878E+01 -1.3246E-02  6.5721E-01  1.9831E-01  1.0847E+00  1.9686E-01
  1.7026E+00  1.6885E+01 -1.3258E-02  6.5765E-01  1.9831E-01  1.0846E+00  1.9686E-01
  1.7049E+00  1.6893E+01 -1.3270E-02  6.5809E-01  1.9831E-01  1.0846E+00  1.9687E-01
  1.7071E+00  1.6900E+01 -1.3282E-02  6.5854E-01  1.9832E-01  1.0846E+00  1.9687E-01
  1.7093E+00  1.6908E+01 -1.3294E-02  6.5898E-01  1.9832E-01  1.0846E+00  1.9688E-01
  1.7116E+00  1.6915E+01 -1.3306E-02  6.5942E-01  1.9832E-01  1.0846E+00  1.9688E-01
  1.7138E+00  1.6923E+01 -1.3318E-02  6.5986E-01  1.9832E-01  1.0846E+00  1.9689E-01
  1.7161E+00  1.6930E+01 -1.3330E-02  6.6030E-01  1.9833E-01  1.0846E+00  1.9689E-01
  1.7183E+00  1.6938E+01 -1.3342E-02  6.6074E-01  1.9833E-01  1.0845E+00  1.9690E-01
  1.7206E+00  1.6945E+01 -1.3354E-02  6.6119E-01  1.9833E-01  1.0845E+00  1.9690E-01
  1.7228E+00  1.6953E+01 -1.3366E-02  6.6163E-01  1.9834E-01  1.0845E+00  1.9691E-01
  1.7251E+00  1.6960E+01 -1.3378E-02  6.6207E-01  1.9834E-01  1.0845E+00  1.9691E-01
  1.7273E+00  1.6968E+01 -1.3390E-02  6.6251E-01  1.9834E-01  1.0845E+00  1.9692E-01
  1.7295E+00  1.6975E+01 -1.3402E-02  6.6295E-01  1.9834E-01  1.0845E+00  1.9692E-01
  1.7318E+00  1.6982E+01 -1.3414E-02  6.6340E-01  1.9835E-01  1.0845E+00  1.9693E-01
  1.7340E+00  1.6990E+01 -1.3426E-02  6.6384E-01  1.9835E-01  1.0844E+00  1.9693E-01
  1.7363E+00  1.6997E+01 -1.3438E-02  6.6428E-01  1.9835E-01  1.0844E+00  1.9694E-01
  1.7385E+00  1.7005E+01 -1.3450E-02  6.6472E-01  1.9836E-01  1.0844E+00  1.9694E-01
  1.7408E+00  1.7012E+01 -1.3462E-02  6.6516E-01  1.9836E-01  1.0844E+00  1.9695E-01
  1.7430E+00  1.7020E+01 -1.3474E-02  6.6561E-01  1.9836E-01  1.0844E+00  1.9695E-01
  1.7452E+00  1.7027E+01 -1.3486E-02  6.6605E-01  1.9837E-01  1.0844E+00  1.9696E-01
  1.7475E+00  1.7035E+01 -1.3498E-02  6.6649E-01  1.9837E-01  1.0843E+00  1.9696E-01
  1.7497E+00  1.7042E+01 -1.3510E-02  6.6693E-01  1.9837E-01  1.0843E+00  1.9697E-01
  1.7520E+00  1.7050E+01 -1.3522E-02  6.6737E-01  1.9837E-01  1.0843E+00  1.9697E-01
  1.7542E+00  1.7057E+01 -1.3534E-02  6.6781E-01  1.9838E-01  1.0843E+00  1.9698E-01
  1.7565E+00  1.7065E+01 -1.3546E-02  6.6826E-01  1.9838E-01  1.0843E+00  1.9698E-01
  1.7587E+00  1.7072E+01 -1.3558E-02  6.6870E-01  1.9838E-01  1.0843E+00  1.9699E-01
  1.7609E+00  1.7080E+01 -1.3570E-02  6.6914E-01  1.9839E-01  1.0843E+00  1.9699E-01
  1.7632E+00  1.7087E+01 -1.3582E-02  6.6958E-01  1.9839E-01  1.0842E+00  1.9700E-01
  1.7654E+00  1.7095E+01 -1.3594E-02  6.7002E-01  1.9839E-01  1.0842E+00  1.9700E-01
  1.7677E+00  1.7102E+01 -1.3606E-02  6.7047E-01  1.9839E-01  1.0842E+00  1.9700E-01
  1.7699E+00  1.7110E+01 -1.3618E-02  6.7091E-01  1.9840E-01  1.0842E+00  1.9701E-01
  1.7722E+00  1.7117E+01 -1.3629E-02  6.7135E-01  1.9840E-01  1.0842E+00  1.9701E-01
  1.7744E+00  1.7125E+01 -1.3641E-02  6.7179E-01  1.9840E-01  1.0842E+00  1.9702E-01
  1.7766E+00  1.7132E+01 -1.3653E-02  6.7224E-01  1.9841E-01  1.0841E+00  1.9702E-01
  1.7789E+00  1.7140E+01 -1.3665E-02  6.7268E-01  1.9841E-01  1.0841E+00  1.9703E-01
  1.7811E+00  1.7147E+01 -1.3677E-02  6.7312E-01  1.9841E-01  1.0841E+00  1.9703E-01
  1.7834E+00  1.7155E+01 -1.3689E-02  6.7356E-01  1.9840E-01  1.0841E+00  1.9702E-01
  1.7856E+00  1.7162E+01 -1.3701E-02  6.7400E-01  1.9836E-01  1.0841E+00  1.9699E-01
  1.7879E+00  1.7170E+01 -1.3713E-02  6.7445E-01  1.9831E-01  1.0840E+00  1.9693E-01
  1.7901E+00  1.7177E+01 -1.3725E-02  6.7489E-01  1.9821E-01  1.0840E+00  1.9683E-01
  1.7923E+00  1.7185E+01 -1.3737E-02  6.7533E-01  1.9803E-01  1.0839E+00  1.9666E-01
  1.7946E+00  1.7192E+01 -1.3749E-02  6.7577E-01  1.9773E-01  1.0838E+00  1.9635E-01
  1.7968E+00  1.7199E+01 -1.3761E-02  6.7621E-01  1.9721E-01  1.0836E+00  1.9584E-01
  1.7991E+00  1.7207E+01 -1.3773E-02  6.7665E-01  1.9636E-01  1.0834E+00  1.9498E-01
  1.8013E+00  1.7214E+01 -1.3785E-02  6.7708E-01  1.9501E-01  1.0832E+00  1.9362E-01
  1.8036E+00  1.7222E+01 -1.3797E-02  6.7752E-01  1.9298E-01  1.0830E+00  1.9159E-01
  1.8058E+00  1.7229E+01 -1.3808E-02  6.7794E-01  1.9015E-01  1.0829E+00  1.8873E-01
  1.8080E+00  1.7237E+01 -1.3820E-02  6.7836E-01  1.8646E-01  1.0830E+00  1.8502E-01
  1.8103E+00  1.7244E+01 -1.3831E-02  6.7877E-01  1.8201E-01  1.0832E+00  1.8054E-01
  1.8125E+00  1.7252E+01 -1.3842E-02  6.7917E-01  1.7696E-01  1.0834E+00  1.7545E-01
  1.8148E+00  1.7259E+01 -1.3853E-02  6.7956E-01  1.7149E-01  1.0835E+00  1.6993E-01
  1.8170E+00  1.7267E+01 -1.3864E-02  6.7994E-01  1.6574E-01  1.0836E+00  1.6413E-01
  1.8193E+00  1.7274E+01 -1.3874E-02  6.8030E-01  1.5983E-01  1.0837E+00  1.5815E-01
  1.8215E+00  1.7282E+01 -1.3884E-02  6.8065E-01  1.5381E-01  1.0837E+00  1.5206E-01
  1.8238E+00  1.7289E+01 -1.3893E-02  6.8098E-01  1.4773E-01  1.0838E+00  1.4592E-01
  1.8260E+00  1.7297E+01 -1.3903E-02  6.8130E-01  1.4162E-01  1.0838E+00  1.3973E-01
  1.8282E+00  1.7304E+01 -1.3912E-02  6.8161E-01  1.3549E-01  1.0838E+00  1.3352E-01
  1.8305E+00  1.7312E+01 -1.3921E-02  6.8190E-01  1.2936E-01  1.0838E+00  1.2729E-01
  1.8327E+00  1.7319E+01 -1.3929E-02  6.8218E-01  1.2322E-01  1.0837E+00  1.2105E-01
  1.8350E+00  1.7327E+01 -1.3938E-02  6.8244E-01  1.1709E-01  1.0837E+00  1.1480E-01
  1.8372E+00  1.7334E+01 -1.3946E-02  6.8269E-01  1.1097E-01  1.0837E+00  1.0855E-01
  1.8395E+00  1.7342E+01 -1.3953E-02  6.8293E-01  1.0486E-01  1.0837E+00  1.0231E-01
  1.8417E+00  1.7349E+01 -1.3961E-02  6.8315E-01  9.8767E-02  1.0837E+00  9.6054E-02
  1.8439E+00  1.7357E+01 -1.3968E-02  6.8336E-01  9.2695E-02  1.0837E+00  8.9801E-02
  1.8462E+00  1.7364E+01 -1.3975E-02  6.8355E-01  8.6647E-02  1.0837E+00  8.3545E-02
  1.8484E+00  1.7372E+01 -1.3981E-02  6.8374E-01  8.0629E-02  1.0836E+00  7.7288E-02
  1.8507E+00  1.7379E+01 -1.3987E-02  6.8390E-01  7.4650E-02  1.0836E+00  7.1030E-02
  1.8529E+00  1.7387E+01 -1.3993E-02  6.8405E-01  6.8718E-02  1.0836E+00  6.4769E-02
  1.8552E+00  1.7394E+01 -1.3999E-02  6.8419E-01  6.2850E-02  1.0836E+00  5.8508E-02
  1.8574E+00  1.7402E+01 -1.4004E-02  6.8432E-01  5.7064E-02  1.0836E+00  5.2245E-02
  1.8596E+00  1.7409E+01 -1.4009E-02  6.8443E-01  5.1389E-02  1.0836E+00  4.5982E-02
  1.8619E+00  1.7417E+01 -1.4014E-02  6.8452E-01  4.5867E-02  1.0836E+00  3.9717E-02
  1.8641E+00  1.7424E+01 -1.4019E-02  6.8461E-01  4.0561E-02  1.0836E+00  3.3452E-02
  1.8664E+00  1.7431E+01 -1.4023E-02  6.8467E-01  3.5569E-02  1.0835E+00  2.7185E-02
  1.8686E+00  1.7439E+01 -1.4027E-02  6.8473E-01  3.1042E-02  1.0835E+00  2.0919E-02
  1.8709E+00  1.7446E+01 -1.4030E-02  6.8477E-01  2.7214E-02  1.0835E+00  1.4652E-02
  1.8731E+00  1.7454E+01 -1.4034E-02  6.8479E-01  2.4417E-02  1.0835E+00  8.3841E-03
  1.8753E+00  1.7461E+01 -1.4037E-02  6.8480E-01  2.3029E-02  1.0835E+00  2.1165E-03
  1.8776E+00  1.7469E+01 -1.4039E-02  6.8480E-01  2.3304E-02  1.0835E+00 -4.1512E-03
  1.8798E+00  1.7476E+01 -1.4042E-02  6.8479E-01  2.5187E-02  1.0835E+00 -1.0419E-02
  1.8821E+00  1.7484E+01 -1.4044E-02  6.8476E-01  2.8360E-02  1.0835E+00 -1.6684E-02
  1.8843E+00  1.7491E+01 -1.4046E-02  6.8471E-01  3.2431E-02  1.0834E+00 -2.2931E-02
  1.8866E+00  1.7499E+01 -1.4048E-02  6.8465E-01  3.7099E-02  1.0834E+00 -2.9161E-02
  1.8888E+00  1.7506E+01 -1.4049E-02  6.8458E-01  4.2149E-02  1.0834E+00 -3.5362E-02
  1.8910E+00  1.7514E+01 -1.4050E-02  6.8449E-01  4.7431E-02  1.0834E+00 -4.1515E-02
  1.8933E+00  1.7521E+01 -1.4051E-02  6.8439E-01  5.2827E-02  1.0834E+00 -4.7585E-02
  1.8955E+00  1.7529E+01 -1.4051E-02  6.8428E-01  5.8228E-02  1.0834E+00 -5.3516E-02
  1.8978E+00  1.7536E+01 -1.4051E-02  6.8415E-01  6.3510E-02  1.0834E+00 -5.9219E-02
  1.9000E+00  1.7544E+01 -1.4051E-02  6.8402E-01  6.8523E-02  1.0833E+00 -6.4564E-02
  1.9023E+00  1.7551E+01 -1.4051E-02  6.8387E-01  7.3082E-02  1.0833E+00 -6.9381E-02
  1.9045E+00  1.7559E+01 -1.4050E-02  6.8370E-01  7.6998E-02  1.0833E+00 -7.3493E-02
  1.9068E+00  1.7566E+01 -1.4050E-02  6.8354E-01  8.0132E-02  1.0833E+00 -7.6769E-02
  1.9090E+00  1.7574E+01 -1.4049E-02  6.8336E-01  8.2454E-02  1.0833E+00 -7.9189E-02
  1.9112E+00  1.7581E+01 -1.4048E-02  6.8318E-01  8.4052E-02  1.0833E+00 -8.0849E-02
  1.9135E+00  1.7589E+01 -1.4047E-02  6.8300E-01  8.5084E-02  1.0833E+00 -8.1920E-02
  1.9157E+00  1.7596E+01 -1.4046E-02  6.8281E-01  8.5721E-02  1.0832E+00 -8.2580E-02
  1.9180E+00  1.7604E+01 -1.4045E-02  6.8263E-01  8.6102E-02  1.0832E+00 -8.2973E-02
  1.9202E+00  1.7611E+01 -1.4044E-02  6.8244E-01  8.6324E-02  1.0832E+00 -8.3202E-02
  1.9225E+00  1.7619E+01 -1.4043E-02  6.8225E-01  8.6452E-02  1.0832E+00 -8.3333E-02
  1.9247E+00  1.7626E+01 -1.4042E-02  6.8207E-01  8.6524E-02  1.0832E+00 -8.3407E-02
  1.9269E+00  1.7634E+01 -1.4041E-02  6.8188E-01  8.6565E-02  1.0832E+00 -8.3447E-02
  1.9292E+00  1.7641E+01 -1.4040E-02  6.8169E-01  8.6587E-02  1.0832E+00 -8.3468E-02
  1.9314E+00  1.7648E+01 -1.4039E-02  6.8151E-01  8.6590E-02  1.0831E+00 -8.3470E-02
  1.9337E+00  1.7656E+01 -1.4038E-02  6.8132E-01  8.6587E-02  1.0831E+00 -8.3465E-02
  1.9359E+00  1.7663E+01 -1.4037E-02  6.8113E-01  8.6584E-02  1.0831E+00 -8.3461E-02
  1.9382E+00  1.7671E+01 -1.4037E-02  6.8094E-01  8.6581E-02  1.0831E+00 -8.3456E-02
  1.9404E+00  1.7678E+01 -1.4036E-02  6.8076E-01  8.6579E-02  1.0831E+00 -8.3451E-02
  1.9426E+00  1.7686E+01 -1.4035E-02  6.8057E-01  8.6576E-02  1.0831E+00 -8.3447E-02
  1.9449E+00  1.7693E+01 -1.4034E-02  6.8038E-01  8.6573E-02  1.0831E+00 -8.3442E-02
  1.9471E+00  1.7701E+01 -1.4033E-02  6.8020E-01  8.6570E-02  1.0830E+00 -8.3437E-02
  1.9494E+00  1.7708E+01 -1.4032E-02  6.8001E-01  8.6567E-02  1.0830E+00 -8.3433E-02
  1.9516E+00  1.7716E+01 -1.4031E-02  6.7982E-01  8.6564E-02  1.0830E+00 -8.3428E-02
  1.9539E+00  1.7723E+01 -1.4030E-02  6.7963E-01  8.6561E-02  1.0830E+00 -8.3423E-02
  1.9561E+00  1.7731E+01 -1.4029E-02  6.7945E-01  8.6558E-02  1.0830E+00 -8.3419E-02
  1.9583E+00  1.7738E+01 -1.4028E-02  6.7926E-01  8.6556E-02  1.0830E+00 -8.3414E-02
  1.9606E+00  1.7746E+01 -1.4027E-02  6.7907E-01  8.6553E-02  1.0830E+00 -8.3409E-02
  1.9628E+00  1.7753E+01 -1.4026E-02  6.7889E-01  8.6550E-02  1.0829E+00 -8.3405E-02
  1.9651E+00  1.7761E+01 -1.4025E-02  6.7870E-01  8.6547E-02  1.0829E+00 -8.3400E-02
  1.9673E+00  1.7768E+01 -1.4024E-02  6.7851E-01  8.6544E-02  1.0829E+00 -8.3395E-02
  1.9696E+00  1.7776E+01 -1.4023E-02  6.7832E-01  8.6541E-02  1.0829E+00 -8.3391E-02
  1.9718E+00  1.7783E+01 -1.4022E-02  6.7814E-01  8.6538E-02  1.0829E+00 -8.3386E-02
  1.9740E+00  1.7791E+01 -1.4021E-02  6.7795E-01  8.6535E-02  1.0829E+00 -8.3381E-02
  1.9763E+00  1.7798E+01 -1.4020E-02  6.7776E-01  8.6533E-02  1.0829E+00 -8.3377E-02
  1.9785E+00  1.7806E+01 -1.4019E-02  6.7758E-01  8.6530E-02  1.0828E+00 -8.3372E-02
  1.9808E+00  1.7813E+01 -1.4018E-02  6.7739E-01  8.6527E-02  1.0828E+00 -8.3367E-02
  1.9830E+00  1.7821E+01 -1.4017E-02  6.7720E-01  8.6524E-02  1.0828E+00 -8.3363E-02
  1.9853E+00  1.7828E+01 -1.4016E-02  6.7702E-01  8.6521E-02  1.0828E+00 -8.3358E-02
  1.9875E+00  1.7836E+01 -1.4015E-02  6.7683E-01  8.6518E-02  1.0828E+00 -8.3353E-02
  1.9898E+00  1.7843E+01 -1.4014E-02  6.7664E-01  8.6515E-02  1.0828E+00 -8.3349E-02
  1.9920E+00  1.7851E+01 -1.4013E-02  6.7645E-01  8.6512E-02  1.0828E+00 -8.3344E-02
  1.9942E+00  1.7858E+01 -1.4012E-02  6.7627E-01  8.6510E-02  1.0827E+00 -8.3339E-02
  1.9965E+00  1.7866E+01 -1.4011E-02  6.7608E-01  8.6507E-02  1.0827E+00 -8.3335E-02
  1.9987E+00  1.7873E+01 -1.4010E-02  6.7589E-01  8.6504E-02  1.0827E+00 -8.3330E-02
  2.0010E+00  1.7880E+01 -1.4009E-02  6.7571E-01  8.6501E-02  1.0827E+00 -8.3325E-02
  2.0032E+00  1.7888E+01 -1.4008E-02  6.7552E-01  8.6498E-02  1.0827E+00 -8.3321E-02
  2.0055E+00  1.7895E+01 -1.4007E-02  6.7533E-01  8.6495E-02  1.0827E+00 -8.3316E-02
  2.0077E+00  1.7903E+01 -1.4006E-02  6.7515E-01  8.6492E-02  1.0827E+00 -8.3311E-02
  2.0099E+00  1.7910E+01 -1.4005E-02  6.7496E-01  8.6489E-02  1.0826E+00 -8.3306E-02
  2.0122E+00  1.7918E+01 -1.4004E-02  6.7477E-01  8.6487E-02  1.0826E+00 -8.3302E-02
  2.0144E+00  1.7925E+01 -1.4003E-02  6.7458E-01  8.6484E-02  1.0826E+00 -8.3297E-02
  2.0167E+00  1.7933E+01 -1.4002E-02  6.7440E-01  8.6481E-02  1.0826E+00 -8.3292E-02
  2.0189E+00  1.7940E+01 -1.4001E-02  6.7421E-01  8.6478E-02  1.0826E+00 -8.3288E-02
  2.0212E+00  1.7948E+01 -1.4000E-02  6.7402E-01  8.6475E-02  1.0826E+00 -8.3283E-02
  2.0234E+00  1.7955E+01 -1.3999E-02  6.7384E-01  8.6472E-02  1.0826E+00 -8.3278E-02
  2.0256E+00  1.7963E+01 -1.3998E-02  6.7365E-01  8.6469E-02  1.0825E+00 -8.3274E-02
  2.0279E+00  1.7970E+01 -1.3997E-02  6.7346E-01  8.6466E-02  1.0825E+00 -8.3269E-02
  2.0301E+00  1.7978E+01 -1.3996E-02  6.7328E-01  8.6463E-02  1.0825E+00 -8.3264E-02
  2.0324E+00  1.7985E+01 -1.3995E-02  6.7309E-01  8.6461E-02  1.0825E+00 -8.3259E-02
  2.0346E+00  1.7993E+01 -1.3995E-02  6.7290E-01  8.6458E-02  1.0825E+00 -8.3255E-02
  2.0369E+00  1.8000E+01 -1.3994E-02  6.7272E-01  8.6455E-02  1.0825E+00 -8.3250E-02
  2.0391E+00  1.8008E+01 -1.3993E-02  6.7253E-01  8.6452E-02  1.0825E+00 -8.3245E-02
  2.0413E+00  1.8015E+01 -1.3992E-02  6.7234E-01  8.6449E-02  1.0824E+00 -8.3240E-02
  2.0436E+00  1.8023E+01 -1.3991E-02  6.7216E-01  8.6446E-02  1.0824E+00 -8.3236E-02
  2.0458E+00  1.8030E+01 -1.3990E-02  6.7197E-01  8.6443E-02  1.0824E+00 -8.3231E-02
  2.0481E+00  1.8038E+01 -1.3989E-02  6.7178E-01  8.6440E-02  1.0824E+00 -8.3226E-02
  2.0503E+00  1.8045E+01 -1.3988E-02  6.7160E-01  8.6438E-02  1.0824E+00 -8.3222E-02
  2.0526E+00  1.8053E+01 -1.3987E-02  6.7141E-01  8.6435E-02  1.0824E+00 -8.3217E-02
  2.0548E+00  1.8060E+01 -1.3986E-02  6.7122E-01  8.6432E-02  1.0824E+00 -8.3212E-02
  2.0570E+00  1.8068E+01 -1.3985E-02  6.7104E-01  8.6429E-02  1.0823E+00 -8.3207E-02
  2.0593E+00  1.8075E+01 -1.3984E-02  6.7085E-01  8.6426E-02  1.0823E+00 -8.3203E-02
  2.0615E+00  1.8083E+01 -1.3983E-02  6.7066E-01  8.6423E-02  1.0823E+00 -8.3198E-02
  2.0638E+00  1.8090E+01 -1.3982E-02  6.7048E-01  8.6420E-02  1.0823E+00 -8.3193E-02
  2.0660E+00  1.8098E+01 -1.3981E-02  6.7029E-01  8.6417E-02  1.0823E+00 -8.3188E-02
  2.0683E+00  1.8105E+01 -1.3980E-02  6.7010E-01  8.6414E-02  1.0823E+00 -8.3184E-02
  2.0705E+00  1.8112E+01 -1.3979E-02  6.6992E-01  8.6412E-02  1.0823E+00 -8.3179E-02
  2.0728E+00  1.8120E+01 -1.3978E-02  6.6973E-01  8.6409E-02  1.0822E+00 -8.3174E-02
  2.0750E+00  1.8127E+01 -1.3977E-02  6.6954E-01  8.6406E-02  1.0822E+00 -8.3169E-02
  2.0772E+00  1.8135E+01 -1.3976E-02  6.6936E-01  8.6403E-02  1.0822E+00 -8.3165E-02
  2.0795E+00  1.8142E+01 -1.3975E-02  6.6917E-01  8.6400E-02  1.0822E+00 -8.3160E-02
  2.0817E+00  1.8150E+01 -1.3974E-02  6.6898E-01  8.6397E-02  1.0822E+00 -8.3155E-02
  2.0840E+00  1.8157E+01 -1.3973E-02  6.6880E-01  8.6394E-02  1.0822E+00 -8.3150E-02
  2.0862E+00  1.8165E+01 -1.3972E-02  6.6861E-01  8.6391E-02  1.0822E+00 -8.3146E-02
  2.0885E+00  1.8172E+01 -1.3971E-02  6.6842E-01  8.6388E-02  1.0821E+00 -8.3141E-02
  2.0907E+00  1.8180E+01 -1.3970E-02  6.6824E-01  8.6386E-02  1.0821E+00 -8.3136E-02
  2.0929E+00  1.8187E+01 -1.3969E-02  6.6805E-01  8.6383E-02  1.0821E+00 -8.3131E-02
  2.0952E+00  1.8195E+01 -1.3968E-02  6.6786E-01  8.6380E-02  1.0821E+00 -8.3127E-02
  2.0974E+00  1.8202E+01 -1.3968E-02  6.6768E-01  8.6377E-02  1.0821E+00 -8.3122E-02
  2.0997E+00  1.8210E+01 -1.3967E-02  6.6749E-01  8.6374E-02  1.0821E+00 -8.3117E-02
  2.1019E+00  1.8217E+01 -1.3966E-02  6.6731E-01  8.6371E-02  1.0821E+00 -8.3112E-02
  2.1042E+00  1.8225E+01 -1.3965E-02  6.6712E-01  8.6368E-02  1.0820E+00 -8.3108E-02
  2.1064E+00  1.8232E+01 -1.3964E-02  6.6693E-01  8.6365E-02  1.0820E+00 -8.3103E-02
  2.1086E+00  1.8240E+01 -1.3963E-02  6.6675E-01  8.6363E-02  1.0820E+00 -8.3098E-02
  2.1109E+00  1.8247E+01 -1.3962E-02  6.6656E-01  8.6360E-02  1.0820E+00 -8.3093E-02
  2.1131E+00  1.8255E+01 -1.3961E-02  6.6637E-01  8.6357E-02  1.0820E+00 -8.3088E-02
  2.1154E+00  1.8262E+01 -1.3960E-02  6.6619E-01  8.6354E-02  1.0820E+00 -8.3084E-02
  2.1176E+00  1.8270E+01 -1.3959E-02  6.6600E-01  8.6351E-02  1.0820E+00 -8.3079E-02
  2.1199E+00  1.8277E+01 -1.3958E-02  6.6581E-01  8.6348E-02  1.0819E+00 -8.3074E-02
  2.1221E+00  1.8285E+01 -1.3957E-02  6.6563E-01  8.6345E-02  1.0819E+00 -8.3069E-02
  2.1243E+00  1.8292E+01 -1.3956E-02  6.6544E-01  8.6342E-02  1.0819E+00 -8.3065E-02
  2.1266E+00  1.8300E+01 -1.3955E-02  6.6525E-01  8.6339E-02  1.0819E+00 -8.3060E-02
  2.1288E+00  1.8307E+01 -1.3954E-02  6.6507E-01  8.6337E-02  1.0819E+00 -8.3055E-02
  2.1311E+00  1.8315E+01 -1.3953E-02  6.6488E-01  8.6334E-02  1.0819E+00 -8.3050E-02
  2.1333E+00  1.8322E+01 -1.3952E-02  6.6470E-01  8.6331E-02  1.0819E+00 -8.3045E-02
  2.1356E+00  1.8329E+01 -1.3951E-02  6.6451E-01  8.6328E-02  1.0818E+00 -8.3041E-02
  2.1378E+00  1.8337E+01 -1.3950E-02  6.6432E-01  8.6325E-02  1.0818E+00 -8.3036E-02
  2.1400E+00  1.8344E+01 -1.3949E-02  6.6414E-01  8.6322E-02  1.0818E+00 -8.3031E-02
  2.1423E+00  1.8352E+01 -1.3948E-02  6.6395E-01  8.6319E-02  1.0818E+00 -8.3026E-02
  2.1445E+00  1.8359E+01 -1.3947E-02  6.6376E-01  8.6316E-02  1.0818E+00 -8.3021E-02
  2.1468E+00  1.8367E+01 -1.3947E-02  6.6358E-01  8.6313E-02  1.0818E+00 -8.3017E-02
  2.1490E+00  1.8374E+01 -1.3946E-02  6.6339E-01  8.6311E-02  1.0818E+00 -8.3012E-02
  2.1513E+00  1.8382E+01 -1.3945E-02  6.6321E-01  8.6308E-02  1.0818E+00 -8.3007E-02
  2.1535E+00  1.8389E+01 -1.3944E-02  6.6302E-01  8.6305E-02  1.0817E+00 -8.3002E-02
  2.1558E+00  1.8397E+01 -1.3943E-02  6.6283E-01  8.6302E-02  1.0817E+00 -8.2997E-02
  2.1580E+00  1.8404E+01 -1.3942E-02  6.6265E-01  8.6299E-02  1.0817E+00 -8.2993E-02
  2.1602E+00  1.8412E+01 -1.3941E-02  6.6246E-01  8.6296E-02  1.0817E+00 -8.2988E-02
  2.1625E+00  1.8419E+01 -1.3940E-02  6.6227E-01  8.6293E-02  1.0817E+00 -8.2983E-02
  2.1647E+00  1.8427E+01 -1.3939E-02  6.6209E-01  8.6290E-02  1.0817E+00 -8.2978E-02
  2.1670E+00  1.8434E+01 -1.3938E-02  6.6190E-01  8.6287E-02  1.0817E+00 -8.2973E-02
  2.1692E+00  1.8442E+01 -1.3937E-02  6.6172E-01  8.6285E-02  1.0816E+00 -8.2969E-02
  2.1715E+00  1.8449E+01 -1.3936E-02  6.6153E-01  8.6282E-02  1.0816E+00 -8.2964E-02
  2.1737E+00  1.8457E+01 -1.3935E-02  6.6134E-01  8.6279E-02  1.0816E+00 -8.2959E-02
  2.1759E+00  1.8464E+01 -1.3934E-02  6.6116E-01  8.6276E-02  1.0816E+00 -8.2954E-02
  2.1782E+00  1.8472E+01 -1.3933E-02  6.6097E-01  8.6273E-02  1.0816E+00 -8.2949E-02
  2.1804E+00  1.8479E+01 -1.3932E-02  6.6079E-01  8.6270E-02  1.0816E+00 -8.2944E-02
  2.1827E+00  1.8487E+01 -1.3931E-02  6.6060E-01  8.6278E-02  1.0815E+00 -8.2951E-02
  2.1849E+00  1.8494E+01 -1.3930E-02  6.6041E-01  8.6302E-02  1.0815E+00 -8.2974E-02
  2.1872E+00  1.8502E+01 -1.3929E-02  6.6023E-01  8.6346E-02  1.0815E+00 -8.3019E-02
  2.1894E+00  1.8509E+01 -1.3928E-02  6.6004E-01  8.6426E-02  1.0814E+00 -8.3100E-02
  2.1916E+00  1.8517E+01 -1.3928E-02  6.5985E-01  8.6566E-02  1.0814E+00 -8.3244E-02
  2.1939E+00  1.8524E+01 -1.3927E-02  6.5967E-01  8.6809E-02  1.0813E+00 -8.3495E-02
  2.1961E+00  1.8532E+01 -1.3926E-02  6.5948E-01  8.7222E-02  1.0812E+00 -8.3923E-02
  2.1984E+00  1.8539E+01 -1.3925E-02  6.5929E-01  8.7911E-02  1.0810E+00 -8.4638E-02
  2.2006E+00  1.8547E+01 -1.3923E-02  6.5910E-01  8.9018E-02  1.0808E+00 -8.5787E-02
  2.2029E+00  1.8554E+01 -1.3922E-02  6.5891E-01  9.0713E-02  1.0806E+00 -8.7544E-02
  2.2051E+00  1.8561E+01 -1.3921E-02  6.5871E-01  9.3147E-02  1.0805E+00 -9.0061E-02
  2.2073E+00  1.8569E+01 -1.3920E-02  6.5850E-01  9.6390E-02  1.0806E+00 -9.3410E-02
  2.2096E+00  1.8576E+01 -1.3918E-02  6.5829E-01  1.0040E-01  1.0808E+00 -9.7539E-02
  2.2118E+00  1.8584E+01 -1.3916E-02  6.5806E-01  1.0504E-01  1.0809E+00 -1.0231E-01
  2.2141E+00  1.8591E+01 -1.3914E-02  6.5783E-01  1.1015E-01  1.0811E+00 -1.0754E-01
  2.2163E+00  1.8599E+01 -1.3912E-02  6.5758E-01  1.1557E-01  1.0812E+00 -1.1308E-01
  2.2186E+00  1.8606E+01 -1.3909E-02  6.5732E-01  1.2118E-01  1.0813E+00 -1.1882E-01
  2.2208E+00  1.8614E+01 -1.3906E-02  6.5705E-01  1.2693E-01  1.0813E+00 -1.2467E-01
  2.2230E+00  1.8621E+01 -1.3903E-02  6.5676E-01  1.3275E-01  1.0813E+00 -1.3058E-01
  2.2253E+00  1.8629E+01 -1.3900E-02  6.5646E-01  1.3861E-01  1.0814E+00 -1.3654E-01
  2.2275E+00  1.8636E+01 -1.3896E-02  6.5615E-01  1.4450E-01  1.0813E+00 -1.4251E-01
  2.2298E+00  1.8644E+01 -1.3892E-02  6.5582E-01  1.5041E-01  1.0813E+00 -1.4850E-01
  2.2320E+00  1.8651E+01 -1.3888E-02  6.5548E-01  1.5634E-01  1.0813E+00 -1.5450E-01
  2.2343E+00  1.8659E+01 -1.3883E-02  6.5513E-01  1.6227E-01  1.0813E+00 -1.6050E-01
  2.2365E+00  1.8666E+01 -1.3878E-02  6.5476E-01  1.6820E-01  1.0813E+00 -1.6649E-01
  2.2388E+00  1.8674E+01 -1.3873E-02  6.5438E-01  1.7414E-01  1.0813E+00 -1.7248E-01
  2.2410E+00  1.8681E+01 -1.3868E-02  6.5399E-01  1.8007E-01  1.0813E+00 -1.7847E-01
  2.2432E+00  1.8689E+01 -1.3862E-02  6.5358E-01  1.8600E-01  1.0813E+00 -1.8445E-01
  2.2455E+00  1.8696E+01 -1.3856E-02  6.5316E-01  1.9194E-01  1.0812E+00 -1.9043E-01
  2.2477E+00  1.8704E+01 -1.3849E-02  6.5272E-01  1.9787E-01  1.0812E+00 -1.9641E-01
  2.2500E+00  1.8711E+01 -1.3843E-02  6.5228E-01  2.0380E-01  1.0812E+00 -2.0238E-01
  2.2522E+00  1.8719E+01 -1.3836E-02  6.5182E-01  2.0973E-01  1.0812E+00 -2.0835E-01
  2.2545E+00  1.8726E+01 -1.3829E-02  6.5134E-01  2.1566E-01  1.0812E+00 -2.1431E-01
  2.2567E+00  1.8734E+01 -1.3821E-02  6.5086E-01  2.2158E-01  1.0812E+00 -2.2027E-01
  2.2589E+00  1.8741E+01 -1.3814E-02  6.5035E-01  2.2750E-01  1.0811E+00 -2.2622E-01
  2.2612E+00  1.8749E+01 -1.3806E-02  6.4984E-01  2.3342E-01  1.0811E+00 -2.3217E-01
  2.2634E+00  1.8756E+01 -1.3797E-02  6.4931E-01  2.3934E-01  1.0811E+00 -2.3812E-01
  2.2657E+00  1.8764E+01 -1.3789E-02  6.4877E-01  2.4525E-01  1.0811E+00 -2.4406E-01
  2.2679E+00  1.8771E+01 -1.3780E-02  6.4822E-01  2.5116E-01  1.0811E+00 -2.4999E-01
  2.2702E+00  1.8778E+01 -1.3771E-02  6.4765E-01  2.5706E-01  1.0811E+00 -2.5592E-01
  2.2724E+00  1.8786E+01 -1.3761E-02  6.4707E-01  2.6296E-01  1.0810E+00 -2.6185E-01
  2.2746E+00  1.8793E+01 -1.3751E-02  6.4647E-01  2.6886E-01  1.0810E+00 -2.6776E-01
  2.2769E+00  1.8801E+01 -1.3741E-02  6.4587E-01  2.7475E-01  1.0810E+00 -2.7368E-01
  2.2791E+00  1.8808E+01 -1.3731E-02  6.4525E-01  2.8064E-01  1.0810E+00 -2.7959E-01
  2.2814E+00  1.8816E+01 -1.3720E-02  6.4461E-01  2.8652E-01  1.0810E+00 -2.8549E-01
  2.2836E+00  1.8823E+01 -1.3710E-02  6.4397E-01  2.9238E-01  1.0810E+00 -2.9137E-01
  2.2859E+00  1.8831E+01 -1.3698E-02  6.4331E-01  2.9823E-01  1.0809E+00 -2.9723E-01
  2.2881E+00  1.8838E+01 -1.3687E-02  6.4263E-01  3.0404E-01  1.0809E+00 -3.0307E-01
  2.2903E+00  1.8846E+01 -1.3675E-02  6.4195E-01  3.0982E-01  1.0809E+00 -3.0885E-01
  2.2926E+00  1.8853E+01 -1.3663E-02  6.4125E-01  3.1552E-01  1.0809E+00 -3.1457E-01
  2.2948E+00  1.8861E+01 -1.3651E-02  6.4053E-01  3.2111E-01  1.0809E+00 -3.2017E-01
  2.2971E+00  1.8868E+01 -1.3638E-02  6.3981E-01  3.2651E-01  1.0808E+00 -3.2559E-01
  2.2993E+00  1.8876E+01 -1.3626E-02  6.3907E-01  3.3161E-01  1.0808E+00 -3.3070E-01
  2.3016E+00  1.8883E+01 -1.3613E-02  6.3833E-01  3.3627E-01  1.0808E+00 -3.3537E-01
  2.3038E+00  1.8891E+01 -1.3599E-02  6.3757E-01  3.4032E-01  1.0807E+00 -3.3943E-01
  2.3060E+00  1.8898E+01 -1.3586E-02  6.3680E-01  3.4362E-01  1.0807E+00 -3.4274E-01
  2.3083E+00  1.8906E+01 -1.3572E-02  6.3603E-01  3.4611E-01  1.0806E+00 -3.4523E-01
  2.3105E+00  1.8913E+01 -1.3559E-02  6.3525E-01  3.4786E-01  1.0805E+00 -3.4698E-01
  2.3128E+00  1.8921E+01 -1.3545E-02  6.3447E-01  3.4901E-01  1.0804E+00 -3.4813E-01
  2.3150E+00  1.8928E+01 -1.3531E-02  6.3369E-01  3.4972E-01  1.0804E+00 -3.4885E-01
  2.3173E+00  1.8936E+01 -1.3518E-02  6.3291E-01  3.5015E-01  1.0803E+00 -3.4928E-01
  2.3195E+00  1.8943E+01 -1.3504E-02  6.3213E-01  3.5040E-01  1.0803E+00 -3.4953E-01
  2.3218E+00  1.8951E+01 -1.3490E-02  6.3134E-01  3.5055E-01  1.0803E+00 -3.4967E-01
  2.3240E+00  1.8958E+01 -1.3477E-02  6.3056E-01  3.5063E-01  1.0802E+00 -3.4975E-01
  2.3262E+00  1.8966E+01 -1.3463E-02  6.2977E-01  3.5068E-01  1.0802E+00 -3.4980E-01
  2.3285E+00  1.8973E+01 -1.3449E-02  6.2899E-01  3.5070E-01  1.0802E+00 -3.4982E-01
  2.3307E+00  1.8981E+01 -1.3435E-02  6.2820E-01  3.5071E-01  1.0802E+00 -3.4983E-01
  2.3330E+00  1.8988E+01 -1.3422E-02  6.2742E-01  3.5071E-01  1.0801E+00 -3.4982E-01
  2.3352E+00  1.8996E+01 -1.3408E-02  6.2663E-01  3.5071E-01  1.0801E+00 -3.4982E-01
  2.3375E+00  1.9003E+01 -1.3394E-02  6.2585E-01  3.5070E-01  1.0801E+00 -3.4981E-01
  2.3397E+00  1.9010E+01 -1.3380E-02  6.2506E-01  3.5070E-01  1.0801E+00 -3.4981E-01
  2.3419E+00  1.9018E+01 -1.3366E-02  6.2428E-01  3.5070E-01  1.0801E+00 -3.4980E-01
  2.3442E+00  1.9025E+01 -1.3353E-02  6.2349E-01  3.5070E-01  1.0800E+00 -3.4980E-01
  2.3464E+00  1.9033E+01 -1.3339E-02  6.2271E-01  3.5069E-01  1.0800E+00 -3.4979E-01
  2.3487E+00  1.9040E+01 -1.3325E-02  6.2192E-01  3.5069E-01  1.0800E+00 -3.4979E-01
  2.3509E+00  1.9048E+01 -1.3311E-02  6.2114E-01  3.5069E-01  1.0800E+00 -3.4978E-01
  2.3554E+00  1.9063E+01 -1.3284E-02  6.1957E-01  3.5068E-01  1.0799E+00 -3.4977E-01
