  5.786050005498E-04  1.023315894412E-03  7.182682086980E-01 -3.839645654878E+03  1.888111409777E+04  3.531749023056E+07  1.364332659408E+01 -4.882812500000E-04   1   5
 -2.266334907515E-04  9.297761836604E-04  2.029001311228E-04  1.683129453968E+03  1.615261499982E+04 -7.931652137323E+04 -4.132563897230E-02 -4.882812500000E-04   1   3
 -7.245047736246E-04 -1.753668368198E-04  1.927852119776E-04  6.388736510079E+03 -2.766549802861E+03 -7.195958063931E+04 -4.136011987531E-02 -4.882812500000E-04   1   3
 -1.153300330943E-04  5.030926314452E-04  8.613658996182E-05  1.267396531175E+03  6.814741293322E+03 -3.694348562210E+04 -4.171884461375E-02 -4.882812500000E-04   1   3
 -6.617227068367E-04 -1.639506472679E-04  1.034305080183E-04  6.381339274052E+03 -2.444037108371E+03 -4.181919454428E+04 -4.166070291341E-02 -4.882812500000E-04   1   3
 -1.983818640340E-04  7.738060132551E-04  1.150533002846E-04  2.049680738212E+03  1.080410025974E+04 -4.550594786755E+04 -4.162163214355E-02 -4.882812500000E-04   1   3
 -8.624245306804E-04 -2.049416715037E-04  1.161484190644E-04  8.765842044517E+03 -2.907680727030E+03 -4.579933176403E+04 -4.161791369148E-02 -4.882812500000E-04   1   3
 -1.199115832097E-04  4.867969941883E-04 -3.136738255733E-04  1.264172578605E+03  5.987447936503E+03  9.871749074987E+04 -4.306358648618E-02 -4.882812500000E-04   1   5
 -5.670428009401E-04  5.031310884705E-04  5.124988894940E-04  5.448815075032E+03  6.892628333808E+03 -2.227067772944E+05 -4.028122483228E-02 -4.882812500000E-04   1   5
 -1.428420904014E-05 -4.905316697262E-04 -3.622866687233E-04 -8.278099341309E+00 -6.987541612114E+03  1.131421092499E+05 -4.322690685970E-02 -4.882812500000E-04   1   5
 -6.489688226204E-05  3.442537511310E-04  5.693974310240E-04  5.979057449670E+02  5.502334108204E+03 -2.426445716862E+05 -4.008982640506E-02 -4.882812500000E-04   1   5
  8.739488182307E-04 -2.325563026301E-04  2.988466986287E-04 -9.542720977130E+03 -3.382713057085E+03 -1.227733536443E+05 -4.100216602270E-02 -4.882812500000E-04   1   5
  2.019443037470E-04  7.881701175325E-04 -7.506300864016E-04 -1.254779369080E+03  1.547882825814E+04  1.792732533322E+05 -4.452744829713E-02 -4.882812500000E-04   1   5
 -9.646353401375E-05  1.221171693346E-04  7.390178381571E-04  1.859545340651E+03  6.065214076314E+02 -3.127351375190E+05 -3.951818105510E-02 -4.882812500000E-04   1   5
  7.934087960078E-04  9.385339960415E-05 -3.082651513533E-04 -8.828105341114E+03  7.659136804755E+02  1.002585920674E+05 -4.304561278532E-02 -4.882812500000E-04   1   5
  7.221300077266E-05 -6.686965456542E-05  7.538376347799E-04  3.169624237432E+02  1.159794419670E+03 -3.168434707818E+05 -3.946837836098E-02 -4.882812500000E-04   1   5
  7.517341697120E-04  3.284239479100E-04  2.317664599496E-04 -8.150854053354E+03  4.354645697929E+03 -1.014652529965E+05 -4.122771029089E-02 -4.882812500000E-04   1   5
 -8.203138390285E-04  3.062028170525E-04 -2.340818297452E-04  8.305944751212E+03  4.530426820133E+03  8.247344254348E+04 -4.279666426785E-02 -4.882812500000E-04   1   5
 -3.127396109579E-04  2.987073861569E-04  5.779426044216E-04  3.673686236012E+03  3.158960760296E+03 -2.532494407444E+05 -4.006045143221E-02 -4.882812500000E-04   1   5
 -2.994110432881E-05  1.840872751653E-04  3.245114116531E-04  5.248468858358E+02  1.387341515572E+03 -1.377724995651E+05 -4.091541903203E-02 -4.882812500000E-04   1   5
  1.916803825053E-04 -3.868592884791E-04 -6.355672655471E-04 -1.936007757780E+03 -5.770429682756E+03  1.717302536036E+05 -4.414325987949E-02 -4.882812500000E-04   1   5
 -5.310857316314E-05 -3.040526209879E-04  4.824247841995E-04  5.318031641282E+02 -4.341656866572E+03 -2.131524905566E+05 -4.038241478903E-02 -4.882812500000E-04   1   5
 -5.410705559880E-04 -5.939614147483E-04  1.034956864328E-03  3.776394226525E+03 -1.036110455604E+04 -3.922177926976E+05 -3.852409216497E-02 -4.882812500000E-04   1   5
 -6.965414456277E-04  2.650251025710E-04  3.367538734946E-04  8.696007692761E+03  3.237431914684E+03 -1.411113678047E+05 -4.087425859517E-02 -4.882812500000E-04   1   5
  3.654421617272E-04 -6.903869739197E-04  7.982410775551E-04 -3.069145895625E+03 -1.198262391471E+04 -3.317133604653E+05 -3.931886992753E-02 -4.882812500000E-04   1   5
 -5.968609824282E-06  1.639516135649E-04  9.731259657556E-04  9.161017895811E+02  1.199453327631E+03 -3.913331490370E+05 -3.873063475166E-02 -4.882812500000E-04   1   5
  2.040918660219E-04  7.967869346189E-05 -1.018360341041E-04 -4.614390044776E+03  3.234204986673E+02  3.575212977480E+04 -4.235181784499E-02 -4.882812500000E-04   1   5
  2.379842450055E-04 -5.950922662475E-04 -2.360143523790E-04 -2.442504633205E+03 -7.672511419950E+03  8.277644199880E+04 -4.280321278206E-02 -4.882812500000E-04   1   5
  1.198486599839E-04 -6.308599015116E-04  1.083105979781E-04 -1.625284605595E+03 -8.068934345130E+03 -4.370760973948E+04 -4.164431343909E-02 -4.882812500000E-04   1   5
 -1.813303128030E-04  7.406173937944E-04 -7.592981896359E-04  1.551666986886E+03  1.272765110650E+04  1.871342780848E+05 -4.455712957685E-02 -4.882812500000E-04   1   5
 -7.698901531852E-04  5.327785016961E-04 -1.227974574480E-04  7.972568150692E+03  7.177542671418E+03  4.630495345561E+04 -4.242250428981E-02 -4.882812500000E-04   1   5
  6.697783847977E-04 -2.164233762049E-04 -6.964177154452E-04 -5.183441047042E+03 -3.928570634537E+03  1.702514055382E+05 -4.434602539650E-02 -4.882812500000E-04   1   5
 -2.750299618317E-05  6.167854494169E-04 -1.203975167754E-04  5.805934883195E+02  5.931034899235E+03  4.612137356874E+04 -4.241456910439E-02 -4.882812500000E-04   1   5
  1.990836340334E-04  5.642851811021E-04 -2.524020757394E-04 -2.646415994670E+03  5.955624785940E+03  8.973055421609E+04 -4.285845578113E-02 -4.882812500000E-04   1   5
 -1.108928248239E-04 -2.154877143260E-04 -5.423112902717E-04  2.559405070043E+03 -4.121208594033E+02  1.483040376011E+05 -4.383028730562E-02 -4.882812500000E-04   1   5
  8.269371788964E-04 -1.193253495553E-04  3.484378446934E-04 -9.086765667002E+03 -1.318678364783E+03 -1.457403353731E+05 -4.083486568142E-02 -4.882812500000E-04   1   5
  3.269078350783E-04  5.642698062283E-04  3.398286925034E-04 -3.621745026121E+03  6.417550535445E+03 -1.423373781428E+05 -4.086391345518E-02 -4.882812500000E-04   1   5
 -9.312550420874E-04 -5.324312071339E-04 -2.147524779726E-04  8.924788836126E+03 -8.044113824806E+03  7.710519747735E+04 -4.273166612282E-02 -4.882812500000E-04   1   5
  2.679210398273E-04  9.280953571579E-04  3.836265714697E-04 -2.729086912245E+03  1.394559799991E+04 -1.606735847125E+05 -4.071618645563E-02 -4.882812500000E-04   1   5
  2.761798116425E-04  6.836254104805E-04 -4.810032159314E-04 -2.325530005714E+03  1.063568930677E+04  1.371508713550E+05 -4.362479647631E-02 -4.882812500000E-04   1   5
 -1.137874656856E-04  9.560408906251E-04  6.513880008032E-04  1.160846226190E+03  1.504009647791E+04 -2.775088813014E+05 -3.981326718190E-02 -4.882812500000E-04   1   5
  2.913921942884E-04  7.584369627680E-05  2.973522663536E-04 -3.584253705355E+03  1.127345717125E+03 -1.270552932225E+05 -4.100689644001E-02 -4.882812500000E-04   1   5
 -2.370450716704E-04  5.083906117285E-04  5.558534278545E-04  1.976999196791E+03  7.704346132243E+03 -2.410239414959E+05 -4.013511145151E-02 -4.882812500000E-04   1   5
  7.249393970987E-05 -8.289100739571E-04  4.661848240730E-04 -5.377981703079E+02 -1.227993093338E+04 -1.987242829227E+05 -4.043768625231E-02 -4.882812500000E-04   1   5
 -4.817734456052E-04  9.265964399606E-04  3.170050565481E-04  4.678169997186E+03  1.367603436086E+04 -1.317563992210E+05 -4.094078841684E-02 -4.882812500000E-04   1   5
  5.541127382620E-04 -1.344928931581E-04 -9.556399210231E-05 -8.467134579531E+03 -5.778177577946E+02  3.243225779739E+04 -4.233061616917E-02 -4.882812500000E-04   1   5
  3.320980257473E-04 -3.625169814272E-04 -8.986600450844E-04 -2.419166876209E+03 -5.797049659783E+03  1.952010477003E+05 -4.502277882348E-02 -4.882812500000E-04   1   5
  2.202261073641E-05  4.841167698112E-04  2.878116440226E-04 -3.060303237433E+02  6.759916164279E+03 -1.238237461040E+05 -4.103896883164E-02 -4.882812500000E-04   1   5
 -7.363376707304E-04 -5.026119304899E-04  7.600089200224E-04  5.817085269331E+03 -8.283502215273E+03 -3.224052615769E+05 -3.944714519984E-02 -4.882812500000E-04   1   5
  9.130044130428E-05 -1.970003538720E-04  2.013659440930E-04 -1.725292631129E+03 -8.977720115444E+01 -8.096422727509E+04 -4.133085791189E-02 -4.882812500000E-04   1   5
  8.067079814455E-06 -3.670593325572E-04  5.111581100736E-05 -3.441271073392E+01 -4.363257733950E+03 -2.900301756918E+04 -4.183633946606E-02 -4.882812500000E-04   1   5
 -3.257377499610E-04  7.869023475196E-04  4.302273403187E-04  3.388748847773E+03  1.084168777247E+04 -1.797175639984E+05 -4.055922145687E-02 -4.882812500000E-04   1   5
  1.082807150686E-04 -2.200424761309E-04  5.238879243087E-04 -8.980839172254E+02 -3.954922430236E+03 -2.317704893179E+05 -4.024255193697E-02 -4.882812500000E-04   1   5
  4.176913008057E-04 -8.442485023262E-05 -1.930372703556E-04 -7.639615746700E+03 -1.046942056675E+03  7.142674621887E+04 -4.265893088121E-02 -4.882812500000E-04   1   5
  1.719240284864E-04  5.233362321259E-04 -3.518966227968E-04 -2.072031529068E+03  6.187506949812E+03  1.099572547177E+05 -4.319199686977E-02 -4.882812500000E-04   1   5
  9.503106716775E-05  7.305572838310E-04  6.241853792899E-04 -9.036935108471E+02  1.156577322020E+04 -2.659547315459E+05 -3.990504377845E-02 -4.882812500000E-04   1   5
  1.127418278952E-03 -1.707455404610E-05  1.275640548338E-04 -1.100516500792E+04 -4.457245136483E+01 -4.898778240878E+04 -4.157947399635E-02 -4.882812500000E-04   1   5
 -7.716777504417E-04 -1.751686372724E-04  1.592950745476E-04  8.286772077676E+03 -2.271942921658E+03 -5.890136150468E+04 -4.147294733356E-02 -4.882812500000E-04   1   5
 -1.748338579593E-04  6.031468135514E-04 -5.490628283136E-04  2.058681314131E+03  7.874357048089E+03  1.524125334838E+05 -4.385312798408E-02 -4.882812500000E-04   1   5
 -1.294130021936E-04 -6.356299183986E-04 -4.430962112308E-04  1.107952932162E+03 -9.954987526810E+03  1.302848685903E+05 -4.349781355427E-02 -4.882812500000E-04   1   5
  6.138804171100E-04  2.017551790231E-05 -4.208358750790E-05 -6.197103434123E+03 -6.519484922138E+01  1.078792325086E+04 -4.215043077195E-02 -4.882812500000E-04   1   5
  6.386934363343E-04 -1.261904140963E-04  2.316407328626E-04 -7.239877209035E+03 -1.823008729605E+03 -1.042332862616E+05 -4.122793930203E-02 -4.882812500000E-04   1   5
  3.541953087345E-04  1.758542088145E-04 -1.533525246152E-04 -5.087232481814E+03  2.049807299971E+03  6.253289416263E+04 -4.252584908424E-02 -4.882812500000E-04   1   5
  3.050792038756E-04 -5.114732298157E-04  2.161036898584E-04 -3.849031398146E+03 -5.951922406057E+03 -9.303637074737E+04 -4.128070524921E-02 -4.882812500000E-04   1   5
  9.949873825840E-04 -3.898858205133E-04  7.973519089934E-04 -8.174066831582E+03 -6.642919837487E+03 -3.317830085209E+05 -3.932170139916E-02 -4.882812500000E-04   1   5
 -3.138428500322E-04  2.990013021598E-04  1.439610007259E-04  4.527042922689E+03  3.231075269242E+03 -5.359667367354E+04 -4.152460046766E-02 -4.882812500000E-04   1   5
  7.178027845444E-04  4.019022500743E-04 -8.328805739571E-04 -5.755658254325E+03  6.557861626715E+03  1.921522205594E+05 -4.480298315094E-02 -4.882812500000E-04   1   5
 -9.400608888606E-04 -1.575736856207E-04  3.464011270807E-04  7.800577918744E+03 -2.764619071891E+03 -1.486111465397E+05 -4.084127941674E-02 -4.882812500000E-04   1   5
  6.330638022315E-04 -4.866710976789E-04 -4.324209644039E-04 -5.995232206892E+03 -6.743828127918E+03  1.298571985483E+05 -4.346214382286E-02 -4.882812500000E-04   1   5
 -2.260112940504E-04 -3.255614998631E-04 -6.801832772790E-04  1.507326307016E+03 -6.374598873172E+03  1.735992426142E+05 -4.429221224680E-02 -4.882812500000E-04   1   5
 -6.105378020007E-04 -4.648100914735E-04 -1.141917615349E-04  6.406108335135E+03 -5.833900179779E+03  4.155583992885E+04 -4.239345852623E-02 -4.882812500000E-04   1   5
  4.230054051733E-04 -1.554425495747E-04 -4.550876143598E-04 -4.147819134093E+03 -1.980248161173E+03  1.310677059351E+05 -4.353792663464E-02 -4.882812500000E-04   1   5
 -9.492956331051E-04 -6.809626328807E-05  1.210348923878E-04  8.282384931032E+03 -1.341095960195E+03 -4.627309703184E+04 -4.160148781246E-02 -4.882812500000E-04   1   5
 -4.881532995953E-05  6.778281046197E-04 -2.657465957480E-04  1.071363368280E+03  7.617458544080E+03  9.336459143963E+04 -4.290325672219E-02 -4.882812500000E-04   1   5
 -6.138892878612E-04 -8.045126717065E-04  6.602248629570E-04  4.502981114047E+03 -1.418036639455E+04 -2.821296860945E+05 -3.978326574393E-02 -4.882812500000E-04   1   5
  7.057738468384E-04 -4.787843564389E-04  5.307656325776E-04 -7.191243694188E+03 -7.108925714850E+03 -2.310603663001E+05 -4.021957337994E-02 -4.882812500000E-04   1   5
 -3.556124711724E-04  3.149829222161E-05  1.336450630610E-04  4.021512744069E+03  2.584397872569E+02 -5.213909671020E+04 -4.155913423362E-02 -4.882812500000E-04   1   5
  6.415784016646E-04 -3.366796361394E-04  9.568783814103E-04 -5.443927569105E+03 -5.499390559193E+03 -3.844824017423E+05 -3.878529248274E-02 -4.882812500000E-04   1   5
  2.884501641771E-04 -1.432174009284E-04 -5.649883439873E-06 -3.821768612522E+03 -1.461237343610E+03  4.804838399448E+03 -4.202845271054E-02 -4.882812500000E-04   1   5
  1.797110238272E-04  6.060865619872E-05  1.109385456426E-03 -1.157056018782E+03  4.088471345773E+02 -3.987910675356E+05 -3.827543830018E-02 -4.882812500000E-04   1   5
 -4.384135049027E-04 -2.365602729190E-04  9.205032096070E-04  2.570106424276E+03 -4.525295486566E+03 -3.711600598902E+05 -3.890777015158E-02 -4.882812500000E-04   1   5
  3.669569965404E-04 -4.825096806096E-04 -3.647485271638E-04 -3.959289832981E+03 -5.817995436288E+03  1.135094220284E+05 -4.323514429227E-02 -4.882812500000E-04   1   5
  3.198057180651E-04 -4.449201912908E-04  2.445260665810E-04 -3.461995760473E+03 -6.072680205716E+03 -1.141031760918E+05 -4.118416032846E-02 -4.882812500000E-04   1   5
  3.017500032420E-04 -2.855555177487E-04 -2.714174788111E-04 -2.462214989868E+03 -4.816861604118E+03  8.546503548375E+04 -4.292153377105E-02 -4.882812500000E-04   1   5
  9.116744901884E-04  1.216964841559E-04  9.275206399532E-04 -7.163137730806E+03  2.037677074464E+03 -3.747795663234E+05 -3.888392651514E-02 -4.882812500000E-04   1   5
  5.172804176897E-05 -6.451566530457E-04 -1.266436051959E-04 -7.168514860642E+02 -9.043685133584E+03  5.017646093862E+04 -4.243571360436E-02 -4.882812500000E-04   1   5
 -5.619073955719E-04  6.237724855000E-04  6.619417698230E-04  5.036678001126E+03  9.630207399373E+03 -2.824601664295E+05 -3.977769003948E-02 -4.882812500000E-04   1   5
  7.102826945017E-04  4.850759029109E-04 -6.314964411065E-04 -6.547051502899E+03  7.707265675558E+03  1.692477502140E+05 -4.412936472930E-02 -4.882812500000E-04   1   5
 -1.719741383464E-04 -5.363630440338E-04 -7.103923041085E-04  9.939234100117E+02 -1.018781813867E+04  1.701195472527E+05 -4.439265243648E-02 -4.882812500000E-04   1   5
  2.275438570088E-04  2.217827966738E-04  6.992393085370E-04 -1.582549069165E+03  4.082747484599E+03 -3.028839901944E+05 -3.965167209347E-02 -4.882812500000E-04   1   5
 -5.199426794428E-04 -4.096560787935E-04  9.893725776566E-05  6.670310070823E+03 -3.861433871380E+03 -3.866008678424E+04 -4.167599348302E-02 -4.882812500000E-04   1   5
 -7.119970865812E-04 -2.806894014451E-04  6.490605635689E-05  8.562933548104E+03 -3.017538563997E+03 -2.353007537181E+04 -4.179073262407E-02 -4.882812500000E-04   1   5
  7.138831611234E-04  5.622552350882E-04  2.535975896722E-04 -7.524968772958E+03  7.718907841221E+03 -1.079240870707E+05 -4.115432944357E-02 -4.882812500000E-04   1   5
 -1.358813877918E-04  1.576859680449E-04 -5.492747147975E-04  2.786928602614E+03 -7.654784522756E+02  1.517951102614E+05 -4.385378702451E-02 -4.882812500000E-04   1   5
 -6.388514257670E-05 -4.737578944431E-04 -2.232777717522E-04  5.369883131838E+02 -6.879711166031E+03  7.178218492105E+04 -4.275984919017E-02 -4.882812500000E-04   1   5
  6.815111153565E-04 -1.814729191127E-04  3.119872321226E-04 -7.601840385556E+03 -2.328089216054E+03 -1.302797500347E+05 -4.095776020641E-02 -4.882812500000E-04   1   5
 -6.603317661020E-04  2.432563090410E-04  9.954204999179E-04  5.786124991084E+03  3.765470690502E+03 -3.906738573883E+05 -3.865621240427E-02 -4.882812500000E-04   1   5
  8.131220615197E-04  9.588355766370E-05  4.616904310571E-04 -8.465280058197E+03  1.405284671604E+03 -1.948926270368E+05 -4.045300385600E-02 -4.882812500000E-04   1   5
 -3.311379887653E-04  5.982591936965E-04 -1.529530803492E-04  3.826379821508E+03  7.956060600608E+03  6.056681571326E+04 -4.252432204022E-02 -4.882812500000E-04   1   5
  3.200642664584E-04  5.181169336182E-04  5.167191465961E-04 -1.978467757139E+03  9.654779089161E+03 -2.300648739948E+05 -4.026648364722E-02 -4.882812500000E-04   1   5
 -1.718787778227E-04  6.817021988845E-06  8.801195434738E-05  1.593845196824E+03  2.292506160454E+02 -3.986759379946E+04 -4.171237472458E-02 -4.882812500000E-04   1   5
  3.726846875713E-04  8.228108084193E-04  5.357665345194E-04 -3.214483525085E+03  1.192733952357E+04 -2.340362859291E+05 -4.020262871707E-02 -4.882812500000E-04   1   5
  3.279336050901E-04 -8.660051252648E-05 -7.607906891870E-04 -2.698784033083E+03 -1.432589168219E+03  1.784342379004E+05 -4.456154198768E-02 -4.882812500000E-04   1   5
 -9.035462784682E-04  4.709406248275E-04  1.048297323447E-04  9.182129447233E+03  6.730854360726E+03 -4.131624965036E+04 -4.165600216139E-02 -4.882812500000E-04   1   5
  7.141863860556E-04 -2.799384085045E-04  8.049094507122E-04 -4.883596710893E+03 -5.121336956163E+03 -3.345430480966E+05 -3.929634515645E-02 -4.882812500000E-04   1   5
  4.696809185398E-04 -2.988275711755E-04  7.288907447188E-04 -4.155586455558E+03 -4.137389591258E+03 -3.093018167125E+05 -3.955219759748E-02 -4.882812500000E-04   1   5
 -1.013853848040E-05 -4.375813160603E-04  2.431090840550E-04  2.004874985287E+00 -6.576507933916E+03 -1.157247840342E+05 -4.118875978686E-02 -4.882812500000E-04   1   5
  1.560228061423E-04  6.497289901294E-04 -4.046379933681E-04 -1.913675072263E+03  8.237812738994E+03  1.232782255727E+05 -4.336899345915E-02 -4.882812500000E-04   1   5
 -2.669614247692E-04  9.953075251796E-05 -3.660965695440E-05  2.559775496678E+03  1.316248715623E+03  9.798683239833E+03 -4.213213476580E-02 -4.882812500000E-04   1   5
  6.917012028250E-04 -6.788243314401E-04  7.974334062806E-04 -5.485519835772E+03 -1.084566018347E+04 -3.316548112512E+05 -3.932150967274E-02 -4.882812500000E-04   1   5
  4.139519098965E-04  1.940874652153E-04 -6.635569449281E-04 -3.112481147174E+03  3.396564951606E+03  1.727323446467E+05 -4.423668050426E-02 -4.882812500000E-04   1   5
 -3.283727640031E-04  9.941290522927E-04 -4.638078630620E-04  2.353527392231E+03  1.774529725710E+04  1.358548791998E+05 -4.356708980978E-02 -4.882812500000E-04   1   5
 -8.370190658620E-05 -5.316731343257E-04 -2.158985087028E-04  1.814130031299E+03 -5.030781416790E+03  7.931436854009E+04 -4.273584188968E-02 -4.882812500000E-04   1   5
  2.214869944889E-04  1.666585713137E-04  3.888542279938E-04 -2.270638526837E+03  2.060057541065E+03 -1.637707549789E+05 -4.069863167011E-02 -4.882812500000E-04   1   5
 -2.537639191530E-04 -7.946345721875E-04  6.189085396213E-04  2.052763525873E+03 -1.219939832042E+04 -2.633242474538E+05 -3.992284422287E-02 -4.882812500000E-04   1   5
 -5.182532349785E-04 -1.032875768081E-04 -2.355416931339E-04  7.540895959681E+03 -3.937856112013E+02  8.532837873640E+04 -4.280185533682E-02 -4.882812500000E-04   1   5
 -4.118963212395E-04  4.442302356277E-04  5.711308730993E-05  5.236326505470E+03  4.079839715934E+03 -2.007316943814E+04 -4.181703372067E-02 -4.882812500000E-04   1   5
  4.146593668290E-05 -5.554212747495E-05  3.446678012020E-05 -2.331943405014E+03  7.619922252575E+02 -1.794519673386E+04 -4.189276045392E-02 -4.882812500000E-04   1   5
 -2.239322581119E-04  3.265708982745E-04 -4.624460369036E-04  1.379655181554E+03  6.276006240348E+03  1.388446857274E+05 -4.356306395082E-02 -4.882812500000E-04   1   5
  4.772100040970E-04 -1.943871848514E-04 -5.722245439371E-04 -5.651094938997E+03 -2.795642780798E+03  1.619391797490E+05 -4.393116740704E-02 -4.882812500000E-04   1   5
 -1.071321560202E-04 -1.891884629742E-04  9.167905546343E-04  1.486415369517E+03 -2.566378909152E+03 -3.724352292077E+05 -3.892015421429E-02 -4.882812500000E-04   1   5
  4.871616685279E-04  4.684161354947E-04 -1.786421444347E-04 -6.375108568891E+03  5.383672699882E+03  6.719497117760E+04 -4.261056810228E-02 -4.882812500000E-04   1   5
 -4.368201326951E-04 -5.444906990221E-04  6.050763274698E-04  4.706474838736E+03 -7.957487869468E+03 -2.593366961226E+05 -3.996937831837E-02 -4.882812500000E-04   1   5
 -6.079464949149E-04 -8.707047265535E-04  5.735547335834E-04  4.844935915316E+03 -1.455091558051E+04 -2.487723527124E+05 -4.007518956901E-02 -4.882812500000E-04   1   5
 -2.012791044510E-04 -1.012698823162E-03 -3.056333386520E-05  1.671509647978E+03 -1.604682270137E+04  1.230590442263E+04 -4.211196929446E-02 -4.882812500000E-04   1   5
  3.677898360126E-04 -1.656795366188E-04  1.018774083114E-03 -2.248411119328E+03 -3.238368363619E+03 -3.878309744164E+05 -3.857858164004E-02 -4.882812500000E-04   1   5
 -6.092868575186E-04 -2.626018781144E-04  4.023127725624E-04  5.719892400174E+03 -4.021742120851E+03 -1.656472100609E+05 -4.065350610897E-02 -4.882812500000E-04   1   5
 -4.710644150632E-04  8.690727798082E-04 -7.012557717985E-04  1.931503929492E+03  1.846872412977E+04  1.730128517727E+05 -4.436194390351E-02 -4.882812500000E-04   1   5
  3.445460899258E-04 -4.548988783844E-04  3.149954804471E-05 -4.839946396012E+03 -4.675932745898E+03 -9.855898120515E+03 -4.190331682973E-02 -4.882812500000E-04   1   5
  2.434614618858E-04 -5.733873438673E-04  6.300153999317E-05 -2.703986854929E+03 -6.666788401337E+03 -2.630829810685E+04 -4.179688454420E-02 -4.882812500000E-04   1   5
  3.099516751194E-04 -3.921436396044E-04  1.308671671655E-04 -2.786255185751E+03 -5.591831584116E+03 -5.062193246844E+04 -4.156849943358E-02 -4.882812500000E-04   1   5
 -4.505102137302E-05  4.888351298752E-04 -2.359742387097E-04  1.118356458689E+03  5.293744877879E+03  8.286327883901E+04 -4.280310793049E-02 -4.882812500000E-04   1   5
 -4.843406797062E-04  1.055624713973E-03  5.473407728580E-04  4.091005761087E+03  1.748038832569E+04 -2.372041505285E+05 -4.016356256587E-02 -4.882812500000E-04   1   5
 -5.480012881774E-04  3.259691272859E-04  4.484715849856E-04  5.410495971330E+03  4.600767462116E+03 -1.914953449693E+05 -4.049741412826E-02 -4.882812500000E-04   1   5
 -4.187240656628E-04  8.092172537250E-05  3.459702750136E-04  5.398698138324E+03  3.847674857468E+02 -1.491760792100E+05 -4.084288474049E-02 -4.882812500000E-04   1   5
 -4.361410581023E-04  3.634192260487E-04 -1.030508260605E-04  6.420121722074E+03  3.140975542947E+03  3.603921379692E+04 -4.235588846983E-02 -4.882812500000E-04   1   5
 -8.528675516186E-08 -6.640491814022E-04  1.524522979311E-04  3.655138323287E+02 -8.493874620852E+03 -5.658326620374E+04 -4.149600416221E-02 -4.882812500000E-04   1   5
 -3.278196701891E-04  8.056001640648E-04  1.043497784818E-03  2.313590697236E+03  1.486153761766E+04 -3.914241441574E+05 -3.849559945347E-02 -4.882812500000E-04   1   5
  7.683544574670E-05 -2.750621207481E-04 -2.428971859850E-04 -1.411192513174E+03 -3.187086628076E+03  7.895998145909E+04 -4.282590273185E-02 -4.882812500000E-04   1   5
 -1.787236093731E-04  4.305893929309E-04  5.396629306130E-04  1.949018657190E+03  6.560462888974E+03 -2.353030056303E+05 -4.018961726527E-02 -4.882812500000E-04   1   5
  5.665956390973E-04  3.721205190293E-04  5.665459998937E-04 -5.190312094560E+03  5.920154217254E+03 -2.450560155848E+05 -4.009907206378E-02 -4.882812500000E-04   1   5
  3.151320875216E-04 -6.488888346620E-04  3.165562285453E-04 -3.246404920385E+03 -9.521505667906E+03 -1.333951189272E+05 -4.094224493789E-02 -4.882812500000E-04   1   5
 -2.639122460449E-04  8.224851419594E-05 -3.600802590070E-04  3.481938516351E+03  8.810905991557E+02  1.094831440509E+05 -4.321927829623E-02 -4.882812500000E-04   1   5
 -6.789151911163E-04 -2.667432993378E-04  1.872960436922E-04  7.945717552198E+03 -2.839185328286E+03 -7.390908013052E+04 -4.137834187767E-02 -4.882812500000E-04   1   5
  1.677704082800E-05  4.054129644281E-04  3.110902762824E-04 -3.156115140836E+00  6.067921036773E+03 -1.351667055837E+05 -4.096038449300E-02 -4.882812500000E-04   1   5
  6.716617373216E-04  1.211320964639E-04  9.348877560633E-04 -4.548451745318E+03  2.325676491237E+03 -3.788881105509E+05 -3.885907443223E-02 -4.882812500000E-04   1   5
 -7.674996111439E-04  1.349519549783E-04  4.411125005647E-04  7.319693073300E+03  2.032878800606E+03 -1.872106649099E+05 -4.052226934591E-02 -4.882812500000E-04   1   5
 -8.080735737971E-04  2.607781797700E-04 -7.320407626221E-04  5.041126702126E+03  4.997454213200E+03  1.727042117690E+05 -4.446491273452E-02 -4.882812500000E-04   1   5
 -6.389975255262E-04 -4.912351332225E-04  5.915925664343E-04  6.141467875735E+03 -7.835909283380E+03 -2.558001145531E+05 -4.001459853056E-02 -4.882812500000E-04   1   5
  3.184405568438E-04 -6.013019327344E-04 -5.053219506554E-04 -3.469991350836E+03 -7.868046596230E+03  1.442165195974E+05 -4.370654401120E-02 -4.882812500000E-04   1   5
 -4.829592207167E-04  7.181215484113E-04 -2.725717512962E-04  5.108728867498E+03  9.869709690489E+03  9.421216258005E+04 -4.292603780094E-02 -4.882812500000E-04   1   5
  1.120668182166E-04 -4.320477521025E-05 -2.489292550476E-04 -2.012272067072E+03 -3.940029246887E+02  7.746714311803E+04 -4.284591074007E-02 -4.882812500000E-04   1   5
  9.630773892393E-04  6.190525185669E-04  3.145797640476E-04 -8.853417372645E+03  9.026677281911E+03 -1.302556379060E+05 -4.094893105329E-02 -4.882812500000E-04   1   5
 -1.832700952832E-04  3.160903513248E-04  3.065434328131E-05  2.910239795402E+03  3.089040673268E+03 -1.416420619266E+04 -4.190580113902E-02 -4.882812500000E-04   1   5
  5.872804710421E-04 -5.965365643236E-04  3.597565478902E-04 -5.171723863038E+03 -8.930671319245E+03 -1.529566575844E+05 -4.079646765623E-02 -4.882812500000E-04   1   5
  1.176609300842E-03 -3.299803443103E-04  5.417519272096E-04 -1.003401905101E+04 -5.483882236863E+03 -2.348057026775E+05 -4.018236800095E-02 -4.882812500000E-04   1   5
  2.708332299245E-04 -1.016780991301E-04  2.130428190217E-04 -2.460709373057E+03 -1.246976413899E+03 -9.609480983808E+04 -4.129067957487E-02 -4.882812500000E-04   1   5
  9.615516408201E-04  8.032876922643E-05 -3.445604333201E-04 -7.651579730820E+03  1.535366063657E+03  1.085748711109E+05 -4.316718294422E-02 -4.882812500000E-04   1   5
 -2.353296293700E-04  4.068278390411E-04  7.651910844744E-04  1.874920659180E+03  6.596753341268E+03 -3.256759377868E+05 -3.942974527796E-02 -4.882812500000E-04   1   5
  3.039387450128E-04  7.513604255463E-04 -6.746214504965E-04 -2.437789624962E+03  1.193901856903E+04  1.713577860602E+05 -4.427340832420E-02 -4.882812500000E-04   1   5
 -4.868787549456E-05 -1.651852906017E-04  7.782668752560E-04  2.334812855680E+03 -2.266436244996E+03 -3.294516671216E+05 -3.938584144912E-02 -4.882812500000E-04   1   5
 -6.542547068210E-04 -1.082655188807E-04  3.998367573266E-05  7.499562193091E+03 -1.443246525752E+03 -1.792524880579E+04 -4.187433642639E-02 -4.882812500000E-04   1   5
 -7.773687385465E-04 -3.685303419346E-04  3.242807073727E-04  8.327151645298E+03 -5.285186547488E+03 -1.349748353775E+05 -4.091632319535E-02 -4.882812500000E-04   1   5
 -4.108982948677E-04 -6.912304147785E-04  8.089392784327E-05  4.542796130817E+03 -9.337228548647E+03 -3.222836086462E+04 -4.173667388421E-02 -4.882812500000E-04   1   5
  7.969751350857E-04 -1.407033472545E-05  4.459852548068E-04 -8.110242727571E+03 -2.888586126968E+01 -1.889268422994E+05 -4.050588636900E-02 -4.882812500000E-04   1   5
 -2.334481877297E-04 -5.621858561762E-04 -6.170424949523E-04  2.148682376048E+03 -7.885676357769E+03  1.693072770508E+05 -4.408124685240E-02 -4.882812500000E-04   1   5
 -4.994988182461E-04  7.369802068229E-04 -1.914655246351E-04  4.114711528724E+03  1.225100665469E+04  6.636187904198E+04 -4.265312559974E-02 -4.882812500000E-04   1   5
 -4.545896530474E-04  4.119637223615E-04 -1.410042295881E-04  6.364115193658E+03  4.243560928296E+03  5.527452086226E+04 -4.248405280086E-02 -4.882812500000E-04   1   5
 -4.403519386888E-04  8.507343531053E-05  6.500065350054E-04  4.531506902872E+03  1.098781951628E+03 -2.821333293670E+05 -3.981764093626E-02 -4.882812500000E-04   1   5
  7.276314082662E-04  1.625274796562E-04  3.641662952990E-04 -9.130642633231E+03  1.817107768983E+03 -1.534762662136E+05 -4.078179724873E-02 -4.882812500000E-04   1   5
 -4.816603989804E-04 -5.398712805151E-04 -3.704636226984E-04  4.879712112481E+03 -7.056416168210E+03  1.147410800106E+05 -4.325428018424E-02 -4.882812500000E-04   1   5
 -8.272251304227E-04  3.140174494917E-04  4.305332745160E-04  8.507404685102E+03  4.684788531380E+03 -1.784680982604E+05 -4.055827309802E-02 -4.882812500000E-04   1   5
 -7.888997417425E-04  4.074429093068E-04  8.102998128652E-04  7.234707617441E+03  6.211737019902E+03 -3.349584868854E+05 -3.927838521565E-02 -4.882812500000E-04   1   5
 -2.298885743538E-05  4.828387793483E-04  8.420635186303E-04 -7.255523395090E+01  7.048241767273E+03 -3.430566490113E+05 -3.917186650807E-02 -4.882812500000E-04   1   5
  1.270120106456E-04 -3.858689343190E-04 -5.864621322504E-05 -1.127789416320E+03 -6.581317987476E+03  1.100779700802E+04 -4.220571977094E-02 -4.882812500000E-04   1   5
 -7.324336570555E-04  3.466092067118E-04 -6.816985249503E-04  5.595674148081E+03  5.792492248370E+03  1.701850735201E+05 -4.429687408390E-02 -4.882812500000E-04   1   5
 -4.748598508215E-04  4.939577923975E-04 -4.021342802627E-04  5.547593220193E+03  6.032476288762E+03  1.247679166521E+05 -4.336075678490E-02 -4.882812500000E-04   1   5
  4.082936250089E-04 -6.533481650086E-04  6.528071954244E-04 -3.604603309292E+03 -9.603280165773E+03 -2.783651210024E+05 -3.980853993696E-02 -4.882812500000E-04   1   5
 -8.771947854873E-05  3.642793106911E-04 -5.035588272858E-04  1.427513945187E+03  2.981399626529E+03  1.426308653837E+05 -4.370056843643E-02 -4.882812500000E-04   1   5
 -6.088806316060E-04 -6.823221888335E-04 -4.497329981996E-04  5.638709541301E+03 -1.095131016948E+04  1.347970695707E+05 -4.352022587144E-02 -4.882812500000E-04   1   5
  3.797543279304E-04  4.402791923807E-04 -2.292899697803E-04 -3.654422376836E+03  5.878288917551E+03  7.653217207199E+04 -4.278027421350E-02 -4.882812500000E-04   1   5
  5.623025597523E-04 -1.826955689166E-04  7.631402603212E-04 -4.814951978862E+03 -3.010236849856E+03 -3.259272712267E+05 -3.943653479118E-02 -4.882812500000E-04   1   5
 -1.561990394135E-04  1.551034626664E-04 -1.438160891496E-04  3.106069769769E+03  1.191012125358E+03  5.948427151354E+04 -4.249379194468E-02 -4.882812500000E-04   1   5
  7.755021919332E-04  3.424296600013E-04  6.253568925945E-04 -7.707459031344E+03  4.916044233118E+03 -2.653213407089E+05 -3.990118008469E-02 -4.882812500000E-04   1   5
  8.044162300099E-04 -6.148105686353E-04  5.143313612852E-04 -7.583755027042E+03 -9.254633751485E+03 -2.215368895928E+05 -4.027511234538E-02 -4.882812500000E-04   1   5
 -3.228692006777E-04  1.745572513335E-04  1.939647632936E-04  5.884262561966E+03  6.101080142223E+02 -7.788257251043E+04 -4.135579247476E-02 -4.882812500000E-04   1   5
  2.094076730094E-04 -2.633888015210E-04  9.850739238357E-04 -2.027772929569E+03 -3.937443674302E+03 -3.893756758811E+05 -3.869092906193E-02 -4.882812500000E-04   1   5
  1.457604713708E-04  8.389511452908E-04 -7.620435902946E-04 -7.736695915254E+02  1.462995388215E+04  1.849598540225E+05 -4.456605985827E-02 -4.882812500000E-04   1   5
 -7.858758287117E-04 -1.328440945592E-04  4.981771128874E-04  8.342545462230E+03 -2.115675019386E+03 -2.156407076490E+05 -4.032958373606E-02 -4.882812500000E-04   1   5
  2.462869581922E-04  2.660041150689E-04 -5.045790662235E-04 -3.906401551399E+03  1.995037949819E+03  1.410792127476E+05 -4.370384786233E-02 -4.882812500000E-04   1   5
  5.988594752703E-04 -2.382584728346E-04  1.033100794435E-03 -5.588416782766E+03 -3.565573745305E+03 -3.984868407583E+05 -3.852988704379E-02 -4.882812500000E-04   1   5
  7.320520035892E-04 -3.735698858147E-04  9.308914552423E-04 -5.868440236102E+03 -5.781396277772E+03 -3.767793750214E+05 -3.887258294291E-02 -4.882812500000E-04   1   5
 -5.625490205010E-05  7.405438197441E-04  6.301458533943E-04  3.731881847418E+02  1.141972749409E+04 -2.673645513995E+05 -3.988505084984E-02 -4.882812500000E-04   1   5
  1.293801075585E-04  4.460726510335E-04 -2.747542036374E-05 -1.218969744383E+03  5.883498920593E+03  9.053394193396E+03 -4.210159263201E-02 -4.882812500000E-04   1   5
 -7.774251632501E-04  4.374653996416E-04  8.689315556120E-04  6.888484283595E+03  6.460094135765E+03 -3.548785851044E+05 -3.908112069545E-02 -4.882812500000E-04   1   5
  5.347171662204E-04  2.354210859319E-04  3.392076936026E-05 -7.371008237074E+03  2.041249646776E+03 -1.073032793980E+04 -4.189516513063E-02 -4.882812500000E-04   1   5
 -3.939075855426E-04 -8.939158124695E-04  3.937305697843E-04  3.405440228324E+03 -1.374005918564E+04 -1.647516893653E+05 -4.068211763088E-02 -4.882812500000E-04   1   5
 -7.957142532743E-04 -3.150134691984E-04 -5.119538178944E-07  8.204545694066E+03 -4.635105574600E+03  1.951668701217E+03 -4.201098135377E-02 -4.882812500000E-04   1   5
 -5.463555560414E-04 -1.548758460723E-04 -2.437907063013E-04  5.954135683641E+03 -1.647225247569E+03  8.187836067151E+04 -4.282908501474E-02 -4.882812500000E-04   1   5
 -1.737461101384E-04 -4.159292087814E-05 -9.999605016020E-05  7.144322794935E+02 -6.815816365098E+02  3.060504125351E+04 -4.234527061502E-02 -4.882812500000E-04   1   5
 -4.660129077285E-04  3.446005743347E-04  7.610336557494E-04  3.694892211935E+03  5.938886186829E+03 -3.261678396619E+05 -3.944353140191E-02 -4.882812500000E-04   1   5
  6.123585624065E-05  6.999169302084E-04 -4.204417428079E-04 -5.333181144189E+02  9.427290916064E+03  1.270270093283E+05 -4.342200192829E-02 -4.882812500000E-04   1   5
 -4.717012369210E-04 -7.326671177576E-04  2.442376168694E-04  5.262455885924E+03 -1.002079110664E+04 -1.031538049472E+05 -4.118596397321E-02 -4.882812500000E-04   1   5
  1.695350484095E-04  8.679316258109E-04  1.176723139783E-04 -1.510252615517E+03  1.245452978931E+04 -4.604824282005E+04 -4.161282242123E-02 -4.882812500000E-04   1   5
 -3.683714178049E-04  8.233987205228E-04  2.788528233587E-04  3.564595788383E+03  1.250346483805E+04 -1.186564901757E+05 -4.106916991285E-02 -4.882812500000E-04   1   5
  6.280319013043E-04  7.036892880342E-06 -1.809906081006E-04 -6.146390788709E+03  3.223455427156E+02  6.397532433208E+04 -4.261811358675E-02 -4.882812500000E-04   1   5
 -6.780533705312E-04 -2.885342534047E-05 -3.488190986941E-04  6.993688187881E+03 -2.729886684305E+02  1.091039943688E+05 -4.318161846452E-02 -4.882812500000E-04   1   5
 -2.547093686371E-04 -7.324657922255E-04 -6.480725266278E-05  2.989252386159E+03 -9.341635925209E+03  2.235388738556E+04 -4.222717546576E-02 -4.882812500000E-04   1   5
  8.603884275863E-04  2.805231850028E-04  1.060573293814E-03 -6.947058479138E+03  4.629693621900E+03 -4.031672535018E+05 -3.843770579522E-02 -4.882812500000E-04   1   5
  6.301266659214E-05  4.413855067993E-05 -4.752913955524E-04 -5.914558664373E+02 -2.958098094191E+02  1.355685271564E+05 -4.360571512749E-02 -4.882812500000E-04   1   5
  3.660720728975E-04  6.005535341909E-04  1.576976792295E-05 -3.083597546433E+03  9.512533546767E+03 -3.347471065469E+03 -4.195624123372E-02 -4.882812500000E-04   1   5
  1.040751836528E-04 -5.778397918176E-04  3.344179928054E-04 -1.352849275748E+03 -7.790196412277E+03 -1.419986142090E+05 -4.088199188453E-02 -4.882812500000E-04   1   5
  3.680111390944E-04  3.677232354930E-04  5.535043946889E-04 -3.807192857936E+03  4.122950210190E+03 -2.418078454360E+05 -4.014291038222E-02 -4.882812500000E-04   1   5
 -6.189907199801E-04 -3.261484917076E-04  5.599241704890E-05  6.779678045010E+03 -4.264671064376E+03 -2.529972029055E+04 -4.182032283983E-02 -4.882812500000E-04   1   5
 -6.222369223155E-04  1.589655947342E-04 -5.683805913674E-04  7.296159248235E+03  1.909384972468E+03  1.599509644695E+05 -4.391817080190E-02 -4.882812500000E-04   1   5
  6.718343647047E-04  5.793993254520E-04 -3.339980646423E-04 -6.472306270753E+03  7.900528828388E+03  1.063007284770E+05 -4.313190108594E-02 -4.882812500000E-04   1   5
 -7.856015344355E-04 -2.881850364124E-06 -5.184990979028E-04  7.466461511409E+03 -2.329549288579E+01  1.408923214953E+05 -4.375017306229E-02 -4.882812500000E-04   1   5
  6.795346512061E-04  1.217627947404E-04 -1.360156253200E-04 -7.926520909171E+03  1.349541162982E+03  5.482948640295E+04 -4.246735559238E-02 -4.882812500000E-04   1   5
 -7.403244902744E-05 -3.439552830307E-04 -7.894032470246E-05  6.430009431836E+02 -2.085820456322E+03  2.361779221755E+04 -4.227445964475E-02 -4.882812500000E-04   1   5
  4.878743530613E-04  3.339002932644E-04  6.444632610091E-04 -4.728019816256E+03  4.895777566486E+03 -2.770818601744E+05 -3.983652346810E-02 -4.882812500000E-04   1   5
  1.635321539894E-04 -5.352682244378E-04  6.456583942993E-04 -2.077222989405E+03 -7.311236435044E+03 -2.753451900382E+05 -3.983270399059E-02 -4.882812500000E-04   1   5
  9.454155196687E-04 -1.036621690521E-04  7.104253326761E-04 -7.178186809178E+03 -1.673713515089E+03 -2.999332449674E+05 -3.961436273346E-02 -4.882812500000E-04   1   5
 -8.966503181756E-04 -5.319416977520E-04  8.800590416744E-04  7.525250772743E+03 -8.547320585626E+03 -3.582916089794E+05 -3.904361665925E-02 -4.882812500000E-04   1   5
 -6.535686425573E-04 -1.178840004928E-04  7.277694846985E-05  8.361906913247E+03 -1.145653980800E+03 -2.770954358864E+04 -4.176415333349E-02 -4.882812500000E-04   1   5
  1.505780548227E-04  4.214504106848E-04  4.771312450037E-04 -1.485687880540E+03  2.776323972271E+03 -2.038866676454E+05 -4.040081694156E-02 -4.882812500000E-04   1   5
 -4.375259340180E-04 -8.975299368312E-04  3.986085047226E-04  3.325362661552E+03 -1.571242173195E+04 -1.649879370623E+05 -4.066570816604E-02 -4.882812500000E-04   1   5
  5.688897891139E-04 -6.353320119397E-04 -6.883515228493E-04 -4.302950922729E+03 -1.094599968234E+04  1.703191961923E+05 -4.431906021132E-02 -4.882812500000E-04   1   5
  1.642530153079E-04  2.521951906497E-04  3.874120830969E-04 -3.235605523738E+03  1.155507354498E+03 -1.629408824165E+05 -4.070349551641E-02 -4.882812500000E-04   1   5
 -2.785705394990E-05 -7.575275032857E-05 -4.341698976270E-04  1.271558401368E+03 -1.414251523348E+03  1.281887846229E+05 -4.346793967946E-02 -4.882812500000E-04   1   5
  3.622357665080E-04  4.803046968386E-04 -5.442105602083E-05 -4.121911743290E+03  5.934096205215E+03  1.659305910981E+04 -4.219208302645E-02 -4.882812500000E-04   1   5
  2.875505292377E-04 -1.106936357977E-06  8.432517179734E-04 -3.948924742907E+03  1.051779858902E+03 -3.436314218618E+05 -3.916787724634E-02 -4.882812500000E-04   1   5
  5.772906638532E-04 -2.985368522418E-05 -9.570275436244E-06 -7.171665655504E+03 -7.314690727226E+02  4.733888446614E+03 -4.204150301640E-02 -4.882812500000E-04   1   5
  1.138121186278E-03  1.719498337520E-04  7.568280959235E-04 -8.560019962474E+03  2.989716187906E+03 -3.204285750574E+05 -3.945772377196E-02 -4.882812500000E-04   1   5
  1.997463954643E-04 -6.022482077565E-04  9.113979284388E-04 -1.677262631502E+03 -8.887676309015E+03 -3.711822283560E+05 -3.893818901008E-02 -4.882812500000E-04   1   5
  5.037886328399E-04  1.513055289594E-04 -2.824081368004E-04 -4.672355143580E+03  2.719376403578E+03  9.165650720239E+04 -4.295868301076E-02 -4.882812500000E-04   1   5
 -7.528342815591E-04 -4.870823734038E-04  4.705565269242E-04  7.739077013407E+03 -7.353265978934E+03 -1.995110042516E+05 -4.042301920576E-02 -4.882812500000E-04   1   5
 -7.647823357116E-05  4.648484660601E-04  1.724663613979E-04  1.437351964387E+03  4.577569535306E+03 -6.374298924762E+04 -4.142867666956E-02 -4.882812500000E-04   1   5
 -5.869035146921E-04 -4.963215591849E-04  3.891083512839E-04  6.681838564513E+03 -6.270169683953E+03 -1.636373650363E+05 -4.069774361610E-02 -4.882812500000E-04   1   5
  6.007735511163E-04  4.294097417994E-04 -1.071567939041E-04 -6.742621718474E+03  5.679901731001E+03  3.761845526118E+04 -4.236968299303E-02 -4.882812500000E-04   1   5
  5.459749062702E-04 -6.062814512826E-04 -6.402472557051E-04 -4.689933321593E+03 -9.542707509144E+03  1.686204613910E+05 -4.415851481263E-02 -4.882812500000E-04   1   5
  4.485631225090E-04  3.210596563088E-04 -3.222130911762E-04 -4.513695751957E+03  4.454600568946E+03  1.030549902068E+05 -4.309240007712E-02 -4.882812500000E-04   1   5
  1.270508943104E-04 -9.869251308882E-06  1.396611177056E-04 -2.459894272430E+03  4.995264379643E+02 -5.417648788852E+04 -4.153890736006E-02 -4.882812500000E-04   1   5
 -8.059426476752E-04  4.356958203859E-04  6.616380179190E-04  7.280819125249E+03  6.904831339784E+03 -2.830729734005E+05 -3.977861548121E-02 -4.882812500000E-04   1   5
  4.992631726228E-04 -1.199614131739E-04  5.609039155883E-04 -3.856133385288E+03 -2.350879147352E+03 -2.383865727649E+05 -4.011845839541E-02 -4.882812500000E-04   1   5
  1.250962032785E-04 -2.996164090963E-04  8.369804662900E-04 -1.406496488790E+03 -4.263478021627E+03 -3.413103795688E+05 -3.918899046272E-02 -4.882812500000E-04   1   5
  6.313344324036E-04 -8.278606749244E-04  6.719534570655E-04 -5.095304321825E+03 -1.316200573805E+04 -2.875171664315E+05 -3.974376417552E-02 -4.882812500000E-04   1   5
  8.998064093592E-05  1.051631964211E-04 -5.640268018726E-04 -1.134693958160E+03 -2.363035758673E+03  1.595813230243E+05 -4.390359905670E-02 -4.882812500000E-04   1   5
 -6.931265034118E-04 -2.998816526995E-05  2.807719767396E-04  6.489469174296E+03 -3.203312531183E+02 -1.230623035679E+05 -4.106245225565E-02 -4.882812500000E-04   1   5
 -5.984067013500E-04 -2.322443696112E-04 -6.680036800333E-04  4.715699736955E+03 -4.004770688024E+03  1.710775396248E+05 -4.425133129818E-02 -4.882812500000E-04   1   5
 -1.022596216652E-04  3.339963506155E-04  6.674573794538E-04  9.780313206761E+02  5.229274275505E+03 -2.923563667156E+05 -3.975858380530E-02 -4.882812500000E-04   1   5
 -6.247148562942E-04 -3.601802002695E-04 -4.642459719701E-04  4.936063817249E+03 -6.129950513458E+03  1.339408802657E+05 -4.356859965377E-02 -4.882812500000E-04   1   5
  2.008550921926E-04 -6.618741720754E-04  7.639938497956E-04 -1.627767736039E+03 -1.181298968151E+04 -3.268052119562E+05 -3.943354739510E-02 -4.882812500000E-04   1   5
 -9.060326222192E-04 -2.894723473371E-04 -8.755702450070E-06  9.202904300306E+03 -4.426427891214E+03  5.312090508230E+03 -4.203872216913E-02 -4.882812500000E-04   1   5
  3.909317379879E-04  1.027211898067E-05  6.877189441099E-04 -3.879093236915E+03 -6.022032451306E+02 -2.982089294647E+05 -3.969050054227E-02 -4.882812500000E-04   1   5
  6.755437420513E-04  3.211206764710E-04  1.150860814374E-04 -8.527129419747E+03  3.126905513678E+03 -4.432242316926E+04 -4.162164943919E-02 -4.882812500000E-04   1   5
 -2.194450086873E-04 -3.851496781102E-04 -3.240589649678E-04  2.705475605423E+03 -4.239673172238E+03  1.014222172878E+05 -4.309845530515E-02 -4.882812500000E-04   1   5
  4.259171064292E-04 -1.458336702554E-04 -2.984114172877E-06 -6.957896090660E+03 -9.625423712769E+02  3.020578922264E+03 -4.201939749817E-02 -4.882812500000E-04   1   5
  4.493035968798E-04  5.948179243695E-04 -4.405982869513E-04 -4.559083458041E+03  8.797099925293E+03  1.319446490543E+05 -4.348960807599E-02 -4.882812500000E-04   1   5
 -3.951471223128E-04  6.424552780439E-04 -1.904379406444E-04  3.995855998141E+03  8.815566960200E+03  6.845731793401E+04 -4.264998596479E-02 -4.882812500000E-04   1   5
  6.116566015627E-04  5.177157259687E-05 -2.610338990936E-04 -7.276977809902E+03  2.932642385256E+02  8.885356993220E+04 -4.288717137617E-02 -4.882812500000E-04   1   5
 -8.192476399926E-04 -1.948262552300E-04 -1.228123341319E-04  9.058529492809E+03 -2.495106788926E+03  4.624020513106E+04 -4.242258089500E-02 -4.882812500000E-04   1   5
  9.683359978548E-04 -4.120290588532E-04 -1.817756031954E-04 -9.076084664809E+03 -6.308365302338E+03  6.624377443226E+04 -4.262077530814E-02 -4.882812500000E-04   1   5
 -6.421716139162E-04 -2.717377260383E-05 -8.059711607190E-04  5.291876364773E+03 -2.592157726252E+02  1.883213451091E+05 -4.471297630319E-02 -4.882812500000E-04   1   5
 -5.708700088646E-04  4.542296275362E-04  2.389947710515E-04  4.976698888964E+03  7.385553442032E+03 -1.128210280490E+05 -4.120263387352E-02 -4.882812500000E-04   1   5
  8.942780846497E-04  1.660300238409E-05 -2.925048999803E-04 -9.667401486178E+03  5.596720563268E+01  9.810970972606E+04 -4.299283647221E-02 -4.882812500000E-04   1   5
  8.490309631917E-04  1.750754458255E-04 -3.531615880639E-04 -5.784659093837E+03  3.100157787817E+03  1.070100469434E+05 -4.319573927721E-02 -4.882812500000E-04   1   5
  4.803993771575E-04 -3.414781920085E-04 -3.833317891200E-04 -6.223265236885E+03 -3.261591910500E+03  1.191775466916E+05 -4.329759937055E-02 -4.882812500000E-04   1   5
 -6.957576938269E-04 -9.086038089289E-04  8.055929400267E-04  4.518479007804E+03 -1.677393939186E+04 -3.356184155011E+05 -3.929369892471E-02 -4.882812500000E-04   1   5
  5.411512509645E-05  7.289648250676E-04  9.583917161782E-04 -3.359814151440E+02  1.487935600764E+04 -3.896934217533E+05 -3.877965167503E-02 -4.882812500000E-04   1   5
  1.746533408748E-04 -7.731154398592E-04 -1.343773872642E-05 -2.036452478737E+03 -1.056008926120E+04  6.544096685782E+03 -4.205451190484E-02 -4.882812500000E-04   1   5
  6.379152571015E-04  1.043862427022E-04 -1.685407512335E-04 -8.311509122780E+03  1.117419383393E+03  6.360138622039E+04 -4.257658189805E-02 -4.882812500000E-04   1   5
 -9.564345304501E-05 -8.512896347401E-04 -1.660835039097E-04  9.289186924314E+02 -1.101420900230E+04  6.403279573873E+04 -4.256838294574E-02 -4.882812500000E-04   1   5
 -1.738847829284E-04  2.922317039567E-05 -6.923623729297E-04  1.292424320451E+03  5.048764717412E+02  1.715619698222E+05 -4.433273551808E-02 -4.882812500000E-04   1   5
 -6.695147319795E-04 -4.400777724131E-04  1.045619452449E-03  4.303525349651E+03 -8.398180095625E+03 -3.883199565247E+05 -3.848879490017E-02 -4.882812500000E-04   1   5
  9.893596163011E-04 -3.988411817162E-04  3.051791535440E-04 -9.329320315409E+03 -5.663146898062E+03 -1.263023944845E+05 -4.098065153412E-02 -4.882812500000E-04   1   5
 -8.738505446575E-04  4.846364980224E-04  3.571676614201E-04  8.487783881166E+03  6.678909800568E+03 -1.498523961135E+05 -4.080533000064E-02 -4.882812500000E-04   1   5
 -5.977588990526E-04 -5.355056410684E-05  3.769357849114E-04  7.417579462804E+03 -2.437329804410E+02 -1.585777758451E+05 -4.073879452517E-02 -4.882812500000E-04   1   5
  6.709225837602E-06  2.456090278271E-04 -2.033199390122E-04 -2.538791165492E+01  2.856308004344E+03  7.138585532697E+04 -4.269326410598E-02 -4.882812500000E-04   1   5
  9.028940275470E-04  1.587955406204E-04  1.000341407916E-03 -7.283301724831E+03  2.937844824852E+03 -3.921934597256E+05 -3.863954876544E-02 -4.882812500000E-04   1   5
 -4.781188636858E-04 -3.660086095597E-04 -2.782092359862E-04  6.044301768207E+03 -4.732831067712E+03  9.459943005989E+04 -4.294493467770E-02 -4.882812500000E-04   1   5
  4.480250983387E-04  3.105798133390E-04 -4.083375288759E-04 -5.439650667673E+03  3.574832306778E+03  1.242678694251E+05 -4.338142922482E-02 -4.882812500000E-04   1   5
  8.981727029259E-05 -3.591627015598E-04 -7.635654089222E-04 -9.107613353233E+02 -5.177868432643E+03  1.793481501087E+05 -4.457088136003E-02 -4.882812500000E-04   1   5
  2.841888085661E-04  4.288560793283E-04 -8.428237594467E-04 -1.562052370624E+03  8.572751936118E+03  1.862924299072E+05 -4.483573539954E-02 -4.882812500000E-04   1   5
  5.141216840897E-04 -1.544707220603E-04  2.723770078716E-05 -6.115959651438E+03 -2.222416945853E+03 -1.161265787535E+04 -4.191738829625E-02 -4.882812500000E-04   1   5
  7.306911270442E-04  1.453640337468E-04 -2.549217164460E-05 -8.530877001497E+03  1.695493129017E+03  1.071474737358E+04 -4.209507636727E-02 -4.882812500000E-04   1   5
  2.186099311766E-04  5.701250480719E-04 -5.337033437108E-04 -2.720961134516E+03  7.151623882613E+03  1.472467742021E+05 -4.380148184886E-02 -4.882812500000E-04   1   5
 -9.632559459127E-06  6.181826747177E-04  5.899914051618E-04  1.603510254481E+02  7.682161847059E+03 -2.545929632230E+05 -4.002012927672E-02 -4.882812500000E-04   1   5
  4.455414549067E-04 -1.164676844344E-04  3.974855560788E-04 -2.779080734514E+03 -2.058116165087E+03 -1.673016704834E+05 -4.066947157552E-02 -4.882812500000E-04   1   5
  2.960830860589E-04 -6.081989899120E-05 -4.123140363932E-04 -4.015856306575E+03 -1.462302387637E+03  1.243524282905E+05 -4.339471753504E-02 -4.882812500000E-04   1   5
  4.614718583410E-04 -6.351393048369E-04 -3.323470837946E-05 -5.229520589656E+03 -7.984573047726E+03  1.413860449627E+04 -4.212118038617E-02 -4.882812500000E-04   1   5
 -6.220395773540E-04  2.467604147809E-04  4.364974161571E-04  7.874822572667E+03  3.143216738827E+03 -1.820495133675E+05 -4.053816057617E-02 -4.882812500000E-04   1   5
 -1.858959476629E-05 -6.946948459919E-04 -5.427555884974E-04  5.532065627022E+02 -9.528510224320E+03  1.508756862448E+05 -4.383194761769E-02 -4.882812500000E-04   1   5
 -6.295797537118E-04 -4.166347731719E-04  1.585608844902E-04  7.325203110894E+03 -4.492962570180E+03 -6.036783150613E+04 -4.147530432014E-02 -4.882812500000E-04   1   5
 -2.922237590149E-04  1.428017582165E-04 -4.731880110597E-04  4.041082619707E+03  1.344362711639E+03  1.340272417990E+05 -4.359857005265E-02 -4.882812500000E-04   1   5
  4.064053662047E-04 -2.692748601995E-04 -1.163972240298E-04 -4.876692802351E+03 -3.428985352907E+03  4.490785364603E+04 -4.240113535460E-02 -4.882812500000E-04   1   5
  4.294253798642E-04  4.180216641425E-05 -5.487862946110E-04 -6.179920266790E+03 -5.053154781324E+01  1.512564922636E+05 -4.385213558593E-02 -4.882812500000E-04   1   5
  5.249718990693E-04 -2.849320686752E-05 -4.743012834812E-04 -5.268646742506E+03 -3.266872548788E+01  1.350002255822E+05 -4.360232648476E-02 -4.882812500000E-04   1   5
  3.262809624638E-05  4.172698335283E-04 -6.548175965500E-04 -9.474575300241E+01  7.236922774765E+03  1.723483840163E+05 -4.420750834081E-02 -4.882812500000E-04   1   5
  6.171513346218E-04  3.744550881343E-04  8.897022458721E-04 -6.098384230474E+03  5.402161873043E+03 -3.647315704334E+05 -3.901108637761E-02 -4.882812500000E-04   1   5
  3.021903183334E-04 -7.350178847288E-04 -5.481243444549E-04 -2.585762377477E+03 -1.200220976745E+04  1.488106859653E+05 -4.384960936670E-02 -4.882812500000E-04   1   5
 -5.203482845569E-04 -3.782421025348E-04  6.698450148036E-04  5.287471053851E+03 -5.563364973742E+03 -2.881122111564E+05 -3.975093030001E-02 -4.882812500000E-04   1   5
  2.710847934351E-04 -8.340986393480E-04 -3.725843244781E-04 -2.423286861860E+03 -1.383015637716E+04  1.164612963256E+05 -4.326137960272E-02 -4.882812500000E-04   1   5
  5.292380175295E-04  2.524752482913E-05  6.570345712292E-04 -5.613514237768E+03  4.195621140114E+02 -2.825442815425E+05 -3.979415252437E-02 -4.882812500000E-04   1   5
  3.970439616600E-04  1.609631814115E-04  4.877482710258E-04 -4.424315449164E+03  2.511392363664E+03 -2.144114993905E+05 -4.036454063075E-02 -4.882812500000E-04   1   5
 -2.374681152670E-04  2.989299509848E-04 -1.250922759238E-04  4.043265530733E+03  1.574300827718E+03  4.794024800868E+04 -4.243038079041E-02 -4.882812500000E-04   1   5
  7.772799655996E-04 -3.673368173900E-04  8.318207814164E-04 -6.398862974387E+03 -5.931481893777E+03 -3.395473101084E+05 -3.920617818973E-02 -4.882812500000E-04   1   5
  8.546283668360E-04  5.496506993213E-05  5.526338892647E-04 -6.762286739078E+03  8.663849997305E+02 -2.388274641595E+05 -4.014588595136E-02 -4.882812500000E-04   1   5
 -1.189283042446E-05  6.423160671981E-04  5.657381179615E-04  5.673276638281E+02  8.560146419652E+03 -2.482080384383E+05 -4.010155559041E-02 -4.882812500000E-04   1   5
 -4.236386960370E-04  3.629516644627E-04 -1.906935163587E-05  4.891647460393E+03  4.699278250315E+03  6.116921992935E+03 -4.207330306072E-02 -4.882812500000E-04   1   5
 -7.716183545852E-04 -2.348171969611E-04  3.987829812591E-04  8.026788980285E+03 -2.986505511559E+03 -1.666687333789E+05 -4.066518924501E-02 -4.882812500000E-04   1   5
  3.038746567221E-04 -4.302090665279E-04  3.218743153943E-05 -2.803591470554E+03 -6.235240735387E+03 -1.369961842716E+04 -4.190069251089E-02 -4.882812500000E-04   1   5
  7.653027346935E-04  1.314643957270E-04 -6.609728225586E-04 -7.388537836266E+03  1.677275551215E+03  1.732365824973E+05 -4.422805799289E-02 -4.882812500000E-04   1   5
  1.267837502508E-04 -8.634451032822E-04  6.943328990986E-04 -8.705773510097E+02 -1.446528415268E+04 -2.950340569073E+05 -3.966853746029E-02 -4.882812500000E-04   1   5
 -7.409401611603E-04 -3.659103397626E-04  2.770337747542E-04  8.344247437064E+03 -5.108493206597E+03 -1.164158047700E+05 -4.107547838407E-02 -4.882812500000E-04   1   5
 -7.803758202094E-04 -4.044311073016E-05 -6.889378658381E-05  7.504395791141E+03 -7.635546827090E+02  1.811712813613E+04 -4.224041317059E-02 -4.882812500000E-04   1   5
  1.572729917454E-04 -5.469514528177E-04  3.644070557239E-04 -1.600650560685E+03 -6.883665083884E+03 -1.549324189224E+05 -4.078089347688E-02 -4.882812500000E-04   1   5
 -4.274521035797E-04 -8.765040358271E-06 -2.149950552179E-04  4.921195170272E+03 -1.986708545455E+01  7.066758820231E+04 -4.273213987836E-02 -4.882812500000E-04   1   5
  1.753312282387E-04 -4.679918734158E-04 -8.014998499096E-04 -1.647038539403E+03 -6.831569015112E+03  1.898014689366E+05 -4.469824535947E-02 -4.882812500000E-04   1   5
 -8.425360488347E-04 -3.003108374854E-04  1.454419875494E-04  8.579646089230E+03 -4.158579041484E+03 -5.473403166523E+04 -4.151946313731E-02 -4.882812500000E-04   1   5
  7.953703873233E-04  4.444466094125E-04  3.945004580770E-04 -7.895155399499E+03  6.041450876907E+03 -1.647985656613E+05 -4.067959506830E-02 -4.882812500000E-04   1   5
 -3.654733853623E-04  4.493275516932E-04 -3.717723968840E-04  3.379268898430E+03  6.475482443515E+03  1.164791528277E+05 -4.325879630623E-02 -4.882812500000E-04   1   5
 -5.795492411204E-04 -3.327056950328E-05  6.464245910407E-04  6.128717559087E+03 -6.501575468844E+02 -2.758520204780E+05 -3.983009345154E-02 -4.882812500000E-04   1   5
  7.184108612306E-04 -2.952012984207E-04  2.267527207017E-04 -8.211597130056E+03 -3.959559048165E+03 -9.834536959367E+04 -4.124470834389E-02 -4.882812500000E-04   1   5
  6.570785727654E-04  5.476554753978E-04  8.955129509410E-04 -4.916516843202E+03  9.562296153627E+03 -3.618999094131E+05 -3.899179877717E-02 -4.882812500000E-04   1   5
  1.069038501478E-03  1.252563739346E-04  6.695701809650E-04 -9.047360860345E+03  1.715773150118E+03 -2.864505133198E+05 -3.975176768767E-02 -4.882812500000E-04   1   5
 -5.749205281072E-04 -1.007806531768E-04  4.401001997670E-04  6.152310517062E+03 -1.740333008616E+03 -1.856885501176E+05 -4.052583542948E-02 -4.882812500000E-04   1   5
  3.122422335260E-04  8.112837435949E-04  8.299104332921E-04 -2.652164620193E+03  1.300302067388E+04 -3.397593642686E+05 -3.921255838189E-02 -4.882812500000E-04   1   5
  6.009050602342E-04 -3.057653377837E-04  5.289486105561E-04 -6.215301587303E+03 -3.620687902297E+03 -2.319076393784E+05 -4.022561614481E-02 -4.882812500000E-04   1   5
 -8.699470499546E-04 -3.937849955717E-04 -2.005290512158E-04  7.053593702482E+03 -6.423080486710E+03  6.914199123513E+04 -4.268354445713E-02 -4.882812500000E-04   1   5
  2.141953074460E-04 -3.497388212853E-04  2.785924390791E-04 -2.905126611106E+03 -3.519672870511E+03 -1.201601569337E+05 -4.107003989382E-02 -4.882812500000E-04   1   5
 -5.076155173672E-05 -4.804829551413E-04 -8.949450031546E-04  2.412007925711E+02 -8.444272729658E+03  1.901067411763E+05 -4.500997310329E-02 -4.882812500000E-04   1   5
 -4.679391527297E-04  6.827197973298E-04 -1.808104108125E-05  4.788658222575E+03  8.734431420571E+03  9.772733607285E+03 -4.207025680826E-02 -4.882812500000E-04   1   5
 -8.870790684923E-04 -1.015059195672E-04  6.125122967110E-04  8.623653630460E+03 -1.854588875673E+03 -2.606388817447E+05 -3.994439088632E-02 -4.882812500000E-04   1   5
 -3.313290172883E-04 -2.866441416110E-04  4.486321082199E-04  3.097932731894E+03 -3.903706919586E+03 -1.883994453331E+05 -4.049716663584E-02 -4.882812500000E-04   1   5
  2.867025070153E-04  8.819371584090E-04  6.411042142626E-04 -2.653380643735E+03  1.407415783349E+04 -2.728012370815E+05 -3.984796754519E-02 -4.882812500000E-04   1   5
 -1.102180077523E-04  1.111789611061E-03  5.079844871070E-04  9.458276593840E+02  1.803208233471E+04 -2.185557389685E+05 -4.029644349935E-02 -4.882812500000E-04   1   5
 -1.239555790883E-04  4.806596842735E-04 -5.140036048501E-05  1.487368303372E+03  6.012276594917E+03  1.258194350096E+04 -4.218169434225E-02 -4.882812500000E-04   1   5
  8.691985038960E-04  5.179948650032E-04  5.324724058312E-04 -7.728861008209E+03  8.391592056464E+03 -2.314072059447E+05 -4.021374010824E-02 -4.882812500000E-04   1   5
  3.258975733706E-04 -1.765712031608E-04 -1.930218017211E-04 -4.062445711758E+03 -1.867550783037E+03  6.715939682072E+04 -4.265856190042E-02 -4.882812500000E-04   1   5
 -6.169400708425E-04 -3.101802510696E-04  2.489494780046E-04  7.171531586893E+03 -4.291563363871E+03 -1.099527363098E+05 -4.116972553594E-02 -4.882812500000E-04   1   5
  2.935783824759E-04 -1.773100607349E-04 -9.531950682963E-04 -1.514200401563E+03 -3.892729050968E+03  2.259121599905E+05 -4.520714483568E-02 -4.882812500000E-04   1   5
 -3.159134867714E-04 -5.751373943620E-04  5.506935545004E-04  3.472757102856E+03 -8.430050192684E+03 -2.402885176265E+05 -4.015238206690E-02 -4.882812500000E-04   1   5
  1.989384036482E-04  4.384698042401E-04  5.511190618279E-05 -2.099593989826E+03  4.355485075534E+03 -2.479493405540E+04 -4.182333921445E-02 -4.882812500000E-04   1   5
  8.766410331529E-04 -6.573220053865E-04  4.559569063765E-04 -7.935200392242E+03 -1.046988082327E+04 -1.901730612864E+05 -4.047236906547E-02 -4.882812500000E-04   1   5
 -3.833428751504E-04 -8.362389892740E-04  3.706467325726E-06  4.066808696960E+03 -1.190377246539E+04  1.571290189922E+03 -4.199687489430E-02 -4.882812500000E-04   1   5
 -1.469752232527E-04 -4.321848272650E-04  4.254719207966E-04  2.720752888640E+03 -4.117188378707E+03 -1.769338867595E+05 -4.057538187253E-02 -4.882812500000E-04   1   5
 -8.862604806500E-04  1.285189937447E-05  2.978683640359E-04  8.990045795526E+03 -2.495619243438E+00 -1.245875078238E+05 -4.100526275854E-02 -4.882812500000E-04   1   5
 -8.936837135060E-04  1.100860942671E-05  7.712794285608E-04  7.755282266998E+03  4.852657644631E+02 -3.252465143410E+05 -3.940933605043E-02 -4.882812500000E-04   1   5
  2.786874732196E-04  8.301792970842E-05 -4.932142940638E-04 -3.061459792911E+03  4.415891604965E+02  1.355940724679E+05 -4.366550116853E-02 -4.882812500000E-04   1   5
 -5.605009359719E-04  1.752757829044E-04  8.593763465771E-04  5.882462094328E+03  2.433209688291E+03 -3.497564259134E+05 -3.911353820404E-02 -4.882812500000E-04   1   5
  3.394719595043E-04 -4.904312349301E-04 -4.245893478303E-04 -3.868470571864E+03 -6.853053693603E+03  1.275775232558E+05 -4.343589489189E-02 -4.882812500000E-04   1   5
 -1.341415451760E-07  6.114593340190E-04  3.149628312223E-04  1.475228791649E+02  7.946513003570E+03 -1.324375254547E+05 -4.094767839967E-02 -4.882812500000E-04   1   5
  9.771788598589E-05  4.062310457145E-04  1.612260246565E-04 -1.562843103293E+03  3.835637418199E+03 -5.890565699048E+04 -4.146657216625E-02 -4.882812500000E-04   1   5
 -9.683829568865E-05  5.656174134044E-04 -5.301834347871E-05  1.531336790437E+03  5.587524517689E+03  1.870958632644E+04 -4.218758222008E-02 -4.882812500000E-04   1   5
 -5.481335188329E-04  9.730443908798E-05 -2.448321288495E-05  7.436808845659E+03  7.352548422175E+02  1.036311990423E+04 -4.209171321492E-02 -4.882812500000E-04   1   5
  1.957092502043E-04 -1.657368402034E-04 -5.213746415019E-04 -3.702943030629E+03 -2.327927327831E+02  1.381318208498E+05 -4.375963524001E-02 -4.882812500000E-04   1   5
 -5.729775698062E-04  4.083135199077E-05  2.872115230997E-04  6.626944075507E+03  9.205234093402E+02 -1.220142522248E+05 -4.104111048619E-02 -4.882812500000E-04   1   5
 -4.540738136461E-04  1.134131743382E-04 -2.810241566743E-04  3.532990682730E+03  1.734442765716E+03  9.203616090565E+04 -4.295409187421E-02 -4.882812500000E-04   1   5
 -3.371923787742E-04 -7.014721054688E-04  2.965304729297E-04  3.829945154738E+03 -8.821885115964E+03 -1.221064164685E+05 -4.100999444194E-02 -4.882812500000E-04   1   5
  2.409676342206E-04  4.851006933174E-05  6.586846200702E-04 -2.303882493682E+03  8.181909223772E+02 -2.894389916315E+05 -3.978810405974E-02 -4.882812500000E-04   1   5
  6.734344984674E-04 -6.771658122045E-04  3.493617464506E-04 -6.053638154294E+03 -1.074101324477E+04 -1.471479874064E+05 -4.083156755546E-02 -4.882812500000E-04   1   5
  5.833095475001E-04  7.858998318244E-04  1.199983317051E-04 -5.743606391512E+03  1.075977853450E+04 -4.653792075548E+04 -4.160500293077E-02 -4.882812500000E-04   1   5
 -2.281372861344E-04 -3.786760281849E-04  6.060085508630E-06  2.830451266021E+03 -3.400099441923E+03 -1.278919707820E+03 -4.198888609792E-02 -4.882812500000E-04   1   5
  1.872494711943E-04  4.625275765347E-04  9.223286559150E-04 -1.777188233956E+03  6.885392606919E+03 -3.727576183804E+05 -3.890161699639E-02 -4.882812500000E-04   1   5
 -4.885915016109E-04 -6.872365272147E-04 -1.313694620226E-04  5.145005117893E+03 -8.674079484703E+03  5.072600703675E+04 -4.245149903702E-02 -4.882812500000E-04   1   5
  4.083151331896E-04  4.995389191614E-04  7.728608448643E-05 -5.104792987430E+03  5.095897604051E+03 -2.947851601687E+04 -4.174897144807E-02 -4.882812500000E-04   1   5
 -3.732144564762E-04 -3.687212116186E-05 -5.648755176553E-04  4.243769306430E+03 -7.545140355982E+01  1.583119044912E+05 -4.390637326602E-02 -4.882812500000E-04   1   5
  6.093878660986E-04  1.943964513465E-04  1.145931773091E-04 -6.504561320533E+03  2.200816609483E+03 -4.488228474703E+04 -4.162324419634E-02 -4.882812500000E-04   1   5
  1.150006603334E-05  5.350862402855E-06  2.457096280613E-04 -1.366453365402E+03  2.410743604399E+02 -1.173800381222E+05 -4.117997062398E-02 -4.882812500000E-04   1   5
 -2.148080579339E-05 -7.349474324005E-04 -7.416512218872E-04  3.692383281309E+02 -1.212369092592E+04  1.805091722340E+05 -4.449776296110E-02 -4.882812500000E-04   1   5
 -5.228929367726E-04 -4.482343739877E-04 -6.751201872867E-04  4.350598508661E+03 -7.365655631072E+03  1.707036640152E+05 -4.427504330911E-02 -4.882812500000E-04   1   5
  8.036803567681E-04 -3.322639278386E-04  2.575438805303E-04 -9.153499863944E+03 -4.004219916697E+03 -1.077136823693E+05 -4.114120770187E-02 -4.882812500000E-04   1   5
  6.441672608734E-04  2.129196606850E-04  1.701436181849E-04 -8.328792683297E+03  1.982148353560E+03 -6.556189812624E+04 -4.143625725703E-02 -4.882812500000E-04   1   5
  3.816302726874E-04  8.052473223310E-04 -1.632467664053E-04 -3.045471097692E+03  1.280667802477E+04  6.278054205821E+04 -4.255872168719E-02 -4.882812500000E-04   1   5
  6.916379394520E-05  4.218625968313E-04 -3.970281511814E-04 -7.460024652386E+02  5.023961464955E+03  1.216212220608E+05 -4.334350039299E-02 -4.882812500000E-04   1   5
 -3.261997954836E-04  5.939241635387E-04 -4.022732658659E-05  3.890228509350E+03  7.801933793280E+03  1.356387521002E+04 -4.214447535776E-02 -4.882812500000E-04   1   5
 -6.369305234449E-04  1.542892091617E-04  7.795950720224E-05  9.014819399720E+03  1.687496678589E+03 -2.839330487750E+04 -4.174681064061E-02 -4.882812500000E-04   1   5
 -3.779348915894E-04  3.472181219985E-04 -3.400793516761E-04  4.193641845731E+03  3.787269930944E+03  1.064907846156E+05 -4.315229502891E-02 -4.882812500000E-04   1   5
  2.147152770031E-04 -1.828253297953E-04  1.083804733925E-03 -2.596095796514E+03 -3.051550117081E+03 -4.066469814158E+05 -3.836011999516E-02 -4.882812500000E-04   1   5
 -4.120015080662E-04  5.771023316904E-04 -3.753488332858E-05  5.138350747613E+03  6.542752776628E+03  1.606441153873E+04 -4.213570030081E-02 -4.882812500000E-04   1   5
 -3.095157378254E-04  2.691556788600E-04  3.238692640939E-05  4.930731745010E+03  1.486573981621E+03 -1.379248942437E+04 -4.190003665686E-02 -4.882812500000E-04   1   5
  3.514523099832E-04  5.653509919187E-04  7.433101987923E-04 -2.956444956825E+03  9.521255425267E+03 -3.146607732088E+05 -3.950359673545E-02 -4.882812500000E-04   1   5
  4.519299440717E-05 -2.183756492147E-04  4.712487001580E-04  2.346775759192E+02 -4.317327518220E+03 -2.072532092476E+05 -4.042017030706E-02 -4.882812500000E-04   1   5
 -2.852203628909E-04 -6.668587784870E-04 -6.955156697731E-04  1.691446539232E+03 -1.299967547813E+04  1.702927436483E+05 -4.434293592606E-02 -4.882812500000E-04   1   5
  4.978135433062E-04  1.415127488928E-04  3.346152683865E-04 -5.322811557759E+03  1.559280938231E+03 -1.453566886759E+05 -4.088106099524E-02 -4.882812500000E-04   1   5
 -1.374628755555E-04  3.303423891381E-04 -7.747092495881E-04  1.440260489212E+03  5.253156679958E+03  1.827909931131E+05 -4.460832635289E-02 -4.882812500000E-04   1   5
  8.736700867193E-04 -2.886133442348E-04  1.039078525666E-03 -6.486563993628E+03 -5.293929042604E+03 -3.941211869167E+05 -3.851011769924E-02 -4.882812500000E-04   1   5
  3.769774346530E-04 -5.782346341174E-04 -7.351489674149E-04 -2.920072123076E+03 -9.779125432275E+03  1.752303165118E+05 -4.447565008625E-02 -4.882812500000E-04   1   5
  1.142390786770E-03 -3.027986607992E-05  1.087125604082E-05 -1.001620014266E+04 -5.911236749158E+02 -3.072178596959E+03 -4.197241749312E-02 -4.882812500000E-04   1   5
 -1.076229833923E-04  4.101624745783E-04 -4.867610255643E-04  1.209643332902E+03  5.366780118846E+03  1.355699681350E+05 -4.364396387419E-02 -4.882812500000E-04   1   5
  5.008549596158E-04  4.779900415690E-04 -2.208491916655E-04 -6.149863720200E+03  5.119974368698E+03  8.099754220744E+04 -4.275247910292E-02 -4.882812500000E-04   1   5
 -4.445493198462E-04 -6.484702648017E-04  5.760688880333E-04  3.642809864416E+03 -1.036371089443E+04 -2.519110162171E+05 -4.006669236919E-02 -4.882812500000E-04   1   5
  4.413085164605E-04 -4.023179911086E-04 -2.903680962073E-04 -2.906027003066E+03 -7.509711271235E+03  9.739028826402E+04 -4.298562143651E-02 -4.882812500000E-04   1   5
  7.082512715411E-04 -3.254874320300E-04  2.210736053647E-04 -8.187081438191E+03 -4.253345018096E+03 -9.350182382955E+04 -4.126405130357E-02 -4.882812500000E-04   1   5
 -5.913415749060E-04 -1.803270504402E-04  3.727536264851E-04  8.113344480499E+03 -2.205568651207E+03 -1.561969121148E+05 -4.075294360122E-02 -4.882812500000E-04   1   5
 -2.076488236061E-04 -7.188876559004E-04  4.302643933283E-04  2.273882563283E+03 -9.387464330984E+03 -1.792980329559E+05 -4.055916396964E-02 -4.882812500000E-04   1   5
 -1.747132885638E-04 -3.541992542878E-04 -5.944646620938E-04  1.903806251292E+03 -5.162009669406E+03  1.679405919227E+05 -4.400584579710E-02 -4.882812500000E-04   1   5
  5.935756820613E-04 -4.865441855617E-04 -3.281634072747E-04 -6.464134371199E+03 -5.933307951874E+03  1.056931212246E+05 -4.311244139631E-02 -4.882812500000E-04   1   5
  3.939707167031E-04  1.875381510383E-04  2.099368752435E-04 -4.736427105628E+03  1.629097539451E+03 -9.204748768758E+04 -4.130136840225E-02 -4.882812500000E-04   1   5
  3.848167029443E-04  2.534006397762E-04  5.809250060516E-04 -4.452437110118E+03  2.615430577772E+03 -2.523559345017E+05 -4.005057219007E-02 -4.882812500000E-04   1   5
  7.380499217909E-04  1.840600329132E-05 -9.948742093890E-05 -7.850729522449E+03 -6.825577671364E+00  3.404830723920E+04 -4.234379665738E-02 -4.882812500000E-04   1   5
 -4.152309526783E-05 -5.750951503775E-04  4.177601991582E-04  8.864331687947E+02 -6.832778022776E+03 -1.737269218276E+05 -4.060136523706E-02 -4.882812500000E-04   1   5
  9.775525189840E-04 -2.548040107342E-04  4.372863678826E-04 -9.348973197457E+03 -3.624296680209E+03 -1.815627129282E+05 -4.053542714390E-02 -4.882812500000E-04   1   5
 -5.884623339313E-04 -4.248339937488E-04  9.097584436631E-04  4.338029209151E+03 -7.348704708030E+03 -3.660406164158E+05 -3.894399019431E-02 -4.882812500000E-04   1   5
 -3.138511545466E-04 -6.663762694465E-04 -1.496698940073E-05  3.969112658089E+03 -8.368413202367E+03  7.548165547200E+03 -4.205971721301E-02 -4.882812500000E-04   1   5
 -6.636647080686E-04 -1.884613604697E-04 -1.702446564890E-04  8.421139354390E+03 -1.896220672738E+03  6.414566469933E+04 -4.258230332034E-02 -4.882812500000E-04   1   5
 -4.296720242749E-04 -4.174745607343E-04 -8.792914447278E-04  3.660891014430E+03 -6.886549385065E+03  1.935236565882E+05 -4.495800975156E-02 -4.882812500000E-04   1   5
 -1.070988003551E-04 -6.642951069713E-04  1.895294997079E-04  1.488115950005E+03 -7.526617349640E+03 -7.488712120005E+04 -4.137083084937E-02 -4.882812500000E-04   1   5
  5.457098021409E-04 -3.551339523222E-04 -2.397628360070E-04 -5.643788660812E+03 -4.409248667533E+03  8.126909913229E+04 -4.281558450571E-02 -4.882812500000E-04   1   5
 -3.369392571428E-04 -5.604257658679E-04 -6.238078836102E-04  3.635271709498E+03 -7.291673315880E+03  1.715063771474E+05 -4.410399600366E-02 -4.882812500000E-04   1   5
  2.884154968386E-04 -2.976442453842E-05  1.704145890569E-04 -2.884552276383E+03 -2.803179766041E+02 -6.198557424158E+04 -4.143566975904E-02 -4.882812500000E-04   1   5
  5.656283750840E-04 -2.548423038856E-04 -4.044319115089E-04 -7.137815216043E+03 -2.754693659381E+03  1.224128879821E+05 -4.336824483604E-02 -4.882812500000E-04   1   5
 -1.335933567263E-04 -6.244333238752E-04 -1.121535584097E-04  1.349458599970E+03 -6.224703083059E+03  4.133462280518E+04 -4.238667970388E-02 -4.882812500000E-04   1   5
 -8.188412412298E-05  7.048386874987E-04  1.033635690811E-04  1.127122591247E+03  9.458163417981E+03 -4.205367115236E+04 -4.166093535803E-02 -4.882812500000E-04   1   5
 -2.697604682000E-04 -2.591150656109E-04 -1.754332477044E-04  1.204004350918E+03 -5.332643397354E+03  6.909266888623E+04 -4.259997453899E-02 -4.882812500000E-04   1   5
  6.878887092040E-05 -5.390677967930E-04  2.646018954051E-04 -3.899433536184E+02 -7.620167871085E+03 -1.191735671679E+05 -4.111676805646E-02 -4.882812500000E-04   1   5
  8.528364400976E-05  3.463153040108E-05 -5.600936940878E-04 -4.192749123932E+02 -1.544171173086E+03  1.552421354997E+05 -4.389017077845E-02 -4.882812500000E-04   1   5
 -6.187921104805E-04  6.188407711922E-04  6.305714734133E-04  5.820993370282E+03  9.527645327977E+03 -2.677891863592E+05 -3.988355384687E-02 -4.882812500000E-04   1   5
 -2.741298663371E-04 -1.046934054568E-04 -5.497736390809E-04  4.697925563497E+03 -9.839223577570E+01  1.514971418416E+05 -4.385544794196E-02 -4.882812500000E-04   1   5
 -6.906870832925E-04  4.491638124739E-04  3.009124402602E-04  6.977975267477E+03  6.280205002552E+03 -1.260463154606E+05 -4.099501064744E-02 -4.882812500000E-04   1   5
  9.370737845754E-05  1.375548499299E-04  8.207114681957E-04 -4.768990607592E+02  2.610283478621E+03 -3.379816358678E+05 -3.924354277123E-02 -4.882812500000E-04   1   5
 -4.853279636395E-04 -4.274178038649E-04 -2.606312702442E-04  6.652042412544E+03 -4.862200171541E+03  9.210262687058E+04 -4.288609327770E-02 -4.882812500000E-04   1   5
  6.167823572929E-04  4.215719696914E-04  7.240120345618E-04 -5.873121108622E+03  6.075857049404E+03 -3.066260474776E+05 -3.956865998961E-02 -4.882812500000E-04   1   5
  3.574475742356E-04  8.303611658806E-04 -4.676268685007E-04 -3.238050044779E+03  1.313797362596E+04  1.387542409931E+05 -4.358024415303E-02 -4.882812500000E-04   1   5
  1.920027523152E-05  8.121735238305E-04  8.172613431824E-04 -2.172487136769E+00  1.477146443996E+04 -3.367612627860E+05 -3.925494055661E-02 -4.882812500000E-04   1   5
 -3.284065949103E-05  7.815218502918E-04  9.714827106888E-05  4.721127186003E+02  1.201444618682E+04 -3.976825957716E+04 -4.168180264884E-02 -4.882812500000E-04   1   5
  7.309552870382E-04  8.030059074351E-04  1.131719862946E-04 -6.995808196442E+03  1.167171744222E+04 -4.405015849471E+04 -4.162791829732E-02 -4.882812500000E-04   1   5
  2.155453698780E-04 -2.834671339282E-04  2.046801218715E-04 -3.574388711958E+03 -2.626114396478E+03 -8.507390136186E+04 -4.131947907984E-02 -4.882812500000E-04   1   5
 -7.078221525798E-04 -4.934923886317E-04  1.148884781058E-04  6.799738014530E+03 -7.066939471329E+03 -4.547032078745E+04 -4.162214167974E-02 -4.882812500000E-04   1   5
 -1.238160236418E-04  6.723865446562E-04 -2.852344867131E-04  1.468691215307E+03  8.950289804902E+03  9.458717018770E+04 -4.296835424246E-02 -4.882812500000E-04   1   5
 -4.088618078997E-04  9.572213779819E-05  4.174311589809E-04  5.134975167006E+03  1.449644093073E+03 -1.749439875303E+05 -4.060237314093E-02 -4.882812500000E-04   1   5
 -3.351764938381E-04  5.837510132998E-04 -3.374739377371E-05  3.786489178939E+03  6.115239923938E+03  1.480327532885E+04 -4.212296523223E-02 -4.882812500000E-04   1   5
 -3.663906335582E-04 -5.429445152373E-04 -8.604089155662E-05  4.544807848734E+03 -6.098730982594E+03  2.796891631786E+04 -4.229848730196E-02 -4.882812500000E-04   1   5
 -5.258949113908E-04 -5.819353985095E-04  2.123546996968E-04  6.563504442743E+03 -7.139560610733E+03 -8.676145306895E+04 -4.129369801310E-02 -4.882812500000E-04   1   5
  1.007499719738E-03  4.160238984407E-04 -4.352410554960E-04 -8.751556628719E+03  6.575700915956E+03  1.311196794798E+05 -4.347149111172E-02 -4.882812500000E-04   1   5
 -4.675969188384E-05 -8.560551892421E-04 -5.137036465150E-04  4.065179205405E+02 -1.378232871883E+04  1.400620440157E+05 -4.373406933971E-02 -4.882812500000E-04   1   5
  6.105200724534E-04  5.830920191137E-04 -6.730494900575E-05 -5.305486438209E+03  8.806837491035E+03  1.925711125463E+04 -4.223517427614E-02 -4.882812500000E-04   1   5
 -2.962589358521E-04  7.258117701420E-04 -3.094243821316E-04  2.576515235709E+03  1.091385496784E+04  9.816389431494E+04 -4.304928400269E-02 -4.882812500000E-04   1   5
 -2.400021958431E-04 -4.803220873448E-04  2.763248654193E-04  1.919108467886E+03 -7.829414085964E+03 -1.217934962448E+05 -4.107741778642E-02 -4.882812500000E-04   1   5
  1.216489991548E-04  7.350979558197E-05 -2.250423893158E-05 -4.845650701968E+02  9.931994738974E+02  9.295903016992E+03 -4.208504139367E-02 -4.882812500000E-04   1   5
  1.418602154937E-04  9.344127757684E-05 -1.069955707410E-04 -2.644475153869E+03  9.775242241678E+02  3.840233005306E+04 -4.236926398963E-02 -4.882812500000E-04   1   5
  2.628264007858E-04  6.127160406115E-04 -6.020111957089E-04 -2.561913764468E+03  8.512857839509E+03  1.677529984392E+05 -4.403097077962E-02 -4.882812500000E-04   1   5
  4.414413340852E-04  9.557283574256E-05 -6.918434451015E-04 -2.277975149991E+03  2.136511186960E+03  1.712407939683E+05 -4.433088386624E-02 -4.882812500000E-04   1   5
  3.447758937415E-05 -6.547313537537E-04  4.902777465674E-04 -2.338939586190E+02 -8.259645436011E+03 -2.112954912415E+05 -4.035634382570E-02 -4.882812500000E-04   1   5
  4.042923069639E-04 -8.574002007502E-05 -4.956934611547E-04 -4.864407388771E+03 -3.563996260636E+02  1.350949117424E+05 -4.367372495488E-02 -4.882812500000E-04   1   5
  4.545721665504E-04 -7.790264189160E-05 -5.384593433344E-05 -7.638898109410E+03 -3.294611575736E+02  1.828491240051E+04 -4.219030448895E-02 -4.882812500000E-04   1   5
  7.037867341637E-04 -8.296242903822E-04  5.437369150615E-04 -5.809830308467E+03 -1.307437187392E+04 -2.360280529756E+05 -4.017574225154E-02 -4.882812500000E-04   1   5
  6.552409881317E-04 -5.241379610006E-04 -1.956866021969E-04 -5.126463851993E+03 -8.723667445167E+03  6.626232842857E+04 -4.266720577289E-02 -4.882812500000E-04   1   5
  2.634150354259E-04 -8.169431148703E-04  7.832801085663E-04 -2.254567183947E+03 -1.416128650185E+04 -3.296420674714E+05 -3.936891604121E-02 -4.882812500000E-04   1   5
 -3.591053039986E-04 -2.974953912818E-04  8.401845965483E-04  3.760726676381E+03 -4.517555124809E+03 -3.433328422248E+05 -3.917811290327E-02 -4.882812500000E-04   1   5
 -1.560434407789E-04 -3.060204537799E-04  2.065206451541E-04  2.105443945404E+03 -4.157264162744E+03 -8.871029840174E+04 -4.131304329089E-02 -4.882812500000E-04   1   5
 -1.128351937947E-04  5.605352695676E-04 -5.856206785843E-04  1.281288991213E+03  8.692099846438E+03  1.660475522746E+05 -4.397615474589E-02 -4.882812500000E-04   1   5
 -1.817533554178E-04  6.138346718726E-04 -2.125986384336E-04  1.374538721836E+03  9.503766240881E+03  7.084523262820E+04 -4.272410225519E-02 -4.882812500000E-04   1   5
 -5.525609431192E-04 -5.173412912123E-05  1.103752442223E-03  2.789089427509E+03 -1.151431044389E+03 -3.925675720270E+05 -3.829459998316E-02 -4.882812500000E-04   1   5
 -2.627460126103E-04  6.265160006477E-04 -7.806271041656E-04  2.366269225568E+03  1.048446235522E+04  1.897672670848E+05 -4.462853838098E-02 -4.882812500000E-04   1   5
 -7.881666529397E-04 -8.141499895489E-05  1.508465640910E-04  9.838364038591E+03 -9.122651507690E+02 -5.710046585845E+04 -4.150130368051E-02 -4.882812500000E-04   1   5
  5.340597359860E-04 -2.765454640511E-05  9.247135361644E-04 -3.637265476236E+03 -8.109147084119E+02 -3.737486384963E+05 -3.889351229883E-02 -4.882812500000E-04   1   5
  3.460874803203E-04 -3.933458363765E-04 -2.985980484048E-04 -3.668004864605E+03 -5.243864119259E+03  9.595226237708E+04 -4.301306170301E-02 -4.882812500000E-04   1   5
  3.984170298031E-04  6.028671068395E-04  7.269939036650E-04 -3.196462529821E+03  9.549553487556E+03 -3.080688911347E+05 -3.955857189688E-02 -4.882812500000E-04   1   5
  2.613441088496E-04  6.603723883870E-04 -6.196704905367E-04 -2.573745434552E+03  9.498340048958E+03  1.686535037688E+05 -4.408994076860E-02 -4.882812500000E-04   1   5
 -3.796215127142E-04 -1.372917618748E-04  2.191228661164E-04  5.162197830956E+03 -1.012636582798E+03 -1.002135508729E+05 -4.127006147627E-02 -4.882812500000E-04   1   5
  7.669805900696E-04  5.220119868909E-04  3.892119882598E-05 -7.899518115203E+03  6.958550752878E+03 -1.239335730336E+04 -4.187826191321E-02 -4.882812500000E-04   1   5
  7.562262600994E-04  1.745499562084E-04  6.522849877423E-04 -6.247610356357E+03  2.978062533899E+03 -2.822767834172E+05 -3.980990318767E-02 -4.882812500000E-04   1   5
  4.021967115557E-04  2.894303473476E-05 -6.325587130078E-04 -4.234191231186E+03  5.824899033267E+02  1.724122339055E+05 -4.413328368614E-02 -4.882812500000E-04   1   5
  1.850813021474E-04  3.135155319686E-04 -3.125371072942E-04 -1.748174370569E+03  4.096052345826E+03  1.014501369575E+05 -4.306001988478E-02 -4.882812500000E-04   1   5
 -7.549119500809E-05  5.949991283003E-04  4.225927717102E-04  6.360944639376E+02  7.761961483978E+03 -1.779384669498E+05 -4.058488839524E-02 -4.882812500000E-04   1   5
 -4.545850466098E-04  4.032889419865E-04 -8.511322264981E-06  5.418291655392E+03  4.035965181335E+03  4.733143541522E+03 -4.203796754968E-02 -4.882812500000E-04   1   5
 -3.506968358161E-05  3.370027811216E-04 -2.414809686979E-05  5.475825175683E+02  4.293481484757E+03  8.727832903281E+03 -4.209047884175E-02 -4.882812500000E-04   1   5
 -4.380893507651E-04  1.479827053192E-04 -3.181334002500E-04  4.679459431150E+03  1.691962706446E+03  1.029783280577E+05 -4.307880015277E-02 -4.882812500000E-04   1   5
 -3.995636939744E-04 -6.115871139871E-04  5.266933825979E-04  3.004319630775E+03 -1.025164237747E+04 -2.318207467815E+05 -4.023306554412E-02 -4.882812500000E-04   1   5
 -2.232017908057E-04 -5.406359670931E-04 -1.336964959053E-04  3.107902807013E+03 -6.187627807253E+03  5.283670067304E+04 -4.245948175913E-02 -4.882812500000E-04   1   5
  4.223648046277E-04  1.225036850001E-04 -1.297529695605E-04 -6.120784322552E+03  6.124591621481E+02  5.305081324686E+04 -4.244635041799E-02 -4.882812500000E-04   1   5
  8.781243164571E-04  1.229451585287E-04 -3.896972765240E-04 -7.651712987269E+03  1.999967879343E+03  1.201707101078E+05 -4.331876671199E-02 -4.882812500000E-04   1   5
 -8.525904045475E-04 -4.676549075485E-04  3.114320798296E-04  8.326175837105E+03 -6.645802200953E+03 -1.289683046255E+05 -4.095962387899E-02 -4.882812500000E-04   1   5
  8.393319995729E-04  1.901251499950E-04 -3.746871248617E-04 -6.949826108356E+03  2.949747416373E+03  1.171998892129E+05 -4.326844796972E-02 -4.882812500000E-04   1   5
 -4.806720330949E-04  6.082371403141E-04 -1.487995349820E-04  5.387914515050E+03  6.944537834685E+03  5.880997177026E+04 -4.251031763647E-02 -4.882812500000E-04   1   5
 -6.391928858154E-04  3.067191375135E-04 -3.131890743999E-04  7.039771766414E+03  3.980732983143E+03  1.009274212860E+05 -4.306210918162E-02 -4.882812500000E-04   1   5
 -6.142656580899E-04  3.947002484111E-04 -8.858965556919E-04  4.296525338533E+03  6.838096959300E+03  1.895558157987E+05 -4.497964036800E-02 -4.882812500000E-04   1   5
 -7.905203719029E-04 -1.046258142484E-04 -4.249612020077E-04  8.718319892281E+03 -1.146016205793E+03  1.307000275029E+05 -4.343734920092E-02 -4.882812500000E-04   1   5
  1.678620353088E-04 -4.715680047258E-04  5.128861070121E-04 -1.543424586069E+03 -6.897224467651E+03 -2.242514049515E+05 -4.027985525767E-02 -4.882812500000E-04   1   5
 -5.678268740032E-05 -3.728641836142E-05 -3.672201764412E-04  2.384049124503E+03  4.923022843291E+01  1.133490773278E+05 -4.324339643556E-02 -4.882812500000E-04   1   5
 -7.225035134382E-04  6.310213986743E-04  4.424971674110E-04  6.743965949866E+03  9.352650878364E+03 -1.836495675425E+05 -4.051789207790E-02 -4.882812500000E-04   1   5
  5.105361002382E-04  4.039997767245E-04 -2.954188210283E-04 -5.315714770426E+03  5.427839995046E+03  9.501459870410E+04 -4.300235796008E-02 -4.882812500000E-04   1   5
 -4.345914183303E-04  6.492981582840E-04  5.224433455782E-04  3.856848243682E+03  9.664634997773E+03 -2.258078676101E+05 -4.024777440509E-02 -4.882812500000E-04   1   5
  6.146139404204E-05 -2.079044569255E-04 -7.574868634413E-04  1.783088913786E+01 -3.667702904176E+03  1.781073544471E+05 -4.455050575022E-02 -4.882812500000E-04   1   5
  1.616976501167E-04  2.496080045131E-04 -8.941480425524E-04 -8.695151849736E+02  3.657904633256E+03  1.888823878632E+05 -4.500726429801E-02 -4.882812500000E-04   1   5
  1.582175469954E-04 -6.845967620363E-04 -2.538274816831E-04 -1.467657344442E+03 -8.770823806270E+03  8.906950316776E+04 -4.286313699790E-02 -4.882812500000E-04   1   5
 -1.539545546812E-04 -6.927848890322E-04  7.298619278411E-04  1.453865681529E+03 -9.945249351790E+03 -3.102977955694E+05 -3.954886463998E-02 -4.882812500000E-04   1   5
 -4.050588273257E-04 -5.974885439369E-04 -7.998165082224E-04  3.235097123379E+03 -1.021472305541E+04  1.897031173253E+05 -4.469252122523E-02 -4.882812500000E-04   1   5
  1.267814020972E-03 -4.508061153509E-04  6.772254525714E-04 -1.036665545841E+04 -7.510098800253E+03 -2.884493786920E+05 -3.972587332661E-02 -4.882812500000E-04   1   5
  9.111130523028E-04  1.095785044404E-04 -5.804285116469E-04 -7.530529347022E+03  1.945844605582E+03  1.625409551653E+05 -4.395839952689E-02 -4.882812500000E-04   1   5
 -7.038192702300E-04 -3.959873608243E-04 -4.642134874754E-04  6.675077178377E+03 -5.390350825349E+03  1.390577160104E+05 -4.356893272606E-02 -4.882812500000E-04   1   5
  2.497003062520E-04 -7.077383125302E-04  6.914506926678E-04 -2.763598324613E+03 -9.858521234817E+03 -2.963110513807E+05 -3.967816808973E-02 -4.882812500000E-04   1   5
  6.125998320619E-04 -1.069090979172E-04  8.961392896777E-04 -6.793620106945E+03 -1.780985651440E+03 -3.687822767882E+05 -3.898930939979E-02 -4.882812500000E-04   1   5
  3.583267940349E-04 -1.444204698200E-03 -5.732466260844E-04 -2.376328011051E+03 -2.660745553672E+04  1.567374934649E+05 -4.393341161906E-02 -4.882812500000E-04   1   5
 -1.113057543515E-04  8.398742061258E-05  4.268799768729E-04  2.614412001628E+03 -6.010153709174E+01 -1.804270464529E+05 -4.057040438543E-02 -4.882812500000E-04   1   5
 -6.954261438841E-04 -2.023335296317E-04 -4.578222204576E-04  6.759329914501E+03 -2.934836983176E+03  1.355642267368E+05 -4.354735142698E-02 -4.882812500000E-04   1   5
 -2.621525054436E-04 -6.573304476807E-04 -3.337943326763E-04  2.860133288051E+03 -8.499879642414E+03  1.054907189369E+05 -4.313122426327E-02 -4.882812500000E-04   1   5
 -8.747341328544E-04 -4.165171742407E-04  5.196171736552E-04  7.566414240501E+03 -6.546198732103E+03 -2.240131388358E+05 -4.025724649268E-02 -4.882812500000E-04   1   5
  5.454825091286E-04 -5.684837735426E-04  2.348850939791E-04 -6.332771166838E+03 -7.234031533976E+03 -9.976231143535E+04 -4.121746786647E-02 -4.882812500000E-04   1   5
  3.557616290042E-04  7.844243973502E-05 -5.934872969116E-05 -5.620656576511E+03 -4.502005965653E+01  1.638946399911E+04 -4.220852201081E-02 -4.882812500000E-04   1   5
 -1.079683057896E-03 -4.879929817471E-08 -2.225467104829E-04  1.024288690714E+04  1.072053753666E+02  7.916387582647E+04 -4.275782036616E-02 -4.882812500000E-04   1   5
 -7.019332193580E-04 -2.146697401336E-04 -3.471830770553E-04  8.303772132812E+03 -2.736134484424E+03  1.105807804039E+05 -4.317629240794E-02 -4.882812500000E-04   1   5
  3.007362761605E-04 -6.429353300361E-04 -4.482049666252E-04 -2.930639290007E+03 -8.359795795181E+03  1.368476773711E+05 -4.351540454001E-02 -4.882812500000E-04   1   5
  6.368760714153E-04 -5.100241353916E-04  4.080384762570E-04 -5.399552900211E+03 -8.157524416879E+03 -1.704261212981E+05 -4.063394456967E-02 -4.882812500000E-04   1   5
  4.702296766433E-04  2.766383102840E-04  1.658889821096E-04 -7.030534060491E+03  2.238463000530E+03 -6.356383860983E+04 -4.145062361567E-02 -4.882812500000E-04   1   5
  4.631200815141E-04 -5.206046857972E-04  1.546684672175E-04 -5.631102564253E+03 -6.049934072171E+03 -5.878300447854E+04 -4.148843264880E-02 -4.882812500000E-04   1   5
  5.263717566541E-04 -1.340266597624E-04  2.087765331834E-04 -6.885477749159E+03 -1.654282477879E+03 -8.822913179009E+04 -4.130554449324E-02 -4.882812500000E-04   1   5
  5.454709579438E-05  2.150207573428E-04  1.352147369781E-04 -3.869605194164E+02  1.714300133324E+03 -5.187990426357E+04 -4.155392724696E-02 -4.882812500000E-04   1   5
 -5.104895921275E-05 -8.099201565034E-05 -2.903743023412E-04  2.217800669718E+03 -1.291091905166E+03  9.533374587248E+04 -4.298559447552E-02 -4.882812500000E-04   1   5
  3.767664385839E-04  4.001574445394E-04  2.133974653182E-04 -4.548246056818E+03  5.051802421987E+03 -9.361009572004E+04 -4.128968668540E-02 -4.882812500000E-04   1   5
 -4.940809611895E-04 -3.899211770409E-04  7.329768565053E-04  5.404713526054E+03 -5.430208605882E+03 -3.108663456628E+05 -3.953844620891E-02 -4.882812500000E-04   1   5
