 -5.1660E-01 -5.7580E+00 -2.3335E-03  7.5539E-02  1.1381E+00  1.3185E+00 -1.0803E+00
 -5.0622E-01 -5.7090E+00 -2.0518E-03  6.4444E-02  1.1381E+00  1.3204E+00 -1.0576E+00
 -4.9544E-01 -5.6581E+00 -1.7589E-03  5.3243E-02  1.1380E+00  1.3224E+00 -1.0175E+00
 -4.8476E-01 -5.6077E+00 -1.4688E-03  4.2744E-02  1.1380E+00  1.3243E+00 -9.4387E-01
 -4.7398E-01 -5.5568E+00 -1.1756E-03  3.3302E-02  1.1380E+00  1.3263E+00 -7.9194E-01
 -4.6331E-01 -5.5064E+00 -8.8525E-04  2.6365E-02  1.1379E+00  1.3283E+00 -4.7577E-01
 -4.5253E-01 -5.4555E+00 -5.9175E-04  2.4019E-02  1.1379E+00  1.3303E+00  5.9417E-02
 -4.4186E-01 -5.4051E+00 -3.0116E-04  2.7510E-02  1.1379E+00  1.3323E+00  5.5458E-01
 -4.3108E-01 -5.3542E+00 -7.5961E-06  3.5192E-02  1.1380E+00  1.3343E+00  8.3057E-01
 -4.2041E-01 -5.3038E+00  2.8298E-04  4.4858E-02  1.1381E+00  1.3363E+00  9.6000E-01
 -4.0962E-01 -5.2528E+00  5.7654E-04  5.5623E-02  1.1381E+00  1.3383E+00  1.0255E+00
 -3.9895E-01 -5.2024E+00  8.6713E-04  6.6796E-02  1.1382E+00  1.3403E+00  1.0611E+00
 -3.8817E-01 -5.1515E+00  1.1607E-03  7.8382E-02  1.1383E+00  1.3424E+00  1.0827E+00
 -3.7750E-01 -5.1011E+00  1.4513E-03  9.0032E-02  1.1383E+00  1.3444E+00  1.0963E+00
 -3.6672E-01 -5.0502E+00  1.7447E-03  1.0192E-01  1.1368E+00  1.3466E+00  1.1041E+00
 -3.5599E-01 -4.9999E+00  2.0348E-03  1.1376E-01  1.1238E+00  1.3497E+00  1.0979E+00
 -3.4535E-01 -4.9509E+00  2.3171E-03  1.2536E-01  1.0976E+00  1.3525E+00  1.0768E+00
 -3.3458E-01 -4.9026E+00  2.5954E-03  1.3684E-01  1.0704E+00  1.3546E+00  1.0533E+00
 -3.2387E-01 -4.8557E+00  2.8656E-03  1.4802E-01  1.0456E+00  1.3566E+00  1.0313E+00
 -3.1309E-01 -4.8095E+00  3.1314E-03  1.5904E-01  1.0231E+00  1.3585E+00  1.0110E+00
 -3.0239E-01 -4.7647E+00  3.3895E-03  1.6975E-01  1.0028E+00  1.3603E+00  9.9239E-01
 -2.9167E-01 -4.7206E+00  3.6435E-03  1.8032E-01  9.8430E-01  1.3621E+00  9.7519E-01
 -2.8091E-01 -4.6772E+00  3.8934E-03  1.9073E-01  9.6736E-01  1.3639E+00  9.5934E-01
 -2.7018E-01 -4.6346E+00  4.1389E-03  2.0096E-01  9.5188E-01  1.3657E+00  9.4475E-01
 -2.5945E-01 -4.5927E+00  4.3803E-03  2.1103E-01  9.3768E-01  1.3674E+00  9.3130E-01
 -2.4873E-01 -4.5514E+00  4.6182E-03  2.2096E-01  9.2467E-01  1.3691E+00  9.1892E-01
 -2.3804E-01 -4.5108E+00  4.8521E-03  2.3073E-01  9.1271E-01  1.3708E+00  9.0749E-01
 -2.2727E-01 -4.4704E+00  5.0848E-03  2.4045E-01  9.0164E-01  1.3724E+00  8.9688E-01
 -2.1655E-01 -4.4306E+00  5.3139E-03  2.5003E-01  8.9148E-01  1.3741E+00  8.8712E-01
 -2.0586E-01 -4.3914E+00  5.5397E-03  2.5947E-01  8.8216E-01  1.3757E+00  8.7814E-01
 -1.9509E-01 -4.3523E+00  5.7648E-03  2.6889E-01  8.7352E-01  1.3773E+00  8.6981E-01
 -1.8439E-01 -4.3138E+00  5.9866E-03  2.7817E-01  8.6561E-01  1.3789E+00  8.6217E-01
 -1.7364E-01 -4.2755E+00  6.2072E-03  2.8740E-01  8.5833E-01  1.3805E+00  8.5513E-01
 -1.6295E-01 -4.2377E+00  6.4250E-03  2.9652E-01  8.5167E-01  1.3821E+00  8.4867E-01
 -1.5219E-01 -4.2000E+00  6.6425E-03  3.0563E-01  8.4555E-01  1.3837E+00  8.4275E-01
 -1.4154E-01 -4.1629E+00  6.8562E-03  3.1458E-01  8.4000E-01  1.3852E+00  8.3737E-01
 -1.3082E-01 -4.1258E+00  7.0700E-03  3.2353E-01  8.3495E-01  1.3868E+00  8.3247E-01
 -1.2005E-01 -4.0887E+00  7.2837E-03  3.3249E-01  8.3033E-01  1.3883E+00  8.2799E-01
 -1.0928E-01 -4.0518E+00  7.4961E-03  3.4139E-01  8.2619E-01  1.3899E+00  8.2398E-01
 -9.8600E-02 -4.0154E+00  7.7059E-03  3.5018E-01  8.2251E-01  1.3914E+00  8.2042E-01
 -8.7873E-02 -3.9790E+00  7.9156E-03  3.5897E-01  8.1926E-01  1.3929E+00  8.1726E-01
 -7.7107E-02 -3.9426E+00  8.1253E-03  3.6776E-01  8.1639E-01  1.3945E+00  8.1449E-01
 -6.6374E-02 -3.9065E+00  8.3337E-03  3.7650E-01  8.1394E-01  1.3960E+00  8.1213E-01
 -5.5647E-02 -3.8704E+00  8.5414E-03  3.8520E-01  8.1187E-01  1.3975E+00  8.1014E-01
 -4.4999E-02 -3.8347E+00  8.7472E-03  3.9383E-01  8.1019E-01  1.3990E+00  8.0854E-01
 -3.4194E-02 -3.7986E+00  8.9555E-03  4.0257E-01  8.0886E-01  1.4005E+00  8.0728E-01
 -2.3510E-02 -3.7629E+00  9.1613E-03  4.1119E-01  8.0820E-01  1.4010E+00  8.0669E-01
 -1.2816E-02 -3.7272E+00  9.3673E-03  4.1983E-01  8.0934E-01  1.3992E+00  8.0789E-01
 -2.0146E-03 -3.6911E+00  9.5762E-03  4.2859E-01  8.1325E-01  1.4004E+00  8.1187E-01
  8.6867E-03 -3.6554E+00  9.7839E-03  4.3729E-01  8.1503E-01  1.4095E+00  8.1370E-01
  1.9388E-02 -3.6197E+00  9.9919E-03  4.4601E-01  8.1514E-01  1.4124E+00  8.1385E-01
  3.0090E-02 -3.5840E+00  1.0200E-02  4.5473E-01  8.1515E-01  1.4141E+00  8.1391E-01
  4.0892E-02 -3.5480E+00  1.0410E-02  4.6353E-01  8.1516E-01  1.4157E+00  8.1396E-01
  5.1593E-02 -3.5123E+00  1.0618E-02  4.7224E-01  8.1517E-01  1.4173E+00  8.1401E-01
  6.2295E-02 -3.4766E+00  1.0826E-02  4.8096E-01  8.1517E-01  1.4189E+00  8.1405E-01
  7.2996E-02 -3.4409E+00  1.1034E-02  4.8968E-01  8.1518E-01  1.4205E+00  8.1410E-01
  8.3798E-02 -3.4048E+00  1.1244E-02  4.9848E-01  8.1519E-01  1.4221E+00  8.1414E-01
  9.4499E-02 -3.3691E+00  1.1452E-02  5.0720E-01  8.1519E-01  1.4237E+00  8.1418E-01
  1.0520E-01 -3.3334E+00  1.1660E-02  5.1592E-01  8.1520E-01  1.4253E+00  8.1421E-01
  1.1590E-01 -3.2977E+00  1.1868E-02  5.2464E-01  8.1520E-01  1.4269E+00  8.1425E-01
  1.2670E-01 -3.2617E+00  1.2078E-02  5.3345E-01  8.1521E-01  1.4285E+00  8.1429E-01
  1.3741E-01 -3.2260E+00  1.2286E-02  5.4217E-01  8.1522E-01  1.4302E+00  8.1432E-01
  1.4811E-01 -3.1903E+00  1.2494E-02  5.5089E-01  8.1522E-01  1.4318E+00  8.1435E-01
  1.5881E-01 -3.1546E+00  1.2702E-02  5.5961E-01  8.1523E-01  1.4334E+00  8.1438E-01
  1.6961E-01 -3.1186E+00  1.2913E-02  5.6841E-01  8.1523E-01  1.4350E+00  8.1441E-01
  1.8031E-01 -3.0829E+00  1.3121E-02  5.7714E-01  8.1524E-01  1.4367E+00  8.1444E-01
  1.9101E-01 -3.0472E+00  1.3329E-02  5.8586E-01  8.1524E-01  1.4383E+00  8.1447E-01
  2.0171E-01 -3.0115E+00  1.3537E-02  5.9458E-01  8.1525E-01  1.4399E+00  8.1449E-01
  2.1252E-01 -2.9754E+00  1.3747E-02  6.0339E-01  8.1525E-01  1.4416E+00  8.1452E-01
  2.2322E-01 -2.9397E+00  1.3955E-02  6.1211E-01  8.1526E-01  1.4432E+00  8.1454E-01
  2.3392E-01 -2.9040E+00  1.4163E-02  6.2083E-01  8.1526E-01  1.4448E+00  8.1456E-01
  2.4462E-01 -2.8683E+00  1.4371E-02  6.2956E-01  8.1527E-01  1.4465E+00  8.1459E-01
  2.5542E-01 -2.8323E+00  1.4581E-02  6.3836E-01  8.1527E-01  1.4481E+00  8.1461E-01
  2.6612E-01 -2.7966E+00  1.4789E-02  6.4709E-01  8.1528E-01  1.4498E+00  8.1463E-01
  2.7683E-01 -2.7609E+00  1.4997E-02  6.5581E-01  8.1528E-01  1.4514E+00  8.1465E-01
  2.8753E-01 -2.7252E+00  1.5205E-02  6.6454E-01  8.1529E-01  1.4531E+00  8.1467E-01
  2.9833E-01 -2.6892E+00  1.5416E-02  6.7335E-01  8.1529E-01  1.4547E+00  8.1469E-01
  3.0903E-01 -2.6535E+00  1.5624E-02  6.8207E-01  8.1530E-01  1.4564E+00  8.1471E-01
  3.1973E-01 -2.6178E+00  1.5832E-02  6.9080E-01  8.1530E-01  1.4581E+00  8.1473E-01
  3.3043E-01 -2.5821E+00  1.6040E-02  6.9952E-01  8.1530E-01  1.4597E+00  8.1474E-01
  3.3295E-01 -2.5737E+00  1.6089E-02  7.0157E-01  8.1531E-01  1.4601E+00  8.1475E-01
  3.4124E-01 -2.5460E+00  1.6250E-02  7.0833E-01  8.1531E-01  1.4614E+00  8.1476E-01
  3.5194E-01 -2.5103E+00  1.6458E-02  7.1706E-01  8.1531E-01  1.4631E+00  8.1478E-01
  3.6264E-01 -2.4746E+00  1.6666E-02  7.2578E-01  8.1532E-01  1.4647E+00  8.1479E-01
  3.7334E-01 -2.4389E+00  1.6874E-02  7.3451E-01  8.1532E-01  1.4664E+00  8.1481E-01
  3.8414E-01 -2.4029E+00  1.7085E-02  7.4332E-01  8.1532E-01  1.4681E+00  8.1482E-01
  3.9484E-01 -2.3672E+00  1.7293E-02  7.5204E-01  8.1533E-01  1.4698E+00  8.1484E-01
  4.0554E-01 -2.3315E+00  1.7501E-02  7.6077E-01  8.1533E-01  1.4714E+00  8.1485E-01
  4.1625E-01 -2.2958E+00  1.7709E-02  7.6950E-01  8.1534E-01  1.4731E+00  8.1486E-01
  4.2705E-01 -2.2598E+00  1.7919E-02  7.7830E-01  8.1534E-01  1.4748E+00  8.1488E-01
  4.3775E-01 -2.2241E+00  1.8127E-02  7.8703E-01  8.1534E-01  1.4765E+00  8.1489E-01
  4.4845E-01 -2.1884E+00  1.8335E-02  7.9576E-01  8.1535E-01  1.4782E+00  8.1490E-01
  4.5915E-01 -2.1527E+00  1.8544E-02  8.0449E-01  8.1535E-01  1.4799E+00  8.1492E-01
  4.6995E-01 -2.1166E+00  1.8754E-02  8.1330E-01  8.1536E-01  1.4816E+00  8.1493E-01
  4.8066E-01 -2.0809E+00  1.8962E-02  8.2202E-01  8.1536E-01  1.4833E+00  8.1494E-01
  4.9136E-01 -2.0452E+00  1.9170E-02  8.3075E-01  8.1536E-01  1.4850E+00  8.1495E-01
  5.0206E-01 -2.0095E+00  1.9378E-02  8.3948E-01  8.1537E-01  1.4867E+00  8.1496E-01
  5.1286E-01 -1.9735E+00  1.9588E-02  8.4829E-01  8.1537E-01  1.4884E+00  8.1497E-01
  5.2356E-01 -1.9378E+00  1.9796E-02  8.5702E-01  8.1537E-01  1.4901E+00  8.1498E-01
  5.3426E-01 -1.9021E+00  2.0005E-02  8.6574E-01  8.1538E-01  1.4918E+00  8.1499E-01
  5.4497E-01 -1.8664E+00  2.0213E-02  8.7447E-01  8.1538E-01  1.4935E+00  8.1500E-01
  5.5577E-01 -1.8304E+00  2.0423E-02  8.8328E-01  8.1538E-01  1.4952E+00  8.1501E-01
  5.6647E-01 -1.7947E+00  2.0631E-02  8.9201E-01  8.1539E-01  1.4970E+00  8.1502E-01
  5.7717E-01 -1.7590E+00  2.0839E-02  9.0074E-01  8.1539E-01  1.4987E+00  8.1503E-01
  5.8787E-01 -1.7233E+00  2.1048E-02  9.0947E-01  8.1539E-01  1.5004E+00  8.1504E-01
  5.9867E-01 -1.6872E+00  2.1258E-02  9.1828E-01  8.1540E-01  1.5021E+00  8.1505E-01
  6.0937E-01 -1.6515E+00  2.1466E-02  9.2701E-01  8.1540E-01  1.5038E+00  8.1506E-01
  6.2008E-01 -1.6158E+00  2.1674E-02  9.3574E-01  8.1540E-01  1.5056E+00  8.1507E-01
  6.3078E-01 -1.5801E+00  2.1882E-02  9.4447E-01  8.1541E-01  1.5073E+00  8.1508E-01
  6.4158E-01 -1.5441E+00  2.2092E-02  9.5328E-01  8.1550E-01  1.5066E+00  8.1518E-01
  6.5228E-01 -1.5084E+00  2.2301E-02  9.6202E-01  8.1883E-01  1.4769E+00  8.1853E-01
  6.6298E-01 -1.4727E+00  2.2514E-02  9.7091E-01  8.5443E-01  1.2468E+00  8.5423E-01
  6.7368E-01 -1.4370E+00  2.2749E-02  9.8068E-01  9.8422E-01  1.0584E+00  9.8410E-01
  6.8449E-01 -1.4010E+00  2.3029E-02  9.9226E-01  1.1613E+00  1.0432E+00  1.1612E+00
  6.9519E-01 -1.3653E+00  2.3351E-02  1.0057E+00  1.3441E+00  1.0426E+00  1.3440E+00
  7.0589E-01 -1.3296E+00  2.3719E-02  1.0211E+00  1.5297E+00  1.0432E+00  1.5297E+00
  7.1659E-01 -1.2939E+00  2.4134E-02  1.0385E+00  1.7184E+00  1.0441E+00  1.7183E+00
  7.2739E-01 -1.2578E+00  2.4601E-02  1.0581E+00  1.9122E+00  1.0454E+00  1.9122E+00
  7.3809E-01 -1.2221E+00  2.5112E-02  1.0796E+00  2.1080E+00  1.0471E+00  2.1080E+00
  7.4880E-01 -1.1864E+00  2.5674E-02  1.1032E+00  2.3064E+00  1.0541E+00  2.3064E+00
  7.5950E-01 -1.1507E+00  2.6283E-02  1.1290E+00  2.4902E+00  1.1552E+00  2.4901E+00
  7.7030E-01 -1.1147E+00  2.6933E-02  1.1565E+00  2.5840E+00  1.6936E+00  2.5839E+00
  7.8100E-01 -1.0790E+00  2.7586E-02  1.1843E+00  2.5977E+00  1.9006E+00  2.5976E+00
  7.9170E-01 -1.0433E+00  2.8240E-02  1.2121E+00  2.5987E+00  1.9393E+00  2.5986E+00
  8.0240E-01 -1.0076E+00  2.8895E-02  1.2399E+00  2.5987E+00  1.9600E+00  2.5986E+00
  8.1320E-01 -9.7154E-01  2.9555E-02  1.2680E+00  2.5987E+00  1.9810E+00  2.5986E+00
  8.2391E-01 -9.3584E-01  3.0209E-02  1.2959E+00  2.5987E+00  2.0019E+00  2.5986E+00
  8.3461E-01 -9.0014E-01  3.0864E-02  1.3237E+00  2.5987E+00  2.0229E+00  2.5986E+00
  8.4531E-01 -8.6444E-01  3.1518E-02  1.3515E+00  2.5987E+00  2.0439E+00  2.5986E+00
  8.5611E-01 -8.2841E-01  3.2178E-02  1.3796E+00  2.5987E+00  2.0653E+00  2.5986E+00
  8.6681E-01 -7.9271E-01  3.2832E-02  1.4074E+00  2.5987E+00  2.0866E+00  2.5986E+00
  8.7751E-01 -7.5701E-01  3.3487E-02  1.4353E+00  2.5987E+00  2.1080E+00  2.5986E+00
  8.8822E-01 -7.2131E-01  3.4141E-02  1.4631E+00  2.5987E+00  2.1295E+00  2.5986E+00
  8.9902E-01 -6.8527E-01  3.4801E-02  1.4912E+00  2.5987E+00  2.1512E+00  2.5986E+00
  9.0972E-01 -6.4957E-01  3.5456E-02  1.5190E+00  2.5987E+00  2.1748E+00  2.5986E+00
  9.2042E-01 -6.1387E-01  3.6110E-02  1.5469E+00  2.5952E+00  2.2683E+00  2.5951E+00
  9.3112E-01 -5.7817E-01  3.6758E-02  1.5745E+00  2.5529E+00  3.0085E+00  2.5528E+00
  9.4192E-01 -5.4214E-01  3.7381E-02  1.6012E+00  2.3565E+00  4.4732E+00  2.3561E+00
  9.5263E-01 -5.0644E-01  3.7931E-02  1.6249E+00  2.0613E+00  4.8017E+00  2.0608E+00
  9.6333E-01 -4.7074E-01  3.8403E-02  1.6453E+00  1.7490E+00  4.8419E+00  1.7484E+00
  9.7403E-01 -4.3504E-01  3.8796E-02  1.6623E+00  1.4323E+00  4.8510E+00  1.4317E+00
  9.8483E-01 -3.9900E-01  3.9111E-02  1.6760E+00  1.1097E+00  4.8569E+00  1.1089E+00
  9.9553E-01 -3.6330E-01  3.9342E-02  1.6862E+00  7.8800E-01  4.8602E+00  7.8689E-01
  1.0062E+00 -3.2760E-01  3.9492E-02  1.6929E+00  4.6513E-01  4.8616E+00  4.6326E-01
  1.0169E+00 -2.9190E-01  3.9561E-02  1.6961E+00  1.4609E-01  4.8196E+00  1.4016E-01
  1.0277E+00 -2.5587E-01  3.9550E-02  1.6959E+00  1.6957E-01  4.3373E+00 -1.6547E-01
  1.0384E+00 -2.2017E-01  3.9479E-02  1.6930E+00  3.4248E-01  2.6310E+00 -3.4174E-01
  1.0491E+00 -1.8447E-01  3.9388E-02  1.6891E+00  3.7361E-01  1.9914E+00 -3.7322E-01
  1.0598E+00 -1.4877E-01  3.9294E-02  1.6851E+00  3.7598E-01  1.9307E+00 -3.7562E-01
  1.0706E+00 -1.1273E-01  3.9199E-02  1.6811E+00  3.7598E-01  1.9312E+00 -3.7561E-01
  1.0813E+00 -7.7031E-02  3.9106E-02  1.6770E+00  3.7598E-01  1.9316E+00 -3.7561E-01
  1.0920E+00 -4.1331E-02  3.9012E-02  1.6730E+00  3.7597E-01  1.9320E+00 -3.7560E-01
  1.1027E+00 -5.6313E-03  3.8918E-02  1.6690E+00  3.7597E-01  1.9324E+00 -3.7560E-01
  1.1135E+00  3.0404E-02  3.8824E-02  1.6649E+00  3.7597E-01  1.9328E+00 -3.7559E-01
  1.1243E+00  6.6104E-02  3.8730E-02  1.6609E+00  3.7597E-01  1.9332E+00 -3.7559E-01
  1.1350E+00  1.0180E-01  3.8637E-02  1.6569E+00  3.7596E-01  1.9337E+00 -3.7558E-01
  1.1457E+00  1.3750E-01  3.8543E-02  1.6529E+00  3.7596E-01  1.9341E+00 -3.7558E-01
  1.1565E+00  1.7354E-01  3.8448E-02  1.6488E+00  3.7596E-01  1.9345E+00 -3.7557E-01
  1.1672E+00  2.0924E-01  3.8355E-02  1.6448E+00  3.7596E-01  1.9349E+00 -3.7557E-01
  1.1779E+00  2.4494E-01  3.8261E-02  1.6408E+00  3.7595E-01  1.9353E+00 -3.7557E-01
  1.1886E+00  2.8064E-01  3.8167E-02  1.6367E+00  3.7595E-01  1.9357E+00 -3.7556E-01
  1.1994E+00  3.1667E-01  3.8073E-02  1.6327E+00  3.7595E-01  1.9362E+00 -3.7556E-01
  1.2101E+00  3.5237E-01  3.7979E-02  1.6287E+00  3.7595E-01  1.9366E+00 -3.7555E-01
  1.2208E+00  3.8807E-01  3.7886E-02  1.6246E+00  3.7594E-01  1.9370E+00 -3.7555E-01
  1.2315E+00  4.2377E-01  3.7792E-02  1.6206E+00  3.7594E-01  1.9374E+00 -3.7554E-01
  1.2423E+00  4.5981E-01  3.7697E-02  1.6165E+00  3.7594E-01  1.9378E+00 -3.7554E-01
  1.2530E+00  4.9551E-01  3.7604E-02  1.6125E+00  3.7594E-01  1.9382E+00 -3.7553E-01
  1.2637E+00  5.3121E-01  3.7510E-02  1.6085E+00  3.7593E-01  1.9387E+00 -3.7553E-01
  1.2744E+00  5.6691E-01  3.7416E-02  1.6045E+00  3.7593E-01  1.9391E+00 -3.7552E-01
  1.2852E+00  6.0294E-01  3.7322E-02  1.6004E+00  3.7593E-01  1.9395E+00 -3.7552E-01
  1.2959E+00  6.3864E-01  3.7228E-02  1.5964E+00  3.7593E-01  1.9399E+00 -3.7551E-01
  1.3066E+00  6.7434E-01  3.7135E-02  1.5924E+00  3.7592E-01  1.9403E+00 -3.7551E-01
  1.3173E+00  7.1004E-01  3.7041E-02  1.5883E+00  3.7592E-01  1.9407E+00 -3.7550E-01
  1.3281E+00  7.4608E-01  3.6947E-02  1.5843E+00  3.7592E-01  1.9412E+00 -3.7550E-01
  1.3388E+00  7.8178E-01  3.6853E-02  1.5803E+00  3.7592E-01  1.9416E+00 -3.7550E-01
  1.3495E+00  8.1748E-01  3.6759E-02  1.5762E+00  3.7591E-01  1.9420E+00 -3.7549E-01
  1.3602E+00  8.5318E-01  3.6666E-02  1.5722E+00  3.7591E-01  1.9424E+00 -3.7549E-01
  1.3710E+00  8.8921E-01  3.6571E-02  1.5682E+00  3.7591E-01  1.9428E+00 -3.7548E-01
  1.3817E+00  9.2491E-01  3.6478E-02  1.5641E+00  3.7591E-01  1.9433E+00 -3.7548E-01
  1.3924E+00  9.6061E-01  3.6384E-02  1.5601E+00  3.7591E-01  1.9437E+00 -3.7547E-01
  1.4031E+00  9.9631E-01  3.6290E-02  1.5561E+00  3.7590E-01  1.9441E+00 -3.7547E-01
  1.4139E+00  1.0323E+00  3.6196E-02  1.5520E+00  3.7590E-01  1.9445E+00 -3.7546E-01
  1.4246E+00  1.0680E+00  3.6102E-02  1.5480E+00  3.7590E-01  1.9449E+00 -3.7546E-01
  1.4353E+00  1.1037E+00  3.6009E-02  1.5440E+00  3.7590E-01  1.9453E+00 -3.7545E-01
  1.4460E+00  1.1394E+00  3.5915E-02  1.5400E+00  3.7589E-01  1.9458E+00 -3.7545E-01
  1.4568E+00  1.1755E+00  3.5820E-02  1.5359E+00  3.7589E-01  1.9462E+00 -3.7544E-01
  1.4675E+00  1.2112E+00  3.5727E-02  1.5319E+00  3.7589E-01  1.9466E+00 -3.7544E-01
  1.4782E+00  1.2469E+00  3.5633E-02  1.5279E+00  3.7589E-01  1.9470E+00 -3.7543E-01
  1.4889E+00  1.2826E+00  3.5540E-02  1.5238E+00  3.7588E-01  1.9474E+00 -3.7543E-01
  1.4997E+00  1.3186E+00  3.5445E-02  1.5198E+00  3.7588E-01  1.9479E+00 -3.7542E-01
  1.5104E+00  1.3543E+00  3.5352E-02  1.5158E+00  3.7588E-01  1.9483E+00 -3.7542E-01
  1.5211E+00  1.3900E+00  3.5258E-02  1.5117E+00  3.7588E-01  1.9487E+00 -3.7541E-01
  1.5318E+00  1.4257E+00  3.5164E-02  1.5077E+00  3.7587E-01  1.9491E+00 -3.7541E-01
  1.5426E+00  1.4618E+00  3.5070E-02  1.5037E+00  3.7587E-01  1.9495E+00 -3.7540E-01
  1.5533E+00  1.4975E+00  3.4976E-02  1.4996E+00  3.7587E-01  1.9500E+00 -3.7540E-01
  1.5640E+00  1.5332E+00  3.4883E-02  1.4956E+00  3.7587E-01  1.9504E+00 -3.7539E-01
  1.5747E+00  1.5689E+00  3.4789E-02  1.4916E+00  3.7586E-01  1.9508E+00 -3.7539E-01
  1.5855E+00  1.6049E+00  3.4695E-02  1.4875E+00  3.7586E-01  1.9512E+00 -3.7538E-01
  1.5962E+00  1.6406E+00  3.4601E-02  1.4835E+00  3.7586E-01  1.9516E+00 -3.7538E-01
  1.6069E+00  1.6763E+00  3.4507E-02  1.4795E+00  3.7586E-01  1.9520E+00 -3.7537E-01
  1.6176E+00  1.7120E+00  3.4414E-02  1.4755E+00  3.7586E-01  1.9525E+00 -3.7537E-01
  1.6284E+00  1.7480E+00  3.4319E-02  1.4714E+00  3.7585E-01  1.9529E+00 -3.7536E-01
  1.6391E+00  1.7837E+00  3.4226E-02  1.4674E+00  3.7585E-01  1.9533E+00 -3.7536E-01
  1.6498E+00  1.8194E+00  3.4132E-02  1.4634E+00  3.7585E-01  1.9537E+00 -3.7535E-01
  1.6605E+00  1.8551E+00  3.4039E-02  1.4594E+00  3.7585E-01  1.9541E+00 -3.7534E-01
  1.6713E+00  1.8912E+00  3.3944E-02  1.4553E+00  3.7584E-01  1.9546E+00 -3.7534E-01
  1.6820E+00  1.9269E+00  3.3851E-02  1.4513E+00  3.7584E-01  1.9550E+00 -3.7533E-01
  1.6927E+00  1.9626E+00  3.3757E-02  1.4473E+00  3.7584E-01  1.9554E+00 -3.7533E-01
  1.7034E+00  1.9983E+00  3.3663E-02  1.4432E+00  3.7584E-01  1.9558E+00 -3.7532E-01
  1.7142E+00  2.0343E+00  3.3569E-02  1.4392E+00  3.7583E-01  1.9562E+00 -3.7532E-01
  1.7249E+00  2.0700E+00  3.3475E-02  1.4352E+00  3.7583E-01  1.9567E+00 -3.7531E-01
  1.7356E+00  2.1057E+00  3.3382E-02  1.4311E+00  3.7583E-01  1.9571E+00 -3.7531E-01
  1.7463E+00  2.1414E+00  3.3288E-02  1.4271E+00  3.7583E-01  1.9575E+00 -3.7530E-01
  1.7571E+00  2.1774E+00  3.3194E-02  1.4231E+00  3.7583E-01  1.9579E+00 -3.7530E-01
  1.7678E+00  2.2131E+00  3.3100E-02  1.4190E+00  3.7582E-01  1.9583E+00 -3.7529E-01
  1.7785E+00  2.2488E+00  3.3007E-02  1.4150E+00  3.7582E-01  1.9588E+00 -3.7529E-01
  1.7892E+00  2.2845E+00  3.2913E-02  1.4110E+00  3.7582E-01  1.9592E+00 -3.7528E-01
  1.8000E+00  2.3206E+00  3.2819E-02  1.4069E+00  3.7582E-01  1.9596E+00 -3.7527E-01
  1.8108E+00  2.3563E+00  3.2725E-02  1.4029E+00  3.7581E-01  1.9600E+00 -3.7527E-01
  1.8215E+00  2.3920E+00  3.2632E-02  1.3989E+00  3.7581E-01  1.9605E+00 -3.7526E-01
  1.8322E+00  2.4277E+00  3.2538E-02  1.3949E+00  3.7581E-01  1.9609E+00 -3.7526E-01
  1.8430E+00  2.4637E+00  3.2444E-02  1.3908E+00  3.7581E-01  1.9613E+00 -3.7525E-01
  1.8537E+00  2.4994E+00  3.2350E-02  1.3868E+00  3.7581E-01  1.9617E+00 -3.7525E-01
  1.8644E+00  2.5351E+00  3.2256E-02  1.3828E+00  3.7580E-01  1.9621E+00 -3.7524E-01
  1.8751E+00  2.5708E+00  3.2163E-02  1.3788E+00  3.7580E-01  1.9626E+00 -3.7523E-01
  1.8859E+00  2.6068E+00  3.2068E-02  1.3747E+00  3.7580E-01  1.9630E+00 -3.7523E-01
  1.8966E+00  2.6425E+00  3.1975E-02  1.3707E+00  3.7580E-01  1.9634E+00 -3.7522E-01
  1.9073E+00  2.6782E+00  3.1881E-02  1.3667E+00  3.7579E-01  1.9638E+00 -3.7522E-01
  1.9180E+00  2.7139E+00  3.1788E-02  1.3627E+00  3.7579E-01  1.9642E+00 -3.7521E-01
  1.9288E+00  2.7500E+00  3.1693E-02  1.3586E+00  3.7579E-01  1.9647E+00 -3.7521E-01
  1.9395E+00  2.7857E+00  3.1600E-02  1.3546E+00  3.7579E-01  1.9651E+00 -3.7520E-01
  1.9502E+00  2.8214E+00  3.1506E-02  1.3506E+00  3.7579E-01  1.9655E+00 -3.7519E-01
  1.9609E+00  2.8571E+00  3.1413E-02  1.3465E+00  3.7578E-01  1.9659E+00 -3.7519E-01
  1.9717E+00  2.8931E+00  3.1318E-02  1.3425E+00  3.7578E-01  1.9664E+00 -3.7518E-01
  1.9824E+00  2.9288E+00  3.1225E-02  1.3385E+00  3.7578E-01  1.9668E+00 -3.7518E-01
  1.9931E+00  2.9645E+00  3.1131E-02  1.3344E+00  3.7578E-01  1.9672E+00 -3.7517E-01
  2.0038E+00  3.0002E+00  3.1038E-02  1.3304E+00  3.7578E-01  1.9676E+00 -3.7516E-01
  2.0146E+00  3.0362E+00  3.0943E-02  1.3264E+00  3.7577E-01  1.9680E+00 -3.7516E-01
  2.0253E+00  3.0719E+00  3.0850E-02  1.3224E+00  3.7577E-01  1.9685E+00 -3.7515E-01
  2.0360E+00  3.1076E+00  3.0756E-02  1.3183E+00  3.7577E-01  1.9689E+00 -3.7514E-01
  2.0410E+00  3.1244E+00  3.0712E-02  1.3165E+00  3.7577E-01  1.9691E+00 -3.7514E-01
  2.0467E+00  3.1433E+00  3.0663E-02  1.3143E+00  3.7577E-01  1.9693E+00 -3.7514E-01
  2.0575E+00  3.1794E+00  3.0568E-02  1.3103E+00  3.7576E-01  1.9697E+00 -3.7513E-01
  2.0682E+00  3.2151E+00  3.0475E-02  1.3062E+00  3.7576E-01  1.9701E+00 -3.7513E-01
  2.0789E+00  3.2508E+00  3.0381E-02  1.3022E+00  3.7576E-01  1.9706E+00 -3.7512E-01
  2.0896E+00  3.2865E+00  3.0288E-02  1.2982E+00  3.7576E-01  1.9710E+00 -3.7511E-01
  2.1004E+00  3.3225E+00  3.0193E-02  1.2942E+00  3.7576E-01  1.9714E+00 -3.7511E-01
  2.1111E+00  3.3582E+00  3.0100E-02  1.2901E+00  3.7575E-01  1.9718E+00 -3.7510E-01
  2.1218E+00  3.3939E+00  3.0006E-02  1.2861E+00  3.7575E-01  1.9723E+00 -3.7509E-01
  2.1325E+00  3.4296E+00  2.9912E-02  1.2821E+00  3.7575E-01  1.9727E+00 -3.7509E-01
  2.1433E+00  3.4656E+00  2.9818E-02  1.2780E+00  3.7575E-01  1.9731E+00 -3.7508E-01
  2.1540E+00  3.5013E+00  2.9725E-02  1.2740E+00  3.7575E-01  1.9735E+00 -3.7507E-01
  2.1647E+00  3.5370E+00  2.9631E-02  1.2700E+00  3.7574E-01  1.9739E+00 -3.7507E-01
  2.1754E+00  3.5727E+00  2.9538E-02  1.2660E+00  3.7574E-01  1.9744E+00 -3.7506E-01
  2.1862E+00  3.6088E+00  2.9443E-02  1.2619E+00  3.7574E-01  1.9748E+00 -3.7505E-01
  2.1969E+00  3.6445E+00  2.9350E-02  1.2579E+00  3.7574E-01  1.9752E+00 -3.7505E-01
  2.2076E+00  3.6802E+00  2.9256E-02  1.2539E+00  3.7573E-01  1.9756E+00 -3.7504E-01
  2.2183E+00  3.7159E+00  2.9163E-02  1.2499E+00  3.7573E-01  1.9761E+00 -3.7503E-01
  2.2291E+00  3.7519E+00  2.9068E-02  1.2458E+00  3.7573E-01  1.9765E+00 -3.7503E-01
  2.2398E+00  3.7876E+00  2.8975E-02  1.2418E+00  3.7573E-01  1.9769E+00 -3.7502E-01
  2.2505E+00  3.8233E+00  2.8881E-02  1.2378E+00  3.7573E-01  1.9773E+00 -3.7501E-01
  2.2612E+00  3.8590E+00  2.8788E-02  1.2338E+00  3.7572E-01  1.9778E+00 -3.7501E-01
  2.2720E+00  3.8951E+00  2.8693E-02  1.2297E+00  3.7572E-01  1.9782E+00 -3.7500E-01
  2.2827E+00  3.9308E+00  2.8600E-02  1.2257E+00  3.7572E-01  1.9786E+00 -3.7499E-01
  2.2934E+00  3.9665E+00  2.8506E-02  1.2217E+00  3.7572E-01  1.9790E+00 -3.7498E-01
  2.3041E+00  4.0022E+00  2.8413E-02  1.2177E+00  3.7572E-01  1.9794E+00 -3.7498E-01
  2.3149E+00  4.0382E+00  2.8318E-02  1.2136E+00  3.7571E-01  1.9799E+00 -3.7497E-01
  2.3256E+00  4.0739E+00  2.8225E-02  1.2096E+00  3.7571E-01  1.9803E+00 -3.7496E-01
  2.3363E+00  4.1096E+00  2.8131E-02  1.2056E+00  3.7571E-01  1.9807E+00 -3.7495E-01
  2.3470E+00  4.1453E+00  2.8038E-02  1.2016E+00  3.7571E-01  1.9811E+00 -3.7495E-01
  2.3578E+00  4.1813E+00  2.7943E-02  1.1975E+00  3.7571E-01  1.9816E+00 -3.7494E-01
  2.3685E+00  4.2170E+00  2.7850E-02  1.1935E+00  3.7570E-01  1.9820E+00 -3.7493E-01
  2.3792E+00  4.2527E+00  2.7756E-02  1.1895E+00  3.7570E-01  1.9824E+00 -3.7492E-01
  2.3899E+00  4.2884E+00  2.7663E-02  1.1855E+00  3.7570E-01  1.9828E+00 -3.7492E-01
  2.3910E+00  4.2919E+00  2.7654E-02  1.1851E+00  3.7570E-01  1.9829E+00 -3.7492E-01
  2.4007E+00  4.3245E+00  2.7568E-02  1.1814E+00  3.7570E-01  1.9833E+00 -3.7491E-01
  2.4114E+00  4.3602E+00  2.7475E-02  1.1774E+00  3.7570E-01  1.9837E+00 -3.7490E-01
  2.4221E+00  4.3959E+00  2.7381E-02  1.1734E+00  3.7569E-01  1.9841E+00 -3.7489E-01
  2.4328E+00  4.4316E+00  2.7288E-02  1.1694E+00  3.7569E-01  1.9845E+00 -3.7489E-01
  2.4436E+00  4.4676E+00  2.7194E-02  1.1653E+00  3.7569E-01  1.9850E+00 -3.7488E-01
  2.4543E+00  4.5033E+00  2.7100E-02  1.1613E+00  3.7569E-01  1.9854E+00 -3.7487E-01
  2.4650E+00  4.5390E+00  2.7007E-02  1.1573E+00  3.7569E-01  1.9858E+00 -3.7486E-01
  2.4757E+00  4.5747E+00  2.6913E-02  1.1533E+00  3.7568E-01  1.9862E+00 -3.7485E-01
  2.4865E+00  4.6107E+00  2.6819E-02  1.1492E+00  3.7568E-01  1.9867E+00 -3.7485E-01
  2.4973E+00  4.6464E+00  2.6725E-02  1.1452E+00  3.7568E-01  1.9871E+00 -3.7484E-01
  2.5080E+00  4.6821E+00  2.6632E-02  1.1412E+00  3.7568E-01  1.9875E+00 -3.7483E-01
  2.5187E+00  4.7178E+00  2.6538E-02  1.1372E+00  3.7568E-01  1.9879E+00 -3.7482E-01
  2.5295E+00  4.7539E+00  2.6444E-02  1.1331E+00  3.7567E-01  1.9884E+00 -3.7481E-01
  2.5402E+00  4.7896E+00  2.6350E-02  1.1291E+00  3.7567E-01  1.9888E+00 -3.7480E-01
  2.5509E+00  4.8253E+00  2.6257E-02  1.1251E+00  3.7567E-01  1.9892E+00 -3.7480E-01
  2.5616E+00  4.8610E+00  2.6163E-02  1.1211E+00  3.7567E-01  1.9896E+00 -3.7479E-01
  2.5724E+00  4.8970E+00  2.6069E-02  1.1170E+00  3.7567E-01  1.9901E+00 -3.7478E-01
  2.5831E+00  4.9327E+00  2.5976E-02  1.1130E+00  3.7566E-01  1.9905E+00 -3.7477E-01
  2.5938E+00  4.9684E+00  2.5882E-02  1.1090E+00  3.7566E-01  1.9909E+00 -3.7476E-01
  2.6045E+00  5.0041E+00  2.5789E-02  1.1050E+00  3.7566E-01  1.9913E+00 -3.7475E-01
  2.6153E+00  5.0401E+00  2.5694E-02  1.1009E+00  3.7566E-01  1.9918E+00 -3.7474E-01
  2.6260E+00  5.0758E+00  2.5601E-02  1.0969E+00  3.7566E-01  1.9922E+00 -3.7473E-01
  2.6367E+00  5.1115E+00  2.5507E-02  1.0929E+00  3.7565E-01  1.9926E+00 -3.7472E-01
  2.6474E+00  5.1472E+00  2.5414E-02  1.0889E+00  3.7565E-01  1.9930E+00 -3.7471E-01
  2.6582E+00  5.1833E+00  2.5319E-02  1.0848E+00  3.7565E-01  1.9935E+00 -3.7471E-01
  2.6689E+00  5.2190E+00  2.5226E-02  1.0808E+00  3.7565E-01  1.9939E+00 -3.7470E-01
  2.6796E+00  5.2547E+00  2.5133E-02  1.0768E+00  3.7565E-01  1.9943E+00 -3.7469E-01
  2.6903E+00  5.2904E+00  2.5039E-02  1.0728E+00  3.7565E-01  1.9947E+00 -3.7468E-01
  2.7011E+00  5.3264E+00  2.4945E-02  1.0687E+00  3.7564E-01  1.9952E+00 -3.7467E-01
  2.7118E+00  5.3621E+00  2.4851E-02  1.0647E+00  3.7564E-01  1.9956E+00 -3.7466E-01
  2.7225E+00  5.3978E+00  2.4758E-02  1.0607E+00  3.7564E-01  1.9960E+00 -3.7465E-01
  2.7332E+00  5.4335E+00  2.4664E-02  1.0567E+00  3.7564E-01  1.9964E+00 -3.7464E-01
  2.7440E+00  5.4695E+00  2.4570E-02  1.0527E+00  3.7564E-01  1.9969E+00 -3.7463E-01
  2.7547E+00  5.5052E+00  2.4476E-02  1.0486E+00  3.7563E-01  1.9973E+00 -3.7462E-01
  2.7654E+00  5.5409E+00  2.4383E-02  1.0446E+00  3.7563E-01  1.9977E+00 -3.7461E-01
  2.7761E+00  5.5766E+00  2.4290E-02  1.0406E+00  3.7563E-01  1.9981E+00 -3.7460E-01
  2.7869E+00  5.6127E+00  2.4195E-02  1.0366E+00  3.7563E-01  1.9986E+00 -3.7459E-01
  2.7976E+00  5.6484E+00  2.4102E-02  1.0326E+00  3.7563E-01  1.9990E+00 -3.7458E-01
  2.8083E+00  5.6841E+00  2.4008E-02  1.0285E+00  3.7562E-01  1.9994E+00 -3.7457E-01
  2.8190E+00  5.7198E+00  2.3915E-02  1.0245E+00  3.7559E-01  1.9989E+00 -3.7453E-01
  2.8298E+00  5.7558E+00  2.3821E-02  1.0205E+00  3.7461E-01  1.9871E+00 -3.7355E-01
  2.8405E+00  5.7915E+00  2.3728E-02  1.0165E+00  3.6466E-01  1.8950E+00 -3.6366E-01
  2.8512E+00  5.8272E+00  2.3642E-02  1.0128E+00  3.3103E-01  1.7922E+00 -3.3003E-01
  2.8619E+00  5.8629E+00  2.3567E-02  1.0095E+00  2.8740E-01  1.7773E+00 -2.8627E-01
  2.8727E+00  5.8989E+00  2.3502E-02  1.0066E+00  2.4244E-01  1.7762E+00 -2.4108E-01
  2.8834E+00  5.9346E+00  2.3448E-02  1.0043E+00  1.9805E-01  1.7764E+00 -1.9638E-01
  2.8941E+00  5.9703E+00  2.3406E-02  1.0024E+00  1.5397E-01  1.7774E+00 -1.5181E-01
  2.9048E+00  6.0060E+00  2.3376E-02  1.0010E+00  1.1128E-01  1.7887E+00 -1.0823E-01
  2.9156E+00  6.0421E+00  2.3355E-02  1.0001E+00  7.8147E-02  1.8780E+00 -7.3255E-02
  2.9263E+00  6.0778E+00  2.3339E-02  9.9937E-01  6.8454E-02  1.9787E+00 -6.2149E-02
  2.9370E+00  6.1135E+00  2.3324E-02  9.9871E-01  6.7514E-02  1.9937E+00 -6.1000E-02
  2.9477E+00  6.1492E+00  2.3310E-02  9.9805E-01  6.7478E-02  1.9949E+00 -6.0943E-02
  2.9585E+00  6.1852E+00  2.3295E-02  9.9739E-01  6.7476E-02  1.9949E+00 -6.0932E-02
  2.9692E+00  6.2209E+00  2.3281E-02  9.9674E-01  6.7474E-02  1.9949E+00 -6.0921E-02
  2.9799E+00  6.2566E+00  2.3266E-02  9.9609E-01  6.7473E-02  1.9949E+00 -6.0910E-02
  2.9906E+00  6.2923E+00  2.3252E-02  9.9543E-01  6.7471E-02  1.9949E+00 -6.0899E-02
  3.0014E+00  6.3283E+00  2.3237E-02  9.9477E-01  6.7469E-02  1.9949E+00 -6.0888E-02
  3.0121E+00  6.3640E+00  2.3222E-02  9.9412E-01  6.7468E-02  1.9949E+00 -6.0877E-02
  3.0228E+00  6.3997E+00  2.3208E-02  9.9347E-01  6.7466E-02  1.9949E+00 -6.0866E-02
  3.0335E+00  6.4354E+00  2.3193E-02  9.9281E-01  6.7464E-02  1.9949E+00 -6.0855E-02
  3.0375E+00  6.4487E+00  2.3188E-02  9.9257E-01  6.7464E-02  1.9949E+00 -6.0851E-02
  3.0443E+00  6.4715E+00  2.3179E-02  9.9216E-01  6.7462E-02  1.9949E+00 -6.0844E-02
  3.0550E+00  6.5072E+00  2.3164E-02  9.9150E-01  6.7461E-02  1.9949E+00 -6.0833E-02
  3.0657E+00  6.5429E+00  2.3150E-02  9.9085E-01  6.7459E-02  1.9949E+00 -6.0822E-02
  3.0764E+00  6.5786E+00  2.3135E-02  9.9020E-01  6.7457E-02  1.9949E+00 -6.0811E-02
  3.0872E+00  6.6146E+00  2.3120E-02  9.8954E-01  6.7456E-02  1.9949E+00 -6.0799E-02
  3.0979E+00  6.6503E+00  2.3106E-02  9.8889E-01  6.7454E-02  1.9949E+00 -6.0788E-02
  3.1086E+00  6.6860E+00  2.3091E-02  9.8823E-01  6.7452E-02  1.9949E+00 -6.0777E-02
  3.1193E+00  6.7217E+00  2.3077E-02  9.8758E-01  6.7451E-02  1.9949E+00 -6.0766E-02
  3.1301E+00  6.7578E+00  2.3062E-02  9.8692E-01  6.7449E-02  1.9949E+00 -6.0755E-02
  3.1408E+00  6.7935E+00  2.3047E-02  9.8627E-01  6.7447E-02  1.9949E+00 -6.0743E-02
  3.1515E+00  6.8292E+00  2.3033E-02  9.8562E-01  6.7446E-02  1.9949E+00 -6.0732E-02
  3.1622E+00  6.8649E+00  2.3018E-02  9.8497E-01  6.7444E-02  1.9949E+00 -6.0721E-02
  3.1731E+00  6.9009E+00  2.3004E-02  9.8431E-01  6.7442E-02  1.9949E+00 -6.0710E-02
  3.1838E+00  6.9366E+00  2.2989E-02  9.8366E-01  6.7441E-02  1.9949E+00 -6.0698E-02
  3.1945E+00  6.9723E+00  2.2975E-02  9.8301E-01  6.7439E-02  1.9949E+00 -6.0687E-02
  3.2052E+00  7.0080E+00  2.2960E-02  9.8236E-01  6.7437E-02  1.9949E+00 -6.0676E-02
  3.2160E+00  7.0440E+00  2.2946E-02  9.8170E-01  6.7436E-02  1.9950E+00 -6.0664E-02
  3.2267E+00  7.0797E+00  2.2931E-02  9.8105E-01  6.7434E-02  1.9950E+00 -6.0653E-02
  3.2374E+00  7.1154E+00  2.2916E-02  9.8040E-01  6.7432E-02  1.9950E+00 -6.0641E-02
  3.2481E+00  7.1511E+00  2.2902E-02  9.7975E-01  6.7431E-02  1.9950E+00 -6.0630E-02
  3.2589E+00  7.1872E+00  2.2887E-02  9.7909E-01  6.7429E-02  1.9950E+00 -6.0618E-02
  3.2696E+00  7.2229E+00  2.2873E-02  9.7844E-01  6.7427E-02  1.9950E+00 -6.0607E-02
  3.2803E+00  7.2586E+00  2.2858E-02  9.7779E-01  6.7426E-02  1.9950E+00 -6.0595E-02
  3.2910E+00  7.2943E+00  2.2844E-02  9.7714E-01  6.7424E-02  1.9950E+00 -6.0584E-02
  3.3018E+00  7.3303E+00  2.2829E-02  9.7649E-01  6.7422E-02  1.9950E+00 -6.0572E-02
  3.3125E+00  7.3660E+00  2.2815E-02  9.7584E-01  6.7420E-02  1.9950E+00 -6.0561E-02
  3.3232E+00  7.4017E+00  2.2800E-02  9.7519E-01  6.7419E-02  1.9950E+00 -6.0549E-02
  3.3339E+00  7.4374E+00  2.2786E-02  9.7454E-01  6.7417E-02  1.9950E+00 -6.0538E-02
  3.3447E+00  7.4734E+00  2.2771E-02  9.7388E-01  6.7415E-02  1.9950E+00 -6.0526E-02
  3.3554E+00  7.5091E+00  2.2756E-02  9.7323E-01  6.7414E-02  1.9950E+00 -6.0514E-02
  3.3661E+00  7.5448E+00  2.2742E-02  9.7258E-01  6.7412E-02  1.9950E+00 -6.0503E-02
  3.3768E+00  7.5805E+00  2.2727E-02  9.7193E-01  6.7410E-02  1.9950E+00 -6.0491E-02
  3.3876E+00  7.6166E+00  2.2713E-02  9.7128E-01  6.7409E-02  1.9950E+00 -6.0479E-02
  3.3983E+00  7.6523E+00  2.2698E-02  9.7063E-01  6.7407E-02  1.9950E+00 -6.0468E-02
  3.4090E+00  7.6880E+00  2.2684E-02  9.6998E-01  6.7405E-02  1.9950E+00 -6.0456E-02
  3.4197E+00  7.7237E+00  2.2669E-02  9.6933E-01  6.7404E-02  1.9950E+00 -6.0444E-02
  3.4305E+00  7.7597E+00  2.2655E-02  9.6868E-01  6.7402E-02  1.9950E+00 -6.0432E-02
  3.4412E+00  7.7954E+00  2.2640E-02  9.6803E-01  6.7400E-02  1.9950E+00 -6.0421E-02
  3.4519E+00  7.8311E+00  2.2626E-02  9.6738E-01  6.7399E-02  1.9950E+00 -6.0409E-02
  3.4626E+00  7.8668E+00  2.2611E-02  9.6673E-01  6.7397E-02  1.9950E+00 -6.0397E-02
  3.4734E+00  7.9028E+00  2.2597E-02  9.6608E-01  6.7395E-02  1.9950E+00 -6.0385E-02
  3.4841E+00  7.9385E+00  2.2582E-02  9.6543E-01  6.7394E-02  1.9950E+00 -6.0373E-02
  3.4948E+00  7.9742E+00  2.2568E-02  9.6479E-01  6.7392E-02  1.9950E+00 -6.0361E-02
  3.5055E+00  8.0099E+00  2.2553E-02  9.6414E-01  6.7390E-02  1.9950E+00 -6.0350E-02
  3.5163E+00  8.0460E+00  2.2538E-02  9.6348E-01  6.7389E-02  1.9950E+00 -6.0338E-02
  3.5270E+00  8.0817E+00  2.2524E-02  9.6284E-01  6.7387E-02  1.9950E+00 -6.0326E-02
  3.5377E+00  8.1174E+00  2.2509E-02  9.6219E-01  6.7385E-02  1.9950E+00 -6.0314E-02
  3.5484E+00  8.1531E+00  2.2495E-02  9.6154E-01  6.7384E-02  1.9950E+00 -6.0302E-02
  3.5592E+00  8.1891E+00  2.2480E-02  9.6089E-01  6.7382E-02  1.9950E+00 -6.0290E-02
  3.5699E+00  8.2248E+00  2.2466E-02  9.6024E-01  6.7380E-02  1.9950E+00 -6.0278E-02
  3.5806E+00  8.2605E+00  2.2451E-02  9.5960E-01  6.7379E-02  1.9951E+00 -6.0266E-02
  3.5913E+00  8.2962E+00  2.2437E-02  9.5895E-01  6.7377E-02  1.9951E+00 -6.0254E-02
  3.6021E+00  8.3322E+00  2.2422E-02  9.5830E-01  6.7375E-02  1.9951E+00 -6.0241E-02
  3.6128E+00  8.3679E+00  2.2408E-02  9.5765E-01  6.7374E-02  1.9951E+00 -6.0229E-02
  3.6235E+00  8.4036E+00  2.2393E-02  9.5701E-01  6.7372E-02  1.9951E+00 -6.0217E-02
  3.6342E+00  8.4393E+00  2.2379E-02  9.5636E-01  6.7370E-02  1.9951E+00 -6.0205E-02
  3.6450E+00  8.4754E+00  2.2364E-02  9.5571E-01  6.7369E-02  1.9951E+00 -6.0193E-02
  3.6557E+00  8.5111E+00  2.2350E-02  9.5506E-01  6.7367E-02  1.9951E+00 -6.0181E-02
  3.6664E+00  8.5468E+00  2.2335E-02  9.5442E-01  6.7365E-02  1.9951E+00 -6.0168E-02
  3.6771E+00  8.5825E+00  2.2321E-02  9.5377E-01  6.7364E-02  1.9951E+00 -6.0156E-02
  3.6879E+00  8.6185E+00  2.2306E-02  9.5312E-01  6.7362E-02  1.9951E+00 -6.0144E-02
  3.6986E+00  8.6542E+00  2.2292E-02  9.5247E-01  6.7360E-02  1.9951E+00 -6.0132E-02
  3.7093E+00  8.6899E+00  2.2277E-02  9.5183E-01  6.7359E-02  1.9951E+00 -6.0119E-02
  3.7200E+00  8.7256E+00  2.2263E-02  9.5118E-01  6.7357E-02  1.9951E+00 -6.0107E-02
  3.7308E+00  8.7616E+00  2.2248E-02  9.5053E-01  6.7355E-02  1.9951E+00 -6.0095E-02
  3.7415E+00  8.7973E+00  2.2234E-02  9.4989E-01  6.7354E-02  1.9951E+00 -6.0082E-02
  3.7522E+00  8.8330E+00  2.2219E-02  9.4924E-01  6.7352E-02  1.9951E+00 -6.0070E-02
  3.7629E+00  8.8687E+00  2.2205E-02  9.4860E-01  6.7350E-02  1.9951E+00 -6.0058E-02
  3.7737E+00  8.9048E+00  2.2190E-02  9.4795E-01  6.7349E-02  1.9951E+00 -6.0045E-02
  3.7844E+00  8.9405E+00  2.2176E-02  9.4731E-01  6.7347E-02  1.9951E+00 -6.0033E-02
  3.7951E+00  8.9762E+00  2.2161E-02  9.4666E-01  6.7345E-02  1.9951E+00 -6.0020E-02
  3.8058E+00  9.0119E+00  2.2147E-02  9.4602E-01  6.7344E-02  1.9951E+00 -6.0008E-02
  3.8166E+00  9.0479E+00  2.2132E-02  9.4537E-01  6.7342E-02  1.9951E+00 -5.9995E-02
  3.8273E+00  9.0836E+00  2.2118E-02  9.4472E-01  6.7340E-02  1.9951E+00 -5.9983E-02
  3.8380E+00  9.1193E+00  2.2103E-02  9.4408E-01  6.7339E-02  1.9951E+00 -5.9970E-02
  3.8487E+00  9.1550E+00  2.2089E-02  9.4344E-01  6.7337E-02  1.9951E+00 -5.9958E-02
  3.8596E+00  9.1910E+00  2.2074E-02  9.4279E-01  6.7335E-02  1.9951E+00 -5.9945E-02
  3.8703E+00  9.2267E+00  2.2060E-02  9.4215E-01  6.7334E-02  1.9951E+00 -5.9932E-02
  3.8810E+00  9.2624E+00  2.2045E-02  9.4150E-01  6.7332E-02  1.9951E+00 -5.9920E-02
  3.8917E+00  9.2981E+00  2.2031E-02  9.4086E-01  6.7331E-02  1.9951E+00 -5.9907E-02
  3.9025E+00  9.3342E+00  2.2016E-02  9.4021E-01  6.7329E-02  1.9951E+00 -5.9894E-02
  3.9132E+00  9.3699E+00  2.2002E-02  9.3957E-01  6.7327E-02  1.9951E+00 -5.9882E-02
  3.9239E+00  9.4056E+00  2.1988E-02  9.3893E-01  6.7326E-02  1.9951E+00 -5.9869E-02
  3.9346E+00  9.4413E+00  2.1973E-02  9.3828E-01  6.7324E-02  1.9951E+00 -5.9856E-02
  3.9454E+00  9.4773E+00  2.1958E-02  9.3764E-01  6.7322E-02  1.9951E+00 -5.9843E-02
  3.9561E+00  9.5130E+00  2.1944E-02  9.3699E-01  6.7321E-02  1.9951E+00 -5.9831E-02
  3.9668E+00  9.5487E+00  2.1930E-02  9.3635E-01  6.7319E-02  1.9951E+00 -5.9818E-02
  3.9775E+00  9.5844E+00  2.1915E-02  9.3571E-01  6.7317E-02  1.9952E+00 -5.9805E-02
  3.9883E+00  9.6205E+00  2.1901E-02  9.3506E-01  6.7316E-02  1.9952E+00 -5.9792E-02
  3.9990E+00  9.6562E+00  2.1886E-02  9.3442E-01  6.7314E-02  1.9952E+00 -5.9779E-02
  4.0097E+00  9.6919E+00  2.1872E-02  9.3378E-01  6.7312E-02  1.9952E+00 -5.9766E-02
  4.0204E+00  9.7276E+00  2.1857E-02  9.3314E-01  6.7311E-02  1.9952E+00 -5.9754E-02
  4.0312E+00  9.7636E+00  2.1843E-02  9.3249E-01  6.7309E-02  1.9952E+00 -5.9740E-02
  4.0419E+00  9.7993E+00  2.1828E-02  9.3185E-01  6.7307E-02  1.9952E+00 -5.9728E-02
  4.0526E+00  9.8350E+00  2.1814E-02  9.3121E-01  6.7306E-02  1.9952E+00 -5.9715E-02
  4.0633E+00  9.8707E+00  2.1799E-02  9.3057E-01  6.7304E-02  1.9952E+00 -5.9702E-02
  4.0741E+00  9.9067E+00  2.1785E-02  9.2992E-01  6.7303E-02  1.9952E+00 -5.9688E-02
  4.0848E+00  9.9424E+00  2.1770E-02  9.2928E-01  6.7301E-02  1.9952E+00 -5.9675E-02
  4.0955E+00  9.9781E+00  2.1756E-02  9.2864E-01  6.7299E-02  1.9952E+00 -5.9662E-02
  4.1062E+00  1.0014E+01  2.1741E-02  9.2800E-01  6.7298E-02  1.9952E+00 -5.9649E-02
  4.1170E+00  1.0050E+01  2.1727E-02  9.2736E-01  6.7296E-02  1.9952E+00 -5.9636E-02
  4.1277E+00  1.0086E+01  2.1712E-02  9.2672E-01  6.7294E-02  1.9952E+00 -5.9623E-02
  4.1384E+00  1.0121E+01  2.1698E-02  9.2608E-01  6.7293E-02  1.9952E+00 -5.9610E-02
  4.1491E+00  1.0157E+01  2.1684E-02  9.2544E-01  6.7291E-02  1.9952E+00 -5.9597E-02
  4.1599E+00  1.0193E+01  2.1669E-02  9.2479E-01  6.7289E-02  1.9952E+00 -5.9583E-02
  4.1706E+00  1.0229E+01  2.1655E-02  9.2415E-01  6.7288E-02  1.9952E+00 -5.9570E-02
  4.1813E+00  1.0264E+01  2.1640E-02  9.2352E-01  6.7286E-02  1.9952E+00 -5.9557E-02
  4.1920E+00  1.0300E+01  2.1626E-02  9.2288E-01  6.7285E-02  1.9952E+00 -5.9544E-02
  4.2028E+00  1.0336E+01  2.1611E-02  9.2223E-01  6.7283E-02  1.9952E+00 -5.9530E-02
  4.2135E+00  1.0372E+01  2.1597E-02  9.2159E-01  6.7281E-02  1.9952E+00 -5.9517E-02
  4.2242E+00  1.0408E+01  2.1582E-02  9.2096E-01  6.7280E-02  1.9952E+00 -5.9503E-02
  4.2349E+00  1.0443E+01  2.1568E-02  9.2032E-01  6.7278E-02  1.9952E+00 -5.9490E-02
  4.2457E+00  1.0479E+01  2.1553E-02  9.1967E-01  6.7276E-02  1.9952E+00 -5.9477E-02
  4.2564E+00  1.0515E+01  2.1539E-02  9.1903E-01  6.7275E-02  1.9952E+00 -5.9463E-02
  4.2671E+00  1.0551E+01  2.1524E-02  9.1840E-01  6.7273E-02  1.9952E+00 -5.9450E-02
  4.2778E+00  1.0586E+01  2.1510E-02  9.1776E-01  6.7271E-02  1.9952E+00 -5.9436E-02
  4.2886E+00  1.0622E+01  2.1495E-02  9.1712E-01  6.7270E-02  1.9952E+00 -5.9423E-02
  4.2993E+00  1.0658E+01  2.1481E-02  9.1648E-01  6.7268E-02  1.9952E+00 -5.9409E-02
  4.3100E+00  1.0694E+01  2.1467E-02  9.1584E-01  6.7267E-02  1.9952E+00 -5.9396E-02
  4.3207E+00  1.0729E+01  2.1452E-02  9.1520E-01  6.7265E-02  1.9952E+00 -5.9382E-02
  4.3315E+00  1.0766E+01  2.1438E-02  9.1456E-01  6.7263E-02  1.9952E+00 -5.9368E-02
  4.3422E+00  1.0801E+01  2.1423E-02  9.1392E-01  6.7262E-02  1.9952E+00 -5.9355E-02
  4.3529E+00  1.0837E+01  2.1409E-02  9.1329E-01  6.7260E-02  1.9952E+00 -5.9341E-02
  4.3636E+00  1.0873E+01  2.1394E-02  9.1265E-01  6.7258E-02  1.9952E+00 -5.9328E-02
  4.3744E+00  1.0909E+01  2.1380E-02  9.1201E-01  6.7257E-02  1.9952E+00 -5.9314E-02
  4.3851E+00  1.0944E+01  2.1365E-02  9.1137E-01  6.7255E-02  1.9953E+00 -5.9300E-02
  4.3958E+00  1.0980E+01  2.1351E-02  9.1074E-01  6.7254E-02  1.9953E+00 -5.9286E-02
  4.4065E+00  1.1016E+01  2.1337E-02  9.1010E-01  6.7252E-02  1.9953E+00 -5.9273E-02
  4.4173E+00  1.1052E+01  2.1322E-02  9.0946E-01  6.7250E-02  1.9953E+00 -5.9259E-02
  4.4280E+00  1.1088E+01  2.1308E-02  9.0882E-01  6.7249E-02  1.9953E+00 -5.9245E-02
  4.4387E+00  1.1123E+01  2.1293E-02  9.0819E-01  6.7247E-02  1.9953E+00 -5.9231E-02
  4.4494E+00  1.1159E+01  2.1279E-02  9.0755E-01  6.7245E-02  1.9953E+00 -5.9217E-02
  4.4602E+00  1.1195E+01  2.1264E-02  9.0691E-01  6.7244E-02  1.9953E+00 -5.9203E-02
  4.4709E+00  1.1231E+01  2.1250E-02  9.0628E-01  6.7242E-02  1.9953E+00 -5.9189E-02
  4.4816E+00  1.1266E+01  2.1235E-02  9.0564E-01  6.7241E-02  1.9953E+00 -5.9175E-02
  4.4923E+00  1.1302E+01  2.1221E-02  9.0501E-01  6.7239E-02  1.9953E+00 -5.9162E-02
  4.5031E+00  1.1338E+01  2.1206E-02  9.0437E-01  6.7237E-02  1.9953E+00 -5.9147E-02
  4.5138E+00  1.1374E+01  2.1192E-02  9.0373E-01  6.7236E-02  1.9953E+00 -5.9133E-02
  4.5245E+00  1.1409E+01  2.1178E-02  9.0310E-01  6.7234E-02  1.9953E+00 -5.9119E-02
  4.5352E+00  1.1445E+01  2.1163E-02  9.0246E-01  6.7233E-02  1.9953E+00 -5.9105E-02
  4.5461E+00  1.1481E+01  2.1149E-02  9.0182E-01  6.7231E-02  1.9953E+00 -5.9091E-02
  4.5568E+00  1.1517E+01  2.1134E-02  9.0119E-01  6.7229E-02  1.9953E+00 -5.9077E-02
  4.5675E+00  1.1553E+01  2.1120E-02  9.0056E-01  6.7228E-02  1.9953E+00 -5.9063E-02
  4.5782E+00  1.1588E+01  2.1105E-02  8.9992E-01  6.7226E-02  1.9953E+00 -5.9049E-02
  4.5890E+00  1.1624E+01  2.1091E-02  8.9928E-01  6.7225E-02  1.9953E+00 -5.9035E-02
  4.5910E+00  1.1631E+01  2.1088E-02  8.9916E-01  6.7224E-02  1.9953E+00 -5.9032E-02
  4.5996E+00  1.1660E+01  2.1076E-02  8.9865E-01  6.7223E-02  1.9953E+00 -5.9020E-02
  4.6103E+00  1.1696E+01  2.1062E-02  8.9802E-01  6.7221E-02  1.9953E+00 -5.9006E-02
  4.6211E+00  1.1732E+01  2.1047E-02  8.9738E-01  6.7220E-02  1.9953E+00 -5.8992E-02
  4.6318E+00  1.1767E+01  2.1033E-02  8.9675E-01  6.7218E-02  1.9953E+00 -5.8978E-02
  4.6425E+00  1.1803E+01  2.1019E-02  8.9611E-01  6.7217E-02  1.9953E+00 -5.8963E-02
  4.6532E+00  1.1839E+01  2.1004E-02  8.9548E-01  6.7215E-02  1.9953E+00 -5.8949E-02
  4.6640E+00  1.1875E+01  2.0990E-02  8.9484E-01  6.7213E-02  1.9953E+00 -5.8934E-02
  4.6747E+00  1.1911E+01  2.0975E-02  8.9421E-01  6.7212E-02  1.9953E+00 -5.8920E-02
  4.6854E+00  1.1946E+01  2.0961E-02  8.9358E-01  6.7210E-02  1.9953E+00 -5.8906E-02
  4.6961E+00  1.1982E+01  2.0946E-02  8.9295E-01  6.7209E-02  1.9953E+00 -5.8891E-02
  4.7070E+00  1.2018E+01  2.0932E-02  8.9231E-01  6.7207E-02  1.9953E+00 -5.8877E-02
  4.7177E+00  1.2054E+01  2.0917E-02  8.9168E-01  6.7205E-02  1.9953E+00 -5.8862E-02
  4.7284E+00  1.2089E+01  2.0903E-02  8.9105E-01  6.7204E-02  1.9953E+00 -5.8848E-02
  4.7391E+00  1.2125E+01  2.0889E-02  8.9042E-01  6.7202E-02  1.9953E+00 -5.8833E-02
  4.7499E+00  1.2161E+01  2.0874E-02  8.8978E-01  6.7201E-02  1.9953E+00 -5.8818E-02
  4.7606E+00  1.2197E+01  2.0860E-02  8.8915E-01  6.7199E-02  1.9953E+00 -5.8804E-02
  4.7713E+00  1.2232E+01  2.0845E-02  8.8852E-01  6.7197E-02  1.9953E+00 -5.8789E-02
  4.7820E+00  1.2268E+01  2.0831E-02  8.8789E-01  6.7196E-02  1.9953E+00 -5.8775E-02
  4.7928E+00  1.2304E+01  2.0816E-02  8.8725E-01  6.7194E-02  1.9953E+00 -5.8760E-02
  4.8035E+00  1.2340E+01  2.0802E-02  8.8662E-01  6.7193E-02  1.9953E+00 -5.8745E-02
  4.8142E+00  1.2376E+01  2.0787E-02  8.8599E-01  6.7191E-02  1.9954E+00 -5.8730E-02
  4.8249E+00  1.2411E+01  2.0773E-02  8.8536E-01  6.7190E-02  1.9954E+00 -5.8716E-02
  4.8357E+00  1.2447E+01  2.0759E-02  8.8472E-01  6.7188E-02  1.9954E+00 -5.8701E-02
  4.8464E+00  1.2483E+01  2.0744E-02  8.8409E-01  6.7186E-02  1.9954E+00 -5.8686E-02
  4.8571E+00  1.2519E+01  2.0730E-02  8.8347E-01  6.7185E-02  1.9954E+00 -5.8671E-02
  4.8678E+00  1.2554E+01  2.0715E-02  8.8284E-01  6.7183E-02  1.9954E+00 -5.8656E-02
  4.8786E+00  1.2591E+01  2.0701E-02  8.8220E-01  6.7182E-02  1.9954E+00 -5.8641E-02
  4.8893E+00  1.2626E+01  2.0686E-02  8.8157E-01  6.7180E-02  1.9954E+00 -5.8626E-02
  4.9000E+00  1.2662E+01  2.0672E-02  8.8094E-01  6.7178E-02  1.9954E+00 -5.8611E-02
  4.9107E+00  1.2698E+01  2.0658E-02  8.8031E-01  6.7177E-02  1.9954E+00 -5.8596E-02
  4.9215E+00  1.2734E+01  2.0643E-02  8.7968E-01  6.7175E-02  1.9954E+00 -5.8581E-02
  4.9322E+00  1.2769E+01  2.0629E-02  8.7905E-01  6.7174E-02  1.9954E+00 -5.8566E-02
  4.9429E+00  1.2805E+01  2.0614E-02  8.7842E-01  6.7172E-02  1.9954E+00 -5.8551E-02
  4.9536E+00  1.2841E+01  2.0600E-02  8.7780E-01  6.7171E-02  1.9954E+00 -5.8536E-02
  4.9644E+00  1.2877E+01  2.0585E-02  8.7716E-01  6.7169E-02  1.9954E+00 -5.8521E-02
  4.9751E+00  1.2912E+01  2.0571E-02  8.7653E-01  6.7301E-02  1.9974E+00 -5.8640E-02
  4.9858E+00  1.2948E+01  2.0556E-02  8.7590E-01  6.9357E-02  2.0206E+00 -6.0766E-02
  4.9965E+00  1.2984E+01  2.0539E-02  8.7518E-01  8.4405E-02  2.1225E+00 -7.6738E-02
  5.0073E+00  1.3020E+01  2.0515E-02  8.7417E-01  1.1795E-01  2.1728E+00 -1.1232E-01
  5.0180E+00  1.3056E+01  2.0481E-02  8.7275E-01  1.5627E-01  2.1780E+00 -1.5202E-01
  5.0287E+00  1.3091E+01  2.0437E-02  8.7091E-01  1.9544E-01  2.1781E+00 -1.9204E-01
  5.0394E+00  1.3127E+01  2.0382E-02  8.6864E-01  2.3480E-01  2.1783E+00 -2.3197E-01
  5.0502E+00  1.3163E+01  2.0318E-02  8.6592E-01  2.7445E-01  2.1764E+00 -2.7202E-01
  5.0609E+00  1.3199E+01  2.0243E-02  8.6280E-01  3.1165E-01  2.1531E+00 -3.0954E-01
  5.0716E+00  1.3234E+01  2.0161E-02  8.5934E-01  3.3494E-01  2.0541E+00 -3.3314E-01
  5.0823E+00  1.3270E+01  2.0077E-02  8.5574E-01  3.3957E-01  2.0078E+00 -3.3787E-01
  5.0931E+00  1.3306E+01  1.9991E-02  8.5208E-01  3.3995E-01  2.0032E+00 -3.3824E-01
  5.1038E+00  1.3342E+01  1.9905E-02  8.4846E-01  3.3995E-01  2.0036E+00 -3.3822E-01
  5.1145E+00  1.3378E+01  1.9820E-02  8.4484E-01  3.3994E-01  2.0039E+00 -3.3820E-01
  5.1252E+00  1.3413E+01  1.9735E-02  8.4122E-01  3.3994E-01  2.0043E+00 -3.3818E-01
  5.1360E+00  1.3449E+01  1.9649E-02  8.3757E-01  3.3994E-01  2.0047E+00 -3.3817E-01
  5.1467E+00  1.3485E+01  1.9564E-02  8.3395E-01  3.3994E-01  2.0050E+00 -3.3815E-01
  5.1574E+00  1.3521E+01  1.9479E-02  8.3033E-01  3.3994E-01  2.0054E+00 -3.3813E-01
  5.1681E+00  1.3556E+01  1.9393E-02  8.2671E-01  3.3994E-01  2.0057E+00 -3.3811E-01
  5.1789E+00  1.3592E+01  1.9307E-02  8.2306E-01  3.3993E-01  2.0061E+00 -3.3809E-01
  5.1896E+00  1.3628E+01  1.9222E-02  8.1944E-01  3.3993E-01  2.0065E+00 -3.3807E-01
  5.2003E+00  1.3664E+01  1.9137E-02  8.1582E-01  3.3993E-01  2.0068E+00 -3.3806E-01
  5.2110E+00  1.3700E+01  1.9052E-02  8.1220E-01  3.3993E-01  2.0072E+00 -3.3804E-01
  5.2218E+00  1.3736E+01  1.8966E-02  8.0855E-01  3.3993E-01  2.0075E+00 -3.3802E-01
  5.2325E+00  1.3771E+01  1.8881E-02  8.0493E-01  3.3993E-01  2.0079E+00 -3.3800E-01
  5.2432E+00  1.3807E+01  1.8795E-02  8.0131E-01  3.3992E-01  2.0083E+00 -3.3798E-01
  5.2539E+00  1.3843E+01  1.8710E-02  7.9769E-01  3.3992E-01  2.0086E+00 -3.3796E-01
  5.2647E+00  1.3879E+01  1.8624E-02  7.9404E-01  3.3992E-01  2.0090E+00 -3.3794E-01
  5.2754E+00  1.3914E+01  1.8539E-02  7.9042E-01  3.3992E-01  2.0093E+00 -3.3792E-01
  5.2861E+00  1.3950E+01  1.8454E-02  7.8681E-01  3.3992E-01  2.0097E+00 -3.3790E-01
  5.2968E+00  1.3986E+01  1.8369E-02  7.8319E-01  3.3992E-01  2.0101E+00 -3.3787E-01
  5.3076E+00  1.4022E+01  1.8283E-02  7.7954E-01  3.3991E-01  2.0104E+00 -3.3785E-01
  5.3183E+00  1.4058E+01  1.8198E-02  7.7592E-01  3.3991E-01  2.0108E+00 -3.3783E-01
  5.3290E+00  1.4093E+01  1.8112E-02  7.7231E-01  3.3991E-01  2.0111E+00 -3.3781E-01
  5.3397E+00  1.4129E+01  1.8027E-02  7.6869E-01  3.3991E-01  2.0115E+00 -3.3779E-01
  5.3505E+00  1.4165E+01  1.7941E-02  7.6504E-01  3.3991E-01  2.0119E+00 -3.3776E-01
  5.3612E+00  1.4201E+01  1.7856E-02  7.6143E-01  3.3991E-01  2.0122E+00 -3.3774E-01
  5.3719E+00  1.4236E+01  1.7771E-02  7.5781E-01  3.3990E-01  2.0126E+00 -3.3772E-01
  5.3826E+00  1.4272E+01  1.7686E-02  7.5420E-01  3.3990E-01  2.0130E+00 -3.3769E-01
  5.3935E+00  1.4308E+01  1.7600E-02  7.5055E-01  3.3990E-01  2.0133E+00 -3.3767E-01
  5.4042E+00  1.4344E+01  1.7514E-02  7.4693E-01  3.3990E-01  2.0137E+00 -3.3765E-01
  5.4149E+00  1.4380E+01  1.7429E-02  7.4332E-01  3.3990E-01  2.0140E+00 -3.3762E-01
  5.4256E+00  1.4415E+01  1.7344E-02  7.3970E-01  3.3990E-01  2.0144E+00 -3.3760E-01
  5.4364E+00  1.4451E+01  1.7258E-02  7.3606E-01  3.3989E-01  2.0148E+00 -3.3757E-01
  5.4471E+00  1.4487E+01  1.7173E-02  7.3244E-01  3.3989E-01  2.0151E+00 -3.3755E-01
  5.4578E+00  1.4523E+01  1.7088E-02  7.2883E-01  3.3989E-01  2.0155E+00 -3.3752E-01
  5.4685E+00  1.4558E+01  1.7002E-02  7.2522E-01  3.3989E-01  2.0158E+00 -3.3749E-01
  5.4793E+00  1.4594E+01  1.6916E-02  7.2157E-01  3.3989E-01  2.0162E+00 -3.3747E-01
  5.4900E+00  1.4630E+01  1.6831E-02  7.1796E-01  3.3989E-01  2.0166E+00 -3.3744E-01
  5.5007E+00  1.4666E+01  1.6746E-02  7.1435E-01  3.3988E-01  2.0169E+00 -3.3741E-01
  5.5114E+00  1.4701E+01  1.6661E-02  7.1074E-01  3.3988E-01  2.0173E+00 -3.3738E-01
  5.5222E+00  1.4738E+01  1.6575E-02  7.0709E-01  3.3988E-01  2.0177E+00 -3.3736E-01
  5.5329E+00  1.4773E+01  1.6490E-02  7.0348E-01  3.3988E-01  2.0180E+00 -3.3733E-01
  5.5436E+00  1.4809E+01  1.6405E-02  6.9987E-01  3.3988E-01  2.0184E+00 -3.3730E-01
  5.5543E+00  1.4845E+01  1.6319E-02  6.9626E-01  3.3988E-01  2.0187E+00 -3.3727E-01
  5.5651E+00  1.4881E+01  1.6233E-02  6.9262E-01  3.3987E-01  2.0191E+00 -3.3724E-01
  5.5758E+00  1.4916E+01  1.6148E-02  6.8901E-01  3.3987E-01  2.0195E+00 -3.3721E-01
  5.5865E+00  1.4952E+01  1.6063E-02  6.8540E-01  3.3987E-01  2.0198E+00 -3.3718E-01
  5.5972E+00  1.4988E+01  1.5978E-02  6.8179E-01  3.3987E-01  2.0202E+00 -3.3715E-01
  5.6080E+00  1.5024E+01  1.5892E-02  6.7815E-01  3.3987E-01  2.0205E+00 -3.3711E-01
  5.6187E+00  1.5060E+01  1.5807E-02  6.7454E-01  3.3987E-01  2.0209E+00 -3.3708E-01
  5.6294E+00  1.5095E+01  1.5721E-02  6.7093E-01  3.3987E-01  2.0213E+00 -3.3705E-01
  5.6401E+00  1.5131E+01  1.5636E-02  6.6732E-01  3.3986E-01  2.0216E+00 -3.3702E-01
  5.6509E+00  1.5167E+01  1.5550E-02  6.6368E-01  3.3986E-01  2.0220E+00 -3.3698E-01
  5.6616E+00  1.5203E+01  1.5465E-02  6.6008E-01  3.3986E-01  2.0224E+00 -3.3695E-01
  5.6723E+00  1.5238E+01  1.5380E-02  6.5647E-01  3.3986E-01  2.0227E+00 -3.3691E-01
  5.6830E+00  1.5274E+01  1.5295E-02  6.5286E-01  3.3986E-01  2.0231E+00 -3.3688E-01
  5.6938E+00  1.5310E+01  1.5209E-02  6.4922E-01  3.3986E-01  2.0234E+00 -3.3684E-01
  5.7045E+00  1.5346E+01  1.5123E-02  6.4562E-01  3.3985E-01  2.0238E+00 -3.3680E-01
  5.7152E+00  1.5381E+01  1.5038E-02  6.4201E-01  3.3985E-01  2.0242E+00 -3.3677E-01
  5.7259E+00  1.5417E+01  1.4953E-02  6.3841E-01  3.3985E-01  2.0245E+00 -3.3673E-01
  5.7367E+00  1.5453E+01  1.4867E-02  6.3477E-01  3.3985E-01  2.0249E+00 -3.3669E-01
  5.7474E+00  1.5489E+01  1.4782E-02  6.3117E-01  3.3985E-01  2.0253E+00 -3.3665E-01
  5.7581E+00  1.5525E+01  1.4697E-02  6.2757E-01  3.3985E-01  2.0256E+00 -3.3661E-01
  5.7688E+00  1.5560E+01  1.4612E-02  6.2396E-01  3.3985E-01  2.0260E+00 -3.3657E-01
  5.7796E+00  1.5596E+01  1.4526E-02  6.2033E-01  3.3984E-01  2.0263E+00 -3.3653E-01
  5.7903E+00  1.5632E+01  1.4440E-02  6.1673E-01  3.3984E-01  2.0267E+00 -3.3649E-01
  5.8010E+00  1.5668E+01  1.4355E-02  6.1312E-01  3.3984E-01  2.0271E+00 -3.3645E-01
  5.8117E+00  1.5703E+01  1.4270E-02  6.0952E-01  3.3984E-01  2.0274E+00 -3.3640E-01
  5.8225E+00  1.5739E+01  1.4184E-02  6.0589E-01  3.3984E-01  2.0278E+00 -3.3636E-01
  5.8332E+00  1.5775E+01  1.4099E-02  6.0229E-01  3.3984E-01  2.0282E+00 -3.3631E-01
  5.8439E+00  1.5811E+01  1.4014E-02  5.9869E-01  3.3984E-01  2.0285E+00 -3.3627E-01
  5.8546E+00  1.5847E+01  1.3928E-02  5.9509E-01  3.3983E-01  2.0289E+00 -3.3622E-01
  5.8654E+00  1.5883E+01  1.3842E-02  5.9146E-01  3.3983E-01  2.0292E+00 -3.3618E-01
  5.8761E+00  1.5918E+01  1.3757E-02  5.8786E-01  3.3983E-01  2.0296E+00 -3.3613E-01
  5.8868E+00  1.5954E+01  1.3672E-02  5.8426E-01  3.3983E-01  2.0300E+00 -3.3608E-01
  5.8975E+00  1.5990E+01  1.3587E-02  5.8067E-01  3.3983E-01  2.0303E+00 -3.3603E-01
  5.9083E+00  1.6026E+01  1.3501E-02  5.7704E-01  3.3983E-01  2.0307E+00 -3.3598E-01
  5.9190E+00  1.6061E+01  1.3416E-02  5.7344E-01  3.3983E-01  2.0311E+00 -3.3593E-01
  5.9297E+00  1.6097E+01  1.3330E-02  5.6985E-01  3.3982E-01  2.0314E+00 -3.3587E-01
  5.9404E+00  1.6133E+01  1.3245E-02  5.6625E-01  3.3982E-01  2.0318E+00 -3.3582E-01
  5.9512E+00  1.6169E+01  1.3159E-02  5.6263E-01  3.3982E-01  2.0322E+00 -3.3577E-01
  5.9619E+00  1.6205E+01  1.3074E-02  5.5903E-01  3.3982E-01  2.0325E+00 -3.3571E-01
  5.9726E+00  1.6240E+01  1.2989E-02  5.5544E-01  3.3982E-01  2.0329E+00 -3.3565E-01
  5.9833E+00  1.6276E+01  1.2904E-02  5.5185E-01  3.3982E-01  2.0332E+00 -3.3560E-01
  5.9941E+00  1.6312E+01  1.2818E-02  5.4822E-01  3.3982E-01  2.0336E+00 -3.3554E-01
  6.0048E+00  1.6348E+01  1.2732E-02  5.4463E-01  3.3981E-01  2.0340E+00 -3.3548E-01
  6.0155E+00  1.6383E+01  1.2647E-02  5.4104E-01  3.3981E-01  2.0343E+00 -3.3541E-01
  6.0262E+00  1.6419E+01  1.2562E-02  5.3745E-01  3.3981E-01  2.0347E+00 -3.3535E-01
  6.0370E+00  1.6455E+01  1.2476E-02  5.3383E-01  3.3981E-01  2.0351E+00 -3.3529E-01
  6.0477E+00  1.6491E+01  1.2391E-02  5.3024E-01  3.3981E-01  2.0354E+00 -3.3522E-01
  6.0584E+00  1.6527E+01  1.2306E-02  5.2666E-01  3.3981E-01  2.0358E+00 -3.3516E-01
  6.0691E+00  1.6562E+01  1.2220E-02  5.2307E-01  3.3981E-01  2.0361E+00 -3.3509E-01
  6.0800E+00  1.6598E+01  1.2134E-02  5.1945E-01  3.3980E-01  2.0365E+00 -3.3502E-01
  6.0907E+00  1.6634E+01  1.2049E-02  5.1587E-01  3.3980E-01  2.0369E+00 -3.3495E-01
  6.1014E+00  1.6670E+01  1.1964E-02  5.1228E-01  3.3980E-01  2.0372E+00 -3.3488E-01
  6.1121E+00  1.6705E+01  1.1879E-02  5.0870E-01  3.3980E-01  2.0376E+00 -3.3480E-01
  6.1229E+00  1.6741E+01  1.1793E-02  5.0508E-01  3.3980E-01  2.0380E+00 -3.3473E-01
  6.1336E+00  1.6777E+01  1.1708E-02  5.0150E-01  3.3980E-01  2.0383E+00 -3.3465E-01
  6.1443E+00  1.6813E+01  1.1623E-02  4.9792E-01  3.3980E-01  2.0387E+00 -3.3457E-01
  6.1550E+00  1.6849E+01  1.1537E-02  4.9434E-01  3.3980E-01  2.0391E+00 -3.3449E-01
  6.1658E+00  1.6885E+01  1.1451E-02  4.9073E-01  3.3979E-01  2.0394E+00 -3.3441E-01
  6.1765E+00  1.6920E+01  1.1366E-02  4.8715E-01  3.3979E-01  2.0398E+00 -3.3433E-01
  6.1872E+00  1.6956E+01  1.1281E-02  4.8357E-01  3.3979E-01  2.0402E+00 -3.3424E-01
  6.1979E+00  1.6992E+01  1.1196E-02  4.8000E-01  3.3979E-01  2.0405E+00 -3.3416E-01
  6.2087E+00  1.7028E+01  1.1110E-02  4.7639E-01  3.3979E-01  2.0409E+00 -3.3407E-01
  6.2194E+00  1.7063E+01  1.1024E-02  4.7281E-01  3.3979E-01  2.0412E+00 -3.3398E-01
  6.2301E+00  1.7099E+01  1.0939E-02  4.6924E-01  3.3979E-01  2.0416E+00 -3.3388E-01
  6.2408E+00  1.7135E+01  1.0854E-02  4.6567E-01  3.3978E-01  2.0420E+00 -3.3379E-01
  6.2516E+00  1.7171E+01  1.0768E-02  4.6206E-01  3.3978E-01  2.0423E+00 -3.3369E-01
  6.2623E+00  1.7207E+01  1.0683E-02  4.5849E-01  3.3978E-01  2.0427E+00 -3.3359E-01
  6.2730E+00  1.7242E+01  1.0598E-02  4.5492E-01  3.3978E-01  2.0431E+00 -3.3349E-01
  6.2837E+00  1.7278E+01  1.0512E-02  4.5135E-01  3.3978E-01  2.0434E+00 -3.3338E-01
  6.2945E+00  1.7314E+01  1.0426E-02  4.4775E-01  3.3978E-01  2.0438E+00 -3.3328E-01
  6.3052E+00  1.7350E+01  1.0341E-02  4.4419E-01  3.3978E-01  2.0442E+00 -3.3317E-01
  6.3159E+00  1.7385E+01  1.0256E-02  4.4062E-01  3.3978E-01  2.0445E+00 -3.3305E-01
  6.3266E+00  1.7421E+01  1.0171E-02  4.3706E-01  3.3977E-01  2.0449E+00 -3.3294E-01
  6.3374E+00  1.7457E+01  1.0085E-02  4.3347E-01  3.3977E-01  2.0453E+00 -3.3282E-01
  6.3481E+00  1.7493E+01  9.9997E-03  4.2991E-01  3.3977E-01  2.0456E+00 -3.3270E-01
  6.3588E+00  1.7528E+01  9.9145E-03  4.2635E-01  3.3977E-01  2.0460E+00 -3.3258E-01
  6.3695E+00  1.7564E+01  9.8293E-03  4.2279E-01  3.3977E-01  2.0463E+00 -3.3245E-01
  6.3803E+00  1.7600E+01  9.7433E-03  4.1920E-01  3.3977E-01  2.0467E+00 -3.3232E-01
  6.3910E+00  1.7636E+01  9.6580E-03  4.1564E-01  3.3977E-01  2.0471E+00 -3.3218E-01
  6.4017E+00  1.7672E+01  9.5728E-03  4.1209E-01  3.3977E-01  2.0474E+00 -3.3205E-01
  6.4124E+00  1.7707E+01  9.4876E-03  4.0854E-01  3.3976E-01  2.0478E+00 -3.3191E-01
  6.4130E+00  1.7709E+01  9.4828E-03  4.0834E-01  3.3976E-01  2.0478E+00 -3.3190E-01
  6.4232E+00  1.7743E+01  9.4016E-03  4.0495E-01  3.3976E-01  2.0482E+00 -3.3176E-01
  6.4339E+00  1.7779E+01  9.3164E-03  4.0141E-01  3.3976E-01  2.0485E+00 -3.3161E-01
  6.4446E+00  1.7815E+01  9.2312E-03  3.9786E-01  3.3976E-01  2.0489E+00 -3.3146E-01
  6.4553E+00  1.7850E+01  9.1460E-03  3.9431E-01  3.3976E-01  2.0493E+00 -3.3131E-01
  6.4661E+00  1.7887E+01  9.0600E-03  3.9074E-01  3.3976E-01  2.0496E+00 -3.3114E-01
  6.4768E+00  1.7922E+01  8.9748E-03  3.8719E-01  3.3976E-01  2.0500E+00 -3.3098E-01
  6.4875E+00  1.7958E+01  8.8896E-03  3.8365E-01  3.3976E-01  2.0504E+00 -3.3081E-01
  6.4982E+00  1.7994E+01  8.8044E-03  3.8012E-01  3.3975E-01  2.0507E+00 -3.3064E-01
  6.5090E+00  1.8030E+01  8.7184E-03  3.7655E-01  3.3975E-01  2.0511E+00 -3.3045E-01
  6.5197E+00  1.8065E+01  8.6332E-03  3.7301E-01  3.3975E-01  2.0515E+00 -3.3027E-01
  6.5304E+00  1.8101E+01  8.5480E-03  3.6948E-01  3.3975E-01  2.0518E+00 -3.3008E-01
  6.5411E+00  1.8137E+01  8.4628E-03  3.6595E-01  3.3975E-01  2.0522E+00 -3.2989E-01
  6.5519E+00  1.8173E+01  8.3767E-03  3.6239E-01  3.3975E-01  2.0525E+00 -3.2968E-01
  6.5626E+00  1.8208E+01  8.2915E-03  3.5886E-01  3.3975E-01  2.0529E+00 -3.2948E-01
  6.5733E+00  1.8244E+01  8.2063E-03  3.5534E-01  3.3975E-01  2.0533E+00 -3.2926E-01
  6.5840E+00  1.8280E+01  8.1211E-03  3.5182E-01  3.3975E-01  2.0536E+00 -3.2904E-01
  6.5948E+00  1.8316E+01  8.0351E-03  3.4827E-01  3.3974E-01  2.0540E+00 -3.2882E-01
  6.6055E+00  1.8352E+01  7.9499E-03  3.4475E-01  3.3974E-01  2.0544E+00 -3.2858E-01
  6.6162E+00  1.8387E+01  7.8647E-03  3.4124E-01  3.3974E-01  2.0547E+00 -3.2834E-01
  6.6269E+00  1.8423E+01  7.7794E-03  3.3773E-01  3.3974E-01  2.0551E+00 -3.2809E-01
  6.6377E+00  1.8459E+01  7.6934E-03  3.3418E-01  3.3974E-01  2.0555E+00 -3.2784E-01
  6.6484E+00  1.8495E+01  7.6082E-03  3.3068E-01  3.3974E-01  2.0558E+00 -3.2757E-01
  6.6591E+00  1.8530E+01  7.5230E-03  3.2718E-01  3.3974E-01  2.0562E+00 -3.2730E-01
  6.6698E+00  1.8566E+01  7.4378E-03  3.2368E-01  3.3974E-01  2.0566E+00 -3.2702E-01
  6.6806E+00  1.8602E+01  7.3518E-03  3.2015E-01  3.3974E-01  2.0569E+00 -3.2673E-01
  6.6913E+00  1.8638E+01  7.2665E-03  3.1665E-01  3.3973E-01  2.0573E+00 -3.2642E-01
  6.7020E+00  1.8674E+01  7.1813E-03  3.1316E-01  3.3973E-01  2.0577E+00 -3.2611E-01
  6.7127E+00  1.8709E+01  7.0961E-03  3.0968E-01  3.3973E-01  2.0580E+00 -3.2579E-01
  6.7235E+00  1.8745E+01  7.0101E-03  3.0616E-01  3.3973E-01  2.0584E+00 -3.2546E-01
  6.7342E+00  1.8781E+01  6.9248E-03  3.0268E-01  3.3973E-01  2.0588E+00 -3.2511E-01
  6.7449E+00  1.8817E+01  6.8396E-03  2.9921E-01  3.3973E-01  2.0591E+00 -3.2476E-01
  6.7557E+00  1.8852E+01  6.7544E-03  2.9574E-01  3.3973E-01  2.0595E+00 -3.2439E-01
  6.7665E+00  1.8888E+01  6.6684E-03  2.9224E-01  3.3973E-01  2.0599E+00 -3.2400E-01
  6.7772E+00  1.8924E+01  6.5831E-03  2.8877E-01  3.3973E-01  2.0602E+00 -3.2361E-01
  6.7879E+00  1.8960E+01  6.4979E-03  2.8531E-01  3.3973E-01  2.0606E+00 -3.2320E-01
  6.7986E+00  1.8996E+01  6.4127E-03  2.8186E-01  3.3972E-01  2.0610E+00 -3.2277E-01
  6.8094E+00  1.9032E+01  6.3266E-03  2.7838E-01  3.3972E-01  2.0613E+00 -3.2233E-01
  6.8201E+00  1.9067E+01  6.2414E-03  2.7493E-01  3.3972E-01  2.0617E+00 -3.2187E-01
  6.8308E+00  1.9103E+01  6.1561E-03  2.7149E-01  3.3972E-01  2.0621E+00 -3.2139E-01
  6.8415E+00  1.9139E+01  6.0709E-03  2.6806E-01  3.3972E-01  2.0624E+00 -3.2090E-01
  6.8523E+00  1.9175E+01  5.9849E-03  2.6460E-01  3.3972E-01  2.0628E+00 -3.2038E-01
  6.8630E+00  1.9210E+01  5.8996E-03  2.6118E-01  3.3972E-01  2.0632E+00 -3.1985E-01
  6.8737E+00  1.9246E+01  5.8144E-03  2.5776E-01  3.3972E-01  2.0635E+00 -3.1929E-01
  6.8844E+00  1.9282E+01  5.7291E-03  2.5435E-01  3.3972E-01  2.0639E+00 -3.1871E-01
  6.8952E+00  1.9318E+01  5.6431E-03  2.5091E-01  3.3972E-01  2.0643E+00 -3.1810E-01
  6.9059E+00  1.9354E+01  5.5578E-03  2.4751E-01  3.3971E-01  2.0646E+00 -3.1748E-01
  6.9166E+00  1.9389E+01  5.4726E-03  2.4412E-01  3.3971E-01  2.0650E+00 -3.1682E-01
  6.9273E+00  1.9425E+01  5.3873E-03  2.4074E-01  3.3971E-01  2.0653E+00 -3.1614E-01
  6.9381E+00  1.9461E+01  5.3013E-03  2.3733E-01  3.3971E-01  2.0657E+00 -3.1542E-01
  6.9488E+00  1.9497E+01  5.2160E-03  2.3396E-01  3.3971E-01  2.0661E+00 -3.1468E-01
  6.9595E+00  1.9532E+01  5.1307E-03  2.3060E-01  3.3971E-01  2.0664E+00 -3.1390E-01
  6.9702E+00  1.9568E+01  5.0455E-03  2.2725E-01  3.3971E-01  2.0668E+00 -3.1309E-01
  6.9810E+00  1.9604E+01  4.9594E-03  2.2388E-01  3.3971E-01  2.0672E+00 -3.1224E-01
  6.9917E+00  1.9640E+01  4.8742E-03  2.2055E-01  3.3971E-01  2.0675E+00 -3.1135E-01
  7.0024E+00  1.9676E+01  4.7889E-03  2.1722E-01  3.3971E-01  2.0679E+00 -3.1043E-01
  7.0131E+00  1.9711E+01  4.7036E-03  2.1391E-01  3.3971E-01  2.0683E+00 -3.0946E-01
  7.0239E+00  1.9747E+01  4.6175E-03  2.1058E-01  3.3970E-01  2.0686E+00 -3.0843E-01
  7.0346E+00  1.9783E+01  4.5323E-03  2.0729E-01  3.3970E-01  2.0690E+00 -3.0736E-01
  7.0453E+00  1.9819E+01  4.4470E-03  2.0401E-01  3.3970E-01  2.0694E+00 -3.0624E-01
  7.0560E+00  1.9854E+01  4.3617E-03  2.0074E-01  3.3970E-01  2.0697E+00 -3.0507E-01
  7.0668E+00  1.9890E+01  4.2756E-03  1.9746E-01  3.3970E-01  2.0701E+00 -3.0382E-01
  7.0775E+00  1.9926E+01  4.1903E-03  1.9422E-01  3.3970E-01  2.0705E+00 -3.0253E-01
  7.0882E+00  1.9962E+01  4.1050E-03  1.9099E-01  3.3970E-01  2.0708E+00 -3.0117E-01
  7.0989E+00  1.9997E+01  4.0197E-03  1.8778E-01  3.3970E-01  2.0712E+00 -2.9973E-01
  7.1097E+00  2.0034E+01  3.9336E-03  1.8456E-01  3.3970E-01  2.0716E+00 -2.9821E-01
  7.1204E+00  2.0069E+01  3.8483E-03  1.8138E-01  3.3969E-01  2.0719E+00 -2.9661E-01
  7.1311E+00  2.0105E+01  3.7630E-03  1.7822E-01  3.3944E-01  2.0718E+00 -2.9467E-01
  7.1418E+00  2.0141E+01  3.6780E-03  1.7509E-01  3.3708E-01  2.0688E+00 -2.9035E-01
  7.1526E+00  2.0177E+01  3.5936E-03  1.7201E-01  3.2997E-01  2.0663E+00 -2.8029E-01
  7.1633E+00  2.0212E+01  3.5121E-03  1.6908E-01  3.2143E-01  2.0663E+00 -2.6823E-01
  7.1740E+00  2.0248E+01  3.4329E-03  1.6628E-01  3.1303E-01  2.0666E+00 -2.5601E-01
  7.1847E+00  2.0284E+01  3.3559E-03  1.6361E-01  3.0493E-01  2.0669E+00 -2.4384E-01
  7.1955E+00  2.0320E+01  3.2803E-03  1.6105E-01  2.9709E-01  2.0672E+00 -2.3163E-01
  7.2062E+00  2.0356E+01  3.2076E-03  1.5864E-01  2.8983E-01  2.0678E+00 -2.1979E-01
  7.2169E+00  2.0391E+01  3.1368E-03  1.5634E-01  2.8452E-01  2.0703E+00 -2.1005E-01
  7.2276E+00  2.0427E+01  3.0668E-03  1.5413E-01  2.8305E-01  2.0723E+00 -2.0529E-01
  7.2384E+00  2.0463E+01  2.9964E-03  1.5193E-01  2.8291E-01  2.0728E+00 -2.0234E-01
  7.2491E+00  2.0499E+01  2.9266E-03  1.4978E-01  2.8291E-01  2.0730E+00 -1.9950E-01
  7.2598E+00  2.0534E+01  2.8568E-03  1.4767E-01  2.8291E-01  2.0733E+00 -1.9655E-01
  7.2705E+00  2.0570E+01  2.7870E-03  1.4559E-01  2.8290E-01  2.0735E+00 -1.9346E-01
  7.2813E+00  2.0606E+01  2.7166E-03  1.4352E-01  2.8290E-01  2.0737E+00 -1.9022E-01
  7.2920E+00  2.0642E+01  2.6468E-03  1.4151E-01  2.8290E-01  2.0739E+00 -1.8686E-01
  7.3027E+00  2.0677E+01  2.5770E-03  1.3953E-01  2.8290E-01  2.0742E+00 -1.8335E-01
  7.3134E+00  2.0713E+01  2.5072E-03  1.3759E-01  2.8290E-01  2.0744E+00 -1.7970E-01
  7.3242E+00  2.0749E+01  2.4367E-03  1.3568E-01  2.8290E-01  2.0746E+00 -1.7585E-01
  7.3349E+00  2.0785E+01  2.3669E-03  1.3382E-01  2.8290E-01  2.0749E+00 -1.7187E-01
  7.3456E+00  2.0821E+01  2.2971E-03  1.3201E-01  2.8290E-01  2.0751E+00 -1.6773E-01
  7.3563E+00  2.0856E+01  2.2272E-03  1.3025E-01  2.8290E-01  2.0753E+00 -1.6342E-01
  7.3671E+00  2.0892E+01  2.1567E-03  1.2851E-01  2.8290E-01  2.0755E+00 -1.5888E-01
  7.3778E+00  2.0928E+01  2.0869E-03  1.2684E-01  2.8290E-01  2.0758E+00 -1.5421E-01
  7.3885E+00  2.0964E+01  2.0171E-03  1.2523E-01  2.8290E-01  2.0760E+00 -1.4935E-01
  7.3992E+00  2.0999E+01  1.9472E-03  1.2366E-01  2.8290E-01  2.0762E+00 -1.4430E-01
  7.4100E+00  2.1035E+01  1.8767E-03  1.2214E-01  2.8290E-01  2.0765E+00 -1.3900E-01
  7.4207E+00  2.1071E+01  1.8069E-03  1.2069E-01  2.8290E-01  2.0767E+00 -1.3356E-01
  7.4314E+00  2.1107E+01  1.7370E-03  1.1930E-01  2.8290E-01  2.0769E+00 -1.2793E-01
  7.4422E+00  2.1143E+01  1.6672E-03  1.1797E-01  2.8290E-01  2.0771E+00 -1.2210E-01
  7.4530E+00  2.1179E+01  1.5966E-03  1.1669E-01  2.8290E-01  2.0774E+00 -1.1601E-01
  7.4637E+00  2.1214E+01  1.5268E-03  1.1549E-01  2.8290E-01  2.0776E+00 -1.0979E-01
  7.4744E+00  2.1250E+01  1.4569E-03  1.1436E-01  2.8290E-01  2.0778E+00 -1.0337E-01
  7.4851E+00  2.1286E+01  1.3870E-03  1.1330E-01  2.8290E-01  2.0781E+00 -9.6765E-02
  7.4959E+00  2.1322E+01  1.3165E-03  1.1230E-01  2.8290E-01  2.0783E+00 -8.9913E-02
  7.5066E+00  2.1357E+01  1.2466E-03  1.1138E-01  2.8290E-01  2.0785E+00 -8.2948E-02
  7.5173E+00  2.1393E+01  1.1767E-03  1.1054E-01  2.8290E-01  2.0787E+00 -7.5816E-02
  7.5280E+00  2.1429E+01  1.1068E-03  1.0978E-01  2.8290E-01  2.0790E+00 -6.8526E-02
  7.5388E+00  2.1465E+01  1.0363E-03  1.0909E-01  2.8290E-01  2.0792E+00 -6.1019E-02
  7.5495E+00  2.1501E+01  9.6638E-04  1.0849E-01  2.8290E-01  2.0794E+00 -5.3448E-02
  7.5602E+00  2.1536E+01  8.9648E-04  1.0797E-01  2.8289E-01  2.0797E+00 -4.5758E-02
  7.5709E+00  2.1572E+01  8.2657E-04  1.0753E-01  2.8289E-01  2.0799E+00 -3.7964E-02
  7.5817E+00  2.1608E+01  7.5600E-04  1.0717E-01  2.8289E-01  2.0801E+00 -3.0008E-02
  7.5924E+00  2.1644E+01  6.8609E-04  1.0690E-01  2.8289E-01  2.0803E+00 -2.2057E-02
  7.6031E+00  2.1679E+01  6.1617E-04  1.0672E-01  2.8289E-01  2.0806E+00 -1.4054E-02
  7.6138E+00  2.1715E+01  5.4625E-04  1.0663E-01  2.8289E-01  2.0808E+00 -6.0188E-03
  7.6246E+00  2.1751E+01  4.7566E-04  1.0662E-01  2.8289E-01  2.0810E+00  2.1045E-03
  7.6353E+00  2.1787E+01  4.0573E-04  1.0669E-01  2.8289E-01  2.0813E+00  1.0145E-02
  7.6460E+00  2.1823E+01  3.3580E-04  1.0686E-01  2.8289E-01  2.0815E+00  1.8160E-02
  7.6567E+00  2.1858E+01  2.6587E-04  1.0711E-01  2.8289E-01  2.0817E+00  2.6129E-02
  7.6675E+00  2.1894E+01  1.9527E-04  1.0745E-01  2.8290E-01  2.0819E+00  3.4109E-02
  7.6782E+00  2.1930E+01  1.2533E-04  1.0786E-01  2.8290E-01  2.0822E+00  4.1931E-02
  7.6889E+00  2.1966E+01  5.5386E-05  1.0837E-01  2.8290E-01  2.0824E+00  4.9655E-02
  7.6996E+00  2.2001E+01 -1.4560E-05  1.0895E-01  2.8290E-01  2.0826E+00  5.7265E-02
  7.7104E+00  2.2037E+01 -8.5165E-05  1.0962E-01  2.8290E-01  2.0829E+00  6.4815E-02
  7.7211E+00  2.2073E+01 -1.5512E-04  1.1037E-01  2.8290E-01  2.0831E+00  7.2152E-02
  7.7318E+00  2.2109E+01 -2.2507E-04  1.1119E-01  2.8290E-01  2.0833E+00  7.9335E-02
  7.7425E+00  2.2145E+01 -2.9502E-04  1.1209E-01  2.8290E-01  2.0836E+00  8.6354E-02
  7.7533E+00  2.2181E+01 -3.6563E-04  1.1308E-01  2.8290E-01  2.0838E+00  9.3263E-02
  7.7640E+00  2.2216E+01 -4.3559E-04  1.1412E-01  2.8290E-01  2.0840E+00  9.9927E-02
  7.7747E+00  2.2252E+01 -5.0555E-04  1.1524E-01  2.8290E-01  2.0842E+00  1.0640E-01
  7.7854E+00  2.2288E+01 -5.7551E-04  1.1643E-01  2.8290E-01  2.0845E+00  1.1269E-01
  7.7962E+00  2.2324E+01 -6.4613E-04  1.1769E-01  2.8290E-01  2.0847E+00  1.1884E-01
  7.8069E+00  2.2359E+01 -7.1610E-04  1.1901E-01  2.8290E-01  2.0849E+00  1.2474E-01
  7.8176E+00  2.2395E+01 -7.8606E-04  1.2038E-01  2.8290E-01  2.0852E+00  1.3044E-01
  7.8283E+00  2.2431E+01 -8.5603E-04  1.2182E-01  2.8290E-01  2.0854E+00  1.3594E-01
  7.8391E+00  2.2467E+01 -9.2665E-04  1.2333E-01  2.8290E-01  2.0856E+00  1.4130E-01
  7.8498E+00  2.2503E+01 -9.9662E-04  1.2489E-01  2.8290E-01  2.0858E+00  1.4642E-01
  7.8605E+00  2.2538E+01 -1.0666E-03  1.2649E-01  2.8290E-01  2.0861E+00  1.5134E-01
  7.8712E+00  2.2574E+01 -1.1366E-03  1.2815E-01  2.8290E-01  2.0863E+00  1.5608E-01
  7.8820E+00  2.2610E+01 -1.2072E-03  1.2987E-01  2.8290E-01  2.0865E+00  1.6068E-01
  7.8927E+00  2.2646E+01 -1.2772E-03  1.3163E-01  2.8290E-01  2.0868E+00  1.6506E-01
  7.9034E+00  2.2681E+01 -1.3471E-03  1.3343E-01  2.8291E-01  2.0870E+00  1.6926E-01
  7.9141E+00  2.2717E+01 -1.4171E-03  1.3528E-01  2.8291E-01  2.0872E+00  1.7329E-01
  7.9249E+00  2.2753E+01 -1.4877E-03  1.3718E-01  2.8291E-01  2.0875E+00  1.7720E-01
  7.9356E+00  2.2789E+01 -1.5577E-03  1.3911E-01  2.8291E-01  2.0877E+00  1.8091E-01
  7.9463E+00  2.2824E+01 -1.6277E-03  1.4108E-01  2.8291E-01  2.0879E+00  1.8447E-01
  7.9570E+00  2.2860E+01 -1.6977E-03  1.4309E-01  2.8291E-01  2.0881E+00  1.8789E-01
  7.9678E+00  2.2896E+01 -1.7683E-03  1.4515E-01  2.8291E-01  2.0884E+00  1.9119E-01
  7.9785E+00  2.2932E+01 -1.8383E-03  1.4722E-01  2.8291E-01  2.0886E+00  1.9433E-01
  7.9892E+00  2.2968E+01 -1.9082E-03  1.4933E-01  2.8291E-01  2.0888E+00  1.9733E-01
  7.9999E+00  2.3003E+01 -1.9782E-03  1.5147E-01  2.8291E-01  2.0891E+00  2.0021E-01
  8.0107E+00  2.3039E+01 -2.0488E-03  1.5366E-01  2.8292E-01  2.0893E+00  2.0300E-01
  8.0214E+00  2.3075E+01 -2.1188E-03  1.5586E-01  2.8292E-01  2.0895E+00  2.0564E-01
  8.0321E+00  2.3111E+01 -2.1888E-03  1.5808E-01  2.8292E-01  2.0898E+00  2.0817E-01
  8.0428E+00  2.3146E+01 -2.2588E-03  1.6034E-01  2.8292E-01  2.0900E+00  2.1060E-01
  8.0536E+00  2.3183E+01 -2.3294E-03  1.6264E-01  2.8292E-01  2.0902E+00  2.1295E-01
  8.0643E+00  2.3218E+01 -2.3994E-03  1.6494E-01  2.8292E-01  2.0904E+00  2.1518E-01
  8.0750E+00  2.3254E+01 -2.4693E-03  1.6726E-01  2.8292E-01  2.0907E+00  2.1732E-01
  8.0857E+00  2.3290E+01 -2.5393E-03  1.6961E-01  2.8292E-01  2.0909E+00  2.1938E-01
  8.0910E+00  2.3307E+01 -2.5736E-03  1.7077E-01  2.8293E-01  2.0910E+00  2.2035E-01
  8.0965E+00  2.3326E+01 -2.6099E-03  1.7201E-01  2.8293E-01  2.0911E+00  2.2136E-01
  8.1072E+00  2.3361E+01 -2.6799E-03  1.7440E-01  2.8293E-01  2.0914E+00  2.2325E-01
  8.1179E+00  2.3397E+01 -2.7499E-03  1.7681E-01  2.8293E-01  2.0916E+00  2.2506E-01
  8.1287E+00  2.3433E+01 -2.8199E-03  1.7924E-01  2.8293E-01  2.0918E+00  2.2680E-01
  8.1395E+00  2.3469E+01 -2.8905E-03  1.8171E-01  2.8293E-01  2.0921E+00  2.2849E-01
  8.1502E+00  2.3504E+01 -2.9605E-03  1.8417E-01  2.8293E-01  2.0923E+00  2.3009E-01
  8.1609E+00  2.3540E+01 -3.0304E-03  1.8665E-01  2.8293E-01  2.0925E+00  2.3163E-01
  8.1716E+00  2.3576E+01 -3.1004E-03  1.8915E-01  2.8294E-01  2.0928E+00  2.3311E-01
  8.1824E+00  2.3612E+01 -3.1711E-03  1.9169E-01  2.8294E-01  2.0930E+00  2.3455E-01
  8.1931E+00  2.3648E+01 -3.2410E-03  1.9422E-01  2.8294E-01  2.0932E+00  2.3591E-01
  8.2038E+00  2.3683E+01 -3.3110E-03  1.9676E-01  2.8294E-01  2.0934E+00  2.3723E-01
  8.2145E+00  2.3719E+01 -3.3810E-03  1.9932E-01  2.8294E-01  2.0937E+00  2.3849E-01
  8.2253E+00  2.3755E+01 -3.4516E-03  2.0191E-01  2.8294E-01  2.0939E+00  2.3972E-01
  8.2360E+00  2.3791E+01 -3.5216E-03  2.0449E-01  2.8295E-01  2.0941E+00  2.4089E-01
  8.2467E+00  2.3826E+01 -3.5916E-03  2.0709E-01  2.8295E-01  2.0944E+00  2.4202E-01
  8.2574E+00  2.3862E+01 -3.6615E-03  2.0970E-01  2.8295E-01  2.0946E+00  2.4311E-01
  8.2682E+00  2.3898E+01 -3.7322E-03  2.1234E-01  2.8295E-01  2.0948E+00  2.4416E-01
  8.2789E+00  2.3934E+01 -3.8022E-03  2.1497E-01  2.8295E-01  2.0951E+00  2.4517E-01
  8.2896E+00  2.3970E+01 -3.8721E-03  2.1761E-01  2.8295E-01  2.0953E+00  2.4615E-01
  8.3003E+00  2.4005E+01 -3.9421E-03  2.2026E-01  2.8295E-01  2.0955E+00  2.4708E-01
  8.3111E+00  2.4041E+01 -4.0128E-03  2.2294E-01  2.8296E-01  2.0958E+00  2.4800E-01
  8.3218E+00  2.4077E+01 -4.0827E-03  2.2561E-01  2.8296E-01  2.0960E+00  2.4887E-01
  8.3325E+00  2.4113E+01 -4.1527E-03  2.2829E-01  2.8296E-01  2.0962E+00  2.4971E-01
  8.3432E+00  2.4148E+01 -4.2227E-03  2.3098E-01  2.8296E-01  2.0964E+00  2.5052E-01
  8.3540E+00  2.4184E+01 -4.2933E-03  2.3370E-01  2.8296E-01  2.0967E+00  2.5132E-01
  8.3647E+00  2.4220E+01 -4.3633E-03  2.3640E-01  2.8296E-01  2.0969E+00  2.5208E-01
  8.3754E+00  2.4256E+01 -4.4333E-03  2.3911E-01  2.8297E-01  2.0971E+00  2.5281E-01
  8.3861E+00  2.4292E+01 -4.5032E-03  2.4183E-01  2.8297E-01  2.0974E+00  2.5352E-01
  8.3969E+00  2.4328E+01 -4.5739E-03  2.4458E-01  2.8297E-01  2.0976E+00  2.5421E-01
  8.4076E+00  2.4363E+01 -4.6439E-03  2.4732E-01  2.8297E-01  2.0978E+00  2.5487E-01
  8.4183E+00  2.4399E+01 -4.7138E-03  2.5006E-01  2.8297E-01  2.0981E+00  2.5551E-01
  8.4290E+00  2.4435E+01 -4.7838E-03  2.5281E-01  2.8297E-01  2.0983E+00  2.5613E-01
  8.4398E+00  2.4471E+01 -4.8544E-03  2.5559E-01  2.8298E-01  2.0985E+00  2.5674E-01
  8.4505E+00  2.4506E+01 -4.9244E-03  2.5835E-01  2.8298E-01  2.0988E+00  2.5732E-01
  8.4612E+00  2.4542E+01 -4.9944E-03  2.6111E-01  2.8298E-01  2.0990E+00  2.5788E-01
  8.4719E+00  2.4578E+01 -5.0644E-03  2.6389E-01  2.8298E-01  2.0992E+00  2.5843E-01
  8.4827E+00  2.4614E+01 -5.1350E-03  2.6669E-01  2.8298E-01  2.0995E+00  2.5896E-01
  8.4934E+00  2.4650E+01 -5.2050E-03  2.6948E-01  2.8299E-01  2.0997E+00  2.5948E-01
  8.5041E+00  2.4685E+01 -5.2750E-03  2.7226E-01  2.8299E-01  2.0999E+00  2.5997E-01
  8.5148E+00  2.4721E+01 -5.3450E-03  2.7506E-01  2.8299E-01  2.1001E+00  2.6046E-01
  8.5256E+00  2.4757E+01 -5.4156E-03  2.7788E-01  2.8299E-01  2.1004E+00  2.6093E-01
  8.5363E+00  2.4793E+01 -5.4856E-03  2.8069E-01  2.8299E-01  2.1006E+00  2.6138E-01
  8.5470E+00  2.4828E+01 -5.5555E-03  2.8350E-01  2.8299E-01  2.1008E+00  2.6182E-01
  8.5577E+00  2.4864E+01 -5.6255E-03  2.8631E-01  2.8300E-01  2.1011E+00  2.6225E-01
  8.5685E+00  2.4900E+01 -5.6962E-03  2.8916E-01  2.8300E-01  2.1013E+00  2.6267E-01
  8.5792E+00  2.4936E+01 -5.7661E-03  2.9198E-01  2.8300E-01  2.1015E+00  2.6307E-01
  8.5899E+00  2.4972E+01 -5.8361E-03  2.9481E-01  2.8300E-01  2.1018E+00  2.6346E-01
  8.6006E+00  2.5007E+01 -5.9061E-03  2.9764E-01  2.8300E-01  2.1020E+00  2.6385E-01
  8.6114E+00  2.5043E+01 -5.9767E-03  3.0050E-01  2.8301E-01  2.1022E+00  2.6422E-01
  8.6221E+00  2.5079E+01 -6.0467E-03  3.0334E-01  2.8301E-01  2.1025E+00  2.6458E-01
  8.6328E+00  2.5115E+01 -6.1167E-03  3.0618E-01  2.8301E-01  2.1027E+00  2.6493E-01
  8.6435E+00  2.5150E+01 -6.1867E-03  3.0903E-01  2.8301E-01  2.1029E+00  2.6527E-01
  8.6543E+00  2.5186E+01 -6.2573E-03  3.1190E-01  2.8301E-01  2.1032E+00  2.6560E-01
  8.6650E+00  2.5222E+01 -6.3273E-03  3.1476E-01  2.8301E-01  2.1034E+00  2.6593E-01
  8.6757E+00  2.5258E+01 -6.3973E-03  3.1761E-01  2.8302E-01  2.1036E+00  2.6624E-01
  8.6864E+00  2.5293E+01 -6.4673E-03  3.2047E-01  2.8302E-01  2.1039E+00  2.6655E-01
  8.6972E+00  2.5330E+01 -6.5379E-03  3.2336E-01  2.8302E-01  2.1041E+00  2.6685E-01
  8.7079E+00  2.5365E+01 -6.6079E-03  3.2623E-01  2.8302E-01  2.1043E+00  2.6714E-01
  8.7186E+00  2.5401E+01 -6.6778E-03  3.2910E-01  2.8302E-01  2.1046E+00  2.6742E-01
  8.7293E+00  2.5437E+01 -6.7478E-03  3.3197E-01  2.8303E-01  2.1048E+00  2.6769E-01
  8.7401E+00  2.5473E+01 -6.8185E-03  3.3487E-01  2.8303E-01  2.1050E+00  2.6796E-01
  8.7508E+00  2.5508E+01 -6.8884E-03  3.3775E-01  2.8303E-01  2.1053E+00  2.6823E-01
  8.7615E+00  2.5544E+01 -6.9584E-03  3.4063E-01  2.8303E-01  2.1055E+00  2.6848E-01
  8.7722E+00  2.5580E+01 -7.0284E-03  3.4352E-01  2.8303E-01  2.1057E+00  2.6873E-01
  8.7830E+00  2.5616E+01 -7.0990E-03  3.4643E-01  2.8304E-01  2.1060E+00  2.6897E-01
  8.7937E+00  2.5652E+01 -7.1690E-03  3.4932E-01  2.8304E-01  2.1062E+00  2.6921E-01
  8.8045E+00  2.5687E+01 -7.2390E-03  3.5221E-01  2.8304E-01  2.1064E+00  2.6944E-01
  8.8152E+00  2.5723E+01 -7.3090E-03  3.5510E-01  2.8304E-01  2.1067E+00  2.6967E-01
  8.8260E+00  2.5759E+01 -7.3796E-03  3.5803E-01  2.8304E-01  2.1069E+00  2.6989E-01
  8.8367E+00  2.5795E+01 -7.4496E-03  3.6092E-01  2.8305E-01  2.1071E+00  2.7010E-01
  8.8474E+00  2.5830E+01 -7.5196E-03  3.6382E-01  2.8305E-01  2.1074E+00  2.7031E-01
  8.8581E+00  2.5866E+01 -7.5896E-03  3.6673E-01  2.8305E-01  2.1076E+00  2.7052E-01
  8.8689E+00  2.5902E+01 -7.6602E-03  3.6966E-01  2.8305E-01  2.1078E+00  2.7072E-01
  8.8796E+00  2.5938E+01 -7.7302E-03  3.7257E-01  2.8306E-01  2.1081E+00  2.7092E-01
  8.8903E+00  2.5973E+01 -7.8002E-03  3.7548E-01  2.8306E-01  2.1083E+00  2.7111E-01
  8.9010E+00  2.6009E+01 -7.8701E-03  3.7839E-01  2.8306E-01  2.1085E+00  2.7129E-01
  8.9118E+00  2.6045E+01 -7.9408E-03  3.8133E-01  2.8306E-01  2.1088E+00  2.7148E-01
  8.9225E+00  2.6081E+01 -8.0108E-03  3.8424E-01  2.8306E-01  2.1090E+00  2.7166E-01
  8.9332E+00  2.6117E+01 -8.0807E-03  3.8716E-01  2.8307E-01  2.1092E+00  2.7183E-01
  8.9439E+00  2.6152E+01 -8.1507E-03  3.9008E-01  2.8307E-01  2.1095E+00  2.7200E-01
  8.9547E+00  2.6188E+01 -8.2214E-03  3.9302E-01  2.8307E-01  2.1097E+00  2.7217E-01
  8.9654E+00  2.6224E+01 -8.2913E-03  3.9595E-01  2.8307E-01  2.1099E+00  2.7233E-01
  8.9761E+00  2.6260E+01 -8.3613E-03  3.9887E-01  2.8307E-01  2.1102E+00  2.7249E-01
  8.9868E+00  2.6295E+01 -8.4313E-03  4.0180E-01  2.8308E-01  2.1104E+00  2.7265E-01
  8.9976E+00  2.6331E+01 -8.5019E-03  4.0475E-01  2.8308E-01  2.1106E+00  2.7280E-01
  9.0083E+00  2.6367E+01 -8.5719E-03  4.0768E-01  2.8308E-01  2.1109E+00  2.7295E-01
  9.0190E+00  2.6403E+01 -8.6419E-03  4.1061E-01  2.8308E-01  2.1111E+00  2.7310E-01
  9.0297E+00  2.6439E+01 -8.7119E-03  4.1354E-01  2.8309E-01  2.1113E+00  2.7324E-01
  9.0405E+00  2.6475E+01 -8.7825E-03  4.1650E-01  2.8309E-01  2.1116E+00  2.7339E-01
  9.0512E+00  2.6510E+01 -8.8525E-03  4.1944E-01  2.8309E-01  2.1118E+00  2.7352E-01
  9.0619E+00  2.6546E+01 -8.9225E-03  4.2237E-01  2.8309E-01  2.1120E+00  2.7366E-01
  9.0726E+00  2.6582E+01 -8.9924E-03  4.2531E-01  2.8309E-01  2.1123E+00  2.7379E-01
  9.0834E+00  2.6618E+01 -9.0631E-03  4.2828E-01  2.8310E-01  2.1125E+00  2.7392E-01
  9.0941E+00  2.6653E+01 -9.1331E-03  4.3122E-01  2.8310E-01  2.1127E+00  2.7405E-01
  9.1048E+00  2.6689E+01 -9.2030E-03  4.3416E-01  2.8310E-01  2.1130E+00  2.7417E-01
  9.1155E+00  2.6725E+01 -9.2730E-03  4.3710E-01  2.8310E-01  2.1132E+00  2.7430E-01
  9.1263E+00  2.6761E+01 -9.3437E-03  4.4007E-01  2.8311E-01  2.1134E+00  2.7442E-01
  9.1370E+00  2.6797E+01 -9.4136E-03  4.4302E-01  2.8311E-01  2.1137E+00  2.7453E-01
  9.1477E+00  2.6832E+01 -9.4836E-03  4.4597E-01  2.8311E-01  2.1139E+00  2.7465E-01
  9.1584E+00  2.6868E+01 -9.5536E-03  4.4891E-01  2.8311E-01  2.1141E+00  2.7476E-01
  9.1692E+00  2.6904E+01 -9.6242E-03  4.5189E-01  2.8312E-01  2.1144E+00  2.7487E-01
  9.1799E+00  2.6940E+01 -9.6942E-03  4.5484E-01  2.8312E-01  2.1146E+00  2.7498E-01
  9.1906E+00  2.6975E+01 -9.7642E-03  4.5779E-01  2.8312E-01  2.1149E+00  2.7509E-01
  9.2013E+00  2.7011E+01 -9.8342E-03  4.6075E-01  2.8312E-01  2.1151E+00  2.7519E-01
  9.2121E+00  2.7047E+01 -9.9048E-03  4.6373E-01  2.8313E-01  2.1153E+00  2.7530E-01
  9.2228E+00  2.7083E+01 -9.9748E-03  4.6668E-01  2.8313E-01  2.1156E+00  2.7540E-01
  9.2335E+00  2.7119E+01 -1.0045E-02  4.6964E-01  2.8313E-01  2.1158E+00  2.7550E-01
  9.2442E+00  2.7154E+01 -1.0115E-02  4.7260E-01  2.8313E-01  2.1160E+00  2.7560E-01
  9.2550E+00  2.7190E+01 -1.0185E-02  4.7558E-01  2.8314E-01  2.1163E+00  2.7569E-01
  9.2657E+00  2.7226E+01 -1.0255E-02  4.7854E-01  2.8314E-01  2.1165E+00  2.7579E-01
  9.2764E+00  2.7262E+01 -1.0325E-02  4.8150E-01  2.8314E-01  2.1167E+00  2.7588E-01
  9.2871E+00  2.7297E+01 -1.0395E-02  4.8446E-01  2.8314E-01  2.1170E+00  2.7597E-01
  9.2979E+00  2.7333E+01 -1.0466E-02  4.8745E-01  2.8314E-01  2.1172E+00  2.7606E-01
  9.3086E+00  2.7369E+01 -1.0536E-02  4.9041E-01  2.8315E-01  2.1174E+00  2.7615E-01
  9.3193E+00  2.7405E+01 -1.0606E-02  4.9338E-01  2.8315E-01  2.1177E+00  2.7623E-01
  9.3300E+00  2.7441E+01 -1.0676E-02  4.9634E-01  2.8315E-01  2.1179E+00  2.7632E-01
  9.3408E+00  2.7477E+01 -1.0747E-02  4.9933E-01  2.8315E-01  2.1181E+00  2.7640E-01
  9.3515E+00  2.7512E+01 -1.0816E-02  5.0230E-01  2.8316E-01  2.1184E+00  2.7648E-01
  9.3622E+00  2.7548E+01 -1.0886E-02  5.0527E-01  2.8316E-01  2.1186E+00  2.7656E-01
  9.3729E+00  2.7584E+01 -1.0956E-02  5.0824E-01  2.8316E-01  2.1189E+00  2.7664E-01
  9.3837E+00  2.7620E+01 -1.1027E-02  5.1123E-01  2.8317E-01  2.1191E+00  2.7672E-01
  9.3944E+00  2.7655E+01 -1.1097E-02  5.1420E-01  2.8317E-01  2.1193E+00  2.7680E-01
  9.4051E+00  2.7691E+01 -1.1167E-02  5.1717E-01  2.8317E-01  2.1196E+00  2.7687E-01
  9.4158E+00  2.7727E+01 -1.1237E-02  5.2014E-01  2.8317E-01  2.1198E+00  2.7694E-01
  9.4266E+00  2.7763E+01 -1.1308E-02  5.2314E-01  2.8318E-01  2.1200E+00  2.7702E-01
  9.4373E+00  2.7799E+01 -1.1378E-02  5.2612E-01  2.8318E-01  2.1203E+00  2.7709E-01
  9.4480E+00  2.7834E+01 -1.1448E-02  5.2909E-01  2.8318E-01  2.1205E+00  2.7716E-01
  9.4587E+00  2.7870E+01 -1.1518E-02  5.3206E-01  2.8318E-01  2.1207E+00  2.7723E-01
  9.4695E+00  2.7906E+01 -1.1588E-02  5.3507E-01  2.8319E-01  2.1210E+00  2.7730E-01
  9.4802E+00  2.7942E+01 -1.1658E-02  5.3804E-01  2.8319E-01  2.1212E+00  2.7736E-01
  9.4910E+00  2.7977E+01 -1.1728E-02  5.4102E-01  2.8319E-01  2.1215E+00  2.7743E-01
  9.5017E+00  2.8013E+01 -1.1798E-02  5.4400E-01  2.8319E-01  2.1217E+00  2.7750E-01
  9.5125E+00  2.8049E+01 -1.1869E-02  5.4700E-01  2.8320E-01  2.1219E+00  2.7756E-01
  9.5232E+00  2.8085E+01 -1.1939E-02  5.4998E-01  2.8320E-01  2.1222E+00  2.7762E-01
  9.5339E+00  2.8120E+01 -1.2009E-02  5.5296E-01  2.8320E-01  2.1224E+00  2.7768E-01
  9.5446E+00  2.8156E+01 -1.2079E-02  5.5594E-01  2.8320E-01  2.1226E+00  2.7775E-01
  9.5554E+00  2.8192E+01 -1.2149E-02  5.5895E-01  2.8321E-01  2.1229E+00  2.7781E-01
  9.5661E+00  2.8228E+01 -1.2219E-02  5.6193E-01  2.8321E-01  2.1231E+00  2.7787E-01
  9.5768E+00  2.8264E+01 -1.2289E-02  5.6491E-01  2.8321E-01  2.1233E+00  2.7792E-01
  9.5875E+00  2.8299E+01 -1.2359E-02  5.6789E-01  2.8322E-01  2.1236E+00  2.7798E-01
  9.5983E+00  2.8335E+01 -1.2430E-02  5.7090E-01  2.8322E-01  2.1238E+00  2.7804E-01
  9.6090E+00  2.8371E+01 -1.2500E-02  5.7389E-01  2.8322E-01  2.1241E+00  2.7809E-01
  9.6197E+00  2.8407E+01 -1.2570E-02  5.7687E-01  2.8322E-01  2.1243E+00  2.7815E-01
  9.6304E+00  2.8442E+01 -1.2640E-02  5.7986E-01  2.8323E-01  2.1245E+00  2.7820E-01
  9.6410E+00  2.8478E+01 -1.2709E-02  5.8282E-01  2.8323E-01  2.1248E+00  2.7826E-01
  9.6412E+00  2.8479E+01 -1.2710E-02  5.8287E-01  2.8323E-01  2.1248E+00  2.7826E-01
  9.6519E+00  2.8514E+01 -1.2780E-02  5.8585E-01  2.8323E-01  2.1250E+00  2.7831E-01
  9.6626E+00  2.8550E+01 -1.2850E-02  5.8884E-01  2.8324E-01  2.1252E+00  2.7836E-01
  9.6733E+00  2.8586E+01 -1.2920E-02  5.9183E-01  2.8324E-01  2.1255E+00  2.7841E-01
  9.6841E+00  2.8622E+01 -1.2991E-02  5.9484E-01  2.8324E-01  2.1257E+00  2.7847E-01
  9.6948E+00  2.8657E+01 -1.3061E-02  5.9783E-01  2.8324E-01  2.1260E+00  2.7852E-01
  9.7055E+00  2.8693E+01 -1.3131E-02  6.0082E-01  2.8325E-01  2.1262E+00  2.7856E-01
  9.7162E+00  2.8729E+01 -1.3201E-02  6.0381E-01  2.8325E-01  2.1264E+00  2.7861E-01
  9.7270E+00  2.8765E+01 -1.3272E-02  6.0683E-01  2.8325E-01  2.1267E+00  2.7866E-01
  9.7377E+00  2.8800E+01 -1.3341E-02  6.0982E-01  2.8326E-01  2.1269E+00  2.7871E-01
  9.7484E+00  2.8836E+01 -1.3411E-02  6.1281E-01  2.8326E-01  2.1272E+00  2.7875E-01
  9.7591E+00  2.8872E+01 -1.3481E-02  6.1580E-01  2.8326E-01  2.1274E+00  2.7880E-01
  9.7699E+00  2.8908E+01 -1.3552E-02  6.1882E-01  2.8326E-01  2.1276E+00  2.7885E-01
  9.7806E+00  2.8944E+01 -1.3622E-02  6.2181E-01  2.8327E-01  2.1279E+00  2.7889E-01
  9.7913E+00  2.8979E+01 -1.3692E-02  6.2480E-01  2.8327E-01  2.1281E+00  2.7894E-01
  9.8020E+00  2.9015E+01 -1.3762E-02  6.2779E-01  2.8327E-01  2.1283E+00  2.7898E-01
  9.8128E+00  2.9051E+01 -1.3833E-02  6.3082E-01  2.8328E-01  2.1286E+00  2.7902E-01
  9.8235E+00  2.9087E+01 -1.3903E-02  6.3381E-01  2.8328E-01  2.1288E+00  2.7907E-01
  9.8342E+00  2.9122E+01 -1.3973E-02  6.3680E-01  2.8328E-01  2.1291E+00  2.7911E-01
  9.8449E+00  2.9158E+01 -1.4043E-02  6.3980E-01  2.8328E-01  2.1293E+00  2.7915E-01
  9.8557E+00  2.9194E+01 -1.4113E-02  6.4282E-01  2.8329E-01  2.1295E+00  2.7919E-01
  9.8664E+00  2.9230E+01 -1.4183E-02  6.4582E-01  2.8329E-01  2.1298E+00  2.7923E-01
  9.8771E+00  2.9266E+01 -1.4253E-02  6.4881E-01  2.8329E-01  2.1300E+00  2.7927E-01
  9.8878E+00  2.9301E+01 -1.4323E-02  6.5181E-01  2.8330E-01  2.1303E+00  2.7931E-01
  9.8986E+00  2.9337E+01 -1.4394E-02  6.5483E-01  2.8330E-01  2.1305E+00  2.7935E-01
  9.9093E+00  2.9373E+01 -1.4464E-02  6.5783E-01  2.8330E-01  2.1307E+00  2.7939E-01
  9.9200E+00  2.9409E+01 -1.4534E-02  6.6083E-01  2.8331E-01  2.1310E+00  2.7943E-01
  9.9307E+00  2.9444E+01 -1.4604E-02  6.6383E-01  2.8331E-01  2.1312E+00  2.7946E-01
  9.9415E+00  2.9480E+01 -1.4674E-02  6.6685E-01  2.8331E-01  2.1315E+00  2.7950E-01
  9.9522E+00  2.9516E+01 -1.4744E-02  6.6985E-01  2.8332E-01  2.1317E+00  2.7954E-01
  9.9629E+00  2.9552E+01 -1.4814E-02  6.7285E-01  2.8332E-01  2.1319E+00  2.7957E-01
  9.9736E+00  2.9588E+01 -1.4884E-02  6.7585E-01  2.8332E-01  2.1322E+00  2.7961E-01
  9.9844E+00  2.9624E+01 -1.4955E-02  6.7888E-01  2.8333E-01  2.1324E+00  2.7964E-01
  9.9951E+00  2.9659E+01 -1.5025E-02  6.8188E-01  2.8333E-01  2.1327E+00  2.7968E-01
  1.0006E+01  2.9695E+01 -1.5095E-02  6.8488E-01  2.8333E-01  2.1329E+00  2.7971E-01
  1.0017E+01  2.9731E+01 -1.5165E-02  6.8788E-01  2.8334E-01  2.1331E+00  2.7975E-01
  1.0027E+01  2.9767E+01 -1.5235E-02  6.9091E-01  2.8334E-01  2.1334E+00  2.7978E-01
  1.0038E+01  2.9802E+01 -1.5305E-02  6.9391E-01  2.8334E-01  2.1336E+00  2.7982E-01
  1.0049E+01  2.9838E+01 -1.5375E-02  6.9691E-01  2.8335E-01  2.1339E+00  2.7985E-01
  1.0059E+01  2.9874E+01 -1.5445E-02  6.9991E-01  2.8335E-01  2.1341E+00  2.7988E-01
  1.0070E+01  2.9910E+01 -1.5516E-02  7.0295E-01  2.8335E-01  2.1343E+00  2.7991E-01
  1.0081E+01  2.9946E+01 -1.5586E-02  7.0595E-01  2.8336E-01  2.1346E+00  2.7995E-01
  1.0092E+01  2.9981E+01 -1.5656E-02  7.0895E-01  2.8336E-01  2.1348E+00  2.7998E-01
  1.0102E+01  3.0017E+01 -1.5726E-02  7.1196E-01  2.8336E-01  2.1351E+00  2.8001E-01
  1.0113E+01  3.0053E+01 -1.5797E-02  7.1499E-01  2.8337E-01  2.1353E+00  2.8004E-01
  1.0124E+01  3.0089E+01 -1.5867E-02  7.1799E-01  2.8337E-01  2.1355E+00  2.8007E-01
  1.0135E+01  3.0124E+01 -1.5937E-02  7.2100E-01  2.8337E-01  2.1358E+00  2.8010E-01
  1.0145E+01  3.0160E+01 -1.6007E-02  7.2400E-01  2.8338E-01  2.1360E+00  2.8013E-01
  1.0156E+01  3.0196E+01 -1.6077E-02  7.2703E-01  2.8338E-01  2.1363E+00  2.8016E-01
  1.0167E+01  3.0232E+01 -1.6147E-02  7.3004E-01  2.8338E-01  2.1365E+00  2.8019E-01
  1.0177E+01  3.0268E+01 -1.6217E-02  7.3305E-01  2.8339E-01  2.1367E+00  2.8022E-01
  1.0188E+01  3.0303E+01 -1.6287E-02  7.3605E-01  2.8339E-01  2.1370E+00  2.8025E-01
  1.0199E+01  3.0339E+01 -1.6358E-02  7.3909E-01  2.8339E-01  2.1372E+00  2.8028E-01
  1.0210E+01  3.0375E+01 -1.6428E-02  7.4209E-01  2.8340E-01  2.1375E+00  2.8031E-01
  1.0220E+01  3.0411E+01 -1.6498E-02  7.4510E-01  2.8364E-01  2.1360E+00  2.8058E-01
  1.0231E+01  3.0446E+01 -1.6568E-02  7.4812E-01  2.8677E-01  2.1189E+00  2.8382E-01
  1.0242E+01  3.0482E+01 -1.6642E-02  7.5128E-01  3.0466E-01  2.0705E+00  3.0203E-01
  1.0253E+01  3.0518E+01 -1.6721E-02  7.5468E-01  3.3512E-01  2.0566E+00  3.3279E-01
  1.0263E+01  3.0554E+01 -1.6809E-02  7.5842E-01  3.6780E-01  2.0556E+00  3.6569E-01
  1.0274E+01  3.0589E+01 -1.6904E-02  7.6252E-01  4.0083E-01  2.0560E+00  3.9892E-01
  1.0285E+01  3.0626E+01 -1.7008E-02  7.6703E-01  4.3438E-01  2.0565E+00  4.3264E-01
  1.0295E+01  3.0661E+01 -1.7119E-02  7.7185E-01  4.6760E-01  2.0588E+00  4.6600E-01
  1.0306E+01  3.0697E+01 -1.7238E-02  7.7702E-01  4.9793E-01  2.0782E+00  4.9642E-01
  1.0317E+01  3.0733E+01 -1.7362E-02  7.8244E-01  5.1315E-01  2.1318E+00  5.1162E-01
  1.0328E+01  3.0769E+01 -1.7489E-02  7.8800E-01  5.1540E-01  2.1486E+00  5.1389E-01
  1.0338E+01  3.0804E+01 -1.7615E-02  7.9352E-01  5.1556E-01  2.1508E+00  5.1406E-01
  1.0349E+01  3.0840E+01 -1.7741E-02  7.9903E-01  5.1556E-01  2.1515E+00  5.1408E-01
  1.0360E+01  3.0876E+01 -1.7867E-02  8.0455E-01  5.1556E-01  2.1522E+00  5.1410E-01
  1.0371E+01  3.0912E+01 -1.7994E-02  8.1012E-01  5.1557E-01  2.1529E+00  5.1413E-01
  1.0381E+01  3.0948E+01 -1.8120E-02  8.1563E-01  5.1557E-01  2.1537E+00  5.1415E-01
  1.0392E+01  3.0983E+01 -1.8246E-02  8.2115E-01  5.1558E-01  2.1544E+00  5.1417E-01
  1.0403E+01  3.1019E+01 -1.8372E-02  8.2667E-01  5.1558E-01  2.1551E+00  5.1419E-01
  1.0413E+01  3.1055E+01 -1.8499E-02  8.3224E-01  5.1558E-01  2.1558E+00  5.1422E-01
  1.0424E+01  3.1091E+01 -1.8625E-02  8.3775E-01  5.1559E-01  2.1566E+00  5.1424E-01
  1.0435E+01  3.1126E+01 -1.8751E-02  8.4327E-01  5.1559E-01  2.1573E+00  5.1426E-01
  1.0446E+01  3.1162E+01 -1.8877E-02  8.4879E-01  5.1560E-01  2.1580E+00  5.1428E-01
  1.0456E+01  3.1198E+01 -1.9004E-02  8.5436E-01  5.1560E-01  2.1587E+00  5.1430E-01
  1.0467E+01  3.1234E+01 -1.9130E-02  8.5988E-01  5.1560E-01  2.1594E+00  5.1432E-01
  1.0478E+01  3.1269E+01 -1.9256E-02  8.6539E-01  5.1561E-01  2.1602E+00  5.1434E-01
  1.0488E+01  3.1305E+01 -1.9381E-02  8.7091E-01  5.1561E-01  2.1609E+00  5.1436E-01
  1.0499E+01  3.1341E+01 -1.9509E-02  8.7648E-01  5.1562E-01  2.1616E+00  5.1438E-01
  1.0510E+01  3.1377E+01 -1.9634E-02  8.8200E-01  5.1562E-01  2.1623E+00  5.1440E-01
  1.0521E+01  3.1413E+01 -1.9760E-02  8.8752E-01  5.1563E-01  2.1631E+00  5.1441E-01
  1.0531E+01  3.1448E+01 -1.9886E-02  8.9304E-01  5.1563E-01  2.1638E+00  5.1443E-01
  1.0542E+01  3.1484E+01 -2.0013E-02  8.9861E-01  5.1563E-01  2.1645E+00  5.1445E-01
  1.0553E+01  3.1520E+01 -2.0139E-02  9.0413E-01  5.1564E-01  2.1653E+00  5.1447E-01
  1.0564E+01  3.1556E+01 -2.0265E-02  9.0965E-01  5.1564E-01  2.1660E+00  5.1449E-01
  1.0574E+01  3.1591E+01 -2.0391E-02  9.1517E-01  5.1565E-01  2.1667E+00  5.1450E-01
  1.0585E+01  3.1627E+01 -2.0518E-02  9.2074E-01  5.1565E-01  2.1674E+00  5.1452E-01
  1.0596E+01  3.1663E+01 -2.0644E-02  9.2626E-01  5.1566E-01  2.1682E+00  5.1454E-01
  1.0607E+01  3.1699E+01 -2.0770E-02  9.3178E-01  5.1566E-01  2.1689E+00  5.1456E-01
  1.0617E+01  3.1735E+01 -2.0896E-02  9.3730E-01  5.1567E-01  2.1696E+00  5.1457E-01
  1.0628E+01  3.1771E+01 -2.1023E-02  9.4288E-01  5.1567E-01  2.1704E+00  5.1459E-01
  1.0639E+01  3.1806E+01 -2.1149E-02  9.4840E-01  5.1567E-01  2.1711E+00  5.1461E-01
  1.0649E+01  3.1842E+01 -2.1275E-02  9.5392E-01  5.1568E-01  2.1718E+00  5.1462E-01
  1.0660E+01  3.1878E+01 -2.1401E-02  9.5944E-01  5.1568E-01  2.1725E+00  5.1464E-01
  1.0671E+01  3.1914E+01 -2.1528E-02  9.6501E-01  5.1569E-01  2.1733E+00  5.1465E-01
  1.0682E+01  3.1949E+01 -2.1654E-02  9.7054E-01  5.1569E-01  2.1740E+00  5.1467E-01
  1.0692E+01  3.1985E+01 -2.1780E-02  9.7606E-01  5.1570E-01  2.1747E+00  5.1469E-01
  1.0703E+01  3.2021E+01 -2.1906E-02  9.8158E-01  5.1570E-01  2.1755E+00  5.1470E-01
  1.0714E+01  3.2057E+01 -2.2033E-02  9.8715E-01  5.1571E-01  2.1762E+00  5.1472E-01
  1.0725E+01  3.2093E+01 -2.2159E-02  9.9268E-01  5.1571E-01  2.1769E+00  5.1473E-01
  1.0746E+01  3.2164E+01 -2.2412E-02  1.0038E+00  5.1572E-01  2.1784E+00  5.1476E-01
