 -5.1660E-01 -5.7580E+00  3.4750E+01  1.5272E+00  1.7312E+02  1.0170E+02 -1.5980E+02
 -5.0622E-01 -5.7090E+00  3.4750E+01  1.4885E+00  1.7313E+02  9.7663E+01 -1.6022E+02
 -4.9544E-01 -5.6581E+00  3.4750E+01  1.4484E+00  1.7315E+02  9.3472E+01 -1.6067E+02
 -4.8476E-01 -5.6077E+00  3.4750E+01  1.4088E+00  1.7316E+02  8.9328E+01 -1.6113E+02
 -4.7398E-01 -5.5568E+00  3.4750E+01  1.3688E+00  1.7317E+02  8.5146E+01 -1.6161E+02
 -4.6331E-01 -5.5064E+00  3.4750E+01  1.3293E+00  1.7318E+02  8.1011E+01 -1.6210E+02
 -4.5253E-01 -5.4555E+00  3.4750E+01  1.2896E+00  1.7319E+02  7.6841E+01 -1.6262E+02
 -4.4186E-01 -5.4051E+00  3.4750E+01  1.2503E+00  1.7320E+02  7.2720E+01 -1.6314E+02
 -4.3108E-01 -5.3542E+00  3.4750E+01  1.2108E+00  1.7320E+02  6.8565E+01 -1.6368E+02
 -4.2041E-01 -5.3038E+00  3.4750E+01  1.1718E+00  1.7321E+02  6.4462E+01 -1.6424E+02
 -4.0962E-01 -5.2528E+00  3.4750E+01  1.1325E+00  1.7321E+02  6.0330E+01 -1.6481E+02
 -3.9895E-01 -5.2024E+00  3.4750E+01  1.0938E+00  1.7321E+02  5.6254E+01 -1.6540E+02
 -3.8817E-01 -5.1515E+00  3.4751E+01  1.0549E+00  1.7321E+02  5.2156E+01 -1.6600E+02
 -3.7750E-01 -5.1011E+00  3.4751E+01  1.0166E+00  1.7321E+02  4.8125E+01 -1.6662E+02
 -3.6672E-01 -5.0502E+00  3.4751E+01  9.7888E-01  1.7321E+02  4.4132E+01 -1.6724E+02
 -3.5599E-01 -4.9999E+00  3.4751E+01  9.4773E-01  1.7320E+02  4.0637E+01 -1.6780E+02
 -3.4535E-01 -4.9509E+00  3.4751E+01  9.2612E-01  1.7317E+02  3.7850E+01 -1.6827E+02
 -3.3458E-01 -4.9026E+00  3.4751E+01  9.0806E-01  1.7311E+02  3.5268E+01 -1.6870E+02
 -3.2387E-01 -4.8557E+00  3.4751E+01  8.9256E-01  1.7307E+02  3.2941E+01 -1.6909E+02
 -3.1309E-01 -4.8095E+00  3.4751E+01  8.7912E-01  1.7304E+02  3.0790E+01 -1.6946E+02
 -3.0239E-01 -4.7647E+00  3.4751E+01  8.6772E-01  1.7299E+02  2.8816E+01 -1.6977E+02
 -2.9167E-01 -4.7206E+00  3.4751E+01  8.5803E-01  1.7296E+02  2.7058E+01 -1.7007E+02
 -2.8091E-01 -4.6772E+00  3.4751E+01  8.4991E-01  1.7293E+02  2.5455E+01 -1.7032E+02
 -2.7018E-01 -4.6346E+00  3.4751E+01  8.4322E-01  1.7290E+02  2.4023E+01 -1.7053E+02
 -2.5945E-01 -4.5927E+00  3.4751E+01  8.3782E-01  1.7288E+02  2.2784E+01 -1.7072E+02
 -2.4873E-01 -4.5514E+00  3.4751E+01  8.3358E-01  1.7284E+02  2.1688E+01 -1.7087E+02
 -2.3804E-01 -4.5108E+00  3.4751E+01  8.3038E-01  1.7282E+02  2.0778E+01 -1.7100E+02
 -2.2727E-01 -4.4704E+00  3.4751E+01  8.2808E-01  1.7280E+02  2.0001E+01 -1.7110E+02
 -2.1655E-01 -4.4306E+00  3.4751E+01  8.2661E-01  1.7278E+02  1.9378E+01 -1.7118E+02
 -2.0586E-01 -4.3914E+00  3.4751E+01  8.2587E-01  1.7276E+02  1.8893E+01 -1.7124E+02
 -1.9509E-01 -4.3523E+00  3.4751E+01  8.2576E-01  1.7274E+02  1.8524E+01 -1.7128E+02
 -1.8439E-01 -4.3138E+00  3.4751E+01  8.2621E-01  1.7273E+02  1.8274E+01 -1.7130E+02
 -1.7364E-01 -4.2755E+00  3.4751E+01  8.2712E-01  1.7270E+02  1.8113E+01 -1.7131E+02
 -1.6295E-01 -4.2377E+00  3.4751E+01  8.2843E-01  1.7270E+02  1.8042E+01 -1.7132E+02
 -1.5219E-01 -4.2000E+00  3.4751E+01  8.3008E-01  1.7268E+02  1.8034E+01 -1.7131E+02
 -1.4154E-01 -4.1629E+00  3.4751E+01  8.3197E-01  1.7267E+02  1.8083E+01 -1.7130E+02
 -1.3082E-01 -4.1258E+00  3.4751E+01  8.3407E-01  1.7265E+02  1.8173E+01 -1.7127E+02
 -1.2005E-01 -4.0887E+00  3.4751E+01  8.3632E-01  1.7265E+02  1.8295E+01 -1.7125E+02
 -1.0928E-01 -4.0518E+00  3.4751E+01  8.3864E-01  1.7263E+02  1.8438E+01 -1.7123E+02
 -9.8600E-02 -4.0154E+00  3.4751E+01  8.4097E-01  1.7262E+02  1.8590E+01 -1.7120E+02
 -8.7873E-02 -3.9790E+00  3.4751E+01  8.4329E-01  1.7261E+02  1.8748E+01 -1.7118E+02
 -7.7107E-02 -3.9426E+00  3.4751E+01  8.4553E-01  1.7261E+02  1.8903E+01 -1.7115E+02
 -6.6374E-02 -3.9065E+00  3.4751E+01  8.4762E-01  1.7260E+02  1.9050E+01 -1.7113E+02
 -5.5647E-02 -3.8704E+00  3.4751E+01  8.4954E-01  1.7259E+02  1.9183E+01 -1.7111E+02
 -4.4999E-02 -3.8347E+00  3.4751E+01  8.5121E-01  1.7258E+02  1.9299E+01 -1.7109E+02
 -3.4194E-02 -3.7986E+00  3.4751E+01  8.5263E-01  1.7258E+02  1.9396E+01 -1.7107E+02
 -2.3510E-02 -3.7629E+00  3.4751E+01  8.5370E-01  1.7257E+02  1.9471E+01 -1.7106E+02
 -1.2816E-02 -3.7272E+00  3.4751E+01  8.5440E-01  1.7257E+02  1.9522E+01 -1.7105E+02
 -2.0146E-03 -3.6911E+00  3.4751E+01  8.5469E-01  1.7257E+02  1.9550E+01 -1.7104E+02
  8.6867E-03 -3.6554E+00  3.4751E+01  8.5473E-01  1.7256E+02  1.9559E+01 -1.7104E+02
  1.9388E-02 -3.6197E+00  3.4751E+01  8.5472E-01  1.7256E+02  1.9561E+01 -1.7104E+02
  3.0090E-02 -3.5840E+00  3.4751E+01  8.5470E-01  1.7256E+02  1.9562E+01 -1.7103E+02
  4.0892E-02 -3.5480E+00  3.4751E+01  8.5468E-01  1.7255E+02  1.9562E+01 -1.7103E+02
  5.1593E-02 -3.5123E+00  3.4751E+01  8.5467E-01  1.7255E+02  1.9562E+01 -1.7103E+02
  6.2295E-02 -3.4766E+00  3.4751E+01  8.5465E-01  1.7255E+02  1.9562E+01 -1.7102E+02
  7.2996E-02 -3.4409E+00  3.4751E+01  8.5464E-01  1.7255E+02  1.9562E+01 -1.7102E+02
  8.3798E-02 -3.4048E+00  3.4751E+01  8.5462E-01  1.7254E+02  1.9562E+01 -1.7102E+02
  9.4499E-02 -3.3691E+00  3.4751E+01  8.5461E-01  1.7254E+02  1.9562E+01 -1.7102E+02
  1.0520E-01 -3.3334E+00  3.4751E+01  8.5459E-01  1.7254E+02  1.9562E+01 -1.7101E+02
  1.1590E-01 -3.2977E+00  3.4751E+01  8.5457E-01  1.7253E+02  1.9563E+01 -1.7101E+02
  1.2670E-01 -3.2617E+00  3.4751E+01  8.5456E-01  1.7253E+02  1.9563E+01 -1.7101E+02
  1.3741E-01 -3.2260E+00  3.4751E+01  8.5454E-01  1.7253E+02  1.9563E+01 -1.7100E+02
  1.4811E-01 -3.1903E+00  3.4751E+01  8.5453E-01  1.7253E+02  1.9563E+01 -1.7100E+02
  1.5881E-01 -3.1546E+00  3.4751E+01  8.5451E-01  1.7252E+02  1.9563E+01 -1.7100E+02
  1.6961E-01 -3.1186E+00  3.4751E+01  8.5450E-01  1.7252E+02  1.9563E+01 -1.7100E+02
  1.8031E-01 -3.0829E+00  3.4751E+01  8.5448E-01  1.7252E+02  1.9563E+01 -1.7099E+02
  1.9101E-01 -3.0472E+00  3.4751E+01  8.5447E-01  1.7252E+02  1.9563E+01 -1.7099E+02
  2.0171E-01 -3.0115E+00  3.4751E+01  8.5445E-01  1.7251E+02  1.9563E+01 -1.7099E+02
  2.1252E-01 -2.9754E+00  3.4751E+01  8.5443E-01  1.7251E+02  1.9563E+01 -1.7099E+02
  2.2322E-01 -2.9397E+00  3.4751E+01  8.5442E-01  1.7251E+02  1.9564E+01 -1.7098E+02
  2.3392E-01 -2.9040E+00  3.4751E+01  8.5440E-01  1.7251E+02  1.9564E+01 -1.7098E+02
  2.4462E-01 -2.8683E+00  3.4751E+01  8.5439E-01  1.7250E+02  1.9564E+01 -1.7098E+02
  2.5542E-01 -2.8323E+00  3.4751E+01  8.5437E-01  1.7250E+02  1.9564E+01 -1.7097E+02
  2.6612E-01 -2.7966E+00  3.4751E+01  8.5436E-01  1.7250E+02  1.9564E+01 -1.7097E+02
  2.7683E-01 -2.7609E+00  3.4751E+01  8.5434E-01  1.7250E+02  1.9564E+01 -1.7097E+02
  2.8753E-01 -2.7252E+00  3.4751E+01  8.5432E-01  1.7249E+02  1.9564E+01 -1.7097E+02
  2.9833E-01 -2.6892E+00  3.4751E+01  8.5431E-01  1.7249E+02  1.9564E+01 -1.7096E+02
  3.0903E-01 -2.6535E+00  3.4751E+01  8.5429E-01  1.7249E+02  1.9564E+01 -1.7096E+02
  3.1973E-01 -2.6178E+00  3.4751E+01  8.5428E-01  1.7249E+02  1.9564E+01 -1.7096E+02
  3.3043E-01 -2.5821E+00  3.4751E+01  8.5426E-01  1.7248E+02  1.9564E+01 -1.7096E+02
  3.3295E-01 -2.5737E+00  3.4751E+01  8.5426E-01  1.7248E+02  1.9565E+01 -1.7096E+02
  3.4124E-01 -2.5460E+00  3.4751E+01  8.5425E-01  1.7248E+02  1.9565E+01 -1.7095E+02
  3.5194E-01 -2.5103E+00  3.4751E+01  8.5423E-01  1.7248E+02  1.9565E+01 -1.7095E+02
  3.6264E-01 -2.4746E+00  3.4751E+01  8.5421E-01  1.7248E+02  1.9565E+01 -1.7095E+02
  3.7334E-01 -2.4389E+00  3.4751E+01  8.5420E-01  1.7247E+02  1.9565E+01 -1.7095E+02
  3.8414E-01 -2.4029E+00  3.4751E+01  8.5418E-01  1.7247E+02  1.9565E+01 -1.7094E+02
  3.9484E-01 -2.3672E+00  3.4751E+01  8.5417E-01  1.7247E+02  1.9565E+01 -1.7094E+02
  4.0554E-01 -2.3315E+00  3.4751E+01  8.5415E-01  1.7247E+02  1.9565E+01 -1.7094E+02
  4.1625E-01 -2.2958E+00  3.4751E+01  8.5414E-01  1.7246E+02  1.9565E+01 -1.7094E+02
  4.2705E-01 -2.2598E+00  3.4751E+01  8.5412E-01  1.7246E+02  1.9565E+01 -1.7093E+02
  4.3775E-01 -2.2241E+00  3.4751E+01  8.5411E-01  1.7246E+02  1.9565E+01 -1.7093E+02
  4.4845E-01 -2.1884E+00  3.4751E+01  8.5409E-01  1.7246E+02  1.9566E+01 -1.7093E+02
  4.5915E-01 -2.1527E+00  3.4751E+01  8.5407E-01  1.7246E+02  1.9566E+01 -1.7093E+02
  4.6995E-01 -2.1166E+00  3.4751E+01  8.5406E-01  1.7245E+02  1.9566E+01 -1.7093E+02
  4.8066E-01 -2.0809E+00  3.4751E+01  8.5404E-01  1.7245E+02  1.9566E+01 -1.7092E+02
  4.9136E-01 -2.0452E+00  3.4751E+01  8.5403E-01  1.7245E+02  1.9566E+01 -1.7092E+02
  5.0206E-01 -2.0095E+00  3.4751E+01  8.5401E-01  1.7245E+02  1.9566E+01 -1.7092E+02
  5.1286E-01 -1.9735E+00  3.4751E+01  8.5400E-01  1.7244E+02  1.9566E+01 -1.7092E+02
  5.2356E-01 -1.9378E+00  3.4751E+01  8.5398E-01  1.7244E+02  1.9566E+01 -1.7091E+02
  5.3426E-01 -1.9021E+00  3.4751E+01  8.5396E-01  1.7244E+02  1.9566E+01 -1.7091E+02
  5.4497E-01 -1.8664E+00  3.4751E+01  8.5395E-01  1.7244E+02  1.9567E+01 -1.7091E+02
  5.5577E-01 -1.8304E+00  3.4751E+01  8.5393E-01  1.7244E+02  1.9567E+01 -1.7091E+02
  5.6647E-01 -1.7947E+00  3.4751E+01  8.5392E-01  1.7243E+02  1.9567E+01 -1.7090E+02
  5.7717E-01 -1.7590E+00  3.4751E+01  8.5390E-01  1.7243E+02  1.9567E+01 -1.7090E+02
  5.8787E-01 -1.7233E+00  3.4751E+01  8.5389E-01  1.7243E+02  1.9567E+01 -1.7090E+02
  5.9867E-01 -1.6872E+00  3.4751E+01  8.5387E-01  1.7243E+02  1.9567E+01 -1.7090E+02
  6.0937E-01 -1.6515E+00  3.4751E+01  8.5386E-01  1.7242E+02  1.9567E+01 -1.7089E+02
  6.2008E-01 -1.6158E+00  3.4751E+01  8.5384E-01  1.7242E+02  1.9567E+01 -1.7089E+02
  6.3078E-01 -1.5801E+00  3.4751E+01  8.5382E-01  1.7242E+02  1.9567E+01 -1.7089E+02
  6.4158E-01 -1.5441E+00  3.4751E+01  8.5381E-01  1.7242E+02  1.9567E+01 -1.7089E+02
  6.5228E-01 -1.5084E+00  3.4751E+01  8.5379E-01  1.7242E+02  1.9568E+01 -1.7089E+02
  6.6298E-01 -1.4727E+00  3.4751E+01  8.5378E-01  1.7241E+02  1.9568E+01 -1.7088E+02
  6.7368E-01 -1.4370E+00  3.4751E+01  8.5376E-01  1.7241E+02  1.9568E+01 -1.7088E+02
  6.8449E-01 -1.4010E+00  3.4751E+01  8.5375E-01  1.7241E+02  1.9568E+01 -1.7088E+02
  6.9519E-01 -1.3653E+00  3.4751E+01  8.5374E-01  1.7241E+02  1.9568E+01 -1.7088E+02
  7.0589E-01 -1.3296E+00  3.4751E+01  8.5372E-01  1.7241E+02  1.9568E+01 -1.7088E+02
  7.1659E-01 -1.2939E+00  3.4751E+01  8.5371E-01  1.7240E+02  1.9569E+01 -1.7087E+02
  7.2739E-01 -1.2578E+00  3.4751E+01  8.5370E-01  1.7240E+02  1.9569E+01 -1.7087E+02
  7.3809E-01 -1.2221E+00  3.4751E+01  8.5368E-01  1.7240E+02  1.9570E+01 -1.7087E+02
  7.4880E-01 -1.1864E+00  3.4751E+01  8.5366E-01  1.7240E+02  1.9571E+01 -1.7087E+02
  7.5950E-01 -1.1507E+00  3.4751E+01  8.5365E-01  1.7240E+02  1.9571E+01 -1.7086E+02
  7.7030E-01 -1.1147E+00  3.4751E+01  8.5362E-01  1.7239E+02  1.9572E+01 -1.7086E+02
  7.8100E-01 -1.0790E+00  3.4751E+01  8.5360E-01  1.7239E+02  1.9573E+01 -1.7086E+02
  7.9170E-01 -1.0433E+00  3.4751E+01  8.5358E-01  1.7239E+02  1.9575E+01 -1.7086E+02
  8.0240E-01 -1.0076E+00  3.4751E+01  8.5356E-01  1.7239E+02  1.9576E+01 -1.7086E+02
  8.1320E-01 -9.7154E-01  3.4751E+01  8.5354E-01  1.7239E+02  1.9577E+01 -1.7085E+02
  8.2391E-01 -9.3584E-01  3.4751E+01  8.5352E-01  1.7239E+02  1.9578E+01 -1.7085E+02
  8.3461E-01 -9.0014E-01  3.4751E+01  8.5350E-01  1.7238E+02  1.9579E+01 -1.7085E+02
  8.4531E-01 -8.6444E-01  3.4751E+01  8.5348E-01  1.7238E+02  1.9580E+01 -1.7085E+02
  8.5611E-01 -8.2841E-01  3.4751E+01  8.5346E-01  1.7238E+02  1.9581E+01 -1.7085E+02
  8.6681E-01 -7.9271E-01  3.4751E+01  8.5344E-01  1.7238E+02  1.9582E+01 -1.7084E+02
  8.7751E-01 -7.5701E-01  3.4751E+01  8.5342E-01  1.7238E+02  1.9583E+01 -1.7084E+02
  8.8822E-01 -7.2131E-01  3.4751E+01  8.5340E-01  1.7237E+02  1.9584E+01 -1.7084E+02
  8.9902E-01 -6.8527E-01  3.4751E+01  8.5338E-01  1.7237E+02  1.9585E+01 -1.7084E+02
  9.0972E-01 -6.4957E-01  3.4751E+01  8.5336E-01  1.7237E+02  1.9586E+01 -1.7084E+02
  9.2042E-01 -6.1387E-01  3.4751E+01  8.5334E-01  1.7237E+02  1.9588E+01 -1.7083E+02
  9.3112E-01 -5.7817E-01  3.4751E+01  8.5332E-01  1.7237E+02  1.9589E+01 -1.7083E+02
  9.4192E-01 -5.4214E-01  3.4751E+01  8.5330E-01  1.7237E+02  1.9590E+01 -1.7083E+02
  9.5263E-01 -5.0644E-01  3.4751E+01  8.5329E-01  1.7236E+02  1.9590E+01 -1.7083E+02
  9.6333E-01 -4.7074E-01  3.4751E+01  8.5327E-01  1.7236E+02  1.9591E+01 -1.7083E+02
  9.7403E-01 -4.3504E-01  3.4751E+01  8.5326E-01  1.7236E+02  1.9591E+01 -1.7082E+02
  9.8483E-01 -3.9900E-01  3.4751E+01  8.5325E-01  1.7236E+02  1.9592E+01 -1.7082E+02
  9.9553E-01 -3.6330E-01  3.4751E+01  8.5324E-01  1.7236E+02  1.9592E+01 -1.7082E+02
  1.0062E+00 -3.2760E-01  3.4751E+01  8.5322E-01  1.7235E+02  1.9592E+01 -1.7082E+02
  1.0169E+00 -2.9190E-01  3.4751E+01  8.5321E-01  1.7235E+02  1.9592E+01 -1.7082E+02
  1.0277E+00 -2.5587E-01  3.4751E+01  8.5320E-01  1.7235E+02  1.9592E+01 -1.7081E+02
  1.0384E+00 -2.2017E-01  3.4751E+01  8.5319E-01  1.7235E+02  1.9592E+01 -1.7081E+02
  1.0491E+00 -1.8447E-01  3.4751E+01  8.5317E-01  1.7235E+02  1.9592E+01 -1.7081E+02
  1.0598E+00 -1.4877E-01  3.4751E+01  8.5316E-01  1.7234E+02  1.9592E+01 -1.7081E+02
  1.0706E+00 -1.1273E-01  3.4751E+01  8.5315E-01  1.7234E+02  1.9592E+01 -1.7081E+02
  1.0813E+00 -7.7031E-02  3.4751E+01  8.5313E-01  1.7234E+02  1.9592E+01 -1.7080E+02
  1.0920E+00 -4.1331E-02  3.4751E+01  8.5312E-01  1.7234E+02  1.9592E+01 -1.7080E+02
  1.1027E+00 -5.6313E-03  3.4751E+01  8.5311E-01  1.7234E+02  1.9592E+01 -1.7080E+02
  1.1135E+00  3.0404E-02  3.4751E+01  8.5309E-01  1.7234E+02  1.9592E+01 -1.7080E+02
  1.1243E+00  6.6104E-02  3.4751E+01  8.5308E-01  1.7233E+02  1.9592E+01 -1.7080E+02
  1.1350E+00  1.0180E-01  3.4751E+01  8.5307E-01  1.7233E+02  1.9592E+01 -1.7079E+02
  1.1457E+00  1.3750E-01  3.4751E+01  8.5305E-01  1.7233E+02  1.9592E+01 -1.7079E+02
  1.1565E+00  1.7354E-01  3.4751E+01  8.5304E-01  1.7233E+02  1.9592E+01 -1.7079E+02
  1.1672E+00  2.0924E-01  3.4751E+01  8.5303E-01  1.7233E+02  1.9592E+01 -1.7079E+02
  1.1779E+00  2.4494E-01  3.4751E+01  8.5301E-01  1.7232E+02  1.9592E+01 -1.7079E+02
  1.1886E+00  2.8064E-01  3.4751E+01  8.5300E-01  1.7232E+02  1.9592E+01 -1.7078E+02
  1.1994E+00  3.1667E-01  3.4751E+01  8.5299E-01  1.7232E+02  1.9592E+01 -1.7078E+02
  1.2101E+00  3.5237E-01  3.4751E+01  8.5297E-01  1.7232E+02  1.9592E+01 -1.7078E+02
  1.2208E+00  3.8807E-01  3.4751E+01  8.5296E-01  1.7232E+02  1.9592E+01 -1.7078E+02
  1.2315E+00  4.2377E-01  3.4751E+01  8.5295E-01  1.7231E+02  1.9592E+01 -1.7078E+02
  1.2423E+00  4.5981E-01  3.4751E+01  8.5293E-01  1.7231E+02  1.9592E+01 -1.7077E+02
  1.2530E+00  4.9551E-01  3.4751E+01  8.5292E-01  1.7231E+02  1.9592E+01 -1.7077E+02
  1.2637E+00  5.3121E-01  3.4751E+01  8.5291E-01  1.7231E+02  1.9592E+01 -1.7077E+02
  1.2744E+00  5.6691E-01  3.4751E+01  8.5289E-01  1.7231E+02  1.9592E+01 -1.7077E+02
  1.2852E+00  6.0294E-01  3.4751E+01  8.5288E-01  1.7231E+02  1.9592E+01 -1.7077E+02
  1.2959E+00  6.3864E-01  3.4751E+01  8.5287E-01  1.7230E+02  1.9592E+01 -1.7077E+02
  1.3066E+00  6.7434E-01  3.4751E+01  8.5285E-01  1.7230E+02  1.9592E+01 -1.7076E+02
  1.3173E+00  7.1004E-01  3.4751E+01  8.5284E-01  1.7230E+02  1.9592E+01 -1.7076E+02
  1.3281E+00  7.4608E-01  3.4751E+01  8.5283E-01  1.7230E+02  1.9592E+01 -1.7076E+02
  1.3388E+00  7.8178E-01  3.4751E+01  8.5281E-01  1.7230E+02  1.9592E+01 -1.7076E+02
  1.3495E+00  8.1748E-01  3.4751E+01  8.5280E-01  1.7229E+02  1.9592E+01 -1.7076E+02
  1.3602E+00  8.5318E-01  3.4751E+01  8.5279E-01  1.7229E+02  1.9592E+01 -1.7075E+02
  1.3710E+00  8.8921E-01  3.4751E+01  8.5277E-01  1.7229E+02  1.9592E+01 -1.7075E+02
  1.3817E+00  9.2491E-01  3.4751E+01  8.5276E-01  1.7229E+02  1.9592E+01 -1.7075E+02
  1.3924E+00  9.6061E-01  3.4751E+01  8.5275E-01  1.7229E+02  1.9592E+01 -1.7075E+02
  1.4031E+00  9.9631E-01  3.4751E+01  8.5273E-01  1.7228E+02  1.9592E+01 -1.7075E+02
  1.4139E+00  1.0323E+00  3.4751E+01  8.5272E-01  1.7228E+02  1.9592E+01 -1.7074E+02
  1.4246E+00  1.0680E+00  3.4751E+01  8.5271E-01  1.7228E+02  1.9592E+01 -1.7074E+02
  1.4353E+00  1.1037E+00  3.4751E+01  8.5269E-01  1.7228E+02  1.9592E+01 -1.7074E+02
  1.4460E+00  1.1394E+00  3.4751E+01  8.5268E-01  1.7228E+02  1.9592E+01 -1.7074E+02
  1.4568E+00  1.1755E+00  3.4751E+01  8.5267E-01  1.7228E+02  1.9592E+01 -1.7074E+02
  1.4675E+00  1.2112E+00  3.4751E+01  8.5265E-01  1.7227E+02  1.9592E+01 -1.7073E+02
  1.4782E+00  1.2469E+00  3.4751E+01  8.5264E-01  1.7227E+02  1.9592E+01 -1.7073E+02
  1.4889E+00  1.2826E+00  3.4751E+01  8.5263E-01  1.7227E+02  1.9593E+01 -1.7073E+02
  1.4997E+00  1.3186E+00  3.4751E+01  8.5261E-01  1.7227E+02  1.9593E+01 -1.7073E+02
  1.5104E+00  1.3543E+00  3.4751E+01  8.5260E-01  1.7227E+02  1.9593E+01 -1.7073E+02
  1.5211E+00  1.3900E+00  3.4751E+01  8.5259E-01  1.7226E+02  1.9593E+01 -1.7072E+02
  1.5318E+00  1.4257E+00  3.4751E+01  8.5257E-01  1.7226E+02  1.9593E+01 -1.7072E+02
  1.5426E+00  1.4618E+00  3.4751E+01  8.5256E-01  1.7226E+02  1.9593E+01 -1.7072E+02
  1.5533E+00  1.4975E+00  3.4751E+01  8.5255E-01  1.7226E+02  1.9593E+01 -1.7072E+02
  1.5640E+00  1.5332E+00  3.4751E+01  8.5253E-01  1.7226E+02  1.9593E+01 -1.7072E+02
  1.5747E+00  1.5689E+00  3.4751E+01  8.5252E-01  1.7226E+02  1.9593E+01 -1.7072E+02
  1.5855E+00  1.6049E+00  3.4751E+01  8.5251E-01  1.7225E+02  1.9593E+01 -1.7071E+02
  1.5962E+00  1.6406E+00  3.4751E+01  8.5249E-01  1.7225E+02  1.9593E+01 -1.7071E+02
  1.6069E+00  1.6763E+00  3.4751E+01  8.5248E-01  1.7225E+02  1.9593E+01 -1.7071E+02
  1.6176E+00  1.7120E+00  3.4751E+01  8.5247E-01  1.7225E+02  1.9593E+01 -1.7071E+02
  1.6284E+00  1.7480E+00  3.4751E+01  8.5245E-01  1.7225E+02  1.9593E+01 -1.7071E+02
  1.6391E+00  1.7837E+00  3.4751E+01  8.5244E-01  1.7224E+02  1.9593E+01 -1.7070E+02
  1.6498E+00  1.8194E+00  3.4751E+01  8.5243E-01  1.7224E+02  1.9593E+01 -1.7070E+02
  1.6605E+00  1.8551E+00  3.4751E+01  8.5241E-01  1.7224E+02  1.9593E+01 -1.7070E+02
  1.6713E+00  1.8912E+00  3.4751E+01  8.5240E-01  1.7224E+02  1.9593E+01 -1.7070E+02
  1.6820E+00  1.9269E+00  3.4751E+01  8.5239E-01  1.7224E+02  1.9593E+01 -1.7070E+02
  1.6927E+00  1.9626E+00  3.4751E+01  8.5237E-01  1.7224E+02  1.9593E+01 -1.7069E+02
  1.7034E+00  1.9983E+00  3.4751E+01  8.5236E-01  1.7223E+02  1.9593E+01 -1.7069E+02
  1.7142E+00  2.0343E+00  3.4751E+01  8.5235E-01  1.7223E+02  1.9593E+01 -1.7069E+02
  1.7249E+00  2.0700E+00  3.4751E+01  8.5233E-01  1.7223E+02  1.9593E+01 -1.7069E+02
  1.7356E+00  2.1057E+00  3.4751E+01  8.5232E-01  1.7223E+02  1.9593E+01 -1.7069E+02
  1.7463E+00  2.1414E+00  3.4751E+01  8.5231E-01  1.7223E+02  1.9593E+01 -1.7068E+02
  1.7571E+00  2.1774E+00  3.4751E+01  8.5229E-01  1.7222E+02  1.9593E+01 -1.7068E+02
  1.7678E+00  2.2131E+00  3.4751E+01  8.5228E-01  1.7222E+02  1.9593E+01 -1.7068E+02
  1.7785E+00  2.2488E+00  3.4751E+01  8.5227E-01  1.7222E+02  1.9593E+01 -1.7068E+02
  1.7892E+00  2.2845E+00  3.4751E+01  8.5225E-01  1.7222E+02  1.9593E+01 -1.7068E+02
  1.8000E+00  2.3206E+00  3.4751E+01  8.5224E-01  1.7222E+02  1.9593E+01 -1.7068E+02
  1.8108E+00  2.3563E+00  3.4751E+01  8.5223E-01  1.7222E+02  1.9593E+01 -1.7067E+02
  1.8215E+00  2.3920E+00  3.4751E+01  8.5221E-01  1.7221E+02  1.9593E+01 -1.7067E+02
  1.8322E+00  2.4277E+00  3.4751E+01  8.5220E-01  1.7221E+02  1.9593E+01 -1.7067E+02
  1.8430E+00  2.4637E+00  3.4751E+01  8.5219E-01  1.7221E+02  1.9593E+01 -1.7067E+02
  1.8537E+00  2.4994E+00  3.4751E+01  8.5217E-01  1.7221E+02  1.9593E+01 -1.7067E+02
  1.8644E+00  2.5351E+00  3.4751E+01  8.5216E-01  1.7221E+02  1.9593E+01 -1.7066E+02
  1.8751E+00  2.5708E+00  3.4751E+01  8.5215E-01  1.7220E+02  1.9593E+01 -1.7066E+02
  1.8859E+00  2.6068E+00  3.4751E+01  8.5213E-01  1.7220E+02  1.9593E+01 -1.7066E+02
  1.8966E+00  2.6425E+00  3.4751E+01  8.5212E-01  1.7220E+02  1.9593E+01 -1.7066E+02
  1.9073E+00  2.6782E+00  3.4751E+01  8.5211E-01  1.7220E+02  1.9593E+01 -1.7066E+02
  1.9180E+00  2.7139E+00  3.4751E+01  8.5209E-01  1.7220E+02  1.9593E+01 -1.7066E+02
  1.9288E+00  2.7500E+00  3.4751E+01  8.5208E-01  1.7220E+02  1.9593E+01 -1.7065E+02
  1.9395E+00  2.7857E+00  3.4751E+01  8.5207E-01  1.7219E+02  1.9593E+01 -1.7065E+02
  1.9502E+00  2.8214E+00  3.4751E+01  8.5205E-01  1.7219E+02  1.9593E+01 -1.7065E+02
  1.9609E+00  2.8571E+00  3.4751E+01  8.5204E-01  1.7219E+02  1.9593E+01 -1.7065E+02
  1.9717E+00  2.8931E+00  3.4751E+01  8.5203E-01  1.7219E+02  1.9593E+01 -1.7065E+02
  1.9824E+00  2.9288E+00  3.4751E+01  8.5201E-01  1.7219E+02  1.9593E+01 -1.7064E+02
  1.9931E+00  2.9645E+00  3.4751E+01  8.5200E-01  1.7218E+02  1.9593E+01 -1.7064E+02
  2.0038E+00  3.0002E+00  3.4751E+01  8.5199E-01  1.7218E+02  1.9593E+01 -1.7064E+02
  2.0146E+00  3.0362E+00  3.4751E+01  8.5197E-01  1.7218E+02  1.9593E+01 -1.7064E+02
  2.0253E+00  3.0719E+00  3.4751E+01  8.5196E-01  1.7218E+02  1.9593E+01 -1.7064E+02
  2.0360E+00  3.1076E+00  3.4751E+01  8.5195E-01  1.7218E+02  1.9593E+01 -1.7063E+02
  2.0410E+00  3.1244E+00  3.4751E+01  8.5194E-01  1.7218E+02  1.9593E+01 -1.7063E+02
  2.0467E+00  3.1433E+00  3.4751E+01  8.5193E-01  1.7218E+02  1.9593E+01 -1.7063E+02
  2.0575E+00  3.1794E+00  3.4751E+01  8.5192E-01  1.7217E+02  1.9593E+01 -1.7063E+02
  2.0682E+00  3.2151E+00  3.4751E+01  8.5191E-01  1.7217E+02  1.9593E+01 -1.7063E+02
  2.0789E+00  3.2508E+00  3.4751E+01  8.5189E-01  1.7217E+02  1.9593E+01 -1.7063E+02
  2.0896E+00  3.2865E+00  3.4751E+01  8.5188E-01  1.7217E+02  1.9593E+01 -1.7063E+02
  2.1004E+00  3.3225E+00  3.4751E+01  8.5187E-01  1.7217E+02  1.9593E+01 -1.7062E+02
  2.1111E+00  3.3582E+00  3.4751E+01  8.5185E-01  1.7216E+02  1.9593E+01 -1.7062E+02
  2.1218E+00  3.3939E+00  3.4751E+01  8.5184E-01  1.7216E+02  1.9593E+01 -1.7062E+02
  2.1325E+00  3.4296E+00  3.4751E+01  8.5183E-01  1.7216E+02  1.9593E+01 -1.7062E+02
  2.1433E+00  3.4656E+00  3.4751E+01  8.5181E-01  1.7216E+02  1.9593E+01 -1.7062E+02
  2.1540E+00  3.5013E+00  3.4751E+01  8.5180E-01  1.7216E+02  1.9594E+01 -1.7061E+02
  2.1647E+00  3.5370E+00  3.4751E+01  8.5179E-01  1.7216E+02  1.9594E+01 -1.7061E+02
  2.1754E+00  3.5727E+00  3.4751E+01  8.5177E-01  1.7215E+02  1.9594E+01 -1.7061E+02
  2.1862E+00  3.6088E+00  3.4751E+01  8.5176E-01  1.7215E+02  1.9594E+01 -1.7061E+02
  2.1969E+00  3.6445E+00  3.4751E+01  8.5175E-01  1.7215E+02  1.9594E+01 -1.7061E+02
  2.2076E+00  3.6802E+00  3.4751E+01  8.5173E-01  1.7215E+02  1.9594E+01 -1.7061E+02
  2.2183E+00  3.7159E+00  3.4751E+01  8.5172E-01  1.7215E+02  1.9594E+01 -1.7060E+02
  2.2291E+00  3.7519E+00  3.4751E+01  8.5171E-01  1.7215E+02  1.9594E+01 -1.7060E+02
  2.2398E+00  3.7876E+00  3.4751E+01  8.5169E-01  1.7214E+02  1.9594E+01 -1.7060E+02
  2.2505E+00  3.8233E+00  3.4751E+01  8.5168E-01  1.7214E+02  1.9594E+01 -1.7060E+02
  2.2612E+00  3.8590E+00  3.4751E+01  8.5167E-01  1.7214E+02  1.9594E+01 -1.7060E+02
  2.2720E+00  3.8951E+00  3.4751E+01  8.5165E-01  1.7214E+02  1.9594E+01 -1.7059E+02
  2.2827E+00  3.9308E+00  3.4751E+01  8.5164E-01  1.7214E+02  1.9594E+01 -1.7059E+02
  2.2934E+00  3.9665E+00  3.4751E+01  8.5163E-01  1.7213E+02  1.9594E+01 -1.7059E+02
  2.3041E+00  4.0022E+00  3.4751E+01  8.5161E-01  1.7213E+02  1.9594E+01 -1.7059E+02
  2.3149E+00  4.0382E+00  3.4751E+01  8.5160E-01  1.7213E+02  1.9594E+01 -1.7059E+02
  2.3256E+00  4.0739E+00  3.4751E+01  8.5159E-01  1.7213E+02  1.9594E+01 -1.7058E+02
  2.3363E+00  4.1096E+00  3.4751E+01  8.5157E-01  1.7213E+02  1.9594E+01 -1.7058E+02
  2.3470E+00  4.1453E+00  3.4751E+01  8.5156E-01  1.7213E+02  1.9594E+01 -1.7058E+02
  2.3578E+00  4.1813E+00  3.4751E+01  8.5155E-01  1.7212E+02  1.9594E+01 -1.7058E+02
  2.3685E+00  4.2170E+00  3.4751E+01  8.5153E-01  1.7212E+02  1.9594E+01 -1.7058E+02
  2.3792E+00  4.2527E+00  3.4751E+01  8.5152E-01  1.7212E+02  1.9594E+01 -1.7058E+02
  2.3899E+00  4.2884E+00  3.4751E+01  8.5151E-01  1.7212E+02  1.9594E+01 -1.7057E+02
  2.3910E+00  4.2919E+00  3.4751E+01  8.5151E-01  1.7212E+02  1.9594E+01 -1.7057E+02
  2.4007E+00  4.3245E+00  3.4751E+01  8.5149E-01  1.7212E+02  1.9594E+01 -1.7057E+02
  2.4114E+00  4.3602E+00  3.4751E+01  8.5148E-01  1.7212E+02  1.9594E+01 -1.7057E+02
  2.4221E+00  4.3959E+00  3.4751E+01  8.5147E-01  1.7211E+02  1.9594E+01 -1.7057E+02
  2.4328E+00  4.4316E+00  3.4751E+01  8.5145E-01  1.7211E+02  1.9594E+01 -1.7057E+02
  2.4436E+00  4.4676E+00  3.4751E+01  8.5144E-01  1.7211E+02  1.9594E+01 -1.7056E+02
  2.4543E+00  4.5033E+00  3.4751E+01  8.5143E-01  1.7211E+02  1.9594E+01 -1.7056E+02
  2.4650E+00  4.5390E+00  3.4751E+01  8.5141E-01  1.7211E+02  1.9594E+01 -1.7056E+02
  2.4757E+00  4.5747E+00  3.4751E+01  8.5140E-01  1.7211E+02  1.9594E+01 -1.7056E+02
  2.4865E+00  4.6107E+00  3.4751E+01  8.5139E-01  1.7210E+02  1.9594E+01 -1.7056E+02
  2.4973E+00  4.6464E+00  3.4751E+01  8.5137E-01  1.7210E+02  1.9594E+01 -1.7056E+02
  2.5080E+00  4.6821E+00  3.4751E+01  8.5136E-01  1.7210E+02  1.9594E+01 -1.7055E+02
  2.5187E+00  4.7178E+00  3.4751E+01  8.5135E-01  1.7210E+02  1.9594E+01 -1.7055E+02
  2.5295E+00  4.7539E+00  3.4751E+01  8.5133E-01  1.7210E+02  1.9594E+01 -1.7055E+02
  2.5402E+00  4.7896E+00  3.4751E+01  8.5132E-01  1.7209E+02  1.9594E+01 -1.7055E+02
  2.5509E+00  4.8253E+00  3.4751E+01  8.5131E-01  1.7209E+02  1.9594E+01 -1.7055E+02
  2.5616E+00  4.8610E+00  3.4751E+01  8.5129E-01  1.7209E+02  1.9594E+01 -1.7055E+02
  2.5724E+00  4.8970E+00  3.4751E+01  8.5128E-01  1.7209E+02  1.9594E+01 -1.7054E+02
  2.5831E+00  4.9327E+00  3.4751E+01  8.5127E-01  1.7209E+02  1.9594E+01 -1.7054E+02
  2.5938E+00  4.9684E+00  3.4751E+01  8.5125E-01  1.7209E+02  1.9594E+01 -1.7054E+02
  2.6045E+00  5.0041E+00  3.4751E+01  8.5124E-01  1.7208E+02  1.9594E+01 -1.7054E+02
  2.6153E+00  5.0401E+00  3.4751E+01  8.5123E-01  1.7208E+02  1.9594E+01 -1.7054E+02
  2.6260E+00  5.0758E+00  3.4751E+01  8.5121E-01  1.7208E+02  1.9594E+01 -1.7053E+02
  2.6367E+00  5.1115E+00  3.4751E+01  8.5120E-01  1.7208E+02  1.9594E+01 -1.7053E+02
  2.6474E+00  5.1472E+00  3.4751E+01  8.5119E-01  1.7208E+02  1.9594E+01 -1.7053E+02
  2.6582E+00  5.1833E+00  3.4751E+01  8.5117E-01  1.7208E+02  1.9594E+01 -1.7053E+02
  2.6689E+00  5.2190E+00  3.4751E+01  8.5116E-01  1.7207E+02  1.9594E+01 -1.7053E+02
  2.6796E+00  5.2547E+00  3.4751E+01  8.5115E-01  1.7207E+02  1.9594E+01 -1.7053E+02
  2.6903E+00  5.2904E+00  3.4751E+01  8.5113E-01  1.7207E+02  1.9594E+01 -1.7052E+02
  2.7011E+00  5.3264E+00  3.4751E+01  8.5112E-01  1.7207E+02  1.9594E+01 -1.7052E+02
  2.7118E+00  5.3621E+00  3.4751E+01  8.5111E-01  1.7207E+02  1.9594E+01 -1.7052E+02
  2.7225E+00  5.3978E+00  3.4751E+01  8.5109E-01  1.7207E+02  1.9594E+01 -1.7052E+02
  2.7332E+00  5.4335E+00  3.4751E+01  8.5108E-01  1.7206E+02  1.9594E+01 -1.7052E+02
  2.7440E+00  5.4695E+00  3.4751E+01  8.5107E-01  1.7206E+02  1.9594E+01 -1.7051E+02
  2.7547E+00  5.5052E+00  3.4751E+01  8.5105E-01  1.7206E+02  1.9594E+01 -1.7051E+02
  2.7654E+00  5.5409E+00  3.4751E+01  8.5104E-01  1.7206E+02  1.9594E+01 -1.7051E+02
  2.7761E+00  5.5766E+00  3.4751E+01  8.5103E-01  1.7206E+02  1.9595E+01 -1.7051E+02
  2.7869E+00  5.6127E+00  3.4751E+01  8.5101E-01  1.7205E+02  1.9595E+01 -1.7051E+02
  2.7976E+00  5.6484E+00  3.4751E+01  8.5100E-01  1.7205E+02  1.9595E+01 -1.7051E+02
  2.8083E+00  5.6841E+00  3.4751E+01  8.5099E-01  1.7205E+02  1.9595E+01 -1.7050E+02
  2.8190E+00  5.7198E+00  3.4751E+01  8.5097E-01  1.7205E+02  1.9595E+01 -1.7050E+02
  2.8298E+00  5.7558E+00  3.4751E+01  8.5096E-01  1.7205E+02  1.9595E+01 -1.7050E+02
  2.8405E+00  5.7915E+00  3.4751E+01  8.5095E-01  1.7205E+02  1.9595E+01 -1.7050E+02
  2.8512E+00  5.8272E+00  3.4751E+01  8.5093E-01  1.7204E+02  1.9595E+01 -1.7050E+02
  2.8619E+00  5.8629E+00  3.4751E+01  8.5092E-01  1.7204E+02  1.9595E+01 -1.7049E+02
  2.8727E+00  5.8989E+00  3.4751E+01  8.5091E-01  1.7204E+02  1.9595E+01 -1.7049E+02
  2.8834E+00  5.9346E+00  3.4751E+01  8.5090E-01  1.7204E+02  1.9595E+01 -1.7049E+02
  2.8941E+00  5.9703E+00  3.4751E+01  8.5089E-01  1.7204E+02  1.9595E+01 -1.7049E+02
  2.9048E+00  6.0060E+00  3.4751E+01  8.5088E-01  1.7204E+02  1.9595E+01 -1.7049E+02
  2.9156E+00  6.0421E+00  3.4751E+01  8.5087E-01  1.7203E+02  1.9595E+01 -1.7049E+02
  2.9263E+00  6.0778E+00  3.4751E+01  8.5085E-01  1.7203E+02  1.9594E+01 -1.7048E+02
  2.9370E+00  6.1135E+00  3.4751E+01  8.5084E-01  1.7203E+02  1.9594E+01 -1.7048E+02
  2.9477E+00  6.1492E+00  3.4751E+01  8.5083E-01  1.7203E+02  1.9594E+01 -1.7048E+02
  2.9585E+00  6.1852E+00  3.4751E+01  8.5082E-01  1.7203E+02  1.9594E+01 -1.7048E+02
  2.9692E+00  6.2209E+00  3.4751E+01  8.5081E-01  1.7203E+02  1.9594E+01 -1.7048E+02
  2.9799E+00  6.2566E+00  3.4751E+01  8.5080E-01  1.7202E+02  1.9594E+01 -1.7048E+02
  2.9906E+00  6.2923E+00  3.4751E+01  8.5079E-01  1.7202E+02  1.9594E+01 -1.7047E+02
  3.0014E+00  6.3283E+00  3.4751E+01  8.5078E-01  1.7202E+02  1.9594E+01 -1.7047E+02
  3.0121E+00  6.3640E+00  3.4751E+01  8.5077E-01  1.7202E+02  1.9594E+01 -1.7047E+02
  3.0228E+00  6.3997E+00  3.4751E+01  8.5076E-01  1.7202E+02  1.9594E+01 -1.7047E+02
  3.0335E+00  6.4354E+00  3.4751E+01  8.5075E-01  1.7202E+02  1.9594E+01 -1.7047E+02
  3.0375E+00  6.4487E+00  3.4751E+01  8.5074E-01  1.7202E+02  1.9594E+01 -1.7047E+02
  3.0443E+00  6.4715E+00  3.4751E+01  8.5073E-01  1.7202E+02  1.9594E+01 -1.7047E+02
  3.0550E+00  6.5072E+00  3.4751E+01  8.5072E-01  1.7201E+02  1.9594E+01 -1.7046E+02
  3.0657E+00  6.5429E+00  3.4751E+01  8.5071E-01  1.7201E+02  1.9594E+01 -1.7046E+02
  3.0764E+00  6.5786E+00  3.4751E+01  8.5070E-01  1.7201E+02  1.9594E+01 -1.7046E+02
  3.0872E+00  6.6146E+00  3.4751E+01  8.5069E-01  1.7201E+02  1.9594E+01 -1.7046E+02
  3.0979E+00  6.6503E+00  3.4751E+01  8.5068E-01  1.7201E+02  1.9594E+01 -1.7046E+02
  3.1086E+00  6.6860E+00  3.4751E+01  8.5067E-01  1.7201E+02  1.9594E+01 -1.7046E+02
  3.1193E+00  6.7217E+00  3.4751E+01  8.5066E-01  1.7200E+02  1.9594E+01 -1.7045E+02
  3.1301E+00  6.7578E+00  3.4751E+01  8.5065E-01  1.7200E+02  1.9594E+01 -1.7045E+02
  3.1408E+00  6.7935E+00  3.4751E+01  8.5064E-01  1.7200E+02  1.9594E+01 -1.7045E+02
  3.1515E+00  6.8292E+00  3.4751E+01  8.5062E-01  1.7200E+02  1.9594E+01 -1.7045E+02
  3.1622E+00  6.8649E+00  3.4751E+01  8.5061E-01  1.7200E+02  1.9594E+01 -1.7045E+02
  3.1731E+00  6.9009E+00  3.4751E+01  8.5060E-01  1.7200E+02  1.9594E+01 -1.7045E+02
  3.1838E+00  6.9366E+00  3.4751E+01  8.5059E-01  1.7199E+02  1.9594E+01 -1.7044E+02
  3.1945E+00  6.9723E+00  3.4751E+01  8.5058E-01  1.7199E+02  1.9594E+01 -1.7044E+02
  3.2052E+00  7.0080E+00  3.4751E+01  8.5057E-01  1.7199E+02  1.9593E+01 -1.7044E+02
  3.2160E+00  7.0440E+00  3.4751E+01  8.5056E-01  1.7199E+02  1.9593E+01 -1.7044E+02
  3.2267E+00  7.0797E+00  3.4751E+01  8.5055E-01  1.7199E+02  1.9593E+01 -1.7044E+02
  3.2374E+00  7.1154E+00  3.4751E+01  8.5054E-01  1.7199E+02  1.9593E+01 -1.7044E+02
  3.2481E+00  7.1511E+00  3.4751E+01  8.5053E-01  1.7198E+02  1.9593E+01 -1.7043E+02
  3.2589E+00  7.1872E+00  3.4751E+01  8.5052E-01  1.7198E+02  1.9593E+01 -1.7043E+02
  3.2696E+00  7.2229E+00  3.4751E+01  8.5050E-01  1.7198E+02  1.9593E+01 -1.7043E+02
  3.2803E+00  7.2586E+00  3.4751E+01  8.5049E-01  1.7198E+02  1.9593E+01 -1.7043E+02
  3.2910E+00  7.2943E+00  3.4751E+01  8.5048E-01  1.7198E+02  1.9593E+01 -1.7043E+02
  3.3018E+00  7.3303E+00  3.4751E+01  8.5047E-01  1.7198E+02  1.9593E+01 -1.7043E+02
  3.3125E+00  7.3660E+00  3.4751E+01  8.5046E-01  1.7197E+02  1.9593E+01 -1.7042E+02
  3.3232E+00  7.4017E+00  3.4751E+01  8.5045E-01  1.7197E+02  1.9593E+01 -1.7042E+02
  3.3339E+00  7.4374E+00  3.4751E+01  8.5044E-01  1.7197E+02  1.9593E+01 -1.7042E+02
  3.3447E+00  7.4734E+00  3.4751E+01  8.5043E-01  1.7197E+02  1.9593E+01 -1.7042E+02
  3.3554E+00  7.5091E+00  3.4751E+01  8.5042E-01  1.7197E+02  1.9593E+01 -1.7042E+02
  3.3661E+00  7.5448E+00  3.4751E+01  8.5041E-01  1.7197E+02  1.9593E+01 -1.7042E+02
  3.3768E+00  7.5805E+00  3.4751E+01  8.5040E-01  1.7196E+02  1.9593E+01 -1.7041E+02
  3.3876E+00  7.6166E+00  3.4751E+01  8.5038E-01  1.7196E+02  1.9593E+01 -1.7041E+02
  3.3983E+00  7.6523E+00  3.4751E+01  8.5037E-01  1.7196E+02  1.9593E+01 -1.7041E+02
  3.4090E+00  7.6880E+00  3.4751E+01  8.5036E-01  1.7196E+02  1.9593E+01 -1.7041E+02
  3.4197E+00  7.7237E+00  3.4751E+01  8.5035E-01  1.7196E+02  1.9593E+01 -1.7041E+02
  3.4305E+00  7.7597E+00  3.4751E+01  8.5034E-01  1.7196E+02  1.9593E+01 -1.7041E+02
  3.4412E+00  7.7954E+00  3.4751E+01  8.5033E-01  1.7195E+02  1.9593E+01 -1.7040E+02
  3.4519E+00  7.8311E+00  3.4751E+01  8.5032E-01  1.7195E+02  1.9593E+01 -1.7040E+02
  3.4626E+00  7.8668E+00  3.4751E+01  8.5031E-01  1.7195E+02  1.9593E+01 -1.7040E+02
  3.4734E+00  7.9028E+00  3.4751E+01  8.5030E-01  1.7195E+02  1.9593E+01 -1.7040E+02
  3.4841E+00  7.9385E+00  3.4751E+01  8.5029E-01  1.7195E+02  1.9592E+01 -1.7040E+02
  3.4948E+00  7.9742E+00  3.4751E+01  8.5027E-01  1.7195E+02  1.9592E+01 -1.7040E+02
  3.5055E+00  8.0099E+00  3.4751E+01  8.5026E-01  1.7194E+02  1.9592E+01 -1.7039E+02
  3.5163E+00  8.0460E+00  3.4751E+01  8.5025E-01  1.7194E+02  1.9592E+01 -1.7039E+02
  3.5270E+00  8.0817E+00  3.4751E+01  8.5024E-01  1.7194E+02  1.9592E+01 -1.7039E+02
  3.5377E+00  8.1174E+00  3.4751E+01  8.5023E-01  1.7194E+02  1.9592E+01 -1.7039E+02
  3.5484E+00  8.1531E+00  3.4751E+01  8.5022E-01  1.7194E+02  1.9592E+01 -1.7039E+02
  3.5592E+00  8.1891E+00  3.4751E+01  8.5021E-01  1.7194E+02  1.9592E+01 -1.7039E+02
  3.5699E+00  8.2248E+00  3.4751E+01  8.5020E-01  1.7193E+02  1.9592E+01 -1.7038E+02
  3.5806E+00  8.2605E+00  3.4751E+01  8.5019E-01  1.7193E+02  1.9592E+01 -1.7038E+02
  3.5913E+00  8.2962E+00  3.4751E+01  8.5018E-01  1.7193E+02  1.9592E+01 -1.7038E+02
  3.6021E+00  8.3322E+00  3.4751E+01  8.5017E-01  1.7193E+02  1.9592E+01 -1.7038E+02
  3.6128E+00  8.3679E+00  3.4751E+01  8.5015E-01  1.7193E+02  1.9592E+01 -1.7038E+02
  3.6235E+00  8.4036E+00  3.4751E+01  8.5014E-01  1.7193E+02  1.9592E+01 -1.7038E+02
  3.6342E+00  8.4393E+00  3.4751E+01  8.5013E-01  1.7193E+02  1.9592E+01 -1.7037E+02
  3.6450E+00  8.4754E+00  3.4751E+01  8.5012E-01  1.7192E+02  1.9592E+01 -1.7037E+02
  3.6557E+00  8.5111E+00  3.4751E+01  8.5011E-01  1.7192E+02  1.9592E+01 -1.7037E+02
  3.6664E+00  8.5468E+00  3.4751E+01  8.5010E-01  1.7192E+02  1.9592E+01 -1.7037E+02
  3.6771E+00  8.5825E+00  3.4751E+01  8.5009E-01  1.7192E+02  1.9592E+01 -1.7037E+02
  3.6879E+00  8.6185E+00  3.4751E+01  8.5008E-01  1.7192E+02  1.9592E+01 -1.7037E+02
  3.6986E+00  8.6542E+00  3.4751E+01  8.5007E-01  1.7192E+02  1.9592E+01 -1.7036E+02
  3.7093E+00  8.6899E+00  3.4751E+01  8.5006E-01  1.7191E+02  1.9592E+01 -1.7036E+02
  3.7200E+00  8.7256E+00  3.4751E+01  8.5005E-01  1.7191E+02  1.9592E+01 -1.7036E+02
  3.7308E+00  8.7616E+00  3.4751E+01  8.5003E-01  1.7191E+02  1.9592E+01 -1.7036E+02
  3.7415E+00  8.7973E+00  3.4751E+01  8.5002E-01  1.7191E+02  1.9592E+01 -1.7036E+02
  3.7522E+00  8.8330E+00  3.4751E+01  8.5001E-01  1.7191E+02  1.9592E+01 -1.7036E+02
  3.7629E+00  8.8687E+00  3.4751E+01  8.5000E-01  1.7191E+02  1.9591E+01 -1.7035E+02
  3.7737E+00  8.9048E+00  3.4751E+01  8.4999E-01  1.7190E+02  1.9591E+01 -1.7035E+02
  3.7844E+00  8.9405E+00  3.4751E+01  8.4998E-01  1.7190E+02  1.9591E+01 -1.7035E+02
  3.7951E+00  8.9762E+00  3.4751E+01  8.4997E-01  1.7190E+02  1.9591E+01 -1.7035E+02
  3.8058E+00  9.0119E+00  3.4751E+01  8.4996E-01  1.7190E+02  1.9591E+01 -1.7035E+02
  3.8166E+00  9.0479E+00  3.4751E+01  8.4995E-01  1.7190E+02  1.9591E+01 -1.7034E+02
  3.8273E+00  9.0836E+00  3.4751E+01  8.4994E-01  1.7190E+02  1.9591E+01 -1.7034E+02
  3.8380E+00  9.1193E+00  3.4751E+01  8.4993E-01  1.7189E+02  1.9591E+01 -1.7034E+02
  3.8487E+00  9.1550E+00  3.4751E+01  8.4991E-01  1.7189E+02  1.9591E+01 -1.7034E+02
  3.8596E+00  9.1910E+00  3.4751E+01  8.4990E-01  1.7189E+02  1.9591E+01 -1.7034E+02
  3.8703E+00  9.2267E+00  3.4751E+01  8.4989E-01  1.7189E+02  1.9591E+01 -1.7034E+02
  3.8810E+00  9.2624E+00  3.4751E+01  8.4988E-01  1.7189E+02  1.9591E+01 -1.7033E+02
  3.8917E+00  9.2981E+00  3.4751E+01  8.4987E-01  1.7189E+02  1.9591E+01 -1.7033E+02
  3.9025E+00  9.3342E+00  3.4751E+01  8.4986E-01  1.7188E+02  1.9591E+01 -1.7033E+02
  3.9132E+00  9.3699E+00  3.4751E+01  8.4985E-01  1.7188E+02  1.9591E+01 -1.7033E+02
  3.9239E+00  9.4056E+00  3.4751E+01  8.4984E-01  1.7188E+02  1.9591E+01 -1.7033E+02
  3.9346E+00  9.4413E+00  3.4751E+01  8.4983E-01  1.7188E+02  1.9591E+01 -1.7033E+02
  3.9454E+00  9.4773E+00  3.4751E+01  8.4982E-01  1.7188E+02  1.9591E+01 -1.7032E+02
  3.9561E+00  9.5130E+00  3.4751E+01  8.4980E-01  1.7188E+02  1.9591E+01 -1.7032E+02
  3.9668E+00  9.5487E+00  3.4751E+01  8.4979E-01  1.7187E+02  1.9591E+01 -1.7032E+02
  3.9775E+00  9.5844E+00  3.4751E+01  8.4978E-01  1.7187E+02  1.9591E+01 -1.7032E+02
  3.9883E+00  9.6205E+00  3.4751E+01  8.4977E-01  1.7187E+02  1.9591E+01 -1.7032E+02
  3.9990E+00  9.6562E+00  3.4751E+01  8.4976E-01  1.7187E+02  1.9591E+01 -1.7032E+02
  4.0097E+00  9.6919E+00  3.4751E+01  8.4975E-01  1.7187E+02  1.9591E+01 -1.7031E+02
  4.0204E+00  9.7276E+00  3.4751E+01  8.4974E-01  1.7187E+02  1.9591E+01 -1.7031E+02
  4.0312E+00  9.7636E+00  3.4751E+01  8.4973E-01  1.7186E+02  1.9591E+01 -1.7031E+02
  4.0419E+00  9.7993E+00  3.4751E+01  8.4972E-01  1.7186E+02  1.9590E+01 -1.7031E+02
  4.0526E+00  9.8350E+00  3.4751E+01  8.4971E-01  1.7186E+02  1.9590E+01 -1.7031E+02
  4.0633E+00  9.8707E+00  3.4751E+01  8.4970E-01  1.7186E+02  1.9590E+01 -1.7031E+02
  4.0741E+00  9.9067E+00  3.4751E+01  8.4968E-01  1.7186E+02  1.9590E+01 -1.7030E+02
  4.0848E+00  9.9424E+00  3.4751E+01  8.4967E-01  1.7186E+02  1.9590E+01 -1.7030E+02
  4.0955E+00  9.9781E+00  3.4751E+01  8.4966E-01  1.7185E+02  1.9590E+01 -1.7030E+02
  4.1062E+00  1.0014E+01  3.4751E+01  8.4965E-01  1.7185E+02  1.9590E+01 -1.7030E+02
  4.1170E+00  1.0050E+01  3.4751E+01  8.4964E-01  1.7185E+02  1.9590E+01 -1.7030E+02
  4.1277E+00  1.0086E+01  3.4751E+01  8.4963E-01  1.7185E+02  1.9590E+01 -1.7030E+02
  4.1384E+00  1.0121E+01  3.4751E+01  8.4962E-01  1.7185E+02  1.9590E+01 -1.7029E+02
  4.1491E+00  1.0157E+01  3.4751E+01  8.4961E-01  1.7185E+02  1.9590E+01 -1.7029E+02
  4.1599E+00  1.0193E+01  3.4751E+01  8.4960E-01  1.7184E+02  1.9590E+01 -1.7029E+02
  4.1706E+00  1.0229E+01  3.4751E+01  8.4959E-01  1.7184E+02  1.9590E+01 -1.7029E+02
  4.1813E+00  1.0264E+01  3.4751E+01  8.4958E-01  1.7184E+02  1.9590E+01 -1.7029E+02
  4.1920E+00  1.0300E+01  3.4751E+01  8.4956E-01  1.7184E+02  1.9590E+01 -1.7029E+02
  4.2028E+00  1.0336E+01  3.4751E+01  8.4955E-01  1.7184E+02  1.9590E+01 -1.7028E+02
  4.2135E+00  1.0372E+01  3.4751E+01  8.4954E-01  1.7184E+02  1.9590E+01 -1.7028E+02
  4.2242E+00  1.0408E+01  3.4751E+01  8.4953E-01  1.7183E+02  1.9590E+01 -1.7028E+02
  4.2349E+00  1.0443E+01  3.4751E+01  8.4952E-01  1.7183E+02  1.9590E+01 -1.7028E+02
  4.2457E+00  1.0479E+01  3.4751E+01  8.4951E-01  1.7183E+02  1.9590E+01 -1.7028E+02
  4.2564E+00  1.0515E+01  3.4751E+01  8.4950E-01  1.7183E+02  1.9590E+01 -1.7028E+02
  4.2671E+00  1.0551E+01  3.4751E+01  8.4949E-01  1.7183E+02  1.9590E+01 -1.7027E+02
  4.2778E+00  1.0586E+01  3.4751E+01  8.4948E-01  1.7183E+02  1.9590E+01 -1.7027E+02
  4.2886E+00  1.0622E+01  3.4751E+01  8.4947E-01  1.7183E+02  1.9590E+01 -1.7027E+02
  4.2993E+00  1.0658E+01  3.4751E+01  8.4946E-01  1.7182E+02  1.9590E+01 -1.7027E+02
  4.3100E+00  1.0694E+01  3.4751E+01  8.4944E-01  1.7182E+02  1.9589E+01 -1.7027E+02
  4.3207E+00  1.0729E+01  3.4751E+01  8.4943E-01  1.7182E+02  1.9589E+01 -1.7027E+02
  4.3315E+00  1.0766E+01  3.4751E+01  8.4942E-01  1.7182E+02  1.9589E+01 -1.7026E+02
  4.3422E+00  1.0801E+01  3.4751E+01  8.4941E-01  1.7182E+02  1.9589E+01 -1.7026E+02
  4.3529E+00  1.0837E+01  3.4751E+01  8.4940E-01  1.7182E+02  1.9589E+01 -1.7026E+02
  4.3636E+00  1.0873E+01  3.4751E+01  8.4939E-01  1.7181E+02  1.9589E+01 -1.7026E+02
  4.3744E+00  1.0909E+01  3.4751E+01  8.4938E-01  1.7181E+02  1.9589E+01 -1.7026E+02
  4.3851E+00  1.0944E+01  3.4751E+01  8.4937E-01  1.7181E+02  1.9589E+01 -1.7026E+02
  4.3958E+00  1.0980E+01  3.4751E+01  8.4936E-01  1.7181E+02  1.9589E+01 -1.7025E+02
  4.4065E+00  1.1016E+01  3.4751E+01  8.4935E-01  1.7181E+02  1.9589E+01 -1.7025E+02
  4.4173E+00  1.1052E+01  3.4751E+01  8.4933E-01  1.7181E+02  1.9589E+01 -1.7025E+02
  4.4280E+00  1.1088E+01  3.4751E+01  8.4932E-01  1.7180E+02  1.9589E+01 -1.7025E+02
  4.4387E+00  1.1123E+01  3.4751E+01  8.4931E-01  1.7180E+02  1.9589E+01 -1.7025E+02
  4.4494E+00  1.1159E+01  3.4751E+01  8.4930E-01  1.7180E+02  1.9589E+01 -1.7025E+02
  4.4602E+00  1.1195E+01  3.4751E+01  8.4929E-01  1.7180E+02  1.9589E+01 -1.7024E+02
  4.4709E+00  1.1231E+01  3.4751E+01  8.4928E-01  1.7180E+02  1.9589E+01 -1.7024E+02
  4.4816E+00  1.1266E+01  3.4751E+01  8.4927E-01  1.7180E+02  1.9589E+01 -1.7024E+02
  4.4923E+00  1.1302E+01  3.4751E+01  8.4926E-01  1.7179E+02  1.9589E+01 -1.7024E+02
  4.5031E+00  1.1338E+01  3.4751E+01  8.4925E-01  1.7179E+02  1.9589E+01 -1.7024E+02
  4.5138E+00  1.1374E+01  3.4751E+01  8.4924E-01  1.7179E+02  1.9589E+01 -1.7023E+02
  4.5245E+00  1.1409E+01  3.4751E+01  8.4923E-01  1.7179E+02  1.9589E+01 -1.7023E+02
  4.5352E+00  1.1445E+01  3.4751E+01  8.4921E-01  1.7179E+02  1.9589E+01 -1.7023E+02
  4.5461E+00  1.1481E+01  3.4751E+01  8.4920E-01  1.7179E+02  1.9589E+01 -1.7023E+02
  4.5568E+00  1.1517E+01  3.4751E+01  8.4919E-01  1.7178E+02  1.9589E+01 -1.7023E+02
  4.5675E+00  1.1553E+01  3.4751E+01  8.4918E-01  1.7178E+02  1.9589E+01 -1.7023E+02
  4.5782E+00  1.1588E+01  3.4751E+01  8.4917E-01  1.7178E+02  1.9589E+01 -1.7022E+02
  4.5890E+00  1.1624E+01  3.4751E+01  8.4916E-01  1.7178E+02  1.9588E+01 -1.7022E+02
  4.5910E+00  1.1631E+01  3.4751E+01  8.4916E-01  1.7178E+02  1.9588E+01 -1.7022E+02
  4.5996E+00  1.1660E+01  3.4751E+01  8.4915E-01  1.7178E+02  1.9588E+01 -1.7022E+02
  4.6103E+00  1.1696E+01  3.4751E+01  8.4914E-01  1.7178E+02  1.9588E+01 -1.7022E+02
  4.6211E+00  1.1732E+01  3.4751E+01  8.4913E-01  1.7177E+02  1.9588E+01 -1.7022E+02
  4.6318E+00  1.1767E+01  3.4751E+01  8.4912E-01  1.7177E+02  1.9588E+01 -1.7022E+02
  4.6425E+00  1.1803E+01  3.4751E+01  8.4911E-01  1.7177E+02  1.9588E+01 -1.7021E+02
  4.6532E+00  1.1839E+01  3.4751E+01  8.4909E-01  1.7177E+02  1.9588E+01 -1.7021E+02
  4.6640E+00  1.1875E+01  3.4751E+01  8.4908E-01  1.7177E+02  1.9588E+01 -1.7021E+02
  4.6747E+00  1.1911E+01  3.4751E+01  8.4907E-01  1.7177E+02  1.9588E+01 -1.7021E+02
  4.6854E+00  1.1946E+01  3.4751E+01  8.4906E-01  1.7176E+02  1.9588E+01 -1.7021E+02
  4.6961E+00  1.1982E+01  3.4751E+01  8.4905E-01  1.7176E+02  1.9588E+01 -1.7021E+02
  4.7070E+00  1.2018E+01  3.4751E+01  8.4904E-01  1.7176E+02  1.9588E+01 -1.7020E+02
  4.7177E+00  1.2054E+01  3.4751E+01  8.4903E-01  1.7176E+02  1.9588E+01 -1.7020E+02
  4.7284E+00  1.2089E+01  3.4751E+01  8.4902E-01  1.7176E+02  1.9588E+01 -1.7020E+02
  4.7391E+00  1.2125E+01  3.4751E+01  8.4901E-01  1.7176E+02  1.9588E+01 -1.7020E+02
  4.7499E+00  1.2161E+01  3.4751E+01  8.4900E-01  1.7175E+02  1.9588E+01 -1.7020E+02
  4.7606E+00  1.2197E+01  3.4751E+01  8.4899E-01  1.7175E+02  1.9588E+01 -1.7020E+02
  4.7713E+00  1.2232E+01  3.4751E+01  8.4897E-01  1.7175E+02  1.9588E+01 -1.7019E+02
  4.7820E+00  1.2268E+01  3.4751E+01  8.4896E-01  1.7175E+02  1.9588E+01 -1.7019E+02
  4.7928E+00  1.2304E+01  3.4751E+01  8.4895E-01  1.7175E+02  1.9588E+01 -1.7019E+02
  4.8035E+00  1.2340E+01  3.4751E+01  8.4894E-01  1.7175E+02  1.9588E+01 -1.7019E+02
  4.8142E+00  1.2376E+01  3.4751E+01  8.4893E-01  1.7174E+02  1.9588E+01 -1.7019E+02
  4.8249E+00  1.2411E+01  3.4751E+01  8.4892E-01  1.7174E+02  1.9588E+01 -1.7019E+02
  4.8357E+00  1.2447E+01  3.4751E+01  8.4891E-01  1.7174E+02  1.9588E+01 -1.7018E+02
  4.8464E+00  1.2483E+01  3.4751E+01  8.4890E-01  1.7174E+02  1.9588E+01 -1.7018E+02
  4.8571E+00  1.2519E+01  3.4751E+01  8.4889E-01  1.7174E+02  1.9587E+01 -1.7018E+02
  4.8678E+00  1.2554E+01  3.4751E+01  8.4888E-01  1.7174E+02  1.9587E+01 -1.7018E+02
  4.8786E+00  1.2591E+01  3.4751E+01  8.4887E-01  1.7173E+02  1.9587E+01 -1.7018E+02
  4.8893E+00  1.2626E+01  3.4751E+01  8.4885E-01  1.7173E+02  1.9587E+01 -1.7018E+02
  4.9000E+00  1.2662E+01  3.4751E+01  8.4884E-01  1.7173E+02  1.9587E+01 -1.7017E+02
  4.9107E+00  1.2698E+01  3.4751E+01  8.4883E-01  1.7173E+02  1.9587E+01 -1.7017E+02
  4.9215E+00  1.2734E+01  3.4751E+01  8.4882E-01  1.7173E+02  1.9587E+01 -1.7017E+02
  4.9322E+00  1.2769E+01  3.4751E+01  8.4881E-01  1.7173E+02  1.9587E+01 -1.7017E+02
  4.9429E+00  1.2805E+01  3.4751E+01  8.4880E-01  1.7172E+02  1.9587E+01 -1.7017E+02
  4.9536E+00  1.2841E+01  3.4751E+01  8.4879E-01  1.7172E+02  1.9587E+01 -1.7017E+02
  4.9644E+00  1.2877E+01  3.4751E+01  8.4878E-01  1.7172E+02  1.9587E+01 -1.7016E+02
  4.9751E+00  1.2912E+01  3.4751E+01  8.4877E-01  1.7172E+02  1.9587E+01 -1.7016E+02
  4.9858E+00  1.2948E+01  3.4751E+01  8.4876E-01  1.7172E+02  1.9587E+01 -1.7016E+02
  4.9965E+00  1.2984E+01  3.4751E+01  8.4874E-01  1.7172E+02  1.9587E+01 -1.7016E+02
  5.0073E+00  1.3020E+01  3.4751E+01  8.4873E-01  1.7171E+02  1.9587E+01 -1.7016E+02
  5.0180E+00  1.3056E+01  3.4751E+01  8.4872E-01  1.7171E+02  1.9587E+01 -1.7016E+02
  5.0287E+00  1.3091E+01  3.4751E+01  8.4871E-01  1.7171E+02  1.9587E+01 -1.7015E+02
  5.0394E+00  1.3127E+01  3.4751E+01  8.4870E-01  1.7171E+02  1.9587E+01 -1.7015E+02
  5.0502E+00  1.3163E+01  3.4751E+01  8.4869E-01  1.7171E+02  1.9587E+01 -1.7015E+02
  5.0609E+00  1.3199E+01  3.4751E+01  8.4867E-01  1.7171E+02  1.9587E+01 -1.7015E+02
  5.0716E+00  1.3234E+01  3.4751E+01  8.4866E-01  1.7170E+02  1.9587E+01 -1.7015E+02
  5.0823E+00  1.3270E+01  3.4751E+01  8.4865E-01  1.7170E+02  1.9587E+01 -1.7014E+02
  5.0931E+00  1.3306E+01  3.4751E+01  8.4863E-01  1.7170E+02  1.9587E+01 -1.7014E+02
  5.1038E+00  1.3342E+01  3.4751E+01  8.4862E-01  1.7170E+02  1.9587E+01 -1.7014E+02
  5.1145E+00  1.3378E+01  3.4751E+01  8.4861E-01  1.7170E+02  1.9587E+01 -1.7014E+02
  5.1252E+00  1.3413E+01  3.4751E+01  8.4859E-01  1.7170E+02  1.9587E+01 -1.7014E+02
  5.1360E+00  1.3449E+01  3.4751E+01  8.4858E-01  1.7169E+02  1.9587E+01 -1.7014E+02
  5.1467E+00  1.3485E+01  3.4751E+01  8.4857E-01  1.7169E+02  1.9587E+01 -1.7013E+02
  5.1574E+00  1.3521E+01  3.4751E+01  8.4855E-01  1.7169E+02  1.9587E+01 -1.7013E+02
  5.1681E+00  1.3556E+01  3.4751E+01  8.4854E-01  1.7169E+02  1.9587E+01 -1.7013E+02
  5.1789E+00  1.3592E+01  3.4751E+01  8.4853E-01  1.7169E+02  1.9587E+01 -1.7013E+02
  5.1896E+00  1.3628E+01  3.4751E+01  8.4851E-01  1.7169E+02  1.9587E+01 -1.7013E+02
  5.2003E+00  1.3664E+01  3.4751E+01  8.4850E-01  1.7168E+02  1.9587E+01 -1.7012E+02
  5.2110E+00  1.3700E+01  3.4751E+01  8.4849E-01  1.7168E+02  1.9587E+01 -1.7012E+02
  5.2218E+00  1.3736E+01  3.4751E+01  8.4847E-01  1.7168E+02  1.9587E+01 -1.7012E+02
  5.2325E+00  1.3771E+01  3.4751E+01  8.4846E-01  1.7168E+02  1.9587E+01 -1.7012E+02
  5.2432E+00  1.3807E+01  3.4751E+01  8.4845E-01  1.7168E+02  1.9587E+01 -1.7012E+02
  5.2539E+00  1.3843E+01  3.4751E+01  8.4843E-01  1.7168E+02  1.9587E+01 -1.7012E+02
  5.2647E+00  1.3879E+01  3.4751E+01  8.4842E-01  1.7167E+02  1.9587E+01 -1.7011E+02
  5.2754E+00  1.3914E+01  3.4751E+01  8.4841E-01  1.7167E+02  1.9587E+01 -1.7011E+02
  5.2861E+00  1.3950E+01  3.4751E+01  8.4839E-01  1.7167E+02  1.9587E+01 -1.7011E+02
  5.2968E+00  1.3986E+01  3.4751E+01  8.4838E-01  1.7167E+02  1.9587E+01 -1.7011E+02
  5.3076E+00  1.4022E+01  3.4751E+01  8.4837E-01  1.7167E+02  1.9587E+01 -1.7011E+02
  5.3183E+00  1.4058E+01  3.4751E+01  8.4835E-01  1.7167E+02  1.9587E+01 -1.7011E+02
  5.3290E+00  1.4093E+01  3.4751E+01  8.4834E-01  1.7166E+02  1.9587E+01 -1.7010E+02
  5.3397E+00  1.4129E+01  3.4751E+01  8.4833E-01  1.7166E+02  1.9587E+01 -1.7010E+02
  5.3505E+00  1.4165E+01  3.4751E+01  8.4831E-01  1.7166E+02  1.9587E+01 -1.7010E+02
  5.3612E+00  1.4201E+01  3.4751E+01  8.4830E-01  1.7166E+02  1.9587E+01 -1.7010E+02
  5.3719E+00  1.4236E+01  3.4751E+01  8.4828E-01  1.7166E+02  1.9587E+01 -1.7010E+02
  5.3826E+00  1.4272E+01  3.4751E+01  8.4827E-01  1.7166E+02  1.9587E+01 -1.7009E+02
  5.3935E+00  1.4308E+01  3.4751E+01  8.4826E-01  1.7165E+02  1.9587E+01 -1.7009E+02
  5.4042E+00  1.4344E+01  3.4751E+01  8.4824E-01  1.7165E+02  1.9587E+01 -1.7009E+02
  5.4149E+00  1.4380E+01  3.4751E+01  8.4823E-01  1.7165E+02  1.9587E+01 -1.7009E+02
  5.4256E+00  1.4415E+01  3.4751E+01  8.4822E-01  1.7165E+02  1.9587E+01 -1.7009E+02
  5.4364E+00  1.4451E+01  3.4751E+01  8.4820E-01  1.7165E+02  1.9587E+01 -1.7009E+02
  5.4471E+00  1.4487E+01  3.4751E+01  8.4819E-01  1.7164E+02  1.9587E+01 -1.7008E+02
  5.4578E+00  1.4523E+01  3.4751E+01  8.4818E-01  1.7164E+02  1.9587E+01 -1.7008E+02
  5.4685E+00  1.4558E+01  3.4751E+01  8.4816E-01  1.7164E+02  1.9588E+01 -1.7008E+02
  5.4793E+00  1.4594E+01  3.4751E+01  8.4815E-01  1.7164E+02  1.9588E+01 -1.7008E+02
  5.4900E+00  1.4630E+01  3.4751E+01  8.4814E-01  1.7164E+02  1.9588E+01 -1.7008E+02
  5.5007E+00  1.4666E+01  3.4751E+01  8.4812E-01  1.7164E+02  1.9588E+01 -1.7008E+02
  5.5114E+00  1.4701E+01  3.4751E+01  8.4811E-01  1.7163E+02  1.9588E+01 -1.7007E+02
  5.5222E+00  1.4738E+01  3.4751E+01  8.4810E-01  1.7163E+02  1.9588E+01 -1.7007E+02
  5.5329E+00  1.4773E+01  3.4751E+01  8.4808E-01  1.7163E+02  1.9588E+01 -1.7007E+02
  5.5436E+00  1.4809E+01  3.4751E+01  8.4807E-01  1.7163E+02  1.9588E+01 -1.7007E+02
  5.5543E+00  1.4845E+01  3.4751E+01  8.4806E-01  1.7163E+02  1.9588E+01 -1.7007E+02
  5.5651E+00  1.4881E+01  3.4751E+01  8.4804E-01  1.7163E+02  1.9588E+01 -1.7006E+02
  5.5758E+00  1.4916E+01  3.4751E+01  8.4803E-01  1.7162E+02  1.9588E+01 -1.7006E+02
  5.5865E+00  1.4952E+01  3.4751E+01  8.4802E-01  1.7162E+02  1.9588E+01 -1.7006E+02
  5.5972E+00  1.4988E+01  3.4751E+01  8.4800E-01  1.7162E+02  1.9588E+01 -1.7006E+02
  5.6080E+00  1.5024E+01  3.4751E+01  8.4799E-01  1.7162E+02  1.9588E+01 -1.7006E+02
  5.6187E+00  1.5060E+01  3.4751E+01  8.4798E-01  1.7162E+02  1.9588E+01 -1.7006E+02
  5.6294E+00  1.5095E+01  3.4751E+01  8.4796E-01  1.7162E+02  1.9588E+01 -1.7005E+02
  5.6401E+00  1.5131E+01  3.4751E+01  8.4795E-01  1.7161E+02  1.9588E+01 -1.7005E+02
  5.6509E+00  1.5167E+01  3.4751E+01  8.4794E-01  1.7161E+02  1.9588E+01 -1.7005E+02
  5.6616E+00  1.5203E+01  3.4751E+01  8.4792E-01  1.7161E+02  1.9588E+01 -1.7005E+02
  5.6723E+00  1.5238E+01  3.4751E+01  8.4791E-01  1.7161E+02  1.9588E+01 -1.7005E+02
  5.6830E+00  1.5274E+01  3.4751E+01  8.4790E-01  1.7161E+02  1.9588E+01 -1.7005E+02
  5.6938E+00  1.5310E+01  3.4751E+01  8.4788E-01  1.7161E+02  1.9588E+01 -1.7004E+02
  5.7045E+00  1.5346E+01  3.4751E+01  8.4787E-01  1.7160E+02  1.9588E+01 -1.7004E+02
  5.7152E+00  1.5381E+01  3.4751E+01  8.4786E-01  1.7160E+02  1.9588E+01 -1.7004E+02
  5.7259E+00  1.5417E+01  3.4751E+01  8.4784E-01  1.7160E+02  1.9588E+01 -1.7004E+02
  5.7367E+00  1.5453E+01  3.4751E+01  8.4783E-01  1.7160E+02  1.9588E+01 -1.7004E+02
  5.7474E+00  1.5489E+01  3.4751E+01  8.4781E-01  1.7160E+02  1.9588E+01 -1.7004E+02
  5.7581E+00  1.5525E+01  3.4751E+01  8.4780E-01  1.7160E+02  1.9588E+01 -1.7003E+02
  5.7688E+00  1.5560E+01  3.4751E+01  8.4779E-01  1.7159E+02  1.9588E+01 -1.7003E+02
  5.7796E+00  1.5596E+01  3.4751E+01  8.4777E-01  1.7159E+02  1.9588E+01 -1.7003E+02
  5.7903E+00  1.5632E+01  3.4751E+01  8.4776E-01  1.7159E+02  1.9588E+01 -1.7003E+02
  5.8010E+00  1.5668E+01  3.4751E+01  8.4775E-01  1.7159E+02  1.9588E+01 -1.7003E+02
  5.8117E+00  1.5703E+01  3.4751E+01  8.4773E-01  1.7159E+02  1.9588E+01 -1.7003E+02
  5.8225E+00  1.5739E+01  3.4751E+01  8.4772E-01  1.7159E+02  1.9588E+01 -1.7002E+02
  5.8332E+00  1.5775E+01  3.4751E+01  8.4771E-01  1.7158E+02  1.9588E+01 -1.7002E+02
  5.8439E+00  1.5811E+01  3.4751E+01  8.4769E-01  1.7158E+02  1.9588E+01 -1.7002E+02
  5.8546E+00  1.5847E+01  3.4751E+01  8.4768E-01  1.7158E+02  1.9588E+01 -1.7002E+02
  5.8654E+00  1.5883E+01  3.4751E+01  8.4767E-01  1.7158E+02  1.9588E+01 -1.7002E+02
  5.8761E+00  1.5918E+01  3.4751E+01  8.4765E-01  1.7158E+02  1.9588E+01 -1.7001E+02
  5.8868E+00  1.5954E+01  3.4751E+01  8.4764E-01  1.7158E+02  1.9588E+01 -1.7001E+02
  5.8975E+00  1.5990E+01  3.4751E+01  8.4763E-01  1.7157E+02  1.9588E+01 -1.7001E+02
  5.9083E+00  1.6026E+01  3.4751E+01  8.4761E-01  1.7157E+02  1.9588E+01 -1.7001E+02
  5.9190E+00  1.6061E+01  3.4751E+01  8.4760E-01  1.7157E+02  1.9588E+01 -1.7001E+02
  5.9297E+00  1.6097E+01  3.4751E+01  8.4759E-01  1.7157E+02  1.9588E+01 -1.7001E+02
  5.9404E+00  1.6133E+01  3.4751E+01  8.4757E-01  1.7157E+02  1.9589E+01 -1.7000E+02
  5.9512E+00  1.6169E+01  3.4751E+01  8.4756E-01  1.7157E+02  1.9589E+01 -1.7000E+02
  5.9619E+00  1.6205E+01  3.4751E+01  8.4755E-01  1.7156E+02  1.9589E+01 -1.7000E+02
  5.9726E+00  1.6240E+01  3.4751E+01  8.4753E-01  1.7156E+02  1.9589E+01 -1.7000E+02
  5.9833E+00  1.6276E+01  3.4751E+01  8.4752E-01  1.7156E+02  1.9589E+01 -1.7000E+02
  5.9941E+00  1.6312E+01  3.4751E+01  8.4751E-01  1.7156E+02  1.9589E+01 -1.7000E+02
  6.0048E+00  1.6348E+01  3.4751E+01  8.4749E-01  1.7156E+02  1.9589E+01 -1.6999E+02
  6.0155E+00  1.6383E+01  3.4751E+01  8.4748E-01  1.7156E+02  1.9589E+01 -1.6999E+02
  6.0262E+00  1.6419E+01  3.4751E+01  8.4747E-01  1.7156E+02  1.9589E+01 -1.6999E+02
  6.0370E+00  1.6455E+01  3.4751E+01  8.4745E-01  1.7155E+02  1.9589E+01 -1.6999E+02
  6.0477E+00  1.6491E+01  3.4751E+01  8.4744E-01  1.7155E+02  1.9589E+01 -1.6999E+02
  6.0584E+00  1.6527E+01  3.4751E+01  8.4743E-01  1.7155E+02  1.9589E+01 -1.6999E+02
  6.0691E+00  1.6562E+01  3.4751E+01  8.4741E-01  1.7155E+02  1.9589E+01 -1.6998E+02
  6.0800E+00  1.6598E+01  3.4751E+01  8.4740E-01  1.7155E+02  1.9589E+01 -1.6998E+02
  6.0907E+00  1.6634E+01  3.4751E+01  8.4739E-01  1.7155E+02  1.9589E+01 -1.6998E+02
  6.1014E+00  1.6670E+01  3.4751E+01  8.4737E-01  1.7154E+02  1.9589E+01 -1.6998E+02
  6.1121E+00  1.6705E+01  3.4751E+01  8.4736E-01  1.7154E+02  1.9589E+01 -1.6998E+02
  6.1229E+00  1.6741E+01  3.4751E+01  8.4735E-01  1.7154E+02  1.9589E+01 -1.6998E+02
  6.1336E+00  1.6777E+01  3.4751E+01  8.4733E-01  1.7154E+02  1.9589E+01 -1.6997E+02
  6.1443E+00  1.6813E+01  3.4751E+01  8.4732E-01  1.7154E+02  1.9589E+01 -1.6997E+02
  6.1550E+00  1.6849E+01  3.4751E+01  8.4731E-01  1.7154E+02  1.9589E+01 -1.6997E+02
  6.1658E+00  1.6885E+01  3.4751E+01  8.4729E-01  1.7153E+02  1.9589E+01 -1.6997E+02
  6.1765E+00  1.6920E+01  3.4751E+01  8.4728E-01  1.7153E+02  1.9589E+01 -1.6997E+02
  6.1872E+00  1.6956E+01  3.4751E+01  8.4726E-01  1.7153E+02  1.9589E+01 -1.6997E+02
  6.1979E+00  1.6992E+01  3.4751E+01  8.4725E-01  1.7153E+02  1.9589E+01 -1.6996E+02
  6.2087E+00  1.7028E+01  3.4751E+01  8.4724E-01  1.7153E+02  1.9589E+01 -1.6996E+02
  6.2194E+00  1.7063E+01  3.4751E+01  8.4722E-01  1.7153E+02  1.9589E+01 -1.6996E+02
  6.2301E+00  1.7099E+01  3.4751E+01  8.4721E-01  1.7152E+02  1.9589E+01 -1.6996E+02
  6.2408E+00  1.7135E+01  3.4751E+01  8.4720E-01  1.7152E+02  1.9589E+01 -1.6996E+02
  6.2516E+00  1.7171E+01  3.4751E+01  8.4718E-01  1.7152E+02  1.9589E+01 -1.6996E+02
  6.2623E+00  1.7207E+01  3.4751E+01  8.4717E-01  1.7152E+02  1.9589E+01 -1.6995E+02
  6.2730E+00  1.7242E+01  3.4751E+01  8.4716E-01  1.7152E+02  1.9589E+01 -1.6995E+02
  6.2837E+00  1.7278E+01  3.4751E+01  8.4714E-01  1.7152E+02  1.9589E+01 -1.6995E+02
  6.2945E+00  1.7314E+01  3.4751E+01  8.4713E-01  1.7151E+02  1.9589E+01 -1.6995E+02
  6.3052E+00  1.7350E+01  3.4751E+01  8.4712E-01  1.7151E+02  1.9589E+01 -1.6995E+02
  6.3159E+00  1.7385E+01  3.4751E+01  8.4710E-01  1.7151E+02  1.9589E+01 -1.6995E+02
  6.3266E+00  1.7421E+01  3.4751E+01  8.4709E-01  1.7151E+02  1.9590E+01 -1.6994E+02
  6.3374E+00  1.7457E+01  3.4751E+01  8.4708E-01  1.7151E+02  1.9590E+01 -1.6994E+02
  6.3481E+00  1.7493E+01  3.4751E+01  8.4706E-01  1.7151E+02  1.9590E+01 -1.6994E+02
  6.3588E+00  1.7528E+01  3.4751E+01  8.4705E-01  1.7150E+02  1.9590E+01 -1.6994E+02
  6.3695E+00  1.7564E+01  3.4751E+01  8.4704E-01  1.7150E+02  1.9590E+01 -1.6994E+02
  6.3803E+00  1.7600E+01  3.4751E+01  8.4702E-01  1.7150E+02  1.9590E+01 -1.6994E+02
  6.3910E+00  1.7636E+01  3.4751E+01  8.4701E-01  1.7150E+02  1.9590E+01 -1.6993E+02
  6.4017E+00  1.7672E+01  3.4751E+01  8.4700E-01  1.7150E+02  1.9590E+01 -1.6993E+02
  6.4124E+00  1.7707E+01  3.4751E+01  8.4698E-01  1.7150E+02  1.9590E+01 -1.6993E+02
  6.4130E+00  1.7709E+01  3.4751E+01  8.4698E-01  1.7150E+02  1.9590E+01 -1.6993E+02
  6.4232E+00  1.7743E+01  3.4751E+01  8.4697E-01  1.7150E+02  1.9590E+01 -1.6993E+02
  6.4339E+00  1.7779E+01  3.4751E+01  8.4696E-01  1.7149E+02  1.9590E+01 -1.6993E+02
  6.4446E+00  1.7815E+01  3.4751E+01  8.4694E-01  1.7149E+02  1.9590E+01 -1.6993E+02
  6.4553E+00  1.7850E+01  3.4751E+01  8.4693E-01  1.7149E+02  1.9590E+01 -1.6992E+02
  6.4661E+00  1.7887E+01  3.4751E+01  8.4692E-01  1.7149E+02  1.9590E+01 -1.6992E+02
  6.4768E+00  1.7922E+01  3.4751E+01  8.4690E-01  1.7149E+02  1.9590E+01 -1.6992E+02
  6.4875E+00  1.7958E+01  3.4751E+01  8.4689E-01  1.7149E+02  1.9590E+01 -1.6992E+02
  6.4982E+00  1.7994E+01  3.4751E+01  8.4688E-01  1.7148E+02  1.9590E+01 -1.6992E+02
  6.5090E+00  1.8030E+01  3.4751E+01  8.4686E-01  1.7148E+02  1.9590E+01 -1.6992E+02
  6.5197E+00  1.8065E+01  3.4751E+01  8.4685E-01  1.7148E+02  1.9590E+01 -1.6991E+02
  6.5304E+00  1.8101E+01  3.4751E+01  8.4684E-01  1.7148E+02  1.9590E+01 -1.6991E+02
  6.5411E+00  1.8137E+01  3.4751E+01  8.4682E-01  1.7148E+02  1.9590E+01 -1.6991E+02
  6.5519E+00  1.8173E+01  3.4751E+01  8.4681E-01  1.7148E+02  1.9590E+01 -1.6991E+02
  6.5626E+00  1.8208E+01  3.4751E+01  8.4680E-01  1.7147E+02  1.9590E+01 -1.6991E+02
  6.5733E+00  1.8244E+01  3.4751E+01  8.4678E-01  1.7147E+02  1.9590E+01 -1.6991E+02
  6.5840E+00  1.8280E+01  3.4751E+01  8.4677E-01  1.7147E+02  1.9590E+01 -1.6990E+02
  6.5948E+00  1.8316E+01  3.4751E+01  8.4676E-01  1.7147E+02  1.9590E+01 -1.6990E+02
  6.6055E+00  1.8352E+01  3.4751E+01  8.4674E-01  1.7147E+02  1.9590E+01 -1.6990E+02
  6.6162E+00  1.8387E+01  3.4751E+01  8.4673E-01  1.7147E+02  1.9590E+01 -1.6990E+02
  6.6269E+00  1.8423E+01  3.4751E+01  8.4672E-01  1.7146E+02  1.9590E+01 -1.6990E+02
  6.6377E+00  1.8459E+01  3.4751E+01  8.4670E-01  1.7146E+02  1.9590E+01 -1.6990E+02
  6.6484E+00  1.8495E+01  3.4751E+01  8.4669E-01  1.7146E+02  1.9590E+01 -1.6989E+02
  6.6591E+00  1.8530E+01  3.4751E+01  8.4668E-01  1.7146E+02  1.9590E+01 -1.6989E+02
  6.6698E+00  1.8566E+01  3.4751E+01  8.4666E-01  1.7146E+02  1.9591E+01 -1.6989E+02
  6.6806E+00  1.8602E+01  3.4751E+01  8.4665E-01  1.7146E+02  1.9591E+01 -1.6989E+02
  6.6913E+00  1.8638E+01  3.4751E+01  8.4663E-01  1.7146E+02  1.9591E+01 -1.6989E+02
  6.7020E+00  1.8674E+01  3.4751E+01  8.4662E-01  1.7145E+02  1.9591E+01 -1.6989E+02
  6.7127E+00  1.8709E+01  3.4751E+01  8.4661E-01  1.7145E+02  1.9591E+01 -1.6988E+02
  6.7235E+00  1.8745E+01  3.4751E+01  8.4659E-01  1.7145E+02  1.9591E+01 -1.6988E+02
  6.7342E+00  1.8781E+01  3.4751E+01  8.4658E-01  1.7145E+02  1.9591E+01 -1.6988E+02
  6.7449E+00  1.8817E+01  3.4751E+01  8.4657E-01  1.7145E+02  1.9591E+01 -1.6988E+02
  6.7557E+00  1.8852E+01  3.4751E+01  8.4655E-01  1.7145E+02  1.9591E+01 -1.6988E+02
  6.7665E+00  1.8888E+01  3.4751E+01  8.4654E-01  1.7144E+02  1.9591E+01 -1.6988E+02
  6.7772E+00  1.8924E+01  3.4751E+01  8.4653E-01  1.7144E+02  1.9591E+01 -1.6987E+02
  6.7879E+00  1.8960E+01  3.4751E+01  8.4651E-01  1.7144E+02  1.9591E+01 -1.6987E+02
  6.7986E+00  1.8996E+01  3.4751E+01  8.4650E-01  1.7144E+02  1.9591E+01 -1.6987E+02
  6.8094E+00  1.9032E+01  3.4751E+01  8.4649E-01  1.7144E+02  1.9591E+01 -1.6987E+02
  6.8201E+00  1.9067E+01  3.4751E+01  8.4647E-01  1.7144E+02  1.9591E+01 -1.6987E+02
  6.8308E+00  1.9103E+01  3.4751E+01  8.4646E-01  1.7143E+02  1.9591E+01 -1.6987E+02
  6.8415E+00  1.9139E+01  3.4751E+01  8.4645E-01  1.7143E+02  1.9591E+01 -1.6986E+02
  6.8523E+00  1.9175E+01  3.4751E+01  8.4643E-01  1.7143E+02  1.9591E+01 -1.6986E+02
  6.8630E+00  1.9210E+01  3.4751E+01  8.4642E-01  1.7143E+02  1.9591E+01 -1.6986E+02
  6.8737E+00  1.9246E+01  3.4751E+01  8.4641E-01  1.7143E+02  1.9591E+01 -1.6986E+02
  6.8844E+00  1.9282E+01  3.4751E+01  8.4639E-01  1.7143E+02  1.9591E+01 -1.6986E+02
  6.8952E+00  1.9318E+01  3.4751E+01  8.4638E-01  1.7143E+02  1.9591E+01 -1.6986E+02
  6.9059E+00  1.9354E+01  3.4751E+01  8.4637E-01  1.7142E+02  1.9591E+01 -1.6985E+02
  6.9166E+00  1.9389E+01  3.4751E+01  8.4635E-01  1.7142E+02  1.9591E+01 -1.6985E+02
  6.9273E+00  1.9425E+01  3.4751E+01  8.4634E-01  1.7142E+02  1.9591E+01 -1.6985E+02
  6.9381E+00  1.9461E+01  3.4751E+01  8.4633E-01  1.7142E+02  1.9591E+01 -1.6985E+02
  6.9488E+00  1.9497E+01  3.4751E+01  8.4631E-01  1.7142E+02  1.9591E+01 -1.6985E+02
  6.9595E+00  1.9532E+01  3.4751E+01  8.4630E-01  1.7142E+02  1.9591E+01 -1.6985E+02
  6.9702E+00  1.9568E+01  3.4751E+01  8.4629E-01  1.7141E+02  1.9592E+01 -1.6984E+02
  6.9810E+00  1.9604E+01  3.4751E+01  8.4627E-01  1.7141E+02  1.9592E+01 -1.6984E+02
  6.9917E+00  1.9640E+01  3.4751E+01  8.4626E-01  1.7141E+02  1.9592E+01 -1.6984E+02
  7.0024E+00  1.9676E+01  3.4751E+01  8.4625E-01  1.7141E+02  1.9592E+01 -1.6984E+02
  7.0131E+00  1.9711E+01  3.4751E+01  8.4623E-01  1.7141E+02  1.9592E+01 -1.6984E+02
  7.0239E+00  1.9747E+01  3.4751E+01  8.4622E-01  1.7141E+02  1.9592E+01 -1.6984E+02
  7.0346E+00  1.9783E+01  3.4751E+01  8.4621E-01  1.7141E+02  1.9592E+01 -1.6983E+02
  7.0453E+00  1.9819E+01  3.4751E+01  8.4619E-01  1.7140E+02  1.9592E+01 -1.6983E+02
  7.0560E+00  1.9854E+01  3.4751E+01  8.4618E-01  1.7140E+02  1.9592E+01 -1.6983E+02
  7.0668E+00  1.9890E+01  3.4751E+01  8.4617E-01  1.7140E+02  1.9592E+01 -1.6983E+02
  7.0775E+00  1.9926E+01  3.4751E+01  8.4615E-01  1.7140E+02  1.9592E+01 -1.6983E+02
  7.0882E+00  1.9962E+01  3.4751E+01  8.4614E-01  1.7140E+02  1.9592E+01 -1.6983E+02
  7.0989E+00  1.9997E+01  3.4751E+01  8.4613E-01  1.7140E+02  1.9592E+01 -1.6982E+02
  7.1097E+00  2.0034E+01  3.4751E+01  8.4611E-01  1.7139E+02  1.9592E+01 -1.6982E+02
  7.1204E+00  2.0069E+01  3.4751E+01  8.4610E-01  1.7139E+02  1.9592E+01 -1.6982E+02
  7.1311E+00  2.0105E+01  3.4751E+01  8.4609E-01  1.7139E+02  1.9592E+01 -1.6982E+02
  7.1418E+00  2.0141E+01  3.4751E+01  8.4607E-01  1.7139E+02  1.9592E+01 -1.6982E+02
  7.1526E+00  2.0177E+01  3.4751E+01  8.4606E-01  1.7139E+02  1.9592E+01 -1.6982E+02
  7.1633E+00  2.0212E+01  3.4751E+01  8.4605E-01  1.7139E+02  1.9592E+01 -1.6981E+02
  7.1740E+00  2.0248E+01  3.4751E+01  8.4604E-01  1.7139E+02  1.9592E+01 -1.6981E+02
  7.1847E+00  2.0284E+01  3.4751E+01  8.4603E-01  1.7138E+02  1.9592E+01 -1.6981E+02
  7.1955E+00  2.0320E+01  3.4751E+01  8.4602E-01  1.7138E+02  1.9592E+01 -1.6981E+02
  7.2062E+00  2.0356E+01  3.4751E+01  8.4600E-01  1.7138E+02  1.9592E+01 -1.6981E+02
  7.2169E+00  2.0391E+01  3.4751E+01  8.4599E-01  1.7138E+02  1.9592E+01 -1.6981E+02
  7.2276E+00  2.0427E+01  3.4751E+01  8.4597E-01  1.7138E+02  1.9592E+01 -1.6981E+02
  7.2384E+00  2.0463E+01  3.4751E+01  8.4596E-01  1.7138E+02  1.9592E+01 -1.6980E+02
  7.2491E+00  2.0499E+01  3.4751E+01  8.4594E-01  1.7137E+02  1.9592E+01 -1.6980E+02
  7.2598E+00  2.0534E+01  3.4751E+01  8.4593E-01  1.7137E+02  1.9592E+01 -1.6980E+02
  7.2705E+00  2.0570E+01  3.4751E+01  8.4592E-01  1.7137E+02  1.9592E+01 -1.6980E+02
  7.2813E+00  2.0606E+01  3.4751E+01  8.4590E-01  1.7137E+02  1.9592E+01 -1.6980E+02
  7.2920E+00  2.0642E+01  3.4751E+01  8.4589E-01  1.7137E+02  1.9592E+01 -1.6980E+02
  7.3027E+00  2.0677E+01  3.4751E+01  8.4587E-01  1.7137E+02  1.9593E+01 -1.6980E+02
  7.3134E+00  2.0713E+01  3.4751E+01  8.4586E-01  1.7137E+02  1.9593E+01 -1.6979E+02
  7.3242E+00  2.0749E+01  3.4751E+01  8.4584E-01  1.7136E+02  1.9593E+01 -1.6979E+02
  7.3349E+00  2.0785E+01  3.4751E+01  8.4583E-01  1.7136E+02  1.9593E+01 -1.6979E+02
  7.3456E+00  2.0821E+01  3.4751E+01  8.4581E-01  1.7136E+02  1.9593E+01 -1.6979E+02
  7.3563E+00  2.0856E+01  3.4751E+01  8.4580E-01  1.7136E+02  1.9593E+01 -1.6979E+02
  7.3671E+00  2.0892E+01  3.4751E+01  8.4578E-01  1.7136E+02  1.9593E+01 -1.6979E+02
  7.3778E+00  2.0928E+01  3.4751E+01  8.4577E-01  1.7136E+02  1.9593E+01 -1.6978E+02
  7.3885E+00  2.0964E+01  3.4751E+01  8.4575E-01  1.7136E+02  1.9593E+01 -1.6978E+02
  7.3992E+00  2.0999E+01  3.4751E+01  8.4574E-01  1.7135E+02  1.9593E+01 -1.6978E+02
  7.4100E+00  2.1035E+01  3.4751E+01  8.4572E-01  1.7135E+02  1.9593E+01 -1.6978E+02
  7.4207E+00  2.1071E+01  3.4751E+01  8.4571E-01  1.7135E+02  1.9593E+01 -1.6978E+02
  7.4314E+00  2.1107E+01  3.4751E+01  8.4570E-01  1.7135E+02  1.9593E+01 -1.6978E+02
  7.4422E+00  2.1143E+01  3.4751E+01  8.4568E-01  1.7135E+02  1.9593E+01 -1.6978E+02
  7.4530E+00  2.1179E+01  3.4751E+01  8.4567E-01  1.7135E+02  1.9593E+01 -1.6977E+02
  7.4637E+00  2.1214E+01  3.4751E+01  8.4565E-01  1.7135E+02  1.9593E+01 -1.6977E+02
  7.4744E+00  2.1250E+01  3.4751E+01  8.4564E-01  1.7134E+02  1.9594E+01 -1.6977E+02
  7.4851E+00  2.1286E+01  3.4751E+01  8.4562E-01  1.7134E+02  1.9594E+01 -1.6977E+02
  7.4959E+00  2.1322E+01  3.4751E+01  8.4561E-01  1.7134E+02  1.9594E+01 -1.6977E+02
  7.5066E+00  2.1357E+01  3.4751E+01  8.4559E-01  1.7134E+02  1.9594E+01 -1.6977E+02
  7.5173E+00  2.1393E+01  3.4751E+01  8.4558E-01  1.7134E+02  1.9594E+01 -1.6976E+02
  7.5280E+00  2.1429E+01  3.4751E+01  8.4556E-01  1.7134E+02  1.9594E+01 -1.6976E+02
  7.5388E+00  2.1465E+01  3.4751E+01  8.4555E-01  1.7134E+02  1.9594E+01 -1.6976E+02
  7.5495E+00  2.1501E+01  3.4751E+01  8.4553E-01  1.7133E+02  1.9594E+01 -1.6976E+02
  7.5602E+00  2.1536E+01  3.4751E+01  8.4552E-01  1.7133E+02  1.9594E+01 -1.6976E+02
  7.5709E+00  2.1572E+01  3.4751E+01  8.4550E-01  1.7133E+02  1.9594E+01 -1.6976E+02
  7.5817E+00  2.1608E+01  3.4751E+01  8.4549E-01  1.7133E+02  1.9594E+01 -1.6976E+02
  7.5924E+00  2.1644E+01  3.4751E+01  8.4548E-01  1.7133E+02  1.9594E+01 -1.6975E+02
  7.6031E+00  2.1679E+01  3.4751E+01  8.4546E-01  1.7133E+02  1.9594E+01 -1.6975E+02
  7.6138E+00  2.1715E+01  3.4751E+01  8.4545E-01  1.7133E+02  1.9594E+01 -1.6975E+02
  7.6246E+00  2.1751E+01  3.4751E+01  8.4543E-01  1.7132E+02  1.9594E+01 -1.6975E+02
  7.6353E+00  2.1787E+01  3.4751E+01  8.4542E-01  1.7132E+02  1.9595E+01 -1.6975E+02
  7.6460E+00  2.1823E+01  3.4751E+01  8.4540E-01  1.7132E+02  1.9595E+01 -1.6975E+02
  7.6567E+00  2.1858E+01  3.4751E+01  8.4539E-01  1.7132E+02  1.9595E+01 -1.6974E+02
  7.6675E+00  2.1894E+01  3.4751E+01  8.4537E-01  1.7132E+02  1.9595E+01 -1.6974E+02
  7.6782E+00  2.1930E+01  3.4751E+01  8.4536E-01  1.7132E+02  1.9595E+01 -1.6974E+02
  7.6889E+00  2.1966E+01  3.4751E+01  8.4534E-01  1.7131E+02  1.9595E+01 -1.6974E+02
  7.6996E+00  2.2001E+01  3.4751E+01  8.4533E-01  1.7131E+02  1.9595E+01 -1.6974E+02
  7.7104E+00  2.2037E+01  3.4751E+01  8.4531E-01  1.7131E+02  1.9595E+01 -1.6974E+02
  7.7211E+00  2.2073E+01  3.4751E+01  8.4530E-01  1.7131E+02  1.9595E+01 -1.6973E+02
  7.7318E+00  2.2109E+01  3.4751E+01  8.4529E-01  1.7131E+02  1.9595E+01 -1.6973E+02
  7.7425E+00  2.2145E+01  3.4751E+01  8.4527E-01  1.7131E+02  1.9595E+01 -1.6973E+02
  7.7533E+00  2.2181E+01  3.4751E+01  8.4526E-01  1.7131E+02  1.9595E+01 -1.6973E+02
  7.7640E+00  2.2216E+01  3.4751E+01  8.4524E-01  1.7130E+02  1.9595E+01 -1.6973E+02
  7.7747E+00  2.2252E+01  3.4751E+01  8.4523E-01  1.7130E+02  1.9596E+01 -1.6973E+02
  7.7854E+00  2.2288E+01  3.4751E+01  8.4521E-01  1.7130E+02  1.9596E+01 -1.6972E+02
  7.7962E+00  2.2324E+01  3.4751E+01  8.4520E-01  1.7130E+02  1.9596E+01 -1.6972E+02
  7.8069E+00  2.2359E+01  3.4751E+01  8.4518E-01  1.7130E+02  1.9596E+01 -1.6972E+02
  7.8176E+00  2.2395E+01  3.4751E+01  8.4517E-01  1.7130E+02  1.9596E+01 -1.6972E+02
  7.8283E+00  2.2431E+01  3.4751E+01  8.4515E-01  1.7129E+02  1.9596E+01 -1.6972E+02
  7.8391E+00  2.2467E+01  3.4751E+01  8.4514E-01  1.7129E+02  1.9596E+01 -1.6972E+02
  7.8498E+00  2.2503E+01  3.4751E+01  8.4512E-01  1.7129E+02  1.9596E+01 -1.6971E+02
  7.8605E+00  2.2538E+01  3.4751E+01  8.4511E-01  1.7129E+02  1.9596E+01 -1.6971E+02
  7.8712E+00  2.2574E+01  3.4751E+01  8.4510E-01  1.7129E+02  1.9596E+01 -1.6971E+02
  7.8820E+00  2.2610E+01  3.4751E+01  8.4508E-01  1.7129E+02  1.9596E+01 -1.6971E+02
  7.8927E+00  2.2646E+01  3.4751E+01  8.4507E-01  1.7129E+02  1.9596E+01 -1.6971E+02
  7.9034E+00  2.2681E+01  3.4751E+01  8.4505E-01  1.7128E+02  1.9596E+01 -1.6971E+02
  7.9141E+00  2.2717E+01  3.4751E+01  8.4504E-01  1.7128E+02  1.9597E+01 -1.6970E+02
  7.9249E+00  2.2753E+01  3.4751E+01  8.4502E-01  1.7128E+02  1.9597E+01 -1.6970E+02
  7.9356E+00  2.2789E+01  3.4751E+01  8.4501E-01  1.7128E+02  1.9597E+01 -1.6970E+02
  7.9463E+00  2.2824E+01  3.4751E+01  8.4499E-01  1.7128E+02  1.9597E+01 -1.6970E+02
  7.9570E+00  2.2860E+01  3.4751E+01  8.4498E-01  1.7128E+02  1.9597E+01 -1.6970E+02
  7.9678E+00  2.2896E+01  3.4751E+01  8.4496E-01  1.7127E+02  1.9597E+01 -1.6970E+02
  7.9785E+00  2.2932E+01  3.4751E+01  8.4495E-01  1.7127E+02  1.9597E+01 -1.6969E+02
  7.9892E+00  2.2968E+01  3.4751E+01  8.4493E-01  1.7127E+02  1.9597E+01 -1.6969E+02
  7.9999E+00  2.3003E+01  3.4751E+01  8.4492E-01  1.7127E+02  1.9597E+01 -1.6969E+02
  8.0107E+00  2.3039E+01  3.4751E+01  8.4490E-01  1.7127E+02  1.9597E+01 -1.6969E+02
  8.0214E+00  2.3075E+01  3.4751E+01  8.4489E-01  1.7127E+02  1.9597E+01 -1.6969E+02
  8.0321E+00  2.3111E+01  3.4751E+01  8.4488E-01  1.7126E+02  1.9597E+01 -1.6969E+02
  8.0428E+00  2.3146E+01  3.4751E+01  8.4486E-01  1.7126E+02  1.9598E+01 -1.6968E+02
  8.0536E+00  2.3183E+01  3.4751E+01  8.4485E-01  1.7126E+02  1.9598E+01 -1.6968E+02
  8.0643E+00  2.3218E+01  3.4751E+01  8.4483E-01  1.7126E+02  1.9598E+01 -1.6968E+02
  8.0750E+00  2.3254E+01  3.4751E+01  8.4482E-01  1.7126E+02  1.9598E+01 -1.6968E+02
  8.0857E+00  2.3290E+01  3.4751E+01  8.4480E-01  1.7126E+02  1.9598E+01 -1.6968E+02
  8.0910E+00  2.3307E+01  3.4751E+01  8.4480E-01  1.7126E+02  1.9598E+01 -1.6968E+02
  8.0965E+00  2.3326E+01  3.4751E+01  8.4479E-01  1.7126E+02  1.9598E+01 -1.6968E+02
  8.1072E+00  2.3361E+01  3.4751E+01  8.4477E-01  1.7125E+02  1.9598E+01 -1.6967E+02
  8.1179E+00  2.3397E+01  3.4751E+01  8.4476E-01  1.7125E+02  1.9598E+01 -1.6967E+02
  8.1287E+00  2.3433E+01  3.4751E+01  8.4474E-01  1.7125E+02  1.9598E+01 -1.6967E+02
  8.1395E+00  2.3469E+01  3.4751E+01  8.4473E-01  1.7125E+02  1.9598E+01 -1.6967E+02
  8.1502E+00  2.3504E+01  3.4751E+01  8.4471E-01  1.7125E+02  1.9599E+01 -1.6967E+02
  8.1609E+00  2.3540E+01  3.4751E+01  8.4470E-01  1.7125E+02  1.9599E+01 -1.6967E+02
  8.1716E+00  2.3576E+01  3.4751E+01  8.4469E-01  1.7124E+02  1.9599E+01 -1.6966E+02
  8.1824E+00  2.3612E+01  3.4751E+01  8.4467E-01  1.7124E+02  1.9599E+01 -1.6966E+02
  8.1931E+00  2.3648E+01  3.4751E+01  8.4466E-01  1.7124E+02  1.9599E+01 -1.6966E+02
  8.2038E+00  2.3683E+01  3.4751E+01  8.4464E-01  1.7124E+02  1.9599E+01 -1.6966E+02
  8.2145E+00  2.3719E+01  3.4751E+01  8.4463E-01  1.7124E+02  1.9599E+01 -1.6966E+02
  8.2253E+00  2.3755E+01  3.4751E+01  8.4461E-01  1.7124E+02  1.9599E+01 -1.6966E+02
  8.2360E+00  2.3791E+01  3.4751E+01  8.4460E-01  1.7123E+02  1.9599E+01 -1.6965E+02
  8.2467E+00  2.3826E+01  3.4751E+01  8.4458E-01  1.7123E+02  1.9599E+01 -1.6965E+02
  8.2574E+00  2.3862E+01  3.4751E+01  8.4457E-01  1.7123E+02  1.9599E+01 -1.6965E+02
  8.2682E+00  2.3898E+01  3.4751E+01  8.4455E-01  1.7123E+02  1.9600E+01 -1.6965E+02
  8.2789E+00  2.3934E+01  3.4751E+01  8.4454E-01  1.7123E+02  1.9600E+01 -1.6965E+02
  8.2896E+00  2.3970E+01  3.4751E+01  8.4452E-01  1.7123E+02  1.9600E+01 -1.6965E+02
  8.3003E+00  2.4005E+01  3.4751E+01  8.4451E-01  1.7122E+02  1.9600E+01 -1.6964E+02
  8.3111E+00  2.4041E+01  3.4751E+01  8.4450E-01  1.7122E+02  1.9600E+01 -1.6964E+02
  8.3218E+00  2.4077E+01  3.4751E+01  8.4448E-01  1.7122E+02  1.9600E+01 -1.6964E+02
  8.3325E+00  2.4113E+01  3.4751E+01  8.4447E-01  1.7122E+02  1.9600E+01 -1.6964E+02
  8.3432E+00  2.4148E+01  3.4751E+01  8.4445E-01  1.7122E+02  1.9600E+01 -1.6964E+02
  8.3540E+00  2.4184E+01  3.4751E+01  8.4444E-01  1.7122E+02  1.9600E+01 -1.6964E+02
  8.3647E+00  2.4220E+01  3.4751E+01  8.4442E-01  1.7121E+02  1.9600E+01 -1.6963E+02
  8.3754E+00  2.4256E+01  3.4751E+01  8.4441E-01  1.7121E+02  1.9601E+01 -1.6963E+02
  8.3861E+00  2.4292E+01  3.4751E+01  8.4439E-01  1.7121E+02  1.9601E+01 -1.6963E+02
  8.3969E+00  2.4328E+01  3.4751E+01  8.4438E-01  1.7121E+02  1.9601E+01 -1.6963E+02
  8.4076E+00  2.4363E+01  3.4751E+01  8.4436E-01  1.7121E+02  1.9601E+01 -1.6963E+02
  8.4183E+00  2.4399E+01  3.4751E+01  8.4435E-01  1.7121E+02  1.9601E+01 -1.6963E+02
  8.4290E+00  2.4435E+01  3.4751E+01  8.4433E-01  1.7120E+02  1.9601E+01 -1.6962E+02
  8.4398E+00  2.4471E+01  3.4751E+01  8.4432E-01  1.7120E+02  1.9601E+01 -1.6962E+02
  8.4505E+00  2.4506E+01  3.4751E+01  8.4431E-01  1.7120E+02  1.9601E+01 -1.6962E+02
  8.4612E+00  2.4542E+01  3.4751E+01  8.4429E-01  1.7120E+02  1.9601E+01 -1.6962E+02
  8.4719E+00  2.4578E+01  3.4751E+01  8.4428E-01  1.7120E+02  1.9602E+01 -1.6962E+02
  8.4827E+00  2.4614E+01  3.4751E+01  8.4426E-01  1.7120E+02  1.9602E+01 -1.6961E+02
  8.4934E+00  2.4650E+01  3.4751E+01  8.4425E-01  1.7119E+02  1.9602E+01 -1.6961E+02
  8.5041E+00  2.4685E+01  3.4751E+01  8.4423E-01  1.7119E+02  1.9602E+01 -1.6961E+02
  8.5148E+00  2.4721E+01  3.4751E+01  8.4422E-01  1.7119E+02  1.9602E+01 -1.6961E+02
  8.5256E+00  2.4757E+01  3.4751E+01  8.4420E-01  1.7119E+02  1.9602E+01 -1.6961E+02
  8.5363E+00  2.4793E+01  3.4751E+01  8.4419E-01  1.7119E+02  1.9602E+01 -1.6961E+02
  8.5470E+00  2.4828E+01  3.4751E+01  8.4417E-01  1.7119E+02  1.9602E+01 -1.6960E+02
  8.5577E+00  2.4864E+01  3.4751E+01  8.4416E-01  1.7118E+02  1.9602E+01 -1.6960E+02
  8.5685E+00  2.4900E+01  3.4751E+01  8.4414E-01  1.7118E+02  1.9603E+01 -1.6960E+02
  8.5792E+00  2.4936E+01  3.4751E+01  8.4413E-01  1.7118E+02  1.9603E+01 -1.6960E+02
  8.5899E+00  2.4972E+01  3.4751E+01  8.4412E-01  1.7118E+02  1.9603E+01 -1.6960E+02
  8.6006E+00  2.5007E+01  3.4751E+01  8.4410E-01  1.7118E+02  1.9603E+01 -1.6960E+02
  8.6114E+00  2.5043E+01  3.4751E+01  8.4409E-01  1.7118E+02  1.9603E+01 -1.6959E+02
  8.6221E+00  2.5079E+01  3.4751E+01  8.4407E-01  1.7117E+02  1.9603E+01 -1.6959E+02
  8.6328E+00  2.5115E+01  3.4751E+01  8.4406E-01  1.7117E+02  1.9603E+01 -1.6959E+02
  8.6435E+00  2.5150E+01  3.4751E+01  8.4404E-01  1.7117E+02  1.9603E+01 -1.6959E+02
  8.6543E+00  2.5186E+01  3.4751E+01  8.4403E-01  1.7117E+02  1.9603E+01 -1.6959E+02
  8.6650E+00  2.5222E+01  3.4751E+01  8.4401E-01  1.7117E+02  1.9604E+01 -1.6959E+02
  8.6757E+00  2.5258E+01  3.4751E+01  8.4400E-01  1.7117E+02  1.9604E+01 -1.6958E+02
  8.6864E+00  2.5293E+01  3.4751E+01  8.4398E-01  1.7116E+02  1.9604E+01 -1.6958E+02
  8.6972E+00  2.5330E+01  3.4751E+01  8.4397E-01  1.7116E+02  1.9604E+01 -1.6958E+02
  8.7079E+00  2.5365E+01  3.4751E+01  8.4395E-01  1.7116E+02  1.9604E+01 -1.6958E+02
  8.7186E+00  2.5401E+01  3.4751E+01  8.4394E-01  1.7116E+02  1.9604E+01 -1.6958E+02
  8.7293E+00  2.5437E+01  3.4751E+01  8.4393E-01  1.7116E+02  1.9604E+01 -1.6957E+02
  8.7401E+00  2.5473E+01  3.4751E+01  8.4391E-01  1.7116E+02  1.9604E+01 -1.6957E+02
  8.7508E+00  2.5508E+01  3.4751E+01  8.4390E-01  1.7115E+02  1.9605E+01 -1.6957E+02
  8.7615E+00  2.5544E+01  3.4751E+01  8.4388E-01  1.7115E+02  1.9605E+01 -1.6957E+02
  8.7722E+00  2.5580E+01  3.4751E+01  8.4387E-01  1.7115E+02  1.9605E+01 -1.6957E+02
  8.7830E+00  2.5616E+01  3.4751E+01  8.4385E-01  1.7115E+02  1.9605E+01 -1.6957E+02
  8.7937E+00  2.5652E+01  3.4751E+01  8.4384E-01  1.7115E+02  1.9605E+01 -1.6956E+02
  8.8045E+00  2.5687E+01  3.4751E+01  8.4382E-01  1.7115E+02  1.9605E+01 -1.6956E+02
  8.8152E+00  2.5723E+01  3.4751E+01  8.4381E-01  1.7114E+02  1.9605E+01 -1.6956E+02
  8.8260E+00  2.5759E+01  3.4751E+01  8.4379E-01  1.7114E+02  1.9605E+01 -1.6956E+02
  8.8367E+00  2.5795E+01  3.4751E+01  8.4378E-01  1.7114E+02  1.9606E+01 -1.6956E+02
  8.8474E+00  2.5830E+01  3.4751E+01  8.4376E-01  1.7114E+02  1.9606E+01 -1.6955E+02
  8.8581E+00  2.5866E+01  3.4751E+01  8.4375E-01  1.7114E+02  1.9606E+01 -1.6955E+02
  8.8689E+00  2.5902E+01  3.4751E+01  8.4374E-01  1.7114E+02  1.9606E+01 -1.6955E+02
  8.8796E+00  2.5938E+01  3.4751E+01  8.4372E-01  1.7113E+02  1.9606E+01 -1.6955E+02
  8.8903E+00  2.5973E+01  3.4751E+01  8.4371E-01  1.7113E+02  1.9606E+01 -1.6955E+02
  8.9010E+00  2.6009E+01  3.4751E+01  8.4369E-01  1.7113E+02  1.9606E+01 -1.6955E+02
  8.9118E+00  2.6045E+01  3.4751E+01  8.4368E-01  1.7113E+02  1.9606E+01 -1.6954E+02
  8.9225E+00  2.6081E+01  3.4751E+01  8.4366E-01  1.7113E+02  1.9607E+01 -1.6954E+02
  8.9332E+00  2.6117E+01  3.4751E+01  8.4365E-01  1.7113E+02  1.9607E+01 -1.6954E+02
  8.9439E+00  2.6152E+01  3.4751E+01  8.4363E-01  1.7112E+02  1.9607E+01 -1.6954E+02
  8.9547E+00  2.6188E+01  3.4751E+01  8.4362E-01  1.7112E+02  1.9607E+01 -1.6954E+02
  8.9654E+00  2.6224E+01  3.4751E+01  8.4360E-01  1.7112E+02  1.9607E+01 -1.6954E+02
  8.9761E+00  2.6260E+01  3.4751E+01  8.4359E-01  1.7112E+02  1.9607E+01 -1.6953E+02
  8.9868E+00  2.6295E+01  3.4751E+01  8.4358E-01  1.7112E+02  1.9607E+01 -1.6953E+02
  8.9976E+00  2.6331E+01  3.4751E+01  8.4356E-01  1.7112E+02  1.9607E+01 -1.6953E+02
  9.0083E+00  2.6367E+01  3.4751E+01  8.4355E-01  1.7111E+02  1.9608E+01 -1.6953E+02
  9.0190E+00  2.6403E+01  3.4751E+01  8.4353E-01  1.7111E+02  1.9608E+01 -1.6953E+02
  9.0297E+00  2.6439E+01  3.4751E+01  8.4352E-01  1.7111E+02  1.9608E+01 -1.6952E+02
  9.0405E+00  2.6475E+01  3.4751E+01  8.4350E-01  1.7111E+02  1.9608E+01 -1.6952E+02
  9.0512E+00  2.6510E+01  3.4751E+01  8.4349E-01  1.7111E+02  1.9608E+01 -1.6952E+02
  9.0619E+00  2.6546E+01  3.4751E+01  8.4347E-01  1.7111E+02  1.9608E+01 -1.6952E+02
  9.0726E+00  2.6582E+01  3.4751E+01  8.4346E-01  1.7110E+02  1.9608E+01 -1.6952E+02
  9.0834E+00  2.6618E+01  3.4751E+01  8.4344E-01  1.7110E+02  1.9609E+01 -1.6952E+02
  9.0941E+00  2.6653E+01  3.4751E+01  8.4343E-01  1.7110E+02  1.9609E+01 -1.6951E+02
  9.1048E+00  2.6689E+01  3.4751E+01  8.4341E-01  1.7110E+02  1.9609E+01 -1.6951E+02
  9.1155E+00  2.6725E+01  3.4751E+01  8.4340E-01  1.7110E+02  1.9609E+01 -1.6951E+02
  9.1263E+00  2.6761E+01  3.4751E+01  8.4339E-01  1.7109E+02  1.9609E+01 -1.6951E+02
  9.1370E+00  2.6797E+01  3.4751E+01  8.4337E-01  1.7109E+02  1.9609E+01 -1.6951E+02
  9.1477E+00  2.6832E+01  3.4751E+01  8.4336E-01  1.7109E+02  1.9609E+01 -1.6950E+02
  9.1584E+00  2.6868E+01  3.4751E+01  8.4334E-01  1.7109E+02  1.9610E+01 -1.6950E+02
  9.1692E+00  2.6904E+01  3.4751E+01  8.4333E-01  1.7109E+02  1.9610E+01 -1.6950E+02
  9.1799E+00  2.6940E+01  3.4751E+01  8.4331E-01  1.7109E+02  1.9610E+01 -1.6950E+02
  9.1906E+00  2.6975E+01  3.4751E+01  8.4330E-01  1.7108E+02  1.9610E+01 -1.6950E+02
  9.2013E+00  2.7011E+01  3.4751E+01  8.4328E-01  1.7108E+02  1.9610E+01 -1.6949E+02
  9.2121E+00  2.7047E+01  3.4751E+01  8.4327E-01  1.7108E+02  1.9610E+01 -1.6949E+02
  9.2228E+00  2.7083E+01  3.4751E+01  8.4325E-01  1.7108E+02  1.9610E+01 -1.6949E+02
  9.2335E+00  2.7119E+01  3.4751E+01  8.4324E-01  1.7108E+02  1.9611E+01 -1.6949E+02
  9.2442E+00  2.7154E+01  3.4751E+01  8.4323E-01  1.7108E+02  1.9611E+01 -1.6949E+02
  9.2550E+00  2.7190E+01  3.4751E+01  8.4321E-01  1.7107E+02  1.9611E+01 -1.6949E+02
  9.2657E+00  2.7226E+01  3.4751E+01  8.4320E-01  1.7107E+02  1.9611E+01 -1.6948E+02
  9.2764E+00  2.7262E+01  3.4751E+01  8.4318E-01  1.7107E+02  1.9611E+01 -1.6948E+02
  9.2871E+00  2.7297E+01  3.4751E+01  8.4317E-01  1.7107E+02  1.9611E+01 -1.6948E+02
  9.2979E+00  2.7333E+01  3.4751E+01  8.4315E-01  1.7107E+02  1.9611E+01 -1.6948E+02
  9.3086E+00  2.7369E+01  3.4751E+01  8.4314E-01  1.7106E+02  1.9612E+01 -1.6948E+02
  9.3193E+00  2.7405E+01  3.4751E+01  8.4312E-01  1.7106E+02  1.9612E+01 -1.6947E+02
  9.3300E+00  2.7441E+01  3.4751E+01  8.4311E-01  1.7106E+02  1.9612E+01 -1.6947E+02
  9.3408E+00  2.7477E+01  3.4751E+01  8.4309E-01  1.7106E+02  1.9612E+01 -1.6947E+02
  9.3515E+00  2.7512E+01  3.4751E+01  8.4308E-01  1.7106E+02  1.9612E+01 -1.6947E+02
  9.3622E+00  2.7548E+01  3.4751E+01  8.4306E-01  1.7106E+02  1.9612E+01 -1.6947E+02
  9.3729E+00  2.7584E+01  3.4751E+01  8.4305E-01  1.7105E+02  1.9612E+01 -1.6946E+02
  9.3837E+00  2.7620E+01  3.4751E+01  8.4304E-01  1.7105E+02  1.9613E+01 -1.6946E+02
  9.3944E+00  2.7655E+01  3.4751E+01  8.4302E-01  1.7105E+02  1.9613E+01 -1.6946E+02
  9.4051E+00  2.7691E+01  3.4751E+01  8.4301E-01  1.7105E+02  1.9613E+01 -1.6946E+02
  9.4158E+00  2.7727E+01  3.4751E+01  8.4299E-01  1.7105E+02  1.9613E+01 -1.6946E+02
  9.4266E+00  2.7763E+01  3.4751E+01  8.4298E-01  1.7105E+02  1.9613E+01 -1.6946E+02
  9.4373E+00  2.7799E+01  3.4751E+01  8.4296E-01  1.7104E+02  1.9613E+01 -1.6945E+02
  9.4480E+00  2.7834E+01  3.4751E+01  8.4295E-01  1.7104E+02  1.9614E+01 -1.6945E+02
  9.4587E+00  2.7870E+01  3.4751E+01  8.4293E-01  1.7104E+02  1.9614E+01 -1.6945E+02
  9.4695E+00  2.7906E+01  3.4751E+01  8.4292E-01  1.7104E+02  1.9614E+01 -1.6945E+02
  9.4802E+00  2.7942E+01  3.4751E+01  8.4290E-01  1.7104E+02  1.9614E+01 -1.6945E+02
  9.4910E+00  2.7977E+01  3.4751E+01  8.4289E-01  1.7103E+02  1.9614E+01 -1.6944E+02
  9.5017E+00  2.8013E+01  3.4751E+01  8.4288E-01  1.7103E+02  1.9614E+01 -1.6944E+02
  9.5125E+00  2.8049E+01  3.4751E+01  8.4286E-01  1.7103E+02  1.9614E+01 -1.6944E+02
  9.5232E+00  2.8085E+01  3.4751E+01  8.4285E-01  1.7103E+02  1.9615E+01 -1.6944E+02
  9.5339E+00  2.8120E+01  3.4751E+01  8.4283E-01  1.7103E+02  1.9615E+01 -1.6944E+02
  9.5446E+00  2.8156E+01  3.4751E+01  8.4282E-01  1.7103E+02  1.9615E+01 -1.6943E+02
  9.5554E+00  2.8192E+01  3.4751E+01  8.4280E-01  1.7102E+02  1.9615E+01 -1.6943E+02
  9.5661E+00  2.8228E+01  3.4751E+01  8.4279E-01  1.7102E+02  1.9615E+01 -1.6943E+02
  9.5768E+00  2.8264E+01  3.4751E+01  8.4277E-01  1.7102E+02  1.9615E+01 -1.6943E+02
  9.5875E+00  2.8299E+01  3.4751E+01  8.4276E-01  1.7102E+02  1.9616E+01 -1.6943E+02
  9.5983E+00  2.8335E+01  3.4751E+01  8.4274E-01  1.7102E+02  1.9616E+01 -1.6942E+02
  9.6090E+00  2.8371E+01  3.4751E+01  8.4273E-01  1.7101E+02  1.9616E+01 -1.6942E+02
  9.6197E+00  2.8407E+01  3.4751E+01  8.4272E-01  1.7101E+02  1.9616E+01 -1.6942E+02
  9.6304E+00  2.8442E+01  3.4751E+01  8.4270E-01  1.7101E+02  1.9616E+01 -1.6942E+02
  9.6410E+00  2.8478E+01  3.4751E+01  8.4269E-01  1.7101E+02  1.9616E+01 -1.6942E+02
  9.6412E+00  2.8479E+01  3.4751E+01  8.4269E-01  1.7101E+02  1.9616E+01 -1.6942E+02
  9.6519E+00  2.8514E+01  3.4751E+01  8.4267E-01  1.7101E+02  1.9617E+01 -1.6942E+02
  9.6626E+00  2.8550E+01  3.4751E+01  8.4266E-01  1.7101E+02  1.9617E+01 -1.6941E+02
  9.6733E+00  2.8586E+01  3.4751E+01  8.4264E-01  1.7100E+02  1.9617E+01 -1.6941E+02
  9.6841E+00  2.8622E+01  3.4751E+01  8.4263E-01  1.7100E+02  1.9617E+01 -1.6941E+02
  9.6948E+00  2.8657E+01  3.4751E+01  8.4261E-01  1.7100E+02  1.9617E+01 -1.6941E+02
  9.7055E+00  2.8693E+01  3.4751E+01  8.4260E-01  1.7100E+02  1.9617E+01 -1.6941E+02
  9.7162E+00  2.8729E+01  3.4751E+01  8.4258E-01  1.7100E+02  1.9618E+01 -1.6940E+02
  9.7270E+00  2.8765E+01  3.4751E+01  8.4257E-01  1.7099E+02  1.9618E+01 -1.6940E+02
  9.7377E+00  2.8800E+01  3.4751E+01  8.4255E-01  1.7099E+02  1.9618E+01 -1.6940E+02
  9.7484E+00  2.8836E+01  3.4751E+01  8.4254E-01  1.7099E+02  1.9618E+01 -1.6940E+02
  9.7591E+00  2.8872E+01  3.4751E+01  8.4253E-01  1.7099E+02  1.9618E+01 -1.6940E+02
  9.7699E+00  2.8908E+01  3.4751E+01  8.4251E-01  1.7099E+02  1.9618E+01 -1.6939E+02
  9.7806E+00  2.8944E+01  3.4751E+01  8.4250E-01  1.7098E+02  1.9619E+01 -1.6939E+02
  9.7913E+00  2.8979E+01  3.4751E+01  8.4248E-01  1.7098E+02  1.9619E+01 -1.6939E+02
  9.8020E+00  2.9015E+01  3.4751E+01  8.4247E-01  1.7098E+02  1.9619E+01 -1.6939E+02
  9.8128E+00  2.9051E+01  3.4751E+01  8.4245E-01  1.7098E+02  1.9619E+01 -1.6939E+02
  9.8235E+00  2.9087E+01  3.4751E+01  8.4244E-01  1.7098E+02  1.9619E+01 -1.6938E+02
  9.8342E+00  2.9122E+01  3.4751E+01  8.4242E-01  1.7098E+02  1.9620E+01 -1.6938E+02
  9.8449E+00  2.9158E+01  3.4751E+01  8.4241E-01  1.7097E+02  1.9620E+01 -1.6938E+02
  9.8557E+00  2.9194E+01  3.4751E+01  8.4239E-01  1.7097E+02  1.9620E+01 -1.6938E+02
  9.8664E+00  2.9230E+01  3.4751E+01  8.4238E-01  1.7097E+02  1.9620E+01 -1.6938E+02
  9.8771E+00  2.9266E+01  3.4751E+01  8.4237E-01  1.7097E+02  1.9620E+01 -1.6937E+02
  9.8878E+00  2.9301E+01  3.4751E+01  8.4235E-01  1.7097E+02  1.9620E+01 -1.6937E+02
  9.8986E+00  2.9337E+01  3.4751E+01  8.4234E-01  1.7096E+02  1.9621E+01 -1.6937E+02
  9.9093E+00  2.9373E+01  3.4751E+01  8.4232E-01  1.7096E+02  1.9621E+01 -1.6937E+02
  9.9200E+00  2.9409E+01  3.4751E+01  8.4231E-01  1.7096E+02  1.9621E+01 -1.6937E+02
  9.9307E+00  2.9444E+01  3.4751E+01  8.4229E-01  1.7096E+02  1.9621E+01 -1.6936E+02
  9.9415E+00  2.9480E+01  3.4751E+01  8.4228E-01  1.7096E+02  1.9621E+01 -1.6936E+02
  9.9522E+00  2.9516E+01  3.4751E+01  8.4226E-01  1.7095E+02  1.9621E+01 -1.6936E+02
  9.9629E+00  2.9552E+01  3.4751E+01  8.4225E-01  1.7095E+02  1.9622E+01 -1.6936E+02
  9.9736E+00  2.9588E+01  3.4751E+01  8.4223E-01  1.7095E+02  1.9622E+01 -1.6936E+02
  9.9844E+00  2.9624E+01  3.4751E+01  8.4222E-01  1.7095E+02  1.9622E+01 -1.6935E+02
  9.9951E+00  2.9659E+01  3.4751E+01  8.4221E-01  1.7095E+02  1.9622E+01 -1.6935E+02
  1.0006E+01  2.9695E+01  3.4751E+01  8.4219E-01  1.7095E+02  1.9622E+01 -1.6935E+02
  1.0017E+01  2.9731E+01  3.4751E+01  8.4218E-01  1.7094E+02  1.9623E+01 -1.6935E+02
  1.0027E+01  2.9767E+01  3.4751E+01  8.4216E-01  1.7094E+02  1.9623E+01 -1.6935E+02
  1.0038E+01  2.9802E+01  3.4751E+01  8.4215E-01  1.7094E+02  1.9623E+01 -1.6934E+02
  1.0049E+01  2.9838E+01  3.4751E+01  8.4213E-01  1.7094E+02  1.9623E+01 -1.6934E+02
  1.0059E+01  2.9874E+01  3.4751E+01  8.4212E-01  1.7094E+02  1.9623E+01 -1.6934E+02
  1.0070E+01  2.9910E+01  3.4751E+01  8.4210E-01  1.7093E+02  1.9624E+01 -1.6934E+02
  1.0081E+01  2.9946E+01  3.4751E+01  8.4209E-01  1.7093E+02  1.9624E+01 -1.6934E+02
  1.0092E+01  2.9981E+01  3.4751E+01  8.4207E-01  1.7093E+02  1.9624E+01 -1.6933E+02
  1.0102E+01  3.0017E+01  3.4751E+01  8.4206E-01  1.7093E+02  1.9624E+01 -1.6933E+02
  1.0113E+01  3.0053E+01  3.4751E+01  8.4205E-01  1.7093E+02  1.9624E+01 -1.6933E+02
  1.0124E+01  3.0089E+01  3.4751E+01  8.4203E-01  1.7092E+02  1.9624E+01 -1.6933E+02
  1.0135E+01  3.0124E+01  3.4751E+01  8.4202E-01  1.7092E+02  1.9625E+01 -1.6933E+02
  1.0145E+01  3.0160E+01  3.4751E+01  8.4200E-01  1.7092E+02  1.9625E+01 -1.6932E+02
  1.0156E+01  3.0196E+01  3.4751E+01  8.4199E-01  1.7092E+02  1.9625E+01 -1.6932E+02
  1.0167E+01  3.0232E+01  3.4751E+01  8.4197E-01  1.7092E+02  1.9625E+01 -1.6932E+02
  1.0177E+01  3.0268E+01  3.4751E+01  8.4196E-01  1.7091E+02  1.9625E+01 -1.6932E+02
  1.0188E+01  3.0303E+01  3.4751E+01  8.4194E-01  1.7091E+02  1.9626E+01 -1.6932E+02
  1.0199E+01  3.0339E+01  3.4751E+01  8.4193E-01  1.7091E+02  1.9626E+01 -1.6931E+02
  1.0210E+01  3.0375E+01  3.4751E+01  8.4191E-01  1.7091E+02  1.9626E+01 -1.6931E+02
  1.0220E+01  3.0411E+01  3.4751E+01  8.4190E-01  1.7091E+02  1.9626E+01 -1.6931E+02
  1.0231E+01  3.0446E+01  3.4751E+01  8.4189E-01  1.7090E+02  1.9626E+01 -1.6931E+02
  1.0242E+01  3.0482E+01  3.4751E+01  8.4187E-01  1.7090E+02  1.9627E+01 -1.6930E+02
  1.0253E+01  3.0518E+01  3.4751E+01  8.4186E-01  1.7090E+02  1.9627E+01 -1.6930E+02
  1.0263E+01  3.0554E+01  3.4751E+01  8.4184E-01  1.7090E+02  1.9627E+01 -1.6930E+02
  1.0274E+01  3.0589E+01  3.4751E+01  8.4182E-01  1.7090E+02  1.9627E+01 -1.6930E+02
  1.0285E+01  3.0626E+01  3.4751E+01  8.4181E-01  1.7089E+02  1.9628E+01 -1.6930E+02
  1.0295E+01  3.0661E+01  3.4751E+01  8.4179E-01  1.7089E+02  1.9628E+01 -1.6929E+02
  1.0306E+01  3.0697E+01  3.4751E+01  8.4177E-01  1.7089E+02  1.9628E+01 -1.6929E+02
  1.0317E+01  3.0733E+01  3.4751E+01  8.4175E-01  1.7089E+02  1.9629E+01 -1.6929E+02
  1.0328E+01  3.0769E+01  3.4751E+01  8.4174E-01  1.7089E+02  1.9629E+01 -1.6929E+02
  1.0338E+01  3.0804E+01  3.4751E+01  8.4172E-01  1.7088E+02  1.9630E+01 -1.6929E+02
  1.0349E+01  3.0840E+01  3.4751E+01  8.4170E-01  1.7088E+02  1.9630E+01 -1.6928E+02
  1.0360E+01  3.0876E+01  3.4751E+01  8.4168E-01  1.7088E+02  1.9630E+01 -1.6928E+02
  1.0371E+01  3.0912E+01  3.4751E+01  8.4167E-01  1.7088E+02  1.9631E+01 -1.6928E+02
  1.0381E+01  3.0948E+01  3.4751E+01  8.4165E-01  1.7088E+02  1.9631E+01 -1.6928E+02
  1.0392E+01  3.0983E+01  3.4751E+01  8.4163E-01  1.7087E+02  1.9632E+01 -1.6927E+02
  1.0403E+01  3.1019E+01  3.4751E+01  8.4161E-01  1.7087E+02  1.9632E+01 -1.6927E+02
  1.0413E+01  3.1055E+01  3.4751E+01  8.4159E-01  1.7087E+02  1.9633E+01 -1.6927E+02
  1.0424E+01  3.1091E+01  3.4751E+01  8.4158E-01  1.7087E+02  1.9633E+01 -1.6927E+02
  1.0435E+01  3.1126E+01  3.4751E+01  8.4156E-01  1.7087E+02  1.9633E+01 -1.6927E+02
  1.0446E+01  3.1162E+01  3.4751E+01  8.4154E-01  1.7086E+02  1.9634E+01 -1.6926E+02
  1.0456E+01  3.1198E+01  3.4751E+01  8.4152E-01  1.7086E+02  1.9634E+01 -1.6926E+02
  1.0467E+01  3.1234E+01  3.4751E+01  8.4150E-01  1.7086E+02  1.9635E+01 -1.6926E+02
  1.0478E+01  3.1269E+01  3.4751E+01  8.4149E-01  1.7086E+02  1.9635E+01 -1.6926E+02
  1.0488E+01  3.1305E+01  3.4751E+01  8.4147E-01  1.7086E+02  1.9636E+01 -1.6925E+02
  1.0499E+01  3.1341E+01  3.4751E+01  8.4145E-01  1.7085E+02  1.9636E+01 -1.6925E+02
  1.0510E+01  3.1377E+01  3.4751E+01  8.4143E-01  1.7085E+02  1.9637E+01 -1.6925E+02
  1.0521E+01  3.1413E+01  3.4751E+01  8.4141E-01  1.7085E+02  1.9637E+01 -1.6925E+02
  1.0531E+01  3.1448E+01  3.4751E+01  8.4140E-01  1.7085E+02  1.9637E+01 -1.6925E+02
  1.0542E+01  3.1484E+01  3.4751E+01  8.4138E-01  1.7085E+02  1.9638E+01 -1.6924E+02
  1.0553E+01  3.1520E+01  3.4751E+01  8.4136E-01  1.7084E+02  1.9638E+01 -1.6924E+02
  1.0564E+01  3.1556E+01  3.4751E+01  8.4134E-01  1.7084E+02  1.9639E+01 -1.6924E+02
  1.0574E+01  3.1591E+01  3.4751E+01  8.4132E-01  1.7084E+02  1.9639E+01 -1.6924E+02
  1.0585E+01  3.1627E+01  3.4751E+01  8.4131E-01  1.7084E+02  1.9640E+01 -1.6923E+02
  1.0596E+01  3.1663E+01  3.4751E+01  8.4129E-01  1.7083E+02  1.9640E+01 -1.6923E+02
  1.0607E+01  3.1699E+01  3.4751E+01  8.4127E-01  1.7083E+02  1.9641E+01 -1.6923E+02
  1.0617E+01  3.1735E+01  3.4751E+01  8.4125E-01  1.7083E+02  1.9641E+01 -1.6923E+02
  1.0628E+01  3.1771E+01  3.4751E+01  8.4124E-01  1.7083E+02  1.9642E+01 -1.6923E+02
  1.0639E+01  3.1806E+01  3.4751E+01  8.4122E-01  1.7083E+02  1.9642E+01 -1.6922E+02
  1.0649E+01  3.1842E+01  3.4751E+01  8.4120E-01  1.7082E+02  1.9643E+01 -1.6922E+02
  1.0660E+01  3.1878E+01  3.4751E+01  8.4118E-01  1.7082E+02  1.9643E+01 -1.6922E+02
  1.0671E+01  3.1914E+01  3.4751E+01  8.4116E-01  1.7082E+02  1.9643E+01 -1.6922E+02
  1.0682E+01  3.1949E+01  3.4751E+01  8.4115E-01  1.7082E+02  1.9644E+01 -1.6921E+02
  1.0692E+01  3.1985E+01  3.4751E+01  8.4113E-01  1.7082E+02  1.9644E+01 -1.6921E+02
  1.0703E+01  3.2021E+01  3.4751E+01  8.4111E-01  1.7081E+02  1.9645E+01 -1.6921E+02
  1.0714E+01  3.2057E+01  3.4751E+01  8.4109E-01  1.7081E+02  1.9645E+01 -1.6921E+02
  1.0725E+01  3.2093E+01  3.4751E+01  8.4107E-01  1.7081E+02  1.9646E+01 -1.6920E+02
  1.0746E+01  3.2164E+01  3.4751E+01  8.4104E-01  1.7080E+02  1.9647E+01 -1.6920E+02
