  1.262648436069E-03  1.662468729422E-03  1.074584737898E+01 -1.029480821786E+05  3.338453833028E+04  3.531700564162E+07  4.167060482979E+01 -4.882812500000E-04   1   5
 -3.962412702003E-04  1.799212839978E-03  3.467411671974E-04  3.433472372705E+04  3.432062348328E+04 -7.746379028958E+04 -9.523933706518E+00 -4.882812500000E-04   1   3
 -1.287384512205E-03 -3.491831481152E-04  2.778409689377E-04  1.078260064280E+05 -6.537255727415E+03 -6.897946702921E+04 -9.522988485144E+00 -4.882812500000E-04   1   3
 -1.640445035340E-04  1.000922786513E-03  1.654456237219E-04  1.360682539974E+04  1.840661231562E+04 -3.650394368052E+04 -9.524798559844E+00 -4.882812500000E-04   1   3
 -1.127366940557E-03 -3.165195471954E-04  1.440201542664E-04  9.305493906348E+04 -5.924176788408E+03 -4.021828904662E+04 -9.523625250239E+00 -4.882812500000E-04   1   3
 -2.942277613299E-04  1.544506936799E-03  2.026307712217E-04  2.467610145698E+04  2.847373853640E+04 -4.461516274938E+04 -9.524509311192E+00 -4.882812500000E-04   1   3
 -1.384020175649E-03 -4.071498131901E-04  1.450615295813E-04  1.147031946947E+05 -7.529735081515E+03 -4.363538711611E+04 -9.523253324280E+00 -4.882812500000E-04   1   3
 -4.036635779470E-04  8.163105600925E-04 -5.605745464869E-04  2.969097439422E+04  1.540500742445E+04  9.499712142634E+04 -9.526627516734E+00 -4.882812500000E-04   1   5
 -6.344454542159E-04  1.307081985660E-03  8.741785061126E-04  6.398247998575E+04  2.289899290332E+04 -2.169638699478E+05 -9.521815750876E+00 -4.882812500000E-04   1   5
 -2.876698558810E-04 -7.279742792205E-04 -6.449042507448E-04  2.018581070480E+04 -1.440727545161E+04  1.092262618147E+05 -9.527008409960E+00 -4.882812500000E-04   1   5
  1.799137129519E-04  8.972907406114E-04  1.022115185531E-03 -6.838999510156E+03  1.595080262005E+04 -2.376917985935E+05 -9.522541600820E+00 -4.882812500000E-04   1   5
  1.342695802913E-03 -5.251244249724E-04  5.928278004124E-04 -1.125701575696E+05 -9.484688169259E+03 -1.199349404982E+05 -9.525469209644E+00 -4.882812500000E-04   1   5
  1.348033590653E-04  6.916158094622E-04 -1.225181826308E-03 -1.277220458371E+04  1.727741566662E+04  1.752409489411E+05 -9.529143206866E+00 -4.882812500000E-04   1   5
  3.884172592147E-04  3.666446469436E-04  1.290156229846E-03 -2.040254448688E+04  5.942523845182E+03 -3.072963830970E+05 -9.521858279499E+00 -4.882812500000E-04   1   5
  9.688230595927E-04  1.885851526792E-04 -5.494418047594E-04 -7.971262693400E+04  3.315344532991E+03  9.807379006376E+04 -9.528154398958E+00 -4.882812500000E-04   1   5
  6.575822891223E-04 -2.212928101397E-04  1.328598208472E-03 -4.483757634632E+04 -3.085038983655E+03 -3.116865832574E+05 -9.522139348328E+00 -4.882812500000E-04   1   5
  1.164190349247E-03  7.326927052858E-04  4.806136462232E-04 -9.724424110380E+04  1.314052860118E+04 -9.910513699176E+04 -9.525571056093E+00 -4.882812500000E-04   1   5
 -1.589217432941E-03  4.707869503980E-04 -4.888942606716E-04  1.239102399766E+05  9.278495228099E+03  8.012864530892E+04 -9.524977362802E+00 -4.882812500000E-04   1   5
 -7.463232410032E-05  8.249712256503E-04  1.025867337448E-03  1.699032640541E+04  1.402263601010E+04 -2.477769956585E+05 -9.522114644717E+00 -4.882812500000E-04   1   5
  1.361058267400E-04  4.690270247090E-04  6.145274609537E-04 -8.109593383476E+03  7.908125902457E+03 -1.346820527492E+05 -9.523824138334E+00 -4.882812500000E-04   1   5
 -2.052296768563E-05 -4.924990918322E-04 -1.079046150632E-03 -1.237617946272E+03 -1.023003115794E+04  1.675964225922E+05 -9.528564237743E+00 -4.882812500000E-04   1   5
  1.651301729904E-04 -7.741257139258E-04  8.942082310810E-04 -7.219257439275E+03 -1.366296013062E+04 -2.086139164400E+05 -9.522959679800E+00 -4.882812500000E-04   1   5
 -5.021523497082E-04 -1.937125588598E-03  1.547616890363E-03  6.936761896900E+04 -3.345077143295E+04 -3.846533735517E+05 -9.519334128741E+00 -4.882812500000E-04   1   5
 -6.458576859482E-04  6.267117386674E-04  5.822751759545E-04  5.999673305220E+04  1.104696827111E+04 -1.369780142091E+05 -9.522777284367E+00 -4.882812500000E-04   1   5
  1.018266083775E-03 -2.055548440302E-03  1.402945273833E-03 -7.760229784097E+04 -3.598092339863E+04 -3.266119082653E+05 -9.522420914523E+00 -4.882812500000E-04   1   5
  6.163429674004E-04  5.221134861035E-04  1.611890635079E-03 -3.560263912799E+04  8.520303429063E+03 -3.855360774363E+05 -9.521000960161E+00 -4.882812500000E-04   1   5
 -2.416883927298E-04  1.904850223027E-04 -1.823583141825E-04  1.638039845481E+04  3.166531926659E+03  3.387116483632E+04 -9.525824785882E+00 -4.882812500000E-04   1   5
  2.149439647768E-04 -9.990118828415E-04 -4.319594591742E-04 -1.924330915986E+04 -1.895244692585E+04  7.970983858956E+04 -9.526957641828E+00 -4.882812500000E-04   1   5
  1.316677644400E-04 -1.294958280129E-03  2.116573597366E-04 -1.104619382503E+04 -2.352482271723E+04 -4.306334442471E+04 -9.525048458208E+00 -4.882812500000E-04   1   5
 -7.528978701758E-04  7.723794411833E-04 -1.260410652582E-03  5.506823060592E+04  1.752834428257E+04  1.819358480642E+05 -9.528302858672E+00 -4.882812500000E-04   1   5
 -1.389193886358E-03  9.293335779125E-04 -2.853661542623E-04  1.099314426768E+05  1.756337116206E+04  4.511258461647E+04 -9.524595424587E+00 -4.882812500000E-04   1   5
  1.104348337323E-03 -2.265991131804E-04 -1.149690649870E-03 -8.763249589865E+04 -5.198376871644E+03  1.679637782984E+05 -9.529914505595E+00 -4.882812500000E-04   1   5
 -1.109628109108E-04  1.238046748035E-03 -2.290700994880E-04  7.438379259419E+03  2.203189135821E+04  4.408155063140E+04 -9.525995640582E+00 -4.882812500000E-04   1   5
  2.591930929122E-05  1.036131773527E-03 -4.672429538388E-04 -4.611000623715E+03  1.889687706126E+04  8.640089225122E+04 -9.526862048222E+00 -4.882812500000E-04   1   5
 -2.232167690862E-04 -5.146167214082E-04 -9.199240751805E-04  1.548655011372E+04 -8.451164502007E+03  1.440433622749E+05 -9.527845005596E+00 -4.882812500000E-04   1   5
  1.287685548786E-03 -2.955176871331E-04  6.880128429074E-04 -1.077851552858E+05 -5.123486867067E+03 -1.425157155493E+05 -9.525135042262E+00 -4.882812500000E-04   1   5
  5.976788696948E-04  1.368023488810E-03  6.544271087829E-04 -4.795855077277E+04  2.385580548260E+04 -1.391809475595E+05 -9.524327463494E+00 -4.882812500000E-04   1   5
 -1.862496956194E-03 -8.175176768908E-04 -4.756635234315E-04  1.456030583579E+05 -1.617006186623E+04  7.524745490769E+04 -9.524596131326E+00 -4.882812500000E-04   1   5
  5.839830720359E-04  2.178568831329E-03  7.213674433029E-04 -4.594467921143E+04  3.919936911573E+04 -1.570619979303E+05 -9.524067603193E+00 -4.882812500000E-04   1   5
  2.793991108531E-04  9.147463319865E-04 -8.285339285106E-04 -2.423723768061E+04  1.884769781234E+04  1.336787505170E+05 -9.528149785845E+00 -4.882812500000E-04   1   5
  1.773655774174E-04  2.641527210618E-03  1.134467220053E-03 -3.997762734174E+03  4.638455869194E+04 -2.720855668562E+05 -9.522084267756E+00 -4.882812500000E-04   1   5
  4.694547432703E-04  1.670435011321E-04  5.829915994457E-04 -3.757595923204E+04  3.040270034350E+03 -1.244242258160E+05 -9.524398436883E+00 -4.882812500000E-04   1   5
 -1.355437466925E-04  1.334003390245E-03  9.820445236439E-04  2.102287533134E+04  2.355598669578E+04 -2.357187859723E+05 -9.522206942881E+00 -4.882812500000E-04   1   5
  3.715075636158E-04 -2.059126564673E-03  8.593940181818E-04 -2.585466314477E+04 -3.661624311528E+04 -1.944561496899E+05 -9.523336740620E+00 -4.882812500000E-04   1   5
 -6.431278776845E-04  2.080257660546E-03  5.397564851606E-04  5.822451478875E+04  3.769287673582E+04 -1.279119335942E+05 -9.522960293494E+00 -4.882812500000E-04   1   5
  2.855124202627E-04 -3.222378291987E-04 -1.561489270845E-04 -2.638708491691E+04 -5.368800597531E+03  3.079834984153E+04 -9.526386265978E+00 -4.882812500000E-04   1   5
  3.521769467545E-04 -4.105870890156E-04 -1.414857591474E-03 -2.951538736073E+04 -8.942599938455E+03  1.913832889021E+05 -9.529959028980E+00 -4.882812500000E-04   1   5
  1.457185058797E-04  1.088889740125E-03  5.510529891151E-04 -9.618218850523E+03  1.960923486110E+04 -1.210601335218E+05 -9.524039996052E+00 -4.882812500000E-04   1   5
 -9.004245030727E-04 -1.485407532754E-03  1.187579999863E-03  9.779112453603E+04 -2.592288812657E+04 -3.153779196802E+05 -9.520107258777E+00 -4.882812500000E-04   1   5
  6.810442124122E-05 -5.490146731969E-04  3.835434082138E-04 -4.973236504125E+03 -8.748924250252E+03 -7.938294725132E+04 -9.524480135495E+00 -4.882812500000E-04   1   5
  1.246505169338E-05 -7.557805948480E-04  1.215328503612E-04 -1.285249593304E+03 -1.362953138878E+04 -2.889454140037E+04 -9.525163539786E+00 -4.882812500000E-04   1   5
 -2.755612626767E-04  1.923506634792E-03  7.568421182196E-04  2.962821595035E+04  3.407038009878E+04 -1.750109304744E+05 -9.522758475455E+00 -4.882812500000E-04   1   5
  4.628136982345E-04 -5.557001506466E-04  9.800601542178E-04 -3.252486524310E+04 -1.006751291551E+04 -2.272571917047E+05 -9.523096195733E+00 -4.882812500000E-04   1   5
 -1.008674389890E-04 -1.470802204313E-04 -3.568080183456E-04  3.971510495771E+03 -2.758072450865E+03  6.845182779939E+04 -9.526511957560E+00 -4.882812500000E-04   1   5
 -1.323791069293E-06  8.853825016830E-04 -6.212577925275E-04 -2.524932407160E+03  1.660346002809E+04  1.064006351456E+05 -9.527275317246E+00 -4.882812500000E-04   1   5
  4.668544075819E-04  1.983910052530E-03  1.119158242032E-03 -3.104770546964E+04  3.495961183236E+04 -2.609849159242E+05 -9.522606248521E+00 -4.882812500000E-04   1   5
  1.874911967418E-03 -4.627798718542E-05  2.542714298315E-04 -1.558610153593E+05 -7.506807151256E+02 -4.724479606599E+04 -9.526952936727E+00 -4.882812500000E-04   1   5
 -1.128650440132E-03 -3.664772368224E-04  2.306967882966E-04  9.467938786759E+04 -6.644139171178E+03 -5.662390182259E+04 -9.523310953261E+00 -4.882812500000E-04   1   5
 -5.593592216084E-04  8.932077309049E-04 -9.454718852986E-04  4.101126013045E+04  1.747310073403E+04  1.478604247305E+05 -9.527567400157E+00 -4.882812500000E-04   1   5
 -5.262507309981E-04 -8.405549210651E-04 -7.787818009817E-04  3.863211791355E+04 -1.740656766326E+04  1.259757871634E+05 -9.527125572661E+00 -4.882812500000E-04   1   5
  9.365499517672E-04  5.828413165535E-05 -4.785198032309E-05 -7.757273307640E+04  9.047950108686E+02  1.027228150978E+04 -9.526735209576E+00 -4.882812500000E-04   1   5
  9.512162354494E-04 -2.760346027461E-04  4.850892659789E-04 -7.927295289123E+04 -5.015108973610E+03 -1.019251884718E+05 -9.525313308737E+00 -4.882812500000E-04   1   5
  1.675642822404E-04  3.201556844070E-04 -2.925484029888E-04 -1.619485507403E+04  5.902421297489E+03  5.985107368152E+04 -9.526561052090E+00 -4.882812500000E-04   1   5
  4.262127858231E-04 -1.157774353924E-03  4.323517046405E-04 -3.484301969249E+04 -2.047368248167E+04 -9.108865447794E+04 -9.524793264257E+00 -4.882812500000E-04   1   5
  2.078082760247E-03 -1.180700529798E-03  1.443889832341E-03 -1.756785012534E+05 -2.054875456617E+04 -3.270274280303E+05 -9.523794632508E+00 -4.882812500000E-04   1   5
 -2.323367201872E-04  6.517637671747E-04  2.552853569586E-04  2.059511311129E+04  1.153402422012E+04 -5.262857811103E+04 -9.524393157668E+00 -4.882812500000E-04   1   5
  1.142084191294E-03  4.622440538627E-04 -1.356610486125E-03 -8.992220754879E+04  1.004563104850E+04  1.894795827006E+05 -9.530533152385E+00 -4.882812500000E-04   1   5
 -1.604752342776E-03 -3.492906323492E-04  5.230407288508E-04  1.406038349810E+05 -6.479266721149E+03 -1.430316649004E+05 -9.521659573731E+00 -4.882812500000E-04   1   5
  8.843649209617E-04 -7.288503039020E-04 -7.606510153781E-04 -7.185140455705E+04 -1.433153860201E+04  1.273878815046E+05 -9.528602434267E+00 -4.882812500000E-04   1   5
 -9.013845312864E-04 -2.810713326137E-04 -1.140073690225E-03  6.644657284854E+04 -7.069208949910E+03  1.684737132916E+05 -9.527807087979E+00 -4.882812500000E-04   1   5
 -1.100983544379E-03 -8.417861421781E-04 -2.490665128292E-04  8.704242277641E+04 -1.566160940131E+04  4.018573248851E+04 -9.524855285270E+00 -4.882812500000E-04   1   5
  4.734122877877E-04 -2.435921871708E-04 -7.799351266655E-04 -3.973129119702E+04 -4.690465717005E+03  1.279132134076E+05 -9.528247131287E+00 -4.882812500000E-04   1   5
 -1.779831304670E-03 -1.162682579555E-04  1.208407490356E-04  1.465172899179E+05 -2.333942101409E+03 -4.336086147879E+04 -9.522827441423E+00 -4.882812500000E-04   1   5
 -1.714242567129E-04  1.203039102258E-03 -4.962823107508E-04  1.174834099460E+04  2.221997621319E+04  8.986611665983E+04 -9.526672289335E+00 -4.882812500000E-04   1   5
 -8.164310616816E-04 -2.224913332936E-03  1.059432221485E-03  8.548271522258E+04 -3.955021008520E+04 -2.756344898959E+05 -9.520793175208E+00 -4.882812500000E-04   1   5
  1.291137037008E-03 -1.256296055669E-03  1.016915115835E-03 -1.066507902660E+05 -2.212071039512E+04 -2.267733066640E+05 -9.524137158075E+00 -4.882812500000E-04   1   5
 -4.729808216285E-04  7.191407750988E-05  2.325394808196E-04  3.989407957293E+04  1.237930931503E+03 -5.104089212944E+04 -9.524190908155E+00 -4.882812500000E-04   1   5
  1.505496713338E-03 -1.086080734494E-03  1.647721772775E-03 -1.207389935954E+05 -1.864666286267E+04 -3.794427831438E+05 -9.522310010475E+00 -4.882812500000E-04   1   5
  2.502646765379E-04 -2.973090427167E-04 -3.108133878271E-06 -2.198110234589E+04 -5.285349505105E+03  3.873018954702E+03 -9.525832047219E+00 -4.882812500000E-04   1   5
  8.480284293155E-04  1.927954840329E-04  1.772188045805E-03 -5.717075197424E+04  3.135059894671E+03 -3.932270124438E+05 -9.520835871518E+00 -4.882812500000E-04   1   5
 -4.314488145007E-04 -7.481998984478E-04  1.438955879822E-03  5.973581181868E+04 -1.311284382847E+04 -3.642041135969E+05 -9.519940057989E+00 -4.882812500000E-04   1   5
  3.380943575376E-04 -8.025968914946E-04 -6.415309166528E-04 -2.930504343920E+04 -1.514439088435E+04  1.103083297896E+05 -9.527708095318E+00 -4.882812500000E-04   1   5
  5.666634406800E-04 -9.956690051266E-04  5.061522692031E-04 -4.599660265333E+04 -1.790581580666E+04 -1.116543795870E+05 -9.524745115924E+00 -4.882812500000E-04   1   5
  4.319363831347E-04 -3.957128184585E-04 -4.712196367240E-04 -3.621827190556E+04 -8.188497033419E+03  8.254316301677E+04 -9.527311203118E+00 -4.882812500000E-04   1   5
  2.016992086083E-03  3.876665425674E-04  1.627805231317E-03 -1.690602269235E+05  6.682345971397E+03 -3.701637120643E+05 -9.523107056054E+00 -4.882812500000E-04   1   5
 -7.487339543189E-05 -1.089959506411E-03 -2.453554819901E-04  4.222211318301E+03 -2.085514345896E+04  4.793538035642E+04 -9.526094755519E+00 -4.882812500000E-04   1   5
 -5.716770212501E-04  1.740788647777E-03  1.092344156273E-03  6.383326823417E+04  3.046978217800E+04 -2.761384778900E+05 -9.521069707327E+00 -4.882812500000E-04   1   5
  9.975489243928E-04  6.021629568355E-04 -1.080213466874E-03 -7.984960878772E+04  1.272181686542E+04  1.667927206814E+05 -9.529606318877E+00 -4.882812500000E-04   1   5
 -7.935158717053E-04 -4.983462685590E-04 -1.160243448096E-03  5.818168855319E+04 -1.207754874010E+04  1.651454982808E+05 -9.528003145935E+00 -4.882812500000E-04   1   5
  8.056743932249E-04  6.248587016750E-04  1.266999140345E-03 -5.953955509244E+04  1.112150071293E+04 -2.978624819304E+05 -9.522596809574E+00 -4.882812500000E-04   1   5
 -5.822102719626E-04 -9.098188957986E-04  1.624620463563E-04  4.899432771770E+04 -1.588826692321E+04 -3.779148020031E+04 -9.524223214834E+00 -4.882812500000E-04   1   5
 -9.352456783400E-04 -5.917351237119E-04  7.885447530320E-05  7.728136374068E+04 -1.053201460767E+04 -2.278342661770E+04 -9.524023150907E+00 -4.882812500000E-04   1   5
  1.154712830101E-03  1.257761544530E-03  5.127222400958E-04 -9.623747524288E+04  2.261986965580E+04 -1.053626821607E+05 -9.525449681775E+00 -4.882812500000E-04   1   5
 -2.774147640586E-04  4.639998055693E-04 -9.372617396632E-04  1.967012250612E+04  7.166938327208E+03  1.473921238180E+05 -9.527831405140E+00 -4.882812500000E-04   1   5
 -2.914718367994E-04 -7.504311645015E-04 -3.986948501264E-04  2.117790380431E+04 -1.465181598143E+04  6.871793429229E+04 -9.526298023139E+00 -4.882812500000E-04   1   5
  1.055839561071E-03 -4.254860829070E-04  6.185197040125E-04 -8.789939558512E+04 -7.540585777066E+03 -1.273677770458E+05 -9.525045833492E+00 -4.882812500000E-04   1   5
 -5.431679752747E-04  7.863872592289E-04  1.507050590051E-03  7.351471326803E+04  1.344978413613E+04 -3.831349708551E+05 -9.519385635944E+00 -4.882812500000E-04   1   5
  1.389260349628E-03  2.379159325654E-04  8.925783068605E-04 -1.159901732397E+05  4.225696391157E+03 -1.911295662152E+05 -9.524649658342E+00 -4.882812500000E-04   1   5
 -6.134924111902E-04  1.023264418188E-03 -3.129250317073E-04  4.751402266855E+04  1.939738439772E+04  5.813711081996E+04 -9.525625371385E+00 -4.882812500000E-04   1   5
  9.509563655264E-04  1.301065515307E-03  9.879218748434E-04 -7.532266537937E+04  2.369021615913E+04 -2.257148250075E+05 -9.523708143305E+00 -4.882812500000E-04   1   5
 -2.979618234610E-04  4.860285623230E-06  1.710565932207E-04  2.457760458485E+04  1.607062784328E+02 -3.936527680012E+04 -9.524630729436E+00 -4.882812500000E-04   1   5
  9.133380539647E-04  2.167261511378E-03  1.007595366062E-03 -7.231651623934E+04  3.804933306384E+04 -2.295274918601E+05 -9.523607082476E+00 -4.882812500000E-04   1   5
  3.141150283951E-04 -9.704266693717E-05 -1.223951992337E-03 -2.689591338068E+04 -2.137195428916E+03  1.747832301710E+05 -9.529366171978E+00 -4.882812500000E-04   1   5
 -1.459089925220E-03  9.265785037992E-04  1.175056337104E-04  1.206387498380E+05  1.717973917035E+04 -3.917385905769E+04 -9.523231661538E+00 -4.882812500000E-04   1   5
  1.769195483127E-03 -8.439342920745E-04  1.449821831518E-03 -1.464178738319E+05 -1.481501378037E+04 -3.297701226398E+05 -9.523326671985E+00 -4.882812500000E-04   1   5
  1.131061374669E-03 -8.744581976073E-04  1.321091545469E-03 -8.928784272715E+04 -1.502812143986E+04 -3.043853450663E+05 -9.522903890400E+00 -4.882812500000E-04   1   5
  7.907187583115E-05 -9.502522461241E-04  4.891343272586E-04 -4.303422499923E+03 -1.737005950588E+04 -1.132013042840E+05 -9.524153834766E+00 -4.882812500000E-04   1   5
 -5.307262388324E-05  1.034755284631E-03 -7.125354426023E-04  1.441134806984E+03  1.982186125294E+04  1.195688718518E+05 -9.527475137179E+00 -4.882812500000E-04   1   5
 -5.357187708097E-04  1.840722558899E-04 -7.091067128862E-05  4.235465745528E+04  3.427239019447E+03  8.895474617846E+03 -9.525053028329E+00 -4.882812500000E-04   1   5
  1.606588206832E-03 -2.042030263634E-03  1.428411831929E-03 -1.318443272480E+05 -3.536984339877E+04 -3.268993498071E+05 -9.523177953361E+00 -4.882812500000E-04   1   5
  5.651069474744E-04  2.091069633760E-04 -1.112823098284E-03 -4.602568152111E+04  4.708209644650E+03  1.694053948585E+05 -9.529257414645E+00 -4.882812500000E-04   1   5
 -1.016655025553E-03  1.137754249015E-03 -8.360709535857E-04  7.667695032987E+04  2.522152062073E+04  1.311162978779E+05 -9.526721461640E+00 -4.882812500000E-04   1   5
 -1.339315520698E-04 -1.026873216960E-03 -4.078959029918E-04  9.164704173101E+03 -1.838958875423E+04  7.613306220569E+04 -9.526453179615E+00 -4.882812500000E-04   1   5
  5.123929145107E-04  4.055119346127E-04  7.408893368179E-04 -3.976548604809E+04  7.118205712102E+03 -1.603132409580E+05 -9.523944202435E+00 -4.882812500000E-04   1   5
 -1.371741387399E-04 -2.153831312090E-03  1.066073199105E-03  2.290659192150E+04 -3.786143386307E+04 -2.576539691319E+05 -9.521880061701E+00 -4.882812500000E-04   1   5
 -6.323277774933E-04 -2.406246414596E-04 -4.557653729282E-04  4.941318360054E+04 -4.014135997824E+03  8.187949792172E+04 -9.525963927552E+00 -4.882812500000E-04   1   5
 -5.001163005593E-04  9.719465768892E-04  8.620777276391E-05  4.125961369195E+04  1.698310463595E+04 -1.985647609973E+04 -9.524572755917E+00 -4.882812500000E-04   1   5
 -3.079630561343E-04 -1.976915257203E-04  7.280729627013E-05  2.357802535138E+04 -2.872636531138E+03 -1.811232915588E+04 -9.524977463524E+00 -4.882812500000E-04   1   5
 -8.405449338392E-04  3.311890354692E-04 -8.253815403716E-04  6.257493649366E+04  7.783519492083E+03  1.342579911716E+05 -9.526925043793E+00 -4.882812500000E-04   1   5
  3.319629133139E-04 -2.624030149606E-04 -9.851810277137E-04 -2.907604007669E+04 -5.332918417240E+03  1.583564019656E+05 -9.528696516137E+00 -4.882812500000E-04   1   5
  3.823719553129E-04 -5.975304882838E-04  1.521016012399E-03 -1.534500605771E+04 -1.013648944389E+04 -3.665095372256E+05 -9.520976459442E+00 -4.882812500000E-04   1   5
  3.904346969923E-04  8.578795949026E-04 -3.292881653376E-04 -3.408741317601E+04  1.577609153840E+04  6.470101562217E+04 -9.526920055764E+00 -4.882812500000E-04   1   5
 -2.794025495822E-04 -1.474399030303E-03  1.039926847701E-03  3.583191326123E+04 -2.580375698735E+04 -2.535744448581E+05 -9.521734969877E+00 -4.882812500000E-04   1   5
 -8.071304170225E-04 -2.297031366298E-03  9.402712739650E-04  8.140399360303E+04 -4.093773743258E+04 -2.426354477729E+05 -9.521274843091E+00 -4.882812500000E-04   1   5
 -4.619337828740E-04 -1.720799673004E-03 -8.042022942867E-05  3.639581780409E+04 -3.340792794542E+04  1.141227460451E+04 -9.525138076128E+00 -4.882812500000E-04   1   5
  1.213779129001E-03 -5.383951213282E-04  1.697652582470E-03 -9.229667216791E+04 -9.403708272409E+03 -3.827049203958E+05 -9.521663224336E+00 -4.882812500000E-04   1   5
 -8.334915506803E-04 -6.151431505357E-04  6.729523514775E-04  7.654166289686E+04 -1.110538102176E+04 -1.606049831303E+05 -9.522266802414E+00 -4.882812500000E-04   1   5
 -1.706043960172E-03  6.510404359328E-04 -1.195333386232E-03  1.279319357148E+05  1.780076353940E+04  1.670593744706E+05 -9.527068952869E+00 -4.882812500000E-04   1   5
  2.781551352168E-04 -9.580282026791E-04  6.735188230245E-05 -2.435044170486E+04 -1.699130135516E+04 -1.021105834656E+04 -9.525679385630E+00 -4.882812500000E-04   1   5
  3.387266281115E-04 -1.187785493219E-03  1.348100833134E-04 -2.840954246432E+04 -2.134672496821E+04 -2.616342279337E+04 -9.525521638888E+00 -4.882812500000E-04   1   5
  5.838219780876E-04 -7.857526622178E-04  2.621163550867E-04 -4.801598864273E+04 -1.451019080592E+04 -4.987095735335E+04 -9.525432255403E+00 -4.882812500000E-04   1   5
 -1.307563556394E-04  8.939922705906E-04 -4.364786464102E-04  8.704489269637E+03  1.635671177290E+04  7.950500880349E+04 -9.526552716784E+00 -4.882812500000E-04   1   5
 -5.589841527604E-04  2.732355639455E-03  9.189010946589E-04  5.864097276933E+04  4.881263776942E+04 -2.315287196548E+05 -9.521726252011E+00 -4.882812500000E-04   1   5
 -6.391926992714E-04  8.040555698341E-04  7.708356235341E-04  6.186253449801E+04  1.425736048240E+04 -1.861613928045E+05 -9.522195573109E+00 -4.882812500000E-04   1   5
 -2.856831513360E-04  2.159377010170E-04  6.306686529545E-04  2.924488051901E+04  3.551372002660E+03 -1.453983518928E+05 -9.523152909502E+00 -4.882812500000E-04   1   5
 -4.613412677266E-04  7.585641923614E-04 -1.981445200112E-04  3.685358812730E+04  1.330844059633E+04  3.423831972826E+04 -9.525435570018E+00 -4.882812500000E-04   1   5
  9.975627049293E-05 -1.388284685141E-03  2.803145887249E-04 -7.523875547213E+03 -2.513007640507E+04 -5.554460722252E+04 -9.524768291398E+00 -4.882812500000E-04   1   5
 -1.007886357795E-04  2.621160642325E-03  1.597648135846E-03  3.175404351871E+04  4.552778200342E+04 -3.845076436113E+05 -9.519840478441E+00 -4.882812500000E-04   1   5
 -1.660023306322E-04 -4.889111676939E-04 -4.310457314212E-04  1.070678610080E+04 -9.060387312177E+03  7.569333580033E+04 -9.526559813598E+00 -4.882812500000E-04   1   5
  3.547472550041E-05  1.118718095306E-03  9.716461949907E-04  5.732288433533E+03  1.979970818027E+04 -2.302609675810E+05 -9.522487766478E+00 -4.882812500000E-04   1   5
  1.202885697617E-03  9.836161388086E-04  1.072735938155E-03 -9.796328949269E+04  1.742082991939E+04 -2.406771511005E+05 -9.523819873380E+00 -4.882812500000E-04   1   5
  6.152263861297E-04 -1.466016381206E-03  6.126832467039E-04 -4.949053141182E+04 -2.650982918656E+04 -1.304789486173E+05 -9.524461108808E+00 -4.882812500000E-04   1   5
 -5.275642830461E-04  1.451869324539E-04 -6.371076644207E-04  3.965926221897E+04  2.670595764811E+03  1.054585985181E+05 -9.526687759093E+00 -4.882812500000E-04   1   5
 -8.400299715334E-04 -6.008029335370E-04  3.050981270167E-04  7.193138538150E+04 -1.056011406422E+04 -7.160027326391E+04 -9.523444146941E+00 -4.882812500000E-04   1   5
  1.961434449092E-04  9.095339834100E-04  5.974539347005E-04 -1.336095257842E+04  1.650958164619E+04 -1.321670778871E+05 -9.523956616559E+00 -4.882812500000E-04   1   5
  1.728671562378E-03  3.863237768692E-04  1.630566974264E-03 -1.413439446143E+05  6.754491975901E+03 -3.740896839280E+05 -9.522664448120E+00 -4.882812500000E-04   1   5
 -1.037264221963E-03  3.260669683021E-04  7.237052775615E-04  9.597639029159E+04  5.842194917766E+03 -1.813641143523E+05 -9.521764377559E+00 -4.882812500000E-04   1   5
 -2.376856392377E-03  2.418874906246E-04 -1.248963647777E-03  1.791406078587E+05  5.871747161581E+03  1.673904891141E+05 -9.526466080750E+00 -4.882812500000E-04   1   5
 -6.828182751198E-04 -1.313054470167E-03  9.859273618371E-04  7.134984715962E+04 -2.323510842863E+04 -2.496082122861E+05 -9.521302024399E+00 -4.882812500000E-04   1   5
  2.010486445736E-04 -9.031080596115E-04 -8.702163889502E-04 -1.856019017664E+04 -1.761701912593E+04  1.406631410940E+05 -9.528210357433E+00 -4.882812500000E-04   1   5
 -9.846612642269E-04  1.136717268776E-03 -5.303651429003E-04  7.584892477998E+04  2.202599962039E+04  9.090680739039E+04 -9.525827800517E+00 -4.882812500000E-04   1   5
 -1.511153981256E-04 -8.473246819808E-05 -4.319000087669E-04  9.370643718295E+03 -1.511680658807E+03  7.422027431343E+04 -9.526596387733E+00 -4.882812500000E-04   1   5
  1.760827404058E-03  1.425710026740E-03  6.174505062635E-04 -1.474141794185E+05  2.564184422359E+04 -1.271049364839E+05 -9.525830559322E+00 -4.882812500000E-04   1   5
 -1.351672879963E-04  6.756411277222E-04  6.277004020028E-05  1.115747357567E+04  1.190508207308E+04 -1.450425425457E+04 -9.525106489769E+00 -4.882812500000E-04   1   5
  1.190532732744E-03 -1.391243058630E-03  7.058772739850E-04 -9.828009482496E+04 -2.505127524887E+04 -1.495131677125E+05 -9.524895392804E+00 -4.882812500000E-04   1   5
  2.287198031097E-03 -8.749439060837E-04  1.040802230486E-03 -1.945302888062E+05 -1.553922138966E+04 -2.303036053710E+05 -9.525277426700E+00 -4.882812500000E-04   1   5
  5.612395270811E-04 -2.293263287094E-04  4.408145802017E-04 -4.552817879154E+04 -4.077549432073E+03 -9.422255480581E+04 -9.524910016606E+00 -4.882812500000E-04   1   5
  1.782228605126E-03  9.759899727731E-05 -6.339590489794E-04 -1.421264174234E+05  2.147343320264E+03  1.073948705431E+05 -9.529109778230E+00 -4.882812500000E-04   1   5
 -1.184623197463E-05  1.198558772460E-03  1.293716934244E-03  1.665748890374E+04  2.089102595148E+04 -3.196399000032E+05 -9.521225177900E+00 -4.882812500000E-04   1   5
  2.940372556385E-04  9.131101980396E-04 -1.123348375591E-03 -2.526040667518E+04  1.942127157891E+04  1.677941108476E+05 -9.529015302820E+00 -4.882812500000E-04   1   5
  6.329390291311E-04 -4.951949393512E-04  1.363439883569E-03 -4.115647546870E+04 -8.474083213022E+03 -3.241358808063E+05 -9.521934452772E+00 -4.882812500000E-04   1   5
 -9.390280077251E-04 -2.105418624742E-04  4.352215286296E-05  7.702683616115E+04 -3.885203462761E+03 -1.742519112991E+04 -9.524149840121E+00 -4.882812500000E-04   1   5
 -9.925435286606E-04 -8.372157844526E-04  5.338076930386E-04  8.847506042705E+04 -1.509519822563E+04 -1.306028650567E+05 -9.522478273799E+00 -4.882812500000E-04   1   5
 -6.010697554732E-04 -1.361795867023E-03  1.277198430447E-04  4.968990577626E+04 -2.508817835701E+04 -3.147764914194E+04 -9.524333695850E+00 -4.882812500000E-04   1   5
  1.393381484431E-03 -4.228184420265E-05  8.663411184777E-04 -1.162610635790E+05 -6.740036097539E+02 -1.851916893636E+05 -9.524725513616E+00 -4.882812500000E-04   1   5
 -7.928959538537E-04 -7.551937762189E-04 -1.064844757371E-03  5.854289442691E+04 -1.530716662496E+04  1.643611373345E+05 -9.527665218616E+00 -4.882812500000E-04   1   5
 -1.175557621974E-03  1.078367916371E-03 -3.905837873450E-04  9.141994562277E+04  2.191693658827E+04  6.397581222298E+04 -9.525215847569E+00 -4.882812500000E-04   1   5
 -5.706268760310E-04  7.945703655656E-04 -2.860228291883E-04  4.497696289064E+04  1.432534951530E+04  5.293927983673E+04 -9.525558955095E+00 -4.882812500000E-04   1   5
 -2.841390797814E-04  2.377102494140E-04  1.113565307556E-03  3.797866204052E+04  4.095120607839E+03 -2.761529148831E+05 -9.521464283079E+00 -4.882812500000E-04   1   5
  9.647846698943E-04  3.998649333260E-04  7.140820865956E-04 -8.046137156292E+04  6.947231518147E+03 -1.501693922139E+05 -9.524692352604E+00 -4.882812500000E-04   1   5
 -1.067329068513E-03 -8.458410762314E-04 -6.804602154524E-04  8.152608999447E+04 -1.633323111126E+04  1.109164426956E+05 -9.526197298148E+00 -4.882812500000E-04   1   5
 -1.043317922031E-03  7.537912910650E-04  6.990612807520E-04  9.613320147469E+04  1.350740541375E+04 -1.727484021882E+05 -9.521822110431E+00 -4.882812500000E-04   1   5
 -8.074720380445E-04  1.227104599963E-03  1.258049890879E-03  9.129386332353E+04  2.118918731081E+04 -3.277615386119E+05 -9.519959284862E+00 -4.882812500000E-04   1   5
  3.447148320517E-04  1.463560283513E-03  1.416683723166E-03 -1.477480949561E+04  2.513670482401E+04 -3.372917131379E+05 -9.521348793488E+00 -4.882812500000E-04   1   5
  1.703708035236E-04 -6.253266232146E-04 -7.528346743690E-05 -1.491497982641E+04 -1.242361306733E+04  9.891523107499E+03 -9.525919115362E+00 -4.882812500000E-04   1   5
 -1.978128665097E-03  3.926509553809E-04 -1.172140941751E-03  1.492805865433E+05  8.615722708734E+03  1.648048632461E+05 -9.526665420610E+00 -4.882812500000E-04   1   5
 -9.347113297397E-04  7.971545804492E-04 -7.336056045162E-04  7.123586261471E+04  1.516020586079E+04  1.205980405179E+05 -9.526484449333E+00 -4.882812500000E-04   1   5
  1.004979702742E-03 -1.823835935712E-03  1.194792853065E-03 -7.897942882832E+04 -3.175007530804E+04 -2.735503512413E+05 -9.523132312071E+00 -4.882812500000E-04   1   5
 -3.421223987861E-04  6.900653124915E-04 -8.665862087174E-04  2.435592341558E+04  1.227107991360E+04  1.383384853986E+05 -9.527579597900E+00 -4.882812500000E-04   1   5
 -1.427568630860E-03 -8.740189138157E-04 -8.283283183896E-04  1.088235430884E+05 -1.833980262394E+04  1.305021790405E+05 -9.526213957426E+00 -4.882812500000E-04   1   5
  5.017600437452E-04  7.380785133193E-04 -4.055855446055E-04 -4.201480319543E+04  1.405817248635E+04  7.386128383473E+04 -9.527210778362E+00 -4.882812500000E-04   1   5
  1.320765033362E-03 -5.435509106120E-04  1.384324188786E-03 -1.059351551806E+05 -9.465024056183E+03 -3.210892682318E+05 -9.522957013772E+00 -4.882812500000E-04   1   5
 -1.160006958115E-04  3.259969955089E-04 -2.841091121617E-04  8.408582306650E+03  5.670600105784E+03  5.672990118980E+04 -9.526098106735E+00 -4.882812500000E-04   1   5
  1.451390811217E-03  9.458457977209E-04  1.169355245093E-03 -1.202282931323E+05  1.645550594796E+04 -2.609002638583E+05 -9.523870725296E+00 -4.882812500000E-04   1   5
  1.529072398161E-03 -1.594523725515E-03  9.867980602305E-04 -1.275673294730E+05 -2.816259622762E+04 -2.173900276919E+05 -9.524510244468E+00 -4.882812500000E-04   1   5
  1.907242810479E-05  4.564948083114E-04  3.641131861034E-04  1.243207422380E+03  7.468875790718E+03 -7.642457048009E+04 -9.524344716906E+00 -4.882812500000E-04   1   5
  7.841309906255E-04 -8.502513057476E-04  1.636133196978E-03 -5.232451406031E+04 -1.448924459215E+04 -3.838403796972E+05 -9.521233032879E+00 -4.882812500000E-04   1   5
  9.910285603700E-06  8.737616623182E-04 -1.253054900680E-03 -3.177080120221E+03  1.989846197275E+04  1.807506899088E+05 -9.529084540261E+00 -4.882812500000E-04   1   5
 -8.615888400989E-04 -3.354851440717E-04  8.322682478745E-04  8.378039340025E+04 -5.997010880853E+03 -2.097306584743E+05 -9.521594131859E+00 -4.882812500000E-04   1   5
 -1.417537970549E-04  5.199933442197E-04 -8.578422829117E-04  7.498128875241E+03  9.145437276298E+03  1.371498508090E+05 -9.527856115844E+00 -4.882812500000E-04   1   5
  1.373222954519E-03 -7.814153747287E-04  1.731211112835E-03 -1.077689463845E+05 -1.327915716522E+04 -3.934070097841E+05 -9.521833808245E+00 -4.882812500000E-04   1   5
  1.695125218758E-03 -1.195217723507E-03  1.621529062751E-03 -1.388066929031E+05 -2.044088107772E+04 -3.718422482715E+05 -9.522671397569E+00 -4.882812500000E-04   1   5
  2.089700788893E-04  2.018852706335E-03  1.109757878496E-03 -7.808056675821E+03  3.546282051866E+04 -2.621322145629E+05 -9.522254955595E+00 -4.882812500000E-04   1   5
  1.672144761632E-04  8.366292423215E-04 -3.969664498804E-05 -1.461635053952E+04  1.552782589951E+04  8.023762850530E+03 -9.525800470527E+00 -4.882812500000E-04   1   5
 -7.861795215634E-04  1.354693798989E-03  1.330427989602E-03  9.174856747008E+04  2.322253659749E+04 -3.475537970673E+05 -9.519681762722E+00 -4.882812500000E-04   1   5
  4.778112066908E-04  5.190117132734E-04  7.772047347743E-05 -4.112549046668E+04  9.021747375184E+03 -1.113917216247E+04 -9.525913798283E+00 -4.882812500000E-04   1   5
 -5.189699334731E-04 -2.089844782740E-03  6.777482382709E-04  4.942874059759E+04 -3.774296412645E+04 -1.601062541065E+05 -9.522687240609E+00 -4.882812500000E-04   1   5
 -1.348114162141E-03 -5.660673342038E-04 -6.337026776571E-05  1.089239602019E+05 -1.074522967791E+04  2.337228733860E+03 -9.523965207066E+00 -4.882812500000E-04   1   5
 -1.033881197538E-03 -2.843459315958E-04 -4.683856553918E-04  8.020014607628E+04 -5.193452816083E+03  7.886666097290E+04 -9.525596055199E+00 -4.882812500000E-04   1   5
 -5.851783981953E-04 -6.635955322189E-05 -1.821669278623E-04  4.511706773695E+04 -1.317638517869E+03  2.901765865352E+04 -9.525358209464E+00 -4.882812500000E-04   1   5
 -4.182302929735E-04  1.014755547893E-03  1.249878577209E-03  5.394274335972E+04  1.780251145450E+04 -3.196599735240E+05 -9.520711580381E+00 -4.882812500000E-04   1   5
 -1.398757916480E-04  1.064229299801E-03 -7.411213241308E-04  8.506370192488E+03  2.076653295676E+04  1.231525361783E+05 -9.527441641727E+00 -4.882812500000E-04   1   5
 -5.597194389429E-04 -1.603926809451E-03  4.279816643358E-04  4.974054838363E+04 -2.897403297143E+04 -1.002081806401E+05 -9.523439145621E+00 -4.882812500000E-04   1   5
  3.292598220617E-04  1.724673549486E-03  2.260635667142E-04 -2.693260526622E+04  3.191411600143E+04 -4.530826248907E+04 -9.525212710926E+00 -4.882812500000E-04   1   5
 -4.831266384390E-04  1.794255923234E-03  4.925987538638E-04  4.377488546407E+04  3.280622733844E+04 -1.154598500430E+05 -9.523350179978E+00 -4.882812500000E-04   1   5
  9.323982376532E-04 -3.877750297359E-06 -3.232843257788E-04 -7.662676463282E+04  5.722584029591E+01  6.215911240637E+04 -9.527459807455E+00 -4.882812500000E-04   1   5
 -1.375157742887E-03 -5.364223619477E-05 -6.553679708414E-04  1.059082252305E+05 -9.698529352938E+02  1.055984533548E+05 -9.525754278158E+00 -4.882812500000E-04   1   5
 -4.312310915128E-04 -1.357315336509E-03 -1.294965590759E-04  3.389141329815E+04 -2.516888197709E+04  2.115897376673E+04 -9.525318438100E+00 -4.882812500000E-04   1   5
  1.923695888585E-03  9.301746936070E-04  1.786470581957E-03 -1.594536890280E+05  1.591080437635E+04 -3.985698743040E+05 -9.522433976407E+00 -4.882812500000E-04   1   5
 -1.646607182388E-04  1.370556590307E-04 -8.147815298702E-04  1.024407440763E+04  2.085688492129E+03  1.315306372839E+05 -9.527650795248E+00 -4.882812500000E-04   1   5
  6.681858401734E-04  1.061463643092E-03  3.742154923358E-05 -5.509987688058E+04  2.040845209839E+04 -3.825018425800E+03 -9.526142569609E+00 -4.882812500000E-04   1   5
  2.576723535383E-04 -1.345603264328E-03  6.342843300722E-04 -1.869835096380E+04 -2.399271133657E+04 -1.387535683213E+05 -9.523936524364E+00 -4.882812500000E-04   1   5
  8.061050960976E-04  1.003119478169E-03  1.041120125171E-03 -6.297515117593E+04  1.714518016833E+04 -2.372851941015E+05 -9.523397168868E+00 -4.882812500000E-04   1   5
 -9.337350652114E-04 -6.445938630377E-04  7.441195904789E-05  7.674740978985E+04 -1.182889225513E+04 -2.455799774650E+04 -9.524072127652E+00 -4.882812500000E-04   1   5
 -1.215808730335E-03  2.448746894639E-04 -1.001484895070E-03  9.225502083261E+04  4.695655134438E+03  1.549093333507E+05 -9.526948636395E+00 -4.882812500000E-04   1   5
  9.687200362116E-04  9.224299293099E-04 -5.968938903180E-04 -7.890061700877E+04  1.782283955330E+04  1.041183231282E+05 -9.528237750433E+00 -4.882812500000E-04   1   5
 -1.749657695691E-03 -5.187198991905E-06 -9.224722034240E-04  1.335413589152E+05 -9.573115745618E+01  1.365776157844E+05 -9.526136301396E+00 -4.882812500000E-04   1   5
  8.002006443407E-04  2.308705950066E-04 -2.522696297600E-04 -6.676213589578E+04  4.199922804920E+03  5.297758491621E+04 -9.527151846028E+00 -4.882812500000E-04   1   5
 -2.304188083237E-04 -7.865921564758E-04 -1.341597903881E-04  1.723921614660E+04 -1.335027916419E+04  2.216191917834E+04 -9.525612384015E+00 -4.882812500000E-04   1   5
  1.063595168682E-03  9.292299435437E-04  1.192166395754E-03 -8.463545780385E+04  1.618427963173E+04 -2.723489872400E+05 -9.523253131822E+00 -4.882812500000E-04   1   5
  4.943853770954E-04 -1.492417957221E-03  1.159225933286E-03 -3.343765335308E+04 -2.582425523769E+04 -2.702754976501E+05 -9.522543444094E+00 -4.882812500000E-04   1   5
  2.074219793508E-03 -3.024467023480E-04  1.315284666171E-03 -1.751796371504E+05 -5.268173887761E+03 -2.953369597108E+05 -9.524176926951E+00 -4.882812500000E-04   1   5
 -1.030327172057E-03 -1.661277348665E-03  1.308206798788E-03  1.148183767797E+05 -2.866149852511E+04 -3.507280452465E+05 -9.519305864603E+00 -4.882812500000E-04   1   5
 -7.584249128659E-04 -2.573432412772E-04  1.053791877226E-04  6.321422528620E+04 -4.517926862278E+03 -2.707671390612E+04 -9.524159757398E+00 -4.882812500000E-04   1   5
  4.640831034387E-04  1.156911922408E-03  8.915974210364E-04 -3.401283939840E+04  1.917311895661E+04 -1.996357247795E+05 -9.523394607222E+00 -4.882812500000E-04   1   5
 -6.726582796480E-04 -2.033609421411E-03  6.697039778842E-04  6.251734699336E+04 -3.752883306747E+04 -1.603110976947E+05 -9.522498412521E+00 -4.882812500000E-04   1   5
  9.068451614548E-04 -7.101567256855E-04 -1.141563046403E-03 -7.234471078455E+04 -1.575193771283E+04  1.676721031319E+05 -9.529683842652E+00 -4.882812500000E-04   1   5
  1.551227322161E-04  6.858293325198E-04  7.232109203841E-04 -9.888368124142E+03  1.123885555164E+04 -1.592334360058E+05 -9.523574003178E+00 -4.882812500000E-04   1   5
 -1.241011538271E-04 -8.270786700227E-05 -7.539440941926E-04  7.748871279470E+03 -1.884460999598E+03  1.241691050836E+05 -9.527480171671E+00 -4.882812500000E-04   1   5
  4.360158425175E-04  9.186955192160E-04 -7.932953391609E-05 -3.697630203246E+04  1.686462828161E+04  1.550953450685E+04 -9.526254357420E+00 -4.882812500000E-04   1   5
  6.558945406414E-04 -1.191336058686E-05  1.447258901536E-03 -4.439074169549E+04  1.546870428324E+02 -3.383518710473E+05 -9.521789934408E+00 -4.882812500000E-04   1   5
  6.421605426706E-04 -3.621520257434E-05 -5.239991320849E-07 -5.429186885041E+04 -8.483408804792E+02  4.003612310641E+03 -9.526304099140E+00 -4.882812500000E-04   1   5
  2.438319525770E-03  5.134273809622E-04  1.391569563989E-03 -2.084731007621E+05  8.973199423352E+03 -3.157916067975E+05 -9.524406741013E+00 -4.882812500000E-04   1   5
  7.889959770130E-04 -1.896121192018E-03  1.543184243676E-03 -5.390858003057E+04 -3.239562588300E+04 -3.656436926958E+05 -9.521562733518E+00 -4.882812500000E-04   1   5
  7.309414568616E-04  1.960623574333E-04 -4.984326231749E-04 -6.007304948168E+04  4.181263797715E+03  8.894585808113E+04 -9.527715542376E+00 -4.882812500000E-04   1   5
 -8.868607236280E-04 -1.206449415106E-03  7.792207007729E-04  8.446628575048E+04 -2.151945657582E+04 -1.937640443693E+05 -9.521756701515E+00 -4.882812500000E-04   1   5
  4.044585921202E-05  1.053798241407E-03  3.154018075140E-04 -2.220993971577E+03  1.838950946432E+04 -6.254191785216E+04 -9.524583978211E+00 -4.882812500000E-04   1   5
 -5.939936290191E-04 -1.205304774314E-03  6.726240963300E-04  5.649095834603E+04 -2.120937773628E+04 -1.589090001089E+05 -9.522572350772E+00 -4.882812500000E-04   1   5
  7.607501898255E-04  7.745727313000E-04 -1.813168008926E-04 -6.349583296306E+04  1.449747595148E+04  3.627639756830E+04 -9.526913177825E+00 -4.882812500000E-04   1   5
  7.538695019674E-04 -7.497495079976E-04 -1.083736992332E-03 -6.082920122850E+04 -1.584206635642E+04  1.657468719371E+05 -9.529366887600E+00 -4.882812500000E-04   1   5
  5.464757430323E-04  5.016928358288E-04 -5.692314220624E-04 -4.559278779959E+04  9.761118881036E+03  1.000369656631E+05 -9.527722480934E+00 -4.882812500000E-04   1   5
  2.072187505084E-05 -5.548735184199E-05  2.663461427144E-04 -2.035005205359E+03 -7.019764977219E+02 -5.338391548558E+04 -9.524783233702E+00 -4.882812500000E-04   1   5
 -9.616399697960E-04  1.217503999277E-03  1.052931077046E-03  9.904200595337E+04  2.136495306964E+04 -2.762442765769E+05 -9.520565066542E+00 -4.882812500000E-04   1   5
  1.208350187998E-03 -3.050946823458E-04  1.058316658652E-03 -9.816383223354E+04 -5.575982814354E+03 -2.341142954543E+05 -9.523849392416E+00 -4.882812500000E-04   1   5
  5.718427242632E-04 -9.091109816169E-04  1.430447563685E-03 -3.606218254164E+04 -1.557656595737E+04 -3.358681200811E+05 -9.521675230230E+00 -4.882812500000E-04   1   5
  1.453882769285E-03 -2.341672114145E-03  1.237507970123E-03 -1.190664004829E+05 -4.096094513512E+04 -2.828715482232E+05 -9.523586499451E+00 -4.882812500000E-04   1   5
 -2.143011917270E-04  4.620880093307E-04 -9.715999201916E-04  1.377254777593E+04  6.507922285392E+03  1.552130871283E+05 -9.528046801730E+00 -4.882812500000E-04   1   5
 -1.059724794389E-03 -7.304776086998E-05  4.694628704360E-04  9.263065185315E+04 -1.267934011000E+03 -1.190026956536E+05 -9.522646613605E+00 -4.882812500000E-04   1   5
 -1.653232174729E-03 -2.489670435901E-04 -1.145079353552E-03  1.243802889821E+05 -5.604855960965E+03  1.657025968659E+05 -9.526959225334E+00 -4.882812500000E-04   1   5
  1.973894311022E-04  9.387760947855E-04  1.181782302774E-03 -5.056355264726E+03  1.643566429734E+04 -2.868769969076E+05 -9.521984674430E+00 -4.882812500000E-04   1   5
 -1.626065605154E-03 -4.343590685141E-04 -8.447087371533E-04  1.237315041407E+05 -9.384123548509E+03  1.297785039261E+05 -9.526072391605E+00 -4.882812500000E-04   1   5
  7.475619098396E-04 -1.948980075676E-03  1.347715465656E-03 -5.291167038360E+04 -3.429000507666E+04 -3.215619304748E+05 -9.522205531294E+00 -4.882812500000E-04   1   5
 -1.562989572681E-03 -5.077161230728E-04 -9.292365568925E-05  1.260801939097E+05 -9.739473004831E+03  5.898198967882E+03 -9.523776143412E+00 -4.882812500000E-04   1   5
  9.255282541473E-04  3.779154201965E-05  1.257975963600E-03 -7.125689309150E+04  3.992801856212E+02 -2.933332976064E+05 -9.522838710669E+00 -4.882812500000E-04   1   5
  7.898582245375E-04  7.175399215347E-04  2.388031257130E-04 -6.656602336634E+04  1.254024122047E+04 -4.363020643740E+04 -9.525825756671E+00 -4.882812500000E-04   1   5
 -4.980595136177E-04 -6.777981947918E-04 -5.799686398653E-04  3.731616223733E+04 -1.252333637687E+04  9.764617466903E+04 -9.526562310429E+00 -4.882812500000E-04   1   5
  1.558429719971E-04 -3.358963998789E-04  3.727037007906E-06 -1.535454062737E+04 -5.716491503087E+03  2.161145798497E+03 -9.525766726154E+00 -4.882812500000E-04   1   5
  4.929374586218E-04  8.428267787344E-04 -7.716749145761E-04 -4.126209544247E+04  1.696125657136E+04  1.287643458955E+05 -9.528228811041E+00 -4.882812500000E-04   1   5
 -8.279748271698E-04  1.065259291575E-03 -3.775612655641E-04  6.410253450671E+04  2.041378766617E+04  6.587285802887E+04 -9.525577530038E+00 -4.882812500000E-04   1   5
  6.323691256472E-04  1.141914606220E-04 -4.670367810000E-04 -5.316218494059E+04  1.940588249362E+03  8.607369872287E+04 -9.527569172153E+00 -4.882812500000E-04   1   5
 -1.364387473780E-03 -3.477791681947E-04 -2.818945517777E-04  1.082291482834E+05 -6.505155169775E+03  4.498200237210E+04 -9.524603866757E+00 -4.882812500000E-04   1   5
  1.583387168538E-03 -6.626054398592E-04 -3.452163805431E-04 -1.285556832438E+05 -1.296890897610E+04  6.544916417307E+04 -9.528182617558E+00 -4.882812500000E-04   1   5
 -1.746617999092E-03 -4.507330553880E-05 -1.332911481073E-03  1.309360250482E+05 -8.346722391415E+02  1.824500392221E+05 -9.527430660303E+00 -4.882812500000E-04   1   5
 -9.316426416216E-04  9.578515128253E-04  4.188374854728E-04  8.094172346735E+04  1.777944310587E+04 -1.094141901552E+05 -9.523005371880E+00 -4.882812500000E-04   1   5
  1.173531087281E-03  3.962533431691E-05 -5.314932113816E-04 -9.590367367372E+04  6.538190869993E+02  9.628768875909E+04 -9.528309049205E+00 -4.882812500000E-04   1   5
  1.730755831817E-03  2.306809199099E-04 -6.368549980476E-04 -1.377058921552E+05  4.877542572649E+03  1.058197014911E+05 -9.529052871243E+00 -4.882812500000E-04   1   5
  3.092103087491E-04 -6.289917657855E-04 -6.733195073565E-04 -2.771007676018E+04 -1.137441669806E+04  1.159149989072E+05 -9.527807248738E+00 -4.882812500000E-04   1   5
 -9.444854320989E-04 -2.740349729897E-03  1.223786618521E-03  1.034524323025E+05 -4.822438721393E+04 -3.287107553373E+05 -9.519840182009E+00 -4.882812500000E-04   1   5
  6.011438341132E-04  2.363891393284E-03  1.582720850775E-03 -3.449632686577E+04  4.152366162393E+04 -3.840002337971E+05 -9.521061696916E+00 -4.882812500000E-04   1   5
  1.794369214427E-04 -1.433006636441E-03 -2.372201599421E-05 -1.576684423595E+04 -2.676574054962E+04  5.729119406126E+03 -9.525768588736E+00 -4.882812500000E-04   1   5
  5.690733654868E-04  1.977039888034E-04 -3.066522375565E-04 -4.866861335916E+04  3.586224846865E+03  6.129692445774E+04 -9.527077839263E+00 -4.882812500000E-04   1   5
 -3.168396468002E-04 -1.469290028001E-03 -3.279968911940E-04  2.345447593814E+04 -2.770602975494E+04  6.147919624688E+04 -9.526034134992E+00 -4.882812500000E-04   1   5
 -7.491707181717E-04  3.207718029042E-05 -1.141638006601E-03  5.481832007315E+04  7.130973189481E+02  1.666453604120E+05 -9.527989401034E+00 -4.882812500000E-04   1   5
 -8.055293073232E-04 -1.436338355046E-03  1.518808078012E-03  9.710444216512E+04 -2.503389814783E+04 -3.804050468927E+05 -9.518926118104E+00 -4.882812500000E-04   1   5
  1.760618139711E-03 -9.182831628051E-04  6.031102617836E-04 -1.475213035760E+05 -1.647582927082E+04 -1.231995169581E+05 -9.525885510723E+00 -4.882812500000E-04   1   5
 -1.256624107709E-03  1.139437838483E-03  5.654672687196E-04  1.118041105143E+05  2.032727204835E+04 -1.446412622476E+05 -9.521990062287E+00 -4.882812500000E-04   1   5
 -5.103515172299E-04 -1.472286853117E-04  6.609497604835E-04  4.931137393484E+04 -2.409809979666E+03 -1.542251258577E+05 -9.522719095525E+00 -4.882812500000E-04   1   5
 -1.415355719984E-04  4.406546503648E-04 -3.725194541691E-04  9.338137031151E+03  8.148088212083E+03  6.830295109824E+04 -9.526386381148E+00 -4.882812500000E-04   1   5
  1.984633238676E-03  5.193976620789E-04  1.718255755506E-03 -1.656551744770E+05  9.003987525120E+03 -3.876105426703E+05 -9.522760567757E+00 -4.882812500000E-04   1   5
 -7.915623968944E-04 -5.969319046028E-04 -5.269112516011E-04  6.108529715968E+04 -1.140659821117E+04  9.104455888410E+04 -9.526026485680E+00 -4.882812500000E-04   1   5
  3.324839991686E-04  5.223830560526E-04 -7.129062335771E-04 -2.926675144019E+04  9.780241157942E+03  1.209023635592E+05 -9.527930487658E+00 -4.882812500000E-04   1   5
 -2.193570788398E-04 -4.649226478551E-04 -1.229998332542E-03  1.398509994274E+04 -9.560247153508E+03  1.750016716973E+05 -9.528831740310E+00 -4.882812500000E-04   1   5
  3.587199212144E-04  3.562295434352E-04 -1.333577275147E-03 -2.985637912138E+04  9.145284938096E+03  1.825387521050E+05 -9.529714625144E+00 -4.882812500000E-04   1   5
  6.341766144610E-04 -2.896996831012E-04  7.418879134313E-05 -5.334810429898E+04 -5.432067939076E+03 -1.188841164378E+04 -9.526076561124E+00 -4.882812500000E-04   1   5
  9.174745460501E-04  2.874478437319E-04 -3.036632633702E-05 -7.668673582043E+04  5.211037913324E+03  1.016484501039E+04 -9.526694784407E+00 -4.882812500000E-04   1   5
 -2.714732497624E-05  8.796252978449E-04 -9.073548303000E-04 -9.334089630056E+02  1.695390622408E+04  1.434343045911E+05 -9.528086505735E+00 -4.882812500000E-04   1   5
  2.981716378209E-04  1.693172961078E-03  1.063477536873E-03 -1.659884537470E+04  2.914998431505E+04 -2.495246462462E+05 -9.522559772828E+00 -4.882812500000E-04   1   5
  1.155922390922E-03 -2.672288712848E-04  7.734710573359E-04 -9.446251463937E+04 -4.922162313307E+03 -1.637548744448E+05 -9.524624721213E+00 -4.882812500000E-04   1   5
  5.249899454288E-05 -4.185942357423E-05 -7.174052874053E-04 -7.317856000431E+03 -1.244706004017E+03  1.206735326417E+05 -9.527642926442E+00 -4.882812500000E-04   1   5
  5.841742579444E-04 -1.209995786797E-03 -5.248408569791E-05 -4.905019153790E+04 -2.227127093091E+04  1.327118580212E+04 -9.526341075886E+00 -4.882812500000E-04   1   5
 -4.722560927168E-04  6.102465089999E-04  7.572521833445E-04  4.772048249252E+04  1.071361387892E+04 -1.770598762961E+05 -9.522432794243E+00 -4.882812500000E-04   1   5
 -2.718297024041E-04 -9.909764340307E-04 -9.317101504127E-04  1.868747963510E+04 -1.970333819998E+04  1.466422496585E+05 -9.527845391019E+00 -4.882812500000E-04   1   5
 -8.060710700932E-04 -9.188638841221E-04  2.524196753910E-04  6.829898055099E+04 -1.622582853586E+04 -5.848402163482E+04 -9.523660371588E+00 -4.882812500000E-04   1   5
 -5.733914762644E-04  2.587494557926E-04 -8.170476040092E-04  4.288495468123E+04  4.684788365531E+03  1.296134586924E+05 -9.527157723618E+00 -4.882812500000E-04   1   5
  4.146043765434E-04 -4.853738842871E-04 -2.094023652450E-04 -3.555512230230E+04 -9.053768208633E+03  4.294982927435E+04 -9.526595371716E+00 -4.882812500000E-04   1   5
  7.176901142410E-05  1.112222760615E-04 -9.287053481728E-04 -9.507865598841E+03  1.766790078066E+03  1.475179903284E+05 -9.528310451338E+00 -4.882812500000E-04   1   5
  6.219607429837E-04 -7.001711461095E-05 -8.112630096999E-04 -5.142899600050E+04 -1.142434574936E+03  1.320485514258E+05 -9.528498953711E+00 -4.882812500000E-04   1   5
 -2.517350490253E-04  4.485897476395E-04 -1.102214644849E-03  1.681374827200E+04  1.009364224770E+04  1.678356940200E+05 -9.528377198972E+00 -4.882812500000E-04   1   5
  1.315012186800E-03  1.171919157363E-03  1.552449941331E-03 -1.042480542104E+05  1.999691054576E+04 -3.596878833397E+05 -9.522390358478E+00 -4.882812500000E-04   1   5
  3.023571515131E-04 -9.089437916710E-04 -9.304968207058E-04 -2.602962404877E+04 -1.932975185123E+04  1.453243259715E+05 -9.528470138272E+00 -4.882812500000E-04   1   5
 -3.953898608830E-04 -1.066964797729E-03  1.126864973102E-03  4.866454666116E+04 -1.855874637492E+04 -2.819447516594E+05 -9.521220635335E+00 -4.882812500000E-04   1   5
  2.852293791443E-04 -1.098653191014E-03 -6.651002465805E-04 -2.463295248296E+04 -2.298907309032E+04  1.130247651800E+05 -9.527673953579E+00 -4.882812500000E-04   1   5
  1.049954849008E-03  6.781267300023E-05  1.213556114939E-03 -8.356589787761E+04  1.204101487637E+03 -2.778448660054E+05 -9.523187413345E+00 -4.882812500000E-04   1   5
  7.658862162539E-04  4.034745623908E-04  9.337584599454E-04 -6.060738258863E+04  7.203186848685E+03 -2.102682176008E+05 -9.523703556707E+00 -4.882812500000E-04   1   5
 -2.143323897022E-04  6.850750410737E-04 -2.398398936769E-04  1.653491629685E+04  1.155684794487E+04  4.562021552824E+04 -9.525859904545E+00 -4.882812500000E-04   1   5
  1.720643827958E-03 -1.118983687477E-03  1.481203224225E-03 -1.423598161999E+05 -1.936165812350E+04 -3.347869610073E+05 -9.523184395683E+00 -4.882812500000E-04   1   5
  1.833162391068E-03  1.440397361763E-04  1.061588698681E-03 -1.537671072928E+05  2.551331404534E+03 -2.346166883921E+05 -9.524645187133E+00 -4.882812500000E-04   1   5
  3.501680460053E-04  1.733322367970E-03  1.033196805460E-03 -2.138542578993E+04  3.008798410887E+04 -2.432509332823E+05 -9.522725531541E+00 -4.882812500000E-04   1   5
 -6.498546922718E-04  6.850101687172E-04 -5.256825950006E-05  5.224828707840E+04  1.267427070551E+04  5.511430540413E+03 -9.524820427933E+00 -4.882812500000E-04   1   5
 -9.660093703332E-04 -5.741261838830E-04  6.588211879528E-04  8.850173200482E+04 -1.009759500843E+04 -1.614357695469E+05 -9.522087257891E+00 -4.882812500000E-04   1   5
  5.138694271792E-04 -8.042723880344E-04  7.913416539473E-05 -4.265642456898E+04 -1.510219987277E+04 -1.395566254248E+04 -9.525871610238E+00 -4.882812500000E-04   1   5
  1.030191827519E-03  1.958273862210E-04 -1.119803702025E-03 -8.248130997781E+04  3.810897990691E+03  1.707719889921E+05 -9.529769968373E+00 -4.882812500000E-04   1   5
  6.087287714926E-04 -2.438842319506E-03  1.229151916132E-03 -4.195001239965E+04 -4.292738197359E+04 -2.898953405168E+05 -9.522403938941E+00 -4.882812500000E-04   1   5
 -9.005467374894E-04 -8.135673139678E-04  4.639070091859E-04  7.958152775778E+04 -1.468779149582E+04 -1.127462369301E+05 -9.522837840842E+00 -4.882812500000E-04   1   5
 -1.459974761640E-03 -6.035337371340E-05 -1.706381537296E-04  1.166991792343E+05 -1.248768548695E+03  1.796087572636E+04 -9.524184372007E+00 -4.882812500000E-04   1   5
  4.067866240213E-04 -1.317082393589E-03  6.936645379376E-04 -3.088967769550E+04 -2.319567514084E+04 -1.514316427201E+05 -9.523941537943E+00 -4.882812500000E-04   1   5
 -7.769847880814E-04 -2.176788849545E-05 -4.016251593413E-04  6.022856978375E+04 -3.586581377803E+02  6.780451999482E+04 -9.525708945168E+00 -4.882812500000E-04   1   5
 -6.506798419306E-05 -5.871522795955E-04 -1.299511708474E-03  2.154967592001E+03 -1.220405263315E+04  1.855145079397E+05 -9.529182808360E+00 -4.882812500000E-04   1   5
 -1.330445750025E-03 -6.102912861917E-04  1.941535564729E-04  1.108850282747E+05 -1.120359333973E+04 -5.230963155451E+04 -9.523163826408E+00 -4.882812500000E-04   1   5
  1.407138660593E-03  1.082160696911E-03  7.683297064460E-04 -1.174454396693E+05  1.914188251024E+04 -1.612441868369E+05 -9.525011588204E+00 -4.882812500000E-04   1   5
 -9.317499600799E-04  6.579588119149E-04 -6.802183564556E-04  7.064872815707E+04  1.308205277321E+04  1.124873164543E+05 -9.526368326289E+00 -4.882812500000E-04   1   5
 -4.643674350415E-04 -9.137112656873E-05  1.086246806235E-03  5.387670194139E+04 -1.645673149614E+03 -2.696924315071E+05 -9.521268519180E+00 -4.882812500000E-04   1   5
  1.039435835535E-03 -6.535657030807E-04  4.684825300441E-04 -8.691229515783E+04 -1.175455416452E+04 -9.605363371783E+04 -9.525468234949E+00 -4.882812500000E-04   1   5
  1.617321009102E-03  1.714273397109E-03  1.563717722272E-03 -1.317071552221E+05  2.975999698736E+04 -3.570410520632E+05 -9.522732726627E+00 -4.882812500000E-04   1   5
  2.140419784678E-03  3.597081150020E-04  1.255201852242E-03 -1.817203806132E+05  6.188992651069E+03 -2.819267342287E+05 -9.524473110864E+00 -4.882812500000E-04   1   5
 -6.095097537306E-04 -2.379081680249E-04  7.576074978406E-04  5.911730938023E+04 -4.348234934262E+03 -1.805626856142E+05 -9.522275345356E+00 -4.882812500000E-04   1   5
  9.345808123377E-04  2.452125403414E-03  1.435970946972E-03 -6.941354059488E+04  4.247560343476E+04 -3.345372781936E+05 -9.522171389973E+00 -4.882812500000E-04   1   5
  1.124885224429E-03 -8.251257095454E-04  1.014136133088E-03 -9.185615886867E+04 -1.418323046362E+04 -2.275631267860E+05 -9.523931783252E+00 -4.882812500000E-04   1   5
 -1.980745830426E-03 -5.818004399339E-04 -4.481088046777E-04  1.546506236535E+05 -1.176065543497E+04  6.769269358583E+04 -9.524410077692E+00 -4.882812500000E-04   1   5
  3.221128663134E-04 -8.432676343362E-04  5.450572927970E-04 -2.528002597012E+04 -1.459092587708E+04 -1.175597422089E+05 -9.524324286900E+00 -4.882812500000E-04   1   5
 -5.393554997743E-04 -4.782180547635E-04 -1.396990351587E-03  3.837887299528E+04 -1.109346575624E+04  1.852289686929E+05 -9.529007510804E+00 -4.882812500000E-04   1   5
 -8.312929054633E-04  1.292988940483E-03 -7.093817443504E-05  6.655774884780E+04  2.387107174499E+04  9.375233316265E+03 -9.524653774532E+00 -4.882812500000E-04   1   5
 -1.043590410498E-03 -2.713118639260E-04  9.764524894305E-04  1.041334454982E+05 -4.873907719637E+03 -2.538863685454E+05 -9.520739899154E+00 -4.882812500000E-04   1   5
 -3.350275554638E-04 -7.101421055918E-04  7.910511207161E-04  3.501055343340E+04 -1.253994916511E+04 -1.836158654500E+05 -9.522590572993E+00 -4.882812500000E-04   1   5
  7.835319680301E-04  2.422875477746E-03  1.158795805434E-03 -5.916879725605E+04  4.263299788487E+04 -2.679680765200E+05 -9.522919544992E+00 -4.882812500000E-04   1   5
  6.999887403678E-05  2.799205158631E-03  9.032843154166E-04  1.728351056421E+03  5.013631216300E+04 -2.137167378800E+05 -9.522734196231E+00 -4.882812500000E-04   1   5
 -2.317252867178E-04  9.144439139288E-04 -8.315764804223E-05  1.783444973458E+04  1.682932341651E+04  1.147076906484E+04 -9.525447164906E+00 -4.882812500000E-04   1   5
  1.713483915071E-03  1.353488178946E-03  1.024302579419E-03 -1.436288390913E+05  2.404947961151E+04 -2.271781978312E+05 -9.524623655717E+00 -4.882812500000E-04   1   5
  2.477639428127E-04 -3.333737956389E-04 -3.438119008514E-04 -2.226001958030E+04 -6.051931488220E+03  6.446744437157E+04 -9.526786741259E+00 -4.882812500000E-04   1   5
 -7.020477223720E-04 -6.841332037950E-04  4.398053770789E-04  6.237411086680E+04 -1.235889868308E+04 -1.068234515330E+05 -9.523201141352E+00 -4.882812500000E-04   1   5
  3.357182163360E-04 -9.005366101882E-05 -1.564635985066E-03 -2.750396482226E+04 -3.034886785050E+03  2.214544161939E+05 -9.530286521717E+00 -4.882812500000E-04   1   5
 -1.359586450760E-04 -1.513740444620E-03  9.742169515174E-04  2.147365632158E+04 -2.662887777972E+04 -2.349215411526E+05 -9.522203105450E+00 -4.882812500000E-04   1   5
  2.926348984259E-04  9.497422957380E-04  1.239605124699E-04 -2.454362972786E+04  1.671402383170E+04 -2.477786988771E+04 -9.525496837751E+00 -4.882812500000E-04   1   5
  1.678781991839E-03 -1.616736284630E-03  8.735200556025E-04 -1.406473408810E+05 -2.899637230748E+04 -1.863725396012E+05 -9.525007445592E+00 -4.882812500000E-04   1   5
 -6.483594177555E-04 -1.527443174207E-03 -2.590321263796E-05  5.214000031093E+04 -2.876318476850E+04  1.259839165874E+03 -9.524735556629E+00 -4.882812500000E-04   1   5
  1.868086967979E-04 -1.116458151508E-03  7.811889325797E-04 -1.010946887472E+04 -1.903665078119E+04 -1.728733271632E+05 -9.523314564621E+00 -4.882812500000E-04   1   5
 -1.266101611562E-03  3.523091588099E-05  4.704846527002E-04  1.105962396613E+05  5.584673059582E+02 -1.200665775615E+05 -9.522317103158E+00 -4.882812500000E-04   1   5
 -1.063867129962E-03  2.848043010886E-05  1.183420417512E-03  1.133326316405E+05  6.055152418303E+02 -3.178995523708E+05 -9.519821499841E+00 -4.882812500000E-04   1   5
  1.459659630436E-04  1.783311738140E-04 -8.301913564495E-04 -1.431982610156E+04  3.036904755844E+03  1.320336811705E+05 -9.528060316356E+00 -4.882812500000E-04   1   5
 -3.118521611359E-04  5.348159552617E-04  1.376996854203E-03  4.741315976882E+04  9.141391814506E+03 -3.428972987250E+05 -9.520351887043E+00 -4.882812500000E-04   1   5
  2.320617130667E-04 -7.236562163924E-04 -7.409698445677E-04 -2.108188169043E+04 -1.430291090015E+04  1.241267958010E+05 -9.527880867135E+00 -4.882812500000E-04   1   5
  1.633851614187E-04  1.419001522535E-03  5.927810595363E-04 -1.064300257318E+04  2.522563808918E+04 -1.293845701699E+05 -9.523919205713E+00 -4.882812500000E-04   1   5
  8.865660851291E-05  9.241626049813E-04  2.980412574534E-04 -7.187437009216E+03  1.607155608113E+04 -5.788219387911E+04 -9.524745629275E+00 -4.882812500000E-04   1   5
 -1.372859358202E-04  1.163028663102E-03 -9.674944105420E-05  1.022166499628E+04  2.064887488087E+04  1.748900457967E+04 -9.525581709776E+00 -4.882812500000E-04   1   5
 -6.248063575350E-04  2.148813675438E-04 -6.661384311357E-05  5.083222954926E+04  3.703548367139E+03  9.548779546045E+03 -9.524847234303E+00 -4.882812500000E-04   1   5
 -2.837863718627E-04 -4.045689452848E-04 -8.675094815125E-04  1.842167848346E+04 -6.604737563537E+03  1.341852542161E+05 -9.527752313345E+00 -4.882812500000E-04   1   5
 -6.307306621043E-04  7.429489037231E-05  5.046545310954E-04  5.694760127103E+04  1.501793482701E+03 -1.185456555807E+05 -9.523095364154E+00 -4.882812500000E-04   1   5
 -1.182859255188E-03  1.658900820922E-04 -5.349561652359E-04  9.070890526042E+04  3.326698929940E+03  8.889185813639E+04 -9.525670123594E+00 -4.882812500000E-04   1   5
 -3.309393955414E-04 -1.611380296396E-03  5.284847140636E-04  3.125168431599E+04 -2.861890429021E+04 -1.187966076423E+05 -9.523436030741E+00 -4.882812500000E-04   1   5
  7.125923869166E-04  1.330192817611E-04  1.206429431784E-03 -5.217905850258E+04  2.356898452929E+03 -2.844762889702E+05 -9.522695331452E+00 -4.882812500000E-04   1   5
  1.314562522024E-03 -1.546565355475E-03  6.841321492548E-04 -1.090395910552E+05 -2.813359094070E+04 -1.438504766078E+05 -9.525107174000E+00 -4.882812500000E-04   1   5
  9.771749038461E-04  1.604123744224E-03  2.418411794611E-04 -8.094791766526E+04  2.935998777996E+04 -4.548061203089E+04 -9.525956419144E+00 -4.882812500000E-04   1   5
 -3.284026550565E-04 -8.163794432693E-04  2.913102218116E-06  2.625570238359E+04 -1.428307364980E+04 -1.879160602488E+03 -9.525059309723E+00 -4.882812500000E-04   1   5
  7.389781608174E-04  1.457720126028E-03  1.554129660169E-03 -4.922182378789E+04  2.492220813768E+04 -3.672511864067E+05 -9.521457155023E+00 -4.882812500000E-04   1   5
 -9.152389108566E-04 -1.222666657464E-03 -2.808135190193E-04  7.180234531242E+04 -2.284531931880E+04  4.897401715849E+04 -9.525173627594E+00 -4.882812500000E-04   1   5
  4.765212528844E-04  1.083154710590E-03  1.607987899472E-04 -4.019560525948E+04  1.909397067480E+04 -2.924873193211E+04 -9.525639113901E+00 -4.882812500000E-04   1   5
 -8.819543891686E-04 -8.655294028661E-05 -9.820225720514E-04  6.605896135128E+04 -1.428439145104E+03  1.534021897113E+05 -9.527302200710E+00 -4.882812500000E-04   1   5
  9.290708832676E-04  4.178323626331E-04  2.400336169988E-04 -7.726896517513E+04  7.438255093557E+03 -4.414215133902E+04 -9.525938588202E+00 -4.882812500000E-04   1   5
 -8.974584372796E-05  2.981529135238E-06  4.905263527757E-04  9.334344348128E+03  1.332542598414E+02 -1.147793111995E+05 -9.523975621384E+00 -4.882812500000E-04   1   5
 -3.791691704442E-04 -8.219324341606E-04 -1.218137061180E-03  2.653258766759E+04 -1.807693052049E+04  1.758674682798E+05 -9.528589230640E+00 -4.882812500000E-04   1   5
 -1.441330255021E-03 -5.113760168607E-04 -1.144597523741E-03  1.082621913075E+05 -1.116827674922E+04  1.653308851363E+05 -9.527195443977E+00 -4.882812500000E-04   1   5
  1.165556545782E-03 -7.675716559738E-04  5.195783283032E-04 -9.766782033232E+04 -1.356143514074E+04 -1.051639051956E+05 -9.525475299212E+00 -4.882812500000E-04   1   5
  7.430893826446E-04  4.910510224524E-04  3.403097592187E-04 -6.258541051119E+04  8.510605216328E+03 -6.441582353155E+04 -9.525487013659E+00 -4.882812500000E-04   1   5
  6.474594532550E-04  1.246484957183E-03 -3.104134265985E-04 -5.318329471840E+04  2.477493515370E+04  6.055793003731E+04 -9.527055400232E+00 -4.882812500000E-04   1   5
 -1.427558105169E-04  6.963810729608E-04 -6.993134855406E-04  8.684330584125E+03  1.313987409592E+04  1.177247030942E+05 -9.527330474469E+00 -4.882812500000E-04   1   5
 -5.019996229939E-04  1.104266557447E-03 -8.614376383420E-05  3.999809876032E+04  2.052596080672E+04  1.262575686772E+04 -9.525100177614E+00 -4.882812500000E-04   1   5
 -5.779516523415E-04  3.238747476664E-04  1.202645189693E-04  4.891556870733E+04  5.775588995340E+03 -2.793487733164E+04 -9.524316126917E+00 -4.882812500000E-04   1   5
 -8.043305709326E-04  6.096427994746E-04 -6.180455166707E-04  6.123961388298E+04  1.125408381650E+04  1.027072831113E+05 -9.526319080467E+00 -4.882812500000E-04   1   5
  7.334280756353E-04 -6.061607032507E-04  1.743703647403E-03 -4.643076183698E+04 -1.038959555740E+04 -4.009422168838E+05 -9.520770617408E+00 -4.882812500000E-04   1   5
 -5.792314495089E-04  1.134452103137E-03 -9.207813057088E-05  4.638564375402E+04  2.054646985401E+04  1.517462284926E+04 -9.525006494229E+00 -4.882812500000E-04   1   5
 -2.060948449782E-04  6.430863639856E-04  6.072227401077E-05  1.741958107872E+04  1.079939452823E+04 -1.413356779957E+04 -9.524996696088E+00 -4.882812500000E-04   1   5
  9.740174885631E-04  1.643735067101E-03  1.329621190139E-03 -7.446869766659E+04  2.880134099380E+04 -3.096307670650E+05 -9.522623968684E+00 -4.882812500000E-04   1   5
  4.229355383502E-04 -5.167007059719E-04  8.884401765670E-04 -2.978552756879E+04 -9.602290792019E+03 -2.030362641738E+05 -9.523322667901E+00 -4.882812500000E-04   1   5
 -1.071900447761E-03 -5.939599833994E-04 -1.154960135958E-03  7.959090671329E+04 -1.472922660020E+04  1.649960317941E+05 -9.527667289229E+00 -4.882812500000E-04   1   5
  8.660455528811E-04  3.449943044460E-04  6.658281219956E-04 -7.103787601678E+04  5.996568139783E+03 -1.422452305277E+05 -9.524654163778E+00 -4.882812500000E-04   1   5
 -6.098526417566E-04  3.838411800182E-04 -1.255381307082E-03  4.415588948354E+04  8.278994924317E+03  1.778231716591E+05 -9.528469594603E+00 -4.882812500000E-04   1   5
  2.025943442416E-03 -9.534974651264E-04  1.758265576971E-03 -1.691328647043E+05 -1.648296074040E+04 -3.895357415229E+05 -9.522659953146E+00 -4.882812500000E-04   1   5
  4.600414973234E-04 -6.434650649763E-04 -1.194482059798E-03 -3.798376314274E+04 -1.424502446108E+04  1.718348555662E+05 -9.529409768373E+00 -4.882812500000E-04   1   5
  2.076515116792E-03 -4.917401939448E-05  1.784433580632E-05 -1.702904532782E+05 -9.979578999114E+02 -2.102550881632E+03 -9.527733154402E+00 -4.882812500000E-04   1   5
 -4.429585556299E-04  6.235642526707E-04 -8.324137409446E-04  3.209462299502E+04  1.212384045162E+04  1.312930294391E+05 -9.527385895584E+00 -4.882812500000E-04   1   5
  4.615777248916E-04  8.860272821362E-04 -4.077202317365E-04 -3.954692066462E+04  1.614886282643E+04  7.822309468544E+04 -9.527202789675E+00 -4.882812500000E-04   1   5
 -4.930451987995E-04 -1.719901689881E-03  9.824882450040E-04  5.365355956536E+04 -3.048029590822E+04 -2.459984622365E+05 -9.521639533262E+00 -4.882812500000E-04   1   5
  8.322195600848E-04 -4.936415961578E-04 -5.263506522848E-04 -6.735282481445E+04 -1.079840591603E+04  9.472273391601E+04 -9.527847958284E+00 -4.882812500000E-04   1   5
  1.006934705139E-03 -7.206027783278E-04  4.522516810948E-04 -8.419979185811E+04 -1.292742992011E+04 -9.135047677064E+04 -9.525472517803E+00 -4.882812500000E-04   1   5
 -3.701740403861E-04 -4.373083276387E-04  6.615084962771E-04  3.759451378222E+04 -7.676513354064E+03 -1.521086717282E+05 -9.522888436815E+00 -4.882812500000E-04   1   5
 -8.455794841274E-05 -1.770964745360E-03  7.704929037420E-04  1.297482220268E+04 -3.117082482433E+04 -1.748049190409E+05 -9.522993183866E+00 -4.882812500000E-04   1   5
 -6.198043261322E-04 -4.610899730503E-04 -1.033449794168E-03  4.536998923953E+04 -9.483138811725E+03  1.630347238688E+05 -9.527753618267E+00 -4.882812500000E-04   1   5
  6.928862015245E-04 -8.184663346883E-04 -5.839787235331E-04 -5.749418042453E+04 -1.542235686853E+04  1.030158328178E+05 -9.527935927340E+00 -4.882812500000E-04   1   5
  5.671602408520E-04  4.495047648406E-04  4.306379535510E-04 -4.677152387814E+04  7.708996493494E+03 -9.027152953020E+04 -9.524982995123E+00 -4.882812500000E-04   1   5
  7.641012230723E-04  7.028386157302E-04  1.082736823321E-03 -5.907534002887E+04  1.191498698788E+04 -2.477812994493E+05 -9.523219027340E+00 -4.882812500000E-04   1   5
  1.037250825586E-03  4.961104716003E-05 -1.640495370694E-04 -8.584668711436E+04  7.884073077728E+02  3.321200152050E+04 -9.527173000670E+00 -4.882812500000E-04   1   5
  2.105904347701E-04 -1.432014794384E-03  7.684996671991E-04 -1.281611350307E+04 -2.495510525648E+04 -1.696996933082E+05 -9.523413680450E+00 -4.882812500000E-04   1   5
  1.754051113239E-03 -6.347154426726E-04  8.451548014730E-04 -1.475558152249E+05 -1.122753308263E+04 -1.777790683405E+05 -9.525210886628E+00 -4.882812500000E-04   1   5
 -6.043708047339E-04 -1.334005302395E-03  1.401028261043E-03  7.569009632048E+04 -2.316046190808E+04 -3.588593296928E+05 -9.519754462742E+00 -4.882812500000E-04   1   5
 -4.331156954775E-04 -1.271051613993E-03 -4.570661791803E-05  3.473332385686E+04 -2.339249725846E+04  6.846679216772E+03 -9.525052626468E+00 -4.882812500000E-04   1   5
 -9.550469467376E-04 -3.623892006133E-04 -3.508525564797E-04  7.534851184520E+04 -6.527784064428E+03  6.174940152808E+04 -9.525288352767E+00 -4.882812500000E-04   1   5
 -1.284973329956E-03 -4.476097235739E-04 -1.405893059763E-03  9.551968090501E+04 -9.984590042406E+03  1.877248880944E+05 -9.528189120687E+00 -4.882812500000E-04   1   5
 -4.027341723919E-05 -1.473767300582E-03  3.496855255900E-04  4.700545752603E+03 -2.609728957377E+04 -7.320565536106E+04 -9.524385939272E+00 -4.882812500000E-04   1   5
  7.123980742467E-04 -6.144707947242E-04 -4.279024263418E-04 -5.901999832237E+04 -1.153097612990E+04  7.880031546914E+04 -9.527515442759E+00 -4.882812500000E-04   1   5
 -8.924496164846E-04 -7.970773696534E-04 -1.080514687413E-03  6.645878438619E+04 -1.575141744652E+04  1.664577464052E+05 -9.527580522077E+00 -4.882812500000E-04   1   5
  5.082153783345E-04 -6.930888957378E-05  3.266895258598E-04 -4.173490748440E+04 -1.201643717470E+03 -6.106684620649E+04 -9.525163498856E+00 -4.882812500000E-04   1   5
  4.366467040371E-04 -4.432738487471E-04 -7.032200273329E-04 -3.779968826194E+04 -8.195277664642E+03  1.193147936450E+05 -9.528038207349E+00 -4.882812500000E-04   1   5
 -3.397530366819E-04 -1.240163509703E-03 -2.152112205955E-04  2.570906147714E+04 -2.218004540897E+04  3.949885411391E+04 -9.525699061865E+00 -4.882812500000E-04   1   5
 -6.567391172491E-05  1.421842591028E-03  1.942577455374E-04  5.752301082959E+03  2.604276453841E+04 -4.140707438479E+04 -9.524821650531E+00 -4.882812500000E-04   1   5
 -9.064955955467E-04 -2.994096018563E-04 -3.622007550632E-04  6.940354301359E+04 -6.831503392525E+03  6.649453232262E+04 -9.525493995258E+00 -4.882812500000E-04   1   5
  2.796012209705E-04 -1.199959171736E-03  5.239049785946E-04 -2.097175120085E+04 -2.168009295979E+04 -1.165745620655E+05 -9.524289168163E+00 -4.882812500000E-04   1   5
 -8.784735836152E-05  2.150948050964E-04 -9.550318948790E-04  4.324493661862E+03  2.852178990039E+03  1.510795734207E+05 -9.528123662326E+00 -4.882812500000E-04   1   5
 -6.476463888620E-04  1.692277390851E-03  1.038834167726E-03  6.935157639704E+04  2.971519766707E+04 -2.615067993632E+05 -9.521152068329E+00 -4.882812500000E-04   1   5
 -4.160596344851E-04 -2.574714682117E-04 -9.395559829013E-04  3.079618045199E+04 -4.189185949818E+03  1.468927978020E+05 -9.527664126707E+00 -4.882812500000E-04   1   5
 -9.576216571549E-04  1.012873420429E-03  4.993383819905E-04  8.452753585700E+04  1.823738157493E+04 -1.219518203689E+05 -9.522666902262E+00 -4.882812500000E-04   1   5
  6.230122064355E-04  4.076581220134E-04  1.414905000320E-03 -4.059383608077E+04  7.216449095119E+03 -3.326294583667E+05 -9.521789281486E+00 -4.882812500000E-04   1   5
 -6.959422512431E-04 -7.494395509912E-04 -5.007793571679E-04  5.392670380364E+04 -1.390116632756E+04  8.858752054403E+04 -9.526038817866E+00 -4.882812500000E-04   1   5
  1.298139098791E-03  1.226379924466E-03  1.318900936001E-03 -1.049147415121E+05  2.116495815916E+04 -3.018625854848E+05 -9.523159902745E+00 -4.882812500000E-04   1   5
  4.020441948985E-04  1.093135881288E-03 -8.226722986304E-04 -3.381257899376E+04  2.269002047284E+04  1.353579614491E+05 -9.528248768076E+00 -4.882812500000E-04   1   5
  4.798573412010E-04  2.427849170937E-03  1.387139071218E-03 -2.730729812725E+04  4.269537651893E+04 -3.312629423380E+05 -9.521625028727E+00 -4.882812500000E-04   1   5
 -1.552580888718E-05  1.487480754868E-03  1.828144014198E-04  1.512932672693E+03  2.801649697973E+04 -3.925513739471E+04 -9.524916631686E+00 -4.882812500000E-04   1   5
  1.249124619652E-03  1.605242866300E-03  2.283819888174E-04 -1.035012831606E+05  2.969536128866E+04 -4.279368522523E+04 -9.526301256342E+00 -4.882812500000E-04   1   5
  1.628045214033E-04 -6.676447947550E-04  3.987646225259E-04 -1.323495058786E+04 -1.153238335010E+04 -8.338587815954E+04 -9.524581886575E+00 -4.882812500000E-04   1   5
 -1.201781645763E-03 -9.732190727025E-04  1.546857615029E-04  9.946578694606E+04 -1.804418664033E+04 -4.360420700213E+04 -9.523480700679E+00 -4.882812500000E-04   1   5
 -3.704312073037E-04  1.086666914598E-03 -5.232421902743E-04  2.726007192272E+04  2.086948225271E+04  9.099819794388E+04 -9.526540171400E+00 -4.882812500000E-04   1   5
 -2.576683024596E-04  2.249133599333E-04  7.445432573299E-04  2.823573449550E+04  4.053274169780E+03 -1.705158552542E+05 -9.522816492218E+00 -4.882812500000E-04   1   5
 -5.570436001001E-04  1.181321684277E-03 -8.373588672583E-05  4.426897919359E+04  2.113364718509E+04  1.397001853870E+04 -9.525031184215E+00 -4.882812500000E-04   1   5
 -5.497087622624E-04 -1.050406655656E-03 -1.658596558123E-04  4.351543282975E+04 -1.907317235094E+04  2.659244155779E+04 -9.525274179172E+00 -4.882812500000E-04   1   5
 -5.393338635817E-04 -1.282145524361E-03  3.695569057776E-04  4.760114655403E+04 -2.289429265566E+04 -8.434607205227E+04 -9.523633090477E+00 -4.882812500000E-04   1   5
  1.714404090632E-03  5.782860418491E-04 -7.906877841268E-04 -1.363177482996E+05  1.180941179106E+04  1.297747967724E+05 -9.529477717826E+00 -4.882812500000E-04   1   5
 -3.775007543122E-04 -1.089011094519E-03 -8.774407487646E-04  2.691318255471E+04 -2.290659797447E+04  1.358244811600E+05 -9.527581787311E+00 -4.882812500000E-04   1   5
  1.076469713540E-03  1.021981707368E-03 -1.000760296730E-04 -8.840431712582E+04  1.955848794558E+04  1.886554566842E+04 -9.526996098246E+00 -4.882812500000E-04   1   5
 -7.930398683809E-04  1.070297431907E-03 -5.696815400231E-04  6.023586196263E+04  2.137365969357E+04  9.458025479677E+04 -9.526203200073E+00 -4.882812500000E-04   1   5
 -3.426825561124E-04 -1.024090568224E-03  5.103259184054E-04  3.164149866091E+04 -1.897385324613E+04 -1.187478286442E+05 -9.523521731768E+00 -4.882812500000E-04   1   5
  2.757352714124E-04  1.355052425687E-04 -3.169797533076E-05 -2.305032954983E+04  2.529718576930E+03  8.157123575047E+03 -9.525883502743E+00 -4.882812500000E-04   1   5
 -9.847385261911E-05  1.830049205532E-04 -1.916809014784E-04  5.615590608403E+03  3.292505495057E+03  3.640189076108E+04 -9.525970811307E+00 -4.882812500000E-04   1   5
  1.290686644696E-04  8.477041305560E-04 -1.035992092559E-03 -1.274645184448E+04  1.701360741658E+04  1.638406272225E+05 -9.528585731209E+00 -4.882812500000E-04   1   5
  8.253682289624E-04  6.668691602993E-05 -1.141571265205E-03 -6.562974030026E+04  1.912625010908E+03  1.683894191662E+05 -9.529587866228E+00 -4.882812500000E-04   1   5
  3.141579328009E-04 -1.694264939202E-03  9.041275830963E-04 -2.036483886017E+04 -2.947904963705E+04 -2.067642872951E+05 -9.523126152257E+00 -4.882812500000E-04   1   5
  2.582844654108E-04 -1.911056065957E-04 -8.303804978897E-04 -2.347278391087E+04 -3.216496238204E+03  1.317660080777E+05 -9.528206322401E+00 -4.882812500000E-04   1   5
  1.086202740749E-04 -1.889701994724E-04 -8.344298390384E-05 -1.198208884168E+04 -3.142239914893E+03  1.696683005814E+04 -9.525978346309E+00 -4.882812500000E-04   1   5
  1.520052002760E-03 -2.185290557581E-03  1.034049506050E-03 -1.260393702445E+05 -3.866415737007E+04 -2.317490829090E+05 -9.524314836838E+00 -4.882812500000E-04   1   5
  1.213585971677E-03 -7.835354209193E-04 -3.529080785345E-04 -9.837235707120E+04 -1.583008771920E+04  6.493105669024E+04 -9.527794036247E+00 -4.882812500000E-04   1   5
  8.404770206502E-04 -2.425170832120E-03  1.371933301552E-03 -6.129681132589E+04 -4.246976271059E+04 -3.244285980155E+05 -9.522251909979E+00 -4.882812500000E-04   1   5
 -5.414151676412E-05 -9.029996463299E-04  1.379596190931E-03  2.270168869302E+04 -1.556587863757E+04 -3.370201885803E+05 -9.520800398712E+00 -4.882812500000E-04   1   5
 -7.574878760990E-05 -6.575477531163E-04  3.951880669621E-04  8.238563333316E+03 -1.191552967047E+04 -8.683801187450E+04 -9.524208613498E+00 -4.882812500000E-04   1   5
 -5.052449080682E-04  6.962733027358E-04 -1.019376837574E-03  3.656872565750E+04  1.465203963346E+04  1.612299249463E+05 -9.527834715813E+00 -4.882812500000E-04   1   5
 -5.552561322336E-04  9.367202404853E-04 -3.951453417699E-04  4.205452985028E+04  1.862158609311E+04  6.788230874360E+04 -9.525978941883E+00 -4.882812500000E-04   1   5
 -6.960709972759E-04 -1.724779064107E-04  1.598614499464E-03  8.686354511998E+04 -3.047234280365E+03 -3.845265970414E+05 -9.518878486893E+00 -4.882812500000E-04   1   5
 -9.042711330282E-04  6.712451017641E-04 -1.290190349826E-03  6.664141346833E+04  1.501148573247E+04  1.843845608453E+05 -9.528228693083E+00 -4.882812500000E-04   1   5
 -9.045107536949E-04 -1.780051966956E-04  2.324715502269E-04  7.684340236411E+04 -3.158837593043E+03 -5.524792839906E+04 -9.523560118497E+00 -4.882812500000E-04   1   5
  1.466503434929E-03 -9.013456387042E-05  1.604683256360E-03 -1.169388242314E+05 -1.657564707590E+03 -3.688055994738E+05 -9.522376791539E+00 -4.882812500000E-04   1   5
  3.470521929378E-04 -6.346698701841E-04 -5.267824249788E-04 -2.994370708866E+04 -1.220005378538E+04  9.286934871804E+04 -9.527393291935E+00 -4.882812500000E-04   1   5
  1.071191246517E-03  1.744780189775E-03  1.309927066362E-03 -8.356442309465E+04  3.040539152010E+04 -3.031315112684E+05 -9.522826980476E+00 -4.882812500000E-04   1   5
  1.182664460252E-04  8.856088060461E-04 -1.057073882276E-03 -1.194855711007E+04  1.801469808364E+04  1.647774096040E+05 -9.528641506400E+00 -4.882812500000E-04   1   5
 -2.720518736049E-04 -3.409529636909E-04  4.197342388199E-04  2.572753372847E+04 -5.766505468185E+03 -9.791558596732E+04 -9.523847740725E+00 -4.882812500000E-04   1   5
  1.178382818307E-03  1.024235150236E-03  8.549180175166E-05 -9.772554522507E+04  1.884364946492E+04 -1.194802300251E+04 -9.526634349677E+00 -4.882812500000E-04   1   5
  1.641525759923E-03  4.850166346370E-04  1.225740209751E-03 -1.363584163673E+05  8.574255283658E+03 -2.777999201838E+05 -9.523911143336E+00 -4.882812500000E-04   1   5
  3.091398138260E-04  2.535668443214E-05 -1.076741624260E-03 -2.688662732711E+04  6.348662967598E+02  1.687008501091E+05 -9.528915698754E+00 -4.882812500000E-04   1   5
  1.241035108155E-04  5.066869500246E-04 -5.565438713049E-04 -1.206778572520E+04  9.707728621947E+03  9.793636066493E+04 -9.527213646435E+00 -4.882812500000E-04   1   5
  6.316121261458E-05  1.465649168649E-03  7.718792680933E-04 -1.495665104642E+02  2.579260727561E+04 -1.737483728283E+05 -9.523215987690E+00 -4.882812500000E-04   1   5
 -6.593078918877E-04  8.368772082856E-04 -3.971330317221E-05  5.319636699036E+04  1.485067862589E+04  4.252670109525E+03 -9.524759687242E+00 -4.882812500000E-04   1   5
 -8.451901842220E-05  6.390914345154E-04 -4.134586420967E-05  5.958657410605E+03  1.179173657583E+04  7.662767824970E+03 -9.525499639113E+00 -4.882812500000E-04   1   5
 -9.247861540263E-04  2.549047859452E-04 -5.904881056171E-04  7.076175945874E+04  4.744630292124E+03  9.932197426651E+04 -9.526097480335E+00 -4.882812500000E-04   1   5
 -4.944778950136E-04 -1.559455308734E-03  9.102705171280E-04  5.188869338014E+04 -2.798116719331E+04 -2.262091043039E+05 -9.521921909352E+00 -4.882812500000E-04   1   5
 -3.467807653910E-04 -1.002918927511E-03 -2.654236085782E-04  2.659013618929E+04 -1.839585883272E+04  5.052576553773E+04 -9.525797346802E+00 -4.882812500000E-04   1   5
  2.300870480258E-04  2.824435750380E-04 -2.434803574261E-04 -2.136901324768E+04  4.750429430278E+03  5.070303832613E+04 -9.526511911414E+00 -4.882812500000E-04   1   5
  1.466375859463E-03  1.686753303428E-04 -7.017228118897E-04 -1.173878326210E+05  3.472584372077E+03  1.186380823372E+05 -9.529009396678E+00 -4.882812500000E-04   1   5
 -1.258245478416E-03 -1.057416357937E-03  4.891312912054E-04  1.101652942332E+05 -1.906242032901E+04 -1.243634100836E+05 -9.522264867683E+00 -4.882812500000E-04   1   5
  1.464350569796E-03  2.728973913107E-04 -6.783152124115E-04 -1.171124112493E+05  5.508493718472E+03  1.156361167861E+05 -9.528930410014E+00 -4.882812500000E-04   1   5
 -8.570713189762E-04  1.123060174484E-03 -3.138169316799E-04  6.702224335399E+04  2.060721463396E+04  5.670749103057E+04 -9.525333212227E+00 -4.882812500000E-04   1   5
 -1.205352658157E-03  4.952210358996E-04 -5.931642286576E-04  9.314391453580E+04  9.483109064728E+03  9.754341285952E+04 -9.525754040467E+00 -4.882812500000E-04   1   5
 -1.836021206447E-03  4.057579953732E-04 -1.420436946914E-03  1.374006322970E+05  9.267566440621E+03  1.834411969818E+05 -9.527631172484E+00 -4.882812500000E-04   1   5
 -1.502244058692E-03 -1.772402307132E-04 -7.930956184463E-04  1.153935893141E+05 -3.300353577090E+03  1.266586293140E+05 -9.525986862777E+00 -4.882812500000E-04   1   5
  5.340748331660E-04 -1.216837172095E-03  9.596644050873E-04 -3.923106385555E+04 -2.146902004069E+04 -2.197980479688E+05 -9.523262065283E+00 -4.882812500000E-04   1   5
  1.089930866014E-05 -9.987204405409E-05 -6.456147943403E-04 -2.219138101207E+03 -1.588980662077E+03  1.095265004090E+05 -9.527287080235E+00 -4.882812500000E-04   1   5
 -9.894692094297E-04  1.534329352458E-03  7.198672457243E-04  9.161070564217E+04  2.740370929274E+04 -1.780181556094E+05 -9.521839857607E+00 -4.882812500000E-04   1   5
  6.284273004681E-04  6.552591085887E-04 -5.209499475551E-04 -5.226986700917E+04  1.258503540354E+04  9.224940843291E+04 -9.527685602713E+00 -4.882812500000E-04   1   5
 -4.716487009136E-04  1.674137281573E-03  9.000762805478E-04  4.972348209555E+04  2.959916584755E+04 -2.202867528813E+05 -9.521978674901E+00 -4.882812500000E-04   1   5
 -1.423234483762E-04 -2.131246437583E-04 -1.219694487943E-03  8.404960772748E+03 -4.898003545082E+03  1.738192946687E+05 -9.528865098536E+00 -4.882812500000E-04   1   5
  3.197600347041E-05  3.158224148639E-04 -1.388136824842E-03 -5.048417671292E+03  6.547317385297E+03  1.846881945846E+05 -9.529572126395E+00 -4.882812500000E-04   1   5
  1.033917098803E-04 -1.140767600570E-03 -4.688321841506E-04 -1.027049729615E+04 -2.166032237527E+04  8.579321064672E+04 -9.526923603390E+00 -4.882812500000E-04   1   5
  1.442371486987E-04 -2.013202359932E-03  1.253359808468E-03  1.240293186047E+03 -3.476000313258E+04 -3.044561735644E+05 -9.521617624677E+00 -4.882812500000E-04   1   5
 -1.264250517367E-03 -6.152156419435E-04 -1.317509589336E-03  9.402073462549E+04 -1.401448440846E+04  1.840327959796E+05 -9.527925808771E+00 -4.882812500000E-04   1   5
  2.529331562136E-03 -1.299171287924E-03  1.260300349696E-03 -2.168592762520E+05 -2.273528450674E+04 -2.838729242517E+05 -9.524921877843E+00 -4.882812500000E-04   1   5
  1.556377264427E-03  1.243535371070E-04 -1.023829128993E-03 -1.227326269140E+05  2.757034701082E+03  1.607564225008E+05 -9.529953257119E+00 -4.882812500000E-04   1   5
 -1.594580376717E-03 -5.791620973765E-04 -8.576697086351E-04  1.215939110348E+05 -1.143155190959E+04  1.348170556863E+05 -9.526109680323E+00 -4.882812500000E-04   1   5
  6.737571413590E-04 -2.027173679968E-03  1.238305811913E-03 -4.843283013491E+04 -3.497796231375E+04 -2.911400076681E+05 -9.522518639125E+00 -4.882812500000E-04   1   5
  1.195033977536E-03 -3.382056483217E-04  1.558862838531E-03 -9.327795223112E+04 -5.836771773559E+03 -3.636920653804E+05 -9.522217144797E+00 -4.882812500000E-04   1   5
  5.463177263182E-04 -1.544852287775E-03 -1.004877580929E-03 -4.424991070358E+04 -3.526415050925E+04  1.534461455898E+05 -9.528849365629E+00 -4.882812500000E-04   1   5
  2.906143230618E-04  2.454447939986E-04  7.950500097120E-04 -1.880987370109E+04  3.856234069794E+03 -1.765247555184E+05 -9.523408742113E+00 -4.882812500000E-04   1   5
 -1.540137936759E-03 -2.832643142292E-04 -8.387825644469E-04  1.175667576620E+05 -5.707120408557E+03  1.313714215873E+05 -9.526118979319E+00 -4.882812500000E-04   1   5
 -6.316166561119E-04 -1.053313568221E-03 -6.066665720290E-04  4.761485636514E+04 -2.020531662578E+04  1.017572267977E+05 -9.526484972090E+00 -4.882812500000E-04   1   5
 -1.260010808802E-03 -1.068924872472E-03  8.214203018291E-04  1.187983398849E+05 -1.902497404970E+04 -2.175015065275E+05 -9.521027840421E+00 -4.882812500000E-04   1   5
  7.993954430758E-04 -1.273622714086E-03  4.730968927014E-04 -6.636330926739E+04 -2.273996870475E+04 -9.755325231244E+04 -9.525142587214E+00 -4.882812500000E-04   1   5
  1.361752991079E-04  2.136193258216E-04 -8.496891148901E-05 -1.357737618609E+04  3.394152166895E+03  1.512041676543E+04 -9.525983986357E+00 -4.882812500000E-04   1   5
 -2.168249356445E-03 -8.160425933831E-06 -5.057724117030E-04  1.693849498360E+05 -9.132688743634E+01  7.790349104910E+04 -9.524312825488E+00 -4.882812500000E-04   1   5
 -1.211861747452E-03 -3.444547796120E-04 -6.519131977072E-04  9.367495803485E+04 -6.595679446513E+03  1.068767246024E+05 -9.525899034412E+00 -4.882812500000E-04   1   5
  2.567637788677E-04 -9.826156552259E-04 -7.928965432988E-04 -2.262921963133E+04 -1.907079877906E+04  1.332895554187E+05 -9.528020942461E+00 -4.882812500000E-04   1   5
  1.327279232202E-03 -1.205930827164E-03  7.892502130069E-04 -1.098487741354E+05 -2.181280736159E+04 -1.667765009733E+05 -9.524813355270E+00 -4.882812500000E-04   1   5
  3.834254687558E-04  6.523979440247E-04  3.244057391640E-04 -3.279522590595E+04  1.117163844090E+04 -6.253654619963E+04 -9.525107241543E+00 -4.882812500000E-04   1   5
  6.029511236789E-04 -1.129692891659E-03  3.044477189089E-04 -5.038209832716E+04 -2.012575684335E+04 -5.770674268025E+04 -9.525381029833E+00 -4.882812500000E-04   1   5
  6.258853003744E-04 -2.984959260188E-04  4.240489057441E-04 -5.233682836369E+04 -5.322224019135E+03 -8.651383627118E+04 -9.525103800489E+00 -4.882812500000E-04   1   5
  1.441021325218E-04  5.015563319155E-04  2.594935835507E-04 -1.149701108207E+04  8.596535285820E+03 -5.118117925229E+04 -9.524906347232E+00 -4.882812500000E-04   1   5
  3.234991526232E-05 -1.143817981358E-04 -5.199932452200E-04 -3.807475860723E+03 -2.334728826590E+03  9.170426246140E+04 -9.526951544113E+00 -4.882812500000E-04   1   5
  5.445087773742E-04  8.884592609177E-04  4.350670230391E-04 -4.480570462132E+04  1.587949446206E+04 -9.171778917008E+04 -9.524937364219E+00 -4.882812500000E-04   1   5
 -2.548499373536E-04 -1.137552011913E-03  1.224338067235E-03  3.828031615278E+04 -1.958182553033E+04 -3.046134884311E+05 -9.521055689730E+00 -4.882812500000E-04   1   5
