 -5.1660E-01 -5.7580E+00  3.0623E+02  5.2468E-01  2.9147E+00  6.9481E+01  1.0548E+00
 -5.0622E-01 -5.7090E+00  2.9583E+02  4.8741E-01  2.9150E+00  6.3886E+01  1.1246E+00
 -4.9544E-01 -5.6581E+00  2.8503E+02  4.4913E-01  2.9153E+00  5.8078E+01  1.2081E+00
 -4.8476E-01 -5.6077E+00  2.7433E+02  4.1183E-01  2.9156E+00  5.2342E+01  1.3042E+00
 -4.7398E-01 -5.5568E+00  2.6353E+02  3.7492E-01  2.9160E+00  4.6563E+01  1.4177E+00
 -4.6331E-01 -5.5064E+00  2.5283E+02  3.3939E-01  2.9163E+00  4.0864E+01  1.5498E+00
 -4.5253E-01 -5.4555E+00  2.4203E+02  3.0487E-01  2.9167E+00  3.5143E+01  1.7068E+00
 -4.4186E-01 -5.4051E+00  2.3134E+02  2.7257E-01  2.9170E+00  2.9534E+01  1.8885E+00
 -4.3108E-01 -5.3542E+00  2.2053E+02  2.4260E-01  2.9173E+00  2.3962E+01  2.0985E+00
 -4.2041E-01 -5.3038E+00  2.0984E+02  2.1665E-01  2.9175E+00  1.8626E+01  2.3239E+00
 -4.0962E-01 -5.2528E+00  1.9904E+02  1.9570E-01  2.9178E+00  1.3633E+01  2.5437E+00
 -3.9895E-01 -5.2024E+00  1.8834E+02  1.8197E-01  2.9180E+00  9.7105E+00  2.7048E+00
 -3.8817E-01 -5.1515E+00  1.7754E+02  1.7685E-01  2.9182E+00  8.3883E+00  2.7511E+00
 -3.7750E-01 -5.1011E+00  1.6684E+02  1.8117E-01  2.9205E+00  1.0764E+01  2.6539E+00
 -3.6672E-01 -5.0502E+00  1.5605E+02  1.9420E-01  2.9628E+00  1.6470E+01  2.3996E+00
 -3.5599E-01 -4.9999E+00  1.4543E+02  2.1181E-01  3.2799E+00  2.8629E+01  1.8092E+00
 -3.4535E-01 -4.9509E+00  1.3531E+02  2.2937E-01  3.3580E+00  3.5267E+01  1.4358E+00
 -3.3458E-01 -4.9026E+00  1.2563E+02  2.4790E-01  3.2723E+00  3.8934E+01  1.2537E+00
 -3.2387E-01 -4.8557E+00  1.1653E+02  2.6707E-01  3.1869E+00  4.2316E+01  1.1331E+00
 -3.1309E-01 -4.8095E+00  1.0786E+02  2.8674E-01  3.1123E+00  4.5688E+01  1.0479E+00
 -3.0239E-01 -4.7647E+00  9.9737E+01  3.0635E-01  3.0475E+00  4.8980E+01  9.9010E-01
 -2.9167E-01 -4.7206E+00  9.2015E+01  3.2599E-01  2.9915E+00  5.2240E+01  9.5412E-01
 -2.8091E-01 -4.6772E+00  8.4690E+01  3.4548E-01  2.9422E+00  5.5439E+01  9.3385E-01
 -2.7018E-01 -4.6346E+00  7.7768E+01  3.6470E-01  2.8990E+00  5.8562E+01  9.2610E-01
 -2.5945E-01 -4.5927E+00  7.1224E+01  3.8360E-01  2.8616E+00  6.1614E+01  9.2875E-01
 -2.4873E-01 -4.5514E+00  6.5038E+01  4.0219E-01  2.8284E+00  6.4578E+01  9.3873E-01
 -2.3804E-01 -4.5108E+00  5.9213E+01  4.2039E-01  2.7998E+00  6.7456E+01  9.5551E-01
 -2.2727E-01 -4.4704E+00  5.3671E+01  4.3842E-01  2.7743E+00  7.0263E+01  9.7733E-01
 -2.1655E-01 -4.4306E+00  4.8468E+01  4.5607E-01  2.7522E+00  7.2968E+01  1.0035E+00
 -2.0586E-01 -4.3914E+00  4.3588E+01  4.7338E-01  2.7330E+00  7.5569E+01  1.0331E+00
 -1.9509E-01 -4.3523E+00  3.8970E+01  4.9055E-01  2.7160E+00  7.8085E+01  1.0659E+00
 -1.8439E-01 -4.3138E+00  3.4664E+01  5.0741E-01  2.7016E+00  8.0491E+01  1.1013E+00
 -1.7364E-01 -4.2755E+00  3.0623E+01  5.2415E-01  2.6888E+00  8.2793E+01  1.1388E+00
 -1.6295E-01 -4.2377E+00  2.6873E+01  5.4065E-01  2.6781E+00  8.4982E+01  1.1783E+00
 -1.5219E-01 -4.2000E+00  2.3366E+01  5.5714E-01  2.6686E+00  8.7066E+01  1.2195E+00
 -1.4154E-01 -4.1629E+00  2.0154E+01  5.7340E-01  2.6609E+00  8.9018E+01  1.2620E+00
 -1.3082E-01 -4.1258E+00  1.7176E+01  5.8973E-01  2.6541E+00  9.0859E+01  1.3057E+00
 -1.2005E-01 -4.0887E+00  1.4433E+01  6.0618E-01  2.6486E+00  9.2591E+01  1.3509E+00
 -1.0928E-01 -4.0518E+00  1.1941E+01  6.2268E-01  2.6439E+00  9.4191E+01  1.3969E+00
 -9.8600E-02 -4.0154E+00  9.7115E+00  6.3917E-01  2.6402E+00  9.5651E+01  1.4432E+00
 -8.7873E-02 -3.9790E+00  7.7113E+00  6.5589E-01  2.6372E+00  9.6982E+01  1.4903E+00
 -7.7107E-02 -3.9426E+00  5.9417E+00  6.7288E-01  2.6349E+00  9.8182E+01  1.5379E+00
 -6.6374E-02 -3.9065E+00  4.4126E+00  6.9008E-01  2.6331E+00  9.9235E+01  1.5856E+00
 -5.5647E-02 -3.8704E+00  3.1167E+00  7.0758E-01  2.6318E+00  1.0014E+02  1.6334E+00
 -4.4999E-02 -3.8347E+00  2.0582E+00  7.2530E-01  2.6309E+00  1.0090E+02  1.6807E+00
 -3.4194E-02 -3.7986E+00  1.2148E+00  7.4370E-01  2.6303E+00  1.0151E+02  1.7285E+00
 -2.3510E-02 -3.7629E+00  6.0794E-01  7.6233E-01  2.6178E+00  1.0116E+02  1.7738E+00
 -1.2816E-02 -3.7272E+00  2.2319E-01  7.8142E-01  2.5339E+00  9.5799E+01  1.8060E+00
 -2.0146E-03 -3.6911E+00  4.1393E-02  8.0077E-01  2.1314E+00  6.5883E+01  1.7666E+00
  8.6867E-03 -3.6554E+00 -6.1285E-03  8.1915E-01  1.7291E+00  2.4438E+01  1.6742E+00
  1.9388E-02 -3.6197E+00 -1.2730E-02  8.3689E-01  1.6602E+00  1.2632E+01  1.6458E+00
  3.0090E-02 -3.5840E+00 -1.2862E-02  8.5450E-01  1.6522E+00  1.0942E+01  1.6417E+00
  4.0892E-02 -3.5480E+00 -1.2346E-02  8.7226E-01  1.6518E+00  1.0854E+01  1.6419E+00
  5.1593E-02 -3.5123E+00 -1.1833E-02  8.8986E-01  1.6518E+00  1.0855E+01  1.6423E+00
  6.2295E-02 -3.4766E+00 -1.1320E-02  9.0746E-01  1.6518E+00  1.0855E+01  1.6427E+00
  7.2996E-02 -3.4409E+00 -1.0807E-02  9.2506E-01  1.6518E+00  1.0855E+01  1.6431E+00
  8.3798E-02 -3.4048E+00 -1.0290E-02  9.4284E-01  1.6518E+00  1.0855E+01  1.6434E+00
  9.4499E-02 -3.3691E+00 -9.7768E-03  9.6045E-01  1.6519E+00  1.0856E+01  1.6437E+00
  1.0520E-01 -3.3334E+00 -9.2640E-03  9.7807E-01  1.6519E+00  1.0856E+01  1.6440E+00
  1.1590E-01 -3.2977E+00 -8.7512E-03  9.9569E-01  1.6519E+00  1.0856E+01  1.6443E+00
  1.2670E-01 -3.2617E+00 -8.2336E-03  1.0135E+00  1.6519E+00  1.0857E+01  1.6446E+00
  1.3741E-01 -3.2260E+00 -7.7208E-03  1.0311E+00  1.6519E+00  1.0857E+01  1.6448E+00
  1.4811E-01 -3.1903E+00 -7.2081E-03  1.0487E+00  1.6519E+00  1.0857E+01  1.6451E+00
  1.5881E-01 -3.1546E+00 -6.6953E-03  1.0664E+00  1.6519E+00  1.0858E+01  1.6453E+00
  1.6961E-01 -3.1186E+00 -6.1777E-03  1.0842E+00  1.6519E+00  1.0858E+01  1.6455E+00
  1.8031E-01 -3.0829E+00 -5.6649E-03  1.1018E+00  1.6519E+00  1.0858E+01  1.6457E+00
  1.9101E-01 -3.0472E+00 -5.1521E-03  1.1194E+00  1.6519E+00  1.0859E+01  1.6459E+00
  2.0171E-01 -3.0115E+00 -4.6393E-03  1.1371E+00  1.6519E+00  1.0859E+01  1.6461E+00
  2.1252E-01 -2.9754E+00 -4.1217E-03  1.1549E+00  1.6519E+00  1.0859E+01  1.6463E+00
  2.2322E-01 -2.9397E+00 -3.6089E-03  1.1725E+00  1.6519E+00  1.0860E+01  1.6465E+00
  2.3392E-01 -2.9040E+00 -3.0961E-03  1.1902E+00  1.6519E+00  1.0860E+01  1.6466E+00
  2.4462E-01 -2.8683E+00 -2.5833E-03  1.2078E+00  1.6519E+00  1.0861E+01  1.6468E+00
  2.5542E-01 -2.8323E+00 -2.0657E-03  1.2256E+00  1.6519E+00  1.0861E+01  1.6469E+00
  2.6612E-01 -2.7966E+00 -1.5529E-03  1.2433E+00  1.6519E+00  1.0861E+01  1.6471E+00
  2.7683E-01 -2.7609E+00 -1.0401E-03  1.2609E+00  1.6520E+00  1.0862E+01  1.6472E+00
  2.8753E-01 -2.7252E+00 -5.2730E-04  1.2786E+00  1.6520E+00  1.0862E+01  1.6474E+00
  2.9833E-01 -2.6892E+00 -9.6921E-06  1.2964E+00  1.6520E+00  1.0863E+01  1.6475E+00
  3.0903E-01 -2.6535E+00  5.0310E-04  1.3141E+00  1.6520E+00  1.0863E+01  1.6476E+00
  3.1973E-01 -2.6178E+00  1.0159E-03  1.3317E+00  1.6520E+00  1.0864E+01  1.6477E+00
  3.3043E-01 -2.5821E+00  1.5287E-03  1.3494E+00  1.6520E+00  1.0864E+01  1.6478E+00
  3.3295E-01 -2.5737E+00  1.6493E-03  1.3535E+00  1.6520E+00  1.0864E+01  1.6479E+00
  3.4124E-01 -2.5460E+00  2.0463E-03  1.3672E+00  1.6520E+00  1.0865E+01  1.6480E+00
  3.5194E-01 -2.5103E+00  2.5591E-03  1.3849E+00  1.6520E+00  1.0865E+01  1.6481E+00
  3.6264E-01 -2.4746E+00  3.0719E-03  1.4025E+00  1.6520E+00  1.0866E+01  1.6482E+00
  3.7334E-01 -2.4389E+00  3.5847E-03  1.4202E+00  1.6520E+00  1.0866E+01  1.6483E+00
  3.8414E-01 -2.4029E+00  4.1023E-03  1.4380E+00  1.6520E+00  1.0867E+01  1.6484E+00
  3.9484E-01 -2.3672E+00  4.6151E-03  1.4557E+00  1.6520E+00  1.0867E+01  1.6485E+00
  4.0554E-01 -2.3315E+00  5.1278E-03  1.4734E+00  1.6520E+00  1.0868E+01  1.6485E+00
  4.1625E-01 -2.2958E+00  5.6406E-03  1.4910E+00  1.6520E+00  1.0868E+01  1.6486E+00
  4.2705E-01 -2.2598E+00  6.1582E-03  1.5089E+00  1.6520E+00  1.0869E+01  1.6487E+00
  4.3775E-01 -2.2241E+00  6.6710E-03  1.5265E+00  1.6520E+00  1.0869E+01  1.6488E+00
  4.4845E-01 -2.1884E+00  7.1838E-03  1.5442E+00  1.6520E+00  1.0870E+01  1.6489E+00
  4.5915E-01 -2.1527E+00  7.6966E-03  1.5619E+00  1.6520E+00  1.0871E+01  1.6489E+00
  4.6995E-01 -2.1166E+00  8.2142E-03  1.5797E+00  1.6520E+00  1.0871E+01  1.6490E+00
  4.8066E-01 -2.0809E+00  8.7270E-03  1.5974E+00  1.6520E+00  1.0872E+01  1.6491E+00
  4.9136E-01 -2.0452E+00  9.2398E-03  1.6150E+00  1.6520E+00  1.0872E+01  1.6492E+00
  5.0206E-01 -2.0095E+00  9.7526E-03  1.6327E+00  1.6520E+00  1.0873E+01  1.6492E+00
  5.1286E-01 -1.9735E+00  1.0270E-02  1.6506E+00  1.6520E+00  1.0874E+01  1.6493E+00
  5.2356E-01 -1.9378E+00  1.0783E-02  1.6682E+00  1.6521E+00  1.0874E+01  1.6493E+00
  5.3426E-01 -1.9021E+00  1.1296E-02  1.6859E+00  1.6521E+00  1.0875E+01  1.6494E+00
  5.4497E-01 -1.8664E+00  1.1809E-02  1.7036E+00  1.6521E+00  1.0876E+01  1.6495E+00
  5.5577E-01 -1.8304E+00  1.2326E-02  1.7214E+00  1.6521E+00  1.0876E+01  1.6495E+00
  5.6647E-01 -1.7947E+00  1.2839E-02  1.7391E+00  1.6521E+00  1.0877E+01  1.6496E+00
  5.7717E-01 -1.7590E+00  1.3352E-02  1.7568E+00  1.6521E+00  1.0878E+01  1.6496E+00
  5.8787E-01 -1.7233E+00  1.3864E-02  1.7745E+00  1.6521E+00  1.0878E+01  1.6497E+00
  5.9867E-01 -1.6872E+00  1.4382E-02  1.7923E+00  1.6521E+00  1.0879E+01  1.6497E+00
  6.0937E-01 -1.6515E+00  1.4895E-02  1.8100E+00  1.6521E+00  1.0880E+01  1.6498E+00
  6.2008E-01 -1.6158E+00  1.5408E-02  1.8277E+00  1.6521E+00  1.0881E+01  1.6498E+00
  6.3078E-01 -1.5801E+00  1.5920E-02  1.8454E+00  1.6521E+00  1.0881E+01  1.6499E+00
  6.4158E-01 -1.5441E+00  1.6438E-02  1.8632E+00  1.6519E+00  1.0883E+01  1.6497E+00
  6.5228E-01 -1.5084E+00  1.6949E-02  1.8809E+00  1.6452E+00  1.0902E+01  1.6430E+00
  6.6298E-01 -1.4727E+00  1.7447E-02  1.8982E+00  1.5741E+00  1.1170E+01  1.5717E+00
  6.7368E-01 -1.4370E+00  1.7896E-02  1.9138E+00  1.3193E+00  1.1788E+01  1.3163E+00
  6.8449E-01 -1.4010E+00  1.8300E-02  1.9262E+00  9.7536E-01  1.1914E+01  9.7123E-01
  6.9519E-01 -1.3653E+00  1.8661E-02  1.9347E+00  6.2435E-01  1.1925E+01  6.1793E-01
  7.0589E-01 -1.3296E+00  1.8982E-02  1.9395E+00  2.7767E-01  1.1925E+01  2.6299E-01
  7.1659E-01 -1.2939E+00  1.9262E-02  1.9404E+00  1.2839E-01  1.1925E+01 -9.2473E-02
  7.2739E-01 -1.2578E+00  1.9503E-02  1.9374E+00  4.5982E-01  1.1925E+01 -4.5108E-01
  7.3809E-01 -1.2221E+00  1.9701E-02  1.9307E+00  8.1043E-01  1.1926E+01 -8.0547E-01
  7.4880E-01 -1.1864E+00  1.9858E-02  1.9202E+00  1.1589E+00  1.1893E+01 -1.1554E+00
  7.5950E-01 -1.1507E+00  1.9979E-02  1.9060E+00  1.4724E+00  1.1577E+01 -1.4698E+00
  7.7030E-01 -1.1147E+00  2.0100E-02  1.8891E+00  1.6262E+00  1.1001E+01 -1.6240E+00
  7.8100E-01 -1.0790E+00  2.0234E-02  1.8715E+00  1.6479E+00  1.0908E+01 -1.6457E+00
  7.9170E-01 -1.0433E+00  2.0370E-02  1.8539E+00  1.6493E+00  1.0903E+01 -1.6471E+00
  8.0240E-01 -1.0076E+00  2.0506E-02  1.8362E+00  1.6493E+00  1.0905E+01 -1.6470E+00
  8.1320E-01 -9.7154E-01  2.0643E-02  1.8184E+00  1.6493E+00  1.0906E+01 -1.6470E+00
  8.2391E-01 -9.3584E-01  2.0779E-02  1.8008E+00  1.6493E+00  1.0908E+01 -1.6469E+00
  8.3461E-01 -9.0014E-01  2.0915E-02  1.7831E+00  1.6493E+00  1.0910E+01 -1.6469E+00
  8.4531E-01 -8.6444E-01  2.1051E-02  1.7655E+00  1.6493E+00  1.0911E+01 -1.6468E+00
  8.5611E-01 -8.2841E-01  2.1188E-02  1.7477E+00  1.6493E+00  1.0913E+01 -1.6468E+00
  8.6681E-01 -7.9271E-01  2.1324E-02  1.7300E+00  1.6493E+00  1.0915E+01 -1.6467E+00
  8.7751E-01 -7.5701E-01  2.1460E-02  1.7124E+00  1.6493E+00  1.0916E+01 -1.6467E+00
  8.8822E-01 -7.2131E-01  2.1596E-02  1.6947E+00  1.6493E+00  1.0918E+01 -1.6466E+00
  8.9902E-01 -6.8527E-01  2.1734E-02  1.6769E+00  1.6493E+00  1.0920E+01 -1.6466E+00
  9.0972E-01 -6.4957E-01  2.1870E-02  1.6593E+00  1.6492E+00  1.0922E+01 -1.6465E+00
  9.2042E-01 -6.1387E-01  2.2007E-02  1.6416E+00  1.6453E+00  1.0915E+01 -1.6425E+00
  9.3112E-01 -5.7817E-01  2.2154E-02  1.6242E+00  1.6004E+00  1.0869E+01 -1.5974E+00
  9.4192E-01 -5.4214E-01  2.2348E-02  1.6078E+00  1.3995E+00  1.0925E+01 -1.3960E+00
  9.5263E-01 -5.0644E-01  2.2600E-02  1.5944E+00  1.1071E+00  1.0958E+01 -1.1026E+00
  9.6333E-01 -4.7074E-01  2.2901E-02  1.5842E+00  8.0526E-01  1.0961E+01 -7.9899E-01
  9.7403E-01 -4.3504E-01  2.3253E-02  1.5773E+00  5.0633E-01  1.0961E+01 -4.9621E-01
  9.8483E-01 -3.9900E-01  2.3660E-02  1.5736E+00  2.1658E-01  1.0961E+01 -1.9162E-01
  9.9553E-01 -3.6330E-01  2.4114E-02  1.5732E+00  1.4913E-01  1.0961E+01  1.0974E-01
  1.0062E+00 -3.2760E-01  2.4620E-02  1.5759E+00  4.2350E-01  1.0960E+01  4.1133E-01
  1.0169E+00 -2.9190E-01  2.5180E-02  1.5820E+00  7.1936E-01  1.0953E+01  7.1233E-01
  1.0277E+00 -2.5587E-01  2.5795E-02  1.5913E+00  1.0025E+00  1.0888E+01  9.9762E-01
  1.0384E+00 -2.2017E-01  2.6425E-02  1.6030E+00  1.1658E+00  1.0840E+01  1.1617E+00
  1.0491E+00 -1.8447E-01  2.7047E-02  1.6157E+00  1.1950E+00  1.0901E+01  1.1910E+00
  1.0598E+00 -1.4877E-01  2.7666E-02  1.6284E+00  1.1972E+00  1.0909E+01  1.1932E+00
  1.0706E+00 -1.1273E-01  2.8290E-02  1.6413E+00  1.1972E+00  1.0909E+01  1.1933E+00
  1.0813E+00 -7.7031E-02  2.8908E-02  1.6541E+00  1.1972E+00  1.0910E+01  1.1934E+00
  1.0920E+00 -4.1331E-02  2.9527E-02  1.6669E+00  1.1972E+00  1.0910E+01  1.1934E+00
  1.1027E+00 -5.6313E-03  3.0145E-02  1.6797E+00  1.1972E+00  1.0910E+01  1.1935E+00
  1.1135E+00  3.0404E-02  3.0770E-02  1.6926E+00  1.1972E+00  1.0910E+01  1.1936E+00
  1.1243E+00  6.6104E-02  3.1388E-02  1.7054E+00  1.1972E+00  1.0911E+01  1.1936E+00
  1.1350E+00  1.0180E-01  3.2007E-02  1.7182E+00  1.1972E+00  1.0911E+01  1.1937E+00
  1.1457E+00  1.3750E-01  3.2625E-02  1.7310E+00  1.1972E+00  1.0911E+01  1.1937E+00
  1.1565E+00  1.7354E-01  3.3250E-02  1.7439E+00  1.1972E+00  1.0911E+01  1.1938E+00
  1.1672E+00  2.0924E-01  3.3868E-02  1.7567E+00  1.1972E+00  1.0912E+01  1.1938E+00
  1.1779E+00  2.4494E-01  3.4487E-02  1.7695E+00  1.1972E+00  1.0912E+01  1.1939E+00
  1.1886E+00  2.8064E-01  3.5105E-02  1.7823E+00  1.1972E+00  1.0912E+01  1.1939E+00
  1.1994E+00  3.1667E-01  3.5730E-02  1.7952E+00  1.1972E+00  1.0912E+01  1.1940E+00
  1.2101E+00  3.5237E-01  3.6348E-02  1.8080E+00  1.1972E+00  1.0913E+01  1.1940E+00
  1.2208E+00  3.8807E-01  3.6967E-02  1.8208E+00  1.1972E+00  1.0913E+01  1.1941E+00
  1.2315E+00  4.2377E-01  3.7585E-02  1.8336E+00  1.1972E+00  1.0913E+01  1.1941E+00
  1.2423E+00  4.5981E-01  3.8209E-02  1.8465E+00  1.1972E+00  1.0914E+01  1.1942E+00
  1.2530E+00  4.9551E-01  3.8828E-02  1.8593E+00  1.1972E+00  1.0914E+01  1.1942E+00
  1.2637E+00  5.3121E-01  3.9446E-02  1.8721E+00  1.1972E+00  1.0914E+01  1.1943E+00
  1.2744E+00  5.6691E-01  4.0065E-02  1.8849E+00  1.1972E+00  1.0914E+01  1.1943E+00
  1.2852E+00  6.0294E-01  4.0689E-02  1.8978E+00  1.1972E+00  1.0915E+01  1.1943E+00
  1.2959E+00  6.3864E-01  4.1308E-02  1.9106E+00  1.1973E+00  1.0915E+01  1.1944E+00
  1.3066E+00  6.7434E-01  4.1926E-02  1.9234E+00  1.1973E+00  1.0915E+01  1.1944E+00
  1.3173E+00  7.1004E-01  4.2545E-02  1.9362E+00  1.1973E+00  1.0915E+01  1.1945E+00
  1.3281E+00  7.4608E-01  4.3169E-02  1.9491E+00  1.1973E+00  1.0916E+01  1.1945E+00
  1.3388E+00  7.8178E-01  4.3788E-02  1.9619E+00  1.1973E+00  1.0916E+01  1.1945E+00
  1.3495E+00  8.1748E-01  4.4406E-02  1.9747E+00  1.1973E+00  1.0916E+01  1.1946E+00
  1.3602E+00  8.5318E-01  4.5025E-02  1.9875E+00  1.1973E+00  1.0917E+01  1.1946E+00
  1.3710E+00  8.8921E-01  4.5649E-02  2.0005E+00  1.1973E+00  1.0917E+01  1.1947E+00
  1.3817E+00  9.2491E-01  4.6268E-02  2.0133E+00  1.1973E+00  1.0917E+01  1.1947E+00
  1.3924E+00  9.6061E-01  4.6886E-02  2.0261E+00  1.1973E+00  1.0918E+01  1.1947E+00
  1.4031E+00  9.9631E-01  4.7505E-02  2.0389E+00  1.1973E+00  1.0918E+01  1.1948E+00
  1.4139E+00  1.0323E+00  4.8129E-02  2.0518E+00  1.1973E+00  1.0918E+01  1.1948E+00
  1.4246E+00  1.0680E+00  4.8747E-02  2.0646E+00  1.1973E+00  1.0918E+01  1.1948E+00
  1.4353E+00  1.1037E+00  4.9366E-02  2.0774E+00  1.1973E+00  1.0919E+01  1.1949E+00
  1.4460E+00  1.1394E+00  4.9985E-02  2.0902E+00  1.1973E+00  1.0919E+01  1.1949E+00
  1.4568E+00  1.1755E+00  5.0609E-02  2.1031E+00  1.1973E+00  1.0919E+01  1.1949E+00
  1.4675E+00  1.2112E+00  5.1227E-02  2.1159E+00  1.1973E+00  1.0920E+01  1.1950E+00
  1.4782E+00  1.2469E+00  5.1846E-02  2.1287E+00  1.1973E+00  1.0920E+01  1.1950E+00
  1.4889E+00  1.2826E+00  5.2464E-02  2.1416E+00  1.1973E+00  1.0920E+01  1.1950E+00
  1.4997E+00  1.3186E+00  5.3089E-02  2.1545E+00  1.1973E+00  1.0921E+01  1.1950E+00
  1.5104E+00  1.3543E+00  5.3707E-02  2.1673E+00  1.1973E+00  1.0921E+01  1.1951E+00
  1.5211E+00  1.3900E+00  5.4326E-02  2.1801E+00  1.1973E+00  1.0921E+01  1.1951E+00
  1.5318E+00  1.4257E+00  5.4944E-02  2.1929E+00  1.1973E+00  1.0922E+01  1.1951E+00
  1.5426E+00  1.4618E+00  5.5569E-02  2.2058E+00  1.1973E+00  1.0922E+01  1.1952E+00
  1.5533E+00  1.4975E+00  5.6187E-02  2.2186E+00  1.1973E+00  1.0922E+01  1.1952E+00
  1.5640E+00  1.5332E+00  5.6806E-02  2.2314E+00  1.1973E+00  1.0923E+01  1.1952E+00
  1.5747E+00  1.5689E+00  5.7424E-02  2.2443E+00  1.1973E+00  1.0923E+01  1.1952E+00
  1.5855E+00  1.6049E+00  5.8048E-02  2.2572E+00  1.1973E+00  1.0923E+01  1.1953E+00
  1.5962E+00  1.6406E+00  5.8667E-02  2.2700E+00  1.1973E+00  1.0924E+01  1.1953E+00
  1.6069E+00  1.6763E+00  5.9285E-02  2.2828E+00  1.1973E+00  1.0924E+01  1.1953E+00
  1.6176E+00  1.7120E+00  5.9904E-02  2.2956E+00  1.1973E+00  1.0924E+01  1.1953E+00
  1.6284E+00  1.7480E+00  6.0528E-02  2.3085E+00  1.1973E+00  1.0925E+01  1.1954E+00
  1.6391E+00  1.7837E+00  6.1147E-02  2.3213E+00  1.1973E+00  1.0925E+01  1.1954E+00
  1.6498E+00  1.8194E+00  6.1765E-02  2.3342E+00  1.1973E+00  1.0925E+01  1.1954E+00
  1.6605E+00  1.8551E+00  6.2384E-02  2.3470E+00  1.1973E+00  1.0926E+01  1.1954E+00
  1.6713E+00  1.8912E+00  6.3008E-02  2.3599E+00  1.1973E+00  1.0926E+01  1.1955E+00
  1.6820E+00  1.9269E+00  6.3627E-02  2.3727E+00  1.1973E+00  1.0927E+01  1.1955E+00
  1.6927E+00  1.9626E+00  6.4245E-02  2.3855E+00  1.1973E+00  1.0927E+01  1.1955E+00
  1.7034E+00  1.9983E+00  6.4864E-02  2.3983E+00  1.1974E+00  1.0927E+01  1.1955E+00
  1.7142E+00  2.0343E+00  6.5488E-02  2.4113E+00  1.1974E+00  1.0928E+01  1.1955E+00
  1.7249E+00  2.0700E+00  6.6107E-02  2.4241E+00  1.1974E+00  1.0928E+01  1.1956E+00
  1.7356E+00  2.1057E+00  6.6725E-02  2.4369E+00  1.1974E+00  1.0928E+01  1.1956E+00
  1.7463E+00  2.1414E+00  6.7344E-02  2.4497E+00  1.1974E+00  1.0929E+01  1.1956E+00
  1.7571E+00  2.1774E+00  6.7968E-02  2.4626E+00  1.1974E+00  1.0929E+01  1.1956E+00
  1.7678E+00  2.2131E+00  6.8586E-02  2.4754E+00  1.1974E+00  1.0930E+01  1.1957E+00
  1.7785E+00  2.2488E+00  6.9205E-02  2.4883E+00  1.1974E+00  1.0930E+01  1.1957E+00
  1.7892E+00  2.2845E+00  6.9823E-02  2.5011E+00  1.1974E+00  1.0930E+01  1.1957E+00
  1.8000E+00  2.3206E+00  7.0448E-02  2.5140E+00  1.1974E+00  1.0931E+01  1.1957E+00
  1.8108E+00  2.3563E+00  7.1066E-02  2.5268E+00  1.1974E+00  1.0931E+01  1.1957E+00
  1.8215E+00  2.3920E+00  7.1685E-02  2.5396E+00  1.1974E+00  1.0932E+01  1.1958E+00
  1.8322E+00  2.4277E+00  7.2303E-02  2.5524E+00  1.1974E+00  1.0932E+01  1.1958E+00
  1.8430E+00  2.4637E+00  7.2928E-02  2.5654E+00  1.1974E+00  1.0932E+01  1.1958E+00
  1.8537E+00  2.4994E+00  7.3546E-02  2.5782E+00  1.1974E+00  1.0933E+01  1.1958E+00
  1.8644E+00  2.5351E+00  7.4165E-02  2.5910E+00  1.1974E+00  1.0933E+01  1.1958E+00
  1.8751E+00  2.5708E+00  7.4783E-02  2.6038E+00  1.1974E+00  1.0934E+01  1.1958E+00
  1.8859E+00  2.6068E+00  7.5408E-02  2.6168E+00  1.1974E+00  1.0934E+01  1.1959E+00
  1.8966E+00  2.6425E+00  7.6026E-02  2.6296E+00  1.1974E+00  1.0934E+01  1.1959E+00
  1.9073E+00  2.6782E+00  7.6645E-02  2.6424E+00  1.1974E+00  1.0935E+01  1.1959E+00
  1.9180E+00  2.7139E+00  7.7263E-02  2.6552E+00  1.1974E+00  1.0935E+01  1.1959E+00
  1.9288E+00  2.7500E+00  7.7887E-02  2.6681E+00  1.1974E+00  1.0936E+01  1.1959E+00
  1.9395E+00  2.7857E+00  7.8506E-02  2.6810E+00  1.1974E+00  1.0936E+01  1.1959E+00
  1.9502E+00  2.8214E+00  7.9124E-02  2.6938E+00  1.1974E+00  1.0936E+01  1.1960E+00
  1.9609E+00  2.8571E+00  7.9743E-02  2.7066E+00  1.1974E+00  1.0937E+01  1.1960E+00
  1.9717E+00  2.8931E+00  8.0367E-02  2.7195E+00  1.1974E+00  1.0937E+01  1.1960E+00
  1.9824E+00  2.9288E+00  8.0986E-02  2.7323E+00  1.1974E+00  1.0938E+01  1.1960E+00
  1.9931E+00  2.9645E+00  8.1604E-02  2.7452E+00  1.1974E+00  1.0938E+01  1.1960E+00
  2.0038E+00  3.0002E+00  8.2223E-02  2.7580E+00  1.1974E+00  1.0939E+01  1.1960E+00
  2.0146E+00  3.0362E+00  8.2847E-02  2.7709E+00  1.1974E+00  1.0939E+01  1.1961E+00
  2.0253E+00  3.0719E+00  8.3466E-02  2.7837E+00  1.1974E+00  1.0939E+01  1.1961E+00
  2.0360E+00  3.1076E+00  8.4084E-02  2.7965E+00  1.1974E+00  1.0940E+01  1.1961E+00
  2.0410E+00  3.1244E+00  8.4374E-02  2.8026E+00  1.1974E+00  1.0940E+01  1.1961E+00
  2.0467E+00  3.1433E+00  8.4702E-02  2.8093E+00  1.1974E+00  1.0940E+01  1.1961E+00
  2.0575E+00  3.1794E+00  8.5327E-02  2.8223E+00  1.1974E+00  1.0941E+01  1.1961E+00
  2.0682E+00  3.2151E+00  8.5946E-02  2.8351E+00  1.1974E+00  1.0941E+01  1.1961E+00
  2.0789E+00  3.2508E+00  8.6564E-02  2.8479E+00  1.1974E+00  1.0942E+01  1.1961E+00
  2.0896E+00  3.2865E+00  8.7183E-02  2.8608E+00  1.1974E+00  1.0942E+01  1.1962E+00
  2.1004E+00  3.3225E+00  8.7807E-02  2.8737E+00  1.1974E+00  1.0943E+01  1.1962E+00
  2.1111E+00  3.3582E+00  8.8425E-02  2.8865E+00  1.1974E+00  1.0943E+01  1.1962E+00
  2.1218E+00  3.3939E+00  8.9044E-02  2.8993E+00  1.1974E+00  1.0944E+01  1.1962E+00
  2.1325E+00  3.4296E+00  8.9662E-02  2.9122E+00  1.1974E+00  1.0944E+01  1.1962E+00
  2.1433E+00  3.4656E+00  9.0287E-02  2.9251E+00  1.1974E+00  1.0944E+01  1.1962E+00
  2.1540E+00  3.5013E+00  9.0905E-02  2.9379E+00  1.1975E+00  1.0945E+01  1.1962E+00
  2.1647E+00  3.5370E+00  9.1524E-02  2.9507E+00  1.1975E+00  1.0945E+01  1.1962E+00
  2.1754E+00  3.5727E+00  9.2142E-02  2.9636E+00  1.1975E+00  1.0946E+01  1.1963E+00
  2.1862E+00  3.6088E+00  9.2767E-02  2.9765E+00  1.1975E+00  1.0946E+01  1.1963E+00
  2.1969E+00  3.6445E+00  9.3385E-02  2.9893E+00  1.1975E+00  1.0947E+01  1.1963E+00
  2.2076E+00  3.6802E+00  9.4004E-02  3.0021E+00  1.1975E+00  1.0947E+01  1.1963E+00
  2.2183E+00  3.7159E+00  9.4622E-02  3.0149E+00  1.1975E+00  1.0948E+01  1.1963E+00
  2.2291E+00  3.7519E+00  9.5246E-02  3.0279E+00  1.1975E+00  1.0948E+01  1.1963E+00
  2.2398E+00  3.7876E+00  9.5865E-02  3.0407E+00  1.1975E+00  1.0949E+01  1.1963E+00
  2.2505E+00  3.8233E+00  9.6483E-02  3.0535E+00  1.1975E+00  1.0949E+01  1.1963E+00
  2.2612E+00  3.8590E+00  9.7102E-02  3.0664E+00  1.1975E+00  1.0950E+01  1.1964E+00
  2.2720E+00  3.8951E+00  9.7726E-02  3.0793E+00  1.1975E+00  1.0950E+01  1.1964E+00
  2.2827E+00  3.9308E+00  9.8345E-02  3.0921E+00  1.1975E+00  1.0951E+01  1.1964E+00
  2.2934E+00  3.9665E+00  9.8963E-02  3.1049E+00  1.1975E+00  1.0951E+01  1.1964E+00
  2.3041E+00  4.0022E+00  9.9582E-02  3.1178E+00  1.1975E+00  1.0952E+01  1.1964E+00
  2.3149E+00  4.0382E+00  1.0021E-01  3.1307E+00  1.1975E+00  1.0952E+01  1.1964E+00
  2.3256E+00  4.0739E+00  1.0082E-01  3.1435E+00  1.1975E+00  1.0953E+01  1.1964E+00
  2.3363E+00  4.1096E+00  1.0144E-01  3.1563E+00  1.1975E+00  1.0953E+01  1.1964E+00
  2.3470E+00  4.1453E+00  1.0206E-01  3.1692E+00  1.1975E+00  1.0954E+01  1.1964E+00
  2.3578E+00  4.1813E+00  1.0269E-01  3.1821E+00  1.1975E+00  1.0954E+01  1.1965E+00
  2.3685E+00  4.2170E+00  1.0330E-01  3.1949E+00  1.1975E+00  1.0955E+01  1.1965E+00
  2.3792E+00  4.2527E+00  1.0392E-01  3.2077E+00  1.1975E+00  1.0955E+01  1.1965E+00
  2.3899E+00  4.2884E+00  1.0454E-01  3.2206E+00  1.1975E+00  1.0956E+01  1.1965E+00
  2.3910E+00  4.2919E+00  1.0460E-01  3.2218E+00  1.1975E+00  1.0956E+01  1.1965E+00
  2.4007E+00  4.3245E+00  1.0517E-01  3.2335E+00  1.1975E+00  1.0956E+01  1.1965E+00
  2.4114E+00  4.3602E+00  1.0578E-01  3.2463E+00  1.1975E+00  1.0957E+01  1.1965E+00
  2.4221E+00  4.3959E+00  1.0640E-01  3.2592E+00  1.1975E+00  1.0957E+01  1.1965E+00
  2.4328E+00  4.4316E+00  1.0702E-01  3.2720E+00  1.1975E+00  1.0958E+01  1.1965E+00
  2.4436E+00  4.4676E+00  1.0765E-01  3.2849E+00  1.1975E+00  1.0958E+01  1.1965E+00
  2.4543E+00  4.5033E+00  1.0826E-01  3.2977E+00  1.1975E+00  1.0959E+01  1.1965E+00
  2.4650E+00  4.5390E+00  1.0888E-01  3.3106E+00  1.1975E+00  1.0959E+01  1.1966E+00
  2.4757E+00  4.5747E+00  1.0950E-01  3.3234E+00  1.1975E+00  1.0960E+01  1.1966E+00
  2.4865E+00  4.6107E+00  1.1013E-01  3.3363E+00  1.1975E+00  1.0961E+01  1.1966E+00
  2.4973E+00  4.6464E+00  1.1074E-01  3.3491E+00  1.1975E+00  1.0961E+01  1.1966E+00
  2.5080E+00  4.6821E+00  1.1136E-01  3.3620E+00  1.1975E+00  1.0962E+01  1.1966E+00
  2.5187E+00  4.7178E+00  1.1198E-01  3.3748E+00  1.1975E+00  1.0962E+01  1.1966E+00
  2.5295E+00  4.7539E+00  1.1261E-01  3.3877E+00  1.1975E+00  1.0963E+01  1.1966E+00
  2.5402E+00  4.7896E+00  1.1322E-01  3.4006E+00  1.1975E+00  1.0963E+01  1.1966E+00
  2.5509E+00  4.8253E+00  1.1384E-01  3.4134E+00  1.1975E+00  1.0964E+01  1.1966E+00
  2.5616E+00  4.8610E+00  1.1446E-01  3.4262E+00  1.1975E+00  1.0964E+01  1.1966E+00
  2.5724E+00  4.8970E+00  1.1509E-01  3.4392E+00  1.1975E+00  1.0965E+01  1.1966E+00
  2.5831E+00  4.9327E+00  1.1570E-01  3.4520E+00  1.1975E+00  1.0966E+01  1.1967E+00
  2.5938E+00  4.9684E+00  1.1632E-01  3.4648E+00  1.1975E+00  1.0966E+01  1.1967E+00
  2.6045E+00  5.0041E+00  1.1694E-01  3.4776E+00  1.1975E+00  1.0967E+01  1.1967E+00
  2.6153E+00  5.0401E+00  1.1757E-01  3.4906E+00  1.1975E+00  1.0967E+01  1.1967E+00
  2.6260E+00  5.0758E+00  1.1818E-01  3.5034E+00  1.1975E+00  1.0968E+01  1.1967E+00
  2.6367E+00  5.1115E+00  1.1880E-01  3.5162E+00  1.1976E+00  1.0968E+01  1.1967E+00
  2.6474E+00  5.1472E+00  1.1942E-01  3.5290E+00  1.1976E+00  1.0969E+01  1.1967E+00
  2.6582E+00  5.1833E+00  1.2005E-01  3.5420E+00  1.1976E+00  1.0970E+01  1.1967E+00
  2.6689E+00  5.2190E+00  1.2066E-01  3.5548E+00  1.1976E+00  1.0970E+01  1.1967E+00
  2.6796E+00  5.2547E+00  1.2128E-01  3.5676E+00  1.1976E+00  1.0971E+01  1.1967E+00
  2.6903E+00  5.2904E+00  1.2190E-01  3.5805E+00  1.1976E+00  1.0971E+01  1.1967E+00
  2.7011E+00  5.3264E+00  1.2253E-01  3.5934E+00  1.1976E+00  1.0972E+01  1.1967E+00
  2.7118E+00  5.3621E+00  1.2314E-01  3.6062E+00  1.1976E+00  1.0972E+01  1.1968E+00
  2.7225E+00  5.3978E+00  1.2376E-01  3.6191E+00  1.1976E+00  1.0973E+01  1.1968E+00
  2.7332E+00  5.4335E+00  1.2438E-01  3.6319E+00  1.1976E+00  1.0974E+01  1.1968E+00
  2.7440E+00  5.4695E+00  1.2500E-01  3.6448E+00  1.1976E+00  1.0974E+01  1.1968E+00
  2.7547E+00  5.5052E+00  1.2562E-01  3.6576E+00  1.1976E+00  1.0975E+01  1.1968E+00
  2.7654E+00  5.5409E+00  1.2624E-01  3.6705E+00  1.1976E+00  1.0975E+01  1.1968E+00
  2.7761E+00  5.5766E+00  1.2686E-01  3.6833E+00  1.1976E+00  1.0976E+01  1.1968E+00
  2.7869E+00  5.6127E+00  1.2748E-01  3.6962E+00  1.1976E+00  1.0977E+01  1.1968E+00
  2.7976E+00  5.6484E+00  1.2810E-01  3.7091E+00  1.1976E+00  1.0977E+01  1.1968E+00
  2.8083E+00  5.6841E+00  1.2872E-01  3.7219E+00  1.1976E+00  1.0978E+01  1.1968E+00
  2.8190E+00  5.7198E+00  1.2934E-01  3.7347E+00  1.1975E+00  1.0981E+01  1.1967E+00
  2.8298E+00  5.7558E+00  1.2996E-01  3.7476E+00  1.1938E+00  1.1010E+01  1.1930E+00
  2.8405E+00  5.7915E+00  1.3057E-01  3.7603E+00  1.1563E+00  1.1358E+01  1.1555E+00
  2.8512E+00  5.8272E+00  1.3112E-01  3.7721E+00  1.0305E+00  1.1983E+01  1.0295E+00
  2.8619E+00  5.8629E+00  1.3161E-01  3.7822E+00  8.6706E-01  1.2095E+01  8.6582E-01
  2.8727E+00  5.8989E+00  1.3204E-01  3.7907E+00  6.9766E-01  1.2105E+01  6.9612E-01
  2.8834E+00  5.9346E+00  1.3240E-01  3.7972E+00  5.2951E-01  1.2106E+01  5.2749E-01
  2.8941E+00  5.9703E+00  1.3269E-01  3.8020E+00  3.6169E-01  1.2099E+01  3.5874E-01
  2.9048E+00  6.0060E+00  1.3292E-01  3.8049E+00  1.9878E-01  1.2015E+01  1.9344E-01
  2.9156E+00  6.0421E+00  1.3310E-01  3.8062E+00  7.5474E-02  1.1448E+01  6.1614E-02
  2.9263E+00  6.0778E+00  1.3326E-01  3.8066E+00  4.6708E-02  1.1018E+01  2.0543E-02
  2.9370E+00  6.1135E+00  1.3342E-01  3.8068E+00  4.4868E-02  1.0972E+01  1.6379E-02
  2.9477E+00  6.1492E+00  1.3359E-01  3.8070E+00  4.4797E-02  1.0968E+01  1.6222E-02
  2.9585E+00  6.1852E+00  1.3376E-01  3.8072E+00  4.4797E-02  1.0968E+01  1.6229E-02
  2.9692E+00  6.2209E+00  1.3392E-01  3.8073E+00  4.4797E-02  1.0968E+01  1.6236E-02
  2.9799E+00  6.2566E+00  1.3408E-01  3.8075E+00  4.4798E-02  1.0968E+01  1.6243E-02
  2.9906E+00  6.2923E+00  1.3425E-01  3.8077E+00  4.4798E-02  1.0968E+01  1.6250E-02
  3.0014E+00  6.3283E+00  1.3442E-01  3.8079E+00  4.4798E-02  1.0968E+01  1.6257E-02
  3.0121E+00  6.3640E+00  1.3458E-01  3.8080E+00  4.4799E-02  1.0968E+01  1.6264E-02
  3.0228E+00  6.3997E+00  1.3474E-01  3.8082E+00  4.4799E-02  1.0967E+01  1.6271E-02
  3.0335E+00  6.4354E+00  1.3491E-01  3.8084E+00  4.4799E-02  1.0967E+01  1.6278E-02
  3.0375E+00  6.4487E+00  1.3497E-01  3.8084E+00  4.4799E-02  1.0967E+01  1.6281E-02
  3.0443E+00  6.4715E+00  1.3508E-01  3.8086E+00  4.4799E-02  1.0967E+01  1.6285E-02
  3.0550E+00  6.5072E+00  1.3524E-01  3.8087E+00  4.4800E-02  1.0967E+01  1.6292E-02
  3.0657E+00  6.5429E+00  1.3540E-01  3.8089E+00  4.4800E-02  1.0967E+01  1.6299E-02
  3.0764E+00  6.5786E+00  1.3557E-01  3.8091E+00  4.4800E-02  1.0967E+01  1.6306E-02
  3.0872E+00  6.6146E+00  1.3574E-01  3.8093E+00  4.4801E-02  1.0967E+01  1.6314E-02
  3.0979E+00  6.6503E+00  1.3590E-01  3.8094E+00  4.4801E-02  1.0966E+01  1.6320E-02
  3.1086E+00  6.6860E+00  1.3606E-01  3.8096E+00  4.4801E-02  1.0966E+01  1.6327E-02
  3.1193E+00  6.7217E+00  1.3623E-01  3.8098E+00  4.4801E-02  1.0966E+01  1.6334E-02
  3.1301E+00  6.7578E+00  1.3640E-01  3.8100E+00  4.4802E-02  1.0966E+01  1.6342E-02
  3.1408E+00  6.7935E+00  1.3656E-01  3.8101E+00  4.4802E-02  1.0966E+01  1.6349E-02
  3.1515E+00  6.8292E+00  1.3672E-01  3.8103E+00  4.4802E-02  1.0966E+01  1.6356E-02
  3.1622E+00  6.8649E+00  1.3689E-01  3.8105E+00  4.4803E-02  1.0966E+01  1.6363E-02
  3.1731E+00  6.9009E+00  1.3706E-01  3.8107E+00  4.4803E-02  1.0966E+01  1.6370E-02
  3.1838E+00  6.9366E+00  1.3722E-01  3.8108E+00  4.4803E-02  1.0965E+01  1.6377E-02
  3.1945E+00  6.9723E+00  1.3739E-01  3.8110E+00  4.4804E-02  1.0965E+01  1.6384E-02
  3.2052E+00  7.0080E+00  1.3755E-01  3.8112E+00  4.4804E-02  1.0965E+01  1.6391E-02
  3.2160E+00  7.0440E+00  1.3772E-01  3.8114E+00  4.4804E-02  1.0965E+01  1.6398E-02
  3.2267E+00  7.0797E+00  1.3788E-01  3.8115E+00  4.4804E-02  1.0965E+01  1.6405E-02
  3.2374E+00  7.1154E+00  1.3805E-01  3.8117E+00  4.4805E-02  1.0965E+01  1.6412E-02
  3.2481E+00  7.1511E+00  1.3821E-01  3.8119E+00  4.4805E-02  1.0965E+01  1.6419E-02
  3.2589E+00  7.1872E+00  1.3838E-01  3.8121E+00  4.4805E-02  1.0964E+01  1.6426E-02
  3.2696E+00  7.2229E+00  1.3854E-01  3.8122E+00  4.4806E-02  1.0964E+01  1.6433E-02
  3.2803E+00  7.2586E+00  1.3871E-01  3.8124E+00  4.4806E-02  1.0964E+01  1.6440E-02
  3.2910E+00  7.2943E+00  1.3887E-01  3.8126E+00  4.4806E-02  1.0964E+01  1.6447E-02
  3.3018E+00  7.3303E+00  1.3904E-01  3.8128E+00  4.4807E-02  1.0964E+01  1.6454E-02
  3.3125E+00  7.3660E+00  1.3920E-01  3.8129E+00  4.4807E-02  1.0964E+01  1.6461E-02
  3.3232E+00  7.4017E+00  1.3937E-01  3.8131E+00  4.4807E-02  1.0964E+01  1.6468E-02
  3.3339E+00  7.4374E+00  1.3953E-01  3.8133E+00  4.4807E-02  1.0964E+01  1.6474E-02
  3.3447E+00  7.4734E+00  1.3970E-01  3.8135E+00  4.4808E-02  1.0963E+01  1.6482E-02
  3.3554E+00  7.5091E+00  1.3986E-01  3.8136E+00  4.4808E-02  1.0963E+01  1.6489E-02
  3.3661E+00  7.5448E+00  1.4003E-01  3.8138E+00  4.4808E-02  1.0963E+01  1.6495E-02
  3.3768E+00  7.5805E+00  1.4019E-01  3.8140E+00  4.4809E-02  1.0963E+01  1.6502E-02
  3.3876E+00  7.6166E+00  1.4036E-01  3.8142E+00  4.4809E-02  1.0963E+01  1.6509E-02
  3.3983E+00  7.6523E+00  1.4052E-01  3.8144E+00  4.4809E-02  1.0963E+01  1.6516E-02
  3.4090E+00  7.6880E+00  1.4069E-01  3.8145E+00  4.4810E-02  1.0963E+01  1.6523E-02
  3.4197E+00  7.7237E+00  1.4085E-01  3.8147E+00  4.4810E-02  1.0962E+01  1.6530E-02
  3.4305E+00  7.7597E+00  1.4102E-01  3.8149E+00  4.4810E-02  1.0962E+01  1.6537E-02
  3.4412E+00  7.7954E+00  1.4118E-01  3.8151E+00  4.4810E-02  1.0962E+01  1.6544E-02
  3.4519E+00  7.8311E+00  1.4135E-01  3.8152E+00  4.4811E-02  1.0962E+01  1.6551E-02
  3.4626E+00  7.8668E+00  1.4151E-01  3.8154E+00  4.4811E-02  1.0962E+01  1.6558E-02
  3.4734E+00  7.9028E+00  1.4168E-01  3.8156E+00  4.4811E-02  1.0962E+01  1.6565E-02
  3.4841E+00  7.9385E+00  1.4184E-01  3.8158E+00  4.4812E-02  1.0962E+01  1.6572E-02
  3.4948E+00  7.9742E+00  1.4201E-01  3.8160E+00  4.4812E-02  1.0961E+01  1.6579E-02
  3.5055E+00  8.0099E+00  1.4217E-01  3.8161E+00  4.4812E-02  1.0961E+01  1.6586E-02
  3.5163E+00  8.0460E+00  1.4234E-01  3.8163E+00  4.4813E-02  1.0961E+01  1.6593E-02
  3.5270E+00  8.0817E+00  1.4250E-01  3.8165E+00  4.4813E-02  1.0961E+01  1.6600E-02
  3.5377E+00  8.1174E+00  1.4267E-01  3.8167E+00  4.4813E-02  1.0961E+01  1.6607E-02
  3.5484E+00  8.1531E+00  1.4283E-01  3.8168E+00  4.4813E-02  1.0961E+01  1.6614E-02
  3.5592E+00  8.1891E+00  1.4300E-01  3.8170E+00  4.4814E-02  1.0961E+01  1.6621E-02
  3.5699E+00  8.2248E+00  1.4316E-01  3.8172E+00  4.4814E-02  1.0961E+01  1.6628E-02
  3.5806E+00  8.2605E+00  1.4333E-01  3.8174E+00  4.4814E-02  1.0960E+01  1.6635E-02
  3.5913E+00  8.2962E+00  1.4349E-01  3.8176E+00  4.4815E-02  1.0960E+01  1.6642E-02
  3.6021E+00  8.3322E+00  1.4366E-01  3.8177E+00  4.4815E-02  1.0960E+01  1.6649E-02
  3.6128E+00  8.3679E+00  1.4382E-01  3.8179E+00  4.4815E-02  1.0960E+01  1.6656E-02
  3.6235E+00  8.4036E+00  1.4399E-01  3.8181E+00  4.4816E-02  1.0960E+01  1.6663E-02
  3.6342E+00  8.4393E+00  1.4415E-01  3.8183E+00  4.4816E-02  1.0960E+01  1.6670E-02
  3.6450E+00  8.4754E+00  1.4432E-01  3.8185E+00  4.4816E-02  1.0960E+01  1.6677E-02
  3.6557E+00  8.5111E+00  1.4448E-01  3.8186E+00  4.4817E-02  1.0959E+01  1.6684E-02
  3.6664E+00  8.5468E+00  1.4465E-01  3.8188E+00  4.4817E-02  1.0959E+01  1.6691E-02
  3.6771E+00  8.5825E+00  1.4481E-01  3.8190E+00  4.4817E-02  1.0959E+01  1.6698E-02
  3.6879E+00  8.6185E+00  1.4498E-01  3.8192E+00  4.4817E-02  1.0959E+01  1.6705E-02
  3.6986E+00  8.6542E+00  1.4514E-01  3.8193E+00  4.4818E-02  1.0959E+01  1.6712E-02
  3.7093E+00  8.6899E+00  1.4531E-01  3.8195E+00  4.4818E-02  1.0959E+01  1.6719E-02
  3.7200E+00  8.7256E+00  1.4547E-01  3.8197E+00  4.4818E-02  1.0959E+01  1.6726E-02
  3.7308E+00  8.7616E+00  1.4564E-01  3.8199E+00  4.4819E-02  1.0958E+01  1.6733E-02
  3.7415E+00  8.7973E+00  1.4580E-01  3.8201E+00  4.4819E-02  1.0958E+01  1.6740E-02
  3.7522E+00  8.8330E+00  1.4597E-01  3.8202E+00  4.4819E-02  1.0958E+01  1.6747E-02
  3.7629E+00  8.8687E+00  1.4613E-01  3.8204E+00  4.4820E-02  1.0958E+01  1.6754E-02
  3.7737E+00  8.9048E+00  1.4630E-01  3.8206E+00  4.4820E-02  1.0958E+01  1.6761E-02
  3.7844E+00  8.9405E+00  1.4646E-01  3.8208E+00  4.4820E-02  1.0958E+01  1.6768E-02
  3.7951E+00  8.9762E+00  1.4663E-01  3.8210E+00  4.4821E-02  1.0958E+01  1.6774E-02
  3.8058E+00  9.0119E+00  1.4679E-01  3.8211E+00  4.4821E-02  1.0958E+01  1.6781E-02
  3.8166E+00  9.0479E+00  1.4696E-01  3.8213E+00  4.4821E-02  1.0957E+01  1.6788E-02
  3.8273E+00  9.0836E+00  1.4712E-01  3.8215E+00  4.4821E-02  1.0957E+01  1.6795E-02
  3.8380E+00  9.1193E+00  1.4729E-01  3.8217E+00  4.4822E-02  1.0957E+01  1.6802E-02
  3.8487E+00  9.1550E+00  1.4745E-01  3.8219E+00  4.4822E-02  1.0957E+01  1.6809E-02
  3.8596E+00  9.1910E+00  1.4762E-01  3.8220E+00  4.4822E-02  1.0957E+01  1.6816E-02
  3.8703E+00  9.2267E+00  1.4778E-01  3.8222E+00  4.4823E-02  1.0957E+01  1.6823E-02
  3.8810E+00  9.2624E+00  1.4795E-01  3.8224E+00  4.4823E-02  1.0957E+01  1.6830E-02
  3.8917E+00  9.2981E+00  1.4811E-01  3.8226E+00  4.4823E-02  1.0956E+01  1.6837E-02
  3.9025E+00  9.3342E+00  1.4828E-01  3.8228E+00  4.4824E-02  1.0956E+01  1.6844E-02
  3.9132E+00  9.3699E+00  1.4844E-01  3.8229E+00  4.4824E-02  1.0956E+01  1.6851E-02
  3.9239E+00  9.4056E+00  1.4861E-01  3.8231E+00  4.4824E-02  1.0956E+01  1.6858E-02
  3.9346E+00  9.4413E+00  1.4877E-01  3.8233E+00  4.4825E-02  1.0956E+01  1.6865E-02
  3.9454E+00  9.4773E+00  1.4894E-01  3.8235E+00  4.4825E-02  1.0956E+01  1.6872E-02
  3.9561E+00  9.5130E+00  1.4910E-01  3.8237E+00  4.4825E-02  1.0956E+01  1.6879E-02
  3.9668E+00  9.5487E+00  1.4927E-01  3.8239E+00  4.4825E-02  1.0955E+01  1.6886E-02
  3.9775E+00  9.5844E+00  1.4943E-01  3.8240E+00  4.4826E-02  1.0955E+01  1.6893E-02
  3.9883E+00  9.6205E+00  1.4960E-01  3.8242E+00  4.4826E-02  1.0955E+01  1.6900E-02
  3.9990E+00  9.6562E+00  1.4976E-01  3.8244E+00  4.4826E-02  1.0955E+01  1.6907E-02
  4.0097E+00  9.6919E+00  1.4993E-01  3.8246E+00  4.4827E-02  1.0955E+01  1.6913E-02
  4.0204E+00  9.7276E+00  1.5009E-01  3.8248E+00  4.4827E-02  1.0955E+01  1.6920E-02
  4.0312E+00  9.7636E+00  1.5026E-01  3.8249E+00  4.4827E-02  1.0955E+01  1.6927E-02
  4.0419E+00  9.7993E+00  1.5042E-01  3.8251E+00  4.4828E-02  1.0955E+01  1.6934E-02
  4.0526E+00  9.8350E+00  1.5059E-01  3.8253E+00  4.4828E-02  1.0954E+01  1.6941E-02
  4.0633E+00  9.8707E+00  1.5075E-01  3.8255E+00  4.4828E-02  1.0954E+01  1.6948E-02
  4.0741E+00  9.9067E+00  1.5092E-01  3.8257E+00  4.4829E-02  1.0954E+01  1.6955E-02
  4.0848E+00  9.9424E+00  1.5108E-01  3.8258E+00  4.4829E-02  1.0954E+01  1.6962E-02
  4.0955E+00  9.9781E+00  1.5125E-01  3.8260E+00  4.4829E-02  1.0954E+01  1.6969E-02
  4.1062E+00  1.0014E+01  1.5141E-01  3.8262E+00  4.4830E-02  1.0954E+01  1.6976E-02
  4.1170E+00  1.0050E+01  1.5158E-01  3.8264E+00  4.4830E-02  1.0954E+01  1.6983E-02
  4.1277E+00  1.0086E+01  1.5174E-01  3.8266E+00  4.4830E-02  1.0953E+01  1.6990E-02
  4.1384E+00  1.0121E+01  1.5191E-01  3.8268E+00  4.4830E-02  1.0953E+01  1.6997E-02
  4.1491E+00  1.0157E+01  1.5207E-01  3.8269E+00  4.4831E-02  1.0953E+01  1.7004E-02
  4.1599E+00  1.0193E+01  1.5224E-01  3.8271E+00  4.4831E-02  1.0953E+01  1.7011E-02
  4.1706E+00  1.0229E+01  1.5240E-01  3.8273E+00  4.4831E-02  1.0953E+01  1.7018E-02
  4.1813E+00  1.0264E+01  1.5257E-01  3.8275E+00  4.4832E-02  1.0953E+01  1.7024E-02
  4.1920E+00  1.0300E+01  1.5273E-01  3.8277E+00  4.4832E-02  1.0953E+01  1.7031E-02
  4.2028E+00  1.0336E+01  1.5290E-01  3.8279E+00  4.4832E-02  1.0952E+01  1.7038E-02
  4.2135E+00  1.0372E+01  1.5306E-01  3.8280E+00  4.4833E-02  1.0952E+01  1.7045E-02
  4.2242E+00  1.0408E+01  1.5323E-01  3.8282E+00  4.4833E-02  1.0952E+01  1.7052E-02
  4.2349E+00  1.0443E+01  1.5339E-01  3.8284E+00  4.4833E-02  1.0952E+01  1.7059E-02
  4.2457E+00  1.0479E+01  1.5356E-01  3.8286E+00  4.4834E-02  1.0952E+01  1.7066E-02
  4.2564E+00  1.0515E+01  1.5372E-01  3.8288E+00  4.4834E-02  1.0952E+01  1.7073E-02
  4.2671E+00  1.0551E+01  1.5389E-01  3.8290E+00  4.4834E-02  1.0952E+01  1.7080E-02
  4.2778E+00  1.0586E+01  1.5405E-01  3.8291E+00  4.4835E-02  1.0951E+01  1.7087E-02
  4.2886E+00  1.0622E+01  1.5422E-01  3.8293E+00  4.4835E-02  1.0951E+01  1.7094E-02
  4.2993E+00  1.0658E+01  1.5438E-01  3.8295E+00  4.4835E-02  1.0951E+01  1.7101E-02
  4.3100E+00  1.0694E+01  1.5455E-01  3.8297E+00  4.4835E-02  1.0951E+01  1.7108E-02
  4.3207E+00  1.0729E+01  1.5471E-01  3.8299E+00  4.4836E-02  1.0951E+01  1.7114E-02
  4.3315E+00  1.0766E+01  1.5488E-01  3.8301E+00  4.4836E-02  1.0951E+01  1.7121E-02
  4.3422E+00  1.0801E+01  1.5504E-01  3.8302E+00  4.4836E-02  1.0951E+01  1.7128E-02
  4.3529E+00  1.0837E+01  1.5521E-01  3.8304E+00  4.4837E-02  1.0950E+01  1.7135E-02
  4.3636E+00  1.0873E+01  1.5537E-01  3.8306E+00  4.4837E-02  1.0950E+01  1.7142E-02
  4.3744E+00  1.0909E+01  1.5554E-01  3.8308E+00  4.4837E-02  1.0950E+01  1.7149E-02
  4.3851E+00  1.0944E+01  1.5570E-01  3.8310E+00  4.4838E-02  1.0950E+01  1.7156E-02
  4.3958E+00  1.0980E+01  1.5587E-01  3.8312E+00  4.4838E-02  1.0950E+01  1.7163E-02
  4.4065E+00  1.1016E+01  1.5603E-01  3.8313E+00  4.4838E-02  1.0950E+01  1.7170E-02
  4.4173E+00  1.1052E+01  1.5620E-01  3.8315E+00  4.4839E-02  1.0950E+01  1.7177E-02
  4.4280E+00  1.1088E+01  1.5636E-01  3.8317E+00  4.4839E-02  1.0949E+01  1.7184E-02
  4.4387E+00  1.1123E+01  1.5653E-01  3.8319E+00  4.4839E-02  1.0949E+01  1.7191E-02
  4.4494E+00  1.1159E+01  1.5669E-01  3.8321E+00  4.4840E-02  1.0949E+01  1.7198E-02
  4.4602E+00  1.1195E+01  1.5686E-01  3.8323E+00  4.4840E-02  1.0949E+01  1.7204E-02
  4.4709E+00  1.1231E+01  1.5702E-01  3.8324E+00  4.4840E-02  1.0949E+01  1.7211E-02
  4.4816E+00  1.1266E+01  1.5719E-01  3.8326E+00  4.4841E-02  1.0949E+01  1.7218E-02
  4.4923E+00  1.1302E+01  1.5735E-01  3.8328E+00  4.4841E-02  1.0949E+01  1.7225E-02
  4.5031E+00  1.1338E+01  1.5752E-01  3.8330E+00  4.4841E-02  1.0948E+01  1.7232E-02
  4.5138E+00  1.1374E+01  1.5768E-01  3.8332E+00  4.4841E-02  1.0948E+01  1.7239E-02
  4.5245E+00  1.1409E+01  1.5785E-01  3.8334E+00  4.4842E-02  1.0948E+01  1.7246E-02
  4.5352E+00  1.1445E+01  1.5801E-01  3.8336E+00  4.4842E-02  1.0948E+01  1.7253E-02
  4.5461E+00  1.1481E+01  1.5818E-01  3.8337E+00  4.4842E-02  1.0948E+01  1.7260E-02
  4.5568E+00  1.1517E+01  1.5835E-01  3.8339E+00  4.4843E-02  1.0948E+01  1.7267E-02
  4.5675E+00  1.1553E+01  1.5851E-01  3.8341E+00  4.4843E-02  1.0948E+01  1.7274E-02
  4.5782E+00  1.1588E+01  1.5867E-01  3.8343E+00  4.4843E-02  1.0947E+01  1.7280E-02
  4.5890E+00  1.1624E+01  1.5884E-01  3.8345E+00  4.4844E-02  1.0947E+01  1.7287E-02
  4.5910E+00  1.1631E+01  1.5887E-01  3.8345E+00  4.4844E-02  1.0947E+01  1.7289E-02
  4.5996E+00  1.1660E+01  1.5900E-01  3.8347E+00  4.4844E-02  1.0947E+01  1.7294E-02
  4.6103E+00  1.1696E+01  1.5917E-01  3.8349E+00  4.4844E-02  1.0947E+01  1.7301E-02
  4.6211E+00  1.1732E+01  1.5934E-01  3.8350E+00  4.4845E-02  1.0947E+01  1.7308E-02
  4.6318E+00  1.1767E+01  1.5950E-01  3.8352E+00  4.4845E-02  1.0947E+01  1.7315E-02
  4.6425E+00  1.1803E+01  1.5966E-01  3.8354E+00  4.4845E-02  1.0947E+01  1.7322E-02
  4.6532E+00  1.1839E+01  1.5983E-01  3.8356E+00  4.4846E-02  1.0947E+01  1.7329E-02
  4.6640E+00  1.1875E+01  1.6000E-01  3.8358E+00  4.4846E-02  1.0946E+01  1.7336E-02
  4.6747E+00  1.1911E+01  1.6016E-01  3.8360E+00  4.4846E-02  1.0946E+01  1.7343E-02
  4.6854E+00  1.1946E+01  1.6033E-01  3.8362E+00  4.4847E-02  1.0946E+01  1.7349E-02
  4.6961E+00  1.1982E+01  1.6049E-01  3.8363E+00  4.4847E-02  1.0946E+01  1.7356E-02
  4.7070E+00  1.2018E+01  1.6066E-01  3.8365E+00  4.4847E-02  1.0946E+01  1.7363E-02
  4.7177E+00  1.2054E+01  1.6082E-01  3.8367E+00  4.4848E-02  1.0946E+01  1.7370E-02
  4.7284E+00  1.2089E+01  1.6099E-01  3.8369E+00  4.4848E-02  1.0946E+01  1.7377E-02
  4.7391E+00  1.2125E+01  1.6115E-01  3.8371E+00  4.4848E-02  1.0945E+01  1.7384E-02
  4.7499E+00  1.2161E+01  1.6132E-01  3.8373E+00  4.4849E-02  1.0945E+01  1.7391E-02
  4.7606E+00  1.2197E+01  1.6148E-01  3.8375E+00  4.4849E-02  1.0945E+01  1.7398E-02
  4.7713E+00  1.2232E+01  1.6165E-01  3.8376E+00  4.4849E-02  1.0945E+01  1.7405E-02
  4.7820E+00  1.2268E+01  1.6181E-01  3.8378E+00  4.4849E-02  1.0945E+01  1.7411E-02
  4.7928E+00  1.2304E+01  1.6198E-01  3.8380E+00  4.4850E-02  1.0945E+01  1.7418E-02
  4.8035E+00  1.2340E+01  1.6214E-01  3.8382E+00  4.4850E-02  1.0945E+01  1.7425E-02
  4.8142E+00  1.2376E+01  1.6231E-01  3.8384E+00  4.4850E-02  1.0944E+01  1.7432E-02
  4.8249E+00  1.2411E+01  1.6247E-01  3.8386E+00  4.4851E-02  1.0944E+01  1.7439E-02
  4.8357E+00  1.2447E+01  1.6264E-01  3.8388E+00  4.4851E-02  1.0944E+01  1.7446E-02
  4.8464E+00  1.2483E+01  1.6280E-01  3.8390E+00  4.4851E-02  1.0944E+01  1.7453E-02
  4.8571E+00  1.2519E+01  1.6297E-01  3.8391E+00  4.4852E-02  1.0944E+01  1.7460E-02
  4.8678E+00  1.2554E+01  1.6313E-01  3.8393E+00  4.4852E-02  1.0944E+01  1.7466E-02
  4.8786E+00  1.2591E+01  1.6330E-01  3.8395E+00  4.4852E-02  1.0944E+01  1.7473E-02
  4.8893E+00  1.2626E+01  1.6346E-01  3.8397E+00  4.4853E-02  1.0943E+01  1.7480E-02
  4.9000E+00  1.2662E+01  1.6363E-01  3.8399E+00  4.4853E-02  1.0943E+01  1.7487E-02
  4.9107E+00  1.2698E+01  1.6379E-01  3.8401E+00  4.4853E-02  1.0943E+01  1.7494E-02
  4.9215E+00  1.2734E+01  1.6396E-01  3.8403E+00  4.4854E-02  1.0943E+01  1.7501E-02
  4.9322E+00  1.2769E+01  1.6412E-01  3.8405E+00  4.4854E-02  1.0943E+01  1.7508E-02
  4.9429E+00  1.2805E+01  1.6429E-01  3.8406E+00  4.4854E-02  1.0943E+01  1.7515E-02
  4.9536E+00  1.2841E+01  1.6445E-01  3.8408E+00  4.4855E-02  1.0943E+01  1.7522E-02
  4.9644E+00  1.2877E+01  1.6462E-01  3.8410E+00  4.4855E-02  1.0942E+01  1.7528E-02
  4.9751E+00  1.2912E+01  1.6478E-01  3.8412E+00  4.5094E-02  1.0937E+01  1.8178E-02
  4.9858E+00  1.2948E+01  1.6495E-01  3.8414E+00  4.9827E-02  1.0892E+01  2.8181E-02
  4.9965E+00  1.2984E+01  1.6515E-01  3.8420E+00  1.0898E-01  1.0930E+01  1.0088E-01
  5.0073E+00  1.3020E+01  1.6543E-01  3.8439E+00  2.6181E-01  1.1075E+01  2.5845E-01
  5.0180E+00  1.3056E+01  1.6579E-01  3.8476E+00  4.3547E-01  1.1095E+01  4.3346E-01
  5.0287E+00  1.3091E+01  1.6623E-01  3.8532E+00  6.1172E-01  1.1094E+01  6.1029E-01
  5.0394E+00  1.3127E+01  1.6676E-01  3.8607E+00  7.8853E-01  1.1094E+01  7.8743E-01
  5.0502E+00  1.3163E+01  1.6738E-01  3.8702E+00  9.6684E-01  1.1081E+01  9.6595E-01
  5.0609E+00  1.3199E+01  1.6807E-01  3.8815E+00  1.1343E+00  1.0965E+01  1.1336E+00
  5.0716E+00  1.3234E+01  1.6882E-01  3.8943E+00  1.2382E+00  1.0821E+01  1.2375E+00
  5.0823E+00  1.3270E+01  1.6957E-01  3.9077E+00  1.2585E+00  1.0936E+01  1.2579E+00
  5.0931E+00  1.3306E+01  1.7033E-01  3.9213E+00  1.2602E+00  1.0956E+01  1.2595E+00
  5.1038E+00  1.3342E+01  1.7108E-01  3.9348E+00  1.2602E+00  1.0956E+01  1.2595E+00
  5.1145E+00  1.3378E+01  1.7184E-01  3.9483E+00  1.2602E+00  1.0957E+01  1.2595E+00
  5.1252E+00  1.3413E+01  1.7259E-01  3.9618E+00  1.2602E+00  1.0958E+01  1.2595E+00
  5.1360E+00  1.3449E+01  1.7335E-01  3.9754E+00  1.2602E+00  1.0958E+01  1.2595E+00
  5.1467E+00  1.3485E+01  1.7411E-01  3.9889E+00  1.2602E+00  1.0959E+01  1.2595E+00
  5.1574E+00  1.3521E+01  1.7486E-01  4.0024E+00  1.2602E+00  1.0960E+01  1.2595E+00
  5.1681E+00  1.3556E+01  1.7561E-01  4.0159E+00  1.2602E+00  1.0960E+01  1.2596E+00
  5.1789E+00  1.3592E+01  1.7637E-01  4.0295E+00  1.2602E+00  1.0961E+01  1.2596E+00
  5.1896E+00  1.3628E+01  1.7713E-01  4.0430E+00  1.2602E+00  1.0961E+01  1.2596E+00
  5.2003E+00  1.3664E+01  1.7788E-01  4.0565E+00  1.2602E+00  1.0962E+01  1.2596E+00
  5.2110E+00  1.3700E+01  1.7864E-01  4.0700E+00  1.2602E+00  1.0963E+01  1.2596E+00
  5.2218E+00  1.3736E+01  1.7940E-01  4.0837E+00  1.2602E+00  1.0963E+01  1.2596E+00
  5.2325E+00  1.3771E+01  1.8015E-01  4.0972E+00  1.2602E+00  1.0964E+01  1.2596E+00
  5.2432E+00  1.3807E+01  1.8090E-01  4.1107E+00  1.2602E+00  1.0965E+01  1.2596E+00
  5.2539E+00  1.3843E+01  1.8166E-01  4.1241E+00  1.2602E+00  1.0965E+01  1.2596E+00
  5.2647E+00  1.3879E+01  1.8242E-01  4.1378E+00  1.2602E+00  1.0966E+01  1.2596E+00
  5.2754E+00  1.3914E+01  1.8317E-01  4.1513E+00  1.2602E+00  1.0967E+01  1.2596E+00
  5.2861E+00  1.3950E+01  1.8393E-01  4.1648E+00  1.2602E+00  1.0967E+01  1.2596E+00
  5.2968E+00  1.3986E+01  1.8468E-01  4.1783E+00  1.2602E+00  1.0968E+01  1.2596E+00
  5.3076E+00  1.4022E+01  1.8544E-01  4.1919E+00  1.2602E+00  1.0969E+01  1.2596E+00
  5.3183E+00  1.4058E+01  1.8619E-01  4.2054E+00  1.2602E+00  1.0969E+01  1.2596E+00
  5.3290E+00  1.4093E+01  1.8695E-01  4.2189E+00  1.2602E+00  1.0970E+01  1.2596E+00
  5.3397E+00  1.4129E+01  1.8770E-01  4.2324E+00  1.2602E+00  1.0971E+01  1.2596E+00
  5.3505E+00  1.4165E+01  1.8846E-01  4.2460E+00  1.2602E+00  1.0972E+01  1.2597E+00
  5.3612E+00  1.4201E+01  1.8922E-01  4.2595E+00  1.2602E+00  1.0972E+01  1.2597E+00
  5.3719E+00  1.4236E+01  1.8997E-01  4.2730E+00  1.2602E+00  1.0973E+01  1.2597E+00
  5.3826E+00  1.4272E+01  1.9072E-01  4.2865E+00  1.2602E+00  1.0974E+01  1.2597E+00
  5.3935E+00  1.4308E+01  1.9148E-01  4.3001E+00  1.2602E+00  1.0974E+01  1.2597E+00
  5.4042E+00  1.4344E+01  1.9224E-01  4.3136E+00  1.2602E+00  1.0975E+01  1.2597E+00
  5.4149E+00  1.4380E+01  1.9299E-01  4.3271E+00  1.2602E+00  1.0976E+01  1.2597E+00
  5.4256E+00  1.4415E+01  1.9374E-01  4.3406E+00  1.2602E+00  1.0976E+01  1.2597E+00
  5.4364E+00  1.4451E+01  1.9450E-01  4.3543E+00  1.2602E+00  1.0977E+01  1.2597E+00
  5.4471E+00  1.4487E+01  1.9526E-01  4.3678E+00  1.2602E+00  1.0978E+01  1.2597E+00
  5.4578E+00  1.4523E+01  1.9601E-01  4.3813E+00  1.2602E+00  1.0979E+01  1.2597E+00
  5.4685E+00  1.4558E+01  1.9677E-01  4.3947E+00  1.2602E+00  1.0979E+01  1.2597E+00
  5.4793E+00  1.4594E+01  1.9753E-01  4.4084E+00  1.2602E+00  1.0980E+01  1.2597E+00
  5.4900E+00  1.4630E+01  1.9828E-01  4.4219E+00  1.2602E+00  1.0981E+01  1.2597E+00
  5.5007E+00  1.4666E+01  1.9903E-01  4.4354E+00  1.2602E+00  1.0982E+01  1.2597E+00
  5.5114E+00  1.4701E+01  1.9979E-01  4.4489E+00  1.2602E+00  1.0982E+01  1.2597E+00
  5.5222E+00  1.4738E+01  2.0055E-01  4.4625E+00  1.2602E+00  1.0983E+01  1.2597E+00
  5.5329E+00  1.4773E+01  2.0130E-01  4.4760E+00  1.2602E+00  1.0984E+01  1.2597E+00
  5.5436E+00  1.4809E+01  2.0206E-01  4.4895E+00  1.2602E+00  1.0984E+01  1.2597E+00
  5.5543E+00  1.4845E+01  2.0281E-01  4.5030E+00  1.2602E+00  1.0985E+01  1.2598E+00
  5.5651E+00  1.4881E+01  2.0357E-01  4.5166E+00  1.2602E+00  1.0986E+01  1.2598E+00
  5.5758E+00  1.4916E+01  2.0432E-01  4.5301E+00  1.2603E+00  1.0987E+01  1.2598E+00
  5.5865E+00  1.4952E+01  2.0508E-01  4.5436E+00  1.2603E+00  1.0988E+01  1.2598E+00
  5.5972E+00  1.4988E+01  2.0583E-01  4.5571E+00  1.2603E+00  1.0988E+01  1.2598E+00
  5.6080E+00  1.5024E+01  2.0659E-01  4.5707E+00  1.2603E+00  1.0989E+01  1.2598E+00
  5.6187E+00  1.5060E+01  2.0735E-01  4.5842E+00  1.2603E+00  1.0990E+01  1.2598E+00
  5.6294E+00  1.5095E+01  2.0810E-01  4.5977E+00  1.2603E+00  1.0991E+01  1.2598E+00
  5.6401E+00  1.5131E+01  2.0885E-01  4.6112E+00  1.2603E+00  1.0991E+01  1.2598E+00
  5.6509E+00  1.5167E+01  2.0961E-01  4.6249E+00  1.2603E+00  1.0992E+01  1.2598E+00
  5.6616E+00  1.5203E+01  2.1037E-01  4.6384E+00  1.2603E+00  1.0993E+01  1.2598E+00
  5.6723E+00  1.5238E+01  2.1112E-01  4.6519E+00  1.2603E+00  1.0994E+01  1.2598E+00
  5.6830E+00  1.5274E+01  2.1187E-01  4.6654E+00  1.2603E+00  1.0994E+01  1.2598E+00
  5.6938E+00  1.5310E+01  2.1264E-01  4.6790E+00  1.2603E+00  1.0995E+01  1.2598E+00
  5.7045E+00  1.5346E+01  2.1339E-01  4.6925E+00  1.2603E+00  1.0996E+01  1.2598E+00
  5.7152E+00  1.5381E+01  2.1414E-01  4.7060E+00  1.2603E+00  1.0997E+01  1.2598E+00
  5.7259E+00  1.5417E+01  2.1490E-01  4.7195E+00  1.2603E+00  1.0998E+01  1.2598E+00
  5.7367E+00  1.5453E+01  2.1566E-01  4.7331E+00  1.2603E+00  1.0998E+01  1.2598E+00
  5.7474E+00  1.5489E+01  2.1641E-01  4.7466E+00  1.2603E+00  1.0999E+01  1.2598E+00
  5.7581E+00  1.5525E+01  2.1716E-01  4.7601E+00  1.2603E+00  1.1000E+01  1.2598E+00
  5.7688E+00  1.5560E+01  2.1792E-01  4.7736E+00  1.2603E+00  1.1001E+01  1.2598E+00
  5.7796E+00  1.5596E+01  2.1868E-01  4.7873E+00  1.2603E+00  1.1002E+01  1.2598E+00
  5.7903E+00  1.5632E+01  2.1943E-01  4.8008E+00  1.2603E+00  1.1003E+01  1.2599E+00
  5.8010E+00  1.5668E+01  2.2019E-01  4.8143E+00  1.2603E+00  1.1003E+01  1.2599E+00
  5.8117E+00  1.5703E+01  2.2094E-01  4.8278E+00  1.2603E+00  1.1004E+01  1.2599E+00
  5.8225E+00  1.5739E+01  2.2170E-01  4.8414E+00  1.2603E+00  1.1005E+01  1.2599E+00
  5.8332E+00  1.5775E+01  2.2245E-01  4.8549E+00  1.2603E+00  1.1006E+01  1.2599E+00
  5.8439E+00  1.5811E+01  2.2321E-01  4.8684E+00  1.2603E+00  1.1007E+01  1.2599E+00
  5.8546E+00  1.5847E+01  2.2396E-01  4.8819E+00  1.2603E+00  1.1008E+01  1.2599E+00
  5.8654E+00  1.5883E+01  2.2472E-01  4.8955E+00  1.2603E+00  1.1008E+01  1.2599E+00
  5.8761E+00  1.5918E+01  2.2548E-01  4.9090E+00  1.2603E+00  1.1009E+01  1.2599E+00
  5.8868E+00  1.5954E+01  2.2623E-01  4.9225E+00  1.2603E+00  1.1010E+01  1.2599E+00
  5.8975E+00  1.5990E+01  2.2698E-01  4.9360E+00  1.2603E+00  1.1011E+01  1.2599E+00
  5.9083E+00  1.6026E+01  2.2774E-01  4.9496E+00  1.2603E+00  1.1012E+01  1.2599E+00
  5.9190E+00  1.6061E+01  2.2850E-01  4.9631E+00  1.2603E+00  1.1013E+01  1.2599E+00
  5.9297E+00  1.6097E+01  2.2925E-01  4.9766E+00  1.2603E+00  1.1013E+01  1.2599E+00
  5.9404E+00  1.6133E+01  2.3000E-01  4.9901E+00  1.2603E+00  1.1014E+01  1.2599E+00
  5.9512E+00  1.6169E+01  2.3077E-01  5.0038E+00  1.2603E+00  1.1015E+01  1.2599E+00
  5.9619E+00  1.6205E+01  2.3152E-01  5.0173E+00  1.2603E+00  1.1016E+01  1.2599E+00
  5.9726E+00  1.6240E+01  2.3227E-01  5.0308E+00  1.2603E+00  1.1017E+01  1.2599E+00
  5.9833E+00  1.6276E+01  2.3303E-01  5.0443E+00  1.2603E+00  1.1018E+01  1.2599E+00
  5.9941E+00  1.6312E+01  2.3379E-01  5.0579E+00  1.2603E+00  1.1019E+01  1.2599E+00
  6.0048E+00  1.6348E+01  2.3454E-01  5.0714E+00  1.2603E+00  1.1020E+01  1.2599E+00
  6.0155E+00  1.6383E+01  2.3529E-01  5.0849E+00  1.2603E+00  1.1020E+01  1.2599E+00
  6.0262E+00  1.6419E+01  2.3605E-01  5.0984E+00  1.2603E+00  1.1021E+01  1.2599E+00
  6.0370E+00  1.6455E+01  2.3681E-01  5.1120E+00  1.2603E+00  1.1022E+01  1.2599E+00
  6.0477E+00  1.6491E+01  2.3756E-01  5.1255E+00  1.2603E+00  1.1023E+01  1.2599E+00
  6.0584E+00  1.6527E+01  2.3832E-01  5.1390E+00  1.2603E+00  1.1024E+01  1.2600E+00
  6.0691E+00  1.6562E+01  2.3907E-01  5.1525E+00  1.2603E+00  1.1025E+01  1.2600E+00
  6.0800E+00  1.6598E+01  2.3983E-01  5.1662E+00  1.2603E+00  1.1026E+01  1.2600E+00
  6.0907E+00  1.6634E+01  2.4058E-01  5.1797E+00  1.2603E+00  1.1027E+01  1.2600E+00
  6.1014E+00  1.6670E+01  2.4134E-01  5.1932E+00  1.2603E+00  1.1028E+01  1.2600E+00
  6.1121E+00  1.6705E+01  2.4209E-01  5.2067E+00  1.2603E+00  1.1029E+01  1.2600E+00
  6.1229E+00  1.6741E+01  2.4285E-01  5.2203E+00  1.2603E+00  1.1029E+01  1.2600E+00
  6.1336E+00  1.6777E+01  2.4361E-01  5.2338E+00  1.2603E+00  1.1030E+01  1.2600E+00
  6.1443E+00  1.6813E+01  2.4436E-01  5.2473E+00  1.2603E+00  1.1031E+01  1.2600E+00
  6.1550E+00  1.6849E+01  2.4511E-01  5.2608E+00  1.2604E+00  1.1032E+01  1.2600E+00
  6.1658E+00  1.6885E+01  2.4587E-01  5.2744E+00  1.2604E+00  1.1033E+01  1.2600E+00
  6.1765E+00  1.6920E+01  2.4663E-01  5.2879E+00  1.2604E+00  1.1034E+01  1.2600E+00
  6.1872E+00  1.6956E+01  2.4738E-01  5.3014E+00  1.2604E+00  1.1035E+01  1.2600E+00
  6.1979E+00  1.6992E+01  2.4814E-01  5.3149E+00  1.2604E+00  1.1036E+01  1.2600E+00
  6.2087E+00  1.7028E+01  2.4890E-01  5.3286E+00  1.2604E+00  1.1037E+01  1.2600E+00
  6.2194E+00  1.7063E+01  2.4965E-01  5.3421E+00  1.2604E+00  1.1038E+01  1.2600E+00
  6.2301E+00  1.7099E+01  2.5040E-01  5.3556E+00  1.2604E+00  1.1039E+01  1.2600E+00
  6.2408E+00  1.7135E+01  2.5116E-01  5.3691E+00  1.2604E+00  1.1040E+01  1.2600E+00
  6.2516E+00  1.7171E+01  2.5192E-01  5.3827E+00  1.2604E+00  1.1041E+01  1.2600E+00
  6.2623E+00  1.7207E+01  2.5267E-01  5.3962E+00  1.2604E+00  1.1042E+01  1.2600E+00
  6.2730E+00  1.7242E+01  2.5342E-01  5.4097E+00  1.2604E+00  1.1043E+01  1.2600E+00
  6.2837E+00  1.7278E+01  2.5418E-01  5.4232E+00  1.2604E+00  1.1044E+01  1.2600E+00
  6.2945E+00  1.7314E+01  2.5494E-01  5.4368E+00  1.2604E+00  1.1045E+01  1.2600E+00
  6.3052E+00  1.7350E+01  2.5569E-01  5.4503E+00  1.2604E+00  1.1046E+01  1.2600E+00
  6.3159E+00  1.7385E+01  2.5645E-01  5.4638E+00  1.2604E+00  1.1046E+01  1.2600E+00
  6.3266E+00  1.7421E+01  2.5720E-01  5.4773E+00  1.2604E+00  1.1047E+01  1.2600E+00
  6.3374E+00  1.7457E+01  2.5796E-01  5.4910E+00  1.2604E+00  1.1048E+01  1.2600E+00
  6.3481E+00  1.7493E+01  2.5871E-01  5.5045E+00  1.2604E+00  1.1049E+01  1.2600E+00
  6.3588E+00  1.7528E+01  2.5947E-01  5.5180E+00  1.2604E+00  1.1050E+01  1.2600E+00
  6.3695E+00  1.7564E+01  2.6022E-01  5.5315E+00  1.2604E+00  1.1051E+01  1.2601E+00
  6.3803E+00  1.7600E+01  2.6098E-01  5.5451E+00  1.2604E+00  1.1052E+01  1.2601E+00
  6.3910E+00  1.7636E+01  2.6174E-01  5.5586E+00  1.2604E+00  1.1053E+01  1.2601E+00
  6.4017E+00  1.7672E+01  2.6249E-01  5.5721E+00  1.2604E+00  1.1054E+01  1.2601E+00
  6.4124E+00  1.7707E+01  2.6324E-01  5.5856E+00  1.2604E+00  1.1055E+01  1.2601E+00
  6.4130E+00  1.7709E+01  2.6329E-01  5.5864E+00  1.2604E+00  1.1055E+01  1.2601E+00
  6.4232E+00  1.7743E+01  2.6400E-01  5.5993E+00  1.2604E+00  1.1056E+01  1.2601E+00
  6.4339E+00  1.7779E+01  2.6476E-01  5.6128E+00  1.2604E+00  1.1057E+01  1.2601E+00
  6.4446E+00  1.7815E+01  2.6551E-01  5.6263E+00  1.2604E+00  1.1058E+01  1.2601E+00
  6.4553E+00  1.7850E+01  2.6627E-01  5.6398E+00  1.2604E+00  1.1059E+01  1.2601E+00
  6.4661E+00  1.7887E+01  2.6703E-01  5.6534E+00  1.2604E+00  1.1060E+01  1.2601E+00
  6.4768E+00  1.7922E+01  2.6778E-01  5.6669E+00  1.2604E+00  1.1061E+01  1.2601E+00
  6.4875E+00  1.7958E+01  2.6853E-01  5.6804E+00  1.2604E+00  1.1062E+01  1.2601E+00
  6.4982E+00  1.7994E+01  2.6929E-01  5.6939E+00  1.2604E+00  1.1063E+01  1.2601E+00
  6.5090E+00  1.8030E+01  2.7005E-01  5.7075E+00  1.2604E+00  1.1065E+01  1.2601E+00
  6.5197E+00  1.8065E+01  2.7080E-01  5.7210E+00  1.2604E+00  1.1066E+01  1.2601E+00
  6.5304E+00  1.8101E+01  2.7156E-01  5.7345E+00  1.2604E+00  1.1067E+01  1.2601E+00
  6.5411E+00  1.8137E+01  2.7231E-01  5.7480E+00  1.2604E+00  1.1068E+01  1.2601E+00
  6.5519E+00  1.8173E+01  2.7307E-01  5.7617E+00  1.2604E+00  1.1069E+01  1.2601E+00
  6.5626E+00  1.8208E+01  2.7382E-01  5.7752E+00  1.2604E+00  1.1070E+01  1.2601E+00
  6.5733E+00  1.8244E+01  2.7458E-01  5.7887E+00  1.2604E+00  1.1071E+01  1.2601E+00
  6.5840E+00  1.8280E+01  2.7533E-01  5.8022E+00  1.2604E+00  1.1072E+01  1.2601E+00
  6.5948E+00  1.8316E+01  2.7609E-01  5.8158E+00  1.2604E+00  1.1073E+01  1.2601E+00
  6.6055E+00  1.8352E+01  2.7685E-01  5.8293E+00  1.2604E+00  1.1074E+01  1.2601E+00
  6.6162E+00  1.8387E+01  2.7760E-01  5.8428E+00  1.2604E+00  1.1075E+01  1.2601E+00
  6.6269E+00  1.8423E+01  2.7835E-01  5.8563E+00  1.2604E+00  1.1076E+01  1.2601E+00
  6.6377E+00  1.8459E+01  2.7911E-01  5.8699E+00  1.2604E+00  1.1077E+01  1.2601E+00
  6.6484E+00  1.8495E+01  2.7987E-01  5.8834E+00  1.2604E+00  1.1078E+01  1.2601E+00
  6.6591E+00  1.8530E+01  2.8062E-01  5.8970E+00  1.2604E+00  1.1079E+01  1.2601E+00
  6.6698E+00  1.8566E+01  2.8137E-01  5.9105E+00  1.2604E+00  1.1080E+01  1.2601E+00
  6.6806E+00  1.8602E+01  2.8213E-01  5.9241E+00  1.2604E+00  1.1081E+01  1.2601E+00
  6.6913E+00  1.8638E+01  2.8289E-01  5.9376E+00  1.2604E+00  1.1082E+01  1.2601E+00
  6.7020E+00  1.8674E+01  2.8364E-01  5.9511E+00  1.2604E+00  1.1084E+01  1.2601E+00
  6.7127E+00  1.8709E+01  2.8440E-01  5.9646E+00  1.2604E+00  1.1085E+01  1.2601E+00
  6.7235E+00  1.8745E+01  2.8516E-01  5.9782E+00  1.2604E+00  1.1086E+01  1.2602E+00
  6.7342E+00  1.8781E+01  2.8591E-01  5.9917E+00  1.2604E+00  1.1087E+01  1.2602E+00
  6.7449E+00  1.8817E+01  2.8666E-01  6.0052E+00  1.2604E+00  1.1088E+01  1.2602E+00
  6.7557E+00  1.8852E+01  2.8742E-01  6.0187E+00  1.2604E+00  1.1089E+01  1.2602E+00
  6.7665E+00  1.8888E+01  2.8818E-01  6.0324E+00  1.2604E+00  1.1090E+01  1.2602E+00
  6.7772E+00  1.8924E+01  2.8893E-01  6.0459E+00  1.2604E+00  1.1091E+01  1.2602E+00
  6.7879E+00  1.8960E+01  2.8969E-01  6.0594E+00  1.2604E+00  1.1092E+01  1.2602E+00
  6.7986E+00  1.8996E+01  2.9044E-01  6.0729E+00  1.2605E+00  1.1093E+01  1.2602E+00
  6.8094E+00  1.9032E+01  2.9120E-01  6.0865E+00  1.2605E+00  1.1095E+01  1.2602E+00
  6.8201E+00  1.9067E+01  2.9195E-01  6.1000E+00  1.2605E+00  1.1096E+01  1.2602E+00
  6.8308E+00  1.9103E+01  2.9271E-01  6.1135E+00  1.2605E+00  1.1097E+01  1.2602E+00
  6.8415E+00  1.9139E+01  2.9346E-01  6.1270E+00  1.2605E+00  1.1098E+01  1.2602E+00
  6.8523E+00  1.9175E+01  2.9422E-01  6.1407E+00  1.2605E+00  1.1099E+01  1.2602E+00
  6.8630E+00  1.9210E+01  2.9498E-01  6.1542E+00  1.2605E+00  1.1100E+01  1.2602E+00
  6.8737E+00  1.9246E+01  2.9573E-01  6.1677E+00  1.2605E+00  1.1101E+01  1.2602E+00
  6.8844E+00  1.9282E+01  2.9648E-01  6.1812E+00  1.2605E+00  1.1102E+01  1.2602E+00
  6.8952E+00  1.9318E+01  2.9724E-01  6.1948E+00  1.2605E+00  1.1104E+01  1.2602E+00
  6.9059E+00  1.9354E+01  2.9800E-01  6.2083E+00  1.2605E+00  1.1105E+01  1.2602E+00
  6.9166E+00  1.9389E+01  2.9875E-01  6.2218E+00  1.2605E+00  1.1106E+01  1.2602E+00
  6.9273E+00  1.9425E+01  2.9950E-01  6.2353E+00  1.2605E+00  1.1107E+01  1.2602E+00
  6.9381E+00  1.9461E+01  3.0027E-01  6.2489E+00  1.2605E+00  1.1108E+01  1.2602E+00
  6.9488E+00  1.9497E+01  3.0102E-01  6.2624E+00  1.2605E+00  1.1109E+01  1.2602E+00
  6.9595E+00  1.9532E+01  3.0177E-01  6.2759E+00  1.2605E+00  1.1110E+01  1.2602E+00
  6.9702E+00  1.9568E+01  3.0253E-01  6.2895E+00  1.2605E+00  1.1112E+01  1.2602E+00
  6.9810E+00  1.9604E+01  3.0329E-01  6.3031E+00  1.2605E+00  1.1113E+01  1.2602E+00
  6.9917E+00  1.9640E+01  3.0404E-01  6.3166E+00  1.2605E+00  1.1114E+01  1.2602E+00
  7.0024E+00  1.9676E+01  3.0479E-01  6.3301E+00  1.2605E+00  1.1115E+01  1.2602E+00
  7.0131E+00  1.9711E+01  3.0555E-01  6.3436E+00  1.2605E+00  1.1116E+01  1.2602E+00
  7.0239E+00  1.9747E+01  3.0631E-01  6.3572E+00  1.2605E+00  1.1118E+01  1.2602E+00
  7.0346E+00  1.9783E+01  3.0706E-01  6.3707E+00  1.2605E+00  1.1119E+01  1.2602E+00
  7.0453E+00  1.9819E+01  3.0782E-01  6.3842E+00  1.2605E+00  1.1120E+01  1.2602E+00
  7.0560E+00  1.9854E+01  3.0857E-01  6.3977E+00  1.2605E+00  1.1121E+01  1.2602E+00
  7.0668E+00  1.9890E+01  3.0933E-01  6.4114E+00  1.2605E+00  1.1122E+01  1.2602E+00
  7.0775E+00  1.9926E+01  3.1008E-01  6.4249E+00  1.2605E+00  1.1123E+01  1.2602E+00
  7.0882E+00  1.9962E+01  3.1084E-01  6.4384E+00  1.2605E+00  1.1125E+01  1.2602E+00
  7.0989E+00  1.9997E+01  3.1159E-01  6.4519E+00  1.2605E+00  1.1126E+01  1.2602E+00
  7.1097E+00  2.0034E+01  3.1235E-01  6.4655E+00  1.2605E+00  1.1127E+01  1.2602E+00
  7.1204E+00  2.0069E+01  3.1311E-01  6.4790E+00  1.2599E+00  1.1147E+01  1.2597E+00
  7.1311E+00  2.0105E+01  3.1385E-01  6.4925E+00  1.2481E+00  1.1443E+01  1.2478E+00
  7.1418E+00  2.0141E+01  3.1455E-01  6.5054E+00  1.1380E+00  1.5260E+01  1.1374E+00
  7.1526E+00  2.0177E+01  3.1509E-01  6.5161E+00  8.1778E-01  1.9873E+01  8.1659E-01
  7.1633E+00  2.0212E+01  3.1542E-01  6.5228E+00  4.3049E-01  2.0485E+01  4.2807E-01
  7.1740E+00  2.0248E+01  3.1553E-01  6.5253E+00  5.5893E-02  2.0533E+01  3.2315E-02
  7.1847E+00  2.0284E+01  3.1544E-01  6.5235E+00  3.6649E-01  2.0533E+01 -3.6364E-01
  7.1955E+00  2.0320E+01  3.1513E-01  6.5174E+00  7.6385E-01  2.0457E+01 -7.6249E-01
  7.2062E+00  2.0356E+01  3.1461E-01  6.5072E+00  1.1463E+00  1.9530E+01 -1.1454E+00
  7.2169E+00  2.0391E+01  3.1394E-01  6.4932E+00  1.4280E+00  1.4261E+01 -1.4277E+00
  7.2276E+00  2.0427E+01  3.1322E-01  6.4774E+00  1.5039E+00  1.1377E+01 -1.5036E+00
  7.2384E+00  2.0463E+01  3.1249E-01  6.4610E+00  1.5109E+00  1.1165E+01 -1.5107E+00
  7.2491E+00  2.0499E+01  3.1178E-01  6.4449E+00  1.5111E+00  1.1153E+01 -1.5109E+00
  7.2598E+00  2.0534E+01  3.1106E-01  6.4287E+00  1.5111E+00  1.1155E+01 -1.5109E+00
  7.2705E+00  2.0570E+01  3.1034E-01  6.4125E+00  1.5111E+00  1.1157E+01 -1.5109E+00
  7.2813E+00  2.0606E+01  3.0961E-01  6.3961E+00  1.5111E+00  1.1159E+01 -1.5109E+00
  7.2920E+00  2.0642E+01  3.0890E-01  6.3799E+00  1.5111E+00  1.1161E+01 -1.5109E+00
  7.3027E+00  2.0677E+01  3.0818E-01  6.3637E+00  1.5111E+00  1.1163E+01 -1.5109E+00
  7.3134E+00  2.0713E+01  3.0746E-01  6.3476E+00  1.5111E+00  1.1165E+01 -1.5109E+00
  7.3242E+00  2.0749E+01  3.0674E-01  6.3312E+00  1.5111E+00  1.1168E+01 -1.5109E+00
  7.3349E+00  2.0785E+01  3.0602E-01  6.3150E+00  1.5111E+00  1.1170E+01 -1.5109E+00
  7.3456E+00  2.0821E+01  3.0530E-01  6.2988E+00  1.5111E+00  1.1172E+01 -1.5109E+00
  7.3563E+00  2.0856E+01  3.0458E-01  6.2826E+00  1.5111E+00  1.1174E+01 -1.5109E+00
  7.3671E+00  2.0892E+01  3.0386E-01  6.2663E+00  1.5111E+00  1.1176E+01 -1.5109E+00
  7.3778E+00  2.0928E+01  3.0314E-01  6.2501E+00  1.5111E+00  1.1178E+01 -1.5109E+00
  7.3885E+00  2.0964E+01  3.0242E-01  6.2339E+00  1.5111E+00  1.1181E+01 -1.5109E+00
  7.3992E+00  2.0999E+01  3.0170E-01  6.2177E+00  1.5111E+00  1.1183E+01 -1.5109E+00
  7.4100E+00  2.1035E+01  3.0098E-01  6.2014E+00  1.5111E+00  1.1185E+01 -1.5109E+00
  7.4207E+00  2.1071E+01  3.0026E-01  6.1852E+00  1.5111E+00  1.1187E+01 -1.5109E+00
  7.4314E+00  2.1107E+01  2.9954E-01  6.1690E+00  1.5111E+00  1.1189E+01 -1.5108E+00
  7.4422E+00  2.1143E+01  2.9882E-01  6.1528E+00  1.5111E+00  1.1192E+01 -1.5108E+00
  7.4530E+00  2.1179E+01  2.9810E-01  6.1365E+00  1.5111E+00  1.1194E+01 -1.5108E+00
  7.4637E+00  2.1214E+01  2.9738E-01  6.1203E+00  1.5111E+00  1.1196E+01 -1.5108E+00
  7.4744E+00  2.1250E+01  2.9666E-01  6.1041E+00  1.5111E+00  1.1198E+01 -1.5108E+00
  7.4851E+00  2.1286E+01  2.9594E-01  6.0879E+00  1.5111E+00  1.1200E+01 -1.5108E+00
  7.4959E+00  2.1322E+01  2.9522E-01  6.0716E+00  1.5111E+00  1.1203E+01 -1.5108E+00
  7.5066E+00  2.1357E+01  2.9450E-01  6.0554E+00  1.5111E+00  1.1205E+01 -1.5108E+00
  7.5173E+00  2.1393E+01  2.9378E-01  6.0392E+00  1.5111E+00  1.1207E+01 -1.5108E+00
  7.5280E+00  2.1429E+01  2.9307E-01  6.0230E+00  1.5111E+00  1.1210E+01 -1.5108E+00
  7.5388E+00  2.1465E+01  2.9234E-01  6.0066E+00  1.5111E+00  1.1212E+01 -1.5108E+00
  7.5495E+00  2.1501E+01  2.9162E-01  5.9904E+00  1.5111E+00  1.1214E+01 -1.5108E+00
  7.5602E+00  2.1536E+01  2.9090E-01  5.9743E+00  1.5111E+00  1.1216E+01 -1.5108E+00
  7.5709E+00  2.1572E+01  2.9019E-01  5.9581E+00  1.5111E+00  1.1219E+01 -1.5108E+00
  7.5817E+00  2.1608E+01  2.8946E-01  5.9417E+00  1.5111E+00  1.1221E+01 -1.5108E+00
  7.5924E+00  2.1644E+01  2.8874E-01  5.9255E+00  1.5111E+00  1.1223E+01 -1.5108E+00
  7.6031E+00  2.1679E+01  2.8803E-01  5.9093E+00  1.5111E+00  1.1226E+01 -1.5108E+00
  7.6138E+00  2.1715E+01  2.8731E-01  5.8932E+00  1.5110E+00  1.1228E+01 -1.5108E+00
  7.6246E+00  2.1751E+01  2.8658E-01  5.8768E+00  1.5110E+00  1.1230E+01 -1.5108E+00
  7.6353E+00  2.1787E+01  2.8586E-01  5.8606E+00  1.5110E+00  1.1233E+01 -1.5108E+00
  7.6460E+00  2.1823E+01  2.8515E-01  5.8444E+00  1.5110E+00  1.1235E+01 -1.5108E+00
  7.6567E+00  2.1858E+01  2.8443E-01  5.8282E+00  1.5110E+00  1.1237E+01 -1.5108E+00
  7.6675E+00  2.1894E+01  2.8370E-01  5.8119E+00  1.5110E+00  1.1240E+01 -1.5108E+00
  7.6782E+00  2.1930E+01  2.8299E-01  5.7957E+00  1.5110E+00  1.1242E+01 -1.5108E+00
  7.6889E+00  2.1966E+01  2.8227E-01  5.7795E+00  1.5110E+00  1.1244E+01 -1.5108E+00
  7.6996E+00  2.2001E+01  2.8155E-01  5.7633E+00  1.5110E+00  1.1247E+01 -1.5108E+00
  7.7104E+00  2.2037E+01  2.8082E-01  5.7470E+00  1.5110E+00  1.1249E+01 -1.5108E+00
  7.7211E+00  2.2073E+01  2.8011E-01  5.7308E+00  1.5110E+00  1.1251E+01 -1.5108E+00
  7.7318E+00  2.2109E+01  2.7939E-01  5.7146E+00  1.5110E+00  1.1254E+01 -1.5108E+00
  7.7425E+00  2.2145E+01  2.7867E-01  5.6984E+00  1.5110E+00  1.1256E+01 -1.5108E+00
  7.7533E+00  2.2181E+01  2.7795E-01  5.6821E+00  1.5110E+00  1.1259E+01 -1.5108E+00
  7.7640E+00  2.2216E+01  2.7723E-01  5.6659E+00  1.5110E+00  1.1261E+01 -1.5108E+00
  7.7747E+00  2.2252E+01  2.7651E-01  5.6497E+00  1.5110E+00  1.1263E+01 -1.5107E+00
  7.7854E+00  2.2288E+01  2.7579E-01  5.6335E+00  1.5110E+00  1.1266E+01 -1.5107E+00
  7.7962E+00  2.2324E+01  2.7507E-01  5.6172E+00  1.5110E+00  1.1268E+01 -1.5107E+00
  7.8069E+00  2.2359E+01  2.7435E-01  5.6010E+00  1.5110E+00  1.1271E+01 -1.5107E+00
  7.8176E+00  2.2395E+01  2.7363E-01  5.5848E+00  1.5110E+00  1.1273E+01 -1.5107E+00
  7.8283E+00  2.2431E+01  2.7291E-01  5.5686E+00  1.5110E+00  1.1275E+01 -1.5107E+00
  7.8391E+00  2.2467E+01  2.7219E-01  5.5523E+00  1.5110E+00  1.1278E+01 -1.5107E+00
  7.8498E+00  2.2503E+01  2.7147E-01  5.5361E+00  1.5110E+00  1.1280E+01 -1.5107E+00
  7.8605E+00  2.2538E+01  2.7075E-01  5.5199E+00  1.5110E+00  1.1283E+01 -1.5107E+00
  7.8712E+00  2.2574E+01  2.7003E-01  5.5037E+00  1.5110E+00  1.1285E+01 -1.5107E+00
  7.8820E+00  2.2610E+01  2.6931E-01  5.4874E+00  1.5110E+00  1.1288E+01 -1.5107E+00
  7.8927E+00  2.2646E+01  2.6859E-01  5.4712E+00  1.5110E+00  1.1290E+01 -1.5107E+00
  7.9034E+00  2.2681E+01  2.6787E-01  5.4550E+00  1.5110E+00  1.1293E+01 -1.5107E+00
  7.9141E+00  2.2717E+01  2.6715E-01  5.4388E+00  1.5110E+00  1.1295E+01 -1.5107E+00
  7.9249E+00  2.2753E+01  2.6643E-01  5.4224E+00  1.5110E+00  1.1298E+01 -1.5107E+00
  7.9356E+00  2.2789E+01  2.6571E-01  5.4063E+00  1.5110E+00  1.1300E+01 -1.5107E+00
  7.9463E+00  2.2824E+01  2.6499E-01  5.3901E+00  1.5110E+00  1.1303E+01 -1.5107E+00
  7.9570E+00  2.2860E+01  2.6428E-01  5.3739E+00  1.5110E+00  1.1305E+01 -1.5107E+00
  7.9678E+00  2.2896E+01  2.6355E-01  5.3575E+00  1.5110E+00  1.1308E+01 -1.5107E+00
  7.9785E+00  2.2932E+01  2.6283E-01  5.3414E+00  1.5110E+00  1.1310E+01 -1.5107E+00
  7.9892E+00  2.2968E+01  2.6211E-01  5.3252E+00  1.5110E+00  1.1313E+01 -1.5107E+00
  7.9999E+00  2.3003E+01  2.6140E-01  5.3090E+00  1.5110E+00  1.1315E+01 -1.5107E+00
  8.0107E+00  2.3039E+01  2.6067E-01  5.2926E+00  1.5110E+00  1.1318E+01 -1.5107E+00
  8.0214E+00  2.3075E+01  2.5995E-01  5.2764E+00  1.5110E+00  1.1320E+01 -1.5107E+00
  8.0321E+00  2.3111E+01  2.5924E-01  5.2603E+00  1.5110E+00  1.1323E+01 -1.5107E+00
  8.0428E+00  2.3146E+01  2.5852E-01  5.2441E+00  1.5110E+00  1.1326E+01 -1.5107E+00
  8.0536E+00  2.3183E+01  2.5779E-01  5.2277E+00  1.5110E+00  1.1328E+01 -1.5106E+00
  8.0643E+00  2.3218E+01  2.5707E-01  5.2115E+00  1.5110E+00  1.1331E+01 -1.5106E+00
  8.0750E+00  2.3254E+01  2.5636E-01  5.1954E+00  1.5110E+00  1.1333E+01 -1.5106E+00
  8.0857E+00  2.3290E+01  2.5564E-01  5.1792E+00  1.5110E+00  1.1336E+01 -1.5106E+00
  8.0910E+00  2.3307E+01  2.5529E-01  5.1712E+00  1.5110E+00  1.1337E+01 -1.5106E+00
  8.0965E+00  2.3326E+01  2.5491E-01  5.1628E+00  1.5110E+00  1.1338E+01 -1.5106E+00
  8.1072E+00  2.3361E+01  2.5420E-01  5.1466E+00  1.5110E+00  1.1341E+01 -1.5106E+00
  8.1179E+00  2.3397E+01  2.5348E-01  5.1304E+00  1.5110E+00  1.1344E+01 -1.5106E+00
  8.1287E+00  2.3433E+01  2.5276E-01  5.1143E+00  1.5110E+00  1.1346E+01 -1.5106E+00
  8.1395E+00  2.3469E+01  2.5203E-01  5.0979E+00  1.5110E+00  1.1349E+01 -1.5106E+00
  8.1502E+00  2.3504E+01  2.5132E-01  5.0817E+00  1.5110E+00  1.1351E+01 -1.5106E+00
  8.1609E+00  2.3540E+01  2.5060E-01  5.0655E+00  1.5110E+00  1.1354E+01 -1.5106E+00
  8.1716E+00  2.3576E+01  2.4988E-01  5.0494E+00  1.5110E+00  1.1357E+01 -1.5106E+00
  8.1824E+00  2.3612E+01  2.4916E-01  5.0330E+00  1.5110E+00  1.1359E+01 -1.5106E+00
  8.1931E+00  2.3648E+01  2.4844E-01  5.0168E+00  1.5109E+00  1.1362E+01 -1.5106E+00
  8.2038E+00  2.3683E+01  2.4772E-01  5.0006E+00  1.5109E+00  1.1365E+01 -1.5106E+00
  8.2145E+00  2.3719E+01  2.4700E-01  4.9845E+00  1.5109E+00  1.1367E+01 -1.5106E+00
  8.2253E+00  2.3755E+01  2.4628E-01  4.9681E+00  1.5109E+00  1.1370E+01 -1.5106E+00
  8.2360E+00  2.3791E+01  2.4556E-01  4.9519E+00  1.5109E+00  1.1373E+01 -1.5106E+00
  8.2467E+00  2.3826E+01  2.4484E-01  4.9357E+00  1.5109E+00  1.1375E+01 -1.5106E+00
  8.2574E+00  2.3862E+01  2.4412E-01  4.9196E+00  1.5109E+00  1.1378E+01 -1.5106E+00
  8.2682E+00  2.3898E+01  2.4340E-01  4.9032E+00  1.5109E+00  1.1381E+01 -1.5106E+00
  8.2789E+00  2.3934E+01  2.4268E-01  4.8870E+00  1.5109E+00  1.1383E+01 -1.5106E+00
  8.2896E+00  2.3970E+01  2.4196E-01  4.8708E+00  1.5109E+00  1.1386E+01 -1.5106E+00
  8.3003E+00  2.4005E+01  2.4124E-01  4.8547E+00  1.5109E+00  1.1389E+01 -1.5105E+00
  8.3111E+00  2.4041E+01  2.4052E-01  4.8383E+00  1.5109E+00  1.1392E+01 -1.5105E+00
  8.3218E+00  2.4077E+01  2.3980E-01  4.8221E+00  1.5109E+00  1.1394E+01 -1.5105E+00
  8.3325E+00  2.4113E+01  2.3908E-01  4.8059E+00  1.5109E+00  1.1397E+01 -1.5105E+00
  8.3432E+00  2.4148E+01  2.3836E-01  4.7898E+00  1.5109E+00  1.1400E+01 -1.5105E+00
  8.3540E+00  2.4184E+01  2.3764E-01  4.7734E+00  1.5109E+00  1.1402E+01 -1.5105E+00
  8.3647E+00  2.4220E+01  2.3692E-01  4.7572E+00  1.5109E+00  1.1405E+01 -1.5105E+00
  8.3754E+00  2.4256E+01  2.3620E-01  4.7410E+00  1.5109E+00  1.1408E+01 -1.5105E+00
  8.3861E+00  2.4292E+01  2.3549E-01  4.7249E+00  1.5109E+00  1.1411E+01 -1.5105E+00
  8.3969E+00  2.4328E+01  2.3476E-01  4.7085E+00  1.5109E+00  1.1414E+01 -1.5105E+00
  8.4076E+00  2.4363E+01  2.3404E-01  4.6923E+00  1.5109E+00  1.1416E+01 -1.5105E+00
  8.4183E+00  2.4399E+01  2.3333E-01  4.6761E+00  1.5109E+00  1.1419E+01 -1.5105E+00
  8.4290E+00  2.4435E+01  2.3261E-01  4.6600E+00  1.5109E+00  1.1422E+01 -1.5105E+00
  8.4398E+00  2.4471E+01  2.3188E-01  4.6436E+00  1.5109E+00  1.1425E+01 -1.5105E+00
  8.4505E+00  2.4506E+01  2.3116E-01  4.6274E+00  1.5109E+00  1.1427E+01 -1.5105E+00
  8.4612E+00  2.4542E+01  2.3045E-01  4.6112E+00  1.5109E+00  1.1430E+01 -1.5105E+00
  8.4719E+00  2.4578E+01  2.2973E-01  4.5951E+00  1.5109E+00  1.1433E+01 -1.5105E+00
  8.4827E+00  2.4614E+01  2.2900E-01  4.5787E+00  1.5109E+00  1.1436E+01 -1.5105E+00
  8.4934E+00  2.4650E+01  2.2829E-01  4.5625E+00  1.5109E+00  1.1439E+01 -1.5105E+00
  8.5041E+00  2.4685E+01  2.2757E-01  4.5463E+00  1.5109E+00  1.1441E+01 -1.5104E+00
  8.5148E+00  2.4721E+01  2.2685E-01  4.5302E+00  1.5109E+00  1.1444E+01 -1.5104E+00
  8.5256E+00  2.4757E+01  2.2612E-01  4.5138E+00  1.5109E+00  1.1447E+01 -1.5104E+00
  8.5363E+00  2.4793E+01  2.2541E-01  4.4976E+00  1.5109E+00  1.1450E+01 -1.5104E+00
  8.5470E+00  2.4828E+01  2.2469E-01  4.4815E+00  1.5109E+00  1.1453E+01 -1.5104E+00
  8.5577E+00  2.4864E+01  2.2397E-01  4.4653E+00  1.5109E+00  1.1456E+01 -1.5104E+00
  8.5685E+00  2.4900E+01  2.2325E-01  4.4489E+00  1.5109E+00  1.1459E+01 -1.5104E+00
  8.5792E+00  2.4936E+01  2.2253E-01  4.4327E+00  1.5109E+00  1.1461E+01 -1.5104E+00
  8.5899E+00  2.4972E+01  2.2181E-01  4.4166E+00  1.5109E+00  1.1464E+01 -1.5104E+00
  8.6006E+00  2.5007E+01  2.2109E-01  4.4004E+00  1.5109E+00  1.1467E+01 -1.5104E+00
  8.6114E+00  2.5043E+01  2.2037E-01  4.3840E+00  1.5109E+00  1.1470E+01 -1.5104E+00
  8.6221E+00  2.5079E+01  2.1965E-01  4.3679E+00  1.5109E+00  1.1473E+01 -1.5104E+00
  8.6328E+00  2.5115E+01  2.1893E-01  4.3517E+00  1.5109E+00  1.1476E+01 -1.5104E+00
  8.6435E+00  2.5150E+01  2.1821E-01  4.3355E+00  1.5109E+00  1.1479E+01 -1.5104E+00
  8.6543E+00  2.5186E+01  2.1749E-01  4.3191E+00  1.5109E+00  1.1482E+01 -1.5104E+00
  8.6650E+00  2.5222E+01  2.1677E-01  4.3030E+00  1.5109E+00  1.1485E+01 -1.5104E+00
  8.6757E+00  2.5258E+01  2.1605E-01  4.2868E+00  1.5109E+00  1.1487E+01 -1.5104E+00
  8.6864E+00  2.5293E+01  2.1533E-01  4.2706E+00  1.5109E+00  1.1490E+01 -1.5103E+00
  8.6972E+00  2.5330E+01  2.1461E-01  4.2543E+00  1.5108E+00  1.1493E+01 -1.5103E+00
  8.7079E+00  2.5365E+01  2.1389E-01  4.2381E+00  1.5108E+00  1.1496E+01 -1.5103E+00
  8.7186E+00  2.5401E+01  2.1317E-01  4.2219E+00  1.5108E+00  1.1499E+01 -1.5103E+00
  8.7293E+00  2.5437E+01  2.1245E-01  4.2057E+00  1.5108E+00  1.1502E+01 -1.5103E+00
  8.7401E+00  2.5473E+01  2.1173E-01  4.1894E+00  1.5108E+00  1.1505E+01 -1.5103E+00
  8.7508E+00  2.5508E+01  2.1101E-01  4.1732E+00  1.5108E+00  1.1508E+01 -1.5103E+00
  8.7615E+00  2.5544E+01  2.1029E-01  4.1570E+00  1.5108E+00  1.1511E+01 -1.5103E+00
  8.7722E+00  2.5580E+01  2.0958E-01  4.1408E+00  1.5108E+00  1.1514E+01 -1.5103E+00
  8.7830E+00  2.5616E+01  2.0885E-01  4.1245E+00  1.5108E+00  1.1517E+01 -1.5103E+00
  8.7937E+00  2.5652E+01  2.0813E-01  4.1083E+00  1.5108E+00  1.1520E+01 -1.5103E+00
  8.8045E+00  2.5687E+01  2.0741E-01  4.0921E+00  1.5108E+00  1.1523E+01 -1.5103E+00
  8.8152E+00  2.5723E+01  2.0670E-01  4.0759E+00  1.5108E+00  1.1526E+01 -1.5103E+00
  8.8260E+00  2.5759E+01  2.0597E-01  4.0596E+00  1.5108E+00  1.1529E+01 -1.5103E+00
  8.8367E+00  2.5795E+01  2.0525E-01  4.0434E+00  1.5108E+00  1.1532E+01 -1.5103E+00
  8.8474E+00  2.5830E+01  2.0454E-01  4.0272E+00  1.5108E+00  1.1535E+01 -1.5102E+00
  8.8581E+00  2.5866E+01  2.0382E-01  4.0110E+00  1.5108E+00  1.1538E+01 -1.5102E+00
  8.8689E+00  2.5902E+01  2.0309E-01  3.9947E+00  1.5108E+00  1.1541E+01 -1.5102E+00
  8.8796E+00  2.5938E+01  2.0237E-01  3.9785E+00  1.5108E+00  1.1544E+01 -1.5102E+00
  8.8903E+00  2.5973E+01  2.0166E-01  3.9623E+00  1.5108E+00  1.1547E+01 -1.5102E+00
  8.9010E+00  2.6009E+01  2.0094E-01  3.9461E+00  1.5108E+00  1.1550E+01 -1.5102E+00
  8.9118E+00  2.6045E+01  2.0021E-01  3.9298E+00  1.5108E+00  1.1553E+01 -1.5102E+00
  8.9225E+00  2.6081E+01  1.9950E-01  3.9136E+00  1.5108E+00  1.1556E+01 -1.5102E+00
  8.9332E+00  2.6117E+01  1.9878E-01  3.8974E+00  1.5108E+00  1.1559E+01 -1.5102E+00
  8.9439E+00  2.6152E+01  1.9806E-01  3.8813E+00  1.5108E+00  1.1562E+01 -1.5102E+00
  8.9547E+00  2.6188E+01  1.9734E-01  3.8649E+00  1.5108E+00  1.1566E+01 -1.5102E+00
  8.9654E+00  2.6224E+01  1.9662E-01  3.8487E+00  1.5108E+00  1.1569E+01 -1.5102E+00
  8.9761E+00  2.6260E+01  1.9590E-01  3.8326E+00  1.5108E+00  1.1572E+01 -1.5102E+00
  8.9868E+00  2.6295E+01  1.9518E-01  3.8164E+00  1.5108E+00  1.1575E+01 -1.5101E+00
  8.9976E+00  2.6331E+01  1.9446E-01  3.8000E+00  1.5108E+00  1.1578E+01 -1.5101E+00
  9.0083E+00  2.6367E+01  1.9374E-01  3.7839E+00  1.5108E+00  1.1581E+01 -1.5101E+00
  9.0190E+00  2.6403E+01  1.9302E-01  3.7677E+00  1.5108E+00  1.1584E+01 -1.5101E+00
  9.0297E+00  2.6439E+01  1.9230E-01  3.7515E+00  1.5108E+00  1.1587E+01 -1.5101E+00
  9.0405E+00  2.6475E+01  1.9158E-01  3.7352E+00  1.5108E+00  1.1590E+01 -1.5101E+00
  9.0512E+00  2.6510E+01  1.9086E-01  3.7190E+00  1.5108E+00  1.1593E+01 -1.5101E+00
  9.0619E+00  2.6546E+01  1.9014E-01  3.7028E+00  1.5108E+00  1.1597E+01 -1.5101E+00
  9.0726E+00  2.6582E+01  1.8942E-01  3.6866E+00  1.5108E+00  1.1600E+01 -1.5101E+00
  9.0834E+00  2.6618E+01  1.8870E-01  3.6703E+00  1.5108E+00  1.1603E+01 -1.5101E+00
  9.0941E+00  2.6653E+01  1.8798E-01  3.6541E+00  1.5108E+00  1.1606E+01 -1.5101E+00
  9.1048E+00  2.6689E+01  1.8726E-01  3.6379E+00  1.5108E+00  1.1609E+01 -1.5100E+00
  9.1155E+00  2.6725E+01  1.8654E-01  3.6217E+00  1.5108E+00  1.1612E+01 -1.5100E+00
  9.1263E+00  2.6761E+01  1.8582E-01  3.6054E+00  1.5108E+00  1.1615E+01 -1.5100E+00
  9.1370E+00  2.6797E+01  1.8510E-01  3.5892E+00  1.5107E+00  1.1619E+01 -1.5100E+00
  9.1477E+00  2.6832E+01  1.8438E-01  3.5730E+00  1.5107E+00  1.1622E+01 -1.5100E+00
  9.1584E+00  2.6868E+01  1.8367E-01  3.5569E+00  1.5107E+00  1.1625E+01 -1.5100E+00
  9.1692E+00  2.6904E+01  1.8294E-01  3.5405E+00  1.5107E+00  1.1628E+01 -1.5100E+00
  9.1799E+00  2.6940E+01  1.8222E-01  3.5244E+00  1.5107E+00  1.1631E+01 -1.5100E+00
  9.1906E+00  2.6975E+01  1.8150E-01  3.5082E+00  1.5107E+00  1.1635E+01 -1.5100E+00
  9.2013E+00  2.7011E+01  1.8079E-01  3.4920E+00  1.5107E+00  1.1638E+01 -1.5100E+00
  9.2121E+00  2.7047E+01  1.8006E-01  3.4757E+00  1.5107E+00  1.1641E+01 -1.5100E+00
  9.2228E+00  2.7083E+01  1.7934E-01  3.4595E+00  1.5107E+00  1.1644E+01 -1.5099E+00
  9.2335E+00  2.7119E+01  1.7863E-01  3.4433E+00  1.5107E+00  1.1647E+01 -1.5099E+00
  9.2442E+00  2.7154E+01  1.7791E-01  3.4271E+00  1.5107E+00  1.1651E+01 -1.5099E+00
  9.2550E+00  2.7190E+01  1.7718E-01  3.4108E+00  1.5107E+00  1.1654E+01 -1.5099E+00
  9.2657E+00  2.7226E+01  1.7646E-01  3.3946E+00  1.5107E+00  1.1657E+01 -1.5099E+00
  9.2764E+00  2.7262E+01  1.7575E-01  3.3784E+00  1.5107E+00  1.1660E+01 -1.5099E+00
  9.2871E+00  2.7297E+01  1.7503E-01  3.3622E+00  1.5107E+00  1.1664E+01 -1.5099E+00
  9.2979E+00  2.7333E+01  1.7430E-01  3.3459E+00  1.5107E+00  1.1667E+01 -1.5099E+00
  9.3086E+00  2.7369E+01  1.7359E-01  3.3297E+00  1.5107E+00  1.1670E+01 -1.5099E+00
  9.3193E+00  2.7405E+01  1.7287E-01  3.3136E+00  1.5107E+00  1.1673E+01 -1.5098E+00
  9.3300E+00  2.7441E+01  1.7215E-01  3.2974E+00  1.5107E+00  1.1677E+01 -1.5098E+00
  9.3408E+00  2.7477E+01  1.7143E-01  3.2810E+00  1.5107E+00  1.1680E+01 -1.5098E+00
  9.3515E+00  2.7512E+01  1.7071E-01  3.2649E+00  1.5107E+00  1.1683E+01 -1.5098E+00
  9.3622E+00  2.7548E+01  1.6999E-01  3.2487E+00  1.5107E+00  1.1687E+01 -1.5098E+00
  9.3729E+00  2.7584E+01  1.6927E-01  3.2325E+00  1.5107E+00  1.1690E+01 -1.5098E+00
  9.3837E+00  2.7620E+01  1.6855E-01  3.2162E+00  1.5107E+00  1.1693E+01 -1.5098E+00
  9.3944E+00  2.7655E+01  1.6783E-01  3.2000E+00  1.5107E+00  1.1697E+01 -1.5098E+00
  9.4051E+00  2.7691E+01  1.6711E-01  3.1838E+00  1.5107E+00  1.1700E+01 -1.5097E+00
  9.4158E+00  2.7727E+01  1.6639E-01  3.1676E+00  1.5107E+00  1.1703E+01 -1.5097E+00
  9.4266E+00  2.7763E+01  1.6567E-01  3.1513E+00  1.5107E+00  1.1707E+01 -1.5097E+00
  9.4373E+00  2.7799E+01  1.6495E-01  3.1351E+00  1.5107E+00  1.1710E+01 -1.5097E+00
  9.4480E+00  2.7834E+01  1.6423E-01  3.1190E+00  1.5107E+00  1.1713E+01 -1.5097E+00
  9.4587E+00  2.7870E+01  1.6351E-01  3.1028E+00  1.5107E+00  1.1717E+01 -1.5097E+00
  9.4695E+00  2.7906E+01  1.6279E-01  3.0865E+00  1.5107E+00  1.1720E+01 -1.5097E+00
  9.4802E+00  2.7942E+01  1.6207E-01  3.0703E+00  1.5107E+00  1.1723E+01 -1.5096E+00
  9.4910E+00  2.7977E+01  1.6135E-01  3.0541E+00  1.5107E+00  1.1727E+01 -1.5096E+00
  9.5017E+00  2.8013E+01  1.6063E-01  3.0379E+00  1.5107E+00  1.1730E+01 -1.5096E+00
  9.5125E+00  2.8049E+01  1.5991E-01  3.0216E+00  1.5107E+00  1.1733E+01 -1.5096E+00
  9.5232E+00  2.8085E+01  1.5919E-01  3.0054E+00  1.5107E+00  1.1737E+01 -1.5096E+00
  9.5339E+00  2.8120E+01  1.5847E-01  2.9892E+00  1.5106E+00  1.1740E+01 -1.5096E+00
  9.5446E+00  2.8156E+01  1.5776E-01  2.9731E+00  1.5106E+00  1.1743E+01 -1.5096E+00
  9.5554E+00  2.8192E+01  1.5703E-01  2.9567E+00  1.5106E+00  1.1747E+01 -1.5095E+00
  9.5661E+00  2.8228E+01  1.5631E-01  2.9406E+00  1.5106E+00  1.1750E+01 -1.5095E+00
  9.5768E+00  2.8264E+01  1.5559E-01  2.9244E+00  1.5106E+00  1.1754E+01 -1.5095E+00
  9.5875E+00  2.8299E+01  1.5488E-01  2.9082E+00  1.5106E+00  1.1757E+01 -1.5095E+00
  9.5983E+00  2.8335E+01  1.5415E-01  2.8919E+00  1.5106E+00  1.1761E+01 -1.5095E+00
  9.6090E+00  2.8371E+01  1.5343E-01  2.8757E+00  1.5106E+00  1.1764E+01 -1.5095E+00
  9.6197E+00  2.8407E+01  1.5272E-01  2.8595E+00  1.5106E+00  1.1767E+01 -1.5094E+00
  9.6304E+00  2.8442E+01  1.5200E-01  2.8434E+00  1.5106E+00  1.1771E+01 -1.5094E+00
  9.6410E+00  2.8478E+01  1.5128E-01  2.8273E+00  1.5106E+00  1.1774E+01 -1.5094E+00
  9.6412E+00  2.8479E+01  1.5127E-01  2.8270E+00  1.5106E+00  1.1774E+01 -1.5094E+00
  9.6519E+00  2.8514E+01  1.5055E-01  2.8109E+00  1.5106E+00  1.1778E+01 -1.5094E+00
  9.6626E+00  2.8550E+01  1.4984E-01  2.7947E+00  1.5106E+00  1.1781E+01 -1.5094E+00
  9.6733E+00  2.8586E+01  1.4912E-01  2.7785E+00  1.5106E+00  1.1785E+01 -1.5094E+00
  9.6841E+00  2.8622E+01  1.4839E-01  2.7622E+00  1.5106E+00  1.1788E+01 -1.5093E+00
  9.6948E+00  2.8657E+01  1.4768E-01  2.7460E+00  1.5106E+00  1.1792E+01 -1.5093E+00
  9.7055E+00  2.8693E+01  1.4696E-01  2.7298E+00  1.5106E+00  1.1795E+01 -1.5093E+00
  9.7162E+00  2.8729E+01  1.4624E-01  2.7137E+00  1.5106E+00  1.1799E+01 -1.5093E+00
  9.7270E+00  2.8765E+01  1.4552E-01  2.6973E+00  1.5106E+00  1.1802E+01 -1.5093E+00
  9.7377E+00  2.8800E+01  1.4480E-01  2.6812E+00  1.5106E+00  1.1805E+01 -1.5092E+00
  9.7484E+00  2.8836E+01  1.4408E-01  2.6650E+00  1.5106E+00  1.1809E+01 -1.5092E+00
  9.7591E+00  2.8872E+01  1.4336E-01  2.6488E+00  1.5106E+00  1.1812E+01 -1.5092E+00
  9.7699E+00  2.8908E+01  1.4264E-01  2.6325E+00  1.5106E+00  1.1816E+01 -1.5092E+00
  9.7806E+00  2.8944E+01  1.4192E-01  2.6163E+00  1.5106E+00  1.1820E+01 -1.5092E+00
  9.7913E+00  2.8979E+01  1.4120E-01  2.6002E+00  1.5106E+00  1.1823E+01 -1.5091E+00
  9.8020E+00  2.9015E+01  1.4048E-01  2.5840E+00  1.5106E+00  1.1827E+01 -1.5091E+00
  9.8128E+00  2.9051E+01  1.3976E-01  2.5677E+00  1.5106E+00  1.1830E+01 -1.5091E+00
  9.8235E+00  2.9087E+01  1.3904E-01  2.5515E+00  1.5106E+00  1.1834E+01 -1.5091E+00
  9.8342E+00  2.9122E+01  1.3832E-01  2.5353E+00  1.5106E+00  1.1837E+01 -1.5090E+00
  9.8449E+00  2.9158E+01  1.3760E-01  2.5192E+00  1.5106E+00  1.1841E+01 -1.5090E+00
  9.8557E+00  2.9194E+01  1.3688E-01  2.5028E+00  1.5106E+00  1.1844E+01 -1.5090E+00
  9.8664E+00  2.9230E+01  1.3616E-01  2.4867E+00  1.5106E+00  1.1848E+01 -1.5090E+00
  9.8771E+00  2.9266E+01  1.3544E-01  2.4705E+00  1.5106E+00  1.1851E+01 -1.5089E+00
  9.8878E+00  2.9301E+01  1.3472E-01  2.4543E+00  1.5105E+00  1.1855E+01 -1.5089E+00
  9.8986E+00  2.9337E+01  1.3400E-01  2.4380E+00  1.5105E+00  1.1859E+01 -1.5089E+00
  9.9093E+00  2.9373E+01  1.3328E-01  2.4218E+00  1.5105E+00  1.1862E+01 -1.5089E+00
  9.9200E+00  2.9409E+01  1.3256E-01  2.4057E+00  1.5105E+00  1.1866E+01 -1.5088E+00
  9.9307E+00  2.9444E+01  1.3185E-01  2.3895E+00  1.5105E+00  1.1869E+01 -1.5088E+00
  9.9415E+00  2.9480E+01  1.3112E-01  2.3732E+00  1.5105E+00  1.1873E+01 -1.5088E+00
  9.9522E+00  2.9516E+01  1.3040E-01  2.3570E+00  1.5105E+00  1.1876E+01 -1.5088E+00
  9.9629E+00  2.9552E+01  1.2968E-01  2.3409E+00  1.5105E+00  1.1880E+01 -1.5087E+00
  9.9736E+00  2.9588E+01  1.2897E-01  2.3247E+00  1.5105E+00  1.1884E+01 -1.5087E+00
  9.9844E+00  2.9624E+01  1.2824E-01  2.3084E+00  1.5105E+00  1.1887E+01 -1.5087E+00
  9.9951E+00  2.9659E+01  1.2752E-01  2.2922E+00  1.5105E+00  1.1891E+01 -1.5086E+00
  1.0006E+01  2.9695E+01  1.2681E-01  2.2760E+00  1.5105E+00  1.1895E+01 -1.5086E+00
  1.0017E+01  2.9731E+01  1.2609E-01  2.2599E+00  1.5105E+00  1.1898E+01 -1.5086E+00
  1.0027E+01  2.9767E+01  1.2536E-01  2.2436E+00  1.5105E+00  1.1902E+01 -1.5085E+00
  1.0038E+01  2.9802E+01  1.2465E-01  2.2274E+00  1.5105E+00  1.1905E+01 -1.5085E+00
  1.0049E+01  2.9838E+01  1.2393E-01  2.2112E+00  1.5105E+00  1.1909E+01 -1.5085E+00
  1.0059E+01  2.9874E+01  1.2321E-01  2.1951E+00  1.5105E+00  1.1913E+01 -1.5084E+00
  1.0070E+01  2.9910E+01  1.2248E-01  2.1787E+00  1.5105E+00  1.1916E+01 -1.5084E+00
  1.0081E+01  2.9946E+01  1.2177E-01  2.1626E+00  1.5105E+00  1.1920E+01 -1.5084E+00
  1.0092E+01  2.9981E+01  1.2105E-01  2.1464E+00  1.5105E+00  1.1924E+01 -1.5083E+00
  1.0102E+01  3.0017E+01  1.2033E-01  2.1303E+00  1.5105E+00  1.1927E+01 -1.5083E+00
  1.0113E+01  3.0053E+01  1.1961E-01  2.1139E+00  1.5105E+00  1.1931E+01 -1.5083E+00
  1.0124E+01  3.0089E+01  1.1889E-01  2.0978E+00  1.5105E+00  1.1935E+01 -1.5082E+00
  1.0135E+01  3.0124E+01  1.1817E-01  2.0816E+00  1.5105E+00  1.1939E+01 -1.5082E+00
  1.0145E+01  3.0160E+01  1.1745E-01  2.0655E+00  1.5105E+00  1.1942E+01 -1.5081E+00
  1.0156E+01  3.0196E+01  1.1673E-01  2.0492E+00  1.5105E+00  1.1946E+01 -1.5081E+00
  1.0167E+01  3.0232E+01  1.1601E-01  2.0330E+00  1.5105E+00  1.1950E+01 -1.5081E+00
  1.0177E+01  3.0268E+01  1.1529E-01  2.0168E+00  1.5105E+00  1.1953E+01 -1.5080E+00
  1.0188E+01  3.0303E+01  1.1457E-01  2.0007E+00  1.5104E+00  1.1957E+01 -1.5080E+00
  1.0199E+01  3.0339E+01  1.1385E-01  1.9844E+00  1.5104E+00  1.1961E+01 -1.5079E+00
  1.0210E+01  3.0375E+01  1.1313E-01  1.9682E+00  1.5104E+00  1.1965E+01 -1.5079E+00
  1.0220E+01  3.0411E+01  1.1241E-01  1.9521E+00  1.5110E+00  1.1976E+01 -1.5084E+00
  1.0231E+01  3.0446E+01  1.1169E-01  1.9359E+00  1.5189E+00  1.2059E+01 -1.5162E+00
  1.0242E+01  3.0482E+01  1.1094E-01  1.9193E+00  1.5643E+00  1.2306E+01 -1.5615E+00
  1.0253E+01  3.0518E+01  1.1014E-01  1.9021E+00  1.6417E+00  1.2387E+01 -1.6390E+00
  1.0263E+01  3.0554E+01  1.0929E-01  1.8841E+00  1.7238E+00  1.2400E+01 -1.7212E+00
  1.0274E+01  3.0589E+01  1.0839E-01  1.8652E+00  1.8055E+00  1.2405E+01 -1.8030E+00
  1.0285E+01  3.0626E+01  1.0743E-01  1.8453E+00  1.8872E+00  1.2412E+01 -1.8847E+00
  1.0295E+01  3.0661E+01  1.0642E-01  1.8247E+00  1.9666E+00  1.2411E+01 -1.9641E+00
  1.0306E+01  3.0697E+01  1.0537E-01  1.8032E+00  2.0382E+00  1.2339E+01 -2.0358E+00
  1.0317E+01  3.0733E+01  1.0429E-01  1.7812E+00  2.0743E+00  1.2136E+01 -2.0720E+00
  1.0328E+01  3.0769E+01  1.0320E-01  1.7587E+00  2.0797E+00  1.2083E+01 -2.0774E+00
  1.0338E+01  3.0804E+01  1.0211E-01  1.7365E+00  2.0801E+00  1.2085E+01 -2.0777E+00
  1.0349E+01  3.0840E+01  1.0103E-01  1.7142E+00  2.0801E+00  1.2092E+01 -2.0776E+00
  1.0360E+01  3.0876E+01  9.9948E-02  1.6920E+00  2.0801E+00  1.2099E+01 -2.0775E+00
  1.0371E+01  3.0912E+01  9.8855E-02  1.6695E+00  2.0801E+00  1.2107E+01 -2.0774E+00
  1.0381E+01  3.0948E+01  9.7772E-02  1.6472E+00  2.0801E+00  1.2114E+01 -2.0774E+00
  1.0392E+01  3.0983E+01  9.6689E-02  1.6250E+00  2.0801E+00  1.2121E+01 -2.0773E+00
  1.0403E+01  3.1019E+01  9.5607E-02  1.6027E+00  2.0801E+00  1.2129E+01 -2.0772E+00
  1.0413E+01  3.1055E+01  9.4514E-02  1.5803E+00  2.0801E+00  1.2136E+01 -2.0771E+00
  1.0424E+01  3.1091E+01  9.3431E-02  1.5580E+00  2.0801E+00  1.2144E+01 -2.0770E+00
  1.0435E+01  3.1126E+01  9.2348E-02  1.5357E+00  2.0801E+00  1.2151E+01 -2.0769E+00
  1.0446E+01  3.1162E+01  9.1265E-02  1.5135E+00  2.0801E+00  1.2159E+01 -2.0768E+00
  1.0456E+01  3.1198E+01  9.0172E-02  1.4910E+00  2.0801E+00  1.2166E+01 -2.0767E+00
  1.0467E+01  3.1234E+01  8.9089E-02  1.4688E+00  2.0801E+00  1.2174E+01 -2.0766E+00
  1.0478E+01  3.1269E+01  8.8006E-02  1.4465E+00  2.0800E+00  1.2181E+01 -2.0765E+00
  1.0488E+01  3.1305E+01  8.6924E-02  1.4243E+00  2.0800E+00  1.2189E+01 -2.0763E+00
  1.0499E+01  3.1341E+01  8.5831E-02  1.4018E+00  2.0800E+00  1.2197E+01 -2.0762E+00
  1.0510E+01  3.1377E+01  8.4748E-02  1.3796E+00  2.0800E+00  1.2204E+01 -2.0761E+00
  1.0521E+01  3.1413E+01  8.3665E-02  1.3574E+00  2.0800E+00  1.2212E+01 -2.0759E+00
  1.0531E+01  3.1448E+01  8.2582E-02  1.3351E+00  2.0800E+00  1.2219E+01 -2.0758E+00
  1.0542E+01  3.1484E+01  8.1489E-02  1.3127E+00  2.0800E+00  1.2227E+01 -2.0756E+00
  1.0553E+01  3.1520E+01  8.0406E-02  1.2904E+00  2.0800E+00  1.2235E+01 -2.0755E+00
  1.0564E+01  3.1556E+01  7.9324E-02  1.2682E+00  2.0800E+00  1.2243E+01 -2.0753E+00
  1.0574E+01  3.1591E+01  7.8241E-02  1.2460E+00  2.0800E+00  1.2250E+01 -2.0751E+00
  1.0585E+01  3.1627E+01  7.7148E-02  1.2235E+00  2.0800E+00  1.2258E+01 -2.0749E+00
  1.0596E+01  3.1663E+01  7.6065E-02  1.2013E+00  2.0800E+00  1.2266E+01 -2.0747E+00
  1.0607E+01  3.1699E+01  7.4982E-02  1.1791E+00  2.0800E+00  1.2274E+01 -2.0745E+00
  1.0617E+01  3.1735E+01  7.3899E-02  1.1568E+00  2.0800E+00  1.2281E+01 -2.0743E+00
  1.0628E+01  3.1771E+01  7.2806E-02  1.1344E+00  2.0800E+00  1.2289E+01 -2.0740E+00
  1.0639E+01  3.1806E+01  7.1724E-02  1.1122E+00  2.0800E+00  1.2297E+01 -2.0738E+00
  1.0649E+01  3.1842E+01  7.0641E-02  1.0900E+00  2.0800E+00  1.2305E+01 -2.0735E+00
  1.0660E+01  3.1878E+01  6.9558E-02  1.0678E+00  2.0800E+00  1.2313E+01 -2.0732E+00
  1.0671E+01  3.1914E+01  6.8465E-02  1.0453E+00  2.0800E+00  1.2321E+01 -2.0729E+00
  1.0682E+01  3.1949E+01  6.7382E-02  1.0231E+00  2.0800E+00  1.2329E+01 -2.0726E+00
  1.0692E+01  3.1985E+01  6.6299E-02  1.0009E+00  2.0800E+00  1.2336E+01 -2.0723E+00
  1.0703E+01  3.2021E+01  6.5217E-02  9.7873E-01  2.0800E+00  1.2344E+01 -2.0719E+00
  1.0714E+01  3.2057E+01  6.4124E-02  9.5632E-01  2.0799E+00  1.2352E+01 -2.0715E+00
  1.0725E+01  3.2093E+01  6.3041E-02  9.3413E-01  2.0799E+00  1.2360E+01 -2.0711E+00
  1.0746E+01  3.2164E+01  6.0868E-02  8.8961E-01  2.0799E+00  1.2376E+01 -2.0701E+00
