-0.75	0.
-0.7496	1.8563425e-6
-0.7492	3.7214161e-6
-0.7488	5.5967175e-6
-0.7484	7.4813735e-6
-0.748	9.3756337e-6
-0.7476	0.000011279498
-0.7472	0.000013192966
-0.7468	0.000015116164
-0.7464	0.000017048716
-0.746	0.000018991496
-0.7456	0.000020944129
-0.7452	0.000022906491
-0.7448	0.000024879081
-0.7444	0.000026861525
-0.744	0.000028854196
-0.7436	0.000030856846
-0.7432	0.000032870098
-0.7428	0.000034893577
-0.7424	0.000036927409
-0.742	0.000038972092
-0.7416	0.000041027128
-0.7412	0.00004309314
-0.7408	0.000045169755
-0.7404	0.00004725722
-0.74	0.000049355786
-0.7396	0.000051465079
-0.7392	0.000053585598
-0.7388	0.000055716719
-0.7384	0.000057858816
-0.738	0.00006001139
-0.7376	0.000062175189
-0.7372	0.000064349716
-0.7368	0.000066535093
-0.7364	0.000068731447
-0.736	0.000070939027
-0.7356	0.000073157458
-0.7352	0.000075387115
-0.7348	0.000077628496
-0.7344	0.000079880978
-0.734	0.00008214506
-0.7336	0.000084420866
-0.7332	0.000086708521
-0.7328	0.000089008151
-0.7324	0.000091320378
-0.732	0.00009364458
-0.7316	0.000095981753
-0.7312	0.0000983309
-0.7308	0.00010069377
-0.7304	0.00010306923
-0.73	0.00010545754
-0.7296	0.00010785833
-0.7292	0.00011027171
-0.7288	0.00011269757
-0.7284	0.00011513515
-0.728	0.00011758532
-0.7276	0.0001200476
-0.7272	0.0001225221
-0.7268	0.00012500982
-0.7264	0.00012751002
-0.726	0.00013002393
-0.7256	0.00013255106
-0.7252	0.00013509267
-0.7248	0.00013764787
-0.7244	0.00014021691
-0.724	0.00014279868
-0.7236	0.00014539429
-0.7232	0.00014800275
-0.7228	0.00015062468
-0.7224	0.00015326008
-0.722	0.00015590907
-0.7216	0.00015857229
-0.7212	0.00016125085
-0.7208	0.000163943
-0.7204	0.00016665012
-0.72	0.00016937058
-0.7196	0.00017210602
-0.7192	0.00017485542
-0.7188	0.00017761879
-0.7184	0.00018039701
-0.718	0.00018318969
-0.7176	0.00018599759
-0.7172	0.00018882071
-0.7168	0.00019165904
-0.7164	0.00019451272
-0.716	0.00019738111
-0.7156	0.00020026397
-0.7152000000000001	0.00020316218
-0.7148	0.0002060756
-0.7144	0.00020900536
-0.714	0.00021195021
-0.7136	0.00021491128
-0.7132000000000001	0.00021788807
-0.7128	0.00022088019
-0.7124	0.00022388841
-0.712	0.00022691209
-0.7116	0.00022995248
-0.7112	0.00023300859
-0.7108	0.00023608167
-0.7104	0.00023917058
-0.71	0.00024227746
-0.7096	0.00024540093
-0.7092	0.00024854073
-0.7088	0.00025169725
-0.7084	0.0002548706
-0.708	0.0002580613
-0.7076	0.00026126883
-0.7072	0.00026449457
-0.7068	0.00026773753
-0.7064	0.0002709977
-0.706	0.0002742752
-0.7056	0.00027757042
-0.7052	0.00028088322
-0.7048	0.00028421386
-0.7044	0.00028756259
-0.704	0.0002909294
-0.7036	0.0002943143
-0.7032	0.00029771778
-0.7028	0.0003011396
-0.7024	0.00030458037
-0.702	0.00030803998
-0.7016	0.00031151868
-0.7012	0.00031501645
-0.7008	0.00031853306
-0.7004	0.00032206888
-0.7	0.00032562379
-0.6996	0.00032919827
-0.6992	0.00033279196
-0.6988	0.00033640549
-0.6984	0.00034003847
-0.698	0.00034369091
-0.6976	0.00034736331
-0.6972	0.00035105567
-0.6968	0.00035476798
-0.6964	0.00035850049
-0.696	0.00036225384
-0.6956	0.00036602727
-0.6952	0.00036982115
-0.6948	0.00037363599
-0.6944	0.00037747178
-0.694	0.00038132841
-0.6936	0.00038520636
-0.6932	0.00038910576
-0.6928	0.00039302724
-0.6924	0.00039697005
-0.692	0.00040093531
-0.6916	0.00040492253
-0.6912	0.00040893157
-0.6908	0.00041296244
-0.6904	0.00041701601
-0.69	0.00042109203
-0.6896	0.00042519025
-0.6892	0.00042931167
-0.6888	0.00043345567
-0.6884	0.00043762212
-0.688	0.00044181164
-0.6876	0.00044602462
-0.6872	0.00045026104
-0.6868	0.00045452091
-0.6864	0.00045880548
-0.6859999999999999	0.000463114
-0.6856	0.00046744671
-0.6852	0.00047180374
-0.6848	0.00047618523
-0.6844	0.00048059066
-0.6839999999999999	0.00048502041
-0.6836	0.00048947561
-0.6832	0.00049395525
-0.6828	0.00049845997
-0.6824	0.00050299025
-0.6819999999999999	0.00050754573
-0.6816	0.00051212665
-0.6812	0.00051673327
-0.6808	0.00052136633
-0.6804	0.00052602521
-0.6799999999999999	0.00053071041
-0.6796	0.00053542143
-0.6792	0.00054015938
-0.6788	0.00054492428
-0.6784	0.00054971662
-0.678	0.0005545359
-0.6776	0.00055938275
-0.6772	0.00056425704
-0.6768	0.00056915826
-0.6764	0.00057408781
-0.676	0.00057904516
-0.6756	0.00058403071
-0.6752	0.00058904457
-0.6748	0.00059408686
-0.6744	0.00059915847
-0.674	0.00060425889
-0.6736	0.0006093885
-0.6732	0.00061454667
-0.6728	0.0006197344
-0.6724	0.00062495232
-0.672	0.00063019979
-0.6716	0.0006354772
-0.6712	0.00064078567
-0.6708	0.00064612445
-0.6704	0.00065149404
-0.67	0.00065689493
-0.6696	0.00066232688
-0.6692	0.00066778976
-0.6688000000000001	0.0006732842
-0.6684	0.0006788107
-0.668	0.00068436912
-0.6676	0.0006899596
-0.6672	0.00069558251
-0.6668000000000001	0.00070123785
-0.6664	0.00070692612
-0.666	0.00071264707
-0.6656	0.00071840169
-0.6652	0.00072418925
-0.6648000000000001	0.00073000985
-0.6644	0.00073586476
-0.664	0.00074175409
-0.6636	0.00074767723
-0.6632	0.00075363478
-0.6628000000000001	0.00075962727
-0.6624	0.00076565467
-0.662	0.000771717
-0.6616	0.00077781588
-0.6612	0.00078394993
-0.6608	0.00079011965
-0.6604	0.0007963258
-0.66	0.00080256936
-0.6596	0.00080884922
-0.6592	0.00081516612
-0.6588	0.00082152007
-0.6584	0.00082791144
-0.658	0.00083434109
-0.6576	0.00084080854
-0.6572	0.00084731416
-0.6568	0.00085385795
-0.6564	0.00086044027
-0.656	0.00086706089
-0.6556	0.00087372267
-0.6552	0.00088042187
-0.6548	0.00088716098
-0.6544	0.00089394125
-0.654	0.00090076268
-0.6536	0.00090762403
-0.6532	0.00091452654
-0.6528	0.0009214702
-0.6524	0.00092845628
-0.652	0.00093548351
-0.6516	0.00094255315
-0.6512	0.00094966396
-0.6508	0.00095681842
-0.6504	0.00096401404
-0.65	0.00097125456
-0.6496	0.00097853749
-0.6492	0.00098586532
-0.6488	0.00099323681
-0.6484	0.0010006532
-0.648	0.0010081145
-0.6476	0.0010156219
-0.6472	0.001023173
-0.6468	0.0010307703
-0.6464	0.0010384137
-0.646	0.0010461045
-0.6456	0.0010538402
-0.6452	0.0010616233
-0.6448	0.001069455
-0.6444	0.0010773329
-0.644	0.0010852594
-0.6436	0.0010932346
-0.6432	0.0011012584
-0.6428	0.0011093321
-0.6424	0.0011174545
-0.642	0.0011256267
-0.6416	0.0011338489
-0.6412	0.0011421209
-0.6408	0.0011504453
-0.6404	0.0011588209
-0.64	0.0011672463
-0.6396	0.0011757241
-0.6392	0.0011842556
-0.6388	0.0011928395
-0.6384	0.0012014757
-0.638	0.0012101656
-0.6376	0.0012189091
-0.6372	0.0012277062
-0.6368	0.0012365595
-0.6364	0.0012454676
-0.636	0.0012544294
-0.6355999999999999	0.0012634486
-0.6352	0.0012725239
-0.6348	0.0012816565
-0.6344	0.0012908441
-0.634	0.0013000902
-0.6335999999999999	0.001309395
-0.6332	0.0013187572
-0.6328	0.001328178
-0.6324	0.0013376586
-0.632	0.0013471979
-0.6315999999999999	0.0013567983
-0.6312	0.0013664586
-0.6308	0.00137618
-0.6304	0.0013859625
-0.63	0.0013958061
-0.6296	0.0014057133
-0.6292	0.0014156829
-0.6288	0.0014257149
-0.6284	0.0014358117
-0.628	0.0014459721
-0.6276	0.0014561961
-0.6272	0.0014664863
-0.6268	0.0014768425
-0.6264	0.0014872637
-0.626	0.0014977521
-0.6256	0.0015083067
-0.6252	0.0015189299
-0.6248	0.0015296204
-0.6244000000000001	0.0015403795
-0.624	0.0015512085
-0.6235999999999999	0.0015621061
-0.6232	0.0015730747
-0.6228	0.0015841133
-0.6224000000000001	0.0015952229
-0.622	0.0016064048
-0.6216	0.0016176591
-0.6212	0.0016289858
-0.6208	0.0016403873
-0.6204000000000001	0.0016518611
-0.62	0.0016634098
-0.6196	0.0016750358
-0.6192	0.0016867353
-0.6188	0.001698511
-0.6184000000000001	0.001710364
-0.618	0.0017222944
-0.6176	0.0017343033
-0.6172	0.0017463895
-0.6168	0.0017585556
-0.6164000000000001	0.0017708002
-0.616	0.001783126
-0.6156	0.001795534
-0.6152	0.0018080219
-0.6148	0.0018205933
-0.6144000000000001	0.0018332458
-0.614	0.0018459832
-0.6136	0.0018588041
-0.6132	0.001871711
-0.6128	0.0018847041
-0.6124	0.0018977819
-0.612	0.0019109483
-0.6116	0.001924202
-0.6112	0.001937543
-0.6108	0.0019509726
-0.6104	0.0019644932
-0.61	0.0019781037
-0.6096	0.0019918039
-0.6092	0.0020055964
-0.6088	0.0020194825
-0.6084	0.0020334609
-0.608	0.0020475329
-0.6076	0.0020616996
-0.6072	0.0020759636
-0.6068	0.0020903224
-0.6064	0.0021047797
-0.606	0.0021193344
-0.6056	0.0021339875
-0.6052	0.0021487393
-0.6048	0.0021635895
-0.6044	0.0021785433
-0.604	0.0021935968
-0.6036	0.0022087539
-0.6032	0.0022240145
-0.6028	0.0022393799
-0.6024	0.0022548513
-0.602	0.0022704262
-0.6016	0.0022861096
-0.6012	0.0023019003
-0.6008	0.0023177983
-0.6004	0.0023338085
-0.6	0.002349926
-0.5996	0.0023661557
-0.5992	0.0023824952
-0.5988	0.0023989507
-0.5984	0.0024155185
-0.598	0.0024322035
-0.5976	0.0024490033
-0.5972	0.002465919
-0.5968	0.0024829545
-0.5964	0.002500106
-0.596	0.0025173772
-0.5956	0.0025347694
-0.5952	0.0025522827
-0.5948	0.0025699206
-0.5944	0.0025876808
-0.594	0.0026055682
-0.5936	0.002623579
-0.5932	0.0026417184
-0.5928	0.0026599837
-0.5924	0.0026783775
-0.592	0.0026969035
-0.5916	0.002715558
-0.5912	0.0027343484
-0.5908	0.0027532686
-0.5904	0.0027723247
-0.59	0.0027915155
-0.5896	0.0028108435
-0.5892	0.00283031
-0.5888	0.0028499136
-0.5884	0.0028696595
-0.588	0.0028895463
-0.5876	0.0029095753
-0.5871999999999999	0.0029297465
-0.5868	0.0029500648
-0.5864	0.0029705316
-0.586	0.0029911418
-0.5856	0.0030119017
-0.5851999999999999	0.0030328138
-0.5848	0.0030538743
-0.5844	0.0030750895
-0.584	0.0030964568
-0.5836	0.0031179813
-0.5831999999999999	0.0031396605
-0.5828	0.0031614993
-0.5824	0.0031834977
-0.582	0.0032056559
-0.5816	0.0032279774
-0.5811999999999999	0.0032504585
-0.5808	0.0032731093
-0.5804	0.0032959235
-0.58	0.0033189061
-0.5796	0.0033420608
-0.5791999999999999	0.0033653839
-0.5788	0.0033888803
-0.5784	0.0034125489
-0.5780000000000001	0.0034363934
-0.5776	0.0034604137
-0.5771999999999999	0.0034846136
-0.5768	0.0035089957
-0.5764	0.0035335561
-0.5760000000000001	0.0035583036
-0.5756	0.0035832319
-0.5751999999999999	0.0036083474
-0.5748	0.0036336511
-0.5744	0.0036591458
-0.5740000000000001	0.0036848325
-0.5736	0.00371071
-0.5731999999999999	0.0037367871
-0.5728	0.0037630563
-0.5724	0.003789525
-0.5720000000000001	0.0038161921
-0.5716	0.0038430637
-0.5712	0.0038701412
-0.5708	0.0038974207
-0.5704	0.0039249097
-0.5700000000000001	0.0039526095
-0.5696	0.0039805189
-0.5692	0.0040086403
-0.5688	0.0040369775
-0.5684	0.0040655355
-0.5680000000000001	0.0040943067
-0.5676	0.0041233025
-0.5672	0.004152524
-0.5668	0.0041819676
-0.5664	0.0042116406
-0.5660000000000001	0.0042415369
-0.5656	0.0042716714
-0.5652	0.0043020355
-0.5648	0.0043326365
-0.5644	0.0043634783
-0.5640000000000001	0.0043945582
-0.5636	0.0044258815
-0.5632	0.0044574454
-0.5628	0.0044892625
-0.5624	0.0045213241
-0.562	0.0045536377
-0.5616	0.0045862094
-0.5612	0.0046190344
-0.5608	0.00465212
-0.5604	0.0046854601
-0.56	0.0047190721
-0.5596	0.0047529447
-0.5592	0.0047870868
-0.5588	0.0048215046
-0.5584	0.0048561892
-0.558	0.0048911583
-0.5576	0.0049264004
-0.5572	0.0049619245
-0.5568	0.0049977317
-0.5564	0.0050338271
-0.556	0.0050702168
-0.5556	0.0051068909
-0.5552	0.0051438705
-0.5548	0.0051811396
-0.5544	0.005218713
-0.554	0.0052565869
-0.5536	0.005294769
-0.5532	0.0053332654
-0.5528	0.0053720673
-0.5524	0.0054111948
-0.552	0.0054506329
-0.5516	0.0054903966
-0.5512	0.0055304807
-0.5508	0.0055708954
-0.5504	0.0056116469
-0.55	0.0056527252
-0.5496	0.0056941452
-0.5492	0.0057359095
-0.5488	0.0057780168
-0.5484	0.005820472
-0.548	0.0058632703
-0.5476	0.0059064353
-0.5472	0.0059499495
-0.5468	0.0059938317
-0.5464	0.0060380806
-0.546	0.0060826962
-0.5456	0.0061276872
-0.5452	0.0061730437
-0.5448	0.0062187943
-0.5444	0.0062649191
-0.544	0.0063114355
-0.5436	0.0063583486
-0.5432	0.0064056534
-0.5428	0.006453361
-0.5424	0.0065014615
-0.542	0.0065499836
-0.5416	0.0065989073
-0.5412	0.0066482501
-0.5408	0.0066980195
-0.5404	0.0067482043
-0.54	0.0067988305
-0.5396	0.0068498784
-0.5392	0.0069013678
-0.5388	0.006953295
-0.5384	0.0070056712
-0.538	0.0070585065
-0.5376	0.0071117857
-0.5372	0.007165539
-0.5367999999999999	0.0072197475
-0.5364	0.0072744287
-0.536	0.0073295801
-0.5356	0.0073852143
-0.5352	0.0074413411
-0.5347999999999999	0.0074979444
-0.5344	0.0075550578
-0.534	0.0076126602
-0.5336	0.0076707702
-0.5332	0.0077293879
-0.5327999999999999	0.0077885219
-0.5324	0.0078481873
-0.532	0.0079083653
-0.5316	0.0079690834
-0.5312	0.0080303429
-0.5307999999999999	0.0080921411
-0.5304	0.0081544845
-0.53	0.0082173853
-0.5296	0.0082808562
-0.5292	0.0083448796
-0.5287999999999999	0.0084094843
-0.5284	0.0084746739
-0.528	0.0085404423
-0.5276000000000001	0.0086068057
-0.5272	0.0086737527
-0.5267999999999999	0.0087413234
-0.5264	0.0088094891
-0.526	0.0088782809
-0.5256000000000001	0.0089477014
-0.5252	0.0090177467
-0.5247999999999999	0.0090884344
-0.5244	0.0091597458
-0.524	0.0092317319
-0.5236000000000001	0.0093043591
-0.5232	0.0093776599
-0.5227999999999999	0.0094516404
-0.5224	0.0095262933
-0.522	0.0096016384
-0.5216000000000001	0.009677667
-0.5212	0.009754404
-0.5208	0.0098318445
-0.5204	0.0099100085
-0.52	0.0099889084
-0.5196000000000001	0.010068523
-0.5192	0.010148906
-0.5188	0.010230017
-0.5184	0.010311893
-0.518	0.010394527
-0.5176000000000001	0.010477942
-0.5172	0.010562153
-0.5168	0.010647136
-0.5164	0.010732946
-0.516	0.010819545
-0.5156000000000001	0.010906969
-0.5152	0.010995214
-0.5148	0.011084303
-0.5144	0.011174251
-0.514	0.011265034
-0.5136000000000001	0.011356697
-0.5132	0.011449242
-0.5128	0.011542666
-0.5124	0.011636977
-0.512	0.011732199
-0.5116	0.011828354
-0.5112	0.011925409
-0.5108	0.012023418
-0.5104	0.012122378
-0.51	0.012222298
-0.5096	0.012323191
-0.5092	0.012425033
-0.5088	0.012527897
-0.5084	0.012631746
-0.508	0.012736618
-0.5076	0.012842538
-0.5072	0.012949481
-0.5068	0.013057471
-0.5064	0.01316651
-0.506	0.013276658
-0.5056	0.013387854
-0.5052	0.013500172
-0.5048	0.013613613
-0.5044	0.013728177
-0.504	0.013843876
-0.5036	0.013960697
-0.5032	0.014078728
-0.5028	0.014197919
-0.5024	0.014318295
-0.502	0.014439906
-0.5016	0.014562714
-0.5012	0.014686795
-0.5008	0.014812085
-0.5004	0.014938647
-0.5	0.015066495
-0.4996	0.015195627
-0.4992	0.015326106
-0.4988	0.01545787
-0.4984	0.01559103
-0.498	0.015725501
-0.4976	0.015861356
-0.4972	0.015998595
-0.4968	0.016137244
-0.4964	0.016277352
-0.496	0.016418857
-0.4956	0.016561871
-0.4952	0.01670632
-0.4948	0.016852278
-0.4944	0.016999733
-0.494	0.017148722
-0.4936	0.017299295
-0.4932	0.017451389
-0.4928	0.017605093
-0.4924	0.017760418
-0.492	0.017917352
-0.4916	0.018075932
-0.4912	0.018236172
-0.4908	0.01839812
-0.4904	0.01856174
-0.49	0.018727118
-0.4896	0.018894255
-0.4892	0.019063138
-0.4888	0.019233842
-0.4884	0.019406293
-0.488	0.019580651
-0.4876	0.019756831
-0.4872	0.019934907
-0.4868	0.020114903
-0.4864	0.020296821
-0.486	0.020480696
-0.4856	0.020666493
-0.4852	0.020854372
-0.4848	0.021044222
-0.4844	0.021236143
-0.484	0.021430171
-0.4836	0.02162627
-0.4832	0.021824527
-0.4828	0.022024904
-0.4824	0.022227477
-0.482	0.022432244
-0.4816	0.02263927
-0.4812	0.022848603
-0.4808	0.023060155
-0.4804	0.023274128
-0.48	0.023490383
-0.4796	0.023709046
-0.4792	0.023930091
-0.4788	0.024153593
-0.4784	0.024379627
-0.478	0.024608093
-0.4776	0.024839178
-0.4772	0.025072771
-0.4768	0.025308983
-0.4764	0.025547814
-0.476	0.025789327
-0.4756	0.026033596
-0.4752	0.026280535
-0.4748	0.026530292
-0.4744	0.026782869
-0.474	0.027038276
-0.4736	0.027296528
-0.4732	0.027557723
-0.4728	0.027821924
-0.4724	0.028089044
-0.472	0.028359244
-0.4716	0.028632538
-0.4712	0.028908913
-0.4708	0.029188468
-0.4704	0.029471129
-0.47	0.029757133
-0.4696	0.03004633
-0.4692	0.030338894
-0.4688	0.030634851
-0.4684	0.030934176
-0.468	0.031236981
-0.4676	0.031543166
-0.4672	0.03185303
-0.4668	0.032166374
-0.4664	0.032483398
-0.466	0.032804151
-0.4656	0.033128584
-0.4652	0.033456834
-0.4648	0.033788775
-0.4644	0.034124745
-0.464	0.034464545
-0.4636	0.034808348
-0.4632	0.035156242
-0.4628	0.035508115
-0.4624	0.035864267
-0.462	0.036224484
-0.4616	0.036588967
-0.4612	0.036957716
-0.4608	0.037330856
-0.4604	0.037708473
-0.46	0.038090431
-0.4596	0.038477078
-0.4592	0.038868191
-0.4588	0.039263982
-0.4584	0.039664437
-0.458	0.040069681
-0.4576	0.040479853
-0.4572	0.040894777
-0.4568	0.041314827
-0.4564	0.041739778
-0.456	0.042169844
-0.4556	0.042605024
-0.4552	0.043045442
-0.4548	0.043491261
-0.4544	0.043942294
-0.454	0.04439884
-0.4536	0.044860924
-0.4532	0.045328533
-0.4528	0.045801842
-0.4524	0.046280689
-0.452	0.046765549
-0.4516	0.047256108
-0.4512	0.047752717
-0.4508	0.048255387
-0.4504	0.048764107
-0.45	0.049279051
-0.4496	0.049800069
-0.4492	0.050327673
-0.4488	0.050861526
-0.4484	0.051401965
-0.448	0.051949076
-0.4476	0.052502786
-0.4472	0.053063318
-0.4468	0.053630486
-0.4464	0.054204851
-0.446	0.054786076
-0.4456	0.055374485
-0.4452	0.055970204
-0.4448	0.056573132
-0.4444	0.057183531
-0.444	0.057801289
-0.4436	0.058426693
-0.4432	0.059059705
-0.4428	0.059700563
-0.4424	0.060349428
-0.442	0.061006052
-0.4416	0.061671058
-0.4412	0.062343983
-0.4408	0.063025278
-0.4404	0.06371488
-0.44	0.064413026
-0.4396	0.065119928
-0.4392	0.065835287
-0.4388	0.066559788
-0.4384	0.067292958
-0.438	0.068035233
-0.4376	0.068786576
-0.4372	0.069547236
-0.4368	0.07031745
-0.4364	0.071096882
-0.436	0.071886093
-0.4356	0.072685095
-0.4352	0.073493838
-0.4348	0.074312472
-0.4344	0.075141209
-0.434	0.075980361
-0.4336	0.076829542
-0.4332	0.077689349
-0.4328	0.078559821
-0.4324	0.079440882
-0.432	0.080332857
-0.4316	0.081235434
-0.4312	0.082149523
-0.4308	0.083074514
-0.4304	0.084011004
-0.43	0.08495907
-0.4296	0.085918623
-0.4292	0.086890013
-0.4288	0.087872878
-0.4284	0.088868228
-0.428	0.089875378
-0.4276	0.090894951
-0.4272	0.091927084
-0.4268	0.092971615
-0.4264	0.094028955
-0.426	0.095098881
-0.4256	0.096181879
-0.4252	0.097277848
-0.4248	0.098387188
-0.4244	0.099510099
-0.424	0.10064616
-0.4236	0.10179642
-0.4232	0.10296003
-0.4228	0.10413772
-0.4224	0.10532936
-0.422	0.10653534
-0.4216	0.10775595
-0.4212	0.10899065
-0.4208	0.11024058
-0.4204	0.11150486
-0.42	0.11278421
-0.4196	0.11407851
-0.4192	0.11538815
-0.4188	0.11671344
-0.4184	0.1180538
-0.418	0.11941041
-0.4176	0.12078236
-0.4172	0.12217039
-0.4168	0.12357436
-0.4164	0.12499461
-0.416	0.12643162
-0.4156	0.12788459
-0.4152	0.12935452
-0.4148	0.13084141
-0.4144	0.1323449
-0.414	0.13386572
-0.4136	0.13540325
-0.4132	0.13695863
-0.4128	0.13853096
-0.4124	0.14012126
-0.412	0.14172939
-0.4116	0.14335511
-0.4112	0.14499903
-0.4108	0.14666043
-0.4104	0.14834078
-0.41	0.15003896
-0.4096	0.15175573
-0.4092	0.15349134
-0.4088	0.1552454
-0.4084	0.15701843
-0.408	0.15880978
-0.4076	0.16062085
-0.4072	0.16245038
-0.4068	0.16429948
-0.4064	0.16616805
-0.406	0.16805558
-0.4056	0.16996331
-0.4052	0.17189
-0.4048	0.17383639
-0.4044	0.17580237
-0.404	0.17778843
-0.4036	0.17979457
-0.4032	0.18182017
-0.4028	0.18386648
-0.4024	0.18593237
-0.402	0.18801846
-0.4016	0.19012451
-0.4012	0.19225102
-0.4008	0.1943981
-0.4004	0.1965649
-0.4	0.19875289
-0.3996	0.2009606
-0.3992	0.20318876
-0.3988	0.20543725
-0.3984	0.20770632
-0.398	0.20999609
-0.3976	0.21230583
-0.3972	0.21463626
-0.3968	0.21698728
-0.3964	0.21935851
-0.396	0.22174994
-0.3956	0.22416182
-0.3952	0.22659441
-0.3948	0.22904671
-0.3944	0.23151959
-0.394	0.2340128
-0.3936	0.23652584
-0.3932	0.23905921
-0.3928	0.24161192
-0.3924	0.2441852
-0.392	0.24677782
-0.3916	0.24939039
-0.3912	0.2520228
-0.3908	0.25467442
-0.3904	0.25734574
-0.39	0.26003565
-0.3896	0.26274538
-0.3892	0.26547371
-0.3888	0.26822099
-0.3884	0.27098736
-0.388	0.27377193
-0.3876	0.27657509
-0.3872	0.27939621
-0.3868	0.28223542
-0.3864	0.28509234
-0.386	0.2879671
-0.3856	0.29085944
-0.3852	0.29376862
-0.3848	0.29669551
-0.3844	0.29963862
-0.384	0.30259844
-0.3836	0.30557447
-0.3832	0.30856672
-0.3828	0.31157494
-0.3824	0.3145985
-0.382	0.31763777
-0.3816	0.32069163
-0.3812	0.32376047
-0.3808	0.32684365
-0.3804	0.32994104
-0.38	0.33305266
-0.3796	0.33617737
-0.3792	0.33931568
-0.3788	0.34246696
-0.3784	0.34563084
-0.378	0.34880681
-0.3776	0.35199501
-0.3772	0.35519493
-0.3768	0.35840583
-0.3764	0.36162796
-0.376	0.36486056
-0.3756	0.36810352
-0.3752	0.37135633
-0.3748	0.37461837
-0.3744	0.37788989
-0.374	0.38117001
-0.3736	0.38445862
-0.3732	0.38775533
-0.3728	0.39105953
-0.3724	0.39437108
-0.372	0.39768925
-0.3716	0.40101415
-0.3712	0.40434492
-0.3708	0.40768155
-0.3704	0.41102341
-0.37	0.41437002
-0.3696	0.41772124
-0.3692	0.42107632
-0.3688	0.42443528
-0.3684	0.42779735
-0.368	0.43116241
-0.3676	0.43452985
-0.3672	0.43789928
-0.3668	0.44127058
-0.3664	0.44464288
-0.366	0.44801605
-0.3656	0.4513896
-0.3652	0.45476327
-0.3648	0.45813657
-0.3644	0.46150899
-0.364	0.46488029
-0.3636	0.46824997
-0.3632	0.47161778
-0.3628	0.47498322
-0.3624	0.47834592
-0.362	0.48170537
-0.3616	0.48506146
-0.3612	0.48841355
-0.3608	0.4917614
-0.3604	0.49510464
-0.36	0.49844276
-0.3596	0.50177565
-0.3592	0.50510267
-0.3588	0.50842371
-0.3584	0.51173826
-0.358	0.51504582
-0.3576	0.5183464
-0.3572	0.52163962
-0.3568	0.52492499
-0.3564	0.52820199
-0.356	0.53147077
-0.3556	0.53473056
-0.3552	0.53798125
-0.3548	0.54122258
-0.3544	0.54445419
-0.354	0.54767607
-0.3536	0.55088722
-0.3532	0.55408814
-0.3528	0.55727808
-0.3524	0.56045668
-0.352	0.56362405
-0.3516	0.56677969
-0.3512	0.56992374
-0.3508	0.57305519
-0.3504	0.57617453
-0.35	0.57928116
-0.3496	0.58237469
-0.3492	0.58545525
-0.3488	0.58852246
-0.3484	0.59157633
-0.348	0.59461635
-0.3476	0.59764265
-0.3472	0.60065473
-0.3468	0.60365222
-0.3464	0.60663561
-0.346	0.60960379
-0.3456	0.61255775
-0.3452	0.61549649
-0.3448	0.61842039
-0.3444	0.62132882
-0.344	0.62422154
-0.3436	0.62709916
-0.3432	0.62996045
-0.3428	0.63280651
-0.3424	0.63563649
-0.342	0.63845063
-0.3416	0.64124843
-0.3412	0.64402976
-0.3408	0.64679525
-0.3404	0.64954403
-0.34	0.6522761
-0.3396	0.65499182
-0.3392	0.65769108
-0.3388	0.66037351
-0.3384	0.66303884
-0.338	0.66568771
-0.3376	0.6683195
-0.3372	0.67093419
-0.3368	0.67353217
-0.3364	0.67611282
-0.336	0.67867712
-0.3356	0.68122359
-0.3352	0.68375347
-0.3348	0.68626601
-0.3344	0.68876122
-0.334	0.69123946
-0.3336	0.69370049
-0.3332	0.6961448
-0.3328	0.69857141
-0.3324	0.7009813
-0.332	0.70337385
-0.3316	0.70574919
-0.3312	0.70810744
-0.3308	0.71044861
-0.3304	0.71277331
-0.33	0.71508017
-0.3296	0.71737057
-0.3292	0.71964388
-0.3288	0.72189998
-0.3284	0.72413962
-0.328	0.72636179
-0.3276	0.72856787
-0.3272	0.73075687
-0.3268	0.7329294
-0.3264	0.73508521
-0.326	0.73722407
-0.3256	0.73934696
-0.3252	0.74145276
-0.3248	0.74354272
-0.3244	0.74561609
-0.324	0.74767337
-0.3236	0.74971444
-0.3232	0.75173891
-0.3228	0.75374792
-0.3224	0.75574072
-0.322	0.75771743
-0.3216	0.75967842
-0.3212	0.76162382
-0.3208	0.7635535
-0.3204	0.76546734
-0.32	0.76736609
-0.3196	0.76924913
-0.3192	0.77111669
-0.3188	0.77296929
-0.3184	0.77480655
-0.318	0.77662909
-0.3176	0.77843617
-0.3172	0.7802289
-0.3168	0.78200641
-0.3164	0.78376921
-0.316	0.78551754
-0.3156	0.78725115
-0.3152	0.78897079
-0.3148	0.79067558
-0.3144	0.79236666
-0.314	0.79404327
-0.3136	0.79570566
-0.3132	0.79735432
-0.3128	0.79898902
-0.3124	0.8006105
-0.312	0.80221776
-0.3116	0.8038118
-0.3112	0.80539211
-0.3108	0.80695909
-0.3104	0.80851308
-0.31	0.81005336
-0.3096	0.81158105
-0.3092	0.81309563
-0.3088	0.81459762
-0.3084	0.81608663
-0.308	0.81756268
-0.3076	0.81902675
-0.3072	0.82047772
-0.3068	0.82191672
-0.3064	0.82334337
-0.306	0.82475792
-0.3056	0.82616037
-0.3052	0.82755061
-0.3048	0.82892936
-0.3044	0.83029577
-0.304	0.83165095
-0.3036	0.8329944
-0.3032	0.83432651
-0.3028	0.83564702
-0.3024	0.83695617
-0.302	0.83825435
-0.3016	0.83954131
-0.3012	0.84081704
-0.3008	0.84208204
-0.3004	0.84333631
-0.3	0.84457974
-0.2996	0.84581231
-0.2992	0.84703466
-0.2988	0.8482464
-0.2984	0.84944766
-0.298	0.8506387
-0.2976	0.85181951
-0.2972	0.85299047
-0.2968	0.85415107
-0.2964	0.85530207
-0.296	0.85644297
-0.2956	0.85757414
-0.2952	0.8586957
-0.2948	0.85980753
-0.2944	0.86091026
-0.294	0.86200314
-0.2936	0.86308704
-0.2932	0.86416145
-0.2928	0.86522664
-0.2924	0.86628297
-0.292	0.86733007
-0.2916	0.86836844
-0.2912	0.86939795
-0.2908	0.87041873
-0.2904	0.87143079
-0.29	0.87243423
-0.2896	0.87342919
-0.2892	0.87441555
-0.2888	0.87539368
-0.2884	0.87636357
-0.288	0.87732523
-0.2876	0.87827879
-0.2872	0.87922411
-0.2868	0.88016157
-0.2864	0.88109093
-0.286	0.88201267
-0.2856	0.88292656
-0.2852	0.88383285
-0.2848	0.88473139
-0.2844	0.88562221
-0.284	0.88650591
-0.2836	0.88738189
-0.2832	0.8882505
-0.2828	0.889112
-0.2824	0.88996627
-0.282	0.89081331
-0.2816	0.89165323
-0.2812	0.8924863
-0.2808	0.89331225
-0.2804	0.89413122
-0.28	0.89494346
-0.2796	0.89574896
-0.2792	0.89654785
-0.2788	0.89733988
-0.2784	0.89812555
-0.278	0.89890461
-0.2776	0.89967718
-0.2772	0.90044326
-0.2768	0.90120311
-0.2764	0.90195673
-0.276	0.90270398
-0.2756	0.90344524
-0.2752	0.90418027
-0.2748	0.90490919
-0.2744	0.90563224
-0.274	0.90634918
-0.2736	0.90706051
-0.2732	0.90776573
-0.2728	0.90846534
-0.2724	0.90915908
-0.272	0.90984721
-0.2716	0.91052973
-0.2712	0.91120651
-0.2708	0.91187805
-0.2704	0.91254398
-0.27	0.91320454
-0.2696	0.91385962
-0.2692	0.91450933
-0.2688	0.91515393
-0.2684	0.91579317
-0.268	0.91642729
-0.2676	0.9170563
-0.2672	0.91768032
-0.2668	0.91829923
-0.2664	0.91891302
-0.266	0.91952194
-0.2656	0.92012588
-0.2652	0.92072508
-0.2648	0.92131941
-0.2644	0.92190913
-0.264	0.92249399
-0.2636	0.92307398
-0.2632	0.9236496
-0.2628	0.92422049
-0.2624	0.92478688
-0.262	0.92534866
-0.2616	0.92590608
-0.2612	0.926459
-0.2608	0.92700743
-0.2604	0.92755175
-0.26	0.92809158
-0.2596	0.92862704
-0.2592	0.92915839
-0.2588	0.92968549
-0.2584	0.93020848
-0.258	0.93072723
-0.2576	0.93124199
-0.2572	0.93175263
-0.2568	0.93225928
-0.2564	0.93276193
-0.256	0.9332606
-0.2556	0.93375553
-0.2552	0.93424633
-0.2548	0.93473353
-0.2544	0.93521673
-0.254	0.93569618
-0.2536	0.9361719
-0.2532	0.93664388
-0.2528	0.93711223
-0.2524	0.93757697
-0.252	0.93803797
-0.2516	0.93849548
-0.2512	0.93894937
-0.2508	0.93939989
-0.2504	0.93984667
-0.25	0.94029021
-0.24960000000000004	0.94073025
-0.24919999999999998	0.94116693
-0.24880000000000002	0.94160011
-0.24839999999999995	0.94203005
-0.248	0.94245662
-0.24760000000000004	0.94287995
-0.24719999999999998	0.94330004
-0.24680000000000002	0.94371689
-0.24639999999999995	0.94413049
-0.246	0.94454097
-0.24560000000000004	0.94494821
-0.24519999999999997	0.94535246
-0.24480000000000002	0.94575359
-0.24439999999999995	0.9461516
-0.244	0.94654661
-0.24360000000000004	0.94693864
-0.24319999999999997	0.94732767
-0.24280000000000002	0.94771358
-0.24239999999999995	0.94809675
-0.242	0.94847692
-0.24160000000000004	0.94885423
-0.24119999999999997	0.94922866
-0.24080000000000001	0.94960023
-0.24039999999999995	0.94996906
-0.24	0.95033501
-0.23960000000000004	0.95069835
-0.23919999999999997	0.95105881
-0.2388	0.95141654
-0.23839999999999995	0.95177151
-0.238	0.95212387
-0.23760000000000003	0.95247374
-0.23719999999999997	0.95282086
-0.2368	0.95316536
-0.23640000000000005	0.95350724
-0.236	0.95384651
-0.23560000000000003	0.9541834
-0.23519999999999996	0.95451767
-0.2348	0.95484945
-0.23440000000000005	0.95517874
-0.23399999999999999	0.95550565
-0.23360000000000003	0.95582995
-0.23319999999999996	0.956152
-0.2328	0.95647156
-0.23240000000000005	0.95678874
-0.23199999999999998	0.95710356
-0.23160000000000003	0.95741613
-0.23119999999999996	0.95772633
-0.2308	0.95803416
-0.23040000000000005	0.95833975
-0.22999999999999998	0.95864309
-0.22960000000000003	0.95894406
-0.22919999999999996	0.95924303
-0.2288	0.95953964
-0.22840000000000005	0.95983413
-0.22799999999999998	0.96012637
-0.22760000000000002	0.96041649
-0.22719999999999996	0.96070449
-0.2268	0.96099036
-0.22640000000000005	0.96127412
-0.22599999999999998	0.96155576
-0.22560000000000002	0.9618354
-0.22519999999999996	0.96211293
-0.2248	0.96238845
-0.22440000000000004	0.96266198
-0.22399999999999998	0.96293339
-0.22360000000000002	0.96320293
-0.22319999999999995	0.96347048
-0.2228	0.96373602
-0.22240000000000004	0.96399958
-0.22199999999999998	0.96426126
-0.22160000000000002	0.96452107
-0.22119999999999995	0.96477901
-0.2208	0.96503508
-0.22040000000000004	0.96528915
-0.21999999999999997	0.96554148
-0.21960000000000002	0.96579193
-0.21919999999999995	0.96604064
-0.2188	0.96628748
-0.21840000000000004	0.96653245
-0.21799999999999997	0.9667758
-0.21760000000000002	0.96701727
-0.21719999999999995	0.967257
-0.2168	0.96749511
-0.21640000000000004	0.96773135
-0.21599999999999997	0.96796596
-0.2156	0.96819883
-0.21519999999999995	0.96843008
-0.2148	0.96865958
-0.21440000000000003	0.96888746
-0.21399999999999997	0.96911372
-0.2136	0.96933836
-0.21319999999999995	0.96956137
-0.2128	0.96978276
-0.21240000000000003	0.97000254
-0.21199999999999997	0.97022081
-0.2116	0.97043747
-0.21120000000000005	0.9706525
-0.2108	0.97086604
-0.21040000000000003	0.97107808
-0.20999999999999996	0.97128862
-0.2096	0.97149766
-0.20920000000000005	0.97170509
-0.20879999999999999	0.97191114
-0.20840000000000003	0.9721157
-0.20799999999999996	0.97231876
-0.2076	0.97252044
-0.20720000000000005	0.97272063
-0.20679999999999998	0.97291933
-0.20640000000000003	0.97311677
-0.20599999999999996	0.9733126
-0.2056	0.97350717
-0.20520000000000005	0.97370038
-0.20479999999999998	0.97389209
-0.20440000000000003	0.97408255
-0.20399999999999996	0.97427164
-0.2036	0.97445936
-0.20320000000000005	0.9746457
-0.20279999999999998	0.9748308
-0.20240000000000002	0.97501452
-0.20199999999999996	0.975197
-0.2016	0.97537823
-0.20120000000000005	0.97555809
-0.20079999999999998	0.97573671
-0.20040000000000002	0.97591395
-0.19999999999999996	0.97609006
-0.1996	0.97626493
-0.19920000000000004	0.97643856
-0.19879999999999998	0.97661093
-0.19840000000000002	0.97678206
-0.19799999999999995	0.97695207
-0.1976	0.9771207
-0.19720000000000004	0.97728834
-0.19679999999999997	0.97745472
-0.19640000000000002	0.97761987
-0.19599999999999995	0.97778388
-0.1956	0.97794678
-0.19520000000000004	0.97810855
-0.19479999999999997	0.9782692
-0.19440000000000002	0.97842861
-0.19399999999999995	0.97858701
-0.1936	0.9787443
-0.19320000000000004	0.97890033
-0.19279999999999997	0.97905537
-0.19240000000000002	0.97920941
-0.19199999999999995	0.97936233
-0.1916	0.97951413
-0.19120000000000004	0.9796648
-0.19079999999999997	0.97981447
-0.1904	0.97996315
-0.18999999999999995	0.9801107
-0.1896	0.98025726
-0.18920000000000003	0.98040282
-0.18879999999999997	0.98054738
-0.1884	0.98069082
-0.18799999999999994	0.98083338
-0.1876	0.98097483
-0.18720000000000003	0.9811154
-0.18679999999999997	0.98125497
-0.1864	0.98139354
-0.18600000000000005	0.98153112
-0.1856	0.9816677
-0.18520000000000003	0.9818034
-0.18479999999999996	0.98193811
-0.1844	0.98207194
-0.18400000000000005	0.98220478
-0.18359999999999999	0.98233674
-0.18320000000000003	0.98246783
-0.18279999999999996	0.98259793
-0.1824	0.98272715
-0.18200000000000005	0.98285549
-0.18159999999999998	0.98298284
-0.18120000000000003	0.98310944
-0.18079999999999996	0.98323504
-0.1804	0.9833599
-0.18000000000000005	0.98348375
-0.17959999999999998	0.98360686
-0.17920000000000003	0.98372909
-0.17879999999999996	0.98385046
-0.1784	0.98397094
-0.17800000000000005	0.98409056
-0.17759999999999998	0.98420943
-0.17720000000000002	0.98432754
-0.17679999999999996	0.98444467
-0.1764	0.98456104
-0.17600000000000005	0.98467666
-0.17559999999999998	0.98479141
-0.17520000000000002	0.98490541
-0.17479999999999996	0.98501867
-0.1744	0.98513105
-0.17400000000000004	0.98524268
-0.17359999999999998	0.98535357
-0.17320000000000002	0.9854637
-0.17279999999999995	0.98557309
-0.1724	0.9856816
-0.17200000000000004	0.98578949
-0.17159999999999997	0.98589664
-0.17120000000000002	0.98600291
-0.17079999999999995	0.98610855
-0.1704	0.98621345
-0.17000000000000004	0.9863176
-0.16959999999999997	0.98642112
-0.16920000000000002	0.98652377
-0.16879999999999995	0.9866258
-0.1684	0.98672721
-0.16800000000000004	0.98682774
-0.16759999999999997	0.98692777
-0.16720000000000002	0.98702693
-0.16679999999999995	0.98712547
-0.1664	0.98722338
-0.16600000000000004	0.98732067
-0.16559999999999997	0.98741721
-0.1652	0.987513
-0.16479999999999995	0.98760829
-0.1644	0.98770284
-0.16400000000000003	0.98779663
-0.16359999999999997	0.98788993
-0.1632	0.9879826
-0.16279999999999994	0.98807453
-0.1624	0.98816583
-0.16200000000000003	0.98825663
-0.16159999999999997	0.98834669
-0.1612	0.98843612
-0.16080000000000005	0.98852505
-0.1604	0.98861324
-0.16000000000000003	0.98870092
-0.15959999999999996	0.98878798
-0.1592	0.98887442
-0.15880000000000005	0.98896023
-0.15839999999999999	0.98904555
-0.15800000000000003	0.98913024
-0.15759999999999996	0.9892143
-0.1572	0.98929775
-0.15680000000000005	0.98938069
-0.15639999999999998	0.98946314
-0.15600000000000003	0.98954496
-0.15559999999999996	0.98962616
-0.1552	0.98970686
-0.15480000000000005	0.98978694
-0.15439999999999998	0.98986651
-0.15400000000000003	0.98994559
-0.15359999999999996	0.99002405
-0.1532	0.990102
-0.15280000000000005	0.99017946
-0.15239999999999998	0.99025629
-0.15200000000000002	0.99033263
-0.15159999999999996	0.99040846
-0.1512	0.9904838
-0.15080000000000005	0.99055863
-0.15039999999999998	0.99063285
-0.15000000000000002	0.99070669
-0.14959999999999996	0.9907799
-0.1492	0.99085275
-0.14880000000000004	0.99092496
-0.14839999999999998	0.99099668
-0.14800000000000002	0.99106803
-0.14759999999999995	0.99113875
-0.1472	0.9912091
-0.14680000000000004	0.99127894
-0.14639999999999997	0.99134817
-0.14600000000000002	0.99141714
-0.14559999999999995	0.9914855
-0.1452	0.99155335
-0.14480000000000004	0.99162083
-0.14439999999999997	0.99168781
-0.14400000000000002	0.99175441
-0.14359999999999995	0.99182039
-0.1432	0.99188613
-0.14280000000000004	0.99195123
-0.14239999999999997	0.99201597
-0.14200000000000002	0.9920802
-0.14159999999999995	0.99214407
-0.1412	0.99220743
-0.14080000000000004	0.99227042
-0.14039999999999997	0.9923329
-0.14	0.99239502
-0.13959999999999995	0.99245676
-0.1392	0.992518
-0.13880000000000003	0.99257887
-0.13839999999999997	0.99263924
-0.138	0.99269923
-0.13759999999999994	0.99275885
-0.1372	0.99281798
-0.13680000000000003	0.99287672
-0.13639999999999997	0.9929351
-0.136	0.9929931
-0.13560000000000005	0.9930506
-0.1352	0.99310785
-0.13480000000000003	0.9931646
-0.13439999999999996	0.99322098
-0.134	0.99327698
-0.13360000000000005	0.99333261
-0.13319999999999999	0.99338774
-0.13280000000000003	0.99344262
-0.13239999999999996	0.99349713
-0.132	0.99355126
-0.13160000000000005	0.99360489
-0.13119999999999998	0.99365828
-0.13080000000000003	0.99371129
-0.13039999999999996	0.99376392
-0.13	0.99381618
-0.12960000000000005	0.99386807
-0.12919999999999998	0.99391958
-0.12880000000000003	0.99397072
-0.12839999999999996	0.99402161
-0.128	0.994072
-0.12760000000000005	0.99412214
-0.12719999999999998	0.99417191
-0.12680000000000002	0.99422143
-0.12639999999999996	0.99427045
-0.126	0.99431922
-0.12560000000000004	0.99436773
-0.12519999999999998	0.99441576
-0.12480000000000002	0.99446353
-0.12439999999999996	0.99451092
-0.124	0.99455807
-0.12360000000000004	0.99460484
-0.12319999999999998	0.99465124
-0.12280000000000002	0.99469739
-0.12239999999999995	0.99474317
-0.122	0.9947887
-0.12160000000000004	0.99483385
-0.12119999999999997	0.99487862
-0.12080000000000002	0.99492328
-0.12039999999999995	0.99496743
-0.12	0.99501134
-0.11960000000000004	0.99505499
-0.11919999999999997	0.99509827
-0.11880000000000002	0.9951413
-0.11839999999999995	0.99518409
-0.118	0.99522649
-0.11760000000000004	0.99526865
-0.11719999999999997	0.99531044
-0.11680000000000001	0.99535197
-0.11639999999999995	0.99539326
-0.11599999999999999	0.99543417
-0.11560000000000004	0.99547483
-0.11519999999999997	0.99551524
-0.11480000000000001	0.9955554
-0.11439999999999995	0.99559519
-0.11399999999999999	0.99563473
-0.11360000000000003	0.99567402
-0.11319999999999997	0.99571306
-0.11280000000000001	0.99575173
-0.11240000000000006	0.99579027
-0.11199999999999999	0.99582844
-0.11160000000000003	0.99586635
-0.11119999999999997	0.99590402
-0.11080000000000001	0.99594144
-0.11040000000000005	0.99597849
-0.10999999999999999	0.99601541
-0.10960000000000003	0.99605195
-0.10919999999999996	0.99608837
-0.10880000000000001	0.99612442
-0.10840000000000005	0.99616022
-0.10799999999999998	0.99619589
-0.10760000000000003	0.99623119
-0.10719999999999996	0.99626624
-0.1068	0.99630116
-0.10640000000000005	0.99633571
-0.10599999999999998	0.99637001
-0.10560000000000003	0.99640419
-0.10519999999999996	0.99643799
-0.1048	0.99647166
-0.10440000000000005	0.99650497
-0.10399999999999998	0.99653815
-0.10360000000000003	0.99657107
-0.10319999999999996	0.99660375
-0.1028	0.99663618
-0.10240000000000005	0.99666836
-0.10199999999999998	0.99670042
-0.10160000000000002	0.9967321
-0.10119999999999996	0.99676366
-0.1008	0.99679496
-0.10040000000000004	0.99682602
-0.09999999999999998	0.99685695
-0.09960000000000002	0.99688751
-0.09919999999999995	0.99691795
-0.0988	0.99694813
-0.09840000000000004	0.99697819
-0.09799999999999998	0.99700787
-0.09760000000000002	0.99703744
-0.09719999999999995	0.99706675
-0.0968	0.99709593
-0.09640000000000004	0.99712487
-0.09599999999999997	0.99715356
-0.09560000000000002	0.997182
-0.09519999999999995	0.99721031
-0.0948	0.99723837
-0.09440000000000004	0.99726631
-0.09399999999999997	0.997294
-0.09360000000000002	0.99732144
-0.09319999999999995	0.99734876
-0.0928	0.99737583
-0.09240000000000004	0.99740277
-0.09199999999999997	0.99742933
-0.09160000000000001	0.9974559
-0.09119999999999995	0.99748222
-0.09079999999999999	0.99750829
-0.09040000000000004	0.99753423
-0.08999999999999997	0.99755993
-0.08960000000000001	0.99758549
-0.08919999999999995	0.99761081
-0.08879999999999999	0.99763601
-0.08840000000000003	0.99766096
-0.08799999999999997	0.99768578
-0.08760000000000001	0.99771035
-0.08720000000000006	0.9977348
-0.08679999999999999	0.99775899
-0.08640000000000003	0.99778307
-0.08599999999999997	0.99780689
-0.08560000000000001	0.99783059
-0.08520000000000005	0.99785416
-0.08479999999999999	0.99787749
-0.08440000000000003	0.99790069
-0.08399999999999996	0.99792364
-0.08360000000000001	0.99794646
-0.08320000000000005	0.99796916
-0.08279999999999998	0.99799161
-0.08240000000000003	0.99801394
-0.08199999999999996	0.99803614
-0.0816	0.99805809
-0.08120000000000005	0.99807992
-0.08079999999999998	0.9981015
-0.08040000000000003	0.99812308
-0.07999999999999996	0.99814441
-0.0796	0.99816549
-0.07920000000000005	0.99818644
-0.07879999999999998	0.99820739
-0.07840000000000003	0.99822797
-0.07799999999999996	0.99824855
-0.0776	0.99826889
-0.07720000000000005	0.99828909
-0.07679999999999998	0.99830905
-0.07640000000000002	0.998329
-0.07599999999999996	0.99834871
-0.0756	0.99836829
-0.07520000000000004	0.99838775
-0.07479999999999998	0.99840696
-0.07440000000000002	0.99842604
-0.07399999999999995	0.99844513
-0.0736	0.99846384
-0.07320000000000004	0.99848255
-0.07279999999999998	0.99850113
-0.07240000000000002	0.99851947
-0.07199999999999995	0.99853768
-0.0716	0.99855576
-0.07120000000000004	0.99857372
-0.07079999999999997	0.99859156
-0.07040000000000002	0.99860915
-0.06999999999999995	0.99862661
-0.0696	0.99864407
-0.06920000000000004	0.99866128
-0.06879999999999997	0.99867837
-0.06840000000000002	0.99869533
-0.06799999999999995	0.99871217
-0.0676	0.99872876
-0.06720000000000004	0.99874535
-0.06679999999999997	0.99876169
-0.06640000000000001	0.99877803
-0.06599999999999995	0.99879412
-0.06559999999999999	0.99881008
-0.06520000000000004	0.99882593
-0.06479999999999997	0.99884177
-0.06440000000000001	0.99885736
-0.06399999999999995	0.99887282
-0.06359999999999999	0.99888817
-0.06320000000000003	0.99890338
-0.06279999999999997	0.99891835
-0.06240000000000001	0.99893332
-0.062000000000000055	0.99894816
-0.06159999999999999	0.99896288
-0.06120000000000003	0.99897747
-0.060799999999999965	0.99899194
-0.06040000000000001	0.99900616
-0.06000000000000005	0.99902038
-0.059599999999999986	0.99903447
-0.05920000000000003	0.99904844
-0.05879999999999996	0.99906229
-0.05840000000000001	0.99907601
-0.05800000000000005	0.9990896
-0.057599999999999985	0.99910295
-0.05720000000000003	0.99911629
-0.05679999999999996	0.99912952
-0.056400000000000006	0.99914261
-0.05600000000000005	0.99915571
-0.05559999999999998	0.99916856
-0.05520000000000003	0.99918128
-0.05479999999999996	0.99919388
-0.054400000000000004	0.99920647
-0.05400000000000005	0.99921882
-0.05359999999999998	0.99923117
-0.053200000000000025	0.99924327
-0.05279999999999996	0.99925537
-0.0524	0.99926734
-0.052000000000000046	0.99927907
-0.05159999999999998	0.99929079
-0.05120000000000002	0.99930239
-0.050799999999999956	0.99931399
-0.0504	0.99932534
-0.050000000000000044	0.99933657
-0.04959999999999998	0.99934779
-0.04920000000000002	0.99935889
-0.048799999999999955	0.99936974
-0.0484	0.9993806
-0.04800000000000004	0.99939132
-0.047599999999999976	0.99940192
-0.04720000000000002	0.99941253
-0.04679999999999995	0.99942288
-0.0464	0.99943323
-0.04600000000000004	0.99944346
-0.045599999999999974	0.99945356
-0.04520000000000002	0.99946354
-0.04479999999999995	0.99947339
-0.044399999999999995	0.99948325
-0.04400000000000004	0.99949285
-0.04359999999999997	0.99950246
-0.043200000000000016	0.99951194
-0.04279999999999995	0.99952129
-0.04239999999999999	0.99953052
-0.04200000000000004	0.99953975
-0.04159999999999997	0.99954886
-0.041200000000000014	0.99955784
-0.04079999999999995	0.99956669
-0.04039999999999999	0.99957542
-0.040000000000000036	0.99958415
-0.03959999999999997	0.99959263
-0.03920000000000001	0.99960112
-0.038799999999999946	0.99960947
-0.03839999999999999	0.99961783
-0.038000000000000034	0.99962594
-0.03759999999999997	0.99963404
-0.03720000000000001	0.99964203
-0.036800000000000055	0.99965001
-0.03639999999999999	0.99965774
-0.03600000000000003	0.99966548
-0.035599999999999965	0.99967309
-0.03520000000000001	0.99968057
-0.03480000000000005	0.99968805
-0.034399999999999986	0.99969529
-0.03400000000000003	0.99970252
-0.03359999999999996	0.99970976
-0.03320000000000001	0.99971674
-0.03280000000000005	0.99972373
-0.032399999999999984	0.99973059
-0.03200000000000003	0.99973732
-0.03159999999999996	0.99974406
-0.031200000000000006	0.99975054
-0.03080000000000005	0.99975703
-0.030399999999999983	0.99976351
-0.030000000000000027	0.99976975
-0.02959999999999996	0.99977599
-0.029200000000000004	0.9997821
-0.028800000000000048	0.99978821
-0.02839999999999998	0.9997942
-0.028000000000000025	0.99980006
-0.027599999999999958	0.9998058
-0.027200000000000002	0.99981141
-0.026800000000000046	0.99981702
-0.02639999999999998	0.99982251
-0.026000000000000023	0.999828
-0.025599999999999956	0.99983336
-0.0252	0.9998386
-0.024800000000000044	0.99984371
-0.024399999999999977	0.99984883
-0.02400000000000002	0.99985382
-0.023599999999999954	0.99985868
-0.0232	0.99986342
-0.022800000000000042	0.99986816
-0.022399999999999975	0.9998729
-0.02200000000000002	0.99987739
-0.021599999999999953	0.99988188
-0.021199999999999997	0.99988625
-0.02080000000000004	0.99989049
-0.020399999999999974	0.99989473
-0.020000000000000018	0.99989884
-0.01959999999999995	0.99990296
-0.019199999999999995	0.99990683
-0.01880000000000004	0.99991069
-0.018399999999999972	0.99991456
-0.018000000000000016	0.99991818
-0.01759999999999995	0.99992179
-0.017199999999999993	0.99992541
-0.016800000000000037	0.99992878
-0.01639999999999997	0.99993227
-0.016000000000000014	0.99993552
-0.015599999999999947	0.99993876
-0.015199999999999991	0.99994188
-0.014800000000000035	0.99994487
-0.014399999999999968	0.99994786
-0.014000000000000012	0.99995073
-0.013599999999999945	0.99995348
-0.01319999999999999	0.99995622
-0.012800000000000034	0.99995884
-0.012399999999999967	0.99996133
-0.01200000000000001	0.99996383
-0.011600000000000055	0.9999662
-0.011199999999999988	0.99996844
-0.010800000000000032	0.99997069
-0.010399999999999965	0.99997281
-0.010000000000000009	0.99997493
-0.009600000000000053	0.99997693
-0.009199999999999986	0.9999788
-0.00880000000000003	0.99998054
-0.008399999999999963	0.99998229
-0.008000000000000007	0.99998391
-0.007600000000000051	0.99998553
-0.007199999999999984	0.99998703
-0.006800000000000028	0.9999884
-0.006399999999999961	0.99998977
-0.006000000000000005	0.99999102
-0.005600000000000049	0.99999214
-0.005199999999999982	0.99999326
-0.0048000000000000265	0.99999426
-0.0043999999999999595	0.99999514
-0.0040000000000000036	0.99999601
-0.0036000000000000476	0.99999676
-0.0031999999999999806	0.99999751
-0.0028000000000000247	0.999998
-0.0023999999999999577	0.99999863
-0.0020000000000000018	0.999999
-0.0016000000000000458	0.99999938
-0.0011999999999999789	0.99999963
-0.0008000000000000229	0.99999988
-0.00039999999999995595	1.
0.	1.
0.00039999999999995595	1.
0.0008000000000000229	0.99999988
0.0011999999999999789	0.99999963
0.0016000000000000458	0.99999938
0.0020000000000000018	0.999999
0.0023999999999999577	0.99999863
0.0028000000000000247	0.999998
0.0031999999999999806	0.99999751
0.0036000000000000476	0.99999676
0.0040000000000000036	0.99999601
0.0043999999999999595	0.99999514
0.0048000000000000265	0.99999426
0.005199999999999982	0.99999326
0.005600000000000049	0.99999214
0.006000000000000005	0.99999102
0.006399999999999961	0.99998977
0.006800000000000028	0.9999884
0.007199999999999984	0.99998703
0.007600000000000051	0.99998553
0.008000000000000007	0.99998391
0.008399999999999963	0.99998229
0.00880000000000003	0.99998054
0.009199999999999986	0.9999788
0.009600000000000053	0.99997693
0.010000000000000009	0.99997493
0.010399999999999965	0.99997281
0.010800000000000032	0.99997069
0.011199999999999988	0.99996857
0.011600000000000055	0.9999662
0.01200000000000001	0.99996383
0.012399999999999967	0.99996133
0.012800000000000034	0.99995884
0.01319999999999999	0.99995622
0.013599999999999945	0.99995348
0.014000000000000012	0.99995073
0.014399999999999968	0.99994786
0.014800000000000035	0.99994487
0.015199999999999991	0.99994188
0.015599999999999947	0.99993876
0.016000000000000014	0.99993552
0.01639999999999997	0.99993227
0.016800000000000037	0.9999289
0.017199999999999993	0.99992541
0.01759999999999995	0.99992192
0.018000000000000016	0.9999183
0.018399999999999972	0.99991456
0.01880000000000004	0.99991082
0.019199999999999995	0.99990683
0.01959999999999995	0.99990296
0.020000000000000018	0.99989884
0.020399999999999974	0.99989473
0.02080000000000004	0.99989061
0.021199999999999997	0.99988625
0.021599999999999953	0.99988188
0.02200000000000002	0.99987739
0.022399999999999975	0.9998729
0.022800000000000042	0.99986829
0.0232	0.99986355
0.023599999999999954	0.99985868
0.02400000000000002	0.99985382
0.024399999999999977	0.99984883
0.024800000000000044	0.99984371
0.0252	0.9998386
0.025599999999999956	0.99983336
0.026000000000000023	0.999828
0.02639999999999998	0.99982264
0.026800000000000046	0.99981715
0.027200000000000002	0.99981153
0.027599999999999958	0.9998058
0.028000000000000025	0.99980006
0.02839999999999998	0.9997942
0.028800000000000048	0.99978821
0.029200000000000004	0.99978222
0.02959999999999996	0.99977611
0.030000000000000027	0.99976987
0.030399999999999983	0.99976351
0.03080000000000005	0.99975715
0.031200000000000006	0.99975067
0.03159999999999996	0.99974406
0.03200000000000003	0.99973732
0.032399999999999984	0.99973059
0.03280000000000005	0.99972373
0.03320000000000001	0.99971674
0.03359999999999996	0.99970976
0.03400000000000003	0.99970265
0.034399999999999986	0.99969541
0.03480000000000005	0.99968805
0.03520000000000001	0.99968069
0.035599999999999965	0.99967309
0.03600000000000003	0.99966548
0.03639999999999999	0.99965787
0.036800000000000055	0.99965001
0.03720000000000001	0.99964215
0.03759999999999997	0.99963417
0.038000000000000034	0.99962606
0.03839999999999999	0.99961783
0.038799999999999946	0.9996096
0.03920000000000001	0.99960124
0.03959999999999997	0.99959276
0.040000000000000036	0.99958415
0.04039999999999999	0.99957542
0.04079999999999995	0.99956669
0.041200000000000014	0.99955784
0.04159999999999997	0.99954886
0.04200000000000004	0.99953975
0.04239999999999999	0.99953064
0.04279999999999995	0.99952129
0.043200000000000016	0.99951194
0.04359999999999997	0.99950246
0.04400000000000004	0.99949298
0.044399999999999995	0.99948325
0.04479999999999995	0.99947339
0.04520000000000002	0.99946354
0.045599999999999974	0.99945356
0.04600000000000004	0.99944346
0.0464	0.99943323
0.04679999999999995	0.999423
0.04720000000000002	0.99941253
0.047599999999999976	0.99940205
0.04800000000000004	0.99939145
0.0484	0.99938072
0.048799999999999955	0.99936987
0.04920000000000002	0.99935889
0.04959999999999998	0.99934779
0.050000000000000044	0.99933669
0.0504	0.99932534
0.050799999999999956	0.99931399
0.05120000000000002	0.99930252
0.05159999999999998	0.99929092
0.052000000000000046	0.99927919
0.0524	0.99926734
0.05279999999999996	0.99925537
0.053200000000000025	0.99924339
0.05359999999999998	0.99923117
0.05400000000000005	0.99921882
0.054400000000000004	0.99920647
0.05479999999999996	0.999194
0.05520000000000003	0.99918128
0.05559999999999998	0.99916856
0.05600000000000005	0.99915571
0.056400000000000006	0.99914274
0.05679999999999996	0.99912964
0.05720000000000003	0.99911642
0.057599999999999985	0.99910307
0.05800000000000005	0.9990896
0.05840000000000001	0.99907601
0.05879999999999996	0.99906229
0.05920000000000003	0.99904844
0.059599999999999986	0.9990346
0.06000000000000005	0.9990205
0.06040000000000001	0.99900628
0.060799999999999965	0.99899194
0.06120000000000003	0.99897747
0.06159999999999999	0.998963
0.062000000000000055	0.99894828
0.06240000000000001	0.99893344
0.06279999999999997	0.99891847
0.06320000000000003	0.99890338
0.06359999999999999	0.99888817
0.06399999999999995	0.99887282
0.06440000000000001	0.99885736
0.06479999999999997	0.99884177
0.06520000000000004	0.99882605
0.06559999999999999	0.99881021
0.06599999999999995	0.99879424
0.06640000000000001	0.99877803
0.06679999999999997	0.99876181
0.06720000000000004	0.99874535
0.0676	0.99872889
0.06799999999999995	0.99871217
0.06840000000000002	0.99869533
0.06879999999999997	0.99867837
0.06920000000000004	0.99866128
0.0696	0.99864407
0.06999999999999995	0.99862673
0.07040000000000002	0.99860927
0.07079999999999997	0.99859156
0.07120000000000004	0.99857385
0.0716	0.99855589
0.07199999999999995	0.9985378
0.07240000000000002	0.99851959
0.07279999999999998	0.99850113
0.07320000000000004	0.99848267
0.0736	0.99846396
0.07399999999999995	0.99844513
0.07440000000000002	0.99842617
0.07479999999999998	0.99840709
0.07520000000000004	0.99838775
0.0756	0.99836842
0.07599999999999996	0.99834884
0.07640000000000002	0.99832913
0.07679999999999998	0.99830917
0.07720000000000005	0.99828909
0.0776	0.99826901
0.07799999999999996	0.99824855
0.07840000000000003	0.9982281
0.07879999999999998	0.99820739
0.07920000000000005	0.99818656
0.0796	0.99816561
0.07999999999999996	0.99814441
0.08040000000000003	0.99812308
0.08079999999999998	0.99810162
0.08120000000000005	0.99808005
0.0816	0.99805822
0.08199999999999996	0.99803627
0.08240000000000003	0.99801406
0.08279999999999998	0.99799174
0.08320000000000005	0.99796929
0.08360000000000001	0.99794659
0.08399999999999996	0.99792376
0.08440000000000003	0.99790081
0.08479999999999999	0.99787761
0.08520000000000005	0.99785429
0.08560000000000001	0.99783071
0.08599999999999997	0.99780701
0.08640000000000003	0.99778319
0.08679999999999999	0.99775912
0.08720000000000006	0.99773492
0.08760000000000001	0.99771047
0.08799999999999997	0.99768578
0.08840000000000003	0.99766108
0.08879999999999999	0.99763613
0.08919999999999995	0.99761094
0.08960000000000001	0.99758562
0.08999999999999997	0.99756005
0.09040000000000004	0.99753436
0.09079999999999999	0.99750841
0.09119999999999995	0.99748234
0.09160000000000001	0.99745603
0.09199999999999997	0.99742946
0.09240000000000004	0.99740277
0.0928	0.99737595
0.09319999999999995	0.99734888
0.09360000000000002	0.99732157
0.09399999999999997	0.99729413
0.09440000000000004	0.99726644
0.0948	0.9972385
0.09519999999999995	0.99721043
0.09560000000000002	0.99718212
0.09599999999999997	0.99715368
0.09640000000000004	0.997125
0.0968	0.99709606
0.09719999999999995	0.99706687
0.09760000000000002	0.99703756
0.09799999999999998	0.997008
0.09840000000000004	0.99697831
0.0988	0.99694825
0.09919999999999995	0.99691807
0.09960000000000002	0.99688764
0.09999999999999998	0.99685708
0.10040000000000004	0.99682614
0.1008	0.99679509
0.10119999999999996	0.99676378
0.10160000000000002	0.99673222
0.10199999999999998	0.99670054
0.10240000000000005	0.99666849
0.1028	0.99663631
0.10319999999999996	0.99660388
0.10360000000000003	0.9965712
0.10399999999999998	0.99653827
0.10440000000000005	0.99650509
0.1048	0.99647179
0.10519999999999996	0.99643811
0.10560000000000003	0.99640431
0.10599999999999998	0.99637014
0.10640000000000005	0.99633583
0.1068	0.99630128
0.10719999999999996	0.99626636
0.10760000000000003	0.99623131
0.10799999999999998	0.99619601
0.10840000000000005	0.99616047
0.10880000000000001	0.99612454
0.10919999999999996	0.9960885
0.10960000000000003	0.99605208
0.10999999999999999	0.99601553
0.11040000000000005	0.99597861
0.11080000000000001	0.99594157
0.11119999999999997	0.99590415
0.11160000000000003	0.99586648
0.11199999999999999	0.99582856
0.11240000000000006	0.99579039
0.11280000000000001	0.99575198
0.11319999999999997	0.99571319
0.11360000000000003	0.99567415
0.11399999999999999	0.99563498
0.11439999999999995	0.99559532
0.11480000000000001	0.99555553
0.11519999999999997	0.99551549
0.11560000000000004	0.99547508
0.11599999999999999	0.99543442
0.11639999999999995	0.99539338
0.11680000000000001	0.9953521
0.11719999999999997	0.99531056
0.11760000000000004	0.99526878
0.118	0.99522662
0.11839999999999995	0.99518421
0.11880000000000002	0.99514155
0.11919999999999997	0.99509852
0.11960000000000004	0.99505524
0.12	0.99501159
0.12039999999999995	0.99496768
0.12080000000000002	0.9949234
0.12119999999999997	0.99487887
0.12160000000000004	0.99483397
0.122	0.99478882
0.12239999999999995	0.99474329
0.12280000000000002	0.99469752
0.12319999999999998	0.99465137
0.12360000000000004	0.99460497
0.124	0.9945582
0.12439999999999996	0.99451117
0.12480000000000002	0.99446365
0.12519999999999998	0.994416
0.12560000000000004	0.99436786
0.126	0.99431946
0.12639999999999996	0.9942707
0.12680000000000002	0.99422155
0.12719999999999998	0.99417216
0.12760000000000005	0.99412239
0.128	0.99407225
0.12839999999999996	0.99402174
0.12880000000000003	0.99397097
0.12919999999999998	0.99391971
0.12960000000000005	0.99386819
0.13	0.99381631
0.13039999999999996	0.99376405
0.13080000000000003	0.99371141
0.13119999999999998	0.99365853
0.13160000000000005	0.99360514
0.132	0.99355138
0.13239999999999996	0.99349738
0.13280000000000003	0.99344287
0.13319999999999999	0.99338799
0.13360000000000005	0.99333273
0.134	0.99327723
0.13439999999999996	0.99322123
0.13480000000000003	0.99316485
0.1352	0.99310797
0.13560000000000005	0.99305085
0.136	0.99299335
0.13639999999999997	0.99293535
0.13680000000000003	0.99287697
0.1372	0.99281823
0.13759999999999994	0.99275898
0.138	0.99269948
0.13839999999999997	0.99263949
0.13880000000000003	0.992579
0.1392	0.99251825
0.13959999999999995	0.99245701
0.14	0.99239527
0.14039999999999997	0.99233315
0.14080000000000004	0.99227067
0.1412	0.99220768
0.14159999999999995	0.99214431
0.14200000000000002	0.99208045
0.14239999999999997	0.99201622
0.14280000000000004	0.99195148
0.1432	0.99188625
0.14359999999999995	0.99182064
0.14400000000000002	0.99175466
0.14439999999999997	0.99168806
0.14480000000000004	0.99162108
0.1452	0.9915536
0.14559999999999995	0.99148575
0.14600000000000002	0.99141739
0.14639999999999997	0.99134842
0.14680000000000004	0.99127919
0.1472	0.99120935
0.14759999999999995	0.991139
0.14800000000000002	0.99106828
0.14839999999999998	0.99099693
0.14880000000000004	0.99092521
0.1492	0.99085299
0.14959999999999996	0.99078015
0.15000000000000002	0.99070694
0.15039999999999998	0.9906331
0.15080000000000005	0.99055888
0.1512	0.99048405
0.15159999999999996	0.99040871
0.15200000000000002	0.99033287
0.15239999999999998	0.99025654
0.15280000000000005	0.99017971
0.1532	0.99010225
0.15359999999999996	0.99002429
0.15400000000000003	0.98994584
0.15439999999999998	0.98986676
0.15480000000000005	0.98978718
0.1552	0.98970711
0.15559999999999996	0.98962641
0.15600000000000003	0.98954521
0.15639999999999998	0.98946339
0.15680000000000005	0.98938107
0.1572	0.98929812
0.15759999999999996	0.98921455
0.15800000000000003	0.98913049
0.15839999999999999	0.9890458
0.15880000000000005	0.98896048
0.1592	0.98887467
0.15959999999999996	0.98878823
0.16000000000000003	0.98870117
0.1604	0.98861361
0.16080000000000005	0.9885253
0.1612	0.98843649
0.16159999999999997	0.98834694
0.16200000000000003	0.98825688
0.1624	0.98816621
0.16279999999999994	0.9880749
0.1632	0.98798285
0.16359999999999997	0.98789031
0.16400000000000003	0.98779701
0.1644	0.98770309
0.16479999999999995	0.98760854
0.1652	0.98751337
0.16559999999999997	0.98741746
0.16600000000000004	0.98732092
0.1664	0.98722375
0.16679999999999995	0.98712584
0.16720000000000002	0.98702731
0.16759999999999997	0.98692802
0.16800000000000004	0.98682811
0.1684	0.98672746
0.16879999999999995	0.98662618
0.16920000000000002	0.98652415
0.16959999999999997	0.98642137
0.17000000000000004	0.98631797
0.1704	0.98621382
0.17079999999999995	0.98610893
0.17120000000000002	0.98600328
0.17159999999999997	0.98589689
0.17200000000000004	0.98578987
0.1724	0.98568198
0.17279999999999995	0.98557334
0.17320000000000002	0.98546408
0.17359999999999998	0.98535394
0.17400000000000004	0.98524306
0.1744	0.98513142
0.17479999999999996	0.98501904
0.17520000000000002	0.98490579
0.17559999999999998	0.98479179
0.17600000000000005	0.98467704
0.1764	0.98456141
0.17679999999999996	0.98444504
0.17720000000000002	0.98432779
0.17759999999999998	0.9842098
0.17800000000000005	0.98409093
0.1784	0.98397132
0.17879999999999996	0.98385083
0.17920000000000003	0.98372947
0.17959999999999998	0.98360723
0.18000000000000005	0.98348413
0.1804	0.98336027
0.18079999999999996	0.98323542
0.18120000000000003	0.98310981
0.18159999999999998	0.98298334
0.18200000000000005	0.98285587
0.1824	0.98272752
0.18279999999999996	0.9825983
0.18320000000000003	0.98246821
0.18359999999999999	0.98233724
0.18400000000000005	0.98220528
0.1844	0.98207232
0.18479999999999996	0.98193861
0.18520000000000003	0.98180378
0.1856	0.9816682
0.18600000000000005	0.98153149
0.1864	0.98139392
0.18679999999999997	0.98125534
0.18720000000000003	0.98111577
0.1876	0.98097533
0.18799999999999994	0.98083376
0.1884	0.98069132
0.18879999999999997	0.98054776
0.18920000000000003	0.98040319
0.1896	0.98025776
0.18999999999999995	0.9801112
0.1904	0.97996352
0.19079999999999997	0.97981497
0.19120000000000004	0.9796653
0.1916	0.9795145
0.19199999999999995	0.9793627
0.19240000000000002	0.97920979
0.19279999999999997	0.97905587
0.19320000000000004	0.97890083
0.1936	0.97874467
0.19399999999999995	0.97858751
0.19440000000000002	0.97842911
0.19479999999999997	0.97826958
0.19520000000000004	0.97810905
0.1956	0.97794728
0.19599999999999995	0.97778438
0.19640000000000002	0.97762036
0.19679999999999997	0.97745522
0.19720000000000004	0.97728883
0.1976	0.9771212
0.19799999999999995	0.97695244
0.19840000000000002	0.97678256
0.19879999999999998	0.97661143
0.19920000000000004	0.97643906
0.1996	0.97626543
0.19999999999999996	0.97609056
0.20040000000000002	0.97591445
0.20079999999999998	0.97573721
0.20120000000000005	0.97555859
0.2016	0.97537873
0.20199999999999996	0.9751975
0.20240000000000002	0.97501515
0.20279999999999998	0.9748313
0.20320000000000005	0.9746462
0.2036	0.97445985
0.20399999999999996	0.97427214
0.20440000000000003	0.97408305
0.20479999999999998	0.97389271
0.20520000000000005	0.97370088
0.2056	0.9735078
0.20599999999999996	0.97331322
0.20640000000000003	0.97311727
0.20679999999999998	0.97291983
0.20720000000000005	0.97272113
0.2076	0.97252094
0.20799999999999996	0.97231938
0.20840000000000003	0.9721162
0.20879999999999999	0.97191164
0.20920000000000005	0.97170571
0.2096	0.97149816
0.20999999999999996	0.97128924
0.21040000000000003	0.9710787
0.2108	0.97086666
0.21120000000000005	0.97065312
0.2116	0.97043797
0.21199999999999997	0.97022144
0.21240000000000003	0.97000316
0.2128	0.96978339
0.21319999999999995	0.96956199
0.2136	0.96933898
0.21399999999999997	0.96911434
0.21440000000000003	0.96888808
0.2148	0.9686602
0.21519999999999995	0.9684307
0.2156	0.96819945
0.21599999999999997	0.96796658
0.21640000000000004	0.96773197
0.2168	0.96749573
0.21719999999999995	0.96725762
0.21760000000000002	0.9670179
0.21799999999999997	0.96677642
0.21840000000000004	0.96653307
0.2188	0.96628811
0.21919999999999995	0.96604127
0.21960000000000002	0.96579268
0.21999999999999997	0.9655421
0.22040000000000004	0.9652899
0.2208	0.9650357
0.22119999999999995	0.96477963
0.22160000000000002	0.96452182
0.22199999999999998	0.96426201
0.22240000000000004	0.96400033
0.2228	0.96373665
0.22319999999999995	0.9634711
0.22360000000000002	0.96320356
0.22399999999999998	0.96293414
0.22440000000000004	0.96266261
0.2248	0.96238908
0.22519999999999996	0.96211367
0.22560000000000002	0.96183603
0.22599999999999998	0.96155651
0.22640000000000005	0.96127487
0.2268	0.96099111
0.22719999999999996	0.96070523
0.22760000000000002	0.96041723
0.22799999999999998	0.96012711
0.22840000000000005	0.95983487
0.2288	0.95954039
0.22919999999999996	0.95924378
0.22960000000000003	0.95894493
0.22999999999999998	0.95864384
0.23040000000000005	0.9583405
0.2308	0.95803491
0.23119999999999996	0.95772708
0.23160000000000003	0.95741688
0.23199999999999998	0.95710443
0.23240000000000005	0.95678949
0.2328	0.95647243
0.23319999999999996	0.95615275
0.23360000000000003	0.95583082
0.23399999999999999	0.9555064
0.23440000000000005	0.95517961
0.2348	0.95485033
0.23519999999999996	0.95451842
0.23560000000000003	0.95418427
0.236	0.95384738
0.23640000000000005	0.95350812
0.2368	0.95316611
0.23719999999999997	0.95282161
0.23760000000000003	0.95247461
0.238	0.95212487
0.23839999999999995	0.95177251
0.2388	0.95141741
0.23919999999999997	0.95105956
0.23960000000000004	0.95069909
0.24	0.95033588
0.24039999999999995	0.94996993
0.24080000000000001	0.9496011
0.24119999999999997	0.94922954
0.24160000000000004	0.9488551
0.242	0.94847779
0.24239999999999995	0.94809762
0.24280000000000002	0.94771445
0.24319999999999997	0.94732854
0.24360000000000004	0.94693951
0.244	0.94654761
0.24439999999999995	0.9461526
0.24480000000000002	0.94575446
0.24519999999999997	0.94535346
0.24560000000000004	0.94494921
0.246	0.94454184
0.24639999999999995	0.94413149
0.24680000000000002	0.94371788
0.24719999999999998	0.94330104
0.24760000000000004	0.94288095
0.248	0.94245762
0.24839999999999995	0.94203105
0.24880000000000002	0.94160111
0.24919999999999998	0.94116792
0.24960000000000004	0.94073125
0.25	0.94029133
0.25039999999999996	0.93984779
0.2507999999999999	0.93940089
0.2512000000000001	0.93895037
0.25160000000000005	0.93849648
0.252	0.9380391
0.25239999999999996	0.93757797
0.2527999999999999	0.93711336
0.2532000000000001	0.936645
0.25360000000000005	0.93617302
0.254	0.93569731
0.25439999999999996	0.93521772
0.2547999999999999	0.93473452
0.2552000000000001	0.93424746
0.25560000000000005	0.93375665
0.256	0.93326172
0.25639999999999996	0.93276318
0.2567999999999999	0.93226052
0.2572000000000001	0.93175375
0.25760000000000005	0.93124311
0.258	0.93072835
0.25839999999999996	0.9302096
0.2587999999999999	0.92968661
0.2592000000000001	0.92915963
0.25960000000000005	0.92862829
0.26	0.9280927
0.26039999999999996	0.92755287
0.2607999999999999	0.92700868
0.2612000000000001	0.92646025
0.26160000000000005	0.9259072
0.262	0.92534991
0.26239999999999997	0.92478813
0.2627999999999999	0.92422174
0.2632000000000001	0.92365085
0.26360000000000006	0.92307523
0.264	0.92249511
0.26439999999999997	0.92191026
0.2647999999999999	0.92132079
0.2652000000000001	0.92072645
0.26560000000000006	0.92012725
0.266	0.91952332
0.26639999999999997	0.91891426
0.2667999999999999	0.91830047
0.2672000000000001	0.91768157
0.26760000000000006	0.91705767
0.268	0.91642879
0.26839999999999997	0.91579454
0.26879999999999993	0.9151553
0.2692000000000001	0.91451071
0.26960000000000006	0.91386087
0.27	0.91320579
0.2704	0.91254535
0.27079999999999993	0.91187942
0.2712000000000001	0.911208
0.27160000000000006	0.9105311
0.272	0.90984858
0.2724	0.90916045
0.27279999999999993	0.90846671
0.2732000000000001	0.90776723
0.27360000000000007	0.90706189
0.274	0.90635068
0.2744	0.90563374
0.27479999999999993	0.90491068
0.2751999999999999	0.90418164
0.27560000000000007	0.90344661
0.276	0.90270547
0.2764	0.90195835
0.27679999999999993	0.90120461
0.2771999999999999	0.90044488
0.27760000000000007	0.89967867
0.278	0.8989061
0.2784	0.89812704
0.27879999999999994	0.89734138
0.2791999999999999	0.89654947
0.27960000000000007	0.89575058
0.28	0.89494521
0.2804	0.89413285
0.28079999999999994	0.89331375
0.2811999999999999	0.89248779
0.2816000000000001	0.89165473
0.28200000000000003	0.89081493
0.2824	0.88996777
0.28279999999999994	0.88911375
0.2831999999999999	0.88825225
0.2836000000000001	0.88738351
0.28400000000000003	0.88650754
0.2844	0.88562383
0.28479999999999994	0.88473289
0.2851999999999999	0.88383447
0.2856000000000001	0.88292831
0.28600000000000003	0.88201442
0.2864	0.88109267
0.28679999999999994	0.88016332
0.2871999999999999	0.87922573
0.2876000000000001	0.87828041
0.28800000000000003	0.87732698
0.2884	0.87636544
0.28879999999999995	0.87539567
0.2891999999999999	0.87441742
0.2896000000000001	0.87343107
0.29000000000000004	0.8724361
0.2904	0.87143253
0.29079999999999995	0.87042048
0.2911999999999999	0.86939982
0.2916000000000001	0.86837043
0.29200000000000004	0.86733194
0.2924	0.86628484
0.29279999999999995	0.86522863
0.2931999999999999	0.8641632
0.2936000000000001	0.86308878
0.29400000000000004	0.86200501
0.2944	0.86091214
0.29479999999999995	0.85980953
0.2951999999999999	0.8586977
0.2956000000000001	0.85757613
0.29600000000000004	0.85644484
0.2964	0.85530382
0.29679999999999995	0.85415294
0.2971999999999999	0.85299246
0.2976000000000001	0.85182151
0.29800000000000004	0.85064082
0.2984	0.84944978
0.29879999999999995	0.84824827
0.2991999999999999	0.84703653
0.2996000000000001	0.84581431
0.30000000000000004	0.84458186
0.3004	0.84333819
0.30079999999999996	0.84208428
0.3011999999999999	0.84081928
0.3016000000000001	0.83954318
0.30200000000000005	0.83825647
0.3024	0.83695817
0.30279999999999996	0.83564901
0.3031999999999999	0.83432851
0.3036000000000001	0.83299665
0.30400000000000005	0.83165319
0.3044	0.83029801
0.30479999999999996	0.82893148
0.3051999999999999	0.8275526
0.3056000000000001	0.82616237
0.30600000000000005	0.82475992
0.3064	0.82334561
0.30679999999999996	0.82191909
0.3071999999999999	0.82047996
0.3076000000000001	0.81902887
0.30800000000000005	0.8175648
0.3084	0.81608863
0.30879999999999996	0.81459961
0.3091999999999999	0.813098
0.3096000000000001	0.81158341
0.31000000000000005	0.81005573
0.3104	0.80851533
0.31079999999999997	0.80696146
0.3111999999999999	0.80539423
0.3116000000000001	0.80381379
0.31200000000000006	0.80222013
0.3124	0.80061275
0.31279999999999997	0.79899152
0.3131999999999999	0.79735682
0.3136000000000001	0.79570815
0.31400000000000006	0.79404539
0.3144	0.79236878
0.31479999999999997	0.79067783
0.3151999999999999	0.78897316
0.3156000000000001	0.78725364
0.31600000000000006	0.78552003
0.3164	0.7837717
0.31679999999999997	0.78200866
0.3171999999999999	0.78023102
0.3176000000000001	0.77843841
0.31800000000000006	0.77663146
0.3184	0.77480905
0.3188	0.77297179
0.31919999999999993	0.77111931
0.3196000000000001	0.76925137
0.32000000000000006	0.76736821
0.3204	0.76546959
0.3208	0.76355574
0.32119999999999993	0.76162606
0.3216000000000001	0.75968104
0.32200000000000006	0.75772005
0.3224	0.75574296
0.3228	0.75375042
0.32319999999999993	0.75174128
0.3236000000000001	0.74971668
0.32400000000000007	0.74767574
0.3244	0.74561871
0.3248	0.74354534
0.32519999999999993	0.74145538
0.3255999999999999	0.73934945
0.32600000000000007	0.73722644
0.3264	0.73508746
0.3268	0.73293177
0.32719999999999994	0.73075961
0.3275999999999999	0.72857062
0.32800000000000007	0.72636453
0.3284	0.72414211
0.3288	0.7219026
0.32919999999999994	0.71964613
0.3295999999999999	0.71737294
0.33000000000000007	0.71508291
0.3304	0.7127758
0.3308	0.71045123
0.33119999999999994	0.70811031
0.3315999999999999	0.70575181
0.3320000000000001	0.70337622
0.33240000000000003	0.70098367
0.3328	0.6985739
0.33319999999999994	0.69614742
0.3335999999999999	0.69370311
0.3340000000000001	0.69124233
0.33440000000000003	0.68876396
0.3348	0.68626838
0.33519999999999994	0.68375584
0.3355999999999999	0.68122609
0.3360000000000001	0.67867974
0.33640000000000003	0.67611556
0.3368	0.67353492
0.33719999999999994	0.67093706
0.3375999999999999	0.66832199
0.3380000000000001	0.66569008
0.33840000000000003	0.66304121
0.3388	0.66037613
0.33919999999999995	0.65769358
0.3395999999999999	0.65499469
0.3400000000000001	0.65227897
0.34040000000000004	0.64954653
0.3408	0.646798
0.34119999999999995	0.64403225
0.3415999999999999	0.64125092
0.3420000000000001	0.63845312
0.34240000000000004	0.63563936
0.3428	0.63280938
0.34319999999999995	0.62996332
0.3435999999999999	0.62710191
0.3440000000000001	0.62422403
0.34440000000000004	0.62133132
0.3448	0.61842288
0.34519999999999995	0.61549949
0.3455999999999999	0.61256074
0.3460000000000001	0.60960679
0.34640000000000004	0.60663836
0.3468	0.60365484
0.34719999999999995	0.60065723
0.3475999999999999	0.59764527
0.3480000000000001	0.59461934
0.34840000000000004	0.59157932
0.3488	0.58852533
0.34919999999999995	0.58545824
0.3495999999999999	0.58237756
0.3500000000000001	0.57928378
0.35040000000000004	0.57617728
0.3508	0.57305818
0.35119999999999996	0.56992661
0.3515999999999999	0.56678256
0.3520000000000001	0.56362717
0.35240000000000005	0.56045967
0.3528	0.55728083
0.35319999999999996	0.55409101
0.3535999999999999	0.55089008
0.3540000000000001	0.54767906
0.35440000000000005	0.54445718
0.3548	0.5412257
0.35519999999999996	0.53798437
0.3555999999999999	0.53473355
0.3560000000000001	0.53147364
0.35640000000000005	0.52820499
0.3568	0.52492798
0.35719999999999996	0.52164262
0.3575999999999999	0.51834965
0.3580000000000001	0.51504906
0.35840000000000005	0.51174137
0.3588	0.50842683
0.35919999999999996	0.50510591
0.3595999999999999	0.50177889
0.3600000000000001	0.49844613
0.36040000000000005	0.49510801
0.3608	0.49176477
0.36119999999999997	0.48841692
0.3615999999999999	0.48506482
0.3620000000000001	0.48170886
0.36240000000000006	0.47834941
0.3628	0.47498672
0.36319999999999997	0.4716214
0.3635999999999999	0.46825359
0.3640000000000001	0.46488391
0.36440000000000006	0.46151261
0.3648	0.45814019
0.36519999999999997	0.45476701
0.3655999999999999	0.45139334
0.3660000000000001	0.44801979
0.36640000000000006	0.44464662
0.3668	0.44127432
0.36719999999999997	0.43790315
0.3675999999999999	0.43453372
0.3680000000000001	0.43116628
0.36840000000000006	0.42780134
0.3688	0.42443914
0.3692	0.42108019
0.36959999999999993	0.4177251
0.3700000000000001	0.41437388
0.37040000000000006	0.41102728
0.3708	0.40768554
0.3712	0.40434903
0.37159999999999993	0.40101827
0.3720000000000001	0.39769337
0.37240000000000006	0.39437508
0.3728	0.39106364
0.3732	0.38775945
0.37359999999999993	0.38446298
0.3740000000000001	0.38117438
0.37440000000000007	0.37789438
0.3748	0.37462273
0.3752	0.37136069
0.37559999999999993	0.36810788
0.3759999999999999	0.36486505
0.37640000000000007	0.36163258
0.3768	0.35841057
0.3772	0.35519967
0.37759999999999994	0.35199975
0.3779999999999999	0.3488118
0.37840000000000007	0.3456357
0.3788	0.34247182
0.3792	0.33932092
0.37959999999999994	0.33618248
0.3799999999999999	0.3330579
0.38040000000000007	0.32994653
0.3808	0.32684901
0.3812	0.32376571
0.38159999999999994	0.32069687
0.3819999999999999	0.31764313
0.3824000000000001	0.31460398
0.38280000000000003	0.31158068
0.3832	0.30857246
0.38359999999999994	0.30558034
0.3839999999999999	0.30260405
0.3844000000000001	0.29964411
0.38480000000000003	0.29670112
0.3852	0.29377448
0.38559999999999994	0.29086543
0.3859999999999999	0.28797321
0.3864000000000001	0.28509845
0.38680000000000003	0.28224128
0.3872	0.27940195
0.38759999999999994	0.27658108
0.3879999999999999	0.27377779
0.3884000000000001	0.27099334
0.38880000000000003	0.26822748
0.3892	0.26548019
0.38959999999999995	0.26275187
0.3899999999999999	0.26004201
0.3904000000000001	0.25735198
0.39080000000000004	0.25468065
0.3912	0.25202904
0.39159999999999995	0.24939713
0.3919999999999999	0.24678468
0.3924000000000001	0.24419206
0.39280000000000004	0.24161853
0.3932	0.23906582
0.39359999999999995	0.23653245
0.3939999999999999	0.23401941
0.3944000000000001	0.2315267
0.39480000000000004	0.22905395
0.3952	0.22660165
0.39559999999999995	0.22416881
0.3959999999999999	0.2217573
0.3964000000000001	0.21936537
0.39680000000000004	0.21699427
0.3972	0.21464375
0.39759999999999995	0.21231306
0.3979999999999999	0.21000358
0.3984000000000001	0.20771393
0.39880000000000004	0.20544486
0.3992	0.20319599
0.39959999999999996	0.20096783
0.3999999999999999	0.19876025
0.4004000000000001	0.1965725
0.40080000000000005	0.19440596
0.4012	0.192259
0.40159999999999996	0.19013249
0.4019999999999999	0.18802607
0.4024000000000001	0.18593998
0.40280000000000005	0.18387434
0.4032	0.18182816
0.40359999999999996	0.17980281
0.4039999999999999	0.17779666
0.4044000000000001	0.17581073
0.40480000000000005	0.17384438
0.4052	0.17189785
0.40559999999999996	0.16997129
0.4059999999999999	0.16806381
0.4064000000000001	0.16617616
0.40680000000000005	0.16430809
0.4072	0.16245898
0.40759999999999996	0.16062908
0.4079999999999999	0.15881827
0.4084000000000001	0.15702678
0.40880000000000005	0.15525376
0.4092	0.15349969
0.40959999999999996	0.15176459
0.4099999999999999	0.15004782
0.4104000000000001	0.14834963
0.41080000000000005	0.14666916
0.4112	0.14500764
0.41159999999999997	0.14336371
0.4119999999999999	0.14173799
0.4124000000000001	0.14013036
0.41280000000000006	0.13854019
0.4132	0.13696773
0.41359999999999997	0.13541223
0.4139999999999999	0.13387458
0.4144000000000001	0.13235375
0.41480000000000006	0.13085027
0.4152	0.12936387
0.41559999999999997	0.12789394
0.4159999999999999	0.12644097
0.4164000000000001	0.12500409
0.41680000000000006	0.12358375
0.4172	0.12217947
0.41759999999999997	0.12079148
0.4179999999999999	0.11941963
0.4184000000000001	0.11806316
0.41880000000000006	0.11672297
0.4192	0.11539777
0.4196	0.11408812
0.41999999999999993	0.11279352
0.4204000000000001	0.11151417
0.42080000000000006	0.11024999
0.4212	0.10900021
0.4216	0.10776564
0.42199999999999993	0.10654514
0.4224000000000001	0.10533915
0.42280000000000006	0.10414724
0.4232	0.10296953
0.4236	0.10180601
0.42399999999999993	0.1006559
0.4244000000000001	0.09951974
0.42480000000000007	0.098397129
0.4252	0.097287801
0.4256	0.096191582
0.42599999999999993	0.09510856
0.4263999999999999	0.094038722
0.42680000000000007	0.092981331
0.4272	0.091936887
0.4276	0.090905029
0.42799999999999994	0.089885481
0.4283999999999999	0.088878294
0.42880000000000007	0.087882894
0.4292	0.086899941
0.4296	0.085928502
0.42999999999999994	0.084969011
0.4303999999999999	0.084021207
0.43080000000000007	0.083084754
0.4312	0.082159738
0.4316	0.081245574
0.43199999999999994	0.080342922
0.4323999999999999	0.079450898
0.4328000000000001	0.078569886
0.43320000000000003	0.077699664
0.4336	0.076839894
0.43399999999999994	0.075990689
0.4343999999999999	0.07515145
0.4348000000000001	0.074322812
0.43520000000000003	0.073503991
0.4356	0.07269526
0.43599999999999994	0.071896495
0.4363999999999999	0.071107172
0.4368000000000001	0.070327865
0.43720000000000003	0.069557713
0.4376	0.068797016
0.43799999999999994	0.068045486
0.4383999999999999	0.067303223
0.4388000000000001	0.066570103
0.43920000000000003	0.065845664
0.4396	0.065130393
0.43999999999999995	0.064423541
0.4403999999999999	0.06372537
0.4408000000000001	0.063035593
0.44120000000000004	0.062354311
0.4416	0.061681422
0.44199999999999995	0.061016479
0.4423999999999999	0.060359931
0.4428000000000001	0.059711115
0.44320000000000004	0.059070245
0.4436	0.058437083
0.44399999999999995	0.057811654
0.4443999999999999	0.057193958
0.4448000000000001	0.056583509
0.44520000000000004	0.055980631
0.4456	0.055385062
0.44599999999999995	0.054796653
0.4463999999999999	0.054215291
0.4468000000000001	0.053641013
0.44720000000000004	0.053073783
0.4476	0.052513213
0.44799999999999995	0.051959541
0.4483999999999999	0.051412567
0.4488000000000001	0.050872141
0.44920000000000004	0.050338263
0.4496	0.049810621
0.44999999999999996	0.049289566
0.4503999999999999	0.048774572
0.4508000000000001	0.048265877
0.45120000000000005	0.047763331
0.4516	0.047266747
0.45199999999999996	0.046776163
0.4523999999999999	0.046291254
0.4528000000000001	0.045812369
0.45320000000000005	0.045339035
0.4536	0.044871438
0.45399999999999996	0.044409467
0.4543999999999999	0.043952933
0.4548000000000001	0.043501888
0.45520000000000005	0.043056094
0.4556	0.042615638
0.45599999999999996	0.042180346
0.4563999999999999	0.041750281
0.4568000000000001	0.041325366
0.45720000000000005	0.040905341
0.4576	0.040490455
0.45799999999999996	0.040080321
0.4583999999999999	0.039675051
0.4588000000000001	0.039274496
0.45920000000000005	0.038878693
0.4596	0.038487606
0.45999999999999996	0.038100983
0.4603999999999999	0.037719062
0.4608000000000001	0.037341458
0.46120000000000005	0.036968318
0.4616	0.03659947
0.46199999999999997	0.036234974
0.4623999999999999	0.035874781
0.4628000000000001	0.035518655
0.46320000000000006	0.035166744
0.4636	0.034818937
0.46399999999999997	0.034475109
0.4643999999999999	0.034135235
0.4648000000000001	0.033799302
0.46520000000000006	0.033467323
0.4656	0.033139049
0.46599999999999997	0.032814629
0.4663999999999999	0.03249395
0.4668000000000001	0.032176914
0.46720000000000006	0.031863545
0.4676	0.031553655
0.46799999999999997	0.031247433
0.4683999999999999	0.030944603
0.4688000000000001	0.030645279
0.46920000000000006	0.030349384
0.4696	0.030056832
0.47	0.02976761
0.47039999999999993	0.029481569
0.4708000000000001	0.029198883
0.47120000000000006	0.028919303
0.4716	0.028642928
0.472	0.028369684
0.47239999999999993	0.028099496
0.4728000000000001	0.027832352
0.47320000000000007	0.027568113
0.4736	0.027306943
0.474	0.027048616
0.47439999999999993	0.026793209
0.4748000000000001	0.026540682
0.47520000000000007	0.026290887
0.4756	0.026043974
0.476	0.025799704
0.47639999999999993	0.025558179
0.4767999999999999	0.025319286
0.47720000000000007	0.025083061
0.4776	0.024849469
0.478	0.024618383
0.47839999999999994	0.024389929
0.4787999999999999	0.024163908
0.47920000000000007	0.023940381
0.4796	0.023719274
0.48	0.023500599
0.48039999999999994	0.023284343
0.4807999999999999	0.023070383
0.48120000000000007	0.02285883
0.48160000000000003	0.02264951
0.482	0.02244246
0.48239999999999994	0.022237642
0.4827999999999999	0.022035045
0.4832000000000001	0.021834668
0.48360000000000003	0.021636398
0.484	0.021440287
0.48439999999999994	0.021246296
0.4847999999999999	0.021054363
0.4852000000000001	0.020864488
0.48560000000000003	0.020676596
0.486	0.020490762
0.48639999999999994	0.020306861
0.4867999999999999	0.020124944
0.4872000000000001	0.019944972
0.48760000000000003	0.019766884
0.488	0.019590692
0.48839999999999995	0.019416308
0.4887999999999999	0.019243833
0.4892000000000001	0.019073104
0.48960000000000004	0.018904208
0.49	0.018737096
0.49039999999999995	0.018571718
0.4907999999999999	0.018408086
0.4912000000000001	0.018246088
0.49160000000000004	0.018085861
0.492	0.017927243
0.49239999999999995	0.017770296
0.4927999999999999	0.017614984
0.4932000000000001	0.017461243
0.49360000000000004	0.017309161
0.494	0.017158575
0.49439999999999995	0.017009574
0.4947999999999999	0.016862069
0.4952000000000001	0.016716099
0.49560000000000004	0.01657165
0.496	0.016428623
0.49639999999999995	0.016287118
0.4967999999999999	0.01614701
0.4972000000000001	0.016008336
0.49760000000000004	0.01587106
0.498	0.01573518
0.49839999999999995	0.015600709
0.4987999999999999	0.015467549
0.4992000000000001	0.015335772
0.49960000000000004	0.015205293
0.5	0.015076136
0.5004	0.014948264
0.5007999999999999	0.014821677
0.5012000000000001	0.014696374
0.5016	0.014572281
0.502	0.01444946
0.5024	0.014327862
0.5027999999999999	0.014207461
0.5032000000000001	0.014088245
0.5036	0.013970201
0.504	0.013853368
0.5044	0.013737631
0.5047999999999999	0.013623068
0.5052000000000001	0.013509627
0.5056	0.013397296
0.506	0.013286075
0.5064	0.013175902
0.5067999999999999	0.013066851
0.5072000000000001	0.012958836
0.5076	0.01285188
0.508	0.012745973
0.5084	0.012641088
0.5087999999999999	0.012537214
0.5092000000000001	0.012434325
0.5096	0.012332459
0.51	0.012231541
0.5104	0.01213162
0.5107999999999999	0.01203266
0.5112000000000001	0.011934639
0.5116	0.011837564
0.512	0.011741397
0.5124	0.011646156
0.5127999999999999	0.011551808
0.5132000000000001	0.01145837
0.5136000000000001	0.011365829
0.514	0.011274138
0.5144	0.01118335
0.5147999999999999	0.011093388
0.5152000000000001	0.01100428
0.5156000000000001	0.010916001
0.516	0.010828561
0.5164	0.01074195
0.5167999999999999	0.010656126
0.5172000000000001	0.010571136
0.5176000000000001	0.010486913
0.518	0.010403479
0.5184	0.010320812
0.5187999999999999	0.010238919
0.5192000000000001	0.010157796
0.5196000000000001	0.010077401
0.52	0.0099977641
0.5204	0.009918863
0.5207999999999999	0.0098406816
0.5212000000000001	0.0097632099
0.5216000000000001	0.0096864529
0.522	0.0096104131
0.5224	0.0095350443
0.5227999999999999	0.009460379
0.5232000000000001	0.0093863959
0.5236000000000001	0.0093130789
0.524	0.0092404317
0.5244	0.0091684232
0.5247999999999999	0.0090970906
0.5251999999999999	0.0090263817
0.5256000000000001	0.0089563239
0.526	0.0088868997
0.5264	0.0088180929
0.5267999999999999	0.0087499098
0.5271999999999999	0.0086823154
0.5276000000000001	0.0086153496
0.528	0.0085489638
0.5284	0.0084831792
0.5287999999999999	0.0084179858
0.5291999999999999	0.0083533649
0.5296000000000001	0.0082893216
0.53	0.0082258245
0.5304	0.0081629124
0.5307999999999999	0.0081005391
0.5311999999999999	0.0080387234
0.5316000000000001	0.0079774578
0.532	0.0079167135
0.5324	0.0078565255
0.5327999999999999	0.0077968438
0.5331999999999999	0.0077376886
0.5336000000000001	0.0076790435
0.534	0.0076209148
0.5344	0.0075632987
0.5347999999999999	0.0075061678
0.5351999999999999	0.0074495533
0.5356000000000001	0.0073934102
0.536	0.0073377561
0.5364	0.0072825772
0.5367999999999999	0.0072278785
0.5371999999999999	0.0071736563
0.5376000000000001	0.0071198856
0.538	0.0070665951
0.5384	0.0070137437
0.5388	0.0069613488
0.5391999999999999	0.0069093954
0.5396000000000001	0.0068578873
0.54	0.0068068257
0.5404	0.0067561819
0.5408	0.0067059785
0.5411999999999999	0.0066562004
0.5416000000000001	0.0066068388
0.542	0.0065578889
0.5424	0.0065093531
0.5428	0.0064612339
0.5431999999999999	0.0064135051
0.5436000000000001	0.0063661854
0.544	0.0063192623
0.5444	0.0062727284
0.5448	0.0062265849
0.5451999999999999	0.006180813
0.5456000000000001	0.0061354366
0.546	0.0060904256
0.5464	0.0060457938
0.5468	0.0060015337
0.5471999999999999	0.0059576366
0.5476000000000001	0.0059141037
0.548	0.0058709162
0.5484	0.0058280992
0.5488	0.0057856227
0.5491999999999999	0.0057435005
0.5496000000000001	0.005701725
0.55	0.0056602875
0.5504	0.0056191918
0.5508	0.0055784241
0.5511999999999999	0.0055379907
0.5516000000000001	0.0054978803
0.552	0.0054581005
0.5524	0.0054186462
0.5528	0.0053795024
0.5531999999999999	0.0053406868
0.5536000000000001	0.0053021729
0.554	0.0052639722
0.5544	0.0052260732
0.5548	0.0051884836
0.5551999999999999	0.0051511984
0.5556000000000001	0.0051142025
0.556	0.0050775134
0.5564	0.0050411075
0.5568	0.0050049935
0.5571999999999999	0.0049691638
0.5576000000000001	0.0049336198
0.558	0.0048983639
0.5584	0.0048633774
0.5588	0.0048286727
0.5591999999999999	0.0047942438
0.5596000000000001	0.004760083
0.56	0.0047261879
0.5604	0.0046925609
0.5608	0.0046592021
0.5611999999999999	0.0046260965
0.5616000000000001	0.0045932554
0.562	0.0045606724
0.5624	0.0045283389
0.5628	0.0044962611
0.5631999999999999	0.0044644227
0.5636000000000001	0.0044328426
0.5640000000000001	0.0044014994
0.5644	0.004370402
0.5648	0.0043395477
0.5651999999999999	0.0043089293
0.5656000000000001	0.0042785478
0.5660000000000001	0.004248392
0.5664	0.0042184782
0.5668	0.0041887852
0.5671999999999999	0.0041593242
0.5676000000000001	0.0041300915
0.5680000000000001	0.0041010783
0.5684	0.0040722896
0.5688	0.0040437104
0.5691999999999999	0.0040153582
0.5696000000000001	0.0039872156
0.5700000000000001	0.0039592875
0.5704	0.0039315752
0.5708	0.0039040662
0.5711999999999999	0.003876773
0.5716000000000001	0.0038496781
0.5720000000000001	0.003822789
0.5724	0.0037960995
0.5728	0.0037696133
0.5731999999999999	0.0037433279
0.5736000000000001	0.0037172333
0.5740000000000001	0.0036913421
0.5744	0.0036656379
0.5748	0.0036401258
0.5751999999999999	0.0036148021
0.5755999999999999	0.0035896679
0.5760000000000001	0.0035647234
0.5764	0.0035399584
0.5768	0.0035153843
0.5771999999999999	0.0034909848
0.5775999999999999	0.0034667674
0.5780000000000001	0.0034427259
0.5784	0.003418864
0.5788	0.0033951804
0.5791999999999999	0.003371664
0.5795999999999999	0.0033483247
0.5800000000000001	0.0033251563
0.5804	0.0033021562
0.5808	0.0032793246
0.5811999999999999	0.0032566538
0.5815999999999999	0.0032341564
0.5820000000000001	0.0032118162
0.5824	0.0031896406
0.5828	0.0031676285
0.5831999999999999	0.0031457722
0.5835999999999999	0.0031240768
0.5840000000000001	0.0031025311
0.5844	0.0030811488
0.5848	0.0030599149
0.5851999999999999	0.0030388357
0.5855999999999999	0.0030179099
0.5860000000000001	0.0029971326
0.5864	0.0029765061
0.5868	0.0029560206
0.5871999999999999	0.0029356885
0.5875999999999999	0.0029154962
0.5880000000000001	0.0028954497
0.5884	0.0028755492
0.5888	0.0028557834
0.5892	0.002836166
0.5895999999999999	0.0028166821
0.5900000000000001	0.0027973366
0.5904	0.0027781258
0.5908	0.0027590535
0.5912	0.0027401171
0.5915999999999999	0.0027213092
0.5920000000000001	0.002702641
0.5924	0.0026840976
0.5928	0.0026656863
0.5932	0.002647401
0.5935999999999999	0.0026292467
0.5940000000000001	0.0026112209
0.5944	0.002593316
0.5948	0.0025755421
0.5952	0.0025578867
0.5955999999999999	0.0025403548
0.5960000000000001	0.0025229439
0.5964	0.0025056539
0.5968	0.0024884875
0.5972	0.0024714345
0.5975999999999999	0.0024545026
0.5980000000000001	0.0024376878
0.5984	0.0024209879
0.5988	0.0024044014
0.5992	0.0023879284
0.5995999999999999	0.0023715727
0.6000000000000001	0.0023553242
0.6004	0.0023391893
0.6008	0.0023231666
0.6012	0.0023072512
0.6015999999999999	0.0022914455
0.6020000000000001	0.0022757421
0.6024	0.0022601522
0.6028	0.0022446634
0.6032	0.002229283
0.6035999999999999	0.0022140075
0.6040000000000001	0.0021988342
0.6044	0.0021837632
0.6048	0.0021687907
0.6052	0.0021539242
0.6055999999999999	0.0021391551
0.6060000000000001	0.0021244857
0.6064	0.0021099173
0.6068	0.0020954438
0.6072	0.00208107
0.6075999999999999	0.0020667898
0.6080000000000001	0.0020526056
0.6084	0.0020385149
0.6088	0.0020245191
0.6092	0.0020106193
0.6095999999999999	0.001996808
0.6100000000000001	0.0019830941
0.6104	0.0019694662
0.6108	0.0019559293
0.6112	0.0019424823
0.6115999999999999	0.0019291238
0.6120000000000001	0.0019158564
0.6124	0.0019026725
0.6128	0.001889581
0.6132	0.0018765717
0.6135999999999999	0.0018636485
0.6140000000000001	0.0018508089
0.6144000000000001	0.0018380541
0.6148	0.0018253867
0.6152	0.0018127965
0.6155999999999999	0.0018002924
0.6160000000000001	0.0017878707
0.6164000000000001	0.0017755287
0.6168	0.0017632654
0.6172	0.0017510831
0.6175999999999999	0.0017389819
0.6180000000000001	0.0017269555
0.6184000000000001	0.0017150102
0.6188	0.0017031422
0.6192	0.0016913503
0.6195999999999999	0.0016796358
0.6200000000000001	0.0016679923
0.6204000000000001	0.0016564299
0.6208	0.0016449374
0.6212	0.0016335209
0.6215999999999999	0.0016221793
0.6220000000000001	0.0016109088
0.6224000000000001	0.0015997119
0.6228	0.0015885836
0.6232	0.0015775301
0.6235999999999999	0.0015665439
0.6240000000000001	0.0015556301
0.6244000000000001	0.0015447862
0.6248	0.0015340109
0.6252	0.0015233054
0.6255999999999999	0.0015126635
0.6259999999999999	0.0015020939
0.6264000000000001	0.001491588
0.6268	0.0014811507
0.6272	0.0014707807
0.6275999999999999	0.0014604731
0.6279999999999999	0.0014502353
0.6284000000000001	0.0014400574
0.6288	0.0014299457
0.6292	0.0014198962
0.6295999999999999	0.0014099104
0.6299999999999999	0.0013999895
0.6304000000000001	0.0013901272
0.6308	0.0013803322
0.6312	0.0013705933
0.6315999999999999	0.0013609181
0.6319999999999999	0.0013513015
0.6324000000000001	0.0013417448
0.6328	0.0013322504
0.6332	0.0013228121
0.6335999999999999	0.0013134362
0.6339999999999999	0.0013041152
0.6344000000000001	0.0012948541
0.6348	0.0012856491
0.6352	0.0012765002
0.6355999999999999	0.0012674112
0.6359999999999999	0.0012583759
0.6364000000000001	0.0012493979
0.6368	0.0012404747
0.6372	0.0012316065
0.6376	0.0012227919
0.6379999999999999	0.0012140322
0.6384000000000001	0.0012053286
0.6388	0.0011966749
0.6392	0.0011880761
0.6396	0.0011795309
0.6399999999999999	0.0011710368
0.6404000000000001	0.0011625952
0.6408	0.0011542034
0.6412	0.0011458653
0.6416	0.0011375758
0.6419999999999999	0.0011293387
0.6424000000000001	0.0011211514
0.6428	0.0011130129
0.6432	0.0011049254
0.6436	0.0010968842
0.6439999999999999	0.0010888953
0.6444000000000001	0.0010809513
0.6448	0.0010730572
0.6452	0.0010652117
0.6456	0.0010574124
0.6459999999999999	0.0010496617
0.6464000000000001	0.0010419547
0.6468	0.0010342964
0.6472	0.0010266817
0.6476	0.0010191143
0.6479999999999999	0.0010115944
0.6484000000000001	0.0010041169
0.6488	0.00099668681
0.6492	0.00098929786
0.6496	0.00098195506
0.6499999999999999	0.00097465467
0.6504000000000001	0.00096739918
0.6508	0.00096018735
0.6512	0.00095301667
0.6516	0.00094589215
0.6519999999999999	0.00093880754
0.6524000000000001	0.00093176409
0.6528	0.00092476305
0.6532	0.00091780441
0.6536	0.00091088694
0.6539999999999999	0.00090400938
0.6544000000000001	0.00089717423
0.6548	0.00089037899
0.6552	0.00088362242
0.6556	0.00087690576
0.6559999999999999	0.00087023026
0.6564000000000001	0.00086359342
0.6568	0.00085699526
0.6572	0.00085043588
0.6576	0.00084391592
0.6579999999999999	0.00083743338
0.6584000000000001	0.0008309895
0.6588	0.00082458129
0.6592	0.00081821313
0.6596	0.00081188013
0.6599999999999999	0.00080558531
0.6604000000000001	0.00079932753
0.6608	0.00079310579
0.6612	0.00078692073
0.6616	0.00078076959
0.6619999999999999	0.00077465674
0.6624000000000001	0.00076857745
0.6628000000000001	0.00076253445
0.6632	0.00075652713
0.6636	0.00075055385
0.6639999999999999	0.00074461588
0.6644000000000001	0.00073870983
0.6648000000000001	0.0007328407
0.6652	0.00072700351
0.6656	0.00072120074
0.6659999999999999	0.00071543227
0.6664000000000001	0.00070969523
0.6668000000000001	0.00070399374
0.6672	0.00069832294
0.6676	0.00069268518
0.6679999999999999	0.00068707923
0.6684000000000001	0.00068150584
0.6688000000000001	0.00067596538
0.6692	0.00067045485
0.6696	0.00066497824
0.6699999999999999	0.00065953083
0.6704000000000001	0.00065411522
0.6708000000000001	0.00064872979
0.6712	0.00064337555
0.6716	0.00063805273
0.6719999999999999	0.00063275848
0.6724000000000001	0.00062749654
0.6728000000000001	0.00062226278
0.6732	0.00061705909
0.6736	0.00061188445
0.6739999999999999	0.00060673938
0.6744000000000001	0.00060162461
0.6748000000000001	0.00059653692
0.6752	0.00059147928
0.6756	0.00058645033
0.6759999999999999	0.00058144919
0.6763999999999999	0.00057647674
0.6768000000000001	0.00057153074
0.6772	0.00056661467
0.6776	0.00056172454
0.6779999999999999	0.00055686285
0.6783999999999999	0.00055202885
0.6788000000000001	0.00054722142
0.6792	0.00054244143
0.6796	0.00053768638
0.6799999999999999	0.00053296027
0.6803999999999999	0.00052825886
0.6808000000000001	0.00052358451
0.6812	0.00051893686
0.6816	0.00051431465
0.6819999999999999	0.00050971863
0.6823999999999999	0.00050514632
0.6828000000000001	0.00050060169
0.6832	0.00049608088
0.6836	0.00049158577
0.6839999999999999	0.00048711623
0.6843999999999999	0.00048267101
0.6848000000000001	0.00047825099
0.6852	0.00047385429
0.6856	0.00046948254
0.6859999999999999	0.00046513436
0.6863999999999999	0.00046081075
0.6868000000000001	0.00045651171
0.6872	0.000452235
0.6876	0.00044798386
0.688	0.00044375455
0.6883999999999999	0.00043954894
0.6888000000000001	0.0004353659
0.6892	0.00043120631
0.6896	0.00042707042
0.69	0.00042295573
0.6903999999999999	0.00041886561
0.6908000000000001	0.00041479633
0.6912	0.00041074974
0.6916	0.00040672486
0.692	0.00040272231
0.6923999999999999	0.00039874245
0.6928000000000001	0.00039478293
0.6932	0.00039084611
0.6936	0.00038693074
0.694	0.00038303645
0.6943999999999999	0.00037916298
0.6948000000000001	0.00037531073
0.6952	0.0003714803
0.6956	0.00036766933
0.696	0.00036388006
0.6963999999999999	0.00036011149
0.6968000000000001	0.00035636301
0.6972	0.00035263511
0.6976	0.00034892604
0.698	0.0003452388
0.6983999999999999	0.00034157027
0.6988000000000001	0.00033792219
0.6992	0.00033429408
0.6996	0.00033068529
0.7	0.00032709621
0.7003999999999999	0.00032352509
0.7008000000000001	0.00031997493
0.7012	0.00031644273
0.7016	0.00031292998
0.702	0.00030943657
0.7023999999999999	0.0003059615
0.7028000000000001	0.0003025055
0.7032	0.00029906722
0.7036	0.00029564778
0.704	0.00029224617
0.7043999999999999	0.00028886314
0.7048000000000001	0.00028549895
0.7052	0.00028215134
0.7056	0.00027882345
0.706	0.00027551189
0.7063999999999999	0.0002722183
0.7068000000000001	0.00026894191
0.7072	0.00026568324
0.7076	0.00026244266
0.708	0.00025921804
0.7083999999999999	0.00025601225
0.7088000000000001	0.00025282205
0.7092	0.00024964932
0.7096	0.00024649293
0.71	0.00024335362
0.7103999999999999	0.00024023153
0.7108000000000001	0.0002371249
0.7112	0.00023403611
0.7116	0.00023096254
0.712	0.00022790543
0.7123999999999999	0.00022486429
0.7128000000000001	0.00022183923
0.7132000000000001	0.00021883102
0.7136	0.00021583739
0.714	0.00021286036
0.7143999999999999	0.00020989904
0.7148000000000001	0.00020695307
0.7152000000000001	0.00020402293
0.7156	0.00020110702
0.716	0.00019820782
0.7163999999999999	0.00019532271
0.7168000000000001	0.00019245344
0.7172000000000001	0.00018959939
0.7176	0.00018675993
0.718	0.00018393569
0.7183999999999999	0.00018112505
0.7188000000000001	0.00017833049
0.7192000000000001	0.00017554954
0.7196	0.00017278367
0.72	0.0001700324
0.7203999999999999	0.00016729522
0.7208000000000001	0.00016457263
0.7212000000000001	0.00016186302
0.7216	0.00015916899
0.722	0.00015648794
0.7223999999999999	0.00015382124
0.7228000000000001	0.00015116887
0.7232000000000001	0.00014852936
0.7236	0.00014590481
0.724	0.00014329273
0.7243999999999999	0.00014069462
0.7248000000000001	0.00013810949
0.7252000000000001	0.00013553808
0.7256	0.00013298051
0.726	0.00013043516
0.7263999999999999	0.00012790441
0.7267999999999999	0.00012538551
0.7272000000000001	0.00012287995
0.7276	0.00012038699
0.728	0.00011790712
0.7283999999999999	0.00011544048
0.7287999999999999	0.00011298569
0.7292000000000001	0.00011054474
0.7296	0.0001081154
0.73	0.00010569877
0.7303999999999999	0.00010329424
0.7307999999999999	0.00010090231
0.7312000000000001	0.000098523107
0.7316	0.000096155251
0.732	0.000093800241
0.7323999999999999	0.000091457206
0.7327999999999999	0.00008912602
0.7332000000000001	0.000086806559
0.7336	0.000084498946
0.734	0.000082203807
0.7343999999999999	0.000079919519
0.7347999999999999	0.00007764733
0.7352000000000001	0.00007538699
0.7356	0.000073137875
0.736	0.000070900486
0.7363999999999999	0.000068673573
0.7367999999999999	0.000066459133
0.7372000000000001	0.000064255171
0.7376	0.000062062808
0.738	0.000059881796
0.7384	0.000057711635
0.7387999999999999	0.0000555527
0.7392000000000001	0.000053403743
0.7396	0.000051266885
0.74	0.000049140005
0.7404	0.000047024351
0.7407999999999999	0.000044919548
0.7412000000000001	0.000042825222
0.7416	0.000040741748
0.742	0.000038668252
0.7424	0.000036605483
0.7427999999999999	0.000034552693
0.7432000000000001	0.000032510753
0.7436	0.000030479291
0.744	0.000028457433
0.7444	0.000026446801
0.7447999999999999	0.000024445398
0.7452000000000001	0.000022454348
0.7456	0.000020473027
0.746	0.000018501934
0.7464	0.000016541193
0.7467999999999999	0.000014589433
0.7472000000000001	0.000012648649
0.7476	0.00001071672
0.748	8.7947705e-6
0.7484	6.8821751e-6
0.7487999999999999	4.9795581e-6
0.7492000000000001	3.0867947e-6
0.7496	1.202887e-6
0.75	0.