  1.6200E+01  5.4081E+01  1.1322E+02  4.5209E-01  3.9602E+02  2.4253E+01 -3.9237E+02
  1.6207E+01  5.4102E+01  1.1322E+02  4.5209E-01  3.9602E+02  2.4253E+01 -3.9237E+02
  1.6215E+01  5.4128E+01  1.1322E+02  4.5209E-01  3.9602E+02  2.4253E+01 -3.9237E+02
  1.6223E+01  5.4154E+01  1.1322E+02  4.5209E-01  3.9601E+02  2.4253E+01 -3.9236E+02
  1.6230E+01  5.4180E+01  1.1322E+02  4.5209E-01  3.9601E+02  2.4253E+01 -3.9236E+02
  1.6238E+01  5.4206E+01  1.1322E+02  4.5208E-01  3.9601E+02  2.4253E+01 -3.9236E+02
  1.6246E+01  5.4232E+01  1.1322E+02  4.5208E-01  3.9601E+02  2.4253E+01 -3.9236E+02
  1.6254E+01  5.4258E+01  1.1322E+02  4.5208E-01  3.9600E+02  2.4253E+01 -3.9235E+02
  1.6261E+01  5.4283E+01  1.1322E+02  4.5208E-01  3.9600E+02  2.4253E+01 -3.9235E+02
  1.6269E+01  5.4309E+01  1.1322E+02  4.5208E-01  3.9600E+02  2.4253E+01 -3.9235E+02
  1.6277E+01  5.4335E+01  1.1322E+02  4.5208E-01  3.9600E+02  2.4253E+01 -3.9235E+02
  1.6284E+01  5.4361E+01  1.1322E+02  4.5208E-01  3.9600E+02  2.4253E+01 -3.9235E+02
  1.6292E+01  5.4386E+01  1.1322E+02  4.5208E-01  3.9599E+02  2.4253E+01 -3.9234E+02
  1.6300E+01  5.4412E+01  1.1322E+02  4.5208E-01  3.9599E+02  2.4253E+01 -3.9234E+02
  1.6308E+01  5.4438E+01  1.1322E+02  4.5208E-01  3.9599E+02  2.4253E+01 -3.9234E+02
  1.6316E+01  5.4464E+01  1.1322E+02  4.5208E-01  3.9599E+02  2.4253E+01 -3.9234E+02
  1.6323E+01  5.4489E+01  1.1322E+02  4.5208E-01  3.9598E+02  2.4253E+01 -3.9233E+02
  1.6331E+01  5.4515E+01  1.1322E+02  4.5208E-01  3.9598E+02  2.4253E+01 -3.9233E+02
  1.6339E+01  5.4541E+01  1.1322E+02  4.5208E-01  3.9598E+02  2.4253E+01 -3.9233E+02
  1.6346E+01  5.4567E+01  1.1322E+02  4.5208E-01  3.9598E+02  2.4253E+01 -3.9233E+02
  1.6354E+01  5.4593E+01  1.1322E+02  4.5208E-01  3.9598E+02  2.4253E+01 -3.9232E+02
  1.6362E+01  5.4619E+01  1.1322E+02  4.5208E-01  3.9597E+02  2.4253E+01 -3.9232E+02
  1.6370E+01  5.4645E+01  1.1322E+02  4.5208E-01  3.9597E+02  2.4254E+01 -3.9232E+02
  1.6377E+01  5.4671E+01  1.1322E+02  4.5208E-01  3.9597E+02  2.4254E+01 -3.9232E+02
  1.6385E+01  5.4696E+01  1.1322E+02  4.5207E-01  3.9597E+02  2.4254E+01 -3.9232E+02
  1.6393E+01  5.4722E+01  1.1322E+02  4.5207E-01  3.9596E+02  2.4254E+01 -3.9231E+02
  1.6400E+01  5.4748E+01  1.1322E+02  4.5207E-01  3.9596E+02  2.4254E+01 -3.9231E+02
  1.6408E+01  5.4774E+01  1.1322E+02  4.5207E-01  3.9596E+02  2.4254E+01 -3.9231E+02
  1.6416E+01  5.4799E+01  1.1322E+02  4.5207E-01  3.9596E+02  2.4254E+01 -3.9231E+02
  1.6424E+01  5.4825E+01  1.1322E+02  4.5207E-01  3.9596E+02  2.4254E+01 -3.9230E+02
  1.6432E+01  5.4851E+01  1.1322E+02  4.5207E-01  3.9595E+02  2.4254E+01 -3.9230E+02
  1.6439E+01  5.4877E+01  1.1322E+02  4.5207E-01  3.9595E+02  2.4254E+01 -3.9230E+02
  1.6447E+01  5.4902E+01  1.1322E+02  4.5207E-01  3.9595E+02  2.4254E+01 -3.9230E+02
  1.6455E+01  5.4928E+01  1.1322E+02  4.5207E-01  3.9595E+02  2.4254E+01 -3.9229E+02
  1.6462E+01  5.4954E+01  1.1322E+02  4.5207E-01  3.9594E+02  2.4254E+01 -3.9229E+02
  1.6470E+01  5.4980E+01  1.1322E+02  4.5207E-01  3.9594E+02  2.4254E+01 -3.9229E+02
  1.6478E+01  5.5006E+01  1.1322E+02  4.5207E-01  3.9594E+02  2.4254E+01 -3.9229E+02
  1.6486E+01  5.5032E+01  1.1322E+02  4.5207E-01  3.9594E+02  2.4254E+01 -3.9229E+02
  1.6493E+01  5.5058E+01  1.1322E+02  4.5207E-01  3.9593E+02  2.4254E+01 -3.9228E+02
  1.6501E+01  5.5084E+01  1.1322E+02  4.5207E-01  3.9593E+02  2.4254E+01 -3.9228E+02
  1.6509E+01  5.5110E+01  1.1322E+02  4.5207E-01  3.9593E+02  2.4254E+01 -3.9228E+02
  1.6517E+01  5.5135E+01  1.1322E+02  4.5207E-01  3.9593E+02  2.4254E+01 -3.9228E+02
  1.6524E+01  5.5161E+01  1.1322E+02  4.5207E-01  3.9593E+02  2.4254E+01 -3.9227E+02
  1.6532E+01  5.5187E+01  1.1322E+02  4.5206E-01  3.9592E+02  2.4254E+01 -3.9227E+02
  1.6540E+01  5.5212E+01  1.1322E+02  4.5206E-01  3.9592E+02  2.4254E+01 -3.9227E+02
  1.6548E+01  5.5238E+01  1.1322E+02  4.5206E-01  3.9592E+02  2.4254E+01 -3.9227E+02
  1.6555E+01  5.5264E+01  1.1322E+02  4.5206E-01  3.9592E+02  2.4254E+01 -3.9226E+02
  1.6563E+01  5.5290E+01  1.1322E+02  4.5206E-01  3.9591E+02  2.4254E+01 -3.9226E+02
  1.6571E+01  5.5316E+01  1.1322E+02  4.5206E-01  3.9591E+02  2.4254E+01 -3.9226E+02
  1.6578E+01  5.5341E+01  1.1322E+02  4.5206E-01  3.9591E+02  2.4254E+01 -3.9226E+02
  1.6586E+01  5.5367E+01  1.1322E+02  4.5206E-01  3.9591E+02  2.4254E+01 -3.9226E+02
  1.6594E+01  5.5393E+01  1.1322E+02  4.5206E-01  3.9591E+02  2.4254E+01 -3.9225E+02
  1.6602E+01  5.5419E+01  1.1322E+02  4.5206E-01  3.9590E+02  2.4254E+01 -3.9225E+02
  1.6610E+01  5.5445E+01  1.1322E+02  4.5206E-01  3.9590E+02  2.4254E+01 -3.9225E+02
  1.6617E+01  5.5471E+01  1.1322E+02  4.5206E-01  3.9590E+02  2.4254E+01 -3.9225E+02
  1.6625E+01  5.5497E+01  1.1322E+02  4.5206E-01  3.9590E+02  2.4254E+01 -3.9224E+02
  1.6633E+01  5.5523E+01  1.1322E+02  4.5206E-01  3.9589E+02  2.4254E+01 -3.9224E+02
  1.6640E+01  5.5548E+01  1.1322E+02  4.5206E-01  3.9589E+02  2.4254E+01 -3.9224E+02
  1.6648E+01  5.5574E+01  1.1322E+02  4.5206E-01  3.9589E+02  2.4254E+01 -3.9224E+02
  1.6656E+01  5.5600E+01  1.1322E+02  4.5206E-01  3.9589E+02  2.4254E+01 -3.9223E+02
  1.6664E+01  5.5625E+01  1.1322E+02  4.5206E-01  3.9588E+02  2.4254E+01 -3.9223E+02
  1.6671E+01  5.5651E+01  1.1322E+02  4.5205E-01  3.9588E+02  2.4254E+01 -3.9223E+02
  1.6679E+01  5.5677E+01  1.1322E+02  4.5205E-01  3.9588E+02  2.4254E+01 -3.9223E+02
  1.6687E+01  5.5703E+01  1.1322E+02  4.5205E-01  3.9588E+02  2.4254E+01 -3.9223E+02
  1.6695E+01  5.5729E+01  1.1322E+02  4.5205E-01  3.9588E+02  2.4254E+01 -3.9222E+02
  1.6702E+01  5.5754E+01  1.1322E+02  4.5205E-01  3.9587E+02  2.4254E+01 -3.9222E+02
  1.6710E+01  5.5780E+01  1.1322E+02  4.5205E-01  3.9587E+02  2.4254E+01 -3.9222E+02
  1.6718E+01  5.5806E+01  1.1322E+02  4.5205E-01  3.9587E+02  2.4254E+01 -3.9222E+02
  1.6726E+01  5.5832E+01  1.1322E+02  4.5205E-01  3.9587E+02  2.4254E+01 -3.9221E+02
  1.6733E+01  5.5858E+01  1.1322E+02  4.5205E-01  3.9586E+02  2.4254E+01 -3.9221E+02
  1.6741E+01  5.5884E+01  1.1322E+02  4.5205E-01  3.9586E+02  2.4254E+01 -3.9221E+02
  1.6749E+01  5.5910E+01  1.1322E+02  4.5205E-01  3.9586E+02  2.4254E+01 -3.9221E+02
  1.6757E+01  5.5936E+01  1.1322E+02  4.5205E-01  3.9586E+02  2.4254E+01 -3.9220E+02
  1.6764E+01  5.5961E+01  1.1322E+02  4.5205E-01  3.9586E+02  2.4254E+01 -3.9220E+02
  1.6772E+01  5.5987E+01  1.1322E+02  4.5205E-01  3.9585E+02  2.4254E+01 -3.9220E+02
  1.6780E+01  5.6013E+01  1.1322E+02  4.5205E-01  3.9585E+02  2.4254E+01 -3.9220E+02
  1.6787E+01  5.6038E+01  1.1322E+02  4.5205E-01  3.9585E+02  2.4255E+01 -3.9220E+02
  1.6795E+01  5.6064E+01  1.1322E+02  4.5205E-01  3.9585E+02  2.4255E+01 -3.9219E+02
  1.6803E+01  5.6090E+01  1.1322E+02  4.5205E-01  3.9584E+02  2.4255E+01 -3.9219E+02
  1.6811E+01  5.6116E+01  1.1322E+02  4.5205E-01  3.9584E+02  2.4255E+01 -3.9219E+02
  1.6819E+01  5.6142E+01  1.1322E+02  4.5204E-01  3.9584E+02  2.4255E+01 -3.9219E+02
  1.6826E+01  5.6168E+01  1.1322E+02  4.5204E-01  3.9584E+02  2.4255E+01 -3.9218E+02
  1.6834E+01  5.6193E+01  1.1322E+02  4.5204E-01  3.9584E+02  2.4255E+01 -3.9218E+02
  1.6842E+01  5.6219E+01  1.1322E+02  4.5204E-01  3.9583E+02  2.4255E+01 -3.9218E+02
  1.6849E+01  5.6245E+01  1.1322E+02  4.5204E-01  3.9583E+02  2.4255E+01 -3.9218E+02
  1.6857E+01  5.6271E+01  1.1322E+02  4.5204E-01  3.9583E+02  2.4255E+01 -3.9217E+02
  1.6865E+01  5.6297E+01  1.1322E+02  4.5204E-01  3.9583E+02  2.4255E+01 -3.9217E+02
  1.6873E+01  5.6323E+01  1.1322E+02  4.5204E-01  3.9582E+02  2.4255E+01 -3.9217E+02
  1.6880E+01  5.6349E+01  1.1322E+02  4.5204E-01  3.9582E+02  2.4255E+01 -3.9217E+02
  1.6888E+01  5.6374E+01  1.1322E+02  4.5204E-01  3.9582E+02  2.4255E+01 -3.9217E+02
  1.6896E+01  5.6400E+01  1.1322E+02  4.5204E-01  3.9582E+02  2.4255E+01 -3.9216E+02
  1.6904E+01  5.6426E+01  1.1322E+02  4.5204E-01  3.9581E+02  2.4255E+01 -3.9216E+02
  1.6911E+01  5.6451E+01  1.1322E+02  4.5204E-01  3.9581E+02  2.4255E+01 -3.9216E+02
  1.6919E+01  5.6477E+01  1.1322E+02  4.5204E-01  3.9581E+02  2.4255E+01 -3.9216E+02
  1.6927E+01  5.6503E+01  1.1322E+02  4.5204E-01  3.9581E+02  2.4255E+01 -3.9215E+02
  1.6935E+01  5.6529E+01  1.1322E+02  4.5204E-01  3.9581E+02  2.4255E+01 -3.9215E+02
  1.6942E+01  5.6555E+01  1.1322E+02  4.5204E-01  3.9580E+02  2.4255E+01 -3.9215E+02
  1.6950E+01  5.6581E+01  1.1322E+02  4.5204E-01  3.9580E+02  2.4255E+01 -3.9215E+02
  1.6958E+01  5.6606E+01  1.1322E+02  4.5203E-01  3.9580E+02  2.4255E+01 -3.9215E+02
  1.6965E+01  5.6632E+01  1.1322E+02  4.5203E-01  3.9580E+02  2.4255E+01 -3.9214E+02
  1.6973E+01  5.6658E+01  1.1322E+02  4.5203E-01  3.9579E+02  2.4255E+01 -3.9214E+02
  1.6981E+01  5.6684E+01  1.1322E+02  4.5203E-01  3.9579E+02  2.4255E+01 -3.9214E+02
  1.6989E+01  5.6710E+01  1.1322E+02  4.5203E-01  3.9579E+02  2.4255E+01 -3.9214E+02
  1.6996E+01  5.6736E+01  1.1322E+02  4.5203E-01  3.9579E+02  2.4255E+01 -3.9213E+02
  1.7004E+01  5.6762E+01  1.1322E+02  4.5203E-01  3.9579E+02  2.4255E+01 -3.9213E+02
  1.7012E+01  5.6787E+01  1.1322E+02  4.5203E-01  3.9578E+02  2.4255E+01 -3.9213E+02
  1.7020E+01  5.6813E+01  1.1322E+02  4.5203E-01  3.9578E+02  2.4255E+01 -3.9213E+02
  1.7027E+01  5.6839E+01  1.1322E+02  4.5203E-01  3.9578E+02  2.4255E+01 -3.9212E+02
  1.7035E+01  5.6864E+01  1.1322E+02  4.5203E-01  3.9578E+02  2.4255E+01 -3.9212E+02
  1.7043E+01  5.6890E+01  1.1322E+02  4.5203E-01  3.9577E+02  2.4255E+01 -3.9212E+02
  1.7051E+01  5.6916E+01  1.1322E+02  4.5203E-01  3.9577E+02  2.4255E+01 -3.9212E+02
  1.7058E+01  5.6942E+01  1.1322E+02  4.5203E-01  3.9577E+02  2.4255E+01 -3.9212E+02
  1.7066E+01  5.6968E+01  1.1322E+02  4.5203E-01  3.9577E+02  2.4255E+01 -3.9211E+02
  1.7074E+01  5.6994E+01  1.1322E+02  4.5203E-01  3.9576E+02  2.4255E+01 -3.9211E+02
  1.7082E+01  5.7020E+01  1.1322E+02  4.5203E-01  3.9576E+02  2.4255E+01 -3.9211E+02
  1.7089E+01  5.7045E+01  1.1322E+02  4.5203E-01  3.9576E+02  2.4255E+01 -3.9211E+02
  1.7097E+01  5.7071E+01  1.1322E+02  4.5203E-01  3.9576E+02  2.4255E+01 -3.9210E+02
  1.7105E+01  5.7097E+01  1.1322E+02  4.5202E-01  3.9576E+02  2.4255E+01 -3.9210E+02
  1.7113E+01  5.7123E+01  1.1322E+02  4.5202E-01  3.9575E+02  2.4255E+01 -3.9210E+02
  1.7120E+01  5.7149E+01  1.1322E+02  4.5202E-01  3.9575E+02  2.4255E+01 -3.9210E+02
  1.7128E+01  5.7175E+01  1.1322E+02  4.5202E-01  3.9575E+02  2.4255E+01 -3.9209E+02
  1.7136E+01  5.7200E+01  1.1322E+02  4.5202E-01  3.9575E+02  2.4255E+01 -3.9209E+02
  1.7144E+01  5.7226E+01  1.1322E+02  4.5202E-01  3.9574E+02  2.4255E+01 -3.9209E+02
  1.7151E+01  5.7252E+01  1.1322E+02  4.5202E-01  3.9574E+02  2.4255E+01 -3.9209E+02
  1.7159E+01  5.7277E+01  1.1322E+02  4.5202E-01  3.9574E+02  2.4255E+01 -3.9209E+02
  1.7167E+01  5.7303E+01  1.1322E+02  4.5202E-01  3.9574E+02  2.4255E+01 -3.9208E+02
  1.7174E+01  5.7329E+01  1.1322E+02  4.5202E-01  3.9574E+02  2.4255E+01 -3.9208E+02
  1.7182E+01  5.7355E+01  1.1322E+02  4.5202E-01  3.9573E+02  2.4255E+01 -3.9208E+02
  1.7190E+01  5.7381E+01  1.1322E+02  4.5202E-01  3.9573E+02  2.4255E+01 -3.9208E+02
  1.7198E+01  5.7407E+01  1.1322E+02  4.5202E-01  3.9573E+02  2.4255E+01 -3.9207E+02
  1.7205E+01  5.7433E+01  1.1322E+02  4.5202E-01  3.9573E+02  2.4255E+01 -3.9207E+02
  1.7213E+01  5.7458E+01  1.1322E+02  4.5202E-01  3.9572E+02  2.4255E+01 -3.9207E+02
  1.7221E+01  5.7484E+01  1.1322E+02  4.5202E-01  3.9572E+02  2.4255E+01 -3.9207E+02
  1.7229E+01  5.7510E+01  1.1322E+02  4.5202E-01  3.9572E+02  2.4255E+01 -3.9206E+02
  1.7236E+01  5.7536E+01  1.1322E+02  4.5202E-01  3.9572E+02  2.4255E+01 -3.9206E+02
  1.7244E+01  5.7562E+01  1.1322E+02  4.5201E-01  3.9572E+02  2.4255E+01 -3.9206E+02
  1.7252E+01  5.7588E+01  1.1322E+02  4.5201E-01  3.9571E+02  2.4255E+01 -3.9206E+02
  1.7260E+01  5.7613E+01  1.1322E+02  4.5201E-01  3.9571E+02  2.4255E+01 -3.9206E+02
  1.7267E+01  5.7639E+01  1.1322E+02  4.5201E-01  3.9571E+02  2.4255E+01 -3.9205E+02
  1.7275E+01  5.7665E+01  1.1322E+02  4.5201E-01  3.9571E+02  2.4255E+01 -3.9205E+02
  1.7283E+01  5.7690E+01  1.1322E+02  4.5201E-01  3.9570E+02  2.4255E+01 -3.9205E+02
  1.7289E+01  5.7713E+01  1.1322E+02  4.5201E-01  3.9570E+02  2.4255E+01 -3.9205E+02
  1.7290E+01  5.7716E+01  1.1322E+02  4.5201E-01  3.9570E+02  2.4255E+01 -3.9205E+02
  1.7298E+01  5.7742E+01  1.1322E+02  4.5201E-01  3.9570E+02  2.4255E+01 -3.9204E+02
  1.7306E+01  5.7768E+01  1.1322E+02  4.5201E-01  3.9570E+02  2.4255E+01 -3.9204E+02
  1.7314E+01  5.7794E+01  1.1322E+02  4.5201E-01  3.9569E+02  2.4255E+01 -3.9204E+02
  1.7322E+01  5.7820E+01  1.1322E+02  4.5201E-01  3.9569E+02  2.4255E+01 -3.9204E+02
  1.7329E+01  5.7846E+01  1.1322E+02  4.5201E-01  3.9569E+02  2.4255E+01 -3.9203E+02
  1.7337E+01  5.7872E+01  1.1322E+02  4.5201E-01  3.9569E+02  2.4255E+01 -3.9203E+02
  1.7345E+01  5.7897E+01  1.1322E+02  4.5201E-01  3.9569E+02  2.4255E+01 -3.9203E+02
  1.7352E+01  5.7923E+01  1.1322E+02  4.5201E-01  3.9568E+02  2.4255E+01 -3.9203E+02
  1.7360E+01  5.7949E+01  1.1322E+02  4.5201E-01  3.9568E+02  2.4255E+01 -3.9203E+02
  1.7368E+01  5.7975E+01  1.1322E+02  4.5201E-01  3.9568E+02  2.4255E+01 -3.9202E+02
  1.7376E+01  5.8001E+01  1.1322E+02  4.5201E-01  3.9568E+02  2.4255E+01 -3.9202E+02
  1.7383E+01  5.8026E+01  1.1322E+02  4.5201E-01  3.9567E+02  2.4255E+01 -3.9202E+02
  1.7391E+01  5.8052E+01  1.1322E+02  4.5200E-01  3.9567E+02  2.4255E+01 -3.9202E+02
  1.7399E+01  5.8078E+01  1.1322E+02  4.5200E-01  3.9567E+02  2.4255E+01 -3.9201E+02
  1.7407E+01  5.8103E+01  1.1322E+02  4.5200E-01  3.9567E+02  2.4255E+01 -3.9201E+02
  1.7414E+01  5.8129E+01  1.1322E+02  4.5200E-01  3.9567E+02  2.4255E+01 -3.9201E+02
  1.7422E+01  5.8155E+01  1.1322E+02  4.5200E-01  3.9566E+02  2.4255E+01 -3.9201E+02
  1.7430E+01  5.8181E+01  1.1322E+02  4.5200E-01  3.9566E+02  2.4255E+01 -3.9201E+02
  1.7438E+01  5.8207E+01  1.1322E+02  4.5200E-01  3.9566E+02  2.4255E+01 -3.9200E+02
  1.7445E+01  5.8233E+01  1.1322E+02  4.5200E-01  3.9566E+02  2.4255E+01 -3.9200E+02
  1.7453E+01  5.8259E+01  1.1322E+02  4.5200E-01  3.9565E+02  2.4255E+01 -3.9200E+02
  1.7461E+01  5.8285E+01  1.1322E+02  4.5200E-01  3.9565E+02  2.4255E+01 -3.9200E+02
  1.7468E+01  5.8310E+01  1.1322E+02  4.5200E-01  3.9565E+02  2.4255E+01 -3.9199E+02
  1.7476E+01  5.8336E+01  1.1322E+02  4.5200E-01  3.9565E+02  2.4256E+01 -3.9199E+02
  1.7484E+01  5.8362E+01  1.1322E+02  4.5200E-01  3.9565E+02  2.4256E+01 -3.9199E+02
  1.7492E+01  5.8388E+01  1.1322E+02  4.5200E-01  3.9564E+02  2.4256E+01 -3.9199E+02
  1.7499E+01  5.8414E+01  1.1322E+02  4.5200E-01  3.9564E+02  2.4256E+01 -3.9198E+02
  1.7507E+01  5.8439E+01  1.1322E+02  4.5200E-01  3.9564E+02  2.4256E+01 -3.9198E+02
  1.7515E+01  5.8465E+01  1.1322E+02  4.5200E-01  3.9564E+02  2.4256E+01 -3.9198E+02
  1.7523E+01  5.8491E+01  1.1322E+02  4.5200E-01  3.9563E+02  2.4256E+01 -3.9198E+02
  1.7530E+01  5.8516E+01  1.1322E+02  4.5200E-01  3.9563E+02  2.4256E+01 -3.9198E+02
  1.7538E+01  5.8542E+01  1.1322E+02  4.5199E-01  3.9563E+02  2.4256E+01 -3.9197E+02
  1.7546E+01  5.8568E+01  1.1322E+02  4.5199E-01  3.9563E+02  2.4256E+01 -3.9197E+02
  1.7554E+01  5.8594E+01  1.1322E+02  4.5199E-01  3.9562E+02  2.4256E+01 -3.9197E+02
  1.7561E+01  5.8620E+01  1.1322E+02  4.5199E-01  3.9562E+02  2.4256E+01 -3.9197E+02
  1.7569E+01  5.8646E+01  1.1322E+02  4.5199E-01  3.9562E+02  2.4256E+01 -3.9196E+02
  1.7577E+01  5.8672E+01  1.1322E+02  4.5199E-01  3.9562E+02  2.4256E+01 -3.9196E+02
  1.7585E+01  5.8698E+01  1.1322E+02  4.5199E-01  3.9562E+02  2.4256E+01 -3.9196E+02
  1.7592E+01  5.8724E+01  1.1322E+02  4.5199E-01  3.9561E+02  2.4256E+01 -3.9196E+02
  1.7600E+01  5.8749E+01  1.1322E+02  4.5199E-01  3.9561E+02  2.4256E+01 -3.9195E+02
  1.7608E+01  5.8775E+01  1.1322E+02  4.5199E-01  3.9561E+02  2.4256E+01 -3.9195E+02
  1.7616E+01  5.8801E+01  1.1322E+02  4.5199E-01  3.9561E+02  2.4256E+01 -3.9195E+02
  1.7623E+01  5.8827E+01  1.1322E+02  4.5199E-01  3.9560E+02  2.4256E+01 -3.9195E+02
  1.7631E+01  5.8852E+01  1.1322E+02  4.5199E-01  3.9560E+02  2.4256E+01 -3.9195E+02
  1.7639E+01  5.8878E+01  1.1322E+02  4.5199E-01  3.9560E+02  2.4256E+01 -3.9194E+02
  1.7647E+01  5.8904E+01  1.1322E+02  4.5199E-01  3.9560E+02  2.4256E+01 -3.9194E+02
  1.7654E+01  5.8930E+01  1.1322E+02  4.5199E-01  3.9560E+02  2.4256E+01 -3.9194E+02
  1.7662E+01  5.8955E+01  1.1322E+02  4.5199E-01  3.9559E+02  2.4256E+01 -3.9194E+02
  1.7670E+01  5.8981E+01  1.1322E+02  4.5199E-01  3.9559E+02  2.4256E+01 -3.9193E+02
  1.7677E+01  5.9007E+01  1.1322E+02  4.5198E-01  3.9559E+02  2.4256E+01 -3.9193E+02
  1.7685E+01  5.9033E+01  1.1322E+02  4.5198E-01  3.9559E+02  2.4256E+01 -3.9193E+02
  1.7693E+01  5.9059E+01  1.1322E+02  4.5198E-01  3.9558E+02  2.4256E+01 -3.9193E+02
  1.7701E+01  5.9085E+01  1.1322E+02  4.5198E-01  3.9558E+02  2.4256E+01 -3.9192E+02
  1.7709E+01  5.9111E+01  1.1322E+02  4.5198E-01  3.9558E+02  2.4256E+01 -3.9192E+02
  1.7716E+01  5.9137E+01  1.1322E+02  4.5198E-01  3.9558E+02  2.4256E+01 -3.9192E+02
  1.7724E+01  5.9162E+01  1.1322E+02  4.5198E-01  3.9558E+02  2.4256E+01 -3.9192E+02
  1.7732E+01  5.9188E+01  1.1322E+02  4.5198E-01  3.9557E+02  2.4256E+01 -3.9192E+02
  1.7739E+01  5.9214E+01  1.1322E+02  4.5198E-01  3.9557E+02  2.4256E+01 -3.9191E+02
  1.7747E+01  5.9240E+01  1.1322E+02  4.5198E-01  3.9557E+02  2.4256E+01 -3.9191E+02
  1.7755E+01  5.9265E+01  1.1322E+02  4.5198E-01  3.9557E+02  2.4256E+01 -3.9191E+02
  1.7763E+01  5.9291E+01  1.1322E+02  4.5198E-01  3.9556E+02  2.4256E+01 -3.9191E+02
  1.7770E+01  5.9317E+01  1.1322E+02  4.5198E-01  3.9556E+02  2.4256E+01 -3.9190E+02
  1.7778E+01  5.9343E+01  1.1322E+02  4.5198E-01  3.9556E+02  2.4256E+01 -3.9190E+02
  1.7786E+01  5.9368E+01  1.1322E+02  4.5198E-01  3.9556E+02  2.4256E+01 -3.9190E+02
  1.7794E+01  5.9394E+01  1.1322E+02  4.5198E-01  3.9555E+02  2.4256E+01 -3.9190E+02
  1.7801E+01  5.9420E+01  1.1322E+02  4.5198E-01  3.9555E+02  2.4256E+01 -3.9190E+02
  1.7809E+01  5.9446E+01  1.1322E+02  4.5198E-01  3.9555E+02  2.4256E+01 -3.9189E+02
  1.7817E+01  5.9472E+01  1.1322E+02  4.5198E-01  3.9555E+02  2.4256E+01 -3.9189E+02
  1.7825E+01  5.9498E+01  1.1322E+02  4.5197E-01  3.9555E+02  2.4256E+01 -3.9189E+02
  1.7832E+01  5.9524E+01  1.1322E+02  4.5197E-01  3.9554E+02  2.4256E+01 -3.9189E+02
  1.7840E+01  5.9550E+01  1.1322E+02  4.5197E-01  3.9554E+02  2.4256E+01 -3.9188E+02
  1.7848E+01  5.9576E+01  1.1322E+02  4.5197E-01  3.9554E+02  2.4256E+01 -3.9188E+02
  1.7855E+01  5.9601E+01  1.1322E+02  4.5197E-01  3.9554E+02  2.4256E+01 -3.9188E+02
  1.7863E+01  5.9627E+01  1.1322E+02  4.5197E-01  3.9553E+02  2.4256E+01 -3.9188E+02
  1.7871E+01  5.9653E+01  1.1322E+02  4.5197E-01  3.9553E+02  2.4256E+01 -3.9187E+02
  1.7879E+01  5.9678E+01  1.1322E+02  4.5197E-01  3.9553E+02  2.4256E+01 -3.9187E+02
  1.7886E+01  5.9704E+01  1.1322E+02  4.5197E-01  3.9553E+02  2.4257E+01 -3.9187E+02
  1.7894E+01  5.9730E+01  1.1322E+02  4.5197E-01  3.9553E+02  2.4257E+01 -3.9187E+02
  1.7902E+01  5.9756E+01  1.1322E+02  4.5197E-01  3.9552E+02  2.4257E+01 -3.9187E+02
  1.7910E+01  5.9782E+01  1.1322E+02  4.5197E-01  3.9552E+02  2.4257E+01 -3.9186E+02
  1.7917E+01  5.9807E+01  1.1322E+02  4.5197E-01  3.9552E+02  2.4257E+01 -3.9186E+02
  1.7925E+01  5.9833E+01  1.1322E+02  4.5197E-01  3.9552E+02  2.4257E+01 -3.9186E+02
  1.7933E+01  5.9859E+01  1.1322E+02  4.5197E-01  3.9551E+02  2.4257E+01 -3.9186E+02
  1.7941E+01  5.9885E+01  1.1322E+02  4.5197E-01  3.9551E+02  2.4257E+01 -3.9185E+02
  1.7948E+01  5.9911E+01  1.1322E+02  4.5197E-01  3.9551E+02  2.4257E+01 -3.9185E+02
  1.7956E+01  5.9937E+01  1.1322E+02  4.5197E-01  3.9551E+02  2.4257E+01 -3.9185E+02
  1.7964E+01  5.9963E+01  1.1322E+02  4.5196E-01  3.9551E+02  2.4257E+01 -3.9185E+02
  1.7972E+01  5.9989E+01  1.1322E+02  4.5196E-01  3.9550E+02  2.4257E+01 -3.9184E+02
  1.7979E+01  6.0014E+01  1.1322E+02  4.5196E-01  3.9550E+02  2.4257E+01 -3.9184E+02
  1.7987E+01  6.0040E+01  1.1322E+02  4.5196E-01  3.9550E+02  2.4257E+01 -3.9184E+02
  1.7995E+01  6.0066E+01  1.1322E+02  4.5196E-01  3.9550E+02  2.4257E+01 -3.9184E+02
  1.8003E+01  6.0091E+01  1.1322E+02  4.5196E-01  3.9549E+02  2.4257E+01 -3.9184E+02
  1.8010E+01  6.0117E+01  1.1322E+02  4.5196E-01  3.9549E+02  2.4257E+01 -3.9183E+02
  1.8018E+01  6.0143E+01  1.1322E+02  4.5196E-01  3.9549E+02  2.4257E+01 -3.9183E+02
  1.8026E+01  6.0169E+01  1.1322E+02  4.5196E-01  3.9549E+02  2.4257E+01 -3.9183E+02
  1.8034E+01  6.0195E+01  1.1322E+02  4.5196E-01  3.9548E+02  2.4257E+01 -3.9183E+02
  1.8041E+01  6.0220E+01  1.1322E+02  4.5196E-01  3.9548E+02  2.4257E+01 -3.9182E+02
  1.8049E+01  6.0246E+01  1.1322E+02  4.5196E-01  3.9548E+02  2.4257E+01 -3.9182E+02
  1.8057E+01  6.0272E+01  1.1322E+02  4.5196E-01  3.9548E+02  2.4257E+01 -3.9182E+02
  1.8064E+01  6.0298E+01  1.1322E+02  4.5196E-01  3.9548E+02  2.4257E+01 -3.9182E+02
  1.8072E+01  6.0324E+01  1.1322E+02  4.5196E-01  3.9547E+02  2.4257E+01 -3.9181E+02
  1.8080E+01  6.0350E+01  1.1322E+02  4.5196E-01  3.9547E+02  2.4257E+01 -3.9181E+02
  1.8088E+01  6.0376E+01  1.1322E+02  4.5196E-01  3.9547E+02  2.4257E+01 -3.9181E+02
  1.8095E+01  6.0402E+01  1.1322E+02  4.5196E-01  3.9547E+02  2.4257E+01 -3.9181E+02
  1.8103E+01  6.0427E+01  1.1322E+02  4.5196E-01  3.9546E+02  2.4257E+01 -3.9181E+02
  1.8111E+01  6.0453E+01  1.1322E+02  4.5195E-01  3.9546E+02  2.4257E+01 -3.9180E+02
  1.8119E+01  6.0479E+01  1.1322E+02  4.5195E-01  3.9546E+02  2.4257E+01 -3.9180E+02
  1.8126E+01  6.0504E+01  1.1322E+02  4.5195E-01  3.9546E+02  2.4257E+01 -3.9180E+02
  1.8134E+01  6.0530E+01  1.1322E+02  4.5195E-01  3.9546E+02  2.4257E+01 -3.9180E+02
  1.8142E+01  6.0556E+01  1.1322E+02  4.5195E-01  3.9545E+02  2.4257E+01 -3.9179E+02
  1.8150E+01  6.0582E+01  1.1322E+02  4.5195E-01  3.9545E+02  2.4257E+01 -3.9179E+02
  1.8157E+01  6.0608E+01  1.1322E+02  4.5195E-01  3.9545E+02  2.4257E+01 -3.9179E+02
  1.8165E+01  6.0634E+01  1.1322E+02  4.5195E-01  3.9545E+02  2.4257E+01 -3.9179E+02
  1.8173E+01  6.0659E+01  1.1322E+02  4.5195E-01  3.9544E+02  2.4257E+01 -3.9179E+02
  1.8180E+01  6.0685E+01  1.1322E+02  4.5195E-01  3.9544E+02  2.4257E+01 -3.9178E+02
  1.8188E+01  6.0711E+01  1.1322E+02  4.5195E-01  3.9544E+02  2.4257E+01 -3.9178E+02
  1.8196E+01  6.0737E+01  1.1322E+02  4.5195E-01  3.9544E+02  2.4257E+01 -3.9178E+02
  1.8204E+01  6.0763E+01  1.1322E+02  4.5195E-01  3.9544E+02  2.4258E+01 -3.9178E+02
  1.8212E+01  6.0789E+01  1.1322E+02  4.5195E-01  3.9543E+02  2.4258E+01 -3.9177E+02
  1.8219E+01  6.0815E+01  1.1322E+02  4.5195E-01  3.9543E+02  2.4258E+01 -3.9177E+02
  1.8227E+01  6.0840E+01  1.1322E+02  4.5195E-01  3.9543E+02  2.4258E+01 -3.9177E+02
  1.8235E+01  6.0866E+01  1.1322E+02  4.5195E-01  3.9543E+02  2.4258E+01 -3.9177E+02
  1.8242E+01  6.0892E+01  1.1322E+02  4.5195E-01  3.9542E+02  2.4258E+01 -3.9176E+02
  1.8250E+01  6.0917E+01  1.1322E+02  4.5194E-01  3.9542E+02  2.4258E+01 -3.9176E+02
  1.8258E+01  6.0943E+01  1.1322E+02  4.5194E-01  3.9542E+02  2.4258E+01 -3.9176E+02
  1.8266E+01  6.0969E+01  1.1322E+02  4.5194E-01  3.9542E+02  2.4258E+01 -3.9176E+02
  1.8273E+01  6.0995E+01  1.1322E+02  4.5194E-01  3.9542E+02  2.4258E+01 -3.9176E+02
  1.8281E+01  6.1021E+01  1.1322E+02  4.5194E-01  3.9541E+02  2.4258E+01 -3.9175E+02
  1.8289E+01  6.1047E+01  1.1322E+02  4.5194E-01  3.9541E+02  2.4258E+01 -3.9175E+02
  1.8297E+01  6.1072E+01  1.1322E+02  4.5194E-01  3.9541E+02  2.4258E+01 -3.9175E+02
  1.8304E+01  6.1098E+01  1.1322E+02  4.5194E-01  3.9541E+02  2.4258E+01 -3.9175E+02
  1.8312E+01  6.1124E+01  1.1322E+02  4.5194E-01  3.9540E+02  2.4258E+01 -3.9174E+02
  1.8320E+01  6.1150E+01  1.1322E+02  4.5194E-01  3.9540E+02  2.4258E+01 -3.9174E+02
  1.8328E+01  6.1176E+01  1.1322E+02  4.5194E-01  3.9540E+02  2.4258E+01 -3.9174E+02
  1.8335E+01  6.1202E+01  1.1322E+02  4.5194E-01  3.9540E+02  2.4258E+01 -3.9174E+02
  1.8343E+01  6.1228E+01  1.1322E+02  4.5194E-01  3.9539E+02  2.4258E+01 -3.9173E+02
  1.8351E+01  6.1253E+01  1.1322E+02  4.5194E-01  3.9539E+02  2.4258E+01 -3.9173E+02
  1.8358E+01  6.1279E+01  1.1322E+02  4.5194E-01  3.9539E+02  2.4258E+01 -3.9173E+02
  1.8366E+01  6.1305E+01  1.1322E+02  4.5194E-01  3.9539E+02  2.4258E+01 -3.9173E+02
  1.8374E+01  6.1330E+01  1.1322E+02  4.5194E-01  3.9539E+02  2.4258E+01 -3.9173E+02
  1.8382E+01  6.1356E+01  1.1322E+02  4.5194E-01  3.9538E+02  2.4258E+01 -3.9172E+02
  1.8389E+01  6.1382E+01  1.1322E+02  4.5194E-01  3.9538E+02  2.4258E+01 -3.9172E+02
  1.8397E+01  6.1408E+01  1.1322E+02  4.5193E-01  3.9538E+02  2.4258E+01 -3.9172E+02
  1.8405E+01  6.1434E+01  1.1322E+02  4.5193E-01  3.9538E+02  2.4258E+01 -3.9172E+02
  1.8409E+01  6.1449E+01  1.1322E+02  4.5193E-01  3.9538E+02  2.4258E+01 -3.9172E+02
  1.8413E+01  6.1460E+01  1.1322E+02  4.5193E-01  3.9537E+02  2.4258E+01 -3.9171E+02
  1.8421E+01  6.1486E+01  1.1322E+02  4.5193E-01  3.9537E+02  2.4258E+01 -3.9171E+02
  1.8428E+01  6.1511E+01  1.1322E+02  4.5193E-01  3.9537E+02  2.4258E+01 -3.9171E+02
  1.8436E+01  6.1537E+01  1.1322E+02  4.5193E-01  3.9537E+02  2.4258E+01 -3.9171E+02
  1.8444E+01  6.1563E+01  1.1322E+02  4.5193E-01  3.9537E+02  2.4258E+01 -3.9171E+02
  1.8451E+01  6.1589E+01  1.1322E+02  4.5193E-01  3.9536E+02  2.4258E+01 -3.9170E+02
  1.8459E+01  6.1615E+01  1.1322E+02  4.5193E-01  3.9536E+02  2.4258E+01 -3.9170E+02
  1.8467E+01  6.1641E+01  1.1322E+02  4.5193E-01  3.9536E+02  2.4258E+01 -3.9170E+02
  1.8475E+01  6.1666E+01  1.1322E+02  4.5193E-01  3.9536E+02  2.4258E+01 -3.9170E+02
  1.8482E+01  6.1692E+01  1.1322E+02  4.5193E-01  3.9535E+02  2.4258E+01 -3.9169E+02
  1.8490E+01  6.1718E+01  1.1322E+02  4.5193E-01  3.9535E+02  2.4258E+01 -3.9169E+02
  1.8498E+01  6.1743E+01  1.1322E+02  4.5193E-01  3.9535E+02  2.4258E+01 -3.9169E+02
  1.8506E+01  6.1769E+01  1.1322E+02  4.5193E-01  3.9535E+02  2.4259E+01 -3.9169E+02
  1.8513E+01  6.1795E+01  1.1322E+02  4.5193E-01  3.9535E+02  2.4259E+01 -3.9168E+02
  1.8521E+01  6.1821E+01  1.1322E+02  4.5193E-01  3.9534E+02  2.4259E+01 -3.9168E+02
  1.8529E+01  6.1847E+01  1.1322E+02  4.5193E-01  3.9534E+02  2.4259E+01 -3.9168E+02
  1.8537E+01  6.1873E+01  1.1322E+02  4.5193E-01  3.9534E+02  2.4259E+01 -3.9168E+02
  1.8544E+01  6.1899E+01  1.1322E+02  4.5192E-01  3.9534E+02  2.4259E+01 -3.9168E+02
  1.8552E+01  6.1924E+01  1.1322E+02  4.5192E-01  3.9533E+02  2.4259E+01 -3.9167E+02
  1.8560E+01  6.1950E+01  1.1322E+02  4.5192E-01  3.9533E+02  2.4259E+01 -3.9167E+02
  1.8567E+01  6.1976E+01  1.1322E+02  4.5192E-01  3.9533E+02  2.4259E+01 -3.9167E+02
  1.8575E+01  6.2002E+01  1.1322E+02  4.5192E-01  3.9533E+02  2.4259E+01 -3.9167E+02
  1.8583E+01  6.2028E+01  1.1322E+02  4.5192E-01  3.9533E+02  2.4259E+01 -3.9166E+02
  1.8591E+01  6.2054E+01  1.1322E+02  4.5192E-01  3.9532E+02  2.4259E+01 -3.9166E+02
  1.8598E+01  6.2079E+01  1.1322E+02  4.5192E-01  3.9532E+02  2.4259E+01 -3.9166E+02
  1.8606E+01  6.2105E+01  1.1322E+02  4.5192E-01  3.9532E+02  2.4259E+01 -3.9166E+02
  1.8614E+01  6.2131E+01  1.1322E+02  4.5192E-01  3.9532E+02  2.4259E+01 -3.9165E+02
  1.8622E+01  6.2156E+01  1.1322E+02  4.5192E-01  3.9531E+02  2.4259E+01 -3.9165E+02
  1.8629E+01  6.2182E+01  1.1322E+02  4.5192E-01  3.9531E+02  2.4259E+01 -3.9165E+02
  1.8637E+01  6.2208E+01  1.1322E+02  4.5192E-01  3.9531E+02  2.4259E+01 -3.9165E+02
  1.8645E+01  6.2234E+01  1.1322E+02  4.5192E-01  3.9531E+02  2.4259E+01 -3.9165E+02
  1.8653E+01  6.2260E+01  1.1322E+02  4.5192E-01  3.9530E+02  2.4259E+01 -3.9164E+02
  1.8660E+01  6.2286E+01  1.1322E+02  4.5192E-01  3.9530E+02  2.4259E+01 -3.9164E+02
  1.8668E+01  6.2312E+01  1.1322E+02  4.5192E-01  3.9530E+02  2.4259E+01 -3.9164E+02
  1.8676E+01  6.2338E+01  1.1322E+02  4.5192E-01  3.9530E+02  2.4259E+01 -3.9164E+02
  1.8683E+01  6.2363E+01  1.1322E+02  4.5191E-01  3.9530E+02  2.4259E+01 -3.9163E+02
  1.8691E+01  6.2389E+01  1.1322E+02  4.5191E-01  3.9529E+02  2.4259E+01 -3.9163E+02
  1.8699E+01  6.2415E+01  1.1322E+02  4.5191E-01  3.9529E+02  2.4259E+01 -3.9163E+02
  1.8707E+01  6.2441E+01  1.1322E+02  4.5191E-01  3.9529E+02  2.4259E+01 -3.9163E+02
  1.8715E+01  6.2467E+01  1.1322E+02  4.5191E-01  3.9529E+02  2.4259E+01 -3.9163E+02
  1.8722E+01  6.2492E+01  1.1322E+02  4.5191E-01  3.9528E+02  2.4259E+01 -3.9162E+02
  1.8730E+01  6.2518E+01  1.1322E+02  4.5191E-01  3.9528E+02  2.4259E+01 -3.9162E+02
  1.8738E+01  6.2544E+01  1.1322E+02  4.5191E-01  3.9528E+02  2.4259E+01 -3.9162E+02
  1.8745E+01  6.2569E+01  1.1322E+02  4.5191E-01  3.9528E+02  2.4259E+01 -3.9162E+02
  1.8753E+01  6.2595E+01  1.1322E+02  4.5191E-01  3.9528E+02  2.4259E+01 -3.9161E+02
  1.8761E+01  6.2621E+01  1.1322E+02  4.5191E-01  3.9527E+02  2.4259E+01 -3.9161E+02
  1.8769E+01  6.2647E+01  1.1322E+02  4.5191E-01  3.9527E+02  2.4259E+01 -3.9161E+02
  1.8776E+01  6.2673E+01  1.1322E+02  4.5191E-01  3.9527E+02  2.4259E+01 -3.9161E+02
  1.8784E+01  6.2699E+01  1.1322E+02  4.5191E-01  3.9527E+02  2.4259E+01 -3.9160E+02
  1.8792E+01  6.2725E+01  1.1322E+02  4.5191E-01  3.9526E+02  2.4259E+01 -3.9160E+02
  1.8800E+01  6.2751E+01  1.1322E+02  4.5191E-01  3.9526E+02  2.4259E+01 -3.9160E+02
  1.8807E+01  6.2776E+01  1.1322E+02  4.5191E-01  3.9526E+02  2.4260E+01 -3.9160E+02
  1.8815E+01  6.2802E+01  1.1322E+02  4.5191E-01  3.9526E+02  2.4260E+01 -3.9160E+02
  1.8823E+01  6.2828E+01  1.1322E+02  4.5191E-01  3.9526E+02  2.4260E+01 -3.9159E+02
  1.8831E+01  6.2854E+01  1.1322E+02  4.5190E-01  3.9525E+02  2.4260E+01 -3.9159E+02
  1.8838E+01  6.2880E+01  1.1322E+02  4.5190E-01  3.9525E+02  2.4260E+01 -3.9159E+02
  1.8846E+01  6.2905E+01  1.1322E+02  4.5190E-01  3.9525E+02  2.4260E+01 -3.9159E+02
  1.8854E+01  6.2931E+01  1.1322E+02  4.5190E-01  3.9525E+02  2.4260E+01 -3.9158E+02
  1.8862E+01  6.2957E+01  1.1322E+02  4.5190E-01  3.9524E+02  2.4260E+01 -3.9158E+02
  1.8869E+01  6.2982E+01  1.1322E+02  4.5190E-01  3.9524E+02  2.4260E+01 -3.9158E+02
  1.8877E+01  6.3008E+01  1.1322E+02  4.5190E-01  3.9524E+02  2.4260E+01 -3.9158E+02
  1.8885E+01  6.3034E+01  1.1322E+02  4.5190E-01  3.9524E+02  2.4260E+01 -3.9157E+02
  1.8892E+01  6.3060E+01  1.1322E+02  4.5190E-01  3.9524E+02  2.4260E+01 -3.9157E+02
  1.8900E+01  6.3086E+01  1.1322E+02  4.5190E-01  3.9523E+02  2.4260E+01 -3.9157E+02
  1.8908E+01  6.3112E+01  1.1322E+02  4.5190E-01  3.9523E+02  2.4260E+01 -3.9157E+02
  1.8916E+01  6.3138E+01  1.1322E+02  4.5190E-01  3.9523E+02  2.4260E+01 -3.9157E+02
  1.8924E+01  6.3164E+01  1.1322E+02  4.5190E-01  3.9523E+02  2.4260E+01 -3.9156E+02
  1.8931E+01  6.3189E+01  1.1322E+02  4.5190E-01  3.9522E+02  2.4260E+01 -3.9156E+02
  1.8939E+01  6.3215E+01  1.1322E+02  4.5190E-01  3.9522E+02  2.4260E+01 -3.9156E+02
  1.8947E+01  6.3241E+01  1.1322E+02  4.5190E-01  3.9522E+02  2.4260E+01 -3.9156E+02
  1.8954E+01  6.3267E+01  1.1322E+02  4.5190E-01  3.9522E+02  2.4260E+01 -3.9155E+02
  1.8962E+01  6.3293E+01  1.1322E+02  4.5190E-01  3.9522E+02  2.4260E+01 -3.9155E+02
  1.8970E+01  6.3318E+01  1.1322E+02  4.5190E-01  3.9521E+02  2.4260E+01 -3.9155E+02
  1.8978E+01  6.3344E+01  1.1322E+02  4.5189E-01  3.9521E+02  2.4260E+01 -3.9155E+02
  1.8985E+01  6.3370E+01  1.1322E+02  4.5189E-01  3.9521E+02  2.4260E+01 -3.9155E+02
  1.8993E+01  6.3396E+01  1.1322E+02  4.5189E-01  3.9521E+02  2.4260E+01 -3.9154E+02
  1.9001E+01  6.3421E+01  1.1322E+02  4.5189E-01  3.9520E+02  2.4260E+01 -3.9154E+02
  1.9009E+01  6.3447E+01  1.1322E+02  4.5189E-01  3.9520E+02  2.4260E+01 -3.9154E+02
  1.9016E+01  6.3473E+01  1.1322E+02  4.5189E-01  3.9520E+02  2.4260E+01 -3.9154E+02
  1.9024E+01  6.3499E+01  1.1322E+02  4.5189E-01  3.9520E+02  2.4260E+01 -3.9153E+02
  1.9032E+01  6.3525E+01  1.1322E+02  4.5189E-01  3.9519E+02  2.4260E+01 -3.9153E+02
  1.9040E+01  6.3551E+01  1.1322E+02  4.5189E-01  3.9519E+02  2.4260E+01 -3.9153E+02
  1.9047E+01  6.3577E+01  1.1322E+02  4.5189E-01  3.9519E+02  2.4260E+01 -3.9153E+02
  1.9055E+01  6.3603E+01  1.1322E+02  4.5189E-01  3.9519E+02  2.4260E+01 -3.9152E+02
  1.9063E+01  6.3628E+01  1.1322E+02  4.5189E-01  3.9519E+02  2.4260E+01 -3.9152E+02
  1.9070E+01  6.3654E+01  1.1322E+02  4.5189E-01  3.9518E+02  2.4260E+01 -3.9152E+02
  1.9078E+01  6.3680E+01  1.1322E+02  4.5189E-01  3.9518E+02  2.4260E+01 -3.9152E+02
  1.9086E+01  6.3706E+01  1.1322E+02  4.5189E-01  3.9518E+02  2.4260E+01 -3.9152E+02
  1.9094E+01  6.3731E+01  1.1322E+02  4.5189E-01  3.9518E+02  2.4260E+01 -3.9151E+02
  1.9102E+01  6.3757E+01  1.1322E+02  4.5189E-01  3.9517E+02  2.4261E+01 -3.9151E+02
  1.9109E+01  6.3783E+01  1.1322E+02  4.5189E-01  3.9517E+02  2.4261E+01 -3.9151E+02
  1.9117E+01  6.3809E+01  1.1322E+02  4.5188E-01  3.9517E+02  2.4261E+01 -3.9151E+02
  1.9125E+01  6.3834E+01  1.1322E+02  4.5188E-01  3.9517E+02  2.4261E+01 -3.9150E+02
  1.9132E+01  6.3860E+01  1.1322E+02  4.5188E-01  3.9517E+02  2.4261E+01 -3.9150E+02
  1.9140E+01  6.3886E+01  1.1322E+02  4.5188E-01  3.9516E+02  2.4261E+01 -3.9150E+02
  1.9148E+01  6.3912E+01  1.1322E+02  4.5188E-01  3.9516E+02  2.4261E+01 -3.9150E+02
  1.9156E+01  6.3938E+01  1.1322E+02  4.5188E-01  3.9516E+02  2.4261E+01 -3.9149E+02
  1.9163E+01  6.3964E+01  1.1322E+02  4.5188E-01  3.9516E+02  2.4261E+01 -3.9149E+02
  1.9171E+01  6.3990E+01  1.1322E+02  4.5188E-01  3.9515E+02  2.4261E+01 -3.9149E+02
  1.9179E+01  6.4016E+01  1.1322E+02  4.5188E-01  3.9515E+02  2.4261E+01 -3.9149E+02
  1.9187E+01  6.4041E+01  1.1322E+02  4.5188E-01  3.9515E+02  2.4261E+01 -3.9149E+02
  1.9189E+01  6.4050E+01  1.1322E+02  4.5188E-01  3.9515E+02  2.4261E+01 -3.9149E+02
  1.9194E+01  6.4067E+01  1.1322E+02  4.5188E-01  3.9515E+02  2.4261E+01 -3.9148E+02
  1.9202E+01  6.4093E+01  1.1322E+02  4.5188E-01  3.9515E+02  2.4261E+01 -3.9148E+02
  1.9210E+01  6.4119E+01  1.1322E+02  4.5188E-01  3.9514E+02  2.4261E+01 -3.9148E+02
  1.9218E+01  6.4144E+01  1.1322E+02  4.5188E-01  3.9514E+02  2.4261E+01 -3.9148E+02
  1.9225E+01  6.4170E+01  1.1322E+02  4.5188E-01  3.9514E+02  2.4261E+01 -3.9147E+02
  1.9233E+01  6.4196E+01  1.1322E+02  4.5188E-01  3.9514E+02  2.4261E+01 -3.9147E+02
  1.9241E+01  6.4222E+01  1.1322E+02  4.5188E-01  3.9513E+02  2.4261E+01 -3.9147E+02
  1.9249E+01  6.4248E+01  1.1322E+02  4.5188E-01  3.9513E+02  2.4261E+01 -3.9147E+02
  1.9256E+01  6.4273E+01  1.1322E+02  4.5188E-01  3.9513E+02  2.4261E+01 -3.9147E+02
  1.9264E+01  6.4299E+01  1.1322E+02  4.5187E-01  3.9513E+02  2.4261E+01 -3.9146E+02
  1.9272E+01  6.4325E+01  1.1322E+02  4.5187E-01  3.9513E+02  2.4261E+01 -3.9146E+02
  1.9279E+01  6.4351E+01  1.1322E+02  4.5187E-01  3.9512E+02  2.4261E+01 -3.9146E+02
  1.9287E+01  6.4377E+01  1.1322E+02  4.5187E-01  3.9512E+02  2.4261E+01 -3.9146E+02
  1.9295E+01  6.4403E+01  1.1322E+02  4.5187E-01  3.9512E+02  2.4261E+01 -3.9145E+02
  1.9303E+01  6.4429E+01  1.1322E+02  4.5187E-01  3.9512E+02  2.4261E+01 -3.9145E+02
  1.9311E+01  6.4455E+01  1.1322E+02  4.5187E-01  3.9511E+02  2.4261E+01 -3.9145E+02
  1.9318E+01  6.4480E+01  1.1322E+02  4.5187E-01  3.9511E+02  2.4261E+01 -3.9145E+02
  1.9326E+01  6.4506E+01  1.1322E+02  4.5187E-01  3.9511E+02  2.4261E+01 -3.9144E+02
  1.9334E+01  6.4532E+01  1.1322E+02  4.5187E-01  3.9511E+02  2.4261E+01 -3.9144E+02
  1.9341E+01  6.4557E+01  1.1322E+02  4.5187E-01  3.9511E+02  2.4261E+01 -3.9144E+02
  1.9349E+01  6.4583E+01  1.1322E+02  4.5187E-01  3.9510E+02  2.4261E+01 -3.9144E+02
  1.9357E+01  6.4609E+01  1.1322E+02  4.5187E-01  3.9510E+02  2.4261E+01 -3.9144E+02
  1.9365E+01  6.4635E+01  1.1322E+02  4.5187E-01  3.9510E+02  2.4261E+01 -3.9143E+02
  1.9372E+01  6.4661E+01  1.1322E+02  4.5187E-01  3.9510E+02  2.4261E+01 -3.9143E+02
  1.9380E+01  6.4686E+01  1.1322E+02  4.5187E-01  3.9509E+02  2.4261E+01 -3.9143E+02
  1.9388E+01  6.4712E+01  1.1322E+02  4.5187E-01  3.9509E+02  2.4261E+01 -3.9143E+02
  1.9396E+01  6.4738E+01  1.1322E+02  4.5187E-01  3.9509E+02  2.4261E+01 -3.9142E+02
  1.9403E+01  6.4764E+01  1.1322E+02  4.5187E-01  3.9509E+02  2.4262E+01 -3.9142E+02
  1.9411E+01  6.4790E+01  1.1322E+02  4.5186E-01  3.9509E+02  2.4262E+01 -3.9142E+02
  1.9419E+01  6.4816E+01  1.1322E+02  4.5186E-01  3.9508E+02  2.4262E+01 -3.9142E+02
  1.9427E+01  6.4842E+01  1.1322E+02  4.5186E-01  3.9508E+02  2.4262E+01 -3.9142E+02
  1.9434E+01  6.4868E+01  1.1322E+02  4.5186E-01  3.9508E+02  2.4262E+01 -3.9141E+02
  1.9442E+01  6.4893E+01  1.1322E+02  4.5186E-01  3.9508E+02  2.4262E+01 -3.9141E+02
  1.9450E+01  6.4919E+01  1.1322E+02  4.5186E-01  3.9507E+02  2.4262E+01 -3.9141E+02
  1.9457E+01  6.4945E+01  1.1322E+02  4.5186E-01  3.9507E+02  2.4262E+01 -3.9141E+02
  1.9465E+01  6.4970E+01  1.1322E+02  4.5186E-01  3.9507E+02  2.4262E+01 -3.9140E+02
  1.9473E+01  6.4996E+01  1.1322E+02  4.5186E-01  3.9507E+02  2.4262E+01 -3.9140E+02
  1.9481E+01  6.5022E+01  1.1322E+02  4.5186E-01  3.9506E+02  2.4262E+01 -3.9140E+02
  1.9488E+01  6.5048E+01  1.1322E+02  4.5186E-01  3.9506E+02  2.4262E+01 -3.9140E+02
  1.9496E+01  6.5074E+01  1.1322E+02  4.5186E-01  3.9506E+02  2.4262E+01 -3.9139E+02
  1.9504E+01  6.5099E+01  1.1322E+02  4.5186E-01  3.9506E+02  2.4262E+01 -3.9139E+02
  1.9512E+01  6.5125E+01  1.1322E+02  4.5186E-01  3.9506E+02  2.4262E+01 -3.9139E+02
  1.9519E+01  6.5151E+01  1.1322E+02  4.5186E-01  3.9505E+02  2.4262E+01 -3.9139E+02
  1.9527E+01  6.5177E+01  1.1322E+02  4.5186E-01  3.9505E+02  2.4262E+01 -3.9139E+02
  1.9535E+01  6.5203E+01  1.1322E+02  4.5186E-01  3.9505E+02  2.4262E+01 -3.9138E+02
  1.9543E+01  6.5229E+01  1.1322E+02  4.5186E-01  3.9505E+02  2.4262E+01 -3.9138E+02
  1.9550E+01  6.5255E+01  1.1322E+02  4.5185E-01  3.9504E+02  2.4262E+01 -3.9138E+02
  1.9558E+01  6.5281E+01  1.1322E+02  4.5185E-01  3.9504E+02  2.4262E+01 -3.9138E+02
  1.9566E+01  6.5306E+01  1.1322E+02  4.5185E-01  3.9504E+02  2.4262E+01 -3.9137E+02
  1.9573E+01  6.5332E+01  1.1322E+02  4.5185E-01  3.9504E+02  2.4262E+01 -3.9137E+02
  1.9581E+01  6.5358E+01  1.1322E+02  4.5185E-01  3.9504E+02  2.4262E+01 -3.9137E+02
  1.9589E+01  6.5383E+01  1.1322E+02  4.5185E-01  3.9503E+02  2.4262E+01 -3.9137E+02
  1.9597E+01  6.5409E+01  1.1322E+02  4.5185E-01  3.9503E+02  2.4262E+01 -3.9137E+02
  1.9605E+01  6.5435E+01  1.1322E+02  4.5185E-01  3.9503E+02  2.4262E+01 -3.9136E+02
  1.9612E+01  6.5461E+01  1.1322E+02  4.5185E-01  3.9503E+02  2.4262E+01 -3.9136E+02
  1.9620E+01  6.5487E+01  1.1322E+02  4.5185E-01  3.9502E+02  2.4262E+01 -3.9136E+02
  1.9628E+01  6.5513E+01  1.1322E+02  4.5185E-01  3.9502E+02  2.4262E+01 -3.9136E+02
  1.9635E+01  6.5538E+01  1.1322E+02  4.5185E-01  3.9502E+02  2.4262E+01 -3.9135E+02
  1.9643E+01  6.5564E+01  1.1322E+02  4.5185E-01  3.9502E+02  2.4262E+01 -3.9135E+02
  1.9651E+01  6.5590E+01  1.1322E+02  4.5185E-01  3.9502E+02  2.4262E+01 -3.9135E+02
  1.9659E+01  6.5616E+01  1.1322E+02  4.5185E-01  3.9501E+02  2.4262E+01 -3.9135E+02
  1.9666E+01  6.5642E+01  1.1322E+02  4.5185E-01  3.9501E+02  2.4262E+01 -3.9134E+02
  1.9674E+01  6.5668E+01  1.1322E+02  4.5185E-01  3.9501E+02  2.4262E+01 -3.9134E+02
  1.9682E+01  6.5694E+01  1.1322E+02  4.5185E-01  3.9501E+02  2.4262E+01 -3.9134E+02
  1.9690E+01  6.5719E+01  1.1322E+02  4.5185E-01  3.9500E+02  2.4262E+01 -3.9134E+02
  1.9697E+01  6.5745E+01  1.1322E+02  4.5184E-01  3.9500E+02  2.4262E+01 -3.9134E+02
  1.9705E+01  6.5771E+01  1.1322E+02  4.5184E-01  3.9500E+02  2.4263E+01 -3.9133E+02
  1.9713E+01  6.5796E+01  1.1322E+02  4.5184E-01  3.9500E+02  2.4263E+01 -3.9133E+02
  1.9721E+01  6.5822E+01  1.1322E+02  4.5184E-01  3.9500E+02  2.4263E+01 -3.9133E+02
  1.9728E+01  6.5848E+01  1.1322E+02  4.5184E-01  3.9499E+02  2.4263E+01 -3.9133E+02
  1.9736E+01  6.5874E+01  1.1322E+02  4.5184E-01  3.9499E+02  2.4263E+01 -3.9132E+02
  1.9744E+01  6.5900E+01  1.1322E+02  4.5184E-01  3.9499E+02  2.4263E+01 -3.9132E+02
  1.9752E+01  6.5926E+01  1.1322E+02  4.5184E-01  3.9499E+02  2.4263E+01 -3.9132E+02
  1.9759E+01  6.5951E+01  1.1322E+02  4.5184E-01  3.9498E+02  2.4263E+01 -3.9132E+02
  1.9767E+01  6.5977E+01  1.1322E+02  4.5184E-01  3.9498E+02  2.4263E+01 -3.9132E+02
  1.9775E+01  6.6003E+01  1.1322E+02  4.5184E-01  3.9498E+02  2.4263E+01 -3.9131E+02
  1.9782E+01  6.6029E+01  1.1322E+02  4.5184E-01  3.9498E+02  2.4263E+01 -3.9131E+02
  1.9790E+01  6.6055E+01  1.1322E+02  4.5184E-01  3.9498E+02  2.4263E+01 -3.9131E+02
  1.9798E+01  6.6081E+01  1.1322E+02  4.5184E-01  3.9497E+02  2.4263E+01 -3.9131E+02
  1.9806E+01  6.6107E+01  1.1322E+02  4.5184E-01  3.9497E+02  2.4263E+01 -3.9130E+02
  1.9814E+01  6.6132E+01  1.1322E+02  4.5184E-01  3.9497E+02  2.4263E+01 -3.9130E+02
  1.9821E+01  6.6158E+01  1.1322E+02  4.5184E-01  3.9497E+02  2.4263E+01 -3.9130E+02
  1.9829E+01  6.6184E+01  1.1322E+02  4.5184E-01  3.9496E+02  2.4263E+01 -3.9130E+02
  1.9837E+01  6.6209E+01  1.1322E+02  4.5184E-01  3.9496E+02  2.4263E+01 -3.9129E+02
  1.9844E+01  6.6235E+01  1.1322E+02  4.5183E-01  3.9496E+02  2.4263E+01 -3.9129E+02
  1.9852E+01  6.6261E+01  1.1322E+02  4.5183E-01  3.9496E+02  2.4263E+01 -3.9129E+02
  1.9860E+01  6.6287E+01  1.1322E+02  4.5183E-01  3.9496E+02  2.4263E+01 -3.9129E+02
  1.9868E+01  6.6313E+01  1.1322E+02  4.5183E-01  3.9495E+02  2.4263E+01 -3.9129E+02
  1.9875E+01  6.6339E+01  1.1322E+02  4.5183E-01  3.9495E+02  2.4263E+01 -3.9128E+02
  1.9883E+01  6.6365E+01  1.1322E+02  4.5183E-01  3.9495E+02  2.4263E+01 -3.9128E+02
  1.9891E+01  6.6390E+01  1.1322E+02  4.5183E-01  3.9495E+02  2.4263E+01 -3.9128E+02
  1.9899E+01  6.6416E+01  1.1322E+02  4.5183E-01  3.9494E+02  2.4263E+01 -3.9128E+02
  1.9906E+01  6.6442E+01  1.1322E+02  4.5183E-01  3.9494E+02  2.4263E+01 -3.9127E+02
  1.9914E+01  6.6468E+01  1.1322E+02  4.5183E-01  3.9494E+02  2.4263E+01 -3.9127E+02
  1.9922E+01  6.6494E+01  1.1322E+02  4.5183E-01  3.9494E+02  2.4263E+01 -3.9127E+02
  1.9930E+01  6.6520E+01  1.1322E+02  4.5183E-01  3.9494E+02  2.4263E+01 -3.9127E+02
  1.9937E+01  6.6545E+01  1.1322E+02  4.5183E-01  3.9493E+02  2.4263E+01 -3.9127E+02
  1.9945E+01  6.6571E+01  1.1322E+02  4.5183E-01  3.9493E+02  2.4263E+01 -3.9126E+02
  1.9953E+01  6.6597E+01  1.1322E+02  4.5183E-01  3.9493E+02  2.4263E+01 -3.9126E+02
  1.9960E+01  6.6622E+01  1.1322E+02  4.5183E-01  3.9493E+02  2.4263E+01 -3.9126E+02
  1.9968E+01  6.6648E+01  1.1322E+02  4.5183E-01  3.9492E+02  2.4263E+01 -3.9126E+02
  1.9976E+01  6.6674E+01  1.1322E+02  4.5183E-01  3.9492E+02  2.4263E+01 -3.9125E+02
  1.9984E+01  6.6700E+01  1.1322E+02  4.5182E-01  3.9492E+02  2.4263E+01 -3.9125E+02
  1.9991E+01  6.6726E+01  1.1322E+02  4.5182E-01  3.9492E+02  2.4263E+01 -3.9125E+02
  1.9999E+01  6.6752E+01  1.1322E+02  4.5182E-01  3.9492E+02  2.4264E+01 -3.9125E+02
  2.0007E+01  6.6778E+01  1.1322E+02  4.5182E-01  3.9491E+02  2.4264E+01 -3.9124E+02
  2.0015E+01  6.6803E+01  1.1322E+02  4.5182E-01  3.9491E+02  2.4264E+01 -3.9124E+02
  2.0022E+01  6.6829E+01  1.1322E+02  4.5182E-01  3.9491E+02  2.4264E+01 -3.9124E+02
  2.0030E+01  6.6855E+01  1.1322E+02  4.5182E-01  3.9491E+02  2.4264E+01 -3.9124E+02
  2.0038E+01  6.6881E+01  1.1322E+02  4.5182E-01  3.9490E+02  2.4264E+01 -3.9124E+02
  2.0046E+01  6.6907E+01  1.1322E+02  4.5182E-01  3.9490E+02  2.4264E+01 -3.9123E+02
  2.0053E+01  6.6933E+01  1.1322E+02  4.5182E-01  3.9490E+02  2.4264E+01 -3.9123E+02
  2.0061E+01  6.6958E+01  1.1322E+02  4.5182E-01  3.9490E+02  2.4264E+01 -3.9123E+02
  2.0069E+01  6.6984E+01  1.1322E+02  4.5182E-01  3.9490E+02  2.4264E+01 -3.9123E+02
  2.0077E+01  6.7010E+01  1.1322E+02  4.5182E-01  3.9489E+02  2.4264E+01 -3.9122E+02
  2.0084E+01  6.7035E+01  1.1322E+02  4.5182E-01  3.9489E+02  2.4264E+01 -3.9122E+02
  2.0092E+01  6.7061E+01  1.1322E+02  4.5182E-01  3.9489E+02  2.4264E+01 -3.9122E+02
  2.0100E+01  6.7087E+01  1.1322E+02  4.5182E-01  3.9489E+02  2.4264E+01 -3.9122E+02
  2.0108E+01  6.7113E+01  1.1322E+02  4.5182E-01  3.9488E+02  2.4264E+01 -3.9122E+02
  2.0115E+01  6.7139E+01  1.1322E+02  4.5182E-01  3.9488E+02  2.4264E+01 -3.9121E+02
  2.0123E+01  6.7165E+01  1.1322E+02  4.5182E-01  3.9488E+02  2.4264E+01 -3.9121E+02
  2.0131E+01  6.7191E+01  1.1322E+02  4.5181E-01  3.9488E+02  2.4264E+01 -3.9121E+02
  2.0139E+01  6.7217E+01  1.1322E+02  4.5181E-01  3.9487E+02  2.4264E+01 -3.9121E+02
  2.0146E+01  6.7242E+01  1.1322E+02  4.5181E-01  3.9487E+02  2.4264E+01 -3.9120E+02
  2.0154E+01  6.7268E+01  1.1322E+02  4.5181E-01  3.9487E+02  2.4264E+01 -3.9120E+02
  2.0162E+01  6.7294E+01  1.1322E+02  4.5181E-01  3.9487E+02  2.4264E+01 -3.9120E+02
  2.0169E+01  6.7320E+01  1.1322E+02  4.5181E-01  3.9487E+02  2.4264E+01 -3.9120E+02
  2.0177E+01  6.7346E+01  1.1322E+02  4.5181E-01  3.9486E+02  2.4264E+01 -3.9119E+02
  2.0185E+01  6.7371E+01  1.1322E+02  4.5181E-01  3.9486E+02  2.4264E+01 -3.9119E+02
  2.0193E+01  6.7397E+01  1.1322E+02  4.5181E-01  3.9486E+02  2.4264E+01 -3.9119E+02
  2.0201E+01  6.7423E+01  1.1322E+02  4.5181E-01  3.9486E+02  2.4264E+01 -3.9119E+02
  2.0208E+01  6.7448E+01  1.1322E+02  4.5181E-01  3.9485E+02  2.4264E+01 -3.9119E+02
  2.0216E+01  6.7474E+01  1.1322E+02  4.5181E-01  3.9485E+02  2.4264E+01 -3.9118E+02
  2.0224E+01  6.7500E+01  1.1322E+02  4.5181E-01  3.9485E+02  2.4264E+01 -3.9118E+02
  2.0231E+01  6.7526E+01  1.1322E+02  4.5181E-01  3.9485E+02  2.4264E+01 -3.9118E+02
  2.0239E+01  6.7552E+01  1.1322E+02  4.5181E-01  3.9485E+02  2.4264E+01 -3.9118E+02
  2.0247E+01  6.7578E+01  1.1322E+02  4.5181E-01  3.9484E+02  2.4264E+01 -3.9117E+02
  2.0255E+01  6.7604E+01  1.1322E+02  4.5181E-01  3.9484E+02  2.4264E+01 -3.9117E+02
  2.0262E+01  6.7630E+01  1.1322E+02  4.5181E-01  3.9484E+02  2.4264E+01 -3.9117E+02
  2.0270E+01  6.7655E+01  1.1322E+02  4.5181E-01  3.9484E+02  2.4264E+01 -3.9117E+02
  2.0278E+01  6.7681E+01  1.1322E+02  4.5180E-01  3.9483E+02  2.4264E+01 -3.9117E+02
  2.0286E+01  6.7707E+01  1.1322E+02  4.5180E-01  3.9483E+02  2.4264E+01 -3.9116E+02
  2.0293E+01  6.7733E+01  1.1322E+02  4.5180E-01  3.9483E+02  2.4265E+01 -3.9116E+02
  2.0301E+01  6.7759E+01  1.1322E+02  4.5180E-01  3.9483E+02  2.4265E+01 -3.9116E+02
  2.0309E+01  6.7784E+01  1.1322E+02  4.5180E-01  3.9483E+02  2.4265E+01 -3.9116E+02
  2.0317E+01  6.7810E+01  1.1322E+02  4.5180E-01  3.9482E+02  2.4265E+01 -3.9115E+02
  2.0324E+01  6.7836E+01  1.1322E+02  4.5180E-01  3.9482E+02  2.4265E+01 -3.9115E+02
  2.0332E+01  6.7861E+01  1.1322E+02  4.5180E-01  3.9482E+02  2.4265E+01 -3.9115E+02
  2.0340E+01  6.7887E+01  1.1322E+02  4.5180E-01  3.9482E+02  2.4265E+01 -3.9115E+02
  2.0347E+01  6.7913E+01  1.1322E+02  4.5180E-01  3.9481E+02  2.4265E+01 -3.9114E+02
  2.0355E+01  6.7939E+01  1.1322E+02  4.5180E-01  3.9481E+02  2.4265E+01 -3.9114E+02
  2.0363E+01  6.7965E+01  1.1322E+02  4.5180E-01  3.9481E+02  2.4265E+01 -3.9114E+02
  2.0371E+01  6.7991E+01  1.1322E+02  4.5180E-01  3.9481E+02  2.4265E+01 -3.9114E+02
  2.0378E+01  6.8017E+01  1.1322E+02  4.5180E-01  3.9481E+02  2.4265E+01 -3.9114E+02
  2.0386E+01  6.8043E+01  1.1322E+02  4.5180E-01  3.9480E+02  2.4265E+01 -3.9113E+02
  2.0394E+01  6.8069E+01  1.1322E+02  4.5180E-01  3.9480E+02  2.4265E+01 -3.9113E+02
  2.0402E+01  6.8094E+01  1.1322E+02  4.5180E-01  3.9480E+02  2.4265E+01 -3.9113E+02
  2.0409E+01  6.8120E+01  1.1322E+02  4.5180E-01  3.9480E+02  2.4265E+01 -3.9113E+02
  2.0417E+01  6.8146E+01  1.1322E+02  4.5179E-01  3.9479E+02  2.4265E+01 -3.9112E+02
  2.0425E+01  6.8172E+01  1.1322E+02  4.5179E-01  3.9479E+02  2.4265E+01 -3.9112E+02
  2.0433E+01  6.8197E+01  1.1322E+02  4.5179E-01  3.9479E+02  2.4265E+01 -3.9112E+02
  2.0439E+01  6.8220E+01  1.1322E+02  4.5179E-01  3.9479E+02  2.4265E+01 -3.9112E+02
  2.0440E+01  6.8223E+01  1.1322E+02  4.5179E-01  3.9479E+02  2.4265E+01 -3.9112E+02
  2.0448E+01  6.8249E+01  1.1322E+02  4.5179E-01  3.9479E+02  2.4265E+01 -3.9112E+02
  2.0456E+01  6.8275E+01  1.1322E+02  4.5179E-01  3.9478E+02  2.4265E+01 -3.9111E+02
  2.0463E+01  6.8300E+01  1.1322E+02  4.5179E-01  3.9478E+02  2.4265E+01 -3.9111E+02
  2.0471E+01  6.8326E+01  1.1322E+02  4.5179E-01  3.9478E+02  2.4265E+01 -3.9111E+02
  2.0479E+01  6.8352E+01  1.1322E+02  4.5179E-01  3.9478E+02  2.4265E+01 -3.9111E+02
  2.0487E+01  6.8378E+01  1.1322E+02  4.5179E-01  3.9477E+02  2.4265E+01 -3.9110E+02
  2.0495E+01  6.8404E+01  1.1322E+02  4.5179E-01  3.9477E+02  2.4265E+01 -3.9110E+02
  2.0502E+01  6.8430E+01  1.1322E+02  4.5179E-01  3.9477E+02  2.4265E+01 -3.9110E+02
  2.0510E+01  6.8456E+01  1.1322E+02  4.5179E-01  3.9477E+02  2.4265E+01 -3.9110E+02
  2.0518E+01  6.8482E+01  1.1322E+02  4.5179E-01  3.9477E+02  2.4265E+01 -3.9109E+02
  2.0525E+01  6.8507E+01  1.1322E+02  4.5179E-01  3.9476E+02  2.4265E+01 -3.9109E+02
  2.0533E+01  6.8533E+01  1.1322E+02  4.5179E-01  3.9476E+02  2.4265E+01 -3.9109E+02
  2.0541E+01  6.8559E+01  1.1322E+02  4.5179E-01  3.9476E+02  2.4265E+01 -3.9109E+02
  2.0549E+01  6.8585E+01  1.1322E+02  4.5179E-01  3.9476E+02  2.4265E+01 -3.9109E+02
  2.0556E+01  6.8610E+01  1.1322E+02  4.5179E-01  3.9475E+02  2.4265E+01 -3.9108E+02
  2.0564E+01  6.8636E+01  1.1322E+02  4.5178E-01  3.9475E+02  2.4265E+01 -3.9108E+02
  2.0572E+01  6.8662E+01  1.1322E+02  4.5178E-01  3.9475E+02  2.4265E+01 -3.9108E+02
  2.0580E+01  6.8688E+01  1.1322E+02  4.5178E-01  3.9475E+02  2.4265E+01 -3.9108E+02
  2.0587E+01  6.8713E+01  1.1322E+02  4.5178E-01  3.9475E+02  2.4265E+01 -3.9107E+02
  2.0595E+01  6.8739E+01  1.1322E+02  4.5178E-01  3.9474E+02  2.4266E+01 -3.9107E+02
  2.0603E+01  6.8765E+01  1.1322E+02  4.5178E-01  3.9474E+02  2.4266E+01 -3.9107E+02
  2.0611E+01  6.8791E+01  1.1322E+02  4.5178E-01  3.9474E+02  2.4266E+01 -3.9107E+02
  2.0618E+01  6.8817E+01  1.1322E+02  4.5178E-01  3.9474E+02  2.4266E+01 -3.9107E+02
  2.0626E+01  6.8843E+01  1.1322E+02  4.5178E-01  3.9473E+02  2.4266E+01 -3.9106E+02
  2.0634E+01  6.8869E+01  1.1322E+02  4.5178E-01  3.9473E+02  2.4266E+01 -3.9106E+02
  2.0642E+01  6.8895E+01  1.1322E+02  4.5178E-01  3.9473E+02  2.4266E+01 -3.9106E+02
  2.0649E+01  6.8921E+01  1.1322E+02  4.5178E-01  3.9473E+02  2.4266E+01 -3.9106E+02
  2.0657E+01  6.8946E+01  1.1322E+02  4.5178E-01  3.9473E+02  2.4266E+01 -3.9105E+02
  2.0665E+01  6.8972E+01  1.1322E+02  4.5178E-01  3.9472E+02  2.4266E+01 -3.9105E+02
  2.0672E+01  6.8998E+01  1.1322E+02  4.5178E-01  3.9472E+02  2.4266E+01 -3.9105E+02
  2.0680E+01  6.9023E+01  1.1322E+02  4.5178E-01  3.9472E+02  2.4266E+01 -3.9105E+02
  2.0688E+01  6.9049E+01  1.1322E+02  4.5178E-01  3.9472E+02  2.4266E+01 -3.9104E+02
  2.0696E+01  6.9075E+01  1.1322E+02  4.5178E-01  3.9471E+02  2.4266E+01 -3.9104E+02
  2.0704E+01  6.9101E+01  1.1322E+02  4.5177E-01  3.9471E+02  2.4266E+01 -3.9104E+02
  2.0711E+01  6.9127E+01  1.1322E+02  4.5177E-01  3.9471E+02  2.4266E+01 -3.9104E+02
  2.0719E+01  6.9152E+01  1.1322E+02  4.5177E-01  3.9471E+02  2.4266E+01 -3.9104E+02
  2.0727E+01  6.9178E+01  1.1322E+02  4.5177E-01  3.9471E+02  2.4266E+01 -3.9103E+02
  2.0734E+01  6.9204E+01  1.1322E+02  4.5177E-01  3.9470E+02  2.4266E+01 -3.9103E+02
  2.0742E+01  6.9230E+01  1.1322E+02  4.5177E-01  3.9470E+02  2.4266E+01 -3.9103E+02
  2.0750E+01  6.9256E+01  1.1322E+02  4.5177E-01  3.9470E+02  2.4266E+01 -3.9103E+02
  2.0758E+01  6.9282E+01  1.1322E+02  4.5177E-01  3.9470E+02  2.4266E+01 -3.9102E+02
  2.0765E+01  6.9308E+01  1.1322E+02  4.5177E-01  3.9469E+02  2.4266E+01 -3.9102E+02
  2.0773E+01  6.9334E+01  1.1322E+02  4.5177E-01  3.9469E+02  2.4266E+01 -3.9102E+02
  2.0781E+01  6.9359E+01  1.1322E+02  4.5177E-01  3.9469E+02  2.4266E+01 -3.9102E+02
  2.0789E+01  6.9385E+01  1.1322E+02  4.5177E-01  3.9469E+02  2.4266E+01 -3.9102E+02
  2.0796E+01  6.9411E+01  1.1322E+02  4.5177E-01  3.9469E+02  2.4266E+01 -3.9101E+02
  2.0804E+01  6.9436E+01  1.1322E+02  4.5177E-01  3.9468E+02  2.4266E+01 -3.9101E+02
  2.0812E+01  6.9462E+01  1.1322E+02  4.5177E-01  3.9468E+02  2.4266E+01 -3.9101E+02
  2.0820E+01  6.9488E+01  1.1322E+02  4.5177E-01  3.9468E+02  2.4266E+01 -3.9101E+02
  2.0827E+01  6.9514E+01  1.1322E+02  4.5177E-01  3.9468E+02  2.4266E+01 -3.9100E+02
  2.0835E+01  6.9540E+01  1.1322E+02  4.5177E-01  3.9467E+02  2.4266E+01 -3.9100E+02
  2.0843E+01  6.9565E+01  1.1322E+02  4.5177E-01  3.9467E+02  2.4266E+01 -3.9100E+02
  2.0850E+01  6.9591E+01  1.1322E+02  4.5176E-01  3.9467E+02  2.4266E+01 -3.9100E+02
  2.0858E+01  6.9617E+01  1.1322E+02  4.5176E-01  3.9467E+02  2.4266E+01 -3.9100E+02
  2.0866E+01  6.9643E+01  1.1322E+02  4.5176E-01  3.9467E+02  2.4266E+01 -3.9099E+02
  2.0874E+01  6.9669E+01  1.1322E+02  4.5176E-01  3.9466E+02  2.4266E+01 -3.9099E+02
  2.0881E+01  6.9695E+01  1.1322E+02  4.5176E-01  3.9466E+02  2.4266E+01 -3.9099E+02
  2.0889E+01  6.9721E+01  1.1322E+02  4.5176E-01  3.9466E+02  2.4267E+01 -3.9099E+02
  2.0897E+01  6.9747E+01  1.1322E+02  4.5176E-01  3.9466E+02  2.4267E+01 -3.9098E+02
  2.0905E+01  6.9772E+01  1.1322E+02  4.5176E-01  3.9465E+02  2.4267E+01 -3.9098E+02
  2.0912E+01  6.9798E+01  1.1322E+02  4.5176E-01  3.9465E+02  2.4267E+01 -3.9098E+02
  2.0920E+01  6.9824E+01  1.1322E+02  4.5176E-01  3.9465E+02  2.4267E+01 -3.9098E+02
  2.0928E+01  6.9849E+01  1.1322E+02  4.5176E-01  3.9465E+02  2.4267E+01 -3.9097E+02
  2.0936E+01  6.9875E+01  1.1322E+02  4.5176E-01  3.9465E+02  2.4267E+01 -3.9097E+02
  2.0943E+01  6.9901E+01  1.1322E+02  4.5176E-01  3.9464E+02  2.4267E+01 -3.9097E+02
  2.0951E+01  6.9927E+01  1.1322E+02  4.5176E-01  3.9464E+02  2.4267E+01 -3.9097E+02
  2.0959E+01  6.9953E+01  1.1322E+02  4.5176E-01  3.9464E+02  2.4267E+01 -3.9097E+02
  2.0967E+01  6.9979E+01  1.1322E+02  4.5176E-01  3.9464E+02  2.4267E+01 -3.9096E+02
  2.0974E+01  7.0004E+01  1.1322E+02  4.5176E-01  3.9463E+02  2.4267E+01 -3.9096E+02
  2.0982E+01  7.0030E+01  1.1322E+02  4.5176E-01  3.9463E+02  2.4267E+01 -3.9096E+02
  2.0990E+01  7.0056E+01  1.1322E+02  4.5176E-01  3.9463E+02  2.4267E+01 -3.9096E+02
  2.0998E+01  7.0082E+01  1.1322E+02  4.5175E-01  3.9463E+02  2.4267E+01 -3.9095E+02
  2.1005E+01  7.0108E+01  1.1322E+02  4.5175E-01  3.9463E+02  2.4267E+01 -3.9095E+02
  2.1013E+01  7.0134E+01  1.1322E+02  4.5175E-01  3.9462E+02  2.4267E+01 -3.9095E+02
  2.1021E+01  7.0160E+01  1.1322E+02  4.5175E-01  3.9462E+02  2.4267E+01 -3.9095E+02
  2.1029E+01  7.0185E+01  1.1322E+02  4.5175E-01  3.9462E+02  2.4267E+01 -3.9095E+02
  2.1036E+01  7.0211E+01  1.1322E+02  4.5175E-01  3.9462E+02  2.4267E+01 -3.9094E+02
  2.1044E+01  7.0237E+01  1.1322E+02  4.5175E-01  3.9461E+02  2.4267E+01 -3.9094E+02
  2.1052E+01  7.0262E+01  1.1322E+02  4.5175E-01  3.9461E+02  2.4267E+01 -3.9094E+02
  2.1059E+01  7.0288E+01  1.1322E+02  4.5175E-01  3.9461E+02  2.4267E+01 -3.9094E+02
  2.1067E+01  7.0314E+01  1.1322E+02  4.5175E-01  3.9461E+02  2.4267E+01 -3.9093E+02
  2.1075E+01  7.0340E+01  1.1322E+02  4.5175E-01  3.9461E+02  2.4267E+01 -3.9093E+02
  2.1083E+01  7.0366E+01  1.1322E+02  4.5175E-01  3.9460E+02  2.4267E+01 -3.9093E+02
  2.1090E+01  7.0392E+01  1.1322E+02  4.5175E-01  3.9460E+02  2.4267E+01 -3.9093E+02
  2.1098E+01  7.0417E+01  1.1322E+02  4.5175E-01  3.9460E+02  2.4267E+01 -3.9093E+02
  2.1106E+01  7.0443E+01  1.1322E+02  4.5175E-01  3.9460E+02  2.4267E+01 -3.9092E+02
  2.1114E+01  7.0469E+01  1.1322E+02  4.5175E-01  3.9459E+02  2.4267E+01 -3.9092E+02
  2.1121E+01  7.0495E+01  1.1322E+02  4.5175E-01  3.9459E+02  2.4267E+01 -3.9092E+02
  2.1129E+01  7.0521E+01  1.1322E+02  4.5175E-01  3.9459E+02  2.4267E+01 -3.9092E+02
  2.1137E+01  7.0547E+01  1.1322E+02  4.5174E-01  3.9459E+02  2.4267E+01 -3.9091E+02
  2.1145E+01  7.0573E+01  1.1322E+02  4.5174E-01  3.9459E+02  2.4267E+01 -3.9091E+02
  2.1152E+01  7.0598E+01  1.1322E+02  4.5174E-01  3.9458E+02  2.4267E+01 -3.9091E+02
  2.1160E+01  7.0624E+01  1.1322E+02  4.5174E-01  3.9458E+02  2.4267E+01 -3.9091E+02
  2.1168E+01  7.0650E+01  1.1322E+02  4.5174E-01  3.9458E+02  2.4267E+01 -3.9090E+02
  2.1175E+01  7.0675E+01  1.1322E+02  4.5174E-01  3.9458E+02  2.4267E+01 -3.9090E+02
  2.1183E+01  7.0701E+01  1.1322E+02  4.5174E-01  3.9457E+02  2.4267E+01 -3.9090E+02
  2.1191E+01  7.0727E+01  1.1322E+02  4.5174E-01  3.9457E+02  2.4268E+01 -3.9090E+02
  2.1199E+01  7.0753E+01  1.1322E+02  4.5174E-01  3.9457E+02  2.4268E+01 -3.9090E+02
  2.1207E+01  7.0779E+01  1.1322E+02  4.5174E-01  3.9457E+02  2.4268E+01 -3.9089E+02
  2.1214E+01  7.0805E+01  1.1322E+02  4.5174E-01  3.9457E+02  2.4268E+01 -3.9089E+02
  2.1222E+01  7.0831E+01  1.1322E+02  4.5174E-01  3.9456E+02  2.4268E+01 -3.9089E+02
  2.1230E+01  7.0856E+01  1.1322E+02  4.5174E-01  3.9456E+02  2.4268E+01 -3.9089E+02
  2.1237E+01  7.0882E+01  1.1322E+02  4.5174E-01  3.9456E+02  2.4268E+01 -3.9088E+02
  2.1245E+01  7.0908E+01  1.1322E+02  4.5174E-01  3.9456E+02  2.4268E+01 -3.9088E+02
  2.1253E+01  7.0934E+01  1.1322E+02  4.5174E-01  3.9455E+02  2.4268E+01 -3.9088E+02
  2.1261E+01  7.0960E+01  1.1322E+02  4.5174E-01  3.9455E+02  2.4268E+01 -3.9088E+02
  2.1268E+01  7.0986E+01  1.1322E+02  4.5174E-01  3.9455E+02  2.4268E+01 -3.9088E+02
  2.1269E+01  7.0988E+01  1.1322E+02  4.5174E-01  3.9455E+02  2.4268E+01 -3.9088E+02
  2.1276E+01  7.1011E+01  1.1322E+02  4.5174E-01  3.9455E+02  2.4268E+01 -3.9087E+02
  2.1284E+01  7.1037E+01  1.1322E+02  4.5173E-01  3.9455E+02  2.4268E+01 -3.9087E+02
  2.1292E+01  7.1063E+01  1.1322E+02  4.5173E-01  3.9454E+02  2.4268E+01 -3.9087E+02
  2.1299E+01  7.1088E+01  1.1322E+02  4.5173E-01  3.9454E+02  2.4268E+01 -3.9087E+02
  2.1307E+01  7.1114E+01  1.1322E+02  4.5173E-01  3.9454E+02  2.4268E+01 -3.9086E+02
  2.1315E+01  7.1140E+01  1.1322E+02  4.5173E-01  3.9454E+02  2.4268E+01 -3.9086E+02
  2.1323E+01  7.1166E+01  1.1322E+02  4.5173E-01  3.9453E+02  2.4268E+01 -3.9086E+02
  2.1330E+01  7.1192E+01  1.1322E+02  4.5173E-01  3.9453E+02  2.4268E+01 -3.9086E+02
  2.1338E+01  7.1218E+01  1.1322E+02  4.5173E-01  3.9453E+02  2.4268E+01 -3.9085E+02
  2.1346E+01  7.1244E+01  1.1322E+02  4.5173E-01  3.9453E+02  2.4268E+01 -3.9085E+02
  2.1353E+01  7.1269E+01  1.1322E+02  4.5173E-01  3.9453E+02  2.4268E+01 -3.9085E+02
  2.1361E+01  7.1295E+01  1.1322E+02  4.5173E-01  3.9452E+02  2.4268E+01 -3.9085E+02
  2.1369E+01  7.1321E+01  1.1322E+02  4.5173E-01  3.9452E+02  2.4268E+01 -3.9085E+02
  2.1377E+01  7.1347E+01  1.1322E+02  4.5173E-01  3.9452E+02  2.4268E+01 -3.9084E+02
  2.1384E+01  7.1373E+01  1.1322E+02  4.5173E-01  3.9452E+02  2.4268E+01 -3.9084E+02
  2.1392E+01  7.1399E+01  1.1322E+02  4.5173E-01  3.9451E+02  2.4268E+01 -3.9084E+02
  2.1400E+01  7.1424E+01  1.1322E+02  4.5173E-01  3.9451E+02  2.4268E+01 -3.9084E+02
  2.1408E+01  7.1450E+01  1.1322E+02  4.5173E-01  3.9451E+02  2.4268E+01 -3.9083E+02
  2.1415E+01  7.1476E+01  1.1322E+02  4.5173E-01  3.9451E+02  2.4268E+01 -3.9083E+02
  2.1423E+01  7.1501E+01  1.1322E+02  4.5173E-01  3.9451E+02  2.4268E+01 -3.9083E+02
  2.1431E+01  7.1527E+01  1.1322E+02  4.5172E-01  3.9450E+02  2.4268E+01 -3.9083E+02
  2.1439E+01  7.1553E+01  1.1322E+02  4.5172E-01  3.9450E+02  2.4268E+01 -3.9083E+02
  2.1446E+01  7.1579E+01  1.1322E+02  4.5172E-01  3.9450E+02  2.4268E+01 -3.9082E+02
  2.1454E+01  7.1605E+01  1.1322E+02  4.5172E-01  3.9450E+02  2.4268E+01 -3.9082E+02
  2.1462E+01  7.1631E+01  1.1322E+02  4.5172E-01  3.9449E+02  2.4268E+01 -3.9082E+02
  2.1470E+01  7.1657E+01  1.1322E+02  4.5172E-01  3.9449E+02  2.4268E+01 -3.9082E+02
  2.1477E+01  7.1683E+01  1.1322E+02  4.5172E-01  3.9449E+02  2.4268E+01 -3.9081E+02
  2.1485E+01  7.1708E+01  1.1322E+02  4.5172E-01  3.9449E+02  2.4268E+01 -3.9081E+02
  2.1493E+01  7.1734E+01  1.1322E+02  4.5172E-01  3.9449E+02  2.4268E+01 -3.9081E+02
  2.1501E+01  7.1760E+01  1.1322E+02  4.5172E-01  3.9448E+02  2.4269E+01 -3.9081E+02
  2.1508E+01  7.1786E+01  1.1322E+02  4.5172E-01  3.9448E+02  2.4269E+01 -3.9081E+02
  2.1516E+01  7.1812E+01  1.1322E+02  4.5172E-01  3.9448E+02  2.4269E+01 -3.9080E+02
  2.1524E+01  7.1837E+01  1.1322E+02  4.5172E-01  3.9448E+02  2.4269E+01 -3.9080E+02
  2.1532E+01  7.1863E+01  1.1322E+02  4.5172E-01  3.9447E+02  2.4269E+01 -3.9080E+02
  2.1539E+01  7.1889E+01  1.1322E+02  4.5172E-01  3.9447E+02  2.4269E+01 -3.9080E+02
  2.1547E+01  7.1914E+01  1.1322E+02  4.5172E-01  3.9447E+02  2.4269E+01 -3.9079E+02
  2.1555E+01  7.1940E+01  1.1322E+02  4.5172E-01  3.9447E+02  2.4269E+01 -3.9079E+02
  2.1562E+01  7.1966E+01  1.1322E+02  4.5172E-01  3.9447E+02  2.4269E+01 -3.9079E+02
  2.1570E+01  7.1992E+01  1.1322E+02  4.5171E-01  3.9446E+02  2.4269E+01 -3.9079E+02
  2.1578E+01  7.2018E+01  1.1322E+02  4.5171E-01  3.9446E+02  2.4269E+01 -3.9079E+02
  2.1586E+01  7.2044E+01  1.1322E+02  4.5171E-01  3.9446E+02  2.4269E+01 -3.9078E+02
  2.1594E+01  7.2070E+01  1.1322E+02  4.5171E-01  3.9446E+02  2.4269E+01 -3.9078E+02
  2.1601E+01  7.2096E+01  1.1322E+02  4.5171E-01  3.9445E+02  2.4269E+01 -3.9078E+02
  2.1609E+01  7.2121E+01  1.1322E+02  4.5171E-01  3.9445E+02  2.4269E+01 -3.9078E+02
  2.1617E+01  7.2147E+01  1.1322E+02  4.5171E-01  3.9445E+02  2.4269E+01 -3.9077E+02
  2.1624E+01  7.2173E+01  1.1322E+02  4.5171E-01  3.9445E+02  2.4269E+01 -3.9077E+02
  2.1632E+01  7.2199E+01  1.1322E+02  4.5171E-01  3.9445E+02  2.4269E+01 -3.9077E+02
  2.1640E+01  7.2225E+01  1.1322E+02  4.5171E-01  3.9444E+02  2.4269E+01 -3.9077E+02
  2.1648E+01  7.2250E+01  1.1322E+02  4.5171E-01  3.9444E+02  2.4269E+01 -3.9076E+02
  2.1655E+01  7.2276E+01  1.1322E+02  4.5171E-01  3.9444E+02  2.4269E+01 -3.9076E+02
  2.1663E+01  7.2302E+01  1.1322E+02  4.5171E-01  3.9444E+02  2.4269E+01 -3.9076E+02
  2.1671E+01  7.2327E+01  1.1322E+02  4.5171E-01  3.9443E+02  2.4269E+01 -3.9076E+02
  2.1679E+01  7.2353E+01  1.1322E+02  4.5171E-01  3.9443E+02  2.4269E+01 -3.9076E+02
  2.1686E+01  7.2379E+01  1.1322E+02  4.5171E-01  3.9443E+02  2.4269E+01 -3.9075E+02
  2.1694E+01  7.2405E+01  1.1322E+02  4.5171E-01  3.9443E+02  2.4269E+01 -3.9075E+02
  2.1702E+01  7.2431E+01  1.1322E+02  4.5171E-01  3.9443E+02  2.4269E+01 -3.9075E+02
  2.1710E+01  7.2457E+01  1.1322E+02  4.5171E-01  3.9442E+02  2.4269E+01 -3.9075E+02
  2.1717E+01  7.2483E+01  1.1322E+02  4.5170E-01  3.9442E+02  2.4269E+01 -3.9074E+02
  2.1725E+01  7.2509E+01  1.1322E+02  4.5170E-01  3.9442E+02  2.4269E+01 -3.9074E+02
  2.1733E+01  7.2535E+01  1.1322E+02  4.5170E-01  3.9442E+02  2.4269E+01 -3.9074E+02
  2.1740E+01  7.2560E+01  1.1322E+02  4.5170E-01  3.9441E+02  2.4269E+01 -3.9074E+02
  2.1748E+01  7.2586E+01  1.1322E+02  4.5170E-01  3.9441E+02  2.4269E+01 -3.9074E+02
  2.1756E+01  7.2612E+01  1.1322E+02  4.5170E-01  3.9441E+02  2.4269E+01 -3.9073E+02
  2.1764E+01  7.2638E+01  1.1322E+02  4.5170E-01  3.9441E+02  2.4269E+01 -3.9073E+02
  2.1771E+01  7.2663E+01  1.1322E+02  4.5170E-01  3.9441E+02  2.4269E+01 -3.9073E+02
  2.1779E+01  7.2689E+01  1.1322E+02  4.5170E-01  3.9440E+02  2.4269E+01 -3.9073E+02
  2.1787E+01  7.2715E+01  1.1322E+02  4.5170E-01  3.9440E+02  2.4269E+01 -3.9072E+02
  2.1795E+01  7.2741E+01  1.1322E+02  4.5170E-01  3.9440E+02  2.4269E+01 -3.9072E+02
  2.1802E+01  7.2766E+01  1.1322E+02  4.5170E-01  3.9440E+02  2.4269E+01 -3.9072E+02
  2.1810E+01  7.2792E+01  1.1322E+02  4.5170E-01  3.9439E+02  2.4269E+01 -3.9072E+02
  2.1818E+01  7.2818E+01  1.1322E+02  4.5170E-01  3.9439E+02  2.4269E+01 -3.9072E+02
  2.1826E+01  7.2844E+01  1.1322E+02  4.5170E-01  3.9439E+02  2.4269E+01 -3.9071E+02
  2.1833E+01  7.2870E+01  1.1322E+02  4.5170E-01  3.9439E+02  2.4269E+01 -3.9071E+02
  2.1841E+01  7.2896E+01  1.1322E+02  4.5170E-01  3.9439E+02  2.4269E+01 -3.9071E+02
  2.1849E+01  7.2922E+01  1.1322E+02  4.5170E-01  3.9438E+02  2.4269E+01 -3.9071E+02
  2.1857E+01  7.2948E+01  1.1322E+02  4.5170E-01  3.9438E+02  2.4269E+01 -3.9070E+02
  2.1864E+01  7.2973E+01  1.1322E+02  4.5169E-01  3.9438E+02  2.4269E+01 -3.9070E+02
  2.1872E+01  7.2999E+01  1.1322E+02  4.5169E-01  3.9438E+02  2.4269E+01 -3.9070E+02
  2.1880E+01  7.3025E+01  1.1322E+02  4.5169E-01  3.9437E+02  2.4269E+01 -3.9070E+02
  2.1888E+01  7.3051E+01  1.1322E+02  4.5169E-01  3.9437E+02  2.4269E+01 -3.9069E+02
  2.1895E+01  7.3076E+01  1.1322E+02  4.5169E-01  3.9437E+02  2.4269E+01 -3.9069E+02
  2.1903E+01  7.3102E+01  1.1322E+02  4.5169E-01  3.9437E+02  2.4269E+01 -3.9069E+02
  2.1911E+01  7.3128E+01  1.1322E+02  4.5169E-01  3.9437E+02  2.4269E+01 -3.9069E+02
  2.1919E+01  7.3154E+01  1.1322E+02  4.5169E-01  3.9436E+02  2.4269E+01 -3.9069E+02
  2.1926E+01  7.3179E+01  1.1322E+02  4.5169E-01  3.9436E+02  2.4269E+01 -3.9068E+02
  2.1934E+01  7.3205E+01  1.1322E+02  4.5169E-01  3.9436E+02  2.4269E+01 -3.9068E+02
  2.1942E+01  7.3231E+01  1.1322E+02  4.5169E-01  3.9436E+02  2.4269E+01 -3.9068E+02
  2.1949E+01  7.3257E+01  1.1322E+02  4.5169E-01  3.9435E+02  2.4269E+01 -3.9068E+02
  2.1957E+01  7.3283E+01  1.1322E+02  4.5169E-01  3.9435E+02  2.4269E+01 -3.9067E+02
  2.1965E+01  7.3309E+01  1.1322E+02  4.5169E-01  3.9435E+02  2.4269E+01 -3.9067E+02
  2.1973E+01  7.3335E+01  1.1322E+02  4.5169E-01  3.9435E+02  2.4269E+01 -3.9067E+02
  2.1980E+01  7.3361E+01  1.1322E+02  4.5169E-01  3.9435E+02  2.4269E+01 -3.9067E+02
  2.1988E+01  7.3386E+01  1.1322E+02  4.5169E-01  3.9434E+02  2.4269E+01 -3.9067E+02
  2.1996E+01  7.3412E+01  1.1322E+02  4.5169E-01  3.9434E+02  2.4269E+01 -3.9066E+02
  2.2004E+01  7.3438E+01  1.1322E+02  4.5168E-01  3.9434E+02  2.4269E+01 -3.9066E+02
  2.2011E+01  7.3464E+01  1.1322E+02  4.5168E-01  3.9434E+02  2.4269E+01 -3.9066E+02
  2.2019E+01  7.3489E+01  1.1322E+02  4.5168E-01  3.9433E+02  2.4269E+01 -3.9066E+02
  2.2027E+01  7.3515E+01  1.1322E+02  4.5168E-01  3.9433E+02  2.4269E+01 -3.9065E+02
  2.2035E+01  7.3541E+01  1.1322E+02  4.5168E-01  3.9433E+02  2.4269E+01 -3.9065E+02
  2.2042E+01  7.3567E+01  1.1322E+02  4.5168E-01  3.9433E+02  2.4269E+01 -3.9065E+02
  2.2050E+01  7.3593E+01  1.1322E+02  4.5168E-01  3.9433E+02  2.4269E+01 -3.9065E+02
  2.2058E+01  7.3618E+01  1.1322E+02  4.5168E-01  3.9432E+02  2.4269E+01 -3.9065E+02
  2.2065E+01  7.3644E+01  1.1322E+02  4.5168E-01  3.9432E+02  2.4269E+01 -3.9064E+02
  2.2073E+01  7.3670E+01  1.1322E+02  4.5168E-01  3.9432E+02  2.4269E+01 -3.9064E+02
  2.2081E+01  7.3696E+01  1.1322E+02  4.5168E-01  3.9432E+02  2.4269E+01 -3.9064E+02
  2.2089E+01  7.3722E+01  1.1322E+02  4.5168E-01  3.9431E+02  2.4269E+01 -3.9064E+02
  2.2097E+01  7.3748E+01  1.1322E+02  4.5168E-01  3.9431E+02  2.4269E+01 -3.9063E+02
  2.2104E+01  7.3774E+01  1.1322E+02  4.5168E-01  3.9431E+02  2.4269E+01 -3.9063E+02
  2.2112E+01  7.3800E+01  1.1322E+02  4.5168E-01  3.9431E+02  2.4269E+01 -3.9063E+02
  2.2120E+01  7.3825E+01  1.1322E+02  4.5168E-01  3.9431E+02  2.4269E+01 -3.9063E+02
  2.2127E+01  7.3851E+01  1.1322E+02  4.5168E-01  3.9430E+02  2.4269E+01 -3.9062E+02
  2.2135E+01  7.3877E+01  1.1322E+02  4.5168E-01  3.9430E+02  2.4269E+01 -3.9062E+02
  2.2143E+01  7.3902E+01  1.1322E+02  4.5168E-01  3.9430E+02  2.4269E+01 -3.9062E+02
  2.2151E+01  7.3928E+01  1.1322E+02  4.5167E-01  3.9430E+02  2.4269E+01 -3.9062E+02
  2.2158E+01  7.3954E+01  1.1322E+02  4.5167E-01  3.9429E+02  2.4269E+01 -3.9062E+02
  2.2166E+01  7.3980E+01  1.1322E+02  4.5167E-01  3.9429E+02  2.4269E+01 -3.9061E+02
  2.2174E+01  7.4006E+01  1.1322E+02  4.5167E-01  3.9429E+02  2.4269E+01 -3.9061E+02
  2.2182E+01  7.4031E+01  1.1322E+02  4.5167E-01  3.9429E+02  2.4269E+01 -3.9061E+02
  2.2189E+01  7.4057E+01  1.1322E+02  4.5167E-01  3.9429E+02  2.4269E+01 -3.9061E+02
  2.2197E+01  7.4083E+01  1.1322E+02  4.5167E-01  3.9428E+02  2.4269E+01 -3.9060E+02
  2.2205E+01  7.4109E+01  1.1322E+02  4.5167E-01  3.9428E+02  2.4269E+01 -3.9060E+02
  2.2213E+01  7.4135E+01  1.1322E+02  4.5167E-01  3.9428E+02  2.4269E+01 -3.9060E+02
  2.2220E+01  7.4161E+01  1.1322E+02  4.5167E-01  3.9428E+02  2.4269E+01 -3.9060E+02
  2.2228E+01  7.4187E+01  1.1322E+02  4.5167E-01  3.9427E+02  2.4269E+01 -3.9060E+02
  2.2236E+01  7.4213E+01  1.1322E+02  4.5167E-01  3.9427E+02  2.4269E+01 -3.9059E+02
  2.2243E+01  7.4238E+01  1.1322E+02  4.5167E-01  3.9427E+02  2.4269E+01 -3.9059E+02
  2.2251E+01  7.4264E+01  1.1322E+02  4.5167E-01  3.9427E+02  2.4269E+01 -3.9059E+02
  2.2259E+01  7.4290E+01  1.1322E+02  4.5167E-01  3.9427E+02  2.4269E+01 -3.9059E+02
  2.2267E+01  7.4315E+01  1.1322E+02  4.5167E-01  3.9426E+02  2.4269E+01 -3.9058E+02
  2.2274E+01  7.4341E+01  1.1322E+02  4.5167E-01  3.9426E+02  2.4269E+01 -3.9058E+02
  2.2282E+01  7.4367E+01  1.1322E+02  4.5167E-01  3.9426E+02  2.4269E+01 -3.9058E+02
  2.2290E+01  7.4393E+01  1.1322E+02  4.5167E-01  3.9426E+02  2.4269E+01 -3.9058E+02
  2.2298E+01  7.4419E+01  1.1322E+02  4.5166E-01  3.9425E+02  2.4269E+01 -3.9058E+02
  2.2306E+01  7.4445E+01  1.1322E+02  4.5166E-01  3.9425E+02  2.4269E+01 -3.9057E+02
  2.2313E+01  7.4470E+01  1.1322E+02  4.5166E-01  3.9425E+02  2.4269E+01 -3.9057E+02
  2.2321E+01  7.4496E+01  1.1322E+02  4.5166E-01  3.9425E+02  2.4269E+01 -3.9057E+02
  2.2329E+01  7.4522E+01  1.1322E+02  4.5166E-01  3.9425E+02  2.4269E+01 -3.9057E+02
  2.2336E+01  7.4548E+01  1.1322E+02  4.5166E-01  3.9424E+02  2.4269E+01 -3.9056E+02
  2.2344E+01  7.4574E+01  1.1322E+02  4.5166E-01  3.9424E+02  2.4269E+01 -3.9056E+02
  2.2352E+01  7.4600E+01  1.1322E+02  4.5166E-01  3.9424E+02  2.4269E+01 -3.9056E+02
  2.2360E+01  7.4626E+01  1.1322E+02  4.5166E-01  3.9424E+02  2.4269E+01 -3.9056E+02
  2.2367E+01  7.4651E+01  1.1322E+02  4.5166E-01  3.9423E+02  2.4269E+01 -3.9056E+02
  2.2375E+01  7.4677E+01  1.1322E+02  4.5166E-01  3.9423E+02  2.4269E+01 -3.9055E+02
  2.2383E+01  7.4703E+01  1.1322E+02  4.5166E-01  3.9423E+02  2.4269E+01 -3.9055E+02
  2.2391E+01  7.4728E+01  1.1322E+02  4.5166E-01  3.9423E+02  2.4269E+01 -3.9055E+02
  2.2398E+01  7.4754E+01  1.1322E+02  4.5166E-01  3.9423E+02  2.4269E+01 -3.9055E+02
  2.2406E+01  7.4780E+01  1.1322E+02  4.5166E-01  3.9422E+02  2.4269E+01 -3.9054E+02
  2.2414E+01  7.4806E+01  1.1322E+02  4.5166E-01  3.9422E+02  2.4269E+01 -3.9054E+02
  2.2422E+01  7.4832E+01  1.1322E+02  4.5166E-01  3.9422E+02  2.4269E+01 -3.9054E+02
  2.2429E+01  7.4858E+01  1.1322E+02  4.5166E-01  3.9422E+02  2.4269E+01 -3.9054E+02
  2.2437E+01  7.4883E+01  1.1322E+02  4.5165E-01  3.9421E+02  2.4269E+01 -3.9053E+02
  2.2445E+01  7.4909E+01  1.1322E+02  4.5165E-01  3.9421E+02  2.4269E+01 -3.9053E+02
  2.2452E+01  7.4935E+01  1.1322E+02  4.5165E-01  3.9421E+02  2.4269E+01 -3.9053E+02
  2.2460E+01  7.4961E+01  1.1322E+02  4.5165E-01  3.9421E+02  2.4269E+01 -3.9053E+02
  2.2468E+01  7.4987E+01  1.1322E+02  4.5165E-01  3.9421E+02  2.4269E+01 -3.9053E+02
  2.2476E+01  7.5013E+01  1.1322E+02  4.5165E-01  3.9420E+02  2.4269E+01 -3.9052E+02
  2.2483E+01  7.5039E+01  1.1322E+02  4.5165E-01  3.9420E+02  2.4269E+01 -3.9052E+02
  2.2491E+01  7.5064E+01  1.1322E+02  4.5165E-01  3.9420E+02  2.4269E+01 -3.9052E+02
  2.2499E+01  7.5090E+01  1.1322E+02  4.5165E-01  3.9420E+02  2.4269E+01 -3.9052E+02
  2.2507E+01  7.5116E+01  1.1322E+02  4.5165E-01  3.9419E+02  2.4269E+01 -3.9051E+02
  2.2514E+01  7.5141E+01  1.1322E+02  4.5165E-01  3.9419E+02  2.4269E+01 -3.9051E+02
  2.2522E+01  7.5167E+01  1.1322E+02  4.5165E-01  3.9419E+02  2.4269E+01 -3.9051E+02
  2.2530E+01  7.5193E+01  1.1322E+02  4.5165E-01  3.9419E+02  2.4269E+01 -3.9051E+02
  2.2538E+01  7.5219E+01  1.1322E+02  4.5165E-01  3.9419E+02  2.4269E+01 -3.9051E+02
  2.2545E+01  7.5245E+01  1.1322E+02  4.5165E-01  3.9418E+02  2.4269E+01 -3.9050E+02
  2.2553E+01  7.5271E+01  1.1322E+02  4.5165E-01  3.9418E+02  2.4269E+01 -3.9050E+02
  2.2561E+01  7.5297E+01  1.1322E+02  4.5165E-01  3.9418E+02  2.4269E+01 -3.9050E+02
  2.2568E+01  7.5322E+01  1.1322E+02  4.5165E-01  3.9418E+02  2.4269E+01 -3.9050E+02
  2.2576E+01  7.5348E+01  1.1322E+02  4.5165E-01  3.9417E+02  2.4269E+01 -3.9049E+02
  2.2584E+01  7.5374E+01  1.1322E+02  4.5164E-01  3.9417E+02  2.4269E+01 -3.9049E+02
  2.2592E+01  7.5400E+01  1.1322E+02  4.5164E-01  3.9417E+02  2.4269E+01 -3.9049E+02
  2.2600E+01  7.5426E+01  1.1322E+02  4.5164E-01  3.9417E+02  2.4269E+01 -3.9049E+02
  2.2607E+01  7.5452E+01  1.1322E+02  4.5164E-01  3.9417E+02  2.4269E+01 -3.9049E+02
  2.2615E+01  7.5477E+01  1.1322E+02  4.5164E-01  3.9416E+02  2.4269E+01 -3.9048E+02
  2.2623E+01  7.5503E+01  1.1322E+02  4.5164E-01  3.9416E+02  2.4269E+01 -3.9048E+02
  2.2630E+01  7.5529E+01  1.1322E+02  4.5164E-01  3.9416E+02  2.4269E+01 -3.9048E+02
  2.2638E+01  7.5554E+01  1.1322E+02  4.5164E-01  3.9416E+02  2.4269E+01 -3.9048E+02
  2.2646E+01  7.5580E+01  1.1322E+02  4.5164E-01  3.9415E+02  2.4268E+01 -3.9047E+02
  2.2654E+01  7.5606E+01  1.1322E+02  4.5164E-01  3.9415E+02  2.4268E+01 -3.9047E+02
  2.2661E+01  7.5632E+01  1.1322E+02  4.5164E-01  3.9415E+02  2.4268E+01 -3.9047E+02
  2.2669E+01  7.5658E+01  1.1322E+02  4.5164E-01  3.9415E+02  2.4268E+01 -3.9047E+02
  2.2677E+01  7.5684E+01  1.1322E+02  4.5164E-01  3.9414E+02  2.4268E+01 -3.9046E+02
  2.2685E+01  7.5710E+01  1.1322E+02  4.5164E-01  3.9414E+02  2.4268E+01 -3.9046E+02
  2.2692E+01  7.5735E+01  1.1322E+02  4.5164E-01  3.9414E+02  2.4268E+01 -3.9046E+02
  2.2700E+01  7.5761E+01  1.1322E+02  4.5164E-01  3.9414E+02  2.4268E+01 -3.9046E+02
  2.2708E+01  7.5787E+01  1.1322E+02  4.5164E-01  3.9414E+02  2.4268E+01 -3.9046E+02
  2.2716E+01  7.5813E+01  1.1322E+02  4.5164E-01  3.9413E+02  2.4268E+01 -3.9045E+02
  2.2723E+01  7.5839E+01  1.1322E+02  4.5164E-01  3.9413E+02  2.4268E+01 -3.9045E+02
  2.2731E+01  7.5865E+01  1.1322E+02  4.5163E-01  3.9413E+02  2.4268E+01 -3.9045E+02
  2.2739E+01  7.5890E+01  1.1322E+02  4.5163E-01  3.9413E+02  2.4268E+01 -3.9045E+02
  2.2747E+01  7.5916E+01  1.1322E+02  4.5163E-01  3.9412E+02  2.4268E+01 -3.9044E+02
  2.2754E+01  7.5942E+01  1.1322E+02  4.5163E-01  3.9412E+02  2.4268E+01 -3.9044E+02
  2.2762E+01  7.5967E+01  1.1322E+02  4.5163E-01  3.9412E+02  2.4268E+01 -3.9044E+02
  2.2770E+01  7.5993E+01  1.1322E+02  4.5163E-01  3.9412E+02  2.4268E+01 -3.9044E+02
  2.2778E+01  7.6019E+01  1.1322E+02  4.5163E-01  3.9412E+02  2.4268E+01 -3.9044E+02
  2.2785E+01  7.6045E+01  1.1322E+02  4.5163E-01  3.9411E+02  2.4268E+01 -3.9043E+02
  2.2793E+01  7.6071E+01  1.1322E+02  4.5163E-01  3.9411E+02  2.4268E+01 -3.9043E+02
  2.2801E+01  7.6097E+01  1.1322E+02  4.5163E-01  3.9411E+02  2.4268E+01 -3.9043E+02
  2.2809E+01  7.6123E+01  1.1322E+02  4.5163E-01  3.9411E+02  2.4268E+01 -3.9043E+02
  2.2816E+01  7.6148E+01  1.1322E+02  4.5163E-01  3.9410E+02  2.4268E+01 -3.9042E+02
  2.2824E+01  7.6174E+01  1.1322E+02  4.5163E-01  3.9410E+02  2.4268E+01 -3.9042E+02
  2.2832E+01  7.6200E+01  1.1322E+02  4.5163E-01  3.9410E+02  2.4268E+01 -3.9042E+02
  2.2839E+01  7.6226E+01  1.1322E+02  4.5163E-01  3.9410E+02  2.4268E+01 -3.9042E+02
  2.2847E+01  7.6252E+01  1.1322E+02  4.5163E-01  3.9410E+02  2.4268E+01 -3.9042E+02
  2.2855E+01  7.6278E+01  1.1322E+02  4.5163E-01  3.9409E+02  2.4268E+01 -3.9041E+02
  2.2863E+01  7.6303E+01  1.1322E+02  4.5163E-01  3.9409E+02  2.4268E+01 -3.9041E+02
  2.2870E+01  7.6329E+01  1.1322E+02  4.5163E-01  3.9409E+02  2.4268E+01 -3.9041E+02
  2.2878E+01  7.6355E+01  1.1322E+02  4.5162E-01  3.9409E+02  2.4268E+01 -3.9041E+02
  2.2886E+01  7.6380E+01  1.1322E+02  4.5162E-01  3.9408E+02  2.4268E+01 -3.9040E+02
  2.2894E+01  7.6406E+01  1.1322E+02  4.5162E-01  3.9408E+02  2.4268E+01 -3.9040E+02
  2.2901E+01  7.6432E+01  1.1322E+02  4.5162E-01  3.9408E+02  2.4268E+01 -3.9040E+02
  2.2909E+01  7.6458E+01  1.1322E+02  4.5162E-01  3.9408E+02  2.4268E+01 -3.9040E+02
  2.2917E+01  7.6484E+01  1.1322E+02  4.5162E-01  3.9408E+02  2.4268E+01 -3.9040E+02
  2.2925E+01  7.6510E+01  1.1322E+02  4.5162E-01  3.9407E+02  2.4268E+01 -3.9039E+02
  2.2932E+01  7.6536E+01  1.1322E+02  4.5162E-01  3.9407E+02  2.4268E+01 -3.9039E+02
  2.2940E+01  7.6562E+01  1.1322E+02  4.5162E-01  3.9407E+02  2.4268E+01 -3.9039E+02
  2.2948E+01  7.6587E+01  1.1322E+02  4.5162E-01  3.9407E+02  2.4268E+01 -3.9039E+02
  2.2955E+01  7.6613E+01  1.1322E+02  4.5162E-01  3.9406E+02  2.4268E+01 -3.9038E+02
  2.2963E+01  7.6639E+01  1.1322E+02  4.5162E-01  3.9406E+02  2.4268E+01 -3.9038E+02
  2.2971E+01  7.6665E+01  1.1322E+02  4.5162E-01  3.9406E+02  2.4268E+01 -3.9038E+02
  2.2979E+01  7.6691E+01  1.1322E+02  4.5162E-01  3.9406E+02  2.4268E+01 -3.9038E+02
  2.2987E+01  7.6716E+01  1.1322E+02  4.5162E-01  3.9406E+02  2.4268E+01 -3.9037E+02
  2.2994E+01  7.6742E+01  1.1322E+02  4.5162E-01  3.9405E+02  2.4268E+01 -3.9037E+02
  2.3002E+01  7.6768E+01  1.1322E+02  4.5162E-01  3.9405E+02  2.4268E+01 -3.9037E+02
  2.3010E+01  7.6793E+01  1.1322E+02  4.5162E-01  3.9405E+02  2.4268E+01 -3.9037E+02
  2.3017E+01  7.6819E+01  1.1322E+02  4.5162E-01  3.9405E+02  2.4267E+01 -3.9037E+02
  2.3025E+01  7.6845E+01  1.1322E+02  4.5161E-01  3.9404E+02  2.4267E+01 -3.9036E+02
  2.3033E+01  7.6871E+01  1.1322E+02  4.5161E-01  3.9404E+02  2.4267E+01 -3.9036E+02
  2.3041E+01  7.6897E+01  1.1322E+02  4.5161E-01  3.9404E+02  2.4267E+01 -3.9036E+02
  2.3048E+01  7.6923E+01  1.1322E+02  4.5161E-01  3.9404E+02  2.4267E+01 -3.9036E+02
  2.3056E+01  7.6949E+01  1.1322E+02  4.5161E-01  3.9404E+02  2.4267E+01 -3.9035E+02
  2.3064E+01  7.6975E+01  1.1322E+02  4.5161E-01  3.9403E+02  2.4267E+01 -3.9035E+02
  2.3072E+01  7.7000E+01  1.1322E+02  4.5161E-01  3.9403E+02  2.4267E+01 -3.9035E+02
  2.3079E+01  7.7026E+01  1.1322E+02  4.5161E-01  3.9403E+02  2.4267E+01 -3.9035E+02
  2.3087E+01  7.7052E+01  1.1322E+02  4.5161E-01  3.9403E+02  2.4267E+01 -3.9035E+02
  2.3095E+01  7.7078E+01  1.1322E+02  4.5161E-01  3.9402E+02  2.4267E+01 -3.9034E+02
  2.3103E+01  7.7104E+01  1.1322E+02  4.5161E-01  3.9402E+02  2.4267E+01 -3.9034E+02
  2.3110E+01  7.7129E+01  1.1322E+02  4.5161E-01  3.9402E+02  2.4267E+01 -3.9034E+02
  2.3118E+01  7.7155E+01  1.1322E+02  4.5161E-01  3.9402E+02  2.4267E+01 -3.9034E+02
  2.3126E+01  7.7181E+01  1.1322E+02  4.5161E-01  3.9402E+02  2.4267E+01 -3.9033E+02
  2.3134E+01  7.7207E+01  1.1322E+02  4.5161E-01  3.9401E+02  2.4267E+01 -3.9033E+02
  2.3141E+01  7.7232E+01  1.1322E+02  4.5161E-01  3.9401E+02  2.4267E+01 -3.9033E+02
  2.3149E+01  7.7258E+01  1.1322E+02  4.5161E-01  3.9401E+02  2.4267E+01 -3.9033E+02
  2.3157E+01  7.7284E+01  1.1322E+02  4.5161E-01  3.9401E+02  2.4267E+01 -3.9033E+02
  2.3164E+01  7.7310E+01  1.1322E+02  4.5161E-01  3.9400E+02  2.4267E+01 -3.9032E+02
  2.3172E+01  7.7336E+01  1.1322E+02  4.5160E-01  3.9400E+02  2.4267E+01 -3.9032E+02
  2.3180E+01  7.7362E+01  1.1322E+02  4.5160E-01  3.9400E+02  2.4267E+01 -3.9032E+02
  2.3188E+01  7.7388E+01  1.1322E+02  4.5160E-01  3.9400E+02  2.4267E+01 -3.9032E+02
  2.3196E+01  7.7414E+01  1.1322E+02  4.5160E-01  3.9400E+02  2.4267E+01 -3.9031E+02
  2.3203E+01  7.7439E+01  1.1322E+02  4.5160E-01  3.9399E+02  2.4267E+01 -3.9031E+02
  2.3211E+01  7.7465E+01  1.1322E+02  4.5160E-01  3.9399E+02  2.4267E+01 -3.9031E+02
  2.3219E+01  7.7491E+01  1.1322E+02  4.5160E-01  3.9399E+02  2.4267E+01 -3.9031E+02
  2.3226E+01  7.7517E+01  1.1322E+02  4.5160E-01  3.9399E+02  2.4267E+01 -3.9030E+02
  2.3234E+01  7.7542E+01  1.1322E+02  4.5160E-01  3.9398E+02  2.4267E+01 -3.9030E+02
  2.3242E+01  7.7568E+01  1.1322E+02  4.5160E-01  3.9398E+02  2.4267E+01 -3.9030E+02
  2.3250E+01  7.7594E+01  1.1322E+02  4.5160E-01  3.9398E+02  2.4267E+01 -3.9030E+02
  2.3257E+01  7.7620E+01  1.1322E+02  4.5160E-01  3.9398E+02  2.4267E+01 -3.9030E+02
  2.3265E+01  7.7645E+01  1.1322E+02  4.5160E-01  3.9398E+02  2.4267E+01 -3.9029E+02
  2.3273E+01  7.7671E+01  1.1322E+02  4.5160E-01  3.9397E+02  2.4267E+01 -3.9029E+02
  2.3281E+01  7.7697E+01  1.1322E+02  4.5160E-01  3.9397E+02  2.4267E+01 -3.9029E+02
  2.3288E+01  7.7723E+01  1.1322E+02  4.5160E-01  3.9397E+02  2.4267E+01 -3.9029E+02
  2.3296E+01  7.7749E+01  1.1322E+02  4.5160E-01  3.9397E+02  2.4267E+01 -3.9028E+02
  2.3304E+01  7.7775E+01  1.1322E+02  4.5160E-01  3.9396E+02  2.4267E+01 -3.9028E+02
  2.3312E+01  7.7801E+01  1.1322E+02  4.5160E-01  3.9396E+02  2.4267E+01 -3.9028E+02
  2.3319E+01  7.7827E+01  1.1322E+02  4.5159E-01  3.9396E+02  2.4267E+01 -3.9028E+02
  2.3327E+01  7.7852E+01  1.1322E+02  4.5159E-01  3.9396E+02  2.4267E+01 -3.9028E+02
  2.3335E+01  7.7878E+01  1.1322E+02  4.5159E-01  3.9396E+02  2.4267E+01 -3.9027E+02
  2.3342E+01  7.7904E+01  1.1322E+02  4.5159E-01  3.9395E+02  2.4267E+01 -3.9027E+02
  2.3350E+01  7.7930E+01  1.1322E+02  4.5159E-01  3.9395E+02  2.4267E+01 -3.9027E+02
  2.3358E+01  7.7955E+01  1.1322E+02  4.5159E-01  3.9395E+02  2.4267E+01 -3.9027E+02
  2.3366E+01  7.7981E+01  1.1322E+02  4.5159E-01  3.9395E+02  2.4267E+01 -3.9026E+02
  2.3373E+01  7.8007E+01  1.1322E+02  4.5159E-01  3.9394E+02  2.4267E+01 -3.9026E+02
  2.3381E+01  7.8033E+01  1.1322E+02  4.5159E-01  3.9394E+02  2.4267E+01 -3.9026E+02
  2.3389E+01  7.8059E+01  1.1322E+02  4.5159E-01  3.9394E+02  2.4267E+01 -3.9026E+02
  2.3397E+01  7.8084E+01  1.1322E+02  4.5159E-01  3.9394E+02  2.4267E+01 -3.9026E+02
  2.3404E+01  7.8110E+01  1.1322E+02  4.5159E-01  3.9394E+02  2.4267E+01 -3.9025E+02
  2.3412E+01  7.8136E+01  1.1322E+02  4.5159E-01  3.9393E+02  2.4267E+01 -3.9025E+02
  2.3420E+01  7.8162E+01  1.1322E+02  4.5159E-01  3.9393E+02  2.4267E+01 -3.9025E+02
  2.3428E+01  7.8188E+01  1.1322E+02  4.5159E-01  3.9393E+02  2.4267E+01 -3.9025E+02
  2.3435E+01  7.8214E+01  1.1322E+02  4.5159E-01  3.9393E+02  2.4267E+01 -3.9024E+02
  2.3443E+01  7.8240E+01  1.1322E+02  4.5159E-01  3.9392E+02  2.4267E+01 -3.9024E+02
  2.3451E+01  7.8266E+01  1.1322E+02  4.5159E-01  3.9392E+02  2.4267E+01 -3.9024E+02
  2.3458E+01  7.8291E+01  1.1322E+02  4.5158E-01  3.9392E+02  2.4267E+01 -3.9024E+02
  2.3466E+01  7.8317E+01  1.1322E+02  4.5158E-01  3.9392E+02  2.4267E+01 -3.9023E+02
  2.3474E+01  7.8343E+01  1.1322E+02  4.5158E-01  3.9392E+02  2.4267E+01 -3.9023E+02
  2.3482E+01  7.8368E+01  1.1322E+02  4.5158E-01  3.9391E+02  2.4267E+01 -3.9023E+02
  2.3490E+01  7.8394E+01  1.1322E+02  4.5158E-01  3.9391E+02  2.4267E+01 -3.9023E+02
  2.3497E+01  7.8420E+01  1.1322E+02  4.5158E-01  3.9391E+02  2.4267E+01 -3.9023E+02
  2.3505E+01  7.8446E+01  1.1322E+02  4.5158E-01  3.9391E+02  2.4267E+01 -3.9022E+02
  2.3513E+01  7.8472E+01  1.1322E+02  4.5158E-01  3.9390E+02  2.4267E+01 -3.9022E+02
  2.3520E+01  7.8497E+01  1.1322E+02  4.5158E-01  3.9390E+02  2.4267E+01 -3.9022E+02
  2.3528E+01  7.8523E+01  1.1322E+02  4.5158E-01  3.9390E+02  2.4267E+01 -3.9022E+02
  2.3536E+01  7.8549E+01  1.1322E+02  4.5158E-01  3.9390E+02  2.4267E+01 -3.9021E+02
  2.3544E+01  7.8575E+01  1.1322E+02  4.5158E-01  3.9389E+02  2.4267E+01 -3.9021E+02
  2.3551E+01  7.8601E+01  1.1322E+02  4.5158E-01  3.9389E+02  2.4267E+01 -3.9021E+02
  2.3559E+01  7.8627E+01  1.1322E+02  4.5158E-01  3.9389E+02  2.4266E+01 -3.9021E+02
  2.3567E+01  7.8653E+01  1.1322E+02  4.5158E-01  3.9383E+02  2.4262E+01 -3.9015E+02
  2.3575E+01  7.8679E+01  1.1319E+02  4.5158E-01  3.9729E+02  2.4264E+01 -3.9364E+02
  2.3582E+01  7.8704E+01  1.1311E+02  4.5158E-01  3.9856E+02  2.4077E+01 -3.9498E+02
  2.3590E+01  7.8730E+01  1.1302E+02  4.5158E-01  4.0059E+02  2.3827E+01 -3.9710E+02
  2.3598E+01  7.8756E+01  1.1294E+02  4.5158E-01  4.0273E+02  2.3563E+01 -3.9934E+02
  2.3606E+01  7.8781E+01  1.1285E+02  4.5157E-01  4.0520E+02  2.3288E+01 -4.0190E+02
  2.3613E+01  7.8807E+01  1.1276E+02  4.5157E-01  4.0789E+02  2.3021E+01 -4.0469E+02
  2.3621E+01  7.8833E+01  1.1268E+02  4.5157E-01  4.1074E+02  2.2762E+01 -4.0763E+02
  2.3629E+01  7.8859E+01  1.1259E+02  4.5157E-01  4.1380E+02  2.2517E+01 -4.1079E+02
  2.3637E+01  7.8885E+01  1.1251E+02  4.5157E-01  4.1682E+02  2.2282E+01 -4.1389E+02
  2.3644E+01  7.8910E+01  1.1242E+02  4.5157E-01  4.1987E+02  2.2053E+01 -4.1702E+02
  2.3652E+01  7.8936E+01  1.1234E+02  4.5157E-01  4.2270E+02  2.1835E+01 -4.1992E+02
  2.3660E+01  7.8962E+01  1.1226E+02  4.5157E-01  4.2529E+02  2.1611E+01 -4.2259E+02
  2.3667E+01  7.8988E+01  1.1218E+02  4.5157E-01  4.2781E+02  2.1391E+01 -4.2518E+02
  2.3675E+01  7.9014E+01  1.1209E+02  4.5157E-01  4.3011E+02  2.1171E+01 -4.2755E+02
  2.3683E+01  7.9040E+01  1.1201E+02  4.5157E-01  4.3225E+02  2.0948E+01 -4.2976E+02
  2.3691E+01  7.9066E+01  1.1192E+02  4.5157E-01  4.3435E+02  2.0721E+01 -4.3191E+02
  2.3699E+01  7.9092E+01  1.1184E+02  4.5157E-01  4.3640E+02  2.0482E+01 -4.3403E+02
  2.3706E+01  7.9117E+01  1.1175E+02  4.5157E-01  4.3861E+02  2.0222E+01 -4.3632E+02
  2.3714E+01  7.9143E+01  1.1167E+02  4.5157E-01  4.4097E+02  1.9955E+01 -4.3875E+02
  2.3722E+01  7.9169E+01  1.1158E+02  4.5157E-01  4.4371E+02  1.9694E+01 -4.4156E+02
  2.3729E+01  7.9194E+01  1.1149E+02  4.5157E-01  4.4675E+02  1.9444E+01 -4.4467E+02
  2.3737E+01  7.9220E+01  1.1141E+02  4.5156E-01  4.4984E+02  1.9208E+01 -4.4783E+02
  2.3745E+01  7.9246E+01  1.1132E+02  4.5156E-01  4.5293E+02  1.8973E+01 -4.5097E+02
  2.3753E+01  7.9272E+01  1.1124E+02  4.5156E-01  4.5600E+02  1.8751E+01 -4.5411E+02
  2.3760E+01  7.9298E+01  1.1116E+02  4.5156E-01  4.5889E+02  1.8534E+01 -4.5705E+02
  2.3768E+01  7.9324E+01  1.1107E+02  4.5156E-01  4.6173E+02  1.8320E+01 -4.5994E+02
  2.3776E+01  7.9349E+01  1.1099E+02  4.5156E-01  4.6417E+02  1.8118E+01 -4.6243E+02
  2.3784E+01  7.9375E+01  1.1091E+02  4.5156E-01  4.6651E+02  1.7903E+01 -4.6483E+02
  2.3791E+01  7.9401E+01  1.1083E+02  4.5156E-01  4.6877E+02  1.7691E+01 -4.6713E+02
  2.3799E+01  7.9427E+01  1.1074E+02  4.5156E-01  4.7089E+02  1.7472E+01 -4.6930E+02
  2.3807E+01  7.9453E+01  1.1066E+02  4.5156E-01  4.7304E+02  1.7235E+01 -4.7150E+02
  2.3815E+01  7.9479E+01  1.1057E+02  4.5156E-01  4.7533E+02  1.6990E+01 -4.7384E+02
  2.3822E+01  7.9505E+01  1.1048E+02  4.5156E-01  4.7781E+02  1.6738E+01 -4.7637E+02
  2.3830E+01  7.9530E+01  1.1039E+02  4.5156E-01  4.8064E+02  1.6484E+01 -4.7925E+02
  2.3838E+01  7.9556E+01  1.1031E+02  4.5156E-01  4.8374E+02  1.6247E+01 -4.8240E+02
  2.3845E+01  7.9582E+01  1.1022E+02  4.5156E-01  4.8687E+02  1.6018E+01 -4.8558E+02
  2.3853E+01  7.9607E+01  1.1014E+02  4.5155E-01  4.9009E+02  1.5801E+01 -4.8884E+02
  2.3861E+01  7.9633E+01  1.1006E+02  4.5155E-01  4.9317E+02  1.5591E+01 -4.9196E+02
  2.3869E+01  7.9659E+01  1.0997E+02  4.5155E-01  4.9621E+02  1.5380E+01 -4.9504E+02
  2.3876E+01  7.9685E+01  1.0989E+02  4.5155E-01  4.9903E+02  1.5182E+01 -4.9790E+02
  2.3884E+01  7.9711E+01  1.0981E+02  4.5155E-01  5.0164E+02  1.4977E+01 -5.0054E+02
  2.3892E+01  7.9737E+01  1.0973E+02  4.5155E-01  5.0416E+02  1.4778E+01 -5.0310E+02
  2.3900E+01  7.9762E+01  1.0965E+02  4.5155E-01  5.0624E+02  1.4591E+01 -5.0520E+02
  2.3907E+01  7.9788E+01  1.0956E+02  4.5155E-01  5.0843E+02  1.4382E+01 -5.0743E+02
  2.3915E+01  7.9814E+01  1.0948E+02  4.5155E-01  5.1066E+02  1.4164E+01 -5.0970E+02
  2.3923E+01  7.9840E+01  1.0939E+02  4.5155E-01  5.1299E+02  1.3936E+01 -5.1206E+02
  2.3931E+01  7.9866E+01  1.0930E+02  4.5155E-01  5.1564E+02  1.3697E+01 -5.1474E+02
  2.3938E+01  7.9892E+01  1.0921E+02  4.5155E-01  5.1851E+02  1.3468E+01 -5.1765E+02
  2.3946E+01  7.9918E+01  1.0913E+02  4.5155E-01  5.2156E+02  1.3246E+01 -5.2073E+02
  2.3954E+01  7.9943E+01  1.0904E+02  4.5154E-01  5.2483E+02  1.3038E+01 -5.2404E+02
  2.3962E+01  7.9969E+01  1.0896E+02  4.5154E-01  5.2807E+02  1.2841E+01 -5.2730E+02
  2.3969E+01  7.9995E+01  1.0888E+02  4.5154E-01  5.3135E+02  1.2649E+01 -5.3061E+02
  2.3977E+01  8.0020E+01  1.0879E+02  4.5154E-01  5.3441E+02  1.2470E+01 -5.3370E+02
  2.3985E+01  8.0046E+01  1.0871E+02  4.5154E-01  5.3724E+02  1.2287E+01 -5.3655E+02
  2.3993E+01  8.0072E+01  1.0863E+02  4.5154E-01  5.4000E+02  1.2109E+01 -5.3933E+02
  2.4000E+01  8.0098E+01  1.0855E+02  4.5154E-01  5.4252E+02  1.1934E+01 -5.4188E+02
  2.4008E+01  8.0124E+01  1.0846E+02  4.5154E-01  5.4489E+02  1.1757E+01 -5.4427E+02
  2.4016E+01  8.0150E+01  1.0838E+02  4.5154E-01  5.4720E+02  1.1580E+01 -5.4659E+02
  2.4024E+01  8.0176E+01  1.0829E+02  4.5154E-01  5.4944E+02  1.1395E+01 -5.4886E+02
  2.4031E+01  8.0201E+01  1.0821E+02  4.5154E-01  5.5165E+02  1.1194E+01 -5.5110E+02
  2.4039E+01  8.0227E+01  1.0812E+02  4.5154E-01  5.5435E+02  1.0995E+01 -5.5381E+02
  2.4047E+01  8.0253E+01  1.0804E+02  4.5153E-01  5.5726E+02  1.0801E+01 -5.5674E+02
  2.4054E+01  8.0279E+01  1.0795E+02  4.5153E-01  5.6049E+02  1.0620E+01 -5.5999E+02
  2.4062E+01  8.0305E+01  1.0786E+02  4.5153E-01  5.6377E+02  1.0451E+01 -5.6330E+02
  2.4070E+01  8.0331E+01  1.0778E+02  4.5153E-01  5.6706E+02  1.0286E+01 -5.6660E+02
  2.4078E+01  8.0356E+01  1.0770E+02  4.5153E-01  5.7035E+02  1.0134E+01 -5.6991E+02
  2.4086E+01  8.0382E+01  1.0761E+02  4.5153E-01  5.7347E+02  9.9894E+00 -5.7304E+02
  2.4093E+01  8.0408E+01  1.0753E+02  4.5153E-01  5.7646E+02  9.8582E+00 -5.7605E+02
  2.4101E+01  8.0433E+01  1.0745E+02  4.5153E-01  5.7921E+02  9.7213E+00 -5.7880E+02
  2.4109E+01  8.0459E+01  1.0737E+02  4.5153E-01  5.8177E+02  9.5886E+00 -5.8138E+02
  2.4116E+01  8.0485E+01  1.0729E+02  4.5153E-01  5.8423E+02  9.4611E+00 -5.8386E+02
  2.4124E+01  8.0511E+01  1.0720E+02  4.5153E-01  5.8656E+02  9.3330E+00 -5.8620E+02
  2.4132E+01  8.0537E+01  1.0712E+02  4.5152E-01  5.8889E+02  9.1984E+00 -5.8854E+02
  2.4140E+01  8.0563E+01  1.0703E+02  4.5152E-01  5.9135E+02  9.0641E+00 -5.9101E+02
  2.4147E+01  8.0589E+01  1.0694E+02  4.5152E-01  5.9399E+02  8.9315E+00 -5.9366E+02
  2.4155E+01  8.0614E+01  1.0686E+02  4.5152E-01  5.9700E+02  8.8058E+00 -5.9668E+02
  2.4163E+01  8.0640E+01  1.0677E+02  4.5152E-01  6.0024E+02  8.6968E+00 -5.9994E+02
  2.4171E+01  8.0666E+01  1.0669E+02  4.5152E-01  6.0356E+02  8.5964E+00 -6.0326E+02
  2.4178E+01  8.0692E+01  1.0660E+02  4.5152E-01  6.0698E+02  8.5083E+00 -6.0669E+02
  2.4186E+01  8.0718E+01  1.0652E+02  4.5152E-01  6.1027E+02  8.4279E+00 -6.0999E+02
  2.4194E+01  8.0744E+01  1.0644E+02  4.5152E-01  6.1352E+02  8.3557E+00 -6.1324E+02
  2.4202E+01  8.0769E+01  1.0636E+02  4.5152E-01  6.1657E+02  8.2913E+00 -6.1629E+02
  2.4209E+01  8.0795E+01  1.0627E+02  4.5151E-01  6.1939E+02  8.2305E+00 -6.1912E+02
  2.4217E+01  8.0821E+01  1.0619E+02  4.5151E-01  6.2213E+02  8.1792E+00 -6.2187E+02
  2.4225E+01  8.0846E+01  1.0611E+02  4.5151E-01  6.2441E+02  8.1367E+00 -6.2415E+02
  2.4232E+01  8.0872E+01  1.0603E+02  4.5151E-01  6.2680E+02  8.0933E+00 -6.2654E+02
  2.4240E+01  8.0898E+01  1.0594E+02  4.5151E-01  6.2921E+02  8.0548E+00 -6.2896E+02
  2.4248E+01  8.0924E+01  1.0586E+02  4.5151E-01  6.3170E+02  8.0222E+00 -6.3145E+02
  2.4256E+01  8.0950E+01  1.0577E+02  4.5151E-01  6.3450E+02  7.9998E+00 -6.3425E+02
  2.4263E+01  8.0976E+01  1.0568E+02  4.5151E-01  6.3753E+02  7.9899E+00 -6.3728E+02
  2.4271E+01  8.1002E+01  1.0560E+02  4.5151E-01  6.4074E+02  7.9907E+00 -6.4049E+02
  2.4279E+01  8.1028E+01  1.0551E+02  4.5150E-01  6.4419E+02  8.0015E+00 -6.4394E+02
  2.4287E+01  8.1053E+01  1.0543E+02  4.5150E-01  6.4771E+02  8.0180E+00 -6.4746E+02
  2.4294E+01  8.1079E+01  1.0535E+02  4.5150E-01  6.5109E+02  8.0420E+00 -6.5085E+02
  2.4302E+01  8.1105E+01  1.0526E+02  4.5150E-01  6.5439E+02  8.0730E+00 -6.5414E+02
  2.4310E+01  8.1131E+01  1.0523E+02  4.5150E-01  6.5265E+02  8.0820E+00 -6.5241E+02
  2.4326E+01  8.1185E+01  1.0523E+02  4.5150E-01  6.5289E+02  8.0827E+00 -6.5264E+02
