  2.4326E+01  8.1185E+01 -2.8478E-03  4.8596E-01  3.4059E-02  4.4306E-01  3.3773E-02
  2.4327E+01  8.1189E+01 -2.8480E-03  4.8600E-01  3.4059E-02  4.4307E-01  3.3773E-02
  2.4329E+01  8.1194E+01 -2.8482E-03  4.8605E-01  3.4060E-02  4.4307E-01  3.3774E-02
  2.4330E+01  8.1198E+01 -2.8485E-03  4.8609E-01  3.4060E-02  4.4308E-01  3.3774E-02
  2.4331E+01  8.1203E+01 -2.8487E-03  4.8614E-01  3.4060E-02  4.4308E-01  3.3774E-02
  2.4333E+01  8.1207E+01 -2.8489E-03  4.8618E-01  3.4061E-02  4.4309E-01  3.3775E-02
  2.4334E+01  8.1211E+01 -2.8492E-03  4.8623E-01  3.4061E-02  4.4309E-01  3.3775E-02
  2.4335E+01  8.1215E+01 -2.8494E-03  4.8627E-01  3.4061E-02  4.4310E-01  3.3775E-02
  2.4337E+01  8.1220E+01 -2.8497E-03  4.8632E-01  3.4062E-02  4.4310E-01  3.3776E-02
  2.4338E+01  8.1224E+01 -2.8499E-03  4.8636E-01  3.4062E-02  4.4311E-01  3.3776E-02
  2.4339E+01  8.1229E+01 -2.8502E-03  4.8641E-01  3.4062E-02  4.4311E-01  3.3777E-02
  2.4341E+01  8.1233E+01 -2.8504E-03  4.8645E-01  3.4063E-02  4.4312E-01  3.3777E-02
  2.4342E+01  8.1238E+01 -2.8506E-03  4.8650E-01  3.4063E-02  4.4313E-01  3.3777E-02
  2.4343E+01  8.1242E+01 -2.8509E-03  4.8654E-01  3.4063E-02  4.4313E-01  3.3778E-02
  2.4345E+01  8.1247E+01 -2.8511E-03  4.8659E-01  3.4064E-02  4.4314E-01  3.3778E-02
  2.4346E+01  8.1251E+01 -2.8514E-03  4.8663E-01  3.4064E-02  4.4314E-01  3.3778E-02
  2.4347E+01  8.1256E+01 -2.8516E-03  4.8668E-01  3.4064E-02  4.4315E-01  3.3779E-02
  2.4349E+01  8.1260E+01 -2.8518E-03  4.8672E-01  3.4065E-02  4.4315E-01  3.3779E-02
  2.4350E+01  8.1265E+01 -2.8521E-03  4.8677E-01  3.4065E-02  4.4316E-01  3.3780E-02
  2.4351E+01  8.1269E+01 -2.8523E-03  4.8681E-01  3.4065E-02  4.4316E-01  3.3780E-02
  2.4353E+01  8.1274E+01 -2.8526E-03  4.8686E-01  3.4066E-02  4.4317E-01  3.3780E-02
  2.4354E+01  8.1278E+01 -2.8528E-03  4.8690E-01  3.4066E-02  4.4317E-01  3.3781E-02
  2.4355E+01  8.1283E+01 -2.8531E-03  4.8695E-01  3.4066E-02  4.4318E-01  3.3781E-02
  2.4357E+01  8.1287E+01 -2.8533E-03  4.8699E-01  3.4066E-02  4.4318E-01  3.3781E-02
  2.4358E+01  8.1292E+01 -2.8535E-03  4.8704E-01  3.4067E-02  4.4319E-01  3.3782E-02
  2.4359E+01  8.1296E+01 -2.8538E-03  4.8708E-01  3.4067E-02  4.4319E-01  3.3782E-02
  2.4361E+01  8.1301E+01 -2.8540E-03  4.8713E-01  3.4068E-02  4.4320E-01  3.3783E-02
  2.4362E+01  8.1305E+01 -2.8542E-03  4.8717E-01  3.4068E-02  4.4320E-01  3.3783E-02
  2.4363E+01  8.1310E+01 -2.8545E-03  4.8722E-01  3.4068E-02  4.4321E-01  3.3783E-02
  2.4365E+01  8.1314E+01 -2.8547E-03  4.8726E-01  3.4068E-02  4.4322E-01  3.3784E-02
  2.4366E+01  8.1319E+01 -2.8550E-03  4.8731E-01  3.4069E-02  4.4322E-01  3.3784E-02
  2.4367E+01  8.1323E+01 -2.8552E-03  4.8735E-01  3.4069E-02  4.4323E-01  3.3784E-02
  2.4369E+01  8.1327E+01 -2.8555E-03  4.8740E-01  3.4069E-02  4.4323E-01  3.3785E-02
  2.4370E+01  8.1331E+01 -2.8557E-03  4.8744E-01  3.4070E-02  4.4324E-01  3.3785E-02
  2.4371E+01  8.1336E+01 -2.8559E-03  4.8749E-01  3.4070E-02  4.4324E-01  3.3786E-02
  2.4373E+01  8.1340E+01 -2.8562E-03  4.8753E-01  3.4070E-02  4.4325E-01  3.3786E-02
  2.4374E+01  8.1345E+01 -2.8564E-03  4.8758E-01  3.4071E-02  4.4325E-01  3.3786E-02
  2.4375E+01  8.1349E+01 -2.8567E-03  4.8762E-01  3.4071E-02  4.4326E-01  3.3787E-02
  2.4377E+01  8.1354E+01 -2.8569E-03  4.8767E-01  3.4071E-02  4.4326E-01  3.3787E-02
  2.4378E+01  8.1358E+01 -2.8571E-03  4.8771E-01  3.4072E-02  4.4327E-01  3.3787E-02
  2.4379E+01  8.1363E+01 -2.8574E-03  4.8776E-01  3.4072E-02  4.4327E-01  3.3788E-02
  2.4381E+01  8.1367E+01 -2.8576E-03  4.8780E-01  3.4072E-02  4.4328E-01  3.3788E-02
  2.4382E+01  8.1372E+01 -2.8579E-03  4.8785E-01  3.4073E-02  4.4328E-01  3.3789E-02
  2.4383E+01  8.1376E+01 -2.8581E-03  4.8789E-01  3.4073E-02  4.4329E-01  3.3789E-02
  2.4385E+01  8.1381E+01 -2.8584E-03  4.8794E-01  3.4073E-02  4.4330E-01  3.3789E-02
  2.4386E+01  8.1385E+01 -2.8586E-03  4.8798E-01  3.4074E-02  4.4330E-01  3.3790E-02
  2.4388E+01  8.1390E+01 -2.8588E-03  4.8803E-01  3.4074E-02  4.4331E-01  3.3790E-02
  2.4389E+01  8.1394E+01 -2.8591E-03  4.8807E-01  3.4074E-02  4.4331E-01  3.3791E-02
  2.4390E+01  8.1399E+01 -2.8593E-03  4.8812E-01  3.4075E-02  4.4332E-01  3.3791E-02
  2.4391E+01  8.1403E+01 -2.8595E-03  4.8816E-01  3.4075E-02  4.4332E-01  3.3791E-02
  2.4393E+01  8.1408E+01 -2.8598E-03  4.8821E-01  3.4075E-02  4.4333E-01  3.3792E-02
  2.4394E+01  8.1412E+01 -2.8600E-03  4.8825E-01  3.4076E-02  4.4333E-01  3.3792E-02
  2.4396E+01  8.1417E+01 -2.8603E-03  4.8830E-01  3.4076E-02  4.4334E-01  3.3792E-02
  2.4397E+01  8.1421E+01 -2.8605E-03  4.8834E-01  3.4076E-02  4.4334E-01  3.3793E-02
  2.4398E+01  8.1426E+01 -2.8608E-03  4.8839E-01  3.4077E-02  4.4335E-01  3.3793E-02
  2.4399E+01  8.1430E+01 -2.8610E-03  4.8843E-01  3.4077E-02  4.4335E-01  3.3794E-02
  2.4401E+01  8.1434E+01 -2.8612E-03  4.8848E-01  3.4077E-02  4.4336E-01  3.3794E-02
  2.4402E+01  8.1438E+01 -2.8615E-03  4.8852E-01  3.4078E-02  4.4336E-01  3.3794E-02
  2.4404E+01  8.1443E+01 -2.8617E-03  4.8857E-01  3.4078E-02  4.4337E-01  3.3795E-02
  2.4405E+01  8.1447E+01 -2.8620E-03  4.8861E-01  3.4078E-02  4.4338E-01  3.3795E-02
  2.4406E+01  8.1452E+01 -2.8622E-03  4.8866E-01  3.4079E-02  4.4338E-01  3.3795E-02
  2.4407E+01  8.1456E+01 -2.8624E-03  4.8870E-01  3.4079E-02  4.4339E-01  3.3796E-02
  2.4409E+01  8.1461E+01 -2.8627E-03  4.8875E-01  3.4079E-02  4.4339E-01  3.3796E-02
  2.4410E+01  8.1465E+01 -2.8629E-03  4.8879E-01  3.4080E-02  4.4340E-01  3.3797E-02
  2.4412E+01  8.1470E+01 -2.8632E-03  4.8884E-01  3.4080E-02  4.4340E-01  3.3797E-02
  2.4413E+01  8.1474E+01 -2.8634E-03  4.8888E-01  3.4080E-02  4.4341E-01  3.3797E-02
  2.4414E+01  8.1479E+01 -2.8637E-03  4.8893E-01  3.4081E-02  4.4341E-01  3.3798E-02
  2.4416E+01  8.1483E+01 -2.8639E-03  4.8897E-01  3.4081E-02  4.4342E-01  3.3798E-02
  2.4417E+01  8.1488E+01 -2.8641E-03  4.8902E-01  3.4081E-02  4.4342E-01  3.3798E-02
  2.4418E+01  8.1492E+01 -2.8644E-03  4.8906E-01  3.4082E-02  4.4343E-01  3.3799E-02
  2.4420E+01  8.1497E+01 -2.8646E-03  4.8911E-01  3.4082E-02  4.4343E-01  3.3799E-02
  2.4421E+01  8.1501E+01 -2.8648E-03  4.8915E-01  3.4082E-02  4.4344E-01  3.3800E-02
  2.4422E+01  8.1506E+01 -2.8651E-03  4.8920E-01  3.4083E-02  4.4344E-01  3.3800E-02
  2.4424E+01  8.1510E+01 -2.8653E-03  4.8924E-01  3.4083E-02  4.4345E-01  3.3800E-02
  2.4425E+01  8.1515E+01 -2.8656E-03  4.8929E-01  3.4083E-02  4.4346E-01  3.3801E-02
  2.4426E+01  8.1519E+01 -2.8658E-03  4.8933E-01  3.4084E-02  4.4346E-01  3.3801E-02
  2.4428E+01  8.1524E+01 -2.8661E-03  4.8938E-01  3.4084E-02  4.4347E-01  3.3801E-02
  2.4429E+01  8.1528E+01 -2.8663E-03  4.8942E-01  3.4084E-02  4.4347E-01  3.3802E-02
  2.4430E+01  8.1533E+01 -2.8665E-03  4.8947E-01  3.4085E-02  4.4348E-01  3.3802E-02
  2.4432E+01  8.1537E+01 -2.8668E-03  4.8951E-01  3.4085E-02  4.4348E-01  3.3803E-02
  2.4433E+01  8.1542E+01 -2.8670E-03  4.8956E-01  3.4085E-02  4.4349E-01  3.3803E-02
  2.4434E+01  8.1546E+01 -2.8673E-03  4.8960E-01  3.4086E-02  4.4349E-01  3.3803E-02
  2.4436E+01  8.1550E+01 -2.8675E-03  4.8965E-01  3.4086E-02  4.4350E-01  3.3804E-02
  2.4437E+01  8.1554E+01 -2.8677E-03  4.8969E-01  3.4086E-02  4.4350E-01  3.3804E-02
  2.4438E+01  8.1559E+01 -2.8680E-03  4.8974E-01  3.4087E-02  4.4351E-01  3.3805E-02
  2.4440E+01  8.1563E+01 -2.8682E-03  4.8978E-01  3.4087E-02  4.4351E-01  3.3805E-02
  2.4441E+01  8.1568E+01 -2.8685E-03  4.8983E-01  3.4087E-02  4.4352E-01  3.3805E-02
  2.4442E+01  8.1572E+01 -2.8687E-03  4.8987E-01  3.4088E-02  4.4353E-01  3.3806E-02
  2.4444E+01  8.1577E+01 -2.8690E-03  4.8992E-01  3.4088E-02  4.4353E-01  3.3806E-02
  2.4445E+01  8.1581E+01 -2.8692E-03  4.8996E-01  3.4088E-02  4.4354E-01  3.3806E-02
  2.4446E+01  8.1586E+01 -2.8694E-03  4.9001E-01  3.4089E-02  4.4354E-01  3.3807E-02
  2.4448E+01  8.1590E+01 -2.8697E-03  4.9005E-01  3.4089E-02  4.4355E-01  3.3807E-02
  2.4449E+01  8.1595E+01 -2.8699E-03  4.9010E-01  3.4089E-02  4.4355E-01  3.3808E-02
  2.4450E+01  8.1599E+01 -2.8701E-03  4.9014E-01  3.4090E-02  4.4356E-01  3.3808E-02
  2.4452E+01  8.1604E+01 -2.8704E-03  4.9019E-01  3.4090E-02  4.4356E-01  3.3808E-02
  2.4453E+01  8.1608E+01 -2.8706E-03  4.9023E-01  3.4090E-02  4.4357E-01  3.3809E-02
  2.4454E+01  8.1613E+01 -2.8709E-03  4.9028E-01  3.4091E-02  4.4357E-01  3.3809E-02
  2.4456E+01  8.1617E+01 -2.8711E-03  4.9033E-01  3.4091E-02  4.4358E-01  3.3809E-02
  2.4457E+01  8.1622E+01 -2.8714E-03  4.9037E-01  3.4091E-02  4.4358E-01  3.3810E-02
  2.4458E+01  8.1626E+01 -2.8716E-03  4.9042E-01  3.4092E-02  4.4359E-01  3.3810E-02
  2.4460E+01  8.1631E+01 -2.8718E-03  4.9046E-01  3.4092E-02  4.4360E-01  3.3811E-02
  2.4461E+01  8.1635E+01 -2.8721E-03  4.9051E-01  3.4092E-02  4.4360E-01  3.3811E-02
  2.4462E+01  8.1640E+01 -2.8723E-03  4.9055E-01  3.4093E-02  4.4361E-01  3.3811E-02
  2.4464E+01  8.1644E+01 -2.8725E-03  4.9060E-01  3.4093E-02  4.4361E-01  3.3812E-02
  2.4465E+01  8.1649E+01 -2.8728E-03  4.9064E-01  3.4093E-02  4.4362E-01  3.3812E-02
  2.4466E+01  8.1653E+01 -2.8730E-03  4.9069E-01  3.4094E-02  4.4362E-01  3.3812E-02
  2.4468E+01  8.1657E+01 -2.8733E-03  4.9073E-01  3.4094E-02  4.4363E-01  3.3813E-02
  2.4469E+01  8.1662E+01 -2.8735E-03  4.9078E-01  3.4094E-02  4.4363E-01  3.3813E-02
  2.4470E+01  8.1666E+01 -2.8738E-03  4.9082E-01  3.4095E-02  4.4364E-01  3.3814E-02
  2.4472E+01  8.1670E+01 -2.8740E-03  4.9087E-01  3.4095E-02  4.4364E-01  3.3814E-02
  2.4473E+01  8.1675E+01 -2.8742E-03  4.9091E-01  3.4095E-02  4.4365E-01  3.3814E-02
  2.4474E+01  8.1679E+01 -2.8745E-03  4.9096E-01  3.4096E-02  4.4365E-01  3.3815E-02
  2.4476E+01  8.1684E+01 -2.8747E-03  4.9100E-01  3.4096E-02  4.4366E-01  3.3815E-02
  2.4477E+01  8.1688E+01 -2.8750E-03  4.9105E-01  3.4096E-02  4.4367E-01  3.3815E-02
  2.4478E+01  8.1693E+01 -2.8752E-03  4.9109E-01  3.4097E-02  4.4367E-01  3.3816E-02
  2.4480E+01  8.1697E+01 -2.8754E-03  4.9114E-01  3.4097E-02  4.4368E-01  3.3816E-02
  2.4481E+01  8.1702E+01 -2.8757E-03  4.9118E-01  3.4097E-02  4.4368E-01  3.3817E-02
  2.4482E+01  8.1706E+01 -2.8759E-03  4.9123E-01  3.4097E-02  4.4369E-01  3.3817E-02
  2.4484E+01  8.1711E+01 -2.8762E-03  4.9127E-01  3.4098E-02  4.4369E-01  3.3817E-02
  2.4485E+01  8.1715E+01 -2.8764E-03  4.9132E-01  3.4098E-02  4.4370E-01  3.3818E-02
  2.4486E+01  8.1720E+01 -2.8767E-03  4.9137E-01  3.4098E-02  4.4370E-01  3.3818E-02
  2.4488E+01  8.1724E+01 -2.8769E-03  4.9141E-01  3.4099E-02  4.4371E-01  3.3818E-02
  2.4489E+01  8.1729E+01 -2.8771E-03  4.9146E-01  3.4099E-02  4.4371E-01  3.3819E-02
  2.4490E+01  8.1733E+01 -2.8774E-03  4.9150E-01  3.4099E-02  4.4372E-01  3.3819E-02
  2.4492E+01  8.1738E+01 -2.8776E-03  4.9155E-01  3.4100E-02  4.4373E-01  3.3820E-02
  2.4493E+01  8.1742E+01 -2.8778E-03  4.9159E-01  3.4100E-02  4.4373E-01  3.3820E-02
  2.4494E+01  8.1747E+01 -2.8781E-03  4.9164E-01  3.4100E-02  4.4374E-01  3.3820E-02
  2.4496E+01  8.1751E+01 -2.8783E-03  4.9168E-01  3.4101E-02  4.4374E-01  3.3821E-02
  2.4497E+01  8.1756E+01 -2.8786E-03  4.9173E-01  3.4101E-02  4.4375E-01  3.3821E-02
  2.4498E+01  8.1760E+01 -2.8788E-03  4.9177E-01  3.4101E-02  4.4375E-01  3.3821E-02
  2.4500E+01  8.1765E+01 -2.8791E-03  4.9182E-01  3.4102E-02  4.4376E-01  3.3822E-02
  2.4501E+01  8.1769E+01 -2.8793E-03  4.9186E-01  3.4102E-02  4.4376E-01  3.3822E-02
  2.4503E+01  8.1773E+01 -2.8795E-03  4.9191E-01  3.4102E-02  4.4377E-01  3.3823E-02
  2.4504E+01  8.1777E+01 -2.8798E-03  4.9195E-01  3.4103E-02  4.4377E-01  3.3823E-02
  2.4505E+01  8.1782E+01 -2.8800E-03  4.9200E-01  3.4103E-02  4.4378E-01  3.3823E-02
  2.4506E+01  8.1786E+01 -2.8803E-03  4.9204E-01  3.4103E-02  4.4378E-01  3.3824E-02
  2.4508E+01  8.1791E+01 -2.8805E-03  4.9209E-01  3.4104E-02  4.4379E-01  3.3824E-02
  2.4509E+01  8.1795E+01 -2.8807E-03  4.9213E-01  3.4104E-02  4.4380E-01  3.3825E-02
  2.4511E+01  8.1800E+01 -2.8810E-03  4.9218E-01  3.4104E-02  4.4380E-01  3.3825E-02
  2.4512E+01  8.1804E+01 -2.8812E-03  4.9222E-01  3.4105E-02  4.4381E-01  3.3825E-02
  2.4513E+01  8.1809E+01 -2.8815E-03  4.9227E-01  3.4105E-02  4.4381E-01  3.3826E-02
  2.4514E+01  8.1813E+01 -2.8817E-03  4.9231E-01  3.4105E-02  4.4382E-01  3.3826E-02
  2.4516E+01  8.1818E+01 -2.8820E-03  4.9236E-01  3.4106E-02  4.4382E-01  3.3826E-02
  2.4517E+01  8.1822E+01 -2.8822E-03  4.9240E-01  3.4106E-02  4.4383E-01  3.3827E-02
  2.4519E+01  8.1827E+01 -2.8824E-03  4.9245E-01  3.4106E-02  4.4383E-01  3.3827E-02
  2.4520E+01  8.1831E+01 -2.8827E-03  4.9249E-01  3.4107E-02  4.4384E-01  3.3828E-02
  2.4521E+01  8.1836E+01 -2.8829E-03  4.9254E-01  3.4107E-02  4.4384E-01  3.3828E-02
  2.4522E+01  8.1840E+01 -2.8831E-03  4.9258E-01  3.4107E-02  4.4385E-01  3.3828E-02
  2.4524E+01  8.1845E+01 -2.8834E-03  4.9263E-01  3.4108E-02  4.4386E-01  3.3829E-02
  2.4525E+01  8.1849E+01 -2.8836E-03  4.9267E-01  3.4108E-02  4.4386E-01  3.3829E-02
  2.4527E+01  8.1854E+01 -2.8839E-03  4.9272E-01  3.4108E-02  4.4387E-01  3.3829E-02
  2.4528E+01  8.1858E+01 -2.8841E-03  4.9276E-01  3.4109E-02  4.4387E-01  3.3830E-02
  2.4529E+01  8.1863E+01 -2.8844E-03  4.9281E-01  3.4109E-02  4.4388E-01  3.3830E-02
  2.4531E+01  8.1867E+01 -2.8846E-03  4.9285E-01  3.4109E-02  4.4388E-01  3.3831E-02
  2.4532E+01  8.1872E+01 -2.8848E-03  4.9290E-01  3.4110E-02  4.4389E-01  3.3831E-02
  2.4533E+01  8.1876E+01 -2.8851E-03  4.9294E-01  3.4110E-02  4.4389E-01  3.3831E-02
  2.4535E+01  8.1880E+01 -2.8853E-03  4.9299E-01  3.4110E-02  4.4390E-01  3.3832E-02
  2.4536E+01  8.1885E+01 -2.8856E-03  4.9303E-01  3.4111E-02  4.4390E-01  3.3832E-02
  2.4537E+01  8.1889E+01 -2.8858E-03  4.9308E-01  3.4111E-02  4.4391E-01  3.3832E-02
  2.4539E+01  8.1893E+01 -2.8860E-03  4.9312E-01  3.4111E-02  4.4391E-01  3.3833E-02
  2.4540E+01  8.1898E+01 -2.8863E-03  4.9317E-01  3.4112E-02  4.4392E-01  3.3833E-02
  2.4541E+01  8.1902E+01 -2.8865E-03  4.9321E-01  3.4112E-02  4.4393E-01  3.3834E-02
  2.4543E+01  8.1907E+01 -2.8868E-03  4.9326E-01  3.4112E-02  4.4393E-01  3.3834E-02
  2.4544E+01  8.1911E+01 -2.8870E-03  4.9330E-01  3.4113E-02  4.4394E-01  3.3834E-02
  2.4545E+01  8.1916E+01 -2.8873E-03  4.9335E-01  3.4113E-02  4.4394E-01  3.3835E-02
  2.4547E+01  8.1920E+01 -2.8875E-03  4.9339E-01  3.4113E-02  4.4395E-01  3.3835E-02
  2.4548E+01  8.1925E+01 -2.8877E-03  4.9344E-01  3.4114E-02  4.4395E-01  3.3835E-02
  2.4549E+01  8.1929E+01 -2.8880E-03  4.9348E-01  3.4114E-02  4.4396E-01  3.3836E-02
  2.4551E+01  8.1934E+01 -2.8882E-03  4.9353E-01  3.4114E-02  4.4396E-01  3.3836E-02
  2.4552E+01  8.1938E+01 -2.8884E-03  4.9357E-01  3.4115E-02  4.4397E-01  3.3837E-02
  2.4553E+01  8.1943E+01 -2.8887E-03  4.9362E-01  3.4114E-02  4.4400E-01  3.3836E-02
  2.4555E+01  8.1947E+01 -2.8889E-03  4.9366E-01  3.4105E-02  4.4410E-01  3.3827E-02
  2.4556E+01  8.1952E+01 -2.8892E-03  4.9371E-01  3.4052E-02  4.4455E-01  3.3773E-02
  2.4557E+01  8.1956E+01 -2.8894E-03  4.9375E-01  3.3882E-02  4.4511E-01  3.3601E-02
  2.4559E+01  8.1961E+01 -2.8897E-03  4.9380E-01  3.3484E-02  4.4520E-01  3.3200E-02
  2.4560E+01  8.1965E+01 -2.8899E-03  4.9384E-01  3.3022E-02  4.4516E-01  3.2733E-02
  2.4561E+01  8.1970E+01 -2.8901E-03  4.9389E-01  3.2469E-02  4.4516E-01  3.2175E-02
  2.4563E+01  8.1974E+01 -2.8903E-03  4.9393E-01  3.1971E-02  4.4516E-01  3.1673E-02
  2.4564E+01  8.1979E+01 -2.8906E-03  4.9397E-01  3.1411E-02  4.4516E-01  3.1108E-02
  2.4565E+01  8.1983E+01 -2.8908E-03  4.9401E-01  3.0913E-02  4.4517E-01  3.0605E-02
  2.4567E+01  8.1988E+01 -2.8910E-03  4.9405E-01  3.0353E-02  4.4517E-01  3.0039E-02
  2.4568E+01  8.1992E+01 -2.8912E-03  4.9409E-01  2.9855E-02  4.4518E-01  2.9536E-02
  2.4569E+01  8.1996E+01 -2.8914E-03  4.9413E-01  2.9296E-02  4.4518E-01  2.8970E-02
  2.4571E+01  8.2000E+01 -2.8916E-03  4.9417E-01  2.8798E-02  4.4519E-01  2.8467E-02
  2.4572E+01  8.2005E+01 -2.8918E-03  4.9421E-01  2.8239E-02  4.4519E-01  2.7901E-02
  2.4573E+01  8.2009E+01 -2.8919E-03  4.9424E-01  2.7742E-02  4.4520E-01  2.7398E-02
  2.4575E+01  8.2014E+01 -2.8921E-03  4.9428E-01  2.7183E-02  4.4520E-01  2.6832E-02
  2.4576E+01  8.2018E+01 -2.8923E-03  4.9432E-01  2.6686E-02  4.4521E-01  2.6329E-02
  2.4577E+01  8.2023E+01 -2.8925E-03  4.9435E-01  2.6128E-02  4.4521E-01  2.5763E-02
  2.4579E+01  8.2027E+01 -2.8927E-03  4.9438E-01  2.5632E-02  4.4522E-01  2.5260E-02
  2.4580E+01  8.2032E+01 -2.8928E-03  4.9442E-01  2.5074E-02  4.4522E-01  2.4694E-02
  2.4581E+01  8.2036E+01 -2.8930E-03  4.9445E-01  2.4578E-02  4.4523E-01  2.4190E-02
  2.4583E+01  8.2041E+01 -2.8932E-03  4.9448E-01  2.4021E-02  4.4523E-01  2.3624E-02
  2.4584E+01  8.2045E+01 -2.8933E-03  4.9451E-01  2.3526E-02  4.4524E-01  2.3120E-02
  2.4585E+01  8.2050E+01 -2.8935E-03  4.9455E-01  2.2970E-02  4.4524E-01  2.2554E-02
  2.4587E+01  8.2054E+01 -2.8936E-03  4.9457E-01  2.2476E-02  4.4525E-01  2.2051E-02
  2.4588E+01  8.2059E+01 -2.8938E-03  4.9460E-01  2.1921E-02  4.4525E-01  2.1485E-02
  2.4589E+01  8.2063E+01 -2.8939E-03  4.9463E-01  2.1427E-02  4.4526E-01  2.0981E-02
  2.4591E+01  8.2068E+01 -2.8940E-03  4.9466E-01  2.0873E-02  4.4526E-01  2.0415E-02
  2.4592E+01  8.2072E+01 -2.8941E-03  4.9469E-01  2.0380E-02  4.4527E-01  1.9911E-02
  2.4593E+01  8.2077E+01 -2.8943E-03  4.9471E-01  1.9828E-02  4.4527E-01  1.9345E-02
  2.4595E+01  8.2081E+01 -2.8944E-03  4.9474E-01  1.9336E-02  4.4528E-01  1.8841E-02
  2.4596E+01  8.2086E+01 -2.8945E-03  4.9476E-01  1.8785E-02  4.4528E-01  1.8274E-02
  2.4597E+01  8.2090E+01 -2.8946E-03  4.9479E-01  1.8295E-02  4.4529E-01  1.7771E-02
  2.4599E+01  8.2095E+01 -2.8947E-03  4.9481E-01  1.7745E-02  4.4529E-01  1.7204E-02
  2.4600E+01  8.2099E+01 -2.8948E-03  4.9483E-01  1.7257E-02  4.4530E-01  1.6700E-02
  2.4601E+01  8.2104E+01 -2.8949E-03  4.9486E-01  1.6710E-02  4.4530E-01  1.6134E-02
  2.4603E+01  8.2108E+01 -2.8950E-03  4.9488E-01  1.6224E-02  4.4531E-01  1.5630E-02
  2.4604E+01  8.2112E+01 -2.8951E-03  4.9490E-01  1.5678E-02  4.4531E-01  1.5063E-02
  2.4605E+01  8.2116E+01 -2.8952E-03  4.9492E-01  1.5195E-02  4.4532E-01  1.4559E-02
  2.4607E+01  8.2121E+01 -2.8953E-03  4.9494E-01  1.4653E-02  4.4532E-01  1.3993E-02
  2.4608E+01  8.2125E+01 -2.8954E-03  4.9495E-01  1.4172E-02  4.4533E-01  1.3489E-02
  2.4609E+01  8.2130E+01 -2.8954E-03  4.9497E-01  1.3634E-02  4.4533E-01  1.2922E-02
  2.4611E+01  8.2134E+01 -2.8955E-03  4.9499E-01  1.3157E-02  4.4534E-01  1.2418E-02
  2.4612E+01  8.2139E+01 -2.8956E-03  4.9500E-01  1.2624E-02  4.4534E-01  1.1852E-02
  2.4613E+01  8.2143E+01 -2.8956E-03  4.9502E-01  1.2152E-02  4.4535E-01  1.1347E-02
  2.4615E+01  8.2148E+01 -2.8957E-03  4.9503E-01  1.1624E-02  4.4535E-01  1.0781E-02
  2.4616E+01  8.2152E+01 -2.8957E-03  4.9505E-01  1.1158E-02  4.4536E-01  1.0277E-02
  2.4617E+01  8.2157E+01 -2.8958E-03  4.9506E-01  1.0639E-02  4.4536E-01  9.7099E-03
  2.4619E+01  8.2161E+01 -2.8958E-03  4.9507E-01  1.0181E-02  4.4537E-01  9.2057E-03
  2.4620E+01  8.2166E+01 -2.8959E-03  4.9509E-01  9.6712E-03  4.4537E-01  8.6390E-03
  2.4621E+01  8.2170E+01 -2.8959E-03  4.9510E-01  9.2236E-03  4.4538E-01  8.1348E-03
  2.4623E+01  8.2175E+01 -2.8960E-03  4.9511E-01  8.7278E-03  4.4538E-01  7.5681E-03
  2.4624E+01  8.2179E+01 -2.8960E-03  4.9512E-01  8.2943E-03  4.4539E-01  7.0639E-03
  2.4626E+01  8.2184E+01 -2.8960E-03  4.9513E-01  7.8173E-03  4.4539E-01  6.4971E-03
  2.4627E+01  8.2188E+01 -2.8960E-03  4.9513E-01  7.4035E-03  4.4540E-01  5.9929E-03
  2.4628E+01  8.2193E+01 -2.8960E-03  4.9514E-01  6.9527E-03  4.4540E-01  5.4261E-03
  2.4629E+01  8.2197E+01 -2.8960E-03  4.9515E-01  6.5667E-03  4.4541E-01  4.9218E-03
  2.4631E+01  8.2202E+01 -2.8961E-03  4.9516E-01  6.1533E-03  4.4541E-01  4.3551E-03
  2.4632E+01  8.2206E+01 -2.8961E-03  4.9516E-01  5.8074E-03  4.4542E-01  3.8508E-03
  2.4634E+01  8.2211E+01 -2.8961E-03  4.9517E-01  5.4481E-03  4.4543E-01  3.2840E-03
  2.4635E+01  8.2215E+01 -2.8960E-03  4.9517E-01  5.1599E-03  4.4543E-01  2.7797E-03
  2.4636E+01  8.2219E+01 -2.8960E-03  4.9517E-01  4.8780E-03  4.4544E-01  2.2129E-03
  2.4637E+01  8.2224E+01 -2.8960E-03  4.9518E-01  4.6709E-03  4.4544E-01  1.7086E-03
  2.4639E+01  8.2228E+01 -2.8960E-03  4.9518E-01  4.4946E-03  4.4545E-01  1.1418E-03
  2.4640E+01  8.2232E+01 -2.8960E-03  4.9518E-01  4.3937E-03  4.4545E-01  6.3748E-04
  2.4642E+01  8.2237E+01 -2.8960E-03  4.9518E-01  4.3479E-03  4.4546E-01  7.0670E-05
  2.4643E+01  8.2241E+01 -2.8959E-03  4.9518E-01  4.3689E-03  4.4546E-01 -4.3363E-04
  2.4644E+01  8.2246E+01 -2.8959E-03  4.9518E-01  4.4610E-03  4.4547E-01 -1.0004E-03
  2.4645E+01  8.2250E+01 -2.8958E-03  4.9518E-01  4.6005E-03  4.4547E-01 -1.5047E-03
  2.4647E+01  8.2255E+01 -2.8958E-03  4.9517E-01  4.8158E-03  4.4548E-01 -2.0715E-03
  2.4648E+01  8.2259E+01 -2.8958E-03  4.9517E-01  5.0534E-03  4.4548E-01 -2.5758E-03
  2.4650E+01  8.2264E+01 -2.8957E-03  4.9517E-01  5.3646E-03  4.4549E-01 -3.1426E-03
  2.4651E+01  8.2268E+01 -2.8956E-03  4.9516E-01  5.6748E-03  4.4549E-01 -3.6469E-03
  2.4652E+01  8.2273E+01 -2.8956E-03  4.9516E-01  6.0547E-03  4.4550E-01 -4.2137E-03
  2.4654E+01  8.2277E+01 -2.8955E-03  4.9515E-01  6.4159E-03  4.4550E-01 -4.7180E-03
  2.4655E+01  8.2282E+01 -2.8954E-03  4.9514E-01  6.8436E-03  4.4551E-01 -5.2848E-03
  2.4656E+01  8.2286E+01 -2.8954E-03  4.9514E-01  7.2401E-03  4.4551E-01 -5.7890E-03
  2.4658E+01  8.2291E+01 -2.8953E-03  4.9513E-01  7.7009E-03  4.4552E-01 -6.3558E-03
  2.4659E+01  8.2295E+01 -2.8952E-03  4.9512E-01  8.1221E-03  4.4552E-01 -6.8600E-03
  2.4660E+01  8.2300E+01 -2.8951E-03  4.9511E-01  8.6062E-03  4.4553E-01 -7.4268E-03
  2.4662E+01  8.2304E+01 -2.8950E-03  4.9510E-01  9.0450E-03  4.4553E-01 -7.9310E-03
  2.4663E+01  8.2309E+01 -2.8949E-03  4.9509E-01  9.5459E-03  4.4554E-01 -8.4977E-03
  2.4664E+01  8.2313E+01 -2.8948E-03  4.9508E-01  9.9974E-03  4.4554E-01 -9.0019E-03
  2.4666E+01  8.2318E+01 -2.8947E-03  4.9507E-01  1.0511E-02  4.4555E-01 -9.5686E-03
  2.4667E+01  8.2322E+01 -2.8946E-03  4.9505E-01  1.0972E-02  4.4555E-01 -1.0073E-02
  2.4668E+01  8.2327E+01 -2.8945E-03  4.9504E-01  1.1494E-02  4.4556E-01 -1.0639E-02
  2.4670E+01  8.2331E+01 -2.8944E-03  4.9502E-01  1.1962E-02  4.4556E-01 -1.1144E-02
  2.4671E+01  8.2335E+01 -2.8943E-03  4.9501E-01  1.2492E-02  4.4557E-01 -1.1710E-02
  2.4672E+01  8.2339E+01 -2.8942E-03  4.9499E-01  1.2966E-02  4.4557E-01 -1.2214E-02
  2.4674E+01  8.2344E+01 -2.8940E-03  4.9498E-01  1.3501E-02  4.4558E-01 -1.2781E-02
  2.4675E+01  8.2348E+01 -2.8939E-03  4.9496E-01  1.3979E-02  4.4558E-01 -1.3285E-02
  2.4676E+01  8.2353E+01 -2.8937E-03  4.9494E-01  1.4519E-02  4.4559E-01 -1.3852E-02
  2.4678E+01  8.2357E+01 -2.8936E-03  4.9492E-01  1.5000E-02  4.4559E-01 -1.4356E-02
  2.4679E+01  8.2362E+01 -2.8935E-03  4.9490E-01  1.5544E-02  4.4560E-01 -1.4922E-02
  2.4680E+01  8.2366E+01 -2.8933E-03  4.9488E-01  1.6028E-02  4.4560E-01 -1.5426E-02
  2.4682E+01  8.2371E+01 -2.8931E-03  4.9486E-01  1.6574E-02  4.4561E-01 -1.5993E-02
  2.4683E+01  8.2375E+01 -2.8930E-03  4.9484E-01  1.7061E-02  4.4561E-01 -1.6497E-02
  2.4684E+01  8.2380E+01 -2.8928E-03  4.9482E-01  1.7609E-02  4.4562E-01 -1.7063E-02
  2.4686E+01  8.2384E+01 -2.8927E-03  4.9479E-01  1.8098E-02  4.4562E-01 -1.7567E-02
  2.4687E+01  8.2389E+01 -2.8925E-03  4.9477E-01  1.8648E-02  4.4563E-01 -1.8133E-02
  2.4688E+01  8.2393E+01 -2.8923E-03  4.9475E-01  1.9139E-02  4.4563E-01 -1.8637E-02
  2.4690E+01  8.2398E+01 -2.8921E-03  4.9472E-01  1.9691E-02  4.4564E-01 -1.9203E-02
  2.4691E+01  8.2402E+01 -2.8920E-03  4.9470E-01  2.0182E-02  4.4565E-01 -1.9707E-02
  2.4692E+01  8.2407E+01 -2.8918E-03  4.9467E-01  2.0736E-02  4.4565E-01 -2.0273E-02
  2.4694E+01  8.2411E+01 -2.8916E-03  4.9464E-01  2.1229E-02  4.4566E-01 -2.0777E-02
  2.4695E+01  8.2416E+01 -2.8914E-03  4.9461E-01  2.1783E-02  4.4566E-01 -2.1343E-02
  2.4696E+01  8.2420E+01 -2.8912E-03  4.9458E-01  2.2277E-02  4.4567E-01 -2.1847E-02
  2.4698E+01  8.2425E+01 -2.8910E-03  4.9455E-01  2.2832E-02  4.4567E-01 -2.2413E-02
  2.4699E+01  8.2429E+01 -2.8908E-03  4.9452E-01  2.3327E-02  4.4568E-01 -2.2917E-02
  2.4700E+01  8.2434E+01 -2.8905E-03  4.9449E-01  2.3883E-02  4.4568E-01 -2.3483E-02
  2.4702E+01  8.2438E+01 -2.8903E-03  4.9446E-01  2.4379E-02  4.4569E-01 -2.3987E-02
  2.4703E+01  8.2442E+01 -2.8901E-03  4.9443E-01  2.4936E-02  4.4569E-01 -2.4552E-02
  2.4704E+01  8.2447E+01 -2.8899E-03  4.9440E-01  2.5432E-02  4.4570E-01 -2.5056E-02
  2.4706E+01  8.2451E+01 -2.8896E-03  4.9436E-01  2.5990E-02  4.4570E-01 -2.5622E-02
  2.4707E+01  8.2455E+01 -2.8894E-03  4.9433E-01  2.6486E-02  4.4571E-01 -2.6125E-02
  2.4708E+01  8.2460E+01 -2.8892E-03  4.9429E-01  2.7045E-02  4.4571E-01 -2.6691E-02
  2.4710E+01  8.2464E+01 -2.8889E-03  4.9426E-01  2.7542E-02  4.4572E-01 -2.7195E-02
  2.4711E+01  8.2469E+01 -2.8887E-03  4.9422E-01  2.8100E-02  4.4572E-01 -2.7760E-02
  2.4712E+01  8.2473E+01 -2.8884E-03  4.9418E-01  2.8598E-02  4.4573E-01 -2.8264E-02
  2.4714E+01  8.2478E+01 -2.8882E-03  4.9414E-01  2.9157E-02  4.4573E-01 -2.8829E-02
  2.4715E+01  8.2482E+01 -2.8879E-03  4.9411E-01  2.9654E-02  4.4572E-01 -2.9332E-02
  2.4716E+01  8.2487E+01 -2.8876E-03  4.9406E-01  3.0205E-02  4.4561E-01 -2.9889E-02
  2.4718E+01  8.2491E+01 -2.8874E-03  4.9403E-01  3.0666E-02  4.4521E-01 -3.0355E-02
  2.4719E+01  8.2496E+01 -2.8871E-03  4.9398E-01  3.1061E-02  4.4448E-01 -3.0755E-02
  2.4720E+01  8.2500E+01 -2.8868E-03  4.9394E-01  3.1230E-02  4.4448E-01 -3.0926E-02
  2.4722E+01  8.2505E+01 -2.8866E-03  4.9390E-01  3.1282E-02  4.4465E-01 -3.0978E-02
  2.4723E+01  8.2509E+01 -2.8863E-03  4.9386E-01  3.1291E-02  4.4469E-01 -3.0987E-02
  2.4724E+01  8.2514E+01 -2.8860E-03  4.9382E-01  3.1292E-02  4.4471E-01 -3.0988E-02
  2.4726E+01  8.2518E+01 -2.8858E-03  4.9378E-01  3.1291E-02  4.4471E-01 -3.0987E-02
  2.4727E+01  8.2523E+01 -2.8855E-03  4.9374E-01  3.1291E-02  4.4472E-01 -3.0987E-02
  2.4728E+01  8.2527E+01 -2.8852E-03  4.9370E-01  3.1291E-02  4.4472E-01 -3.0986E-02
  2.4730E+01  8.2532E+01 -2.8849E-03  4.9365E-01  3.1290E-02  4.4473E-01 -3.0986E-02
  2.4731E+01  8.2536E+01 -2.8847E-03  4.9361E-01  3.1290E-02  4.4473E-01 -3.0986E-02
  2.4732E+01  8.2541E+01 -2.8844E-03  4.9357E-01  3.1290E-02  4.4474E-01 -3.0985E-02
  2.4734E+01  8.2545E+01 -2.8841E-03  4.9353E-01  3.1289E-02  4.4475E-01 -3.0985E-02
  2.4735E+01  8.2550E+01 -2.8838E-03  4.9349E-01  3.1289E-02  4.4475E-01 -3.0985E-02
  2.4736E+01  8.2554E+01 -2.8836E-03  4.9345E-01  3.1289E-02  4.4476E-01 -3.0984E-02
  2.4738E+01  8.2558E+01 -2.8833E-03  4.9341E-01  3.1288E-02  4.4476E-01 -3.0984E-02
  2.4739E+01  8.2562E+01 -2.8830E-03  4.9337E-01  3.1288E-02  4.4477E-01 -3.0983E-02
  2.4741E+01  8.2567E+01 -2.8827E-03  4.9332E-01  3.1288E-02  4.4477E-01 -3.0983E-02
  2.4742E+01  8.2571E+01 -2.8825E-03  4.9328E-01  3.1288E-02  4.4478E-01 -3.0983E-02
  2.4743E+01  8.2576E+01 -2.8822E-03  4.9324E-01  3.1287E-02  4.4479E-01 -3.0982E-02
  2.4744E+01  8.2580E+01 -2.8819E-03  4.9320E-01  3.1287E-02  4.4479E-01 -3.0982E-02
  2.4746E+01  8.2585E+01 -2.8817E-03  4.9316E-01  3.1287E-02  4.4480E-01 -3.0981E-02
  2.4747E+01  8.2589E+01 -2.8814E-03  4.9312E-01  3.1286E-02  4.4480E-01 -3.0981E-02
  2.4749E+01  8.2594E+01 -2.8811E-03  4.9307E-01  3.1286E-02  4.4481E-01 -3.0981E-02
  2.4750E+01  8.2598E+01 -2.8809E-03  4.9304E-01  3.1286E-02  4.4482E-01 -3.0980E-02
  2.4751E+01  8.2603E+01 -2.8806E-03  4.9299E-01  3.1285E-02  4.4482E-01 -3.0980E-02
  2.4752E+01  8.2607E+01 -2.8803E-03  4.9295E-01  3.1285E-02  4.4483E-01 -3.0980E-02
  2.4754E+01  8.2612E+01 -2.8800E-03  4.9291E-01  3.1285E-02  4.4483E-01 -3.0979E-02
  2.4755E+01  8.2616E+01 -2.8798E-03  4.9287E-01  3.1284E-02  4.4484E-01 -3.0979E-02
  2.4757E+01  8.2621E+01 -2.8795E-03  4.9283E-01  3.1284E-02  4.4484E-01 -3.0978E-02
  2.4758E+01  8.2625E+01 -2.8792E-03  4.9279E-01  3.1284E-02  4.4485E-01 -3.0978E-02
  2.4759E+01  8.2630E+01 -2.8789E-03  4.9274E-01  3.1283E-02  4.4486E-01 -3.0978E-02
  2.4760E+01  8.2634E+01 -2.8787E-03  4.9270E-01  3.1283E-02  4.4486E-01 -3.0977E-02
  2.4762E+01  8.2639E+01 -2.8784E-03  4.9266E-01  3.1283E-02  4.4487E-01 -3.0977E-02
  2.4763E+01  8.2643E+01 -2.8781E-03  4.9262E-01  3.1282E-02  4.4487E-01 -3.0977E-02
  2.4765E+01  8.2648E+01 -2.8778E-03  4.9258E-01  3.1282E-02  4.4488E-01 -3.0976E-02
  2.4766E+01  8.2652E+01 -2.8776E-03  4.9254E-01  3.1282E-02  4.4488E-01 -3.0976E-02
  2.4767E+01  8.2657E+01 -2.8773E-03  4.9250E-01  3.1282E-02  4.4489E-01 -3.0975E-02
  2.4769E+01  8.2661E+01 -2.8770E-03  4.9246E-01  3.1281E-02  4.4490E-01 -3.0975E-02
  2.4770E+01  8.2666E+01 -2.8767E-03  4.9241E-01  3.1281E-02  4.4490E-01 -3.0975E-02
  2.4771E+01  8.2670E+01 -2.8765E-03  4.9237E-01  3.1281E-02  4.4491E-01 -3.0974E-02
  2.4773E+01  8.2674E+01 -2.8762E-03  4.9233E-01  3.1280E-02  4.4491E-01 -3.0974E-02
  2.4774E+01  8.2678E+01 -2.8759E-03  4.9229E-01  3.1280E-02  4.4492E-01 -3.0974E-02
  2.4775E+01  8.2683E+01 -2.8757E-03  4.9225E-01  3.1280E-02  4.4493E-01 -3.0973E-02
  2.4777E+01  8.2687E+01 -2.8754E-03  4.9221E-01  3.1279E-02  4.4493E-01 -3.0973E-02
  2.4778E+01  8.2692E+01 -2.8751E-03  4.9217E-01  3.1279E-02  4.4494E-01 -3.0972E-02
  2.4779E+01  8.2696E+01 -2.8749E-03  4.9213E-01  3.1279E-02  4.4494E-01 -3.0972E-02
  2.4781E+01  8.2701E+01 -2.8746E-03  4.9208E-01  3.1278E-02  4.4495E-01 -3.0972E-02
  2.4782E+01  8.2705E+01 -2.8743E-03  4.9204E-01  3.1278E-02  4.4495E-01 -3.0971E-02
  2.4783E+01  8.2710E+01 -2.8740E-03  4.9200E-01  3.1278E-02  4.4496E-01 -3.0971E-02
  2.4785E+01  8.2714E+01 -2.8738E-03  4.9196E-01  3.1277E-02  4.4497E-01 -3.0971E-02
  2.4786E+01  8.2719E+01 -2.8735E-03  4.9192E-01  3.1277E-02  4.4497E-01 -3.0970E-02
  2.4787E+01  8.2723E+01 -2.8732E-03  4.9188E-01  3.1277E-02  4.4498E-01 -3.0970E-02
  2.4789E+01  8.2728E+01 -2.8729E-03  4.9183E-01  3.1276E-02  4.4498E-01 -3.0969E-02
  2.4790E+01  8.2732E+01 -2.8727E-03  4.9180E-01  3.1276E-02  4.4499E-01 -3.0969E-02
  2.4791E+01  8.2737E+01 -2.8724E-03  4.9175E-01  3.1276E-02  4.4499E-01 -3.0969E-02
  2.4793E+01  8.2741E+01 -2.8721E-03  4.9171E-01  3.1276E-02  4.4500E-01 -3.0968E-02
  2.4794E+01  8.2746E+01 -2.8718E-03  4.9167E-01  3.1275E-02  4.4501E-01 -3.0968E-02
  2.4795E+01  8.2750E+01 -2.8716E-03  4.9163E-01  3.1275E-02  4.4501E-01 -3.0967E-02
  2.4797E+01  8.2755E+01 -2.8713E-03  4.9159E-01  3.1275E-02  4.4502E-01 -3.0967E-02
  2.4798E+01  8.2759E+01 -2.8710E-03  4.9155E-01  3.1274E-02  4.4502E-01 -3.0967E-02
  2.4799E+01  8.2764E+01 -2.8708E-03  4.9150E-01  3.1274E-02  4.4503E-01 -3.0966E-02
  2.4801E+01  8.2768E+01 -2.8705E-03  4.9147E-01  3.1274E-02  4.4504E-01 -3.0966E-02
  2.4802E+01  8.2773E+01 -2.8702E-03  4.9142E-01  3.1273E-02  4.4504E-01 -3.0966E-02
  2.4803E+01  8.2777E+01 -2.8700E-03  4.9138E-01  3.1273E-02  4.4505E-01 -3.0965E-02
  2.4805E+01  8.2781E+01 -2.8697E-03  4.9134E-01  3.1273E-02  4.4505E-01 -3.0965E-02
  2.4806E+01  8.2785E+01 -2.8694E-03  4.9130E-01  3.1272E-02  4.4506E-01 -3.0964E-02
  2.4807E+01  8.2790E+01 -2.8691E-03  4.9126E-01  3.1272E-02  4.4506E-01 -3.0964E-02
  2.4809E+01  8.2794E+01 -2.8689E-03  4.9122E-01  3.1272E-02  4.4507E-01 -3.0964E-02
  2.4810E+01  8.2799E+01 -2.8686E-03  4.9117E-01  3.1271E-02  4.4508E-01 -3.0963E-02
  2.4811E+01  8.2803E+01 -2.8683E-03  4.9113E-01  3.1271E-02  4.4508E-01 -3.0963E-02
  2.4813E+01  8.2808E+01 -2.8680E-03  4.9109E-01  3.1271E-02  4.4509E-01 -3.0963E-02
  2.4814E+01  8.2812E+01 -2.8678E-03  4.9105E-01  3.1270E-02  4.4509E-01 -3.0962E-02
  2.4815E+01  8.2817E+01 -2.8675E-03  4.9101E-01  3.1270E-02  4.4510E-01 -3.0962E-02
  2.4817E+01  8.2821E+01 -2.8672E-03  4.9097E-01  3.1270E-02  4.4510E-01 -3.0961E-02
  2.4818E+01  8.2826E+01 -2.8669E-03  4.9093E-01  3.1270E-02  4.4511E-01 -3.0961E-02
  2.4819E+01  8.2830E+01 -2.8667E-03  4.9089E-01  3.1269E-02  4.4512E-01 -3.0961E-02
  2.4821E+01  8.2835E+01 -2.8664E-03  4.9084E-01  3.1269E-02  4.4512E-01 -3.0960E-02
  2.4822E+01  8.2839E+01 -2.8661E-03  4.9080E-01  3.1269E-02  4.4513E-01 -3.0960E-02
  2.4823E+01  8.2844E+01 -2.8659E-03  4.9076E-01  3.1268E-02  4.4513E-01 -3.0959E-02
  2.4825E+01  8.2848E+01 -2.8656E-03  4.9072E-01  3.1268E-02  4.4514E-01 -3.0959E-02
  2.4826E+01  8.2853E+01 -2.8653E-03  4.9068E-01  3.1268E-02  4.4515E-01 -3.0959E-02
  2.4827E+01  8.2857E+01 -2.8651E-03  4.9064E-01  3.1267E-02  4.4515E-01 -3.0958E-02
  2.4829E+01  8.2862E+01 -2.8648E-03  4.9060E-01  3.1267E-02  4.4516E-01 -3.0958E-02
  2.4830E+01  8.2866E+01 -2.8645E-03  4.9056E-01  3.1267E-02  4.4516E-01 -3.0958E-02
  2.4831E+01  8.2871E+01 -2.8642E-03  4.9051E-01  3.1266E-02  4.4517E-01 -3.0957E-02
  2.4833E+01  8.2875E+01 -2.8640E-03  4.9047E-01  3.1266E-02  4.4517E-01 -3.0957E-02
  2.4834E+01  8.2880E+01 -2.8637E-03  4.9043E-01  3.1266E-02  4.4518E-01 -3.0956E-02
  2.4835E+01  8.2884E+01 -2.8634E-03  4.9039E-01  3.1265E-02  4.4519E-01 -3.0956E-02
  2.4837E+01  8.2889E+01 -2.8631E-03  4.9035E-01  3.1265E-02  4.4519E-01 -3.0956E-02
  2.4838E+01  8.2893E+01 -2.8629E-03  4.9031E-01  3.1265E-02  4.4520E-01 -3.0955E-02
  2.4839E+01  8.2897E+01 -2.8626E-03  4.9027E-01  3.1264E-02  4.4520E-01 -3.0955E-02
  2.4841E+01  8.2901E+01 -2.8623E-03  4.9023E-01  3.1264E-02  4.4521E-01 -3.0955E-02
  2.4842E+01  8.2906E+01 -2.8620E-03  4.9018E-01  3.1264E-02  4.4522E-01 -3.0954E-02
  2.4843E+01  8.2910E+01 -2.8618E-03  4.9014E-01  3.1264E-02  4.4522E-01 -3.0954E-02
  2.4845E+01  8.2915E+01 -2.8615E-03  4.9010E-01  3.1263E-02  4.4523E-01 -3.0953E-02
  2.4846E+01  8.2919E+01 -2.8612E-03  4.9006E-01  3.1263E-02  4.4523E-01 -3.0953E-02
  2.4847E+01  8.2924E+01 -2.8610E-03  4.9002E-01  3.1263E-02  4.4524E-01 -3.0953E-02
  2.4849E+01  8.2928E+01 -2.8607E-03  4.8998E-01  3.1262E-02  4.4524E-01 -3.0952E-02
  2.4850E+01  8.2933E+01 -2.8604E-03  4.8993E-01  3.1262E-02  4.4525E-01 -3.0952E-02
  2.4851E+01  8.2937E+01 -2.8602E-03  4.8990E-01  3.1262E-02  4.4526E-01 -3.0952E-02
  2.4853E+01  8.2942E+01 -2.8599E-03  4.8985E-01  3.1261E-02  4.4526E-01 -3.0951E-02
  2.4854E+01  8.2946E+01 -2.8596E-03  4.8981E-01  3.1261E-02  4.4527E-01 -3.0951E-02
  2.4856E+01  8.2951E+01 -2.8593E-03  4.8977E-01  3.1261E-02  4.4527E-01 -3.0950E-02
  2.4857E+01  8.2955E+01 -2.8591E-03  4.8973E-01  3.1260E-02  4.4528E-01 -3.0950E-02
  2.4858E+01  8.2960E+01 -2.8588E-03  4.8969E-01  3.1260E-02  4.4528E-01 -3.0950E-02
  2.4859E+01  8.2964E+01 -2.8585E-03  4.8965E-01  3.1260E-02  4.4529E-01 -3.0949E-02
  2.4861E+01  8.2969E+01 -2.8582E-03  4.8960E-01  3.1259E-02  4.4530E-01 -3.0949E-02
  2.4862E+01  8.2973E+01 -2.8580E-03  4.8957E-01  3.1259E-02  4.4530E-01 -3.0948E-02
  2.4864E+01  8.2978E+01 -2.8577E-03  4.8952E-01  3.1259E-02  4.4531E-01 -3.0948E-02
  2.4865E+01  8.2982E+01 -2.8574E-03  4.8948E-01  3.1258E-02  4.4531E-01 -3.0948E-02
  2.4866E+01  8.2987E+01 -2.8571E-03  4.8944E-01  3.1258E-02  4.4532E-01 -3.0947E-02
  2.4867E+01  8.2991E+01 -2.8569E-03  4.8940E-01  3.1258E-02  4.4532E-01 -3.0947E-02
  2.4869E+01  8.2996E+01 -2.8566E-03  4.8936E-01  3.1257E-02  4.4533E-01 -3.0947E-02
  2.4870E+01  8.3000E+01 -2.8563E-03  4.8932E-01  3.1257E-02  4.4534E-01 -3.0946E-02
  2.4872E+01  8.3004E+01 -2.8561E-03  4.8927E-01  3.1257E-02  4.4534E-01 -3.0946E-02
  2.4873E+01  8.3009E+01 -2.8558E-03  4.8924E-01  3.1257E-02  4.4535E-01 -3.0945E-02
  2.4874E+01  8.3013E+01 -2.8555E-03  4.8919E-01  3.1256E-02  4.4535E-01 -3.0945E-02
  2.4875E+01  8.3017E+01 -2.8553E-03  4.8915E-01  3.1256E-02  4.4536E-01 -3.0945E-02
  2.4877E+01  8.3022E+01 -2.8550E-03  4.8911E-01  3.1256E-02  4.4537E-01 -3.0944E-02
  2.4878E+01  8.3026E+01 -2.8547E-03  4.8907E-01  3.1255E-02  4.4537E-01 -3.0944E-02
  2.4880E+01  8.3031E+01 -2.8544E-03  4.8903E-01  3.1255E-02  4.4538E-01 -3.0944E-02
  2.4881E+01  8.3035E+01 -2.8542E-03  4.8899E-01  3.1255E-02  4.4538E-01 -3.0943E-02
  2.4882E+01  8.3040E+01 -2.8539E-03  4.8894E-01  3.1254E-02  4.4539E-01 -3.0943E-02
  2.4884E+01  8.3044E+01 -2.8536E-03  4.8890E-01  3.1254E-02  4.4539E-01 -3.0942E-02
  2.4885E+01  8.3049E+01 -2.8533E-03  4.8886E-01  3.1254E-02  4.4540E-01 -3.0942E-02
  2.4886E+01  8.3053E+01 -2.8531E-03  4.8882E-01  3.1253E-02  4.4541E-01 -3.0942E-02
  2.4888E+01  8.3058E+01 -2.8528E-03  4.8878E-01  3.1253E-02  4.4541E-01 -3.0941E-02
  2.4889E+01  8.3062E+01 -2.8525E-03  4.8874E-01  3.1253E-02  4.4542E-01 -3.0941E-02
  2.4890E+01  8.3067E+01 -2.8522E-03  4.8870E-01  3.1252E-02  4.4542E-01 -3.0940E-02
  2.4892E+01  8.3071E+01 -2.8520E-03  4.8866E-01  3.1252E-02  4.4543E-01 -3.0940E-02
  2.4893E+01  8.3076E+01 -2.8517E-03  4.8861E-01  3.1252E-02  4.4544E-01 -3.0940E-02
  2.4894E+01  8.3080E+01 -2.8514E-03  4.8857E-01  3.1251E-02  4.4544E-01 -3.0939E-02
  2.4896E+01  8.3085E+01 -2.8511E-03  4.8853E-01  3.1251E-02  4.4545E-01 -3.0939E-02
  2.4897E+01  8.3089E+01 -2.8509E-03  4.8849E-01  3.1251E-02  4.4545E-01 -3.0939E-02
  2.4898E+01  8.3094E+01 -2.8506E-03  4.8845E-01  3.1251E-02  4.4546E-01 -3.0938E-02
  2.4900E+01  8.3098E+01 -2.8503E-03  4.8841E-01  3.1250E-02  4.4546E-01 -3.0938E-02
  2.4901E+01  8.3103E+01 -2.8501E-03  4.8837E-01  3.1250E-02  4.4547E-01 -3.0937E-02
  2.4902E+01  8.3107E+01 -2.8498E-03  4.8833E-01  3.1250E-02  4.4548E-01 -3.0937E-02
  2.4904E+01  8.3112E+01 -2.8495E-03  4.8828E-01  3.1249E-02  4.4548E-01 -3.0937E-02
  2.4905E+01  8.3116E+01 -2.8493E-03  4.8824E-01  3.1249E-02  4.4549E-01 -3.0936E-02
  2.4906E+01  8.3120E+01 -2.8490E-03  4.8820E-01  3.1249E-02  4.4549E-01 -3.0936E-02
  2.4908E+01  8.3124E+01 -2.8487E-03  4.8816E-01  3.1248E-02  4.4550E-01 -3.0936E-02
  2.4909E+01  8.3129E+01 -2.8484E-03  4.8812E-01  3.1248E-02  4.4550E-01 -3.0935E-02
  2.4910E+01  8.3133E+01 -2.8482E-03  4.8808E-01  3.1248E-02  4.4551E-01 -3.0935E-02
  2.4912E+01  8.3138E+01 -2.8479E-03  4.8804E-01  3.1247E-02  4.4552E-01 -3.0934E-02
  2.4913E+01  8.3142E+01 -2.8476E-03  4.8800E-01  3.1247E-02  4.4552E-01 -3.0934E-02
  2.4914E+01  8.3147E+01 -2.8473E-03  4.8795E-01  3.1247E-02  4.4553E-01 -3.0934E-02
  2.4916E+01  8.3151E+01 -2.8471E-03  4.8791E-01  3.1246E-02  4.4553E-01 -3.0933E-02
  2.4917E+01  8.3156E+01 -2.8468E-03  4.8787E-01  3.1246E-02  4.4554E-01 -3.0933E-02
  2.4918E+01  8.3160E+01 -2.8465E-03  4.8783E-01  3.1246E-02  4.4555E-01 -3.0933E-02
  2.4920E+01  8.3165E+01 -2.8462E-03  4.8779E-01  3.1245E-02  4.4555E-01 -3.0932E-02
  2.4921E+01  8.3169E+01 -2.8460E-03  4.8775E-01  3.1245E-02  4.4556E-01 -3.0932E-02
  2.4922E+01  8.3174E+01 -2.8457E-03  4.8771E-01  3.1245E-02  4.4556E-01 -3.0931E-02
  2.4924E+01  8.3178E+01 -2.8454E-03  4.8767E-01  3.1245E-02  4.4557E-01 -3.0931E-02
  2.4925E+01  8.3183E+01 -2.8452E-03  4.8762E-01  3.1244E-02  4.4557E-01 -3.0931E-02
  2.4926E+01  8.3187E+01 -2.8449E-03  4.8758E-01  3.1244E-02  4.4558E-01 -3.0930E-02
  2.4928E+01  8.3192E+01 -2.8446E-03  4.8754E-01  3.1244E-02  4.4559E-01 -3.0930E-02
  2.4929E+01  8.3196E+01 -2.8444E-03  4.8750E-01  3.1243E-02  4.4559E-01 -3.0929E-02
  2.4930E+01  8.3201E+01 -2.8441E-03  4.8746E-01  3.1243E-02  4.4560E-01 -3.0929E-02
  2.4932E+01  8.3205E+01 -2.8438E-03  4.8742E-01  3.1243E-02  4.4560E-01 -3.0929E-02
  2.4933E+01  8.3210E+01 -2.8435E-03  4.8738E-01  3.1242E-02  4.4561E-01 -3.0928E-02
  2.4934E+01  8.3214E+01 -2.8433E-03  4.8734E-01  3.1242E-02  4.4561E-01 -3.0928E-02
  2.4936E+01  8.3219E+01 -2.8430E-03  4.8729E-01  3.1242E-02  4.4562E-01 -3.0928E-02
  2.4937E+01  8.3223E+01 -2.8427E-03  4.8725E-01  3.1241E-02  4.4563E-01 -3.0927E-02
  2.4938E+01  8.3228E+01 -2.8424E-03  4.8721E-01  3.1241E-02  4.4563E-01 -3.0927E-02
  2.4940E+01  8.3232E+01 -2.8422E-03  4.8717E-01  3.1241E-02  4.4564E-01 -3.0926E-02
  2.4941E+01  8.3236E+01 -2.8419E-03  4.8713E-01  3.1240E-02  4.4564E-01 -3.0926E-02
  2.4942E+01  8.3240E+01 -2.8416E-03  4.8709E-01  3.1240E-02  4.4565E-01 -3.0926E-02
  2.4944E+01  8.3245E+01 -2.8413E-03  4.8705E-01  3.1240E-02  4.4566E-01 -3.0925E-02
  2.4945E+01  8.3249E+01 -2.8411E-03  4.8701E-01  3.1239E-02  4.4566E-01 -3.0925E-02
  2.4946E+01  8.3254E+01 -2.8408E-03  4.8696E-01  3.1239E-02  4.4567E-01 -3.0924E-02
  2.4948E+01  8.3258E+01 -2.8405E-03  4.8692E-01  3.1239E-02  4.4567E-01 -3.0924E-02
  2.4949E+01  8.3263E+01 -2.8403E-03  4.8688E-01  3.1239E-02  4.4568E-01 -3.0924E-02
  2.4950E+01  8.3267E+01 -2.8400E-03  4.8684E-01  3.1238E-02  4.4568E-01 -3.0923E-02
  2.4952E+01  8.3272E+01 -2.8397E-03  4.8680E-01  3.1238E-02  4.4569E-01 -3.0923E-02
  2.4953E+01  8.3276E+01 -2.8395E-03  4.8676E-01  3.1238E-02  4.4570E-01 -3.0923E-02
  2.4954E+01  8.3281E+01 -2.8392E-03  4.8672E-01  3.1237E-02  4.4570E-01 -3.0922E-02
  2.4956E+01  8.3285E+01 -2.8389E-03  4.8668E-01  3.1237E-02  4.4571E-01 -3.0922E-02
  2.4957E+01  8.3290E+01 -2.8386E-03  4.8663E-01  3.1237E-02  4.4571E-01 -3.0921E-02
  2.4958E+01  8.3294E+01 -2.8384E-03  4.8659E-01  3.1236E-02  4.4572E-01 -3.0921E-02
  2.4960E+01  8.3299E+01 -2.8381E-03  4.8655E-01  3.1236E-02  4.4573E-01 -3.0921E-02
  2.4961E+01  8.3303E+01 -2.8378E-03  4.8651E-01  3.1236E-02  4.4573E-01 -3.0920E-02
  2.4962E+01  8.3308E+01 -2.8375E-03  4.8647E-01  3.1235E-02  4.4574E-01 -3.0920E-02
  2.4964E+01  8.3312E+01 -2.8373E-03  4.8643E-01  3.1235E-02  4.4574E-01 -3.0920E-02
  2.4965E+01  8.3317E+01 -2.8370E-03  4.8639E-01  3.1235E-02  4.4575E-01 -3.0919E-02
  2.4966E+01  8.3321E+01 -2.8367E-03  4.8635E-01  3.1234E-02  4.4575E-01 -3.0919E-02
  2.4968E+01  8.3326E+01 -2.8364E-03  4.8630E-01  3.1234E-02  4.4576E-01 -3.0918E-02
  2.4969E+01  8.3330E+01 -2.8362E-03  4.8626E-01  3.1234E-02  4.4577E-01 -3.0918E-02
  2.4971E+01  8.3335E+01 -2.8359E-03  4.8622E-01  3.1233E-02  4.4577E-01 -3.0918E-02
  2.4972E+01  8.3339E+01 -2.8356E-03  4.8618E-01  3.1233E-02  4.4578E-01 -3.0917E-02
  2.4973E+01  8.3343E+01 -2.8354E-03  4.8614E-01  3.1233E-02  4.4578E-01 -3.0917E-02
  2.4974E+01  8.3347E+01 -2.8351E-03  4.8610E-01  3.1233E-02  4.4579E-01 -3.0916E-02
  2.4976E+01  8.3352E+01 -2.8348E-03  4.8606E-01  3.1232E-02  4.4579E-01 -3.0916E-02
  2.4977E+01  8.3356E+01 -2.8346E-03  4.8602E-01  3.1232E-02  4.4580E-01 -3.0916E-02
  2.4979E+01  8.3361E+01 -2.8343E-03  4.8597E-01  3.1232E-02  4.4581E-01 -3.0915E-02
  2.4980E+01  8.3365E+01 -2.8340E-03  4.8593E-01  3.1231E-02  4.4581E-01 -3.0915E-02
  2.4981E+01  8.3370E+01 -2.8337E-03  4.8589E-01  3.1231E-02  4.4582E-01 -3.0915E-02
  2.4982E+01  8.3374E+01 -2.8335E-03  4.8585E-01  3.1231E-02  4.4582E-01 -3.0914E-02
  2.4984E+01  8.3379E+01 -2.8332E-03  4.8581E-01  3.1230E-02  4.4583E-01 -3.0914E-02
  2.4985E+01  8.3383E+01 -2.8329E-03  4.8577E-01  3.1230E-02  4.4584E-01 -3.0913E-02
  2.4987E+01  8.3388E+01 -2.8326E-03  4.8573E-01  3.1230E-02  4.4584E-01 -3.0913E-02
  2.4988E+01  8.3392E+01 -2.8324E-03  4.8569E-01  3.1229E-02  4.4585E-01 -3.0913E-02
  2.4989E+01  8.3397E+01 -2.8321E-03  4.8564E-01  3.1229E-02  4.4585E-01 -3.0912E-02
  2.4990E+01  8.3401E+01 -2.8318E-03  4.8560E-01  3.1229E-02  4.4586E-01 -3.0912E-02
  2.4992E+01  8.3406E+01 -2.8315E-03  4.8556E-01  3.1228E-02  4.4586E-01 -3.0911E-02
  2.4993E+01  8.3410E+01 -2.8313E-03  4.8552E-01  3.1228E-02  4.4587E-01 -3.0911E-02
  2.4995E+01  8.3415E+01 -2.8310E-03  4.8548E-01  3.1228E-02  4.4588E-01 -3.0911E-02
  2.4996E+01  8.3419E+01 -2.8307E-03  4.8544E-01  3.1227E-02  4.4588E-01 -3.0910E-02
  2.4997E+01  8.3424E+01 -2.8305E-03  4.8540E-01  3.1227E-02  4.4589E-01 -3.0910E-02
  2.4999E+01  8.3428E+01 -2.8302E-03  4.8536E-01  3.1227E-02  4.4589E-01 -3.0910E-02
  2.5000E+01  8.3433E+01 -2.8299E-03  4.8531E-01  3.1226E-02  4.4590E-01 -3.0909E-02
  2.5001E+01  8.3437E+01 -2.8297E-03  4.8527E-01  3.1226E-02  4.4590E-01 -3.0909E-02
  2.5003E+01  8.3442E+01 -2.8294E-03  4.8523E-01  3.1226E-02  4.4591E-01 -3.0908E-02
  2.5004E+01  8.3446E+01 -2.8291E-03  4.8519E-01  3.1226E-02  4.4592E-01 -3.0908E-02
  2.5005E+01  8.3451E+01 -2.8288E-03  4.8515E-01  3.1225E-02  4.4592E-01 -3.0908E-02
  2.5007E+01  8.3455E+01 -2.8286E-03  4.8511E-01  3.1225E-02  4.4593E-01 -3.0907E-02
  2.5008E+01  8.3459E+01 -2.8283E-03  4.8507E-01  3.1225E-02  4.4593E-01 -3.0907E-02
  2.5009E+01  8.3463E+01 -2.8280E-03  4.8503E-01  3.1224E-02  4.4594E-01 -3.0907E-02
  2.5011E+01  8.3468E+01 -2.8277E-03  4.8498E-01  3.1224E-02  4.4595E-01 -3.0906E-02
  2.5012E+01  8.3472E+01 -2.8275E-03  4.8494E-01  3.1224E-02  4.4595E-01 -3.0906E-02
  2.5013E+01  8.3477E+01 -2.8272E-03  4.8490E-01  3.1223E-02  4.4596E-01 -3.0905E-02
  2.5015E+01  8.3481E+01 -2.8269E-03  4.8486E-01  3.1223E-02  4.4596E-01 -3.0905E-02
  2.5016E+01  8.3486E+01 -2.8266E-03  4.8482E-01  3.1223E-02  4.4597E-01 -3.0905E-02
  2.5017E+01  8.3490E+01 -2.8264E-03  4.8478E-01  3.1222E-02  4.4597E-01 -3.0904E-02
  2.5019E+01  8.3495E+01 -2.8261E-03  4.8474E-01  3.1222E-02  4.4598E-01 -3.0904E-02
  2.5020E+01  8.3499E+01 -2.8258E-03  4.8470E-01  3.1222E-02  4.4599E-01 -3.0903E-02
  2.5021E+01  8.3504E+01 -2.8255E-03  4.8465E-01  3.1221E-02  4.4599E-01 -3.0903E-02
  2.5023E+01  8.3508E+01 -2.8253E-03  4.8461E-01  3.1221E-02  4.4600E-01 -3.0903E-02
  2.5024E+01  8.3513E+01 -2.8250E-03  4.8457E-01  3.1221E-02  4.4600E-01 -3.0902E-02
  2.5025E+01  8.3517E+01 -2.8247E-03  4.8453E-01  3.1220E-02  4.4601E-01 -3.0902E-02
  2.5027E+01  8.3522E+01 -2.8245E-03  4.8449E-01  3.1220E-02  4.4602E-01 -3.0902E-02
  2.5028E+01  8.3526E+01 -2.8242E-03  4.8445E-01  3.1220E-02  4.4602E-01 -3.0901E-02
  2.5029E+01  8.3531E+01 -2.8239E-03  4.8441E-01  3.1220E-02  4.4603E-01 -3.0901E-02
  2.5031E+01  8.3535E+01 -2.8237E-03  4.8437E-01  3.1219E-02  4.4603E-01 -3.0900E-02
  2.5032E+01  8.3540E+01 -2.8234E-03  4.8432E-01  3.1219E-02  4.4604E-01 -3.0900E-02
  2.5033E+01  8.3544E+01 -2.8231E-03  4.8428E-01  3.1219E-02  4.4604E-01 -3.0900E-02
  2.5035E+01  8.3549E+01 -2.8228E-03  4.8424E-01  3.1218E-02  4.4605E-01 -3.0899E-02
  2.5036E+01  8.3553E+01 -2.8226E-03  4.8420E-01  3.1218E-02  4.4606E-01 -3.0899E-02
  2.5037E+01  8.3558E+01 -2.8223E-03  4.8416E-01  3.1218E-02  4.4606E-01 -3.0898E-02
  2.5039E+01  8.3562E+01 -2.8220E-03  4.8412E-01  3.1217E-02  4.4607E-01 -3.0898E-02
  2.5040E+01  8.3566E+01 -2.8217E-03  4.8408E-01  3.1217E-02  4.4607E-01 -3.0898E-02
  2.5041E+01  8.3571E+01 -2.8215E-03  4.8404E-01  3.1217E-02  4.4608E-01 -3.0897E-02
  2.5043E+01  8.3575E+01 -2.8212E-03  4.8399E-01  3.1216E-02  4.4608E-01 -3.0897E-02
  2.5044E+01  8.3579E+01 -2.8209E-03  4.8396E-01  3.1216E-02  4.4609E-01 -3.0897E-02
  2.5045E+01  8.3584E+01 -2.8206E-03  4.8391E-01  3.1216E-02  4.4610E-01 -3.0896E-02
  2.5047E+01  8.3588E+01 -2.8204E-03  4.8387E-01  3.1215E-02  4.4610E-01 -3.0896E-02
  2.5048E+01  8.3593E+01 -2.8201E-03  4.8383E-01  3.1215E-02  4.4611E-01 -3.0895E-02
  2.5049E+01  8.3597E+01 -2.8198E-03  4.8379E-01  3.1215E-02  4.4611E-01 -3.0895E-02
  2.5051E+01  8.3602E+01 -2.8196E-03  4.8375E-01  3.1214E-02  4.4612E-01 -3.0895E-02
  2.5052E+01  8.3606E+01 -2.8193E-03  4.8371E-01  3.1214E-02  4.4613E-01 -3.0894E-02
  2.5053E+01  8.3611E+01 -2.8190E-03  4.8366E-01  3.1214E-02  4.4613E-01 -3.0894E-02
  2.5055E+01  8.3615E+01 -2.8188E-03  4.8363E-01  3.1214E-02  4.4614E-01 -3.0894E-02
  2.5056E+01  8.3620E+01 -2.8185E-03  4.8358E-01  3.1213E-02  4.4614E-01 -3.0893E-02
  2.5057E+01  8.3624E+01 -2.8182E-03  4.8354E-01  3.1213E-02  4.4615E-01 -3.0893E-02
  2.5059E+01  8.3629E+01 -2.8179E-03  4.8350E-01  3.1213E-02  4.4615E-01 -3.0892E-02
  2.5060E+01  8.3633E+01 -2.8177E-03  4.8346E-01  3.1212E-02  4.4616E-01 -3.0892E-02
  2.5061E+01  8.3638E+01 -2.8174E-03  4.8342E-01  3.1212E-02  4.4617E-01 -3.0892E-02
  2.5063E+01  8.3642E+01 -2.8171E-03  4.8338E-01  3.1212E-02  4.4617E-01 -3.0891E-02
  2.5064E+01  8.3647E+01 -2.8168E-03  4.8333E-01  3.1211E-02  4.4618E-01 -3.0891E-02
  2.5065E+01  8.3651E+01 -2.8166E-03  4.8330E-01  3.1211E-02  4.4618E-01 -3.0890E-02
  2.5067E+01  8.3656E+01 -2.8163E-03  4.8325E-01  3.1211E-02  4.4619E-01 -3.0890E-02
  2.5068E+01  8.3660E+01 -2.8160E-03  4.8321E-01  3.1210E-02  4.4619E-01 -3.0890E-02
  2.5069E+01  8.3665E+01 -2.8157E-03  4.8317E-01  3.1210E-02  4.4620E-01 -3.0889E-02
  2.5071E+01  8.3669E+01 -2.8155E-03  4.8313E-01  3.1210E-02  4.4621E-01 -3.0889E-02
  2.5072E+01  8.3674E+01 -2.8152E-03  4.8309E-01  3.1209E-02  4.4621E-01 -3.0889E-02
  2.5073E+01  8.3678E+01 -2.8149E-03  4.8305E-01  3.1209E-02  4.4622E-01 -3.0888E-02
  2.5075E+01  8.3682E+01 -2.8147E-03  4.8300E-01  3.1209E-02  4.4622E-01 -3.0888E-02
  2.5076E+01  8.3686E+01 -2.8144E-03  4.8297E-01  3.1208E-02  4.4623E-01 -3.0887E-02
  2.5077E+01  8.3691E+01 -2.8141E-03  4.8292E-01  3.1208E-02  4.4624E-01 -3.0887E-02
  2.5079E+01  8.3695E+01 -2.8139E-03  4.8288E-01  3.1208E-02  4.4624E-01 -3.0887E-02
  2.5080E+01  8.3700E+01 -2.8136E-03  4.8284E-01  3.1208E-02  4.4625E-01 -3.0886E-02
  2.5080E+01  8.3700E+01 -2.8136E-03  4.8284E-01  3.1207E-02  4.4625E-01 -3.0886E-02
  2.5081E+01  8.3704E+01 -2.8133E-03  4.8280E-01  3.1207E-02  4.4625E-01 -3.0886E-02
  2.5083E+01  8.3709E+01 -2.8130E-03  4.8276E-01  3.1207E-02  4.4626E-01 -3.0885E-02
  2.5084E+01  8.3713E+01 -2.8128E-03  4.8272E-01  3.1207E-02  4.4626E-01 -3.0885E-02
  2.5085E+01  8.3718E+01 -2.8125E-03  4.8268E-01  3.1206E-02  4.4627E-01 -3.0885E-02
  2.5087E+01  8.3722E+01 -2.8122E-03  4.8264E-01  3.1206E-02  4.4628E-01 -3.0884E-02
  2.5088E+01  8.3727E+01 -2.8119E-03  4.8259E-01  3.1206E-02  4.4628E-01 -3.0884E-02
  2.5089E+01  8.3731E+01 -2.8117E-03  4.8255E-01  3.1205E-02  4.4629E-01 -3.0884E-02
  2.5091E+01  8.3736E+01 -2.8114E-03  4.8251E-01  3.1205E-02  4.4629E-01 -3.0883E-02
  2.5092E+01  8.3740E+01 -2.8111E-03  4.8247E-01  3.1205E-02  4.4630E-01 -3.0883E-02
  2.5094E+01  8.3745E+01 -2.8108E-03  4.8243E-01  3.1204E-02  4.4631E-01 -3.0882E-02
  2.5095E+01  8.3749E+01 -2.8106E-03  4.8239E-01  3.1204E-02  4.4631E-01 -3.0882E-02
  2.5096E+01  8.3754E+01 -2.8103E-03  4.8235E-01  3.1204E-02  4.4632E-01 -3.0882E-02
  2.5097E+01  8.3758E+01 -2.8100E-03  4.8231E-01  3.1203E-02  4.4632E-01 -3.0881E-02
  2.5099E+01  8.3763E+01 -2.8098E-03  4.8226E-01  3.1203E-02  4.4633E-01 -3.0881E-02
  2.5100E+01  8.3767E+01 -2.8095E-03  4.8222E-01  3.1203E-02  4.4633E-01 -3.0880E-02
  2.5102E+01  8.3772E+01 -2.8092E-03  4.8218E-01  3.1202E-02  4.4634E-01 -3.0880E-02
  2.5103E+01  8.3776E+01 -2.8090E-03  4.8214E-01  3.1202E-02  4.4635E-01 -3.0880E-02
  2.5104E+01  8.3781E+01 -2.8087E-03  4.8210E-01  3.1202E-02  4.4635E-01 -3.0879E-02
  2.5105E+01  8.3785E+01 -2.8084E-03  4.8206E-01  3.1201E-02  4.4636E-01 -3.0879E-02
  2.5107E+01  8.3789E+01 -2.8081E-03  4.8202E-01  3.1201E-02  4.4636E-01 -3.0879E-02
  2.5108E+01  8.3794E+01 -2.8079E-03  4.8198E-01  3.1201E-02  4.4637E-01 -3.0878E-02
  2.5110E+01  8.3798E+01 -2.8076E-03  4.8193E-01  3.1201E-02  4.4637E-01 -3.0878E-02
  2.5111E+01  8.3802E+01 -2.8073E-03  4.8189E-01  3.1200E-02  4.4638E-01 -3.0877E-02
  2.5112E+01  8.3807E+01 -2.8070E-03  4.8185E-01  3.1200E-02  4.4639E-01 -3.0877E-02
  2.5113E+01  8.3811E+01 -2.8068E-03  4.8181E-01  3.1200E-02  4.4639E-01 -3.0877E-02
  2.5115E+01  8.3816E+01 -2.8065E-03  4.8177E-01  3.1199E-02  4.4640E-01 -3.0876E-02
  2.5116E+01  8.3820E+01 -2.8062E-03  4.8173E-01  3.1199E-02  4.4640E-01 -3.0876E-02
  2.5118E+01  8.3825E+01 -2.8059E-03  4.8169E-01  3.1199E-02  4.4641E-01 -3.0875E-02
  2.5119E+01  8.3829E+01 -2.8057E-03  4.8165E-01  3.1198E-02  4.4642E-01 -3.0875E-02
  2.5120E+01  8.3834E+01 -2.8054E-03  4.8160E-01  3.1198E-02  4.4642E-01 -3.0875E-02
  2.5122E+01  8.3838E+01 -2.8051E-03  4.8157E-01  3.1198E-02  4.4643E-01 -3.0874E-02
  2.5123E+01  8.3843E+01 -2.8049E-03  4.8152E-01  3.1197E-02  4.4643E-01 -3.0874E-02
  2.5124E+01  8.3847E+01 -2.8046E-03  4.8148E-01  3.1197E-02  4.4644E-01 -3.0874E-02
  2.5126E+01  8.3852E+01 -2.8043E-03  4.8144E-01  3.1197E-02  4.4644E-01 -3.0873E-02
  2.5127E+01  8.3856E+01 -2.8040E-03  4.8140E-01  3.1196E-02  4.4645E-01 -3.0873E-02
  2.5128E+01  8.3861E+01 -2.8038E-03  4.8136E-01  3.1196E-02  4.4646E-01 -3.0872E-02
  2.5130E+01  8.3865E+01 -2.8035E-03  4.8132E-01  3.1196E-02  4.4646E-01 -3.0872E-02
  2.5131E+01  8.3870E+01 -2.8032E-03  4.8127E-01  3.1195E-02  4.4647E-01 -3.0872E-02
  2.5132E+01  8.3874E+01 -2.8030E-03  4.8124E-01  3.1195E-02  4.4647E-01 -3.0871E-02
  2.5134E+01  8.3879E+01 -2.8027E-03  4.8119E-01  3.1195E-02  4.4648E-01 -3.0871E-02
  2.5135E+01  8.3883E+01 -2.8024E-03  4.8115E-01  3.1195E-02  4.4648E-01 -3.0871E-02
  2.5136E+01  8.3888E+01 -2.8021E-03  4.8111E-01  3.1194E-02  4.4649E-01 -3.0870E-02
  2.5138E+01  8.3892E+01 -2.8019E-03  4.8107E-01  3.1194E-02  4.4650E-01 -3.0870E-02
  2.5139E+01  8.3897E+01 -2.8016E-03  4.8103E-01  3.1194E-02  4.4650E-01 -3.0869E-02
  2.5140E+01  8.3901E+01 -2.8013E-03  4.8099E-01  3.1193E-02  4.4651E-01 -3.0869E-02
  2.5142E+01  8.3905E+01 -2.8010E-03  4.8095E-01  3.1193E-02  4.4651E-01 -3.0869E-02
  2.5143E+01  8.3909E+01 -2.8008E-03  4.8091E-01  3.1193E-02  4.4652E-01 -3.0868E-02
  2.5144E+01  8.3914E+01 -2.8005E-03  4.8086E-01  3.1192E-02  4.4653E-01 -3.0868E-02
  2.5146E+01  8.3918E+01 -2.8002E-03  4.8082E-01  3.1192E-02  4.4653E-01 -3.0867E-02
  2.5147E+01  8.3923E+01 -2.7999E-03  4.8078E-01  3.1192E-02  4.4654E-01 -3.0867E-02
  2.5148E+01  8.3927E+01 -2.7997E-03  4.8074E-01  3.1191E-02  4.4654E-01 -3.0867E-02
  2.5150E+01  8.3932E+01 -2.7994E-03  4.8070E-01  3.1191E-02  4.4655E-01 -3.0866E-02
  2.5151E+01  8.3936E+01 -2.7991E-03  4.8066E-01  3.1191E-02  4.4655E-01 -3.0866E-02
  2.5152E+01  8.3941E+01 -2.7989E-03  4.8062E-01  3.1190E-02  4.4656E-01 -3.0865E-02
  2.5154E+01  8.3945E+01 -2.7986E-03  4.8058E-01  3.1190E-02  4.4657E-01 -3.0865E-02
  2.5155E+01  8.3950E+01 -2.7983E-03  4.8053E-01  3.1190E-02  4.4657E-01 -3.0865E-02
  2.5156E+01  8.3954E+01 -2.7981E-03  4.8049E-01  3.1189E-02  4.4658E-01 -3.0864E-02
  2.5158E+01  8.3959E+01 -2.7978E-03  4.8045E-01  3.1189E-02  4.4658E-01 -3.0864E-02
  2.5159E+01  8.3963E+01 -2.7975E-03  4.8041E-01  3.1189E-02  4.4659E-01 -3.0864E-02
  2.5160E+01  8.3968E+01 -2.7972E-03  4.8037E-01  3.1188E-02  4.4660E-01 -3.0863E-02
  2.5162E+01  8.3972E+01 -2.7970E-03  4.8033E-01  3.1188E-02  4.4660E-01 -3.0863E-02
  2.5163E+01  8.3977E+01 -2.7967E-03  4.8029E-01  3.1188E-02  4.4661E-01 -3.0862E-02
  2.5164E+01  8.3981E+01 -2.7964E-03  4.8025E-01  3.1188E-02  4.4661E-01 -3.0862E-02
  2.5166E+01  8.3986E+01 -2.7961E-03  4.8020E-01  3.1187E-02  4.4662E-01 -3.0862E-02
  2.5167E+01  8.3990E+01 -2.7959E-03  4.8017E-01  3.1187E-02  4.4662E-01 -3.0861E-02
  2.5168E+01  8.3995E+01 -2.7956E-03  4.8012E-01  3.1187E-02  4.4663E-01 -3.0861E-02
  2.5170E+01  8.3999E+01 -2.7953E-03  4.8008E-01  3.1186E-02  4.4664E-01 -3.0861E-02
  2.5171E+01  8.4004E+01 -2.7950E-03  4.8004E-01  3.1186E-02  4.4664E-01 -3.0860E-02
  2.5172E+01  8.4008E+01 -2.7948E-03  4.8000E-01  3.1186E-02  4.4665E-01 -3.0860E-02
  2.5174E+01  8.4013E+01 -2.7945E-03  4.7996E-01  3.1185E-02  4.4665E-01 -3.0859E-02
  2.5175E+01  8.4017E+01 -2.7942E-03  4.7992E-01  3.1185E-02  4.4666E-01 -3.0859E-02
  2.5176E+01  8.4021E+01 -2.7940E-03  4.7987E-01  3.1185E-02  4.4667E-01 -3.0859E-02
  2.5178E+01  8.4025E+01 -2.7937E-03  4.7984E-01  3.1184E-02  4.4667E-01 -3.0858E-02
  2.5179E+01  8.4030E+01 -2.7934E-03  4.7979E-01  3.1184E-02  4.4668E-01 -3.0858E-02
  2.5180E+01  8.4034E+01 -2.7932E-03  4.7975E-01  3.1184E-02  4.4668E-01 -3.0857E-02
  2.5182E+01  8.4039E+01 -2.7929E-03  4.7971E-01  3.1183E-02  4.4669E-01 -3.0857E-02
  2.5183E+01  8.4043E+01 -2.7926E-03  4.7967E-01  3.1183E-02  4.4669E-01 -3.0857E-02
  2.5184E+01  8.4048E+01 -2.7923E-03  4.7963E-01  3.1183E-02  4.4670E-01 -3.0856E-02
  2.5186E+01  8.4052E+01 -2.7921E-03  4.7959E-01  3.1182E-02  4.4671E-01 -3.0856E-02
  2.5187E+01  8.4057E+01 -2.7918E-03  4.7955E-01  3.1182E-02  4.4671E-01 -3.0855E-02
  2.5188E+01  8.4061E+01 -2.7915E-03  4.7951E-01  3.1182E-02  4.4672E-01 -3.0855E-02
  2.5190E+01  8.4066E+01 -2.7912E-03  4.7946E-01  3.1182E-02  4.4672E-01 -3.0855E-02
  2.5191E+01  8.4070E+01 -2.7910E-03  4.7942E-01  3.1181E-02  4.4673E-01 -3.0854E-02
  2.5192E+01  8.4075E+01 -2.7907E-03  4.7938E-01  3.1181E-02  4.4673E-01 -3.0854E-02
  2.5194E+01  8.4079E+01 -2.7904E-03  4.7934E-01  3.1181E-02  4.4674E-01 -3.0854E-02
  2.5195E+01  8.4084E+01 -2.7901E-03  4.7930E-01  3.1180E-02  4.4675E-01 -3.0853E-02
  2.5196E+01  8.4088E+01 -2.7899E-03  4.7926E-01  3.1180E-02  4.4675E-01 -3.0853E-02
  2.5198E+01  8.4093E+01 -2.7896E-03  4.7922E-01  3.1180E-02  4.4676E-01 -3.0852E-02
  2.5199E+01  8.4097E+01 -2.7893E-03  4.7918E-01  3.1179E-02  4.4676E-01 -3.0852E-02
  2.5200E+01  8.4102E+01 -2.7891E-03  4.7913E-01  3.1179E-02  4.4677E-01 -3.0852E-02
  2.5202E+01  8.4106E+01 -2.7888E-03  4.7910E-01  3.1179E-02  4.4678E-01 -3.0851E-02
  2.5203E+01  8.4111E+01 -2.7885E-03  4.7905E-01  3.1178E-02  4.4678E-01 -3.0851E-02
  2.5204E+01  8.4115E+01 -2.7883E-03  4.7901E-01  3.1178E-02  4.4679E-01 -3.0851E-02
  2.5206E+01  8.4120E+01 -2.7880E-03  4.7897E-01  3.1178E-02  4.4679E-01 -3.0850E-02
  2.5207E+01  8.4124E+01 -2.7877E-03  4.7893E-01  3.1177E-02  4.4680E-01 -3.0850E-02
  2.5209E+01  8.4128E+01 -2.7874E-03  4.7889E-01  3.1177E-02  4.4680E-01 -3.0849E-02
  2.5210E+01  8.4133E+01 -2.7872E-03  4.7885E-01  3.1177E-02  4.4681E-01 -3.0849E-02
  2.5211E+01  8.4137E+01 -2.7869E-03  4.7880E-01  3.1176E-02  4.4682E-01 -3.0849E-02
  2.5212E+01  8.4141E+01 -2.7866E-03  4.7877E-01  3.1176E-02  4.4682E-01 -3.0848E-02
  2.5214E+01  8.4146E+01 -2.7863E-03  4.7872E-01  3.1176E-02  4.4683E-01 -3.0848E-02
  2.5215E+01  8.4150E+01 -2.7861E-03  4.7868E-01  3.1176E-02  4.4683E-01 -3.0847E-02
  2.5217E+01  8.4155E+01 -2.7858E-03  4.7864E-01  3.1175E-02  4.4684E-01 -3.0847E-02
  2.5218E+01  8.4159E+01 -2.7855E-03  4.7860E-01  3.1175E-02  4.4684E-01 -3.0847E-02
  2.5219E+01  8.4164E+01 -2.7852E-03  4.7856E-01  3.1175E-02  4.4685E-01 -3.0846E-02
  2.5220E+01  8.4168E+01 -2.7850E-03  4.7852E-01  3.1174E-02  4.4686E-01 -3.0846E-02
  2.5222E+01  8.4173E+01 -2.7847E-03  4.7848E-01  3.1174E-02  4.4686E-01 -3.0845E-02
  2.5223E+01  8.4177E+01 -2.7844E-03  4.7844E-01  3.1174E-02  4.4687E-01 -3.0845E-02
  2.5225E+01  8.4182E+01 -2.7842E-03  4.7839E-01  3.1173E-02  4.4687E-01 -3.0845E-02
  2.5226E+01  8.4186E+01 -2.7839E-03  4.7835E-01  3.1173E-02  4.4688E-01 -3.0844E-02
  2.5227E+01  8.4191E+01 -2.7836E-03  4.7831E-01  3.1173E-02  4.4689E-01 -3.0844E-02
  2.5228E+01  8.4195E+01 -2.7833E-03  4.7827E-01  3.1172E-02  4.4689E-01 -3.0844E-02
  2.5230E+01  8.4200E+01 -2.7831E-03  4.7823E-01  3.1172E-02  4.4690E-01 -3.0843E-02
  2.5231E+01  8.4204E+01 -2.7828E-03  4.7819E-01  3.1172E-02  4.4690E-01 -3.0843E-02
  2.5233E+01  8.4209E+01 -2.7825E-03  4.7815E-01  3.1171E-02  4.4691E-01 -3.0842E-02
  2.5234E+01  8.4213E+01 -2.7823E-03  4.7811E-01  3.1171E-02  4.4691E-01 -3.0842E-02
  2.5235E+01  8.4218E+01 -2.7820E-03  4.7806E-01  3.1171E-02  4.4692E-01 -3.0842E-02
  2.5237E+01  8.4222E+01 -2.7817E-03  4.7803E-01  3.1170E-02  4.4693E-01 -3.0841E-02
  2.5238E+01  8.4227E+01 -2.7814E-03  4.7798E-01  3.1170E-02  4.4693E-01 -3.0841E-02
  2.5239E+01  8.4231E+01 -2.7812E-03  4.7794E-01  3.1170E-02  4.4694E-01 -3.0840E-02
  2.5241E+01  8.4236E+01 -2.7809E-03  4.7790E-01  3.1169E-02  4.4694E-01 -3.0840E-02
  2.5242E+01  8.4240E+01 -2.7806E-03  4.7786E-01  3.1169E-02  4.4695E-01 -3.0840E-02
  2.5243E+01  8.4244E+01 -2.7803E-03  4.7782E-01  3.1169E-02  4.4696E-01 -3.0839E-02
  2.5245E+01  8.4248E+01 -2.7801E-03  4.7778E-01  3.1169E-02  4.4696E-01 -3.0839E-02
  2.5246E+01  8.4253E+01 -2.7798E-03  4.7773E-01  3.1168E-02  4.4697E-01 -3.0839E-02
  2.5247E+01  8.4257E+01 -2.7795E-03  4.7770E-01  3.1168E-02  4.4697E-01 -3.0838E-02
  2.5249E+01  8.4262E+01 -2.7792E-03  4.7765E-01  3.1168E-02  4.4698E-01 -3.0838E-02
  2.5250E+01  8.4266E+01 -2.7790E-03  4.7761E-01  3.1167E-02  4.4698E-01 -3.0837E-02
  2.5251E+01  8.4271E+01 -2.7787E-03  4.7757E-01  3.1167E-02  4.4699E-01 -3.0837E-02
  2.5253E+01  8.4275E+01 -2.7784E-03  4.7753E-01  3.1167E-02  4.4700E-01 -3.0837E-02
  2.5254E+01  8.4280E+01 -2.7782E-03  4.7749E-01  3.1166E-02  4.4700E-01 -3.0836E-02
  2.5255E+01  8.4284E+01 -2.7779E-03  4.7745E-01  3.1166E-02  4.4701E-01 -3.0836E-02
  2.5257E+01  8.4289E+01 -2.7776E-03  4.7741E-01  3.1166E-02  4.4701E-01 -3.0835E-02
  2.5258E+01  8.4293E+01 -2.7774E-03  4.7737E-01  3.1165E-02  4.4702E-01 -3.0835E-02
  2.5259E+01  8.4298E+01 -2.7771E-03  4.7732E-01  3.1165E-02  4.4703E-01 -3.0835E-02
  2.5261E+01  8.4302E+01 -2.7768E-03  4.7728E-01  3.1165E-02  4.4703E-01 -3.0834E-02
  2.5262E+01  8.4307E+01 -2.7765E-03  4.7724E-01  3.1164E-02  4.4704E-01 -3.0834E-02
  2.5263E+01  8.4311E+01 -2.7763E-03  4.7720E-01  3.1164E-02  4.4704E-01 -3.0834E-02
  2.5265E+01  8.4316E+01 -2.7760E-03  4.7716E-01  3.1164E-02  4.4705E-01 -3.0833E-02
  2.5266E+01  8.4320E+01 -2.7757E-03  4.7712E-01  3.1163E-02  4.4705E-01 -3.0833E-02
  2.5267E+01  8.4325E+01 -2.7754E-03  4.7708E-01  3.1163E-02  4.4706E-01 -3.0832E-02
  2.5269E+01  8.4329E+01 -2.7752E-03  4.7704E-01  3.1163E-02  4.4707E-01 -3.0832E-02
  2.5270E+01  8.4334E+01 -2.7749E-03  4.7699E-01  3.1162E-02  4.4707E-01 -3.0832E-02
  2.5271E+01  8.4338E+01 -2.7746E-03  4.7696E-01  3.1162E-02  4.4708E-01 -3.0831E-02
  2.5273E+01  8.4343E+01 -2.7743E-03  4.7691E-01  3.1162E-02  4.4708E-01 -3.0831E-02
  2.5274E+01  8.4347E+01 -2.7741E-03  4.7687E-01  3.1162E-02  4.4709E-01 -3.0830E-02
  2.5275E+01  8.4351E+01 -2.7738E-03  4.7683E-01  3.1161E-02  4.4710E-01 -3.0830E-02
  2.5277E+01  8.4356E+01 -2.7735E-03  4.7679E-01  3.1161E-02  4.4710E-01 -3.0830E-02
  2.5278E+01  8.4360E+01 -2.7733E-03  4.7675E-01  3.1161E-02  4.4711E-01 -3.0829E-02
  2.5279E+01  8.4364E+01 -2.7730E-03  4.7671E-01  3.1160E-02  4.4711E-01 -3.0829E-02
  2.5281E+01  8.4369E+01 -2.7727E-03  4.7667E-01  3.1160E-02  4.4712E-01 -3.0828E-02
  2.5282E+01  8.4373E+01 -2.7725E-03  4.7663E-01  3.1160E-02  4.4712E-01 -3.0828E-02
  2.5283E+01  8.4378E+01 -2.7722E-03  4.7658E-01  3.1159E-02  4.4713E-01 -3.0828E-02
  2.5285E+01  8.4382E+01 -2.7719E-03  4.7654E-01  3.1159E-02  4.4714E-01 -3.0827E-02
  2.5286E+01  8.4387E+01 -2.7716E-03  4.7650E-01  3.1159E-02  4.4714E-01 -3.0827E-02
  2.5287E+01  8.4391E+01 -2.7714E-03  4.7646E-01  3.1158E-02  4.4715E-01 -3.0827E-02
  2.5289E+01  8.4396E+01 -2.7711E-03  4.7642E-01  3.1158E-02  4.4715E-01 -3.0826E-02
  2.5290E+01  8.4400E+01 -2.7708E-03  4.7638E-01  3.1158E-02  4.4716E-01 -3.0826E-02
  2.5291E+01  8.4405E+01 -2.7705E-03  4.7634E-01  3.1157E-02  4.4716E-01 -3.0825E-02
  2.5293E+01  8.4409E+01 -2.7703E-03  4.7630E-01  3.1157E-02  4.4717E-01 -3.0825E-02
  2.5294E+01  8.4414E+01 -2.7700E-03  4.7625E-01  3.1157E-02  4.4718E-01 -3.0825E-02
  2.5295E+01  8.4418E+01 -2.7697E-03  4.7622E-01  3.1156E-02  4.4718E-01 -3.0824E-02
  2.5297E+01  8.4423E+01 -2.7694E-03  4.7617E-01  3.1156E-02  4.4719E-01 -3.0824E-02
  2.5298E+01  8.4427E+01 -2.7692E-03  4.7613E-01  3.1156E-02  4.4719E-01 -3.0823E-02
  2.5299E+01  8.4432E+01 -2.7689E-03  4.7609E-01  3.1156E-02  4.4720E-01 -3.0823E-02
  2.5301E+01  8.4436E+01 -2.7686E-03  4.7605E-01  3.1155E-02  4.4721E-01 -3.0823E-02
  2.5302E+01  8.4441E+01 -2.7684E-03  4.7601E-01  3.1155E-02  4.4720E-01 -3.0822E-02
  2.5303E+01  8.4445E+01 -2.7681E-03  4.7597E-01  3.1152E-02  4.4718E-01 -3.0819E-02
  2.5305E+01  8.4450E+01 -2.7678E-03  4.7593E-01  3.1132E-02  4.4701E-01 -3.0799E-02
  2.5306E+01  8.4454E+01 -2.7676E-03  4.7589E-01  3.1049E-02  4.4656E-01 -3.0716E-02
  2.5307E+01  8.4459E+01 -2.7673E-03  4.7584E-01  3.0750E-02  4.4654E-01 -3.0414E-02
  2.5309E+01  8.4463E+01 -2.7670E-03  4.7581E-01  3.0265E-02  4.4712E-01 -2.9922E-02
  2.5310E+01  8.4467E+01 -2.7667E-03  4.7576E-01  2.9602E-02  4.4739E-01 -2.9251E-02
  2.5311E+01  8.4471E+01 -2.7665E-03  4.7573E-01  2.8985E-02  4.4744E-01 -2.8627E-02
  2.5313E+01  8.4476E+01 -2.7662E-03  4.7569E-01  2.8287E-02  4.4746E-01 -2.7920E-02
  2.5314E+01  8.4480E+01 -2.7660E-03  4.7565E-01  2.7666E-02  4.4747E-01 -2.7290E-02
  2.5315E+01  8.4485E+01 -2.7658E-03  4.7561E-01  2.6969E-02  4.4747E-01 -2.6583E-02
  2.5317E+01  8.4489E+01 -2.7655E-03  4.7558E-01  2.6349E-02  4.4748E-01 -2.5953E-02
  2.5318E+01  8.4494E+01 -2.7653E-03  4.7555E-01  2.5652E-02  4.4749E-01 -2.5246E-02
  2.5319E+01  8.4498E+01 -2.7651E-03  4.7551E-01  2.5033E-02  4.4749E-01 -2.4617E-02
  2.5321E+01  8.4503E+01 -2.7649E-03  4.7548E-01  2.4338E-02  4.4750E-01 -2.3910E-02
  2.5322E+01  8.4507E+01 -2.7647E-03  4.7545E-01  2.3721E-02  4.4750E-01 -2.3280E-02
  2.5324E+01  8.4512E+01 -2.7644E-03  4.7542E-01  2.3027E-02  4.4751E-01 -2.2573E-02
  2.5325E+01  8.4516E+01 -2.7643E-03  4.7539E-01  2.2411E-02  4.4752E-01 -2.1944E-02
  2.5326E+01  8.4521E+01 -2.7641E-03  4.7536E-01  2.1719E-02  4.4752E-01 -2.1237E-02
  2.5327E+01  8.4525E+01 -2.7639E-03  4.7533E-01  2.1104E-02  4.4753E-01 -2.0608E-02
  2.5329E+01  8.4530E+01 -2.7637E-03  4.7530E-01  2.0415E-02  4.4754E-01 -1.9901E-02
  2.5330E+01  8.4534E+01 -2.7635E-03  4.7528E-01  1.9802E-02  4.4754E-01 -1.9272E-02
  2.5332E+01  8.4539E+01 -2.7633E-03  4.7525E-01  1.9115E-02  4.4755E-01 -1.8565E-02
  2.5333E+01  8.4543E+01 -2.7632E-03  4.7523E-01  1.8505E-02  4.4755E-01 -1.7937E-02
  2.5334E+01  8.4548E+01 -2.7630E-03  4.7521E-01  1.7821E-02  4.4756E-01 -1.7230E-02
  2.5335E+01  8.4552E+01 -2.7628E-03  4.7518E-01  1.7214E-02  4.4757E-01 -1.6601E-02
  2.5337E+01  8.4557E+01 -2.7627E-03  4.7516E-01  1.6533E-02  4.4757E-01 -1.5894E-02
  2.5338E+01  8.4561E+01 -2.7625E-03  4.7514E-01  1.5930E-02  4.4758E-01 -1.5265E-02
  2.5340E+01  8.4566E+01 -2.7624E-03  4.7512E-01  1.5254E-02  4.4759E-01 -1.4559E-02
  2.5341E+01  8.4570E+01 -2.7623E-03  4.7510E-01  1.4655E-02  4.4759E-01 -1.3930E-02
  2.5342E+01  8.4575E+01 -2.7621E-03  4.7508E-01  1.3985E-02  4.4760E-01 -1.3223E-02
  2.5343E+01  8.4579E+01 -2.7620E-03  4.7507E-01  1.3392E-02  4.4760E-01 -1.2595E-02
  2.5345E+01  8.4583E+01 -2.7619E-03  4.7505E-01  1.2730E-02  4.4761E-01 -1.1888E-02
  2.5346E+01  8.4587E+01 -2.7618E-03  4.7504E-01  1.2145E-02  4.4762E-01 -1.1259E-02
  2.5348E+01  8.4592E+01 -2.7616E-03  4.7502E-01  1.1494E-02  4.4762E-01 -1.0553E-02
  2.5349E+01  8.4596E+01 -2.7615E-03  4.7501E-01  1.0919E-02  4.4763E-01 -9.9244E-03
  2.5350E+01  8.4601E+01 -2.7614E-03  4.7499E-01  1.0282E-02  4.4764E-01 -9.2179E-03
  2.5352E+01  8.4605E+01 -2.7613E-03  4.7498E-01  9.7221E-03  4.4764E-01 -8.5893E-03
  2.5353E+01  8.4610E+01 -2.7612E-03  4.7497E-01  9.1040E-03  4.4765E-01 -7.8829E-03
  2.5354E+01  8.4614E+01 -2.7612E-03  4.7496E-01  8.5657E-03  4.4765E-01 -7.2543E-03
  2.5356E+01  8.4619E+01 -2.7611E-03  4.7495E-01  7.9763E-03  4.4766E-01 -6.5479E-03
  2.5357E+01  8.4623E+01 -2.7610E-03  4.7494E-01  7.4691E-03  4.4767E-01 -5.9194E-03
  2.5358E+01  8.4628E+01 -2.7609E-03  4.7494E-01  6.9228E-03  4.4767E-01 -5.2130E-03
  2.5360E+01  8.4632E+01 -2.7609E-03  4.7493E-01  6.4628E-03  4.4768E-01 -4.5845E-03
  2.5361E+01  8.4637E+01 -2.7608E-03  4.7492E-01  5.9826E-03  4.4769E-01 -3.8782E-03
  2.5362E+01  8.4641E+01 -2.7608E-03  4.7492E-01  5.5958E-03  4.4769E-01 -3.2497E-03
  2.5364E+01  8.4646E+01 -2.7607E-03  4.7492E-01  5.2175E-03  4.4770E-01 -2.5433E-03
  2.5365E+01  8.4650E+01 -2.7607E-03  4.7491E-01  4.9418E-03  4.4770E-01 -1.9149E-03
  2.5366E+01  8.4655E+01 -2.7606E-03  4.7491E-01  4.7133E-03  4.4771E-01 -1.2085E-03
  2.5368E+01  8.4659E+01 -2.7606E-03  4.7491E-01  4.5926E-03  4.4772E-01 -5.8007E-04
  2.5369E+01  8.4664E+01 -2.7606E-03  4.7491E-01  4.5577E-03  4.4772E-01  1.2628E-04
  2.5370E+01  8.4668E+01 -2.7605E-03  4.7491E-01  4.6181E-03  4.4773E-01  7.5473E-04
  2.5372E+01  8.4673E+01 -2.7605E-03  4.7491E-01  4.7846E-03  4.4774E-01  1.4611E-03
  2.5373E+01  8.4677E+01 -2.7605E-03  4.7491E-01  5.0124E-03  4.4774E-01  2.0895E-03
  2.5374E+01  8.4682E+01 -2.7605E-03  4.7492E-01  5.3456E-03  4.4775E-01  2.7959E-03
  2.5376E+01  8.4686E+01 -2.7605E-03  4.7492E-01  5.6995E-03  4.4775E-01  3.4244E-03
  2.5377E+01  8.4690E+01 -2.7605E-03  4.7493E-01  6.1499E-03  4.4776E-01  4.1307E-03
  2.5378E+01  8.4694E+01 -2.7605E-03  4.7493E-01  6.5885E-03  4.4777E-01  4.7592E-03
  2.5380E+01  8.4699E+01 -2.7605E-03  4.7494E-01  7.1156E-03  4.4777E-01  5.4656E-03
  2.5381E+01  8.4703E+01 -2.7605E-03  4.7495E-01  7.6090E-03  4.4778E-01  6.0941E-03
  2.5382E+01  8.4708E+01 -2.7606E-03  4.7496E-01  8.1856E-03  4.4779E-01  6.8005E-03
  2.5384E+01  8.4712E+01 -2.7606E-03  4.7496E-01  8.7148E-03  4.4779E-01  7.4290E-03
  2.5385E+01  8.4717E+01 -2.7606E-03  4.7498E-01  9.3243E-03  4.4780E-01  8.1355E-03
  2.5386E+01  8.4721E+01 -2.7607E-03  4.7499E-01  9.8775E-03  4.4780E-01  8.7640E-03
  2.5388E+01  8.4726E+01 -2.7607E-03  4.7500E-01  1.0509E-02  4.4781E-01  9.4705E-03
  2.5389E+01  8.4730E+01 -2.7608E-03  4.7501E-01  1.1079E-02  4.4782E-01  1.0099E-02
  2.5390E+01  8.4735E+01 -2.7608E-03  4.7503E-01  1.1727E-02  4.4782E-01  1.0806E-02
  2.5392E+01  8.4739E+01 -2.7609E-03  4.7504E-01  1.2308E-02  4.4783E-01  1.1434E-02
  2.5393E+01  8.4744E+01 -2.7610E-03  4.7506E-01  1.2967E-02  4.4784E-01  1.2141E-02
  2.5394E+01  8.4748E+01 -2.7610E-03  4.7507E-01  1.3558E-02  4.4784E-01  1.2769E-02
  2.5396E+01  8.4753E+01 -2.7611E-03  4.7509E-01  1.4225E-02  4.4785E-01  1.3476E-02
  2.5397E+01  8.4757E+01 -2.7612E-03  4.7511E-01  1.4822E-02  4.4785E-01  1.4105E-02
  2.5398E+01  8.4762E+01 -2.7613E-03  4.7513E-01  1.5496E-02  4.4786E-01  1.4811E-02
  2.5400E+01  8.4766E+01 -2.7614E-03  4.7515E-01  1.6098E-02  4.4787E-01  1.5440E-02
  2.5401E+01  8.4771E+01 -2.7615E-03  4.7517E-01  1.6777E-02  4.4787E-01  1.6147E-02
  2.5402E+01  8.4775E+01 -2.7616E-03  4.7519E-01  1.7383E-02  4.4788E-01  1.6776E-02
  2.5404E+01  8.4780E+01 -2.7617E-03  4.7521E-01  1.8066E-02  4.4789E-01  1.7482E-02
  2.5405E+01  8.4784E+01 -2.7618E-03  4.7524E-01  1.8675E-02  4.4789E-01  1.8111E-02
  2.5406E+01  8.4789E+01 -2.7619E-03  4.7526E-01  1.9361E-02  4.4790E-01  1.8818E-02
  2.5408E+01  8.4793E+01 -2.7620E-03  4.7529E-01  1.9973E-02  4.4790E-01  1.9447E-02
  2.5409E+01  8.4798E+01 -2.7622E-03  4.7531E-01  2.0662E-02  4.4791E-01  2.0154E-02
  2.5410E+01  8.4802E+01 -2.7623E-03  4.7534E-01  2.1276E-02  4.4792E-01  2.0783E-02
  2.5412E+01  8.4806E+01 -2.7624E-03  4.7537E-01  2.1967E-02  4.4792E-01  2.1490E-02
  2.5413E+01  8.4810E+01 -2.7626E-03  4.7540E-01  2.2583E-02  4.4793E-01  2.2119E-02
  2.5414E+01  8.4815E+01 -2.7627E-03  4.7543E-01  2.3276E-02  4.4793E-01  2.2826E-02
  2.5416E+01  8.4819E+01 -2.7629E-03  4.7546E-01  2.3893E-02  4.4794E-01  2.3455E-02
  2.5417E+01  8.4824E+01 -2.7631E-03  4.7549E-01  2.4588E-02  4.4795E-01  2.4163E-02
  2.5418E+01  8.4828E+01 -2.7632E-03  4.7552E-01  2.5206E-02  4.4795E-01  2.4792E-02
  2.5420E+01  8.4833E+01 -2.7634E-03  4.7556E-01  2.5902E-02  4.4796E-01  2.5499E-02
  2.5421E+01  8.4837E+01 -2.7636E-03  4.7559E-01  2.6522E-02  4.4796E-01  2.6128E-02
  2.5422E+01  8.4842E+01 -2.7638E-03  4.7563E-01  2.7219E-02  4.4797E-01  2.6836E-02
  2.5424E+01  8.4846E+01 -2.7639E-03  4.7566E-01  2.7840E-02  4.4798E-01  2.7465E-02
  2.5425E+01  8.4851E+01 -2.7641E-03  4.7570E-01  2.8538E-02  4.4798E-01  2.8173E-02
  2.5426E+01  8.4855E+01 -2.7643E-03  4.7574E-01  2.9160E-02  4.4799E-01  2.8802E-02
  2.5428E+01  8.4860E+01 -2.7645E-03  4.7578E-01  2.9859E-02  4.4800E-01  2.9510E-02
  2.5429E+01  8.4864E+01 -2.7647E-03  4.7582E-01  3.0481E-02  4.4800E-01  3.0139E-02
  2.5430E+01  8.4869E+01 -2.7650E-03  4.7586E-01  3.1181E-02  4.4801E-01  3.0847E-02
  2.5432E+01  8.4873E+01 -2.7652E-03  4.7590E-01  3.1804E-02  4.4801E-01  3.1477E-02
  2.5433E+01  8.4878E+01 -2.7654E-03  4.7594E-01  3.2505E-02  4.4802E-01  3.2185E-02
  2.5434E+01  8.4882E+01 -2.7656E-03  4.7598E-01  3.3128E-02  4.4803E-01  3.2815E-02
  2.5436E+01  8.4887E+01 -2.7659E-03  4.7603E-01  3.3830E-02  4.4803E-01  3.3523E-02
  2.5437E+01  8.4891E+01 -2.7661E-03  4.7607E-01  3.4454E-02  4.4804E-01  3.4153E-02
  2.5439E+01  8.4896E+01 -2.7664E-03  4.7612E-01  3.5156E-02  4.4804E-01  3.4861E-02
  2.5440E+01  8.4900E+01 -2.7666E-03  4.7617E-01  3.5781E-02  4.4805E-01  3.5491E-02
  2.5441E+01  8.4905E+01 -2.7669E-03  4.7622E-01  3.6483E-02  4.4806E-01  3.6199E-02
  2.5442E+01  8.4909E+01 -2.7671E-03  4.7626E-01  3.7109E-02  4.4806E-01  3.6829E-02
  2.5444E+01  8.4913E+01 -2.7674E-03  4.7632E-01  3.7812E-02  4.4807E-01  3.7538E-02
  2.5445E+01  8.4918E+01 -2.7676E-03  4.7636E-01  3.8438E-02  4.4807E-01  3.8168E-02
  2.5447E+01  8.4922E+01 -2.7679E-03  4.7642E-01  3.9141E-02  4.4808E-01  3.8877E-02
  2.5448E+01  8.4926E+01 -2.7682E-03  4.7647E-01  3.9768E-02  4.4809E-01  3.9507E-02
  2.5449E+01  8.4931E+01 -2.7685E-03  4.7652E-01  4.0472E-02  4.4809E-01  4.0216E-02
  2.5450E+01  8.4935E+01 -2.7688E-03  4.7657E-01  4.1098E-02  4.4810E-01  4.0846E-02
  2.5452E+01  8.4940E+01 -2.7691E-03  4.7663E-01  4.1803E-02  4.4811E-01  4.1555E-02
  2.5453E+01  8.4944E+01 -2.7694E-03  4.7668E-01  4.2430E-02  4.4811E-01  4.2186E-02
  2.5455E+01  8.4949E+01 -2.7697E-03  4.7674E-01  4.3135E-02  4.4812E-01  4.2895E-02
  2.5456E+01  8.4953E+01 -2.7700E-03  4.7680E-01  4.3762E-02  4.4812E-01  4.3526E-02
  2.5457E+01  8.4958E+01 -2.7703E-03  4.7686E-01  4.4468E-02  4.4813E-01  4.4235E-02
  2.5458E+01  8.4962E+01 -2.7706E-03  4.7692E-01  4.5095E-02  4.4813E-01  4.4866E-02
  2.5460E+01  8.4967E+01 -2.7710E-03  4.7698E-01  4.5801E-02  4.4814E-01  4.5576E-02
  2.5461E+01  8.4971E+01 -2.7713E-03  4.7704E-01  4.6429E-02  4.4815E-01  4.6207E-02
  2.5463E+01  8.4976E+01 -2.7717E-03  4.7710E-01  4.7135E-02  4.4815E-01  4.6916E-02
  2.5464E+01  8.4980E+01 -2.7720E-03  4.7716E-01  4.7764E-02  4.4816E-01  4.7548E-02
  2.5465E+01  8.4985E+01 -2.7724E-03  4.7723E-01  4.8468E-02  4.4819E-01  4.8255E-02
  2.5467E+01  8.4989E+01 -2.7727E-03  4.7729E-01  4.9084E-02  4.4827E-01  4.8874E-02
  2.5468E+01  8.4994E+01 -2.7731E-03  4.7736E-01  4.9716E-02  4.4856E-01  4.9508E-02
  2.5469E+01  8.4998E+01 -2.7734E-03  4.7742E-01  5.0113E-02  4.4862E-01  4.9907E-02
  2.5471E+01  8.5003E+01 -2.7738E-03  4.7749E-01  5.0301E-02  4.4816E-01  5.0097E-02
  2.5472E+01  8.5007E+01 -2.7741E-03  4.7756E-01  5.0342E-02  4.4797E-01  5.0137E-02
  2.5473E+01  8.5012E+01 -2.7745E-03  4.7763E-01  5.0351E-02  4.4793E-01  5.0146E-02
  2.5475E+01  8.5016E+01 -2.7749E-03  4.7769E-01  5.0352E-02  4.4793E-01  5.0147E-02
  2.5476E+01  8.5021E+01 -2.7753E-03  4.7776E-01  5.0352E-02  4.4793E-01  5.0148E-02
  2.5477E+01  8.5025E+01 -2.7756E-03  4.7782E-01  5.0352E-02  4.4794E-01  5.0148E-02
  2.5479E+01  8.5029E+01 -2.7760E-03  4.7790E-01  5.0353E-02  4.4794E-01  5.0148E-02
  2.5480E+01  8.5033E+01 -2.7763E-03  4.7796E-01  5.0353E-02  4.4795E-01  5.0149E-02
  2.5481E+01  8.5038E+01 -2.7767E-03  4.7803E-01  5.0353E-02  4.4796E-01  5.0149E-02
  2.5483E+01  8.5042E+01 -2.7771E-03  4.7809E-01  5.0354E-02  4.4796E-01  5.0150E-02
  2.5484E+01  8.5047E+01 -2.7774E-03  4.7816E-01  5.0354E-02  4.4797E-01  5.0150E-02
  2.5485E+01  8.5051E+01 -2.7778E-03  4.7823E-01  5.0354E-02  4.4797E-01  5.0150E-02
  2.5487E+01  8.5056E+01 -2.7782E-03  4.7830E-01  5.0355E-02  4.4798E-01  5.0151E-02
  2.5488E+01  8.5060E+01 -2.7785E-03  4.7836E-01  5.0355E-02  4.4798E-01  5.0151E-02
  2.5489E+01  8.5065E+01 -2.7789E-03  4.7843E-01  5.0355E-02  4.4799E-01  5.0152E-02
  2.5491E+01  8.5069E+01 -2.7792E-03  4.7849E-01  5.0356E-02  4.4799E-01  5.0152E-02
  2.5492E+01  8.5074E+01 -2.7796E-03  4.7856E-01  5.0356E-02  4.4800E-01  5.0152E-02
  2.5493E+01  8.5078E+01 -2.7800E-03  4.7863E-01  5.0356E-02  4.4801E-01  5.0153E-02
  2.5495E+01  8.5083E+01 -2.7803E-03  4.7870E-01  5.0357E-02  4.4801E-01  5.0153E-02
  2.5496E+01  8.5087E+01 -2.7807E-03  4.7876E-01  5.0357E-02  4.4802E-01  5.0153E-02
  2.5497E+01  8.5092E+01 -2.7811E-03  4.7883E-01  5.0357E-02  4.4802E-01  5.0154E-02
  2.5499E+01  8.5096E+01 -2.7814E-03  4.7890E-01  5.0358E-02  4.4803E-01  5.0154E-02
  2.5500E+01  8.5101E+01 -2.7818E-03  4.7897E-01  5.0358E-02  4.4803E-01  5.0155E-02
  2.5501E+01  8.5105E+01 -2.7821E-03  4.7903E-01  5.0358E-02  4.4804E-01  5.0155E-02
  2.5503E+01  8.5110E+01 -2.7825E-03  4.7910E-01  5.0359E-02  4.4805E-01  5.0155E-02
  2.5504E+01  8.5114E+01 -2.7829E-03  4.7916E-01  5.0359E-02  4.4805E-01  5.0156E-02
  2.5505E+01  8.5119E+01 -2.7833E-03  4.7923E-01  5.0359E-02  4.4806E-01  5.0156E-02
  2.5507E+01  8.5123E+01 -2.7836E-03  4.7930E-01  5.0360E-02  4.4806E-01  5.0157E-02
  2.5508E+01  8.5128E+01 -2.7840E-03  4.7937E-01  5.0360E-02  4.4807E-01  5.0157E-02
  2.5509E+01  8.5132E+01 -2.7843E-03  4.7943E-01  5.0360E-02  4.4807E-01  5.0157E-02
  2.5511E+01  8.5137E+01 -2.7847E-03  4.7950E-01  5.0361E-02  4.4808E-01  5.0158E-02
  2.5512E+01  8.5141E+01 -2.7851E-03  4.7956E-01  5.0361E-02  4.4808E-01  5.0158E-02
  2.5513E+01  8.5145E+01 -2.7854E-03  4.7964E-01  5.0361E-02  4.4809E-01  5.0159E-02
  2.5515E+01  8.5149E+01 -2.7858E-03  4.7970E-01  5.0362E-02  4.4810E-01  5.0159E-02
  2.5516E+01  8.5154E+01 -2.7862E-03  4.7977E-01  5.0362E-02  4.4810E-01  5.0159E-02
  2.5517E+01  8.5158E+01 -2.7865E-03  4.7983E-01  5.0362E-02  4.4811E-01  5.0160E-02
  2.5519E+01  8.5163E+01 -2.7869E-03  4.7990E-01  5.0363E-02  4.4811E-01  5.0160E-02
  2.5520E+01  8.5167E+01 -2.7872E-03  4.7997E-01  5.0363E-02  4.4812E-01  5.0160E-02
  2.5521E+01  8.5172E+01 -2.7876E-03  4.8004E-01  5.0363E-02  4.4812E-01  5.0161E-02
  2.5523E+01  8.5176E+01 -2.7880E-03  4.8010E-01  5.0364E-02  4.4813E-01  5.0161E-02
  2.5524E+01  8.5181E+01 -2.7884E-03  4.8017E-01  5.0364E-02  4.4814E-01  5.0162E-02
  2.5525E+01  8.5185E+01 -2.7887E-03  4.8023E-01  5.0364E-02  4.4814E-01  5.0162E-02
  2.5527E+01  8.5190E+01 -2.7891E-03  4.8030E-01  5.0365E-02  4.4815E-01  5.0162E-02
  2.5528E+01  8.5194E+01 -2.7894E-03  4.8037E-01  5.0365E-02  4.4815E-01  5.0163E-02
  2.5529E+01  8.5199E+01 -2.7898E-03  4.8044E-01  5.0365E-02  4.4816E-01  5.0163E-02
  2.5531E+01  8.5203E+01 -2.7901E-03  4.8050E-01  5.0366E-02  4.4816E-01  5.0164E-02
  2.5532E+01  8.5208E+01 -2.7905E-03  4.8057E-01  5.0366E-02  4.4817E-01  5.0164E-02
  2.5533E+01  8.5212E+01 -2.7909E-03  4.8064E-01  5.0366E-02  4.4818E-01  5.0164E-02
  2.5535E+01  8.5217E+01 -2.7913E-03  4.8071E-01  5.0367E-02  4.4818E-01  5.0165E-02
  2.5536E+01  8.5221E+01 -2.7916E-03  4.8077E-01  5.0367E-02  4.4819E-01  5.0165E-02
  2.5537E+01  8.5226E+01 -2.7920E-03  4.8084E-01  5.0367E-02  4.4819E-01  5.0165E-02
  2.5539E+01  8.5230E+01 -2.7923E-03  4.8090E-01  5.0368E-02  4.4820E-01  5.0166E-02
  2.5540E+01  8.5235E+01 -2.7927E-03  4.8097E-01  5.0368E-02  4.4820E-01  5.0166E-02
  2.5541E+01  8.5239E+01 -2.7931E-03  4.8104E-01  5.0368E-02  4.4821E-01  5.0167E-02
  2.5543E+01  8.5244E+01 -2.7934E-03  4.8111E-01  5.0369E-02  4.4822E-01  5.0167E-02
  2.5544E+01  8.5248E+01 -2.7938E-03  4.8117E-01  5.0369E-02  4.4822E-01  5.0167E-02
  2.5545E+01  8.5252E+01 -2.7942E-03  4.8124E-01  5.0369E-02  4.4823E-01  5.0168E-02
  2.5547E+01  8.5256E+01 -2.7945E-03  4.8130E-01  5.0370E-02  4.4823E-01  5.0168E-02
  2.5548E+01  8.5261E+01 -2.7949E-03  4.8138E-01  5.0370E-02  4.4824E-01  5.0169E-02
  2.5549E+01  8.5265E+01 -2.7952E-03  4.8144E-01  5.0370E-02  4.4824E-01  5.0169E-02
  2.5551E+01  8.5270E+01 -2.7956E-03  4.8151E-01  5.0371E-02  4.4825E-01  5.0169E-02
  2.5552E+01  8.5274E+01 -2.7960E-03  4.8157E-01  5.0371E-02  4.4825E-01  5.0170E-02
  2.5553E+01  8.5279E+01 -2.7964E-03  4.8164E-01  5.0371E-02  4.4826E-01  5.0170E-02
  2.5555E+01  8.5283E+01 -2.7967E-03  4.8171E-01  5.0372E-02  4.4827E-01  5.0170E-02
  2.5556E+01  8.5288E+01 -2.7971E-03  4.8178E-01  5.0372E-02  4.4827E-01  5.0171E-02
  2.5557E+01  8.5292E+01 -2.7974E-03  4.8184E-01  5.0372E-02  4.4828E-01  5.0171E-02
  2.5559E+01  8.5297E+01 -2.7978E-03  4.8191E-01  5.0373E-02  4.4828E-01  5.0172E-02
  2.5560E+01  8.5301E+01 -2.7982E-03  4.8197E-01  5.0373E-02  4.4829E-01  5.0172E-02
  2.5562E+01  8.5306E+01 -2.7985E-03  4.8204E-01  5.0373E-02  4.4830E-01  5.0172E-02
  2.5563E+01  8.5310E+01 -2.7989E-03  4.8211E-01  5.0374E-02  4.4830E-01  5.0173E-02
  2.5564E+01  8.5315E+01 -2.7993E-03  4.8218E-01  5.0374E-02  4.4831E-01  5.0173E-02
  2.5565E+01  8.5319E+01 -2.7996E-03  4.8224E-01  5.0374E-02  4.4831E-01  5.0174E-02
  2.5567E+01  8.5324E+01 -2.8000E-03  4.8231E-01  5.0375E-02  4.4832E-01  5.0174E-02
  2.5568E+01  8.5328E+01 -2.8003E-03  4.8238E-01  5.0375E-02  4.4832E-01  5.0174E-02
  2.5570E+01  8.5333E+01 -2.8007E-03  4.8245E-01  5.0375E-02  4.4833E-01  5.0175E-02
  2.5571E+01  8.5337E+01 -2.8011E-03  4.8251E-01  5.0376E-02  4.4833E-01  5.0175E-02
  2.5572E+01  8.5342E+01 -2.8014E-03  4.8258E-01  5.0376E-02  4.4834E-01  5.0176E-02
  2.5573E+01  8.5346E+01 -2.8018E-03  4.8264E-01  5.0376E-02  4.4835E-01  5.0176E-02
  2.5575E+01  8.5351E+01 -2.8022E-03  4.8271E-01  5.0377E-02  4.4835E-01  5.0176E-02
  2.5576E+01  8.5355E+01 -2.8025E-03  4.8278E-01  5.0377E-02  4.4836E-01  5.0177E-02
  2.5578E+01  8.5360E+01 -2.8029E-03  4.8285E-01  5.0377E-02  4.4836E-01  5.0177E-02
  2.5579E+01  8.5364E+01 -2.8032E-03  4.8291E-01  5.0378E-02  4.4837E-01  5.0177E-02
  2.5580E+01  8.5368E+01 -2.8036E-03  4.8298E-01  5.0378E-02  4.4838E-01  5.0178E-02
  2.5581E+01  8.5372E+01 -2.8040E-03  4.8304E-01  5.0378E-02  4.4838E-01  5.0178E-02
  2.5583E+01  8.5377E+01 -2.8044E-03  4.8312E-01  5.0379E-02  4.4839E-01  5.0179E-02
  2.5584E+01  8.5381E+01 -2.8047E-03  4.8318E-01  5.0379E-02  4.4839E-01  5.0179E-02
  2.5586E+01  8.5386E+01 -2.8051E-03  4.8325E-01  5.0379E-02  4.4840E-01  5.0179E-02
  2.5587E+01  8.5390E+01 -2.8054E-03  4.8331E-01  5.0380E-02  4.4840E-01  5.0180E-02
  2.5588E+01  8.5395E+01 -2.8058E-03  4.8338E-01  5.0380E-02  4.4841E-01  5.0180E-02
  2.5590E+01  8.5399E+01 -2.8062E-03  4.8345E-01  5.0380E-02  4.4842E-01  5.0181E-02
  2.5591E+01  8.5404E+01 -2.8065E-03  4.8352E-01  5.0381E-02  4.4842E-01  5.0181E-02
  2.5592E+01  8.5408E+01 -2.8069E-03  4.8358E-01  5.0381E-02  4.4843E-01  5.0181E-02
  2.5594E+01  8.5413E+01 -2.8073E-03  4.8365E-01  5.0381E-02  4.4843E-01  5.0182E-02
  2.5595E+01  8.5417E+01 -2.8076E-03  4.8371E-01  5.0382E-02  4.4844E-01  5.0182E-02
  2.5596E+01  8.5422E+01 -2.8080E-03  4.8378E-01  5.0382E-02  4.4844E-01  5.0183E-02
  2.5598E+01  8.5426E+01 -2.8083E-03  4.8385E-01  5.0382E-02  4.4845E-01  5.0183E-02
  2.5599E+01  8.5431E+01 -2.8087E-03  4.8392E-01  5.0383E-02  4.4846E-01  5.0183E-02
  2.5600E+01  8.5435E+01 -2.8091E-03  4.8398E-01  5.0383E-02  4.4846E-01  5.0184E-02
  2.5602E+01  8.5440E+01 -2.8094E-03  4.8405E-01  5.0383E-02  4.4847E-01  5.0184E-02
  2.5603E+01  8.5444E+01 -2.8098E-03  4.8412E-01  5.0384E-02  4.4847E-01  5.0184E-02
  2.5604E+01  8.5449E+01 -2.8102E-03  4.8419E-01  5.0384E-02  4.4848E-01  5.0185E-02
  2.5606E+01  8.5453E+01 -2.8105E-03  4.8425E-01  5.0384E-02  4.4848E-01  5.0185E-02
  2.5607E+01  8.5458E+01 -2.8109E-03  4.8432E-01  5.0385E-02  4.4849E-01  5.0186E-02
  2.5608E+01  8.5462E+01 -2.8112E-03  4.8438E-01  5.0385E-02  4.4850E-01  5.0186E-02
  2.5610E+01  8.5467E+01 -2.8116E-03  4.8445E-01  5.0385E-02  4.4850E-01  5.0186E-02
  2.5611E+01  8.5471E+01 -2.8120E-03  4.8452E-01  5.0386E-02  4.4851E-01  5.0187E-02
  2.5612E+01  8.5475E+01 -2.8124E-03  4.8459E-01  5.0386E-02  4.4851E-01  5.0187E-02
  2.5614E+01  8.5480E+01 -2.8127E-03  4.8465E-01  5.0386E-02  4.4852E-01  5.0188E-02
  2.5615E+01  8.5484E+01 -2.8131E-03  4.8472E-01  5.0387E-02  4.4852E-01  5.0188E-02
  2.5616E+01  8.5488E+01 -2.8134E-03  4.8479E-01  5.0387E-02  4.4853E-01  5.0188E-02
  2.5618E+01  8.5493E+01 -2.8138E-03  4.8486E-01  5.0387E-02  4.4854E-01  5.0189E-02
  2.5619E+01  8.5497E+01 -2.8142E-03  4.8492E-01  5.0388E-02  4.4854E-01  5.0189E-02
  2.5620E+01  8.5502E+01 -2.8145E-03  4.8499E-01  5.0388E-02  4.4855E-01  5.0189E-02
  2.5622E+01  8.5506E+01 -2.8149E-03  4.8505E-01  5.0388E-02  4.4855E-01  5.0190E-02
  2.5623E+01  8.5511E+01 -2.8153E-03  4.8512E-01  5.0389E-02  4.4856E-01  5.0190E-02
  2.5624E+01  8.5515E+01 -2.8156E-03  4.8519E-01  5.0389E-02  4.4856E-01  5.0191E-02
  2.5626E+01  8.5520E+01 -2.8160E-03  4.8526E-01  5.0389E-02  4.4857E-01  5.0191E-02
  2.5627E+01  8.5524E+01 -2.8163E-03  4.8532E-01  5.0390E-02  4.4858E-01  5.0191E-02
  2.5628E+01  8.5529E+01 -2.8167E-03  4.8539E-01  5.0390E-02  4.4858E-01  5.0192E-02
  2.5630E+01  8.5533E+01 -2.8171E-03  4.8545E-01  5.0390E-02  4.4859E-01  5.0192E-02
  2.5631E+01  8.5538E+01 -2.8174E-03  4.8553E-01  5.0391E-02  4.4859E-01  5.0193E-02
  2.5632E+01  8.5542E+01 -2.8178E-03  4.8559E-01  5.0391E-02  4.4860E-01  5.0193E-02
  2.5634E+01  8.5547E+01 -2.8182E-03  4.8566E-01  5.0391E-02  4.4861E-01  5.0193E-02
  2.5635E+01  8.5551E+01 -2.8185E-03  4.8572E-01  5.0392E-02  4.4861E-01  5.0194E-02
  2.5636E+01  8.5556E+01 -2.8189E-03  4.8579E-01  5.0392E-02  4.4862E-01  5.0194E-02
  2.5638E+01  8.5560E+01 -2.8192E-03  4.8586E-01  5.0392E-02  4.4862E-01  5.0194E-02
  2.5639E+01  8.5565E+01 -2.8196E-03  4.8593E-01  5.0393E-02  4.4863E-01  5.0195E-02
  2.5640E+01  8.5569E+01 -2.8200E-03  4.8599E-01  5.0393E-02  4.4863E-01  5.0195E-02
  2.5642E+01  8.5574E+01 -2.8204E-03  4.8606E-01  5.0393E-02  4.4864E-01  5.0196E-02
  2.5643E+01  8.5578E+01 -2.8207E-03  4.8612E-01  5.0394E-02  4.4865E-01  5.0196E-02
  2.5644E+01  8.5583E+01 -2.8211E-03  4.8620E-01  5.0394E-02  4.4865E-01  5.0196E-02
  2.5646E+01  8.5587E+01 -2.8214E-03  4.8626E-01  5.0394E-02  4.4866E-01  5.0197E-02
  2.5647E+01  8.5591E+01 -2.8218E-03  4.8633E-01  5.0395E-02  4.4866E-01  5.0197E-02
  2.5648E+01  8.5595E+01 -2.8222E-03  4.8639E-01  5.0395E-02  4.4867E-01  5.0198E-02
  2.5650E+01  8.5600E+01 -2.8225E-03  4.8646E-01  5.0395E-02  4.4867E-01  5.0198E-02
  2.5651E+01  8.5604E+01 -2.8229E-03  4.8653E-01  5.0396E-02  4.4868E-01  5.0198E-02
  2.5652E+01  8.5609E+01 -2.8233E-03  4.8660E-01  5.0396E-02  4.4869E-01  5.0199E-02
  2.5654E+01  8.5613E+01 -2.8236E-03  4.8666E-01  5.0396E-02  4.4869E-01  5.0199E-02
  2.5655E+01  8.5618E+01 -2.8240E-03  4.8673E-01  5.0397E-02  4.4870E-01  5.0199E-02
  2.5656E+01  8.5622E+01 -2.8243E-03  4.8679E-01  5.0397E-02  4.4870E-01  5.0200E-02
  2.5658E+01  8.5627E+01 -2.8247E-03  4.8686E-01  5.0397E-02  4.4871E-01  5.0200E-02
  2.5659E+01  8.5631E+01 -2.8251E-03  4.8693E-01  5.0398E-02  4.4872E-01  5.0201E-02
  2.5660E+01  8.5636E+01 -2.8254E-03  4.8700E-01  5.0398E-02  4.4872E-01  5.0201E-02
  2.5662E+01  8.5640E+01 -2.8258E-03  4.8706E-01  5.0398E-02  4.4873E-01  5.0201E-02
  2.5663E+01  8.5645E+01 -2.8262E-03  4.8713E-01  5.0399E-02  4.4873E-01  5.0202E-02
  2.5664E+01  8.5649E+01 -2.8265E-03  4.8720E-01  5.0399E-02  4.4874E-01  5.0202E-02
  2.5666E+01  8.5654E+01 -2.8269E-03  4.8727E-01  5.0399E-02  4.4874E-01  5.0203E-02
  2.5667E+01  8.5658E+01 -2.8272E-03  4.8733E-01  5.0400E-02  4.4875E-01  5.0203E-02
  2.5668E+01  8.5663E+01 -2.8276E-03  4.8740E-01  5.0400E-02  4.4876E-01  5.0203E-02
  2.5670E+01  8.5667E+01 -2.8280E-03  4.8746E-01  5.0400E-02  4.4876E-01  5.0204E-02
  2.5671E+01  8.5672E+01 -2.8284E-03  4.8753E-01  5.0401E-02  4.4877E-01  5.0204E-02
  2.5672E+01  8.5676E+01 -2.8287E-03  4.8760E-01  5.0401E-02  4.4877E-01  5.0204E-02
  2.5674E+01  8.5681E+01 -2.8291E-03  4.8767E-01  5.0401E-02  4.4878E-01  5.0205E-02
  2.5675E+01  8.5685E+01 -2.8294E-03  4.8773E-01  5.0402E-02  4.4878E-01  5.0205E-02
  2.5677E+01  8.5690E+01 -2.8298E-03  4.8780E-01  5.0402E-02  4.4879E-01  5.0206E-02
  2.5678E+01  8.5694E+01 -2.8302E-03  4.8787E-01  5.0402E-02  4.4880E-01  5.0206E-02
  2.5679E+01  8.5698E+01 -2.8305E-03  4.8794E-01  5.0403E-02  4.4880E-01  5.0206E-02
  2.5680E+01  8.5703E+01 -2.8309E-03  4.8800E-01  5.0403E-02  4.4881E-01  5.0207E-02
  2.5682E+01  8.5707E+01 -2.8313E-03  4.8807E-01  5.0403E-02  4.4881E-01  5.0207E-02
  2.5683E+01  8.5711E+01 -2.8316E-03  4.8813E-01  5.0404E-02  4.4882E-01  5.0208E-02
  2.5685E+01  8.5716E+01 -2.8320E-03  4.8820E-01  5.0404E-02  4.4883E-01  5.0208E-02
  2.5686E+01  8.5720E+01 -2.8323E-03  4.8827E-01  5.0404E-02  4.4883E-01  5.0208E-02
  2.5687E+01  8.5725E+01 -2.8327E-03  4.8834E-01  5.0405E-02  4.4884E-01  5.0209E-02
  2.5688E+01  8.5729E+01 -2.8331E-03  4.8840E-01  5.0405E-02  4.4884E-01  5.0209E-02
  2.5690E+01  8.5734E+01 -2.8334E-03  4.8847E-01  5.0406E-02  4.4885E-01  5.0210E-02
  2.5691E+01  8.5738E+01 -2.8338E-03  4.8854E-01  5.0406E-02  4.4885E-01  5.0210E-02
  2.5693E+01  8.5743E+01 -2.8342E-03  4.8861E-01  5.0406E-02  4.4886E-01  5.0210E-02
  2.5694E+01  8.5747E+01 -2.8345E-03  4.8867E-01  5.0406E-02  4.4887E-01  5.0211E-02
  2.5695E+01  8.5752E+01 -2.8349E-03  4.8874E-01  5.0407E-02  4.4887E-01  5.0211E-02
  2.5696E+01  8.5756E+01 -2.8352E-03  4.8880E-01  5.0407E-02  4.4888E-01  5.0211E-02
  2.5698E+01  8.5761E+01 -2.8356E-03  4.8887E-01  5.0408E-02  4.4888E-01  5.0212E-02
  2.5699E+01  8.5765E+01 -2.8360E-03  4.8894E-01  5.0408E-02  4.4889E-01  5.0212E-02
  2.5701E+01  8.5770E+01 -2.8364E-03  4.8901E-01  5.0408E-02  4.4890E-01  5.0213E-02
  2.5702E+01  8.5774E+01 -2.8367E-03  4.8907E-01  5.0409E-02  4.4890E-01  5.0213E-02
  2.5703E+01  8.5779E+01 -2.8371E-03  4.8914E-01  5.0409E-02  4.4891E-01  5.0213E-02
  2.5705E+01  8.5783E+01 -2.8374E-03  4.8920E-01  5.0409E-02  4.4891E-01  5.0214E-02
  2.5706E+01  8.5788E+01 -2.8378E-03  4.8928E-01  5.0410E-02  4.4892E-01  5.0214E-02
  2.5707E+01  8.5792E+01 -2.8382E-03  4.8934E-01  5.0410E-02  4.4893E-01  5.0215E-02
  2.5709E+01  8.5797E+01 -2.8385E-03  4.8941E-01  5.0410E-02  4.4893E-01  5.0215E-02
  2.5710E+01  8.5801E+01 -2.8389E-03  4.8947E-01  5.0411E-02  4.4894E-01  5.0215E-02
  2.5711E+01  8.5806E+01 -2.8393E-03  4.8954E-01  5.0411E-02  4.4894E-01  5.0216E-02
  2.5713E+01  8.5810E+01 -2.8396E-03  4.8961E-01  5.0411E-02  4.4895E-01  5.0216E-02
  2.5714E+01  8.5814E+01 -2.8400E-03  4.8968E-01  5.0412E-02  4.4895E-01  5.0216E-02
  2.5715E+01  8.5818E+01 -2.8403E-03  4.8974E-01  5.0412E-02  4.4896E-01  5.0217E-02
  2.5717E+01  8.5823E+01 -2.8407E-03  4.8981E-01  5.0412E-02  4.4897E-01  5.0217E-02
  2.5718E+01  8.5827E+01 -2.8411E-03  4.8987E-01  5.0413E-02  4.4897E-01  5.0218E-02
  2.5719E+01  8.5832E+01 -2.8414E-03  4.8995E-01  5.0413E-02  4.4898E-01  5.0218E-02
  2.5721E+01  8.5836E+01 -2.8418E-03  4.9001E-01  5.0413E-02  4.4898E-01  5.0218E-02
  2.5722E+01  8.5841E+01 -2.8422E-03  4.9008E-01  5.0414E-02  4.4899E-01  5.0219E-02
  2.5723E+01  8.5845E+01 -2.8425E-03  4.9014E-01  5.0414E-02  4.4900E-01  5.0219E-02
  2.5725E+01  8.5850E+01 -2.8429E-03  4.9021E-01  5.0414E-02  4.4900E-01  5.0220E-02
  2.5726E+01  8.5854E+01 -2.8432E-03  4.9028E-01  5.0415E-02  4.4901E-01  5.0220E-02
  2.5727E+01  8.5859E+01 -2.8436E-03  4.9035E-01  5.0415E-02  4.4901E-01  5.0220E-02
  2.5730E+01  8.5868E+01 -2.8444E-03  4.9048E-01  5.0416E-02  4.4903E-01  5.0221E-02
