  2.9064E-03  2.0784E-02 -2.8432E-05  3.6841E-01  2.9067E+01  9.5651E-01  2.8991E+01
  6.1997E-03  3.3592E-02 -3.6603E-05  4.4608E-01  1.9713E+01  9.7516E-01  1.9684E+01
  9.3336E-03  4.4811E-02 -4.0123E-05  5.0207E-01  1.6620E+01  9.8568E-01  1.6604E+01
  1.2605E-02  5.6227E-02 -4.1790E-05  5.5514E-01  1.6201E+01  1.0131E+00  1.6192E+01
  1.5793E-02  6.7248E-02 -4.2428E-05  6.0847E-01  1.7512E+01  1.0756E+00  1.7506E+01
  1.8949E-02  7.8117E-02 -4.2549E-05  6.6724E-01  1.9893E+01  1.1415E+00  1.9889E+01
  2.2301E-02  8.9626E-02 -4.2390E-05  7.3899E-01  2.2973E+01  1.1555E+00  2.2970E+01
  2.5409E-02  1.0027E-01 -4.2160E-05  8.1446E-01  2.5516E+01  1.0937E+00  2.5515E+01
  2.8735E-02  1.1162E-01 -4.1933E-05  9.0184E-01  2.6738E+01  1.0678E+00  2.6737E+01
  3.1851E-02  1.2222E-01 -4.1563E-05  9.8381E-01  2.5517E+01  1.2088E+00  2.5516E+01
  3.5047E-02  1.3309E-01 -4.0468E-05  1.0597E+00  2.1609E+01  1.4197E+00  2.1607E+01
  3.8323E-02  1.4429E-01 -3.7829E-05  1.1208E+00  1.5599E+01  1.5510E+00  1.5596E+01
  4.1606E-02  1.5549E-01 -3.3130E-05  1.1611E+00  9.0702E+00  1.5549E+00  9.0660E+00
  4.4694E-02  1.6599E-01 -2.6880E-05  1.1804E+00  3.7679E+00  1.4715E+00  3.7606E+00
  4.7999E-02  1.7719E-01 -1.8722E-05  1.1856E+00  3.2273E-01  1.3398E+00 -2.5953E-01
  5.1106E-02  1.8769E-01 -1.0224E-05  1.1810E+00  2.3593E+00  1.2313E+00 -2.3539E+00
  5.4428E-02  1.9889E-01 -7.2628E-07  1.1716E+00  3.0264E+00  1.1904E+00 -3.0231E+00
  5.7549E-02  2.0939E-01  8.3150E-06  1.1626E+00  2.5197E+00  1.2771E+00 -2.5159E+00
  6.0881E-02  2.2059E-01  1.8062E-05  1.1563E+00  1.1284E+00  1.4600E+00 -1.1187E+00
  6.4009E-02  2.3109E-01  2.7346E-05  1.1555E+00  7.3710E-01  1.6342E+00  7.2052E-01
  6.7138E-02  2.4159E-01  3.6805E-05  1.1609E+00  2.7854E+00  1.6916E+00  2.7812E+00
  7.0478E-02  2.5279E-01  4.7034E-05  1.1737E+00  4.8843E+00  1.5321E+00  4.8825E+00
  7.3609E-02  2.6329E-01  5.6612E-05  1.1915E+00  6.4616E+00  1.2634E+00  6.4608E+00
  7.6741E-02  2.7379E-01  6.6060E-05  1.2134E+00  7.4836E+00  1.1234E+00  7.4831E+00
  8.0082E-02  2.8499E-01  7.6010E-05  1.2393E+00  7.9711E+00  1.1949E+00  7.9706E+00
  8.3214E-02  2.9549E-01  8.5346E-05  1.2643E+00  8.0024E+00  1.2938E+00  8.0018E+00
  8.6555E-02  3.0669E-01  9.5431E-05  1.2906E+00  7.7366E+00  1.3561E+00  7.7359E+00
  8.9687E-02  3.1719E-01  1.0504E-04  1.3141E+00  7.3104E+00  1.3554E+00  7.3097E+00
  9.2819E-02  3.2769E-01  1.1484E-04  1.3362E+00  6.8195E+00  1.3034E+00  6.8188E+00
  9.6159E-02  3.3889E-01  1.2550E-04  1.3581E+00  6.3030E+00  1.2477E+00  6.3023E+00
  9.9291E-02  3.4939E-01  1.3563E-04  1.3771E+00  5.8389E+00  1.2171E+00  5.8383E+00
  1.0263E-01  3.6059E-01  1.4647E-04  1.3957E+00  5.3567E+00  1.2009E+00  5.3560E+00
  1.0576E-01  3.7109E-01  1.5659E-04  1.4118E+00  4.9099E+00  1.1960E+00  4.9091E+00
  1.0889E-01  3.8159E-01  1.6661E-04  1.4265E+00  4.4666E+00  1.1961E+00  4.4659E+00
  1.1224E-01  3.9279E-01  1.7711E-04  1.4406E+00  3.9988E+00  1.2009E+00  3.9980E+00
  1.1537E-01  4.0329E-01  1.8674E-04  1.4525E+00  3.5671E+00  1.2097E+00  3.5662E+00
  1.1850E-01  4.1379E-01  1.9611E-04  1.4630E+00  3.1447E+00  1.2217E+00  3.1436E+00
  1.2184E-01  4.2499E-01  2.0578E-04  1.4728E+00  2.7074E+00  1.2376E+00  2.7062E+00
  1.2497E-01  4.3549E-01  2.1451E-04  1.4807E+00  2.3127E+00  1.2550E+00  2.3112E+00
  1.2831E-01  4.4669E-01  2.2343E-04  1.4878E+00  1.9106E+00  1.2759E+00  1.9087E+00
  1.3144E-01  4.5719E-01  2.3139E-04  1.4933E+00  1.5535E+00  1.2961E+00  1.5511E+00
  1.3458E-01  4.6769E-01  2.3895E-04  1.4977E+00  1.2173E+00  1.3161E+00  1.2142E+00
  1.3792E-01  4.7889E-01  2.4657E-04  1.5013E+00  8.8346E-01  1.3361E+00  8.7905E-01
  1.4105E-01  4.8939E-01  2.5327E-04  1.5036E+00  5.9509E-01  1.3529E+00  5.8837E-01
  1.4418E-01  4.9989E-01  2.5956E-04  1.5051E+00  3.3322E-01  1.3670E+00  3.2082E-01
  1.4752E-01  5.1109E-01  2.6581E-04  1.5058E+00  1.0930E-01  1.3783E+00  6.0925E-02
  1.5065E-01  5.2159E-01  2.7125E-04  1.5058E+00  1.8350E-01  1.3849E+00 -1.5924E-01
  1.5400E-01  5.3279E-01  2.7660E-04  1.5049E+00  3.8097E-01  1.3875E+00 -3.6984E-01
  1.5713E-01  5.4329E-01  2.8123E-04  1.5036E+00  5.5317E-01  1.3859E+00 -5.4557E-01
  1.6026E-01  5.5379E-01  2.8548E-04  1.5017E+00  7.0738E-01  1.3805E+00 -7.0149E-01
  1.6360E-01  5.6499E-01  2.8962E-04  1.4992E+00  8.5231E-01  1.3710E+00 -8.4747E-01
  1.6673E-01  5.7549E-01  2.9315E-04  1.4964E+00  9.7097E-01  1.3593E+00 -9.6679E-01
  1.6987E-01  5.8599E-01  2.9637E-04  1.4933E+00  1.0744E+00  1.3453E+00 -1.0707E+00
  1.7321E-01  5.9719E-01  2.9947E-04  1.4896E+00  1.1694E+00  1.3286E+00 -1.1661E+00
  1.7634E-01  6.0769E-01  3.0209E-04  1.4859E+00  1.2458E+00  1.3120E+00 -1.2427E+00
  1.7968E-01  6.1889E-01  3.0460E-04  1.4817E+00  1.3152E+00  1.2939E+00 -1.3123E+00
  1.8281E-01  6.2939E-01  3.0670E-04  1.4775E+00  1.3703E+00  1.2771E+00 -1.3676E+00
  1.8594E-01  6.3989E-01  3.0858E-04  1.4732E+00  1.4170E+00  1.2610E+00 -1.4145E+00
  1.8929E-01  6.5109E-01  3.1036E-04  1.4684E+00  1.4589E+00  1.2448E+00 -1.4564E+00
  1.9242E-01  6.6159E-01  3.1184E-04  1.4639E+00  1.4916E+00  1.2308E+00 -1.4893E+00
  1.9555E-01  6.7209E-01  3.1315E-04  1.4592E+00  1.5190E+00  1.2181E+00 -1.5168E+00
  1.9889E-01  6.8329E-01  3.1437E-04  1.4541E+00  1.5432E+00  1.2061E+00 -1.5410E+00
  2.0202E-01  6.9379E-01  3.1537E-04  1.4493E+00  1.5619E+00  1.1962E+00 -1.5597E+00
  2.0537E-01  7.0499E-01  3.1629E-04  1.4441E+00  1.5781E+00  1.1871E+00 -1.5760E+00
  2.0850E-01  7.1549E-01  3.1703E-04  1.4392E+00  1.5905E+00  1.1799E+00 -1.5884E+00
  2.1163E-01  7.2599E-01  3.1767E-04  1.4342E+00  1.6006E+00  1.1737E+00 -1.5985E+00
  2.1497E-01  7.3719E-01  3.1824E-04  1.4289E+00  1.6091E+00  1.1683E+00 -1.6070E+00
  2.1810E-01  7.4769E-01  3.1869E-04  1.4239E+00  1.6153E+00  1.1640E+00 -1.6133E+00
  2.2124E-01  7.5819E-01  3.1906E-04  1.4188E+00  1.6202E+00  1.1604E+00 -1.6182E+00
  2.2458E-01  7.6939E-01  3.1937E-04  1.4134E+00  1.6241E+00  1.1574E+00 -1.6221E+00
  2.2771E-01  7.7989E-01  3.1960E-04  1.4083E+00  1.6267E+00  1.1551E+00 -1.6247E+00
  2.3105E-01  7.9109E-01  3.1978E-04  1.4029E+00  1.6286E+00  1.1532E+00 -1.6266E+00
  2.3418E-01  8.0159E-01  3.1989E-04  1.3979E+00  1.6296E+00  1.1518E+00 -1.6276E+00
  2.3732E-01  8.1209E-01  3.1996E-04  1.3928E+00  1.6301E+00  1.1506E+00 -1.6280E+00
  2.4066E-01  8.2329E-01  3.1998E-04  1.3873E+00  1.6300E+00  1.1497E+00 -1.6279E+00
  2.4379E-01  8.3379E-01  3.1996E-04  1.3823E+00  1.6295E+00  1.1490E+00 -1.6274E+00
  2.4692E-01  8.4429E-01  3.1990E-04  1.3772E+00  1.6286E+00  1.1485E+00 -1.6265E+00
  2.5026E-01  8.5549E-01  3.1980E-04  1.3717E+00  1.6273E+00  1.1482E+00 -1.6252E+00
  2.5340E-01  8.6599E-01  3.1968E-04  1.3667E+00  1.6258E+00  1.1480E+00 -1.6237E+00
  2.5674E-01  8.7719E-01  3.1951E-04  1.3613E+00  1.6240E+00  1.1479E+00 -1.6218E+00
  2.5987E-01  8.8769E-01  3.1933E-04  1.3562E+00  1.6221E+00  1.1478E+00 -1.6199E+00
  2.6300E-01  8.9819E-01  3.1913E-04  1.3511E+00  1.6200E+00  1.1478E+00 -1.6178E+00
  2.6634E-01  9.0939E-01  3.1889E-04  1.3457E+00  1.6177E+00  1.1479E+00 -1.6154E+00
  2.6948E-01  9.1989E-01  3.1865E-04  1.3407E+00  1.6153E+00  1.1480E+00 -1.6131E+00
  2.7261E-01  9.3039E-01  3.1838E-04  1.3356E+00  1.6128E+00  1.1482E+00 -1.6106E+00
  2.7595E-01  9.4159E-01  3.1808E-04  1.3303E+00  1.6101E+00  1.1484E+00 -1.6079E+00
  2.7908E-01  9.5209E-01  3.1778E-04  1.3252E+00  1.6075E+00  1.1485E+00 -1.6052E+00
  2.8242E-01  9.6329E-01  3.1744E-04  1.3199E+00  1.6046E+00  1.1487E+00 -1.6023E+00
  2.8556E-01  9.7379E-01  3.1711E-04  1.3149E+00  1.6018E+00  1.1489E+00 -1.5994E+00
  2.8869E-01  9.8429E-01  3.1677E-04  1.3099E+00  1.5989E+00  1.1491E+00 -1.5966E+00
  2.9203E-01  9.9549E-01  3.1639E-04  1.3046E+00  1.5958E+00  1.1494E+00 -1.5935E+00
  2.9516E-01  1.0060E+00  3.1602E-04  1.2996E+00  1.5929E+00  1.1496E+00 -1.5905E+00
  2.9830E-01  1.0165E+00  3.1564E-04  1.2946E+00  1.5899E+00  1.1499E+00 -1.5875E+00
  3.0164E-01  1.0277E+00  3.1523E-04  1.2893E+00  1.5867E+00  1.1501E+00 -1.5842E+00
  3.0477E-01  1.0382E+00  3.1482E-04  1.2844E+00  1.5836E+00  1.1503E+00 -1.5811E+00
  3.0811E-01  1.0494E+00  3.1438E-04  1.2791E+00  1.5803E+00  1.1505E+00 -1.5778E+00
  3.1124E-01  1.0599E+00  3.1396E-04  1.2741E+00  1.5771E+00  1.1507E+00 -1.5746E+00
  3.1438E-01  1.0704E+00  3.1353E-04  1.2692E+00  1.5740E+00  1.1510E+00 -1.5714E+00
  3.1772E-01  1.0816E+00  3.1306E-04  1.2640E+00  1.5706E+00  1.1512E+00 -1.5680E+00
  3.2085E-01  1.0921E+00  3.1261E-04  1.2591E+00  1.5673E+00  1.1515E+00 -1.5647E+00
  3.2419E-01  1.1033E+00  3.1212E-04  1.2539E+00  1.5639E+00  1.1516E+00 -1.5612E+00
  3.2732E-01  1.1138E+00  3.1165E-04  1.2490E+00  1.5606E+00  1.1518E+00 -1.5579E+00
  3.3046E-01  1.1243E+00  3.1117E-04  1.2441E+00  1.5573E+00  1.1520E+00 -1.5546E+00
  3.3380E-01  1.1355E+00  3.1065E-04  1.2389E+00  1.5538E+00  1.1523E+00 -1.5510E+00
  3.3693E-01  1.1460E+00  3.1016E-04  1.2341E+00  1.5504E+00  1.1525E+00 -1.5477E+00
  3.4006E-01  1.1565E+00  3.0966E-04  1.2292E+00  1.5471E+00  1.1527E+00 -1.5443E+00
  3.4340E-01  1.1677E+00  3.0912E-04  1.2241E+00  1.5435E+00  1.1529E+00 -1.5406E+00
  3.4653E-01  1.1782E+00  3.0860E-04  1.2193E+00  1.5401E+00  1.1530E+00 -1.5372E+00
  3.4988E-01  1.1894E+00  3.0804E-04  1.2141E+00  1.5364E+00  1.1532E+00 -1.5335E+00
  3.5301E-01  1.1999E+00  3.0751E-04  1.2093E+00  1.5330E+00  1.1533E+00 -1.5300E+00
  3.5614E-01  1.2104E+00  3.0697E-04  1.2045E+00  1.5295E+00  1.1535E+00 -1.5266E+00
  3.5948E-01  1.2216E+00  3.0638E-04  1.1995E+00  1.5258E+00  1.1537E+00 -1.5228E+00
  3.6261E-01  1.2321E+00  3.0582E-04  1.1947E+00  1.5223E+00  1.1538E+00 -1.5193E+00
  3.6575E-01  1.2426E+00  3.0526E-04  1.1899E+00  1.5188E+00  1.1539E+00 -1.5158E+00
  3.6909E-01  1.2538E+00  3.0465E-04  1.1849E+00  1.5150E+00  1.1540E+00 -1.5119E+00
  3.7222E-01  1.2643E+00  3.0407E-04  1.1802E+00  1.5115E+00  1.1541E+00 -1.5084E+00
  3.7556E-01  1.2755E+00  3.0344E-04  1.1751E+00  1.5077E+00  1.1542E+00 -1.5045E+00
  3.7869E-01  1.2860E+00  3.0285E-04  1.1704E+00  1.5041E+00  1.1543E+00 -1.5009E+00
  3.8183E-01  1.2965E+00  3.0225E-04  1.1657E+00  1.5005E+00  1.1544E+00 -1.4973E+00
  3.8517E-01  1.3077E+00  3.0160E-04  1.1607E+00  1.4966E+00  1.1545E+00 -1.4934E+00
  3.8830E-01  1.3182E+00  3.0098E-04  1.1561E+00  1.4930E+00  1.1545E+00 -1.4897E+00
  3.9143E-01  1.3287E+00  3.0035E-04  1.1514E+00  1.4894E+00  1.1545E+00 -1.4860E+00
  3.9477E-01  1.3399E+00  2.9968E-04  1.1464E+00  1.4854E+00  1.1546E+00 -1.4821E+00
  3.9791E-01  1.3504E+00  2.9903E-04  1.1418E+00  1.4818E+00  1.1546E+00 -1.4784E+00
  4.0125E-01  1.3616E+00  2.9834E-04  1.1369E+00  1.4778E+00  1.1547E+00 -1.4744E+00
  4.0438E-01  1.3721E+00  2.9768E-04  1.1323E+00  1.4741E+00  1.1547E+00 -1.4706E+00
  4.0751E-01  1.3826E+00  2.9702E-04  1.1277E+00  1.4703E+00  1.1547E+00 -1.4668E+00
  4.1085E-01  1.3938E+00  2.9630E-04  1.1228E+00  1.4663E+00  1.1546E+00 -1.4628E+00
  4.1399E-01  1.4043E+00  2.9561E-04  1.1182E+00  1.4626E+00  1.1546E+00 -1.4590E+00
  4.1712E-01  1.4148E+00  2.9492E-04  1.1136E+00  1.4588E+00  1.1545E+00 -1.4551E+00
  4.2046E-01  1.4260E+00  2.9418E-04  1.1088E+00  1.4547E+00  1.1545E+00 -1.4510E+00
  4.2359E-01  1.4365E+00  2.9347E-04  1.1042E+00  1.4509E+00  1.1545E+00 -1.4472E+00
  4.2693E-01  1.4477E+00  2.9270E-04  1.0994E+00  1.4468E+00  1.1544E+00 -1.4430E+00
  4.3007E-01  1.4582E+00  2.9198E-04  1.0949E+00  1.4429E+00  1.1542E+00 -1.4391E+00
  4.3320E-01  1.4687E+00  2.9124E-04  1.0904E+00  1.4390E+00  1.1541E+00 -1.4352E+00
  4.3654E-01  1.4799E+00  2.9045E-04  1.0856E+00  1.4349E+00  1.1540E+00 -1.4310E+00
  4.3967E-01  1.4904E+00  2.8970E-04  1.0811E+00  1.4310E+00  1.1539E+00 -1.4271E+00
  4.4281E-01  1.5009E+00  2.8894E-04  1.0767E+00  1.4270E+00  1.1538E+00 -1.4231E+00
  4.4615E-01  1.5121E+00  2.8812E-04  1.0719E+00  1.4228E+00  1.1537E+00 -1.4188E+00
  4.4928E-01  1.5226E+00  2.8735E-04  1.0675E+00  1.4189E+00  1.1537E+00 -1.4148E+00
  4.5262E-01  1.5338E+00  2.8652E-04  1.0628E+00  1.4146E+00  1.1532E+00 -1.4105E+00
  4.5575E-01  1.5443E+00  2.8571E-04  1.0583E+00  1.4106E+00  1.1529E+00 -1.4065E+00
  4.5889E-01  1.5548E+00  2.8490E-04  1.0539E+00  1.4066E+00  1.1527E+00 -1.4024E+00
  4.6223E-01  1.5660E+00  2.8402E-04  1.0493E+00  1.4023E+00  1.1525E+00 -1.3980E+00
  4.6536E-01  1.5765E+00  2.8319E-04  1.0449E+00  1.3982E+00  1.1523E+00 -1.3939E+00
  4.6849E-01  1.5870E+00  2.8235E-04  1.0405E+00  1.3941E+00  1.1521E+00 -1.3898E+00
  4.7183E-01  1.5982E+00  2.8144E-04  1.0359E+00  1.3898E+00  1.1517E+00 -1.3854E+00
  4.7497E-01  1.6087E+00  2.8058E-04  1.0316E+00  1.3856E+00  1.1514E+00 -1.3812E+00
  4.7831E-01  1.6199E+00  2.7965E-04  1.0270E+00  1.3812E+00  1.1510E+00 -1.3767E+00
  4.8144E-01  1.6304E+00  2.7877E-04  1.0227E+00  1.3771E+00  1.1507E+00 -1.3725E+00
  4.8457E-01  1.6409E+00  2.7788E-04  1.0184E+00  1.3729E+00  1.1504E+00 -1.3683E+00
  4.8791E-01  1.6521E+00  2.7692E-04  1.0138E+00  1.3684E+00  1.1501E+00 -1.3638E+00
  4.9105E-01  1.6626E+00  2.7600E-04  1.0095E+00  1.3642E+00  1.1496E+00 -1.3595E+00
  4.9418E-01  1.6731E+00  2.7508E-04  1.0053E+00  1.3600E+00  1.1492E+00 -1.3553E+00
  4.9752E-01  1.6843E+00  2.7409E-04  1.0008E+00  1.3555E+00  1.1487E+00 -1.3507E+00
  5.0065E-01  1.6948E+00  2.7315E-04  9.9654E-01  1.3512E+00  1.1483E+00 -1.3464E+00
  5.0399E-01  1.7060E+00  2.7213E-04  9.9205E-01  1.3466E+00  1.1479E+00 -1.3417E+00
  5.0713E-01  1.7165E+00  2.7117E-04  9.8785E-01  1.3423E+00  1.1475E+00 -1.3374E+00
  5.1026E-01  1.7270E+00  2.7020E-04  9.8367E-01  1.3380E+00  1.1470E+00 -1.3330E+00
  5.1360E-01  1.7382E+00  2.6915E-04  9.7922E-01  1.3334E+00  1.1464E+00 -1.3283E+00
  5.1673E-01  1.7487E+00  2.6816E-04  9.7507E-01  1.3290E+00  1.1458E+00 -1.3239E+00
  5.1986E-01  1.7592E+00  2.6715E-04  9.7093E-01  1.3246E+00  1.1453E+00 -1.3194E+00
  5.2321E-01  1.7704E+00  2.6607E-04  9.6653E-01  1.3199E+00  1.1447E+00 -1.3147E+00
  5.2634E-01  1.7809E+00  2.6504E-04  9.6242E-01  1.3155E+00  1.1442E+00 -1.3102E+00
  5.2968E-01  1.7921E+00  2.6394E-04  9.5805E-01  1.3108E+00  1.1436E+00 -1.3054E+00
  5.3281E-01  1.8026E+00  2.6289E-04  9.5397E-01  1.3063E+00  1.1429E+00 -1.3009E+00
  5.3594E-01  1.8131E+00  2.6183E-04  9.4990E-01  1.3018E+00  1.1422E+00 -1.2963E+00
  5.3929E-01  1.8243E+00  2.6069E-04  9.4558E-01  1.2970E+00  1.1415E+00 -1.2915E+00
  5.4242E-01  1.8348E+00  2.5960E-04  9.4154E-01  1.2925E+00  1.1408E+00 -1.2869E+00
  5.4555E-01  1.8453E+00  2.5851E-04  9.3751E-01  1.2879E+00  1.1401E+00 -1.2823E+00
  5.4889E-01  1.8565E+00  2.5733E-04  9.3324E-01  1.2831E+00  1.1394E+00 -1.2773E+00
  5.5202E-01  1.8670E+00  2.5621E-04  9.2924E-01  1.2785E+00  1.1387E+00 -1.2727E+00
  5.5537E-01  1.8782E+00  2.5501E-04  9.2500E-01  1.2736E+00  1.1378E+00 -1.2677E+00
  5.5850E-01  1.8887E+00  2.5387E-04  9.2104E-01  1.2689E+00  1.1369E+00 -1.2630E+00
  5.6163E-01  1.8992E+00  2.5271E-04  9.1709E-01  1.2643E+00  1.1361E+00 -1.2583E+00
  5.6497E-01  1.9104E+00  2.5147E-04  9.1289E-01  1.2593E+00  1.1352E+00 -1.2533E+00
  5.6810E-01  1.9209E+00  2.5029E-04  9.0897E-01  1.2546E+00  1.1344E+00 -1.2485E+00
  5.7124E-01  1.9314E+00  2.4910E-04  9.0507E-01  1.2499E+00  1.1336E+00 -1.2437E+00
  5.7458E-01  1.9426E+00  2.4782E-04  9.0092E-01  1.2449E+00  1.1326E+00 -1.2386E+00
  5.7771E-01  1.9531E+00  2.4660E-04  8.9705E-01  1.2401E+00  1.1316E+00 -1.2338E+00
  5.8105E-01  1.9643E+00  2.4529E-04  8.9294E-01  1.2350E+00  1.1305E+00 -1.2286E+00
  5.8418E-01  1.9748E+00  2.4404E-04  8.8909E-01  1.2302E+00  1.1295E+00 -1.2237E+00
  5.8732E-01  1.9853E+00  2.4279E-04  8.8527E-01  1.2254E+00  1.1285E+00 -1.2189E+00
  5.9066E-01  1.9965E+00  2.4144E-04  8.8120E-01  1.2202E+00  1.1275E+00 -1.2136E+00
  5.9379E-01  2.0070E+00  2.4015E-04  8.7741E-01  1.2154E+00  1.1265E+00 -1.2087E+00
  5.9692E-01  2.0175E+00  2.3886E-04  8.7363E-01  1.2105E+00  1.1253E+00 -1.2037E+00
  6.0026E-01  2.0287E+00  2.3746E-04  8.6962E-01  1.2053E+00  1.1240E+00 -1.1984E+00
  6.0340E-01  2.0392E+00  2.3614E-04  8.6587E-01  1.2003E+00  1.1229E+00 -1.1934E+00
  6.0674E-01  2.0504E+00  2.3471E-04  8.6189E-01  1.1950E+00  1.1216E+00 -1.1881E+00
  6.0987E-01  2.0609E+00  2.3336E-04  8.5818E-01  1.1901E+00  1.1205E+00 -1.1830E+00
  6.1300E-01  2.0714E+00  2.3199E-04  8.5448E-01  1.1851E+00  1.1193E+00 -1.1780E+00
  6.1634E-01  2.0826E+00  2.3052E-04  8.5055E-01  1.1797E+00  1.1180E+00 -1.1725E+00
  6.1948E-01  2.0931E+00  2.2913E-04  8.4689E-01  1.1747E+00  1.1166E+00 -1.1674E+00
  6.2261E-01  2.1036E+00  2.2772E-04  8.4324E-01  1.1696E+00  1.1152E+00 -1.1623E+00
  6.2595E-01  2.1148E+00  2.2620E-04  8.3937E-01  1.1642E+00  1.1138E+00 -1.1567E+00
  6.2908E-01  2.1253E+00  2.2476E-04  8.3575E-01  1.1591E+00  1.1124E+00 -1.1516E+00
  6.3242E-01  2.1365E+00  2.2321E-04  8.3191E-01  1.1536E+00  1.1110E+00 -1.1460E+00
  6.3556E-01  2.1470E+00  2.2174E-04  8.2833E-01  1.1485E+00  1.1097E+00 -1.1408E+00
  6.3869E-01  2.1575E+00  2.2025E-04  8.2476E-01  1.1433E+00  1.1081E+00 -1.1355E+00
  6.4203E-01  2.1687E+00  2.1865E-04  8.2098E-01  1.1378E+00  1.1064E+00 -1.1299E+00
  6.4516E-01  2.1792E+00  2.1714E-04  8.1745E-01  1.1325E+00  1.1049E+00 -1.1246E+00
  6.4830E-01  2.1897E+00  2.1560E-04  8.1393E-01  1.1273E+00  1.1034E+00 -1.1193E+00
  6.5164E-01  2.2009E+00  2.1395E-04  8.1020E-01  1.1217E+00  1.1017E+00 -1.1136E+00
  6.5477E-01  2.2114E+00  2.1239E-04  8.0672E-01  1.1164E+00  1.1002E+00 -1.1082E+00
  6.5811E-01  2.2226E+00  2.1070E-04  8.0303E-01  1.1107E+00  1.0985E+00 -1.1024E+00
  6.6124E-01  2.2331E+00  2.0910E-04  7.9958E-01  1.1054E+00  1.0967E+00 -1.0970E+00
  6.6438E-01  2.2436E+00  2.0748E-04  7.9616E-01  1.1000E+00  1.0949E+00 -1.0916E+00
  6.6772E-01  2.2548E+00  2.0574E-04  7.9252E-01  1.0943E+00  1.0930E+00 -1.0857E+00
  6.7085E-01  2.2653E+00  2.0409E-04  7.8913E-01  1.0889E+00  1.0912E+00 -1.0802E+00
  6.7398E-01  2.2758E+00  2.0242E-04  7.8575E-01  1.0835E+00  1.0895E+00 -1.0747E+00
  6.7732E-01  2.2870E+00  2.0062E-04  7.8217E-01  1.0777E+00  1.0877E+00 -1.0688E+00
  6.8046E-01  2.2975E+00  1.9892E-04  7.7883E-01  1.0722E+00  1.0857E+00 -1.0632E+00
  6.8380E-01  2.3087E+00  1.9708E-04  7.7529E-01  1.0663E+00  1.0835E+00 -1.0573E+00
  6.8693E-01  2.3192E+00  1.9534E-04  7.7198E-01  1.0608E+00  1.0816E+00 -1.0517E+00
  6.9006E-01  2.3297E+00  1.9358E-04  7.6870E-01  1.0553E+00  1.0796E+00 -1.0460E+00
  6.9340E-01  2.3409E+00  1.9169E-04  7.6521E-01  1.0493E+00  1.0775E+00 -1.0400E+00
  6.9654E-01  2.3514E+00  1.8989E-04  7.6196E-01  1.0437E+00  1.0756E+00 -1.0343E+00
  6.9967E-01  2.3619E+00  1.8808E-04  7.5873E-01  1.0381E+00  1.0735E+00 -1.0286E+00
  7.0301E-01  2.3731E+00  1.8612E-04  7.5530E-01  1.0321E+00  1.0711E+00 -1.0225E+00
  7.0614E-01  2.3836E+00  1.8427E-04  7.5211E-01  1.0264E+00  1.0689E+00 -1.0167E+00
  7.0948E-01  2.3948E+00  1.8227E-04  7.4872E-01  1.0204E+00  1.0666E+00 -1.0105E+00
  7.1261E-01  2.4053E+00  1.8038E-04  7.4557E-01  1.0146E+00  1.0644E+00 -1.0047E+00
  7.1575E-01  2.4158E+00  1.7847E-04  7.4243E-01  1.0089E+00  1.0622E+00 -9.9889E-01
  7.1909E-01  2.4270E+00  1.7641E-04  7.3910E-01  1.0028E+00  1.0599E+00 -9.9264E-01
  7.2222E-01  2.4375E+00  1.7446E-04  7.3600E-01  9.9699E-01  1.0575E+00 -9.8676E-01
  7.2535E-01  2.4480E+00  1.7249E-04  7.3292E-01  9.9117E-01  1.0550E+00 -9.8085E-01
  7.2869E-01  2.4592E+00  1.7036E-04  7.2965E-01  9.8495E-01  1.0524E+00 -9.7452E-01
  7.3183E-01  2.4697E+00  1.6835E-04  7.2661E-01  9.7910E-01  1.0500E+00 -9.6856E-01
  7.3517E-01  2.4809E+00  1.6618E-04  7.2338E-01  9.7283E-01  1.0474E+00 -9.6218E-01
  7.3830E-01  2.4914E+00  1.6413E-04  7.2038E-01  9.6693E-01  1.0450E+00 -9.5617E-01
  7.4143E-01  2.5019E+00  1.6206E-04  7.1739E-01  9.6101E-01  1.0425E+00 -9.5014E-01
  7.4477E-01  2.5131E+00  1.5982E-04  7.1423E-01  9.5465E-01  1.0396E+00 -9.4368E-01
  7.4791E-01  2.5236E+00  1.5771E-04  7.1128E-01  9.4867E-01  1.0369E+00 -9.3759E-01
  7.5104E-01  2.5341E+00  1.5557E-04  7.0835E-01  9.4267E-01  1.0342E+00 -9.3149E-01
  7.5438E-01  2.5453E+00  1.5327E-04  7.0525E-01  9.3624E-01  1.0313E+00 -9.2495E-01
  7.5751E-01  2.5558E+00  1.5109E-04  7.0236E-01  9.3020E-01  1.0287E+00 -9.1879E-01
  7.6085E-01  2.5670E+00  1.4874E-04  6.9930E-01  9.2373E-01  1.0259E+00 -9.1220E-01
  7.6399E-01  2.5775E+00  1.4651E-04  6.9645E-01  9.1763E-01  1.0230E+00 -9.0600E-01
  7.6712E-01  2.5880E+00  1.4427E-04  6.9362E-01  9.1150E-01  1.0200E+00 -8.9976E-01
  7.7046E-01  2.5992E+00  1.4185E-04  6.9063E-01  9.0494E-01  1.0169E+00 -8.9309E-01
  7.7359E-01  2.6097E+00  1.3956E-04  6.8784E-01  8.9877E-01  1.0140E+00 -8.8681E-01
  7.7673E-01  2.6202E+00  1.3725E-04  6.8507E-01  8.9258E-01  1.0110E+00 -8.8050E-01
  7.8007E-01  2.6314E+00  1.3476E-04  6.8214E-01  8.8595E-01  1.0080E+00 -8.7375E-01
  7.8320E-01  2.6419E+00  1.3241E-04  6.7941E-01  8.7972E-01  1.0051E+00 -8.6740E-01
  7.8654E-01  2.6531E+00  1.2987E-04  6.7653E-01  8.7303E-01  1.0016E+00 -8.6060E-01
  7.8967E-01  2.6636E+00  1.2747E-04  6.7384E-01  8.6673E-01  9.9842E-01 -8.5419E-01
  7.9281E-01  2.6741E+00  1.2505E-04  6.7117E-01  8.6042E-01  9.9524E-01 -8.4776E-01
  7.9615E-01  2.6853E+00  1.2245E-04  6.6835E-01  8.5366E-01  9.9187E-01 -8.4088E-01
  7.9928E-01  2.6958E+00  1.1998E-04  6.6573E-01  8.4730E-01  9.8873E-01 -8.3441E-01
  8.0241E-01  2.7063E+00  1.1749E-04  6.6312E-01  8.4093E-01  9.8561E-01 -8.2791E-01
  8.0575E-01  2.7175E+00  1.1481E-04  6.6037E-01  8.3409E-01  9.8211E-01 -8.2096E-01
  8.0889E-01  2.7280E+00  1.1227E-04  6.5781E-01  8.2766E-01  9.7868E-01 -8.1441E-01
  8.1223E-01  2.7392E+00  1.0954E-04  6.5510E-01  8.2077E-01  9.7504E-01 -8.0740E-01
  8.1536E-01  2.7497E+00  1.0695E-04  6.5258E-01  8.1429E-01  9.7166E-01 -8.0080E-01
  8.1849E-01  2.7602E+00  1.0435E-04  6.5008E-01  8.0780E-01  9.6829E-01 -7.9418E-01
  8.2183E-01  2.7714E+00  1.0154E-04  6.4744E-01  8.0085E-01  9.6473E-01 -7.8710E-01
  8.2497E-01  2.7819E+00  9.8888E-05  6.4498E-01  7.9431E-01  9.6141E-01 -7.8044E-01
  8.2810E-01  2.7924E+00  9.6210E-05  6.4255E-01  7.8773E-01  9.5775E-01 -7.7375E-01
  8.3144E-01  2.8036E+00  9.3329E-05  6.3997E-01  7.8070E-01  9.5385E-01 -7.6658E-01
  8.3457E-01  2.8141E+00  9.0605E-05  6.3758E-01  7.7408E-01  9.5022E-01 -7.5985E-01
  8.3791E-01  2.8253E+00  8.7674E-05  6.3505E-01  7.6700E-01  9.4637E-01 -7.5263E-01
  8.4105E-01  2.8358E+00  8.4902E-05  6.3271E-01  7.6034E-01  9.4279E-01 -7.4585E-01
  8.4418E-01  2.8463E+00  8.2107E-05  6.3038E-01  7.5367E-01  9.3924E-01 -7.3905E-01
  8.4752E-01  2.8575E+00  7.9101E-05  6.2792E-01  7.4652E-01  9.3531E-01 -7.3177E-01
  8.5065E-01  2.8680E+00  7.6259E-05  6.2564E-01  7.3978E-01  9.3139E-01 -7.2491E-01
  8.5399E-01  2.8792E+00  7.3204E-05  6.2323E-01  7.3258E-01  9.2723E-01 -7.1757E-01
  8.5713E-01  2.8897E+00  7.0316E-05  6.2099E-01  7.2580E-01  9.2337E-01 -7.1067E-01
  8.6026E-01  2.9002E+00  6.7406E-05  6.1878E-01  7.1901E-01  9.1954E-01 -7.0375E-01
  8.6360E-01  2.9114E+00  6.4277E-05  6.1644E-01  7.1175E-01  9.1549E-01 -6.9635E-01
  8.6673E-01  2.9219E+00  6.1320E-05  6.1427E-01  7.0492E-01  9.1171E-01 -6.8938E-01
  8.6986E-01  2.9324E+00  5.8341E-05  6.1212E-01  6.9805E-01  9.0766E-01 -6.8239E-01
  8.7321E-01  2.9436E+00  5.5138E-05  6.0985E-01  6.9071E-01  9.0328E-01 -6.7491E-01
  8.7634E-01  2.9541E+00  5.2112E-05  6.0774E-01  6.8380E-01  8.9921E-01 -6.6788E-01
  8.7968E-01  2.9653E+00  4.8859E-05  6.0553E-01  6.7642E-01  8.9491E-01 -6.6035E-01
  8.8281E-01  2.9758E+00  4.5785E-05  6.0347E-01  6.6948E-01  8.9091E-01 -6.5328E-01
  8.8594E-01  2.9863E+00  4.2689E-05  6.0143E-01  6.6252E-01  8.8694E-01 -6.4619E-01
  8.8929E-01  2.9975E+00  3.9360E-05  5.9928E-01  6.5508E-01  8.8264E-01 -6.3860E-01
  8.9242E-01  3.0080E+00  3.6217E-05  5.9729E-01  6.4807E-01  8.7835E-01 -6.3145E-01
  8.9555E-01  3.0185E+00  3.3052E-05  5.9533E-01  6.4104E-01  8.7409E-01 -6.2429E-01
  8.9889E-01  3.0297E+00  2.9652E-05  5.9325E-01  6.3353E-01  8.6958E-01 -6.1664E-01
  9.0202E-01  3.0402E+00  2.6441E-05  5.9133E-01  6.2647E-01  8.6540E-01 -6.0944E-01
  9.0537E-01  3.0514E+00  2.2992E-05  5.8931E-01  6.1893E-01  8.6099E-01 -6.0174E-01
  9.0850E-01  3.0619E+00  1.9736E-05  5.8744E-01  6.1184E-01  8.5689E-01 -5.9450E-01
  9.1163E-01  3.0724E+00  1.6459E-05  5.8558E-01  6.0472E-01  8.5254E-01 -5.8724E-01
  9.1497E-01  3.0836E+00  1.2940E-05  5.8363E-01  5.9711E-01  8.4781E-01 -5.7948E-01
  9.1810E-01  3.0941E+00  9.6189E-06  5.8183E-01  5.8995E-01  8.4341E-01 -5.7218E-01
  9.2124E-01  3.1046E+00  6.2774E-06  5.8005E-01  5.8279E-01  8.3906E-01 -5.6486E-01
  9.2458E-01  3.1158E+00  2.6900E-06  5.7817E-01  5.7513E-01  8.3447E-01 -5.5704E-01
  9.2771E-01  3.1263E+00 -6.9465E-07  5.7644E-01  5.6794E-01  8.3022E-01 -5.4969E-01
  9.3105E-01  3.1375E+00 -4.3280E-06  5.7462E-01  5.6025E-01  8.2568E-01 -5.4183E-01
  9.3418E-01  3.1480E+00 -7.7551E-06  5.7293E-01  5.5301E-01  8.2113E-01 -5.3444E-01
  9.3732E-01  3.1585E+00 -1.1202E-05  5.7127E-01  5.4576E-01  8.1664E-01 -5.2704E-01
  9.4066E-01  3.1697E+00 -1.4900E-05  5.6952E-01  5.3802E-01  8.1190E-01 -5.1912E-01
  9.4379E-01  3.1802E+00 -1.8387E-05  5.6790E-01  5.3075E-01  8.0751E-01 -5.1168E-01
  9.4692E-01  3.1907E+00 -2.1893E-05  5.6631E-01  5.2347E-01  8.0317E-01 -5.0423E-01
  9.5026E-01  3.2019E+00 -2.5655E-05  5.6464E-01  5.1570E-01  7.9860E-01 -4.9627E-01
  9.5340E-01  3.2124E+00 -2.9202E-05  5.6310E-01  5.0839E-01  7.9418E-01 -4.8878E-01
  9.5674E-01  3.2236E+00 -3.3006E-05  5.6148E-01  5.0057E-01  7.8935E-01 -4.8077E-01
  9.5987E-01  3.2341E+00 -3.6593E-05  5.5998E-01  4.9323E-01  7.8488E-01 -4.7324E-01
  9.6300E-01  3.2446E+00 -4.0200E-05  5.5851E-01  4.8588E-01  7.8046E-01 -4.6570E-01
  9.6634E-01  3.2558E+00 -4.4068E-05  5.5697E-01  4.7803E-01  7.7582E-01 -4.5765E-01
  9.6948E-01  3.2663E+00 -4.7714E-05  5.5554E-01  4.7068E-01  7.7154E-01 -4.5008E-01
  9.7261E-01  3.2768E+00 -5.1380E-05  5.5415E-01  4.6331E-01  7.6732E-01 -4.4250E-01
  9.7595E-01  3.2880E+00 -5.5312E-05  5.5268E-01  4.5543E-01  7.6250E-01 -4.3440E-01
  9.7908E-01  3.2985E+00 -5.9017E-05  5.5133E-01  4.4803E-01  7.5804E-01 -4.2679E-01
  9.8075E-01  3.3041E+00 -6.1001E-05  5.5062E-01  4.4409E-01  7.5568E-01 -4.2272E-01
  9.8242E-01  3.3097E+00 -6.2991E-05  5.4992E-01  4.4014E-01  7.5335E-01 -4.1866E-01
  9.8556E-01  3.3202E+00 -6.6736E-05  5.4862E-01  4.3274E-01  7.4902E-01 -4.1102E-01
  9.8869E-01  3.3307E+00 -7.0500E-05  5.4734E-01  4.2534E-01  7.4477E-01 -4.0337E-01
  9.9203E-01  3.3419E+00 -7.4536E-05  5.4601E-01  4.1745E-01  7.4032E-01 -3.9520E-01
  9.9516E-01  3.3524E+00 -7.8339E-05  5.4478E-01  4.1003E-01  7.3606E-01 -3.8753E-01
  9.9830E-01  3.3629E+00 -8.2160E-05  5.4358E-01  4.0261E-01  7.3166E-01 -3.7984E-01
  1.0016E+00  3.3741E+00 -8.6256E-05  5.4232E-01  3.9469E-01  7.2705E-01 -3.7163E-01
  1.0048E+00  3.3846E+00 -9.0114E-05  5.4117E-01  3.8727E-01  7.2282E-01 -3.6393E-01
  1.0081E+00  3.3958E+00 -9.4249E-05  5.3997E-01  3.7937E-01  7.1839E-01 -3.5569E-01
  1.0112E+00  3.4063E+00 -9.8144E-05  5.3887E-01  3.7196E-01  7.1432E-01 -3.4797E-01
  1.0144E+00  3.4168E+00 -1.0206E-04  5.3779E-01  3.6457E-01  7.1034E-01 -3.4023E-01
  1.0177E+00  3.4280E+00 -1.0625E-04  5.3666E-01  3.5666E-01  7.0589E-01 -3.3196E-01
  1.0208E+00  3.4385E+00 -1.1019E-04  5.3563E-01  3.4926E-01  7.0174E-01 -3.2421E-01
  1.0240E+00  3.4490E+00 -1.1416E-04  5.3463E-01  3.4187E-01  6.9768E-01 -3.1644E-01
  1.0273E+00  3.4602E+00 -1.1840E-04  5.3359E-01  3.3400E-01  6.9346E-01 -3.0815E-01
  1.0305E+00  3.4707E+00 -1.2240E-04  5.3263E-01  3.2665E-01  6.8959E-01 -3.0036E-01
  1.0338E+00  3.4819E+00 -1.2668E-04  5.3164E-01  3.1882E-01  6.8558E-01 -2.9206E-01
  1.0369E+00  3.4924E+00 -1.3070E-04  5.3074E-01  3.1150E-01  6.8183E-01 -2.8426E-01
  1.0401E+00  3.5029E+00 -1.3475E-04  5.2986E-01  3.0417E-01  6.7792E-01 -2.7645E-01
  1.0434E+00  3.5141E+00 -1.3907E-04  5.2895E-01  2.9638E-01  6.7386E-01 -2.6811E-01
  1.0465E+00  3.5246E+00 -1.4314E-04  5.2812E-01  2.8911E-01  6.7017E-01 -2.6029E-01
  1.0497E+00  3.5351E+00 -1.4723E-04  5.2732E-01  2.8187E-01  6.6658E-01 -2.5247E-01
  1.0530E+00  3.5463E+00 -1.5160E-04  5.2649E-01  2.7419E-01  6.6288E-01 -2.4412E-01
  1.0561E+00  3.5568E+00 -1.5571E-04  5.2574E-01  2.6702E-01  6.5952E-01 -2.3628E-01
  1.0595E+00  3.5680E+00 -1.6011E-04  5.2496E-01  2.5940E-01  6.5581E-01 -2.2792E-01
  1.0626E+00  3.5785E+00 -1.6425E-04  5.2426E-01  2.5229E-01  6.5235E-01 -2.2006E-01
  1.0657E+00  3.5890E+00 -1.6841E-04  5.2358E-01  2.4523E-01  6.4900E-01 -2.1221E-01
  1.0691E+00  3.6002E+00 -1.7285E-04  5.2288E-01  2.3777E-01  6.4556E-01 -2.0383E-01
  1.0722E+00  3.6107E+00 -1.7703E-04  5.2226E-01  2.3083E-01  6.4247E-01 -1.9597E-01
  1.0754E+00  3.6212E+00 -1.8123E-04  5.2166E-01  2.2397E-01  6.3950E-01 -1.8811E-01
  1.0787E+00  3.6324E+00 -1.8571E-04  5.2104E-01  2.1673E-01  6.3643E-01 -1.7973E-01
  1.0818E+00  3.6429E+00 -1.8993E-04  5.2049E-01  2.0998E-01  6.3339E-01 -1.7186E-01
  1.0852E+00  3.6541E+00 -1.9445E-04  5.1993E-01  2.0290E-01  6.3028E-01 -1.6346E-01
  1.0883E+00  3.6646E+00 -1.9869E-04  5.1943E-01  1.9636E-01  6.2751E-01 -1.5559E-01
  1.0914E+00  3.6751E+00 -2.0295E-04  5.1895E-01  1.8993E-01  6.2487E-01 -1.4771E-01
  1.0948E+00  3.6863E+00 -2.0750E-04  5.1847E-01  1.8322E-01  6.2221E-01 -1.3932E-01
  1.0979E+00  3.6968E+00 -2.1178E-04  5.1805E-01  1.7707E-01  6.1986E-01 -1.3145E-01
  1.1010E+00  3.7073E+00 -2.1608E-04  5.1765E-01  1.7105E-01  6.1746E-01 -1.2358E-01
  1.1044E+00  3.7185E+00 -2.2067E-04  5.1725E-01  1.6480E-01  6.1488E-01 -1.1517E-01
  1.1075E+00  3.7290E+00 -2.2499E-04  5.1690E-01  1.5913E-01  6.1261E-01 -1.0730E-01
  1.1109E+00  3.7402E+00 -2.2961E-04  5.1655E-01  1.5332E-01  6.1034E-01 -9.8901E-02
  1.1140E+00  3.7507E+00 -2.3395E-04  5.1626E-01  1.4812E-01  6.0837E-01 -9.1033E-02
  1.1171E+00  3.7612E+00 -2.3830E-04  5.1598E-01  1.4319E-01  6.0654E-01 -8.3170E-02
  1.1205E+00  3.7724E+00 -2.4296E-04  5.1572E-01  1.3825E-01  6.0476E-01 -7.4786E-02
  1.1236E+00  3.7829E+00 -2.4734E-04  5.1550E-01  1.3388E-01  6.0286E-01 -6.6921E-02
  1.1267E+00  3.7934E+00 -2.5173E-04  5.1530E-01  1.2987E-01  6.0110E-01 -5.9062E-02
  1.1301E+00  3.8046E+00 -2.5643E-04  5.1511E-01  1.2602E-01  5.9939E-01 -5.0685E-02
  1.1332E+00  3.8151E+00 -2.6084E-04  5.1497E-01  1.2284E-01  5.9795E-01 -4.2838E-02
  1.1365E+00  3.8263E+00 -2.6556E-04  5.1484E-01  1.1996E-01  5.9658E-01 -3.4475E-02
  1.1397E+00  3.8368E+00 -2.7000E-04  5.1474E-01  1.1776E-01  5.9546E-01 -2.6642E-02
  1.1428E+00  3.8473E+00 -2.7445E-04  5.1467E-01  1.1604E-01  5.9432E-01 -1.8811E-02
  1.1461E+00  3.8585E+00 -2.7921E-04  5.1462E-01  1.1474E-01  5.9302E-01 -1.0458E-02
  1.1493E+00  3.8690E+00 -2.8368E-04  5.1460E-01  1.1409E-01  5.9196E-01 -2.6364E-03
  1.1524E+00  3.8795E+00 -2.8816E-04  5.1460E-01  1.1400E-01  5.9105E-01  5.1769E-03
  1.1558E+00  3.8907E+00 -2.9296E-04  5.1463E-01  1.1452E-01  5.9025E-01  1.3501E-02
  1.1589E+00  3.9012E+00 -2.9746E-04  5.1469E-01  1.1558E-01  5.8966E-01  2.1295E-02
  1.1622E+00  3.9124E+00 -3.0228E-04  5.1477E-01  1.1729E-01  5.8921E-01  2.9598E-02
  1.1654E+00  3.9229E+00 -3.0681E-04  5.1488E-01  1.1935E-01  5.8857E-01  3.7383E-02
  1.1685E+00  3.9334E+00 -3.1135E-04  5.1500E-01  1.2189E-01  5.8802E-01  4.5158E-02
  1.1718E+00  3.9446E+00 -3.1620E-04  5.1517E-01  1.2509E-01  5.8761E-01  5.3440E-02
  1.1750E+00  3.9551E+00 -3.2077E-04  5.1535E-01  1.2852E-01  5.8738E-01  6.1193E-02
  1.1781E+00  3.9656E+00 -3.2534E-04  5.1555E-01  1.3233E-01  5.8730E-01  6.8933E-02
  1.1814E+00  3.9768E+00 -3.3023E-04  5.1579E-01  1.3677E-01  5.8739E-01  7.7177E-02
  1.1846E+00  3.9873E+00 -3.3483E-04  5.1605E-01  1.4125E-01  5.8751E-01  8.4896E-02
  1.1879E+00  3.9985E+00 -3.3975E-04  5.1634E-01  1.4629E-01  5.8748E-01  9.3129E-02
  1.1910E+00  4.0090E+00 -3.4437E-04  5.1665E-01  1.5128E-01  5.8759E-01  1.0083E-01
  1.1942E+00  4.0195E+00 -3.4901E-04  5.1698E-01  1.5694E-01  5.8815E-01  1.0912E-01
  1.1975E+00  4.0307E+00 -3.5397E-04  5.1736E-01  1.6533E-01  5.8865E-01  1.2086E-01
  1.2007E+00  4.0412E+00 -3.5864E-04  5.1776E-01  1.7460E-01  5.8940E-01  1.3320E-01
  1.2038E+00  4.0517E+00 -3.6333E-04  5.1819E-01  1.8603E-01  5.9041E-01  1.4778E-01
  1.2071E+00  4.0629E+00 -3.6836E-04  5.1872E-01  2.0165E-01  5.9143E-01  1.6694E-01
  1.2103E+00  4.0734E+00 -3.7312E-04  5.1927E-01  2.2026E-01  5.9254E-01  1.8892E-01
  1.2136E+00  4.0846E+00 -3.7824E-04  5.1995E-01  2.4345E-01  5.9396E-01  2.1540E-01
  1.2167E+00  4.0951E+00 -3.8309E-04  5.2066E-01  2.6306E-01  5.9515E-01  2.3727E-01
  1.2199E+00  4.1056E+00 -3.8797E-04  5.2141E-01  2.6678E-01  5.9553E-01  2.4138E-01
  1.2232E+00  4.1168E+00 -3.9314E-04  5.2216E-01  2.2494E-01  5.9467E-01  1.9429E-01
  1.2263E+00  4.1273E+00 -3.9781E-04  5.2259E-01  1.2992E-01  5.9442E-01  6.3846E-02
  1.2295E+00  4.1378E+00 -4.0209E-04  5.2245E-01  2.0259E-01  5.9659E-01 -1.6796E-01
  1.2328E+00  4.1490E+00 -4.0594E-04  5.2136E-01  5.0673E-01  5.9985E-01 -4.9389E-01
  1.2359E+00  4.1595E+00 -4.0872E-04  5.1932E-01  8.1252E-01  6.0102E-01 -8.0464E-01
  1.2393E+00  4.1707E+00 -4.1082E-04  5.1617E-01  1.0763E+00  6.0124E-01 -1.0705E+00
  1.2424E+00  4.1812E+00 -4.1215E-04  5.1256E-01  1.2218E+00  6.0278E-01 -1.2167E+00
  1.2456E+00  4.1917E+00 -4.1314E-04  5.0870E-01  1.2322E+00  6.0690E-01 -1.2272E+00
  1.2489E+00  4.2029E+00 -4.1419E-04  5.0476E-01  1.1204E+00  6.1407E-01 -1.1148E+00
  1.2520E+00  4.2134E+00 -4.1547E-04  5.0156E-01  9.2098E-01  6.2234E-01 -9.1421E-01
  1.2552E+00  4.2239E+00 -4.1725E-04  4.9908E-01  6.7570E-01  6.2530E-01 -6.6650E-01
  1.2585E+00  4.2351E+00 -4.1979E-04  4.9725E-01  4.5583E-01  6.1728E-01 -4.4260E-01
  1.2616E+00  4.2456E+00 -4.2261E-04  4.9604E-01  3.7413E-01  6.0888E-01 -3.5850E-01
  1.2648E+00  4.2561E+00 -4.2551E-04  4.9485E-01  4.3704E-01  6.0931E-01 -4.2384E-01
  1.2681E+00  4.2673E+00 -4.2827E-04  4.9315E-01  6.1353E-01  6.1360E-01 -6.0419E-01
  1.2713E+00  4.2778E+00 -4.3031E-04  4.9096E-01  8.0075E-01  6.1508E-01 -7.9368E-01
  1.2746E+00  4.2890E+00 -4.3189E-04  4.8803E-01  9.5235E-01  6.1479E-01 -9.4652E-01
  1.2777E+00  4.2995E+00 -4.3298E-04  4.8495E-01  1.0094E+00  6.1521E-01 -1.0040E+00
  1.2809E+00  4.3100E+00 -4.3394E-04  4.8184E-01  9.6821E-01  6.1774E-01 -9.6262E-01
  1.2842E+00  4.3212E+00 -4.3514E-04  4.7883E-01  8.2641E-01  6.2301E-01 -8.1986E-01
  1.2874E+00  4.3317E+00 -4.3667E-04  4.7656E-01  6.3093E-01  6.2691E-01 -6.2234E-01
  1.2905E+00  4.3422E+00 -4.3873E-04  4.7493E-01  4.3618E-01  6.2442E-01 -4.2391E-01
  1.2939E+00  4.3534E+00 -4.4144E-04  4.7376E-01  3.1580E-01  6.1844E-01 -2.9913E-01
  1.2970E+00  4.3639E+00 -4.4419E-04  4.7283E-01  3.2904E-01  6.1934E-01 -3.1316E-01
  1.3001E+00  4.3744E+00 -4.4675E-04  4.7168E-01  4.4680E-01  6.2469E-01 -4.3516E-01
  1.3035E+00  4.3856E+00 -4.4899E-04  4.6993E-01  6.2027E-01  6.2726E-01 -6.1198E-01
  1.3066E+00  4.3961E+00 -4.5055E-04  4.6777E-01  7.6469E-01  6.2661E-01 -7.5809E-01
  1.3098E+00  4.4066E+00 -4.5168E-04  4.6524E-01  8.5208E-01  6.2641E-01 -8.4626E-01
  1.3131E+00  4.4178E+00 -4.5265E-04  4.6239E-01  8.4433E-01  6.2458E-01 -8.3859E-01
  1.3162E+00  4.4283E+00 -4.5362E-04  4.5988E-01  7.5419E-01  6.2669E-01 -7.4781E-01
  1.3194E+00  4.4388E+00 -4.5491E-04  4.5777E-01  6.0125E-01  6.2947E-01 -5.9326E-01
  1.3227E+00  4.4500E+00 -4.5681E-04  4.5610E-01  4.1574E-01  6.2911E-01 -4.0426E-01
  1.3259E+00  4.4605E+00 -4.5909E-04  4.5506E-01  2.8996E-01  6.2568E-01 -2.7359E-01
  1.3290E+00  4.4710E+00 -4.6165E-04  4.5428E-01  2.6229E-01  6.2663E-01 -2.4416E-01
  1.3324E+00  4.4822E+00 -4.6432E-04  4.5335E-01  3.4176E-01  6.3311E-01 -3.2789E-01
  1.3355E+00  4.4927E+00 -4.6645E-04  4.5211E-01  4.7605E-01  6.3704E-01 -4.6617E-01
  1.3386E+00  4.5032E+00 -4.6809E-04  4.5042E-01  6.1291E-01  6.3687E-01 -6.0536E-01
  1.3420E+00  4.5144E+00 -4.6935E-04  4.4820E-01  7.1730E-01  6.3473E-01 -7.1100E-01
  1.3451E+00  4.5249E+00 -4.7025E-04  4.4591E-01  7.3862E-01  6.3142E-01 -7.3266E-01
  1.3483E+00  4.5354E+00 -4.7113E-04  4.4368E-01  6.8638E-01  6.3126E-01 -6.8006E-01
  1.3516E+00  4.5466E+00 -4.7231E-04  4.4159E-01  5.6469E-01  6.3249E-01 -5.5707E-01
  1.3548E+00  4.5571E+00 -4.7384E-04  4.4008E-01  4.1516E-01  6.3293E-01 -4.0484E-01
  1.3579E+00  4.5676E+00 -4.7584E-04  4.3903E-01  2.8256E-01  6.3112E-01 -2.6740E-01
  1.3613E+00  4.5788E+00 -4.7836E-04  4.3828E-01  2.1962E-01  6.3161E-01 -1.9988E-01
  1.3644E+00  4.5893E+00 -4.8079E-04  4.3762E-01  2.5273E-01  6.3771E-01 -2.3557E-01
  1.3675E+00  4.5998E+00 -4.8298E-04  4.3673E-01  3.5376E-01  6.4350E-01 -3.4159E-01
  1.3709E+00  4.6110E+00 -4.8485E-04  4.3536E-01  4.8447E-01  6.4455E-01 -4.7573E-01
  1.3740E+00  4.6215E+00 -4.8614E-04  4.3370E-01  5.8393E-01  6.4226E-01 -5.7684E-01
  1.3772E+00  4.6320E+00 -4.8711E-04  4.3179E-01  6.3354E-01  6.3897E-01 -6.2717E-01
  1.3805E+00  4.6432E+00 -4.8802E-04  4.2970E-01  6.1644E-01  6.3626E-01 -6.1003E-01
  1.3837E+00  4.6537E+00 -4.8899E-04  4.2789E-01  5.3851E-01  6.3556E-01 -5.3127E-01
  1.3868E+00  4.6642E+00 -4.9028E-04  4.2641E-01  4.1663E-01  6.3565E-01 -4.0734E-01
  1.3902E+00  4.6754E+00 -4.9213E-04  4.2529E-01  2.8026E-01  6.3469E-01 -2.6643E-01
  1.3933E+00  4.6859E+00 -4.9429E-04  4.2460E-01  2.0097E-01  6.3484E-01 -1.8134E-01
  1.3965E+00  4.6964E+00 -4.9662E-04  4.2406E-01  1.9927E-01  6.4023E-01 -1.7924E-01
  1.3998E+00  4.7076E+00 -4.9895E-04  4.2334E-01  2.7554E-01  6.4788E-01 -2.6119E-01
  1.4030E+00  4.7181E+00 -5.0076E-04  4.2235E-01  3.8413E-01  6.5047E-01 -3.7398E-01
  1.4061E+00  4.7286E+00 -5.0213E-04  4.2100E-01  4.8648E-01  6.4895E-01 -4.7863E-01
  1.4094E+00  4.7398E+00 -5.0320E-04  4.1926E-01  5.5745E-01  6.4596E-01 -5.5076E-01
  1.4126E+00  4.7503E+00 -5.0399E-04  4.1751E-01  5.6173E-01  6.4060E-01 -5.5529E-01
  1.4157E+00  4.7608E+00 -5.0484E-04  4.1583E-01  5.0981E-01  6.3860E-01 -5.0284E-01
  1.4191E+00  4.7720E+00 -5.0602E-04  4.1431E-01  4.0459E-01  6.3767E-01 -3.9590E-01
  1.4222E+00  4.7825E+00 -5.0753E-04  4.1326E-01  2.8685E-01  6.3696E-01 -2.7459E-01
  1.4254E+00  4.7930E+00 -5.0947E-04  4.1256E-01  1.9626E-01  6.3705E-01 -1.7802E-01
  1.4287E+00  4.8042E+00 -5.1180E-04  4.1204E-01  1.7010E-01  6.4219E-01 -1.4847E-01
  1.4319E+00  4.8147E+00 -5.1396E-04  4.1151E-01  2.1480E-01  6.5014E-01 -1.9780E-01
  1.4350E+00  4.8252E+00 -5.1582E-04  4.1075E-01  3.0432E-01  6.5462E-01 -2.9249E-01
  1.4384E+00  4.8364E+00 -5.1735E-04  4.0959E-01  4.0792E-01  6.5405E-01 -3.9928E-01
  1.4415E+00  4.8469E+00 -5.1839E-04  4.0821E-01  4.8146E-01  6.5093E-01 -4.7432E-01
  1.4447E+00  4.8574E+00 -5.1919E-04  4.0666E-01  5.0661E-01  6.4477E-01 -5.0003E-01
  1.4480E+00  4.8686E+00 -5.2001E-04  4.0502E-01  4.7428E-01  6.4162E-01 -4.6740E-01
  1.4511E+00  4.8791E+00 -5.2096E-04  4.0366E-01  3.9906E-01  6.3976E-01 -3.9100E-01
  1.4543E+00  4.8896E+00 -5.2226E-04  4.0260E-01  2.9645E-01  6.3863E-01 -2.8565E-01
  1.4576E+00  4.9008E+00 -5.2409E-04  4.0183E-01  1.9576E-01  6.3834E-01 -1.7914E-01
  1.4608E+00  4.9113E+00 -5.2613E-04  4.0136E-01  1.5048E-01  6.4178E-01 -1.2801E-01
  1.4639E+00  4.9218E+00 -5.2825E-04  4.0095E-01  1.6601E-01  6.4969E-01 -1.4555E-01
  1.4671E+00  4.9323E+00 -5.3018E-04  4.0039E-01  2.3224E-01  6.5637E-01 -2.1789E-01
  1.4704E+00  4.9435E+00 -5.3183E-04  3.9949E-01  3.2587E-01  6.5754E-01 -3.1586E-01
  1.4736E+00  4.9540E+00 -5.3299E-04  3.9837E-01  4.0161E-01  6.5471E-01 -3.9368E-01
  1.4767E+00  4.9645E+00 -5.3385E-04  3.9706E-01  4.4411E-01  6.5017E-01 -4.3712E-01
  1.4801E+00  4.9757E+00 -5.3465E-04  3.9558E-01  4.3957E-01  6.4517E-01 -4.3271E-01
  1.4832E+00  4.9862E+00 -5.3549E-04  3.9429E-01  3.8957E-01  6.4194E-01 -3.8196E-01
  1.4864E+00  4.9967E+00 -5.3659E-04  3.9322E-01  3.0531E-01  6.3991E-01 -2.9570E-01
  1.4897E+00  5.0079E+00 -5.3818E-04  3.9240E-01  2.0629E-01  6.3905E-01 -1.9195E-01
  1.4929E+00  5.0184E+00 -5.4004E-04  3.9192E-01  1.4497E-01  6.4119E-01 -1.2370E-01
  1.4960E+00  5.0289E+00 -5.4208E-04  3.9156E-01  1.3747E-01  6.4825E-01 -1.1441E-01
  1.4994E+00  5.0401E+00 -5.4415E-04  3.9110E-01  1.8598E-01  6.5691E-01 -1.6931E-01
  1.5025E+00  5.0506E+00 -5.4576E-04  3.9044E-01  2.6359E-01  6.5992E-01 -2.5208E-01
  1.5056E+00  5.0611E+00 -5.4700E-04  3.8952E-01  3.4119E-01  6.5820E-01 -3.3250E-01
  1.5090E+00  5.0723E+00 -5.4795E-04  3.8830E-01  3.9887E-01  6.5403E-01 -3.9164E-01
  1.5121E+00  5.0828E+00 -5.4867E-04  3.8704E-01  4.0923E-01  6.4747E-01 -4.0239E-01
  1.5153E+00  5.0933E+00 -5.4940E-04  3.8581E-01  3.7658E-01  6.4366E-01 -3.6931E-01
  1.5186E+00  5.1045E+00 -5.5041E-04  3.8469E-01  3.0311E-01  6.4073E-01 -2.9419E-01
  1.5218E+00  5.1150E+00 -5.5172E-04  3.8391E-01  2.1677E-01  6.3936E-01 -2.0428E-01
  1.5249E+00  5.1255E+00 -5.5340E-04  3.8339E-01  1.4706E-01  6.4049E-01 -1.2800E-01
  1.5281E+00  5.1360E+00 -5.5532E-04  3.8305E-01  1.2246E-01  6.4648E-01 -9.8414E-02
  1.5314E+00  5.1472E+00 -5.5737E-04  3.8269E-01  1.4944E-01  6.5590E-01 -1.2999E-01
  1.5346E+00  5.1577E+00 -5.5904E-04  3.8217E-01  2.1273E-01  6.6103E-01 -1.9942E-01
  1.5377E+00  5.1682E+00 -5.6035E-04  3.8142E-01  2.8666E-01  6.6078E-01 -2.7701E-01
  1.5411E+00  5.1794E+00 -5.6138E-04  3.8038E-01  3.5028E-01  6.5718E-01 -3.4259E-01
  1.5442E+00  5.1899E+00 -5.6209E-04  3.7925E-01  3.7566E-01  6.4986E-01 -3.6873E-01
  1.5474E+00  5.2004E+00 -5.6277E-04  3.7810E-01  3.5902E-01  6.4553E-01 -3.5193E-01
  1.5507E+00  5.2116E+00 -5.6364E-04  3.7701E-01  3.0401E-01  6.4185E-01 -2.9579E-01
  1.5539E+00  5.2221E+00 -5.6477E-04  3.7620E-01  2.2846E-01  6.3967E-01 -2.1756E-01
  1.5570E+00  5.2326E+00 -5.6625E-04  3.7564E-01  1.5505E-01  6.3961E-01 -1.3861E-01
  1.5604E+00  5.2438E+00 -5.6817E-04  3.7527E-01  1.1346E-01  6.4418E-01 -8.9477E-02
  1.5635E+00  5.2543E+00 -5.7005E-04  3.7499E-01  1.1988E-01  6.5286E-01 -9.6948E-02
  1.5667E+00  5.2648E+00 -5.7179E-04  3.7462E-01  1.6526E-01  6.6018E-01 -1.4918E-01
  1.5700E+00  5.2760E+00 -5.7329E-04  3.7399E-01  2.3582E-01  6.6176E-01 -2.2487E-01
  1.5732E+00  5.2865E+00 -5.7435E-04  3.7318E-01  2.9624E-01  6.5887E-01 -2.8775E-01
  1.5763E+00  5.2970E+00 -5.7514E-04  3.7221E-01  3.3315E-01  6.5396E-01 -3.2580E-01
  1.5797E+00  5.3082E+00 -5.7585E-04  3.7110E-01  3.3491E-01  6.4793E-01 -3.2781E-01
  1.5828E+00  5.3187E+00 -5.7659E-04  3.7011E-01  3.0078E-01  6.4343E-01 -2.9303E-01
  1.5860E+00  5.3292E+00 -5.7754E-04  3.6929E-01  2.3881E-01  6.4016E-01 -2.2916E-01
  1.5891E+00  5.3397E+00 -5.7884E-04  3.6869E-01  1.6712E-01  6.3888E-01 -1.5317E-01
  1.5925E+00  5.3509E+00 -5.8058E-04  3.6829E-01  1.1314E-01  6.4161E-01 -9.1234E-02
  1.5956E+00  5.3614E+00 -5.8240E-04  3.6803E-01  1.0337E-01  6.4934E-01 -7.8245E-02
  1.5987E+00  5.3719E+00 -5.8415E-04  3.6774E-01  1.3204E-01  6.5824E-01 -1.1300E-01
  1.6021E+00  5.3831E+00 -5.8574E-04  3.6726E-01  1.9301E-01  6.6226E-01 -1.8045E-01
  1.6052E+00  5.3936E+00 -5.8687E-04  3.6658E-01  2.5446E-01  6.6070E-01 -2.4518E-01
  1.6084E+00  5.4041E+00 -5.8770E-04  3.6573E-01  3.0058E-01  6.5664E-01 -2.9293E-01
  1.6117E+00  5.4153E+00 -5.8839E-04  3.6471E-01  3.1590E-01  6.4903E-01 -3.0886E-01
  1.6149E+00  5.4258E+00 -5.8904E-04  3.6376E-01  2.9446E-01  6.4426E-01 -2.8707E-01
  1.6180E+00  5.4363E+00 -5.8986E-04  3.6293E-01  2.4443E-01  6.4045E-01 -2.3566E-01
  1.6214E+00  5.4475E+00 -5.9107E-04  3.6227E-01  1.7369E-01  6.3829E-01 -1.6131E-01
  1.6245E+00  5.4580E+00 -5.9256E-04  3.6186E-01  1.1763E-01  6.3962E-01 -9.8471E-02
  1.6277E+00  5.4685E+00 -5.9427E-04  3.6161E-01  9.5444E-02  6.4608E-01 -7.0036E-02
  1.6308E+00  5.4790E+00 -5.9601E-04  3.6137E-01  1.0937E-01  6.5543E-01 -8.7493E-02
  1.6342E+00  5.4902E+00 -5.9765E-04  3.6099E-01  1.5774E-01  6.6170E-01 -1.4324E-01
  1.6373E+00  5.5007E+00 -5.9886E-04  3.6045E-01  2.1591E-01  6.6180E-01 -2.0562E-01
  1.6405E+00  5.5112E+00 -5.9976E-04  3.5971E-01  2.6589E-01  6.5853E-01 -2.5775E-01
  1.6438E+00  5.5224E+00 -6.0046E-04  3.5879E-01  2.9319E-01  6.5065E-01 -2.8607E-01
  1.6470E+00  5.5329E+00 -6.0106E-04  3.5790E-01  2.8367E-01  6.4550E-01 -2.7649E-01
  1.6501E+00  5.5434E+00 -6.0178E-04  3.5708E-01  2.4674E-01  6.4119E-01 -2.3863E-01
  1.6535E+00  5.5546E+00 -6.0281E-04  3.5638E-01  1.8518E-01  6.3798E-01 -1.7443E-01
  1.6566E+00  5.5651E+00 -6.0412E-04  3.5594E-01  1.2641E-01  6.3772E-01 -1.1016E-01
  1.6598E+00  5.5756E+00 -6.0572E-04  3.5567E-01  9.2221E-02  6.4212E-01 -6.8031E-02
  1.6631E+00  5.5868E+00 -6.0754E-04  3.5545E-01  9.2589E-02  6.5163E-01 -6.7824E-02
  1.6663E+00  5.5973E+00 -6.0913E-04  3.5518E-01  1.2436E-01  6.5950E-01 -1.0684E-01
  1.6694E+00  5.6078E+00 -6.1044E-04  3.5476E-01  1.7563E-01  6.6167E-01 -1.6369E-01
  1.6728E+00  5.6190E+00 -6.1149E-04  3.5411E-01  2.2899E-01  6.5888E-01 -2.2011E-01
  1.6759E+00  5.6295E+00 -6.1222E-04  3.5336E-01  2.6154E-01  6.5390E-01 -2.5398E-01
  1.6791E+00  5.6400E+00 -6.1282E-04  3.5254E-01  2.6746E-01  6.4776E-01 -2.6027E-01
  1.6822E+00  5.6505E+00 -6.1346E-04  3.5175E-01  2.4511E-01  6.4251E-01 -2.3744E-01
  1.6856E+00  5.6617E+00 -6.1435E-04  3.5104E-01  1.9523E-01  6.3816E-01 -1.8571E-01
  1.6887E+00  5.6722E+00 -6.1549E-04  3.5055E-01  1.3805E-01  6.3641E-01 -1.2439E-01
  1.6919E+00  5.6827E+00 -6.1694E-04  3.5024E-01  9.4926E-02  6.3880E-01 -7.3608E-02
  1.6952E+00  5.6939E+00 -6.1869E-04  3.5004E-01  8.2614E-02  6.4705E-01 -5.6182E-02
  1.6984E+00  5.7044E+00 -6.2029E-04  3.4983E-01  1.0140E-01  6.5636E-01 -8.0768E-02
  1.7015E+00  5.7149E+00 -6.2168E-04  3.4950E-01  1.4449E-01  6.6093E-01 -1.3071E-01
  1.7049E+00  5.7261E+00 -6.2281E-04  3.4897E-01  1.9794E-01  6.5979E-01 -1.8822E-01
  1.7080E+00  5.7366E+00 -6.2358E-04  3.4831E-01  2.3744E-01  6.5578E-01 -2.2956E-01
  1.7112E+00  5.7471E+00 -6.2418E-04  3.4755E-01  2.5380E-01  6.4827E-01 -2.4666E-01
  1.7145E+00  5.7583E+00 -6.2479E-04  3.4674E-01  2.3949E-01  6.4257E-01 -2.3211E-01
  1.7177E+00  5.7688E+00 -6.2551E-04  3.4606E-01  2.0135E-01  6.3811E-01 -1.9271E-01
  1.7208E+00  5.7793E+00 -6.2650E-04  3.4554E-01  1.4854E-01  6.3543E-01 -1.3678E-01
  1.7240E+00  5.7898E+00 -6.2780E-04  3.4520E-01  1.0080E-01  6.3631E-01 -8.2546E-02
  1.7273E+00  5.8010E+00 -6.2945E-04  3.4498E-01  7.8379E-02  6.4307E-01 -5.2355E-02
  1.7305E+00  5.8115E+00 -6.3104E-04  3.4481E-01  8.6199E-02  6.5268E-01 -6.2773E-02
  1.7336E+00  5.8220E+00 -6.3247E-04  3.4456E-01  1.1915E-01  6.5930E-01 -1.0321E-01
  1.7370E+00  5.8332E+00 -6.3368E-04  3.4412E-01  1.6896E-01  6.6006E-01 -1.5816E-01
  1.7401E+00  5.8437E+00 -6.3452E-04  3.4355E-01  2.1128E-01  6.5694E-01 -2.0289E-01
  1.7432E+00  5.8542E+00 -6.3513E-04  3.4286E-01  2.3655E-01  6.5162E-01 -2.2926E-01
  1.7466E+00  5.8654E+00 -6.3571E-04  3.4209E-01  2.3221E-01  6.4347E-01 -2.2503E-01
  1.7498E+00  5.8759E+00 -6.3634E-04  3.4142E-01  2.0444E-01  6.3868E-01 -1.9643E-01
  1.7529E+00  5.8864E+00 -6.3719E-04  3.4088E-01  1.5892E-01  6.3503E-01 -1.4866E-01
  1.7563E+00  5.8976E+00 -6.3842E-04  3.4047E-01  1.0705E-01  6.3427E-01 -9.1278E-02
  1.7594E+00  5.9081E+00 -6.3986E-04  3.4025E-01  7.7528E-02  6.3856E-01 -5.3421E-02
  1.7625E+00  5.9186E+00 -6.4142E-04  3.4010E-01  7.4524E-02  6.4748E-01 -4.8181E-02
  1.7657E+00  5.9291E+00 -6.4290E-04  3.3992E-01  9.5387E-02  6.5609E-01 -7.6119E-02
  1.7691E+00  5.9403E+00 -6.4421E-04  3.3958E-01  1.3815E-01  6.5924E-01 -1.2556E-01
  1.7722E+00  5.9508E+00 -6.4514E-04  3.3911E-01  1.8050E-01  6.5702E-01 -1.7118E-01
  1.7753E+00  5.9613E+00 -6.4583E-04  3.3852E-01  2.1075E-01  6.5227E-01 -2.0299E-01
  1.7787E+00  5.9725E+00 -6.4643E-04  3.3781E-01  2.1982E-01  6.4554E-01 -2.1261E-01
  1.7818E+00  5.9830E+00 -6.4699E-04  3.3716E-01  2.0396E-01  6.3989E-01 -1.9636E-01
  1.7850E+00  5.9935E+00 -6.4772E-04  3.3660E-01  1.6769E-01  6.3523E-01 -1.5856E-01
  1.7883E+00  6.0047E+00 -6.4879E-04  3.3616E-01  1.1786E-01  6.3278E-01 -1.0466E-01
  1.7915E+00  6.0152E+00 -6.5010E-04  3.3590E-01  8.1099E-02  6.3494E-01 -6.0269E-02
  1.7946E+00  6.0257E+00 -6.5159E-04  3.3575E-01  6.8970E-02  6.4246E-01 -4.1883E-02
  1.7980E+00  6.0369E+00 -6.5318E-04  3.3559E-01  8.1227E-02  6.5269E-01 -5.9262E-02
  1.8011E+00  6.0474E+00 -6.5446E-04  3.3534E-01  1.1437E-01  6.5784E-01 -9.9806E-02
  1.8043E+00  6.0579E+00 -6.5547E-04  3.3495E-01  1.5606E-01  6.5731E-01 -1.4579E-01
  1.8074E+00  6.0684E+00 -6.5621E-04  3.3443E-01  1.9132E-01  6.5360E-01 -1.8319E-01
  1.8108E+00  6.0796E+00 -6.5680E-04  3.3378E-01  2.0970E-01  6.4579E-01 -2.0255E-01
  1.8139E+00  6.0901E+00 -6.5732E-04  3.3315E-01  2.0174E-01  6.4008E-01 -1.9448E-01
  1.8171E+00  6.1006E+00 -6.5794E-04  3.3258E-01  1.7319E-01  6.3515E-01 -1.6486E-01
  1.8204E+00  6.1118E+00 -6.5887E-04  3.3210E-01  1.2753E-01  6.3170E-01 -1.1617E-01
  1.8236E+00  6.1223E+00 -6.6004E-04  3.3181E-01  8.7061E-02  6.3223E-01 -6.9423E-02
  1.8267E+00  6.1328E+00 -6.6144E-04  3.3165E-01  6.7271E-02  6.3821E-01 -4.1525E-02
  1.8301E+00  6.1440E+00 -6.6301E-04  3.3151E-01  7.0794E-02  6.4852E-01 -4.6167E-02
  1.8332E+00  6.1545E+00 -6.6434E-04  3.3132E-01  9.5262E-02  6.5567E-01 -7.8376E-02
  1.8364E+00  6.1650E+00 -6.6542E-04  3.3100E-01  1.3335E-01  6.5704E-01 -1.2187E-01
  1.8397E+00  6.1762E+00 -6.6626E-04  3.3052E-01  1.7249E-01  6.5406E-01 -1.6392E-01
  1.8429E+00  6.1867E+00 -6.6684E-04  3.2996E-01  1.9606E-01  6.4948E-01 -1.8871E-01
  1.8460E+00  6.1972E+00 -6.6732E-04  3.2936E-01  1.9588E-01  6.4080E-01 -1.8877E-01
  1.8492E+00  6.2077E+00 -6.6787E-04  3.2879E-01  1.7582E-01  6.3571E-01 -1.6804E-01
  1.8525E+00  6.2189E+00 -6.6867E-04  3.2829E-01  1.3690E-01  6.3133E-01 -1.2697E-01
  1.8557E+00  6.2294E+00 -6.6970E-04  3.2797E-01  9.5666E-02  6.3007E-01 -8.0968E-02
  1.8588E+00  6.2399E+00 -6.7099E-04  3.2777E-01  6.8250E-02  6.3370E-01 -4.5198E-02
  1.8622E+00  6.2511E+00 -6.7251E-04  3.2765E-01  6.3016E-02  6.4296E-01 -3.5909E-02
  1.8653E+00  6.2616E+00 -6.7389E-04  3.2751E-01  7.7539E-02  6.5193E-01 -5.7150E-02
  1.8685E+00  6.2721E+00 -6.7505E-04  3.2727E-01  1.0918E-01  6.5566E-01 -9.5685E-02
  1.8718E+00  6.2833E+00 -6.7600E-04  3.2688E-01  1.4774E-01  6.5384E-01 -1.3817E-01
  1.8750E+00  6.2938E+00 -6.7665E-04  3.2639E-01  1.7492E-01  6.4928E-01 -1.6708E-01
  1.8781E+00  6.3043E+00 -6.7716E-04  3.2584E-01  1.8507E-01  6.4296E-01 -1.7787E-01
  1.8815E+00  6.3155E+00 -6.7770E-04  3.2526E-01  1.7377E-01  6.3661E-01 -1.6629E-01
  1.8846E+00  6.3260E+00 -6.7835E-04  3.2478E-01  1.4475E-01  6.3159E-01 -1.3588E-01
  1.8878E+00  6.3365E+00 -6.7923E-04  3.2442E-01  1.0572E-01  6.2873E-01 -9.3392E-02
  1.8909E+00  6.3470E+00 -6.8040E-04  3.2419E-01  7.2701E-02  6.3014E-01 -5.3211E-02
  1.8943E+00  6.3582E+00 -6.8185E-04  3.2405E-01  5.9613E-02  6.3773E-01 -3.2408E-02
  1.8974E+00  6.3687E+00 -6.8323E-04  3.2394E-01  6.6250E-02  6.4755E-01 -4.2628E-02
  1.9006E+00  6.3792E+00 -6.8446E-04  3.2376E-01  9.0806E-02  6.5368E-01 -7.5070E-02
  1.9039E+00  6.3904E+00 -6.8548E-04  3.2344E-01  1.2796E-01  6.5380E-01 -1.1737E-01
  1.9071E+00  6.4009E+00 -6.8618E-04  3.2301E-01  1.5902E-01  6.5029E-01 -1.5077E-01
  1.9102E+00  6.4114E+00 -6.8670E-04  3.2250E-01  1.7670E-01  6.4398E-01 -1.6951E-01
  1.9136E+00  6.4226E+00 -6.8719E-04  3.2194E-01  1.7242E-01  6.3669E-01 -1.6525E-01
  1.9167E+00  6.4331E+00 -6.8775E-04  3.2145E-01  1.4986E-01  6.3152E-01 -1.4175E-01
  1.9199E+00  6.4436E+00 -6.8852E-04  3.2106E-01  1.1447E-01  6.2779E-01 -1.0381E-01
  1.9230E+00  6.4541E+00 -6.8955E-04  3.2080E-01  7.8915E-02  6.2758E-01 -6.2561E-02
  1.9264E+00  6.4653E+00 -6.9091E-04  3.2064E-01  5.8993E-02  6.3338E-01 -3.3660E-02
  1.9295E+00  6.4758E+00 -6.9227E-04  3.2055E-01  5.9482E-02  6.4302E-01 -3.3578E-02
  1.9327E+00  6.4863E+00 -6.9353E-04  3.2041E-01  7.6502E-02  6.5096E-01 -5.8234E-02
  1.9360E+00  6.4975E+00 -6.9463E-04  3.2015E-01  1.0963E-01  6.5321E-01 -9.7731E-02
  1.9392E+00  6.5080E+00 -6.9539E-04  3.1978E-01  1.4185E-01  6.5079E-01 -1.3299E-01
  1.9423E+00  6.5185E+00 -6.9594E-04  3.1932E-01  1.6466E-01  6.4619E-01 -1.5724E-01
  1.9457E+00  6.5297E+00 -6.9641E-04  3.1878E-01  1.6779E-01  6.3734E-01 -1.6077E-01
  1.9488E+00  6.5402E+00 -6.9691E-04  3.1829E-01  1.5236E-01  6.3208E-01 -1.4476E-01
  1.9520E+00  6.5507E+00 -6.9756E-04  3.1788E-01  1.2262E-01  6.2759E-01 -1.1323E-01
  1.9553E+00  6.5619E+00 -6.9854E-04  3.1758E-01  8.5009E-02  6.2567E-01 -7.0979E-02
  1.9585E+00  6.5724E+00 -6.9971E-04  3.1741E-01  6.0595E-02  6.2891E-01 -3.8331E-02
  1.9616E+00  6.5829E+00 -7.0103E-04  3.1731E-01  5.4690E-02  6.3728E-01 -2.7151E-02
  1.9648E+00  6.5934E+00 -7.0233E-04  3.1721E-01  6.3671E-02  6.4669E-01 -4.1728E-02
  1.9681E+00  6.6046E+00 -7.0351E-04  3.1701E-01  9.0101E-02  6.5150E-01 -7.6031E-02
  1.9713E+00  6.6151E+00 -7.0436E-04  3.1672E-01  1.2129E-01  6.5034E-01 -1.1132E-01
  1.9744E+00  6.6256E+00 -7.0499E-04  3.1632E-01  1.4663E-01  6.4613E-01 -1.3866E-01
  1.9778E+00  6.6368E+00 -7.0550E-04  3.1583E-01  1.5853E-01  6.3956E-01 -1.5138E-01
  1.9809E+00  6.6473E+00 -7.0595E-04  3.1536E-01  1.5182E-01  6.3340E-01 -1.4452E-01
  1.9841E+00  6.6578E+00 -7.0652E-04  3.1494E-01  1.2919E-01  6.2807E-01 -1.2074E-01
  1.9874E+00  6.6690E+00 -7.0736E-04  3.1459E-01  9.4150E-02  6.2449E-01 -8.2373E-02
  1.9906E+00  6.6795E+00 -7.0842E-04  3.1439E-01  6.5092E-02  6.2545E-01 -4.6475E-02
  1.9937E+00  6.6900E+00 -7.0967E-04  3.1428E-01  5.2965E-02  6.3205E-01 -2.6297E-02
  1.9969E+00  6.7005E+00 -7.1096E-04  3.1420E-01  5.5959E-02  6.4191E-01 -3.0958E-02
  2.0002E+00  6.7117E+00 -7.1220E-04  3.1405E-01  7.5467E-02  6.4921E-01 -5.9001E-02
  2.0034E+00  6.7222E+00 -7.1312E-04  3.1381E-01  1.0480E-01  6.4998E-01 -9.3667E-02
  2.0065E+00  6.7327E+00 -7.1380E-04  3.1347E-01  1.3289E-01  6.4688E-01 -1.2442E-01
  2.0099E+00  6.7439E+00 -7.1433E-04  3.1301E-01  1.5157E-01  6.4128E-01 -1.4438E-01
  2.0130E+00  6.7544E+00 -7.1475E-04  3.1256E-01  1.5052E-01  6.3343E-01 -1.4349E-01
  2.0162E+00  6.7649E+00 -7.1524E-04  3.1213E-01  1.3349E-01  6.2805E-01 -1.2570E-01
  2.0195E+00  6.7761E+00 -7.1596E-04  3.1176E-01  1.0207E-01  6.2366E-01 -9.1861E-02
  2.0227E+00  6.7866E+00 -7.1690E-04  3.1153E-01  7.1026E-02  6.2301E-01 -5.5472E-02
  2.0258E+00  6.7971E+00 -7.1806E-04  3.1140E-01  5.3315E-02  6.2783E-01 -2.9179E-02
  2.0292E+00  6.8083E+00 -7.1941E-04  3.1132E-01  5.1942E-02  6.3787E-01 -2.5490E-02
  2.0323E+00  6.8188E+00 -7.2060E-04  3.1121E-01  6.4372E-02  6.4621E-01 -4.5264E-02
  2.0355E+00  6.8293E+00 -7.2159E-04  3.1102E-01  8.9784E-02  6.4905E-01 -7.7175E-02
  2.0386E+00  6.8398E+00 -7.2233E-04  3.1072E-01  1.1829E-01  6.4717E-01 -1.0913E-01
  2.0420E+00  6.8510E+00 -7.2289E-04  3.1031E-01  1.4111E-01  6.4252E-01 -1.3368E-01
  2.0451E+00  6.8615E+00 -7.2330E-04  3.0988E-01  1.4628E-01  6.3408E-01 -1.3935E-01
  2.0483E+00  6.8720E+00 -7.2374E-04  3.0945E-01  1.3532E-01  6.2868E-01 -1.2798E-01
  2.0516E+00  6.8832E+00 -7.2436E-04  3.0906E-01  1.0932E-01  6.2361E-01 -1.0029E-01
  2.0548E+00  6.8937E+00 -7.2518E-04  3.0880E-01  7.8697E-02  6.2128E-01 -6.5748E-02
  2.0579E+00  6.9042E+00 -7.2624E-04  3.0865E-01  5.5686E-02  6.2367E-01 -3.4973E-02
  2.0613E+00  6.9154E+00 -7.2754E-04  3.0856E-01  4.8712E-02  6.3210E-01 -2.1225E-02
  2.0644E+00  6.9259E+00 -7.2876E-04  3.0848E-01  5.4693E-02  6.4169E-01 -3.1882E-02
  2.0676E+00  6.9364E+00 -7.2982E-04  3.0834E-01  7.4016E-02  6.4698E-01 -5.8975E-02
  2.0707E+00  6.9469E+00 -7.3065E-04  3.0810E-01  1.0088E-01  6.4657E-01 -9.0486E-02
  2.0741E+00  6.9581E+00 -7.3129E-04  3.0775E-01  1.2571E-01  6.4242E-01 -1.1768E-01
  2.0772E+00  6.9686E+00 -7.3174E-04  3.0736E-01  1.3751E-01  6.3647E-01 -1.3039E-01
  2.0804E+00  6.9791E+00 -7.3216E-04  3.0695E-01  1.3427E-01  6.3013E-01 -1.2716E-01
  2.0837E+00  6.9903E+00 -7.3270E-04  3.0655E-01  1.1508E-01  6.2424E-01 -1.0690E-01
  2.0869E+00  7.0008E+00 -7.3340E-04  3.0626E-01  8.7048E-02  6.2043E-01 -7.6103E-02
  2.0900E+00  7.0113E+00 -7.3434E-04  3.0607E-01  6.0535E-02  6.2056E-01 -4.3415E-02
  2.0934E+00  7.0225E+00 -7.3557E-04  3.0597E-01  4.7757E-02  6.2694E-01 -2.1695E-02
  2.0965E+00  7.0330E+00 -7.3679E-04  3.0591E-01  4.9120E-02  6.3673E-01 -2.3482E-02
  2.0997E+00  7.0435E+00 -7.3790E-04  3.0580E-01  6.2551E-02  6.4426E-01 -4.4870E-02
  2.1030E+00  7.0547E+00 -7.3885E-04  3.0560E-01  8.8736E-02  6.4585E-01 -7.7286E-02
  2.1062E+00  7.0652E+00 -7.3950E-04  3.0531E-01  1.1384E-01  6.4304E-01 -1.0528E-01
  2.1093E+00  7.0757E+00 -7.3997E-04  3.0494E-01  1.3100E-01  6.3829E-01 -1.2378E-01
  2.1125E+00  7.0862E+00 -7.4036E-04  3.0455E-01  1.3290E-01  6.3016E-01 -1.2601E-01
  2.1158E+00  7.0974E+00 -7.4082E-04  3.0414E-01  1.1891E-01  6.2428E-01 -1.1135E-01
  2.1190E+00  7.1079E+00 -7.4143E-04  3.0383E-01  9.4121E-02  6.1982E-01 -8.4562E-02
  2.1221E+00  7.1184E+00 -7.4226E-04  3.0362E-01  6.6441E-02  6.1843E-01 -5.2162E-02
  2.1255E+00  7.1296E+00 -7.4340E-04  3.0349E-01  4.8461E-02  6.2283E-01 -2.5235E-02
  2.1286E+00  7.1401E+00 -7.4458E-04  3.0343E-01  4.6096E-02  6.3198E-01 -1.9179E-02
  2.1318E+00  7.1506E+00 -7.4572E-04  3.0335E-01  5.4276E-02  6.4091E-01 -3.3829E-02
  2.1351E+00  7.1618E+00 -7.4673E-04  3.0319E-01  7.6197E-02  6.4474E-01 -6.3165E-02
  2.1383E+00  7.1723E+00 -7.4744E-04  3.0294E-01  1.0132E-01  6.4323E-01 -9.2009E-02
  2.1414E+00  7.1828E+00 -7.4795E-04  3.0262E-01  1.2145E-01  6.3915E-01 -1.1394E-01
  2.1446E+00  7.1933E+00 -7.4834E-04  3.0224E-01  1.2889E-01  6.3081E-01 -1.2205E-01
  2.1479E+00  7.2045E+00 -7.4876E-04  3.0184E-01  1.2049E-01  6.2497E-01 -1.1333E-01
  2.1511E+00  7.2150E+00 -7.4928E-04  3.0151E-01  1.0034E-01  6.2001E-01 -9.1802E-02
  2.1542E+00  7.2255E+00 -7.5000E-04  3.0127E-01  7.3673E-02  6.1708E-01 -6.1727E-02
  2.1576E+00  7.2367E+00 -7.5103E-04  3.0112E-01  5.0999E-02  6.1890E-01 -3.1304E-02
  2.1607E+00  7.2472E+00 -7.5217E-04  3.0105E-01  4.4152E-02  6.2630E-01 -1.7159E-02
  2.1639E+00  7.2577E+00 -7.5332E-04  3.0099E-01  4.7399E-02  6.3604E-01 -2.3340E-02
  2.1672E+00  7.2689E+00 -7.5441E-04  3.0087E-01  6.3186E-02  6.4247E-01 -4.7560E-02
  2.1704E+00  7.2794E+00 -7.5521E-04  3.0068E-01  8.6398E-02  6.4256E-01 -7.5765E-02
  2.1735E+00  7.2899E+00 -7.5579E-04  3.0040E-01  1.0788E-01  6.3900E-01 -9.9698E-02
  2.1769E+00  7.3011E+00 -7.5625E-04  3.0004E-01  1.2080E-01  6.3294E-01 -1.1374E-01
  2.1800E+00  7.3116E+00 -7.5663E-04  2.9968E-01  1.1937E-01  6.2654E-01 -1.1240E-01
  2.1832E+00  7.3221E+00 -7.5708E-04  2.9934E-01  1.0503E-01  6.2087E-01 -9.7226E-02
  2.1863E+00  7.3326E+00 -7.5770E-04  2.9908E-01  8.1237E-02  6.1659E-01 -7.1052E-02
  2.1897E+00  7.3438E+00 -7.5862E-04  2.9889E-01  5.5717E-02  6.1605E-01 -3.9523E-02
  2.1928E+00  7.3543E+00 -7.5968E-04  2.9880E-01  4.3937E-02  6.2137E-01 -1.9135E-02
  2.1960E+00  7.3648E+00 -7.6082E-04  2.9875E-01  4.3666E-02  6.3091E-01 -1.7279E-02
  2.1993E+00  7.3760E+00 -7.6195E-04  2.9867E-01  5.3971E-02  6.3954E-01 -3.5577E-02
  2.2025E+00  7.3865E+00 -7.6282E-04  2.9851E-01  7.4507E-02  6.4176E-01 -6.2438E-02
  2.2056E+00  7.3970E+00 -7.6346E-04  2.9827E-01  9.7248E-02  6.3946E-01 -8.8447E-02
  2.2090E+00  7.4082E+00 -7.6394E-04  2.9794E-01  1.1488E-01  6.3458E-01 -1.0769E-01
  2.2121E+00  7.4187E+00 -7.6430E-04  2.9759E-01  1.1816E-01  6.2659E-01 -1.1139E-01
  2.2153E+00  7.4292E+00 -7.6470E-04  2.9726E-01  1.0816E-01  6.2099E-01 -1.0089E-01
  2.2184E+00  7.4397E+00 -7.6523E-04  2.9697E-01  8.7511E-02  6.1621E-01 -7.8542E-02
  2.2218E+00  7.4509E+00 -7.6603E-04  2.9676E-01  6.1297E-02  6.1413E-01 -4.7790E-02
  2.2249E+00  7.4614E+00 -7.6701E-04  2.9665E-01  4.5146E-02  6.1753E-01 -2.3520E-02
  2.2281E+00  7.4719E+00 -7.6812E-04  2.9659E-01  4.1737E-02  6.2616E-01 -1.4817E-02
  2.2314E+00  7.4831E+00 -7.6927E-04  2.9653E-01  4.7565E-02  6.3603E-01 -2.6389E-02
  2.2346E+00  7.4936E+00 -7.7019E-04  2.9641E-01  6.4086E-02  6.4037E-01 -5.0246E-02
  2.2377E+00  7.5041E+00 -7.7089E-04  2.9621E-01  8.6266E-02  6.3951E-01 -7.6614E-02
  2.2411E+00  7.5153E+00 -7.7142E-04  2.9591E-01  1.0640E-01  6.3548E-01 -9.8871E-02
  2.2442E+00  7.5258E+00 -7.7178E-04  2.9558E-01  1.1456E-01  6.2726E-01 -1.0782E-01
  2.2474E+00  7.5363E+00 -7.7214E-04  2.9525E-01  1.0914E-01  6.2173E-01 -1.0221E-01
  2.2505E+00  7.5468E+00 -7.7260E-04  2.9495E-01  9.2790E-02  6.1660E-01 -8.4706E-02
  2.2539E+00  7.5580E+00 -7.7329E-04  2.9471E-01  6.7966E-02  6.1304E-01 -5.6630E-02
  2.2570E+00  7.5685E+00 -7.7417E-04  2.9458E-01  4.8122E-02  6.1404E-01 -3.0056E-02
  2.2602E+00  7.5790E+00 -7.7522E-04  2.9451E-01  4.0625E-02  6.2067E-01 -1.4544E-02
  2.2635E+00  7.5902E+00 -7.7639E-04  2.9446E-01  4.2431E-02  6.3102E-01 -1.7818E-02
  2.2667E+00  7.6007E+00 -7.7737E-04  2.9438E-01  5.3583E-02  6.3775E-01 -3.6890E-02
  2.2698E+00  7.6112E+00 -7.7815E-04  2.9422E-01  7.3353E-02  6.3870E-01 -6.2219E-02
  2.2732E+00  7.6224E+00 -7.7876E-04  2.9397E-01  9.4415E-02  6.3531E-01 -8.6180E-02
  2.2763E+00  7.6329E+00 -7.7917E-04  2.9368E-01  1.0669E-01  6.2992E-01 -9.9639E-02
  2.2795E+00  7.6434E+00 -7.7952E-04  2.9336E-01  1.0751E-01  6.2346E-01 -1.0070E-01
  2.2828E+00  7.6546E+00 -7.7995E-04  2.9304E-01  9.5431E-02  6.1730E-01 -8.7876E-02
  2.2860E+00  7.6651E+00 -7.8052E-04  2.9279E-01  7.4817E-02  6.1278E-01 -6.5103E-02
  2.2891E+00  7.6756E+00 -7.8129E-04  2.9263E-01  5.2997E-02  6.1163E-01 -3.8200E-02
  2.2923E+00  7.6861E+00 -7.8227E-04  2.9255E-01  4.0943E-02  6.1602E-01 -1.7648E-02
  2.2956E+00  7.6973E+00 -7.8342E-04  2.9250E-01  3.9737E-02  6.2583E-01 -1.3204E-02
  2.2988E+00  7.7078E+00 -7.8443E-04  2.9244E-01  4.6483E-02  6.3446E-01 -2.6850E-02
  2.3019E+00  7.7183E+00 -7.8528E-04  2.9232E-01  6.3181E-02  6.3764E-01 -5.0422E-02
  2.3053E+00  7.7295E+00 -7.8595E-04  2.9211E-01  8.4962E-02  6.3569E-01 -7.6050E-02
  2.3084E+00  7.7400E+00 -7.8639E-04  2.9184E-01  1.0087E-01  6.3138E-01 -9.3624E-02
  2.3116E+00  7.7505E+00 -7.8673E-04  2.9153E-01  1.0612E-01  6.2353E-01 -9.9463E-02
  2.3150E+00  7.7617E+00 -7.8711E-04  2.9121E-01  9.8160E-02  6.1748E-01 -9.1101E-02
  2.3181E+00  7.7722E+00 -7.8759E-04  2.9095E-01  8.0472E-02  6.1254E-01 -7.1879E-02
  2.3212E+00  7.7827E+00 -7.8826E-04  2.9076E-01  5.8441E-02  6.1006E-01 -4.6059E-02
  2.3244E+00  7.7932E+00 -7.8916E-04  2.9066E-01  4.2563E-02  6.1252E-01 -2.2610E-02
  2.3278E+00  7.8044E+00 -7.9026E-04  2.9060E-01  3.8369E-02  6.2115E-01 -1.1777E-02
  2.3309E+00  7.8149E+00 -7.9129E-04  2.9056E-01  4.1841E-02  6.3069E-01 -1.9481E-02
  2.3340E+00  7.8254E+00 -7.9219E-04  2.9047E-01  5.4559E-02  6.3596E-01 -3.9833E-02
  2.3374E+00  7.8366E+00 -7.9292E-04  2.9029E-01  7.5303E-02  6.3567E-01 -6.5475E-02
  2.3406E+00  7.8471E+00 -7.9340E-04  2.9005E-01  9.3039E-02  6.3219E-01 -8.5400E-02
  2.3437E+00  7.8576E+00 -7.9375E-04  2.8976E-01  1.0257E-01  6.2466E-01 -9.5889E-02
  2.3471E+00  7.8688E+00 -7.9410E-04  2.8944E-01  9.8908E-02  6.1826E-01 -9.2145E-02
  2.3502E+00  7.8793E+00 -7.9452E-04  2.8917E-01  8.5126E-02  6.1306E-01 -7.7339E-02
  2.3534E+00  7.8898E+00 -7.9510E-04  2.8896E-01  6.4646E-02  6.0933E-01 -5.4167E-02
  2.3565E+00  7.9003E+00 -7.9590E-04  2.8883E-01  4.5875E-02  6.0948E-01 -2.9375E-02
  2.3599E+00  7.9115E+00 -7.9694E-04  2.8877E-01  3.7651E-02  6.1583E-01 -1.2395E-02
  2.3630E+00  7.9220E+00 -7.9798E-04  2.8873E-01  3.8302E-02  6.2545E-01 -1.2905E-02
  2.3661E+00  7.9325E+00 -7.9893E-04  2.8867E-01  4.6189E-02  6.3299E-01 -2.8373E-02
  2.3695E+00  7.9437E+00 -7.9974E-04  2.8853E-01  6.4032E-02  6.3477E-01 -5.2619E-02
  2.3727E+00  7.9542E+00 -8.0030E-04  2.8833E-01  8.2229E-02  6.3199E-01 -7.3802E-02
  2.3758E+00  7.9647E+00 -8.0070E-04  2.8808E-01  9.4766E-02  6.2697E-01 -8.7703E-02
  2.3792E+00  7.9759E+00 -8.0105E-04  2.8777E-01  9.7174E-02  6.2012E-01 -9.0486E-02
  2.3823E+00  7.9864E+00 -8.0142E-04  2.8750E-01  8.8313E-02  6.1427E-01 -8.1073E-02
  2.3855E+00  7.9969E+00 -8.0192E-04  2.8727E-01  7.0787E-02  6.0941E-01 -6.1712E-02
  2.3888E+00  8.0081E+00 -8.0267E-04  2.8711E-01  4.9654E-02  6.0757E-01 -3.5702E-02
  2.3920E+00  8.0186E+00 -8.0357E-04  2.8703E-01  3.8170E-02  6.1140E-01 -1.5949E-02
  2.3951E+00  8.0291E+00 -8.0459E-04  2.8699E-01  3.6504E-02  6.2023E-01 -9.9052E-03
  2.3983E+00  8.0396E+00 -8.0557E-04  2.8695E-01  4.0836E-02  6.2937E-01 -1.9995E-02
  2.4016E+00  8.0508E+00 -8.0645E-04  2.8685E-01  5.5254E-02  6.3358E-01 -4.2097E-02
  2.4048E+00  8.0613E+00 -8.0706E-04  2.8668E-01  7.3620E-02  6.3225E-01 -6.4411E-02
  2.4079E+00  8.0718E+00 -8.0750E-04  2.8645E-01  8.9045E-02  6.2827E-01 -8.1724E-02
  2.4113E+00  8.0830E+00 -8.0784E-04  2.8616E-01  9.5828E-02  6.2024E-01 -8.9274E-02
  2.4144E+00  8.0935E+00 -8.0817E-04  2.8588E-01  9.0453E-02  6.1450E-01 -8.3642E-02
  2.4176E+00  8.1040E+00 -8.0859E-04  2.8564E-01  7.5762E-02  6.0937E-01 -6.7664E-02
  2.4209E+00  8.1152E+00 -8.0924E-04  2.8545E-01  5.4780E-02  6.0623E-01 -4.3076E-02
  2.4241E+00  8.1257E+00 -8.1007E-04  2.8535E-01  3.9886E-02  6.0814E-01 -2.1016E-02
  2.4272E+00  8.1362E+00 -8.1104E-04  2.8531E-01  3.5625E-02  6.1568E-01 -9.7085E-03
  2.4304E+00  8.1467E+00 -8.1203E-04  2.8528E-01  3.7551E-02  6.2538E-01 -1.4172E-02
  2.4337E+00  8.1579E+00 -8.1296E-04  2.8520E-01  4.7996E-02  6.3176E-01 -3.2760E-02
  2.4369E+00  8.1684E+00 -8.1363E-04  2.8506E-01  6.5037E-02  6.3208E-01 -5.4791E-02
  2.4400E+00  8.1789E+00 -8.1411E-04  2.8486E-01  8.1768E-02  6.2899E-01 -7.3991E-02
  2.4434E+00  8.1901E+00 -8.1447E-04  2.8459E-01  9.2493E-02  6.2258E-01 -8.5868E-02
  2.4465E+00  8.2006E+00 -8.1477E-04  2.8432E-01  9.0721E-02  6.1533E-01 -8.4147E-02
  2.4497E+00  8.2111E+00 -8.1514E-04  2.8407E-01  7.9652E-02  6.1006E-01 -7.2243E-02
  2.4530E+00  8.2223E+00 -8.1570E-04  2.8386E-01  6.0492E-02  6.0574E-01 -5.0537E-02
  2.4562E+00  8.2328E+00 -8.1644E-04  2.8374E-01  4.3183E-02  6.0541E-01 -2.7640E-02
  2.4593E+00  8.2433E+00 -8.1735E-04  2.8368E-01  3.5331E-02  6.1066E-01 -1.1457E-02
  2.4625E+00  8.2538E+00 -8.1834E-04  2.8365E-01  3.5144E-02  6.2001E-01 -9.2940E-03
  2.4658E+00  8.2650E+00 -8.1932E-04  2.8360E-01  4.1158E-02  6.2861E-01 -2.2723E-02
  2.4690E+00  8.2755E+00 -8.2007E-04  2.8350E-01  5.5229E-02  6.3101E-01 -4.3210E-02
  2.4721E+00  8.2860E+00 -8.2062E-04  2.8333E-01  7.1959E-02  6.2878E-01 -6.3303E-02
  2.4755E+00  8.2972E+00 -8.2104E-04  2.8309E-01  8.5114E-02  6.2374E-01 -7.8082E-02
  2.4786E+00  8.3077E+00 -8.2135E-04  2.8283E-01  8.8533E-02  6.1738E-01 -8.1966E-02
  2.4818E+00  8.3182E+00 -8.2168E-04  2.8258E-01  8.2065E-02  6.1144E-01 -7.5105E-02
  2.4851E+00  8.3294E+00 -8.2216E-04  2.8236E-01  6.6044E-02  6.0604E-01 -5.7370E-02
  2.4883E+00  8.3399E+00 -8.2280E-04  2.8221E-01  4.7918E-02  6.0375E-01 -3.5173E-02
  2.4914E+00  8.3504E+00 -8.2363E-04  2.8213E-01  3.6225E-02  6.0662E-01 -1.5686E-02
  2.4948E+00  8.3616E+00 -8.2466E-04  2.8210E-01  3.3962E-02  6.1548E-01 -7.6581E-03
  2.4979E+00  8.3721E+00 -8.2560E-04  2.8206E-01  3.6971E-02  6.2484E-01 -1.5533E-02
  2.5011E+00  8.3826E+00 -8.2640E-04  2.8199E-01  4.7765E-02  6.2955E-01 -3.3793E-02
  2.5042E+00  8.3931E+00 -8.2701E-04  2.8185E-01  6.4105E-02  6.2890E-01 -5.4551E-02
  2.5076E+00  8.4043E+00 -8.2747E-04  2.8163E-01  7.9740E-02  6.2496E-01 -7.2411E-02
  2.5107E+00  8.4148E+00 -8.2778E-04  2.8139E-01  8.6990E-02  6.1759E-01 -8.0514E-02
  2.5139E+00  8.4253E+00 -8.2808E-04  2.8114E-01  8.3686E-02  6.1171E-01 -7.7093E-02
  2.5172E+00  8.4365E+00 -8.2849E-04  2.8090E-01  7.0521E-02  6.0612E-01 -6.2743E-02
  2.5204E+00  8.4470E+00 -8.2904E-04  2.8074E-01  5.2844E-02  6.0275E-01 -4.2081E-02
  2.5235E+00  8.4575E+00 -8.2979E-04  2.8064E-01  3.8262E-02  6.0373E-01 -2.1021E-02
  2.5269E+00  8.4687E+00 -8.3077E-04  2.8059E-01  3.3318E-02  6.1106E-01 -8.1053E-03
  2.5300E+00  8.4792E+00 -8.3171E-04  2.8057E-01  3.4505E-02  6.2078E-01 -1.0735E-02
  2.5332E+00  8.4897E+00 -8.3256E-04  2.8051E-01  4.1869E-02  6.2744E-01 -2.5637E-02
  2.5363E+00  8.5002E+00 -8.3323E-04  2.8040E-01  5.6481E-02  6.2857E-01 -4.5756E-02
  2.5397E+00  8.5114E+00 -8.3373E-04  2.8021E-01  7.3079E-02  6.2565E-01 -6.5254E-02
  2.5428E+00  8.5219E+00 -8.3406E-04  2.7998E-01  8.3490E-02  6.2098E-01 -7.6865E-02
  2.5460E+00  8.5324E+00 -8.3434E-04  2.7974E-01  8.3539E-02  6.1257E-01 -7.7130E-02
  2.5493E+00  8.5436E+00 -8.3470E-04  2.7949E-01  7.3925E-02  6.0693E-01 -6.6769E-02
  2.5525E+00  8.5541E+00 -8.3517E-04  2.7931E-01  5.8094E-02  6.0259E-01 -4.8845E-02
  2.5556E+00  8.5646E+00 -8.3584E-04  2.7919E-01  4.1776E-02  6.0148E-01 -2.7619E-02
  2.5590E+00  8.5758E+00 -8.3674E-04  2.7913E-01  3.3213E-02  6.0629E-01 -1.0370E-02
  2.5621E+00  8.5863E+00 -8.3768E-04  2.7911E-01  3.2730E-02  6.1539E-01 -6.9216E-03
  2.5653E+00  8.5968E+00 -8.3857E-04  2.7907E-01  3.6600E-02  6.2395E-01 -1.7032E-02
  2.5684E+00  8.6073E+00 -8.3931E-04  2.7899E-01  4.7990E-02  6.2729E-01 -3.5286E-02
  2.5718E+00  8.6185E+00 -8.3989E-04  2.7884E-01  6.4198E-02  6.2545E-01 -5.5436E-02
  2.5749E+00  8.6290E+00 -8.4028E-04  2.7864E-01  7.6288E-02  6.2103E-01 -6.9211E-02
  2.5781E+00  8.6395E+00 -8.4057E-04  2.7841E-01  8.0938E-02  6.1484E-01 -7.4467E-02
  2.5814E+00  8.6507E+00 -8.4090E-04  2.7817E-01  7.5901E-02  6.0842E-01 -6.9139E-02
  2.5846E+00  8.6612E+00 -8.4130E-04  2.7797E-01  6.3006E-02  6.0318E-01 -5.4856E-02
  2.5877E+00  8.6717E+00 -8.4187E-04  2.7783E-01  4.6474E-02  6.0026E-01 -3.4807E-02
  2.5911E+00  8.6829E+00 -8.4270E-04  2.7774E-01  3.4231E-02  6.0251E-01 -1.4799E-02
  2.5942E+00  8.6934E+00 -8.4360E-04  2.7772E-01  3.1811E-02  6.1029E-01 -6.0535E-03
  2.5974E+00  8.7039E+00 -8.4451E-04  2.7769E-01  3.3579E-02  6.1989E-01 -1.1120E-02
  2.6005E+00  8.7144E+00 -8.4530E-04  2.7763E-01  4.1725E-02  6.2553E-01 -2.6856E-02
  2.6039E+00  8.7256E+00 -8.4594E-04  2.7751E-01  5.7083E-02  6.2549E-01 -4.7350E-02
  2.6070E+00  8.7361E+00 -8.4637E-04  2.7733E-01  7.1013E-02  6.2209E-01 -6.3568E-02
  2.6102E+00  8.7466E+00 -8.4667E-04  2.7712E-01  7.9201E-02  6.1599E-01 -7.2759E-02
  2.6135E+00  8.7578E+00 -8.4696E-04  2.7687E-01  7.7253E-02  6.0872E-01 -7.0823E-02
  2.6167E+00  8.7683E+00 -8.4731E-04  2.7666E-01  6.6906E-02  6.0340E-01 -5.9533E-02
  2.6198E+00  8.7788E+00 -8.4780E-04  2.7650E-01  5.1157E-02  5.9956E-01 -4.1226E-02
  2.6232E+00  8.7900E+00 -8.4854E-04  2.7640E-01  3.6323E-02  5.9987E-01 -2.0092E-02
  2.6263E+00  8.8005E+00 -8.4939E-04  2.7636E-01  3.1410E-02  6.0607E-01 -7.3554E-03
  2.6295E+00  8.8110E+00 -8.5030E-04  2.7634E-01  3.1881E-02  6.1569E-01 -7.4967E-03
  2.6328E+00  8.8222E+00 -8.5118E-04  2.7630E-01  3.7650E-02  6.2344E-01 -2.0868E-02
  2.6360E+00  8.8327E+00 -8.5183E-04  2.7620E-01  5.0293E-02  6.2507E-01 -3.9305E-02
  2.6391E+00  8.8432E+00 -8.5230E-04  2.7605E-01  6.4771E-02  6.2269E-01 -5.6756E-02
  2.6423E+00  8.8537E+00 -8.5263E-04  2.7585E-01  7.5430E-02  6.1824E-01 -6.8796E-02
  2.6456E+00  8.8649E+00 -8.5291E-04  2.7561E-01  7.6954E-02  6.0963E-01 -7.0677E-02
  2.6488E+00  8.8754E+00 -8.5321E-04  2.7540E-01  6.9686E-02  6.0431E-01 -6.2840E-02
  2.6519E+00  8.8859E+00 -8.5363E-04  2.7523E-01  5.5934E-02  5.9970E-01 -4.7308E-02
  2.6553E+00  8.8971E+00 -8.5428E-04  2.7510E-01  3.9778E-02  5.9792E-01 -2.6453E-02
  2.6584E+00  8.9076E+00 -8.5507E-04  2.7504E-01  3.1603E-02  6.0168E-01 -1.0359E-02
  2.6616E+00  8.9181E+00 -8.5596E-04  2.7502E-01  3.0656E-02  6.1028E-01 -4.9669E-03
  2.6649E+00  8.9293E+00 -8.5688E-04  2.7500E-01  3.3449E-02  6.1977E-01 -1.3316E-02
  2.6681E+00  8.9398E+00 -8.5760E-04  2.7493E-01  4.2870E-02  6.2368E-01 -2.9778E-02
  2.6712E+00  8.9503E+00 -8.5814E-04  2.7481E-01  5.6653E-02  6.2246E-01 -4.7591E-02
  2.6744E+00  8.9608E+00 -8.5852E-04  2.7463E-01  6.8555E-02  6.1840E-01 -6.1405E-02
  2.6777E+00  8.9720E+00 -8.5883E-04  2.7441E-01  7.4265E-02  6.1204E-01 -6.7886E-02
  2.6809E+00  8.9825E+00 -8.5911E-04  2.7420E-01  7.1025E-02  6.0595E-01 -6.4489E-02
  2.6840E+00  8.9930E+00 -8.5947E-04  2.7402E-01  6.0231E-02  6.0055E-01 -5.2542E-02
  2.6874E+00  9.0042E+00 -8.6002E-04  2.7387E-01  4.4253E-02  5.9698E-01 -3.3232E-02
  2.6905E+00  9.0147E+00 -8.6074E-04  2.7380E-01  3.2952E-02  5.9833E-01 -1.5170E-02
  2.6937E+00  9.0252E+00 -8.6159E-04  2.7377E-01  2.9999E-02  6.0534E-01 -5.1024E-03
  2.6971E+00  9.0364E+00 -8.6252E-04  2.7375E-01  3.1151E-02  6.1559E-01 -8.2869E-03
  2.7002E+00  9.0469E+00 -8.6328E-04  2.7370E-01  3.7535E-02  6.2176E-01 -2.2163E-02
  2.7033E+00  9.0574E+00 -8.6388E-04  2.7361E-01  5.0167E-02  6.2234E-01 -3.9998E-02
  2.7065E+00  9.0679E+00 -8.6431E-04  2.7345E-01  6.3407E-02  6.1934E-01 -5.5814E-02
  2.7099E+00  9.0791E+00 -8.6463E-04  2.7325E-01  7.2498E-02  6.1385E-01 -6.6106E-02
  2.7130E+00  9.0896E+00 -8.6488E-04  2.7304E-01  7.1957E-02  6.0628E-01 -6.5700E-02
  2.7161E+00  9.1001E+00 -8.6519E-04  2.7284E-01  6.3597E-02  6.0090E-01 -5.6581E-02
  2.7195E+00  9.1113E+00 -8.6567E-04  2.7268E-01  4.8635E-02  5.9648E-01 -3.9209E-02
  2.7227E+00  9.1218E+00 -8.6630E-04  2.7258E-01  3.5305E-02  5.9609E-01 -2.0535E-02
  2.7258E+00  9.1323E+00 -8.6710E-04  2.7254E-01  2.9798E-02  6.0136E-01 -7.1033E-03
  2.7292E+00  9.1435E+00 -8.6802E-04  2.7253E-01  2.9882E-02  6.1137E-01 -5.4086E-03
  2.7323E+00  9.1540E+00 -8.6882E-04  2.7250E-01  3.3700E-02  6.1922E-01 -1.5864E-02
  2.7355E+00  9.1645E+00 -8.6947E-04  2.7242E-01  4.4175E-02  6.2173E-01 -3.2596E-02
  2.7386E+00  9.1750E+00 -8.6995E-04  2.7229E-01  5.7558E-02  6.1986E-01 -4.9315E-02
  2.7420E+00  9.1862E+00 -8.7029E-04  2.7210E-01  6.8767E-02  6.1539E-01 -6.2158E-02
  2.7451E+00  9.1967E+00 -8.7054E-04  2.7190E-01  7.1330E-02  6.0723E-01 -6.5179E-02
  2.7483E+00  9.2072E+00 -8.7081E-04  2.7170E-01  6.5816E-02  6.0190E-01 -5.9242E-02
  2.7516E+00  9.2184E+00 -8.7122E-04  2.7152E-01  5.3005E-02  5.9681E-01 -4.4767E-02
  2.7548E+00  9.2289E+00 -8.7177E-04  2.7141E-01  3.8871E-02  5.9460E-01 -2.6715E-02
  2.7579E+00  9.2394E+00 -8.7250E-04  2.7135E-01  3.0278E-02  5.9739E-01 -1.0673E-02
  2.7613E+00  9.2506E+00 -8.7340E-04  2.7133E-01  2.8942E-02  6.0604E-01 -3.6397E-03
  2.7644E+00  9.2611E+00 -8.7424E-04  2.7131E-01  3.0618E-02  6.1524E-01 -9.4668E-03
  2.7676E+00  9.2716E+00 -8.7495E-04  2.7126E-01  3.7852E-02  6.2008E-01 -2.3950E-02
  2.7707E+00  9.2821E+00 -8.7549E-04  2.7116E-01  5.0144E-02  6.1957E-01 -4.0730E-02
  2.7741E+00  9.2933E+00 -8.7590E-04  2.7100E-01  6.2355E-02  6.1557E-01 -5.5194E-02
  2.7772E+00  9.3038E+00 -8.7618E-04  2.7081E-01  6.8279E-02  6.0984E-01 -6.1957E-02
  2.7804E+00  9.3143E+00 -8.7643E-04  2.7062E-01  6.6581E-02  6.0367E-01 -6.0241E-02
  2.7837E+00  9.3255E+00 -8.7678E-04  2.7043E-01  5.6851E-02  5.9782E-01 -4.9459E-02
  2.7869E+00  9.3360E+00 -8.7726E-04  2.7030E-01  4.3223E-02  5.9407E-01 -3.3083E-02
  2.7900E+00  9.3465E+00 -8.7791E-04  2.7022E-01  3.1944E-02  5.9450E-01 -1.5731E-02
  2.7934E+00  9.3577E+00 -8.7876E-04  2.7019E-01  2.8412E-02  6.0123E-01 -4.3035E-03
  2.7965E+00  9.3682E+00 -8.7960E-04  2.7018E-01  2.9025E-02  6.1083E-01 -5.4774E-03
  2.7997E+00  9.3787E+00 -8.8036E-04  2.7015E-01  3.3518E-02  6.1784E-01 -1.7149E-02
  2.8030E+00  9.3899E+00 -8.8099E-04  2.7006E-01  4.5115E-02  6.1918E-01 -3.4708E-02
  2.8062E+00  9.4004E+00 -8.8141E-04  2.6992E-01  5.7487E-02  6.1645E-01 -4.9837E-02
  2.8093E+00  9.4109E+00 -8.8171E-04  2.6975E-01  6.6223E-02  6.1185E-01 -5.9827E-02
  2.8125E+00  9.4214E+00 -8.8194E-04  2.6956E-01  6.7140E-02  6.0402E-01 -6.1031E-02
  2.8158E+00  9.4326E+00 -8.8224E-04  2.6936E-01  5.9857E-02  5.9823E-01 -5.3079E-02
  2.8190E+00  9.4431E+00 -8.8265E-04  2.6922E-01  4.7330E-02  5.9382E-01 -3.8578E-02
  2.8221E+00  9.4536E+00 -8.8323E-04  2.6912E-01  3.4513E-02  5.9264E-01 -2.1076E-02
  2.8255E+00  9.4648E+00 -8.8402E-04  2.6908E-01  2.8302E-02  5.9744E-01 -6.6108E-03
  2.8286E+00  9.4753E+00 -8.8485E-04  2.6907E-01  2.8133E-02  6.0657E-01 -3.5272E-03
  2.8318E+00  9.4858E+00 -8.8563E-04  2.6905E-01  3.0604E-02  6.1502E-01 -1.1719E-02
  2.8351E+00  9.4970E+00 -8.8632E-04  2.6898E-01  3.9798E-02  6.1846E-01 -2.7887E-02
  2.8383E+00  9.5075E+00 -8.8679E-04  2.6887E-01  5.2072E-02  6.1693E-01 -4.3721E-02
  2.8414E+00  9.5180E+00 -8.8711E-04  2.6871E-01  6.2398E-02  6.1301E-01 -5.5733E-02
  2.8446E+00  9.5285E+00 -8.8735E-04  2.6852E-01  6.6231E-02  6.0499E-01 -6.0184E-02
  2.8479E+00  9.5397E+00 -8.8761E-04  2.6833E-01  6.1745E-02  5.9929E-01 -5.5363E-02
  2.8511E+00  9.5502E+00 -8.8796E-04  2.6817E-01  5.1252E-02  5.9438E-01 -4.3518E-02
  2.8542E+00  9.5607E+00 -8.8846E-04  2.6806E-01  3.8123E-02  5.9158E-01 -2.7005E-02
  2.8576E+00  9.5719E+00 -8.8918E-04  2.6800E-01  2.8898E-02  5.9376E-01 -1.0364E-02
  2.8607E+00  9.5824E+00 -8.8998E-04  2.6798E-01  2.7430E-02  6.0134E-01 -2.7518E-03
  2.8639E+00  9.5929E+00 -8.9079E-04  2.6797E-01  2.8417E-02  6.1074E-01 -6.3856E-03
  2.8672E+00  9.6041E+00 -8.9153E-04  2.6792E-01  3.4337E-02  6.1666E-01 -1.9978E-02
  2.8704E+00  9.6146E+00 -8.9207E-04  2.6784E-01  4.5308E-02  6.1661E-01 -3.5708E-02
  2.8735E+00  9.6251E+00 -8.9245E-04  2.6770E-01  5.6299E-02  6.1317E-01 -4.9018E-02
  2.8767E+00  9.6356E+00 -8.9272E-04  2.6753E-01  6.2853E-02  6.0778E-01 -5.6563E-02
  2.8800E+00  9.6468E+00 -8.9298E-04  2.6734E-01  6.2213E-02  6.0116E-01 -5.6020E-02
  2.8832E+00  9.6573E+00 -8.9327E-04  2.6718E-01  5.4548E-02  5.9561E-01 -4.7528E-02
  2.8863E+00  9.6678E+00 -8.9370E-04  2.6705E-01  4.2294E-02  5.9143E-01 -3.2928E-02
  2.8897E+00  9.6790E+00 -8.9434E-04  2.6697E-01  3.0646E-02  5.9117E-01 -1.5398E-02
  2.8928E+00  9.6895E+00 -8.9509E-04  2.6694E-01  2.7043E-02  5.9678E-01 -4.1633E-03
  2.8960E+00  9.7000E+00 -8.9590E-04  2.6693E-01  2.7320E-02  6.0617E-01 -3.3467E-03
  2.8993E+00  9.7112E+00 -8.9669E-04  2.6690E-01  3.0733E-02  6.1426E-01 -1.3828E-02
  2.9025E+00  9.7217E+00 -8.9728E-04  2.6684E-01  3.9999E-02  6.1620E-01 -2.9046E-02
  2.9056E+00  9.7322E+00 -8.9771E-04  2.6672E-01  5.1580E-02  6.1394E-01 -4.3724E-02
  2.9088E+00  9.7427E+00 -8.9800E-04  2.6657E-01  6.0501E-02  6.0959E-01 -5.4079E-02
  2.9121E+00  9.7539E+00 -8.9824E-04  2.6638E-01  6.2594E-02  6.0155E-01 -5.6603E-02
  2.9153E+00  9.7644E+00 -8.9849E-04  2.6621E-01  5.7100E-02  5.9609E-01 -5.0610E-02
  2.9184E+00  9.7749E+00 -8.9885E-04  2.6607E-01  4.6107E-02  5.9141E-01 -3.7944E-02
  2.9218E+00  9.7861E+00 -8.9942E-04  2.6597E-01  3.3216E-02  5.8955E-01 -2.0576E-02
  2.9249E+00  9.7966E+00 -9.0012E-04  2.6592E-01  2.7118E-02  5.9328E-01 -6.9526E-03
  2.9281E+00  9.8071E+00 -9.0090E-04  2.6591E-01  2.6660E-02  6.0192E-01 -2.2231E-03
  2.9314E+00  9.8183E+00 -9.0172E-04  2.6590E-01  2.8427E-02  6.1130E-01 -9.0341E-03
  2.9346E+00  9.8288E+00 -9.0235E-04  2.6585E-01  3.5392E-02  6.1524E-01 -2.2768E-02
  2.9377E+00  9.8393E+00 -9.0283E-04  2.6575E-01  4.6517E-02  6.1432E-01 -3.7864E-02
  2.9409E+00  9.8498E+00 -9.0315E-04  2.6561E-01  5.6684E-02  6.1074E-01 -4.9935E-02
  2.9442E+00  9.8610E+00 -9.0340E-04  2.6543E-01  6.1597E-02  6.0255E-01 -5.5642E-02
  2.9474E+00  9.8715E+00 -9.0363E-04  2.6526E-01  5.8530E-02  5.9719E-01 -5.2366E-02
  2.9505E+00  9.8820E+00 -9.0394E-04  2.6511E-01  4.9588E-02  5.9217E-01 -4.2295E-02
  2.9539E+00  9.8932E+00 -9.0442E-04  2.6499E-01  3.6703E-02  5.8876E-01 -2.6202E-02
  2.9570E+00  9.9037E+00 -9.0505E-04  2.6494E-01  2.7998E-02  5.9006E-01 -1.1042E-02
  2.9602E+00  9.9142E+00 -9.0581E-04  2.6492E-01  2.6102E-02  5.9687E-01 -2.3117E-03
  2.9635E+00  9.9254E+00 -9.0664E-04  2.6491E-01  2.6779E-02  6.0690E-01 -4.4340E-03
  2.9667E+00  9.9359E+00 -9.0733E-04  2.6488E-01  3.0887E-02  6.1314E-01 -1.5608E-02
  2.9698E+00  9.9464E+00 -9.0787E-04  2.6481E-01  4.0371E-02  6.1389E-01 -3.0321E-02
  2.9732E+00  9.9576E+00 -9.0827E-04  2.6468E-01  5.1505E-02  6.1060E-01 -4.4181E-02
  2.9763E+00  9.9681E+00 -9.0854E-04  2.6453E-01  5.8165E-02  6.0543E-01 -5.1926E-02
  2.9795E+00  9.9786E+00 -9.0876E-04  2.6436E-01  5.8517E-02  5.9921E-01 -5.2473E-02
  2.9826E+00  9.9891E+00 -9.0903E-04  2.6420E-01  5.2360E-02  5.9358E-01 -4.5665E-02
  2.9860E+00  1.0000E+01 -9.0944E-04  2.6407E-01  4.0628E-02  5.8884E-01 -3.1728E-02
  2.9891E+00  1.0011E+01 -9.0999E-04  2.6400E-01  3.0022E-02  5.8793E-01 -1.6152E-02
  2.9923E+00  1.0021E+01 -9.1070E-04  2.6397E-01  2.5851E-02  5.9260E-01 -4.3520E-03
  2.9957E+00  1.0032E+01 -9.1152E-04  2.6396E-01  2.5949E-02  6.0228E-01 -2.0021E-03
  2.9988E+00  1.0043E+01 -9.1225E-04  2.6394E-01  2.8101E-02  6.1042E-01 -1.0170E-02
  3.0019E+00  1.0053E+01 -9.1284E-04  2.6389E-01  3.5640E-02  6.1326E-01 -2.4065E-02
  3.0053E+00  1.0065E+01 -9.1329E-04  2.6378E-01  4.7041E-02  6.1131E-01 -3.9091E-02
  3.0085E+00  1.0075E+01 -9.1358E-04  2.6364E-01  5.5758E-02  6.0717E-01 -4.9350E-02
  3.0116E+00  1.0086E+01 -9.1380E-04  2.6348E-01  5.8593E-02  5.9962E-01 -5.2709E-02
  3.0148E+00  1.0096E+01 -9.1403E-04  2.6332E-01  5.4495E-02  5.9411E-01 -4.8256E-02
  3.0181E+00  1.0107E+01 -9.1437E-04  2.6317E-01  4.4168E-02  5.8895E-01 -3.6369E-02
  3.0213E+00  1.0118E+01 -9.1486E-04  2.6308E-01  3.2731E-02  5.8667E-01 -2.1205E-02
  3.0244E+00  1.0128E+01 -9.1550E-04  2.6304E-01  2.6129E-02  5.8942E-01 -7.5202E-03
  3.0278E+00  1.0140E+01 -9.1631E-04  2.6303E-01  2.5402E-02  5.9809E-01 -1.3569E-03
  3.0309E+00  1.0150E+01 -9.1705E-04  2.6302E-01  2.6447E-02  6.0721E-01 -6.1251E-03
  3.0341E+00  1.0161E+01 -9.1768E-04  2.6298E-01  3.1722E-02  6.1205E-01 -1.8307E-02
  3.0374E+00  1.0172E+01 -9.1819E-04  2.6289E-01  4.2350E-02  6.1163E-01 -3.3541E-02
  3.0406E+00  1.0182E+01 -9.1851E-04  2.6277E-01  5.2090E-02  6.0827E-01 -4.5321E-02
  3.0437E+00  1.0193E+01 -9.1874E-04  2.6261E-01  5.7377E-02  6.0101E-01 -5.1481E-02
  3.0469E+00  1.0203E+01 -9.1895E-04  2.6245E-01  5.5515E-02  5.9523E-01 -4.9541E-02
  3.0502E+00  1.0214E+01 -9.1924E-04  2.6230E-01  4.7320E-02  5.8983E-01 -4.0308E-02
  3.0534E+00  1.0225E+01 -9.1966E-04  2.6219E-01  3.6172E-02  5.8626E-01 -2.6515E-02
  3.0565E+00  1.0235E+01 -9.2023E-04  2.6213E-01  2.7293E-02  5.8667E-01 -1.1834E-02
  3.0599E+00  1.0247E+01 -9.2099E-04  2.6211E-01  2.4916E-02  5.9320E-01 -1.9050E-03
  3.0630E+00  1.0257E+01 -9.2175E-04  2.6211E-01  2.5329E-02  6.0257E-01 -2.4342E-03
  3.0662E+00  1.0268E+01 -9.2243E-04  2.6209E-01  2.8107E-02  6.0962E-01 -1.1860E-02
  3.0695E+00  1.0279E+01 -9.2300E-04  2.6202E-01  3.6759E-02  6.1114E-01 -2.6461E-02
  3.0727E+00  1.0289E+01 -9.2338E-04  2.6192E-01  4.6649E-02  6.0841E-01 -3.9148E-02
  3.0758E+00  1.0300E+01 -9.2365E-04  2.6178E-01  5.3671E-02  6.0359E-01 -4.7424E-02
  3.0790E+00  1.0310E+01 -9.2386E-04  2.6163E-01  5.5063E-02  5.9741E-01 -4.9143E-02
  3.0823E+00  1.0322E+01 -9.2412E-04  2.6147E-01  4.9745E-02  5.9135E-01 -4.3266E-02
  3.0855E+00  1.0332E+01 -9.2447E-04  2.6135E-01  3.9862E-02  5.8665E-01 -3.1583E-02
  3.0886E+00  1.0343E+01 -9.2497E-04  2.6127E-01  2.9554E-02  5.8499E-01 -1.6932E-02
  3.0920E+00  1.0354E+01 -9.2568E-04  2.6124E-01  2.4732E-02  5.8915E-01 -4.2253E-03
  3.0951E+00  1.0364E+01 -9.2642E-04  2.6123E-01  2.4721E-02  5.9789E-01 -8.0297E-04
  3.0983E+00  1.0375E+01 -9.2713E-04  2.6122E-01  2.6032E-02  6.0656E-01 -7.1063E-03
  3.1016E+00  1.0386E+01 -9.2776E-04  2.6118E-01  3.2529E-02  6.1038E-01 -2.0603E-02
  3.1048E+00  1.0396E+01 -9.2819E-04  2.6109E-01  4.2362E-02  6.0900E-01 -3.4136E-02
  3.1079E+00  1.0407E+01 -9.2848E-04  2.6097E-01  5.1061E-02  6.0517E-01 -4.4582E-02
  3.1111E+00  1.0417E+01 -9.2869E-04  2.6082E-01  5.4867E-02  5.9783E-01 -4.9065E-02
  3.1144E+00  1.0429E+01 -9.2891E-04  2.6066E-01  5.1619E-02  5.9191E-01 -4.5555E-02
  3.1176E+00  1.0439E+01 -9.2921E-04  2.6053E-01  4.3103E-02  5.8694E-01 -3.5777E-02
  3.1207E+00  1.0450E+01 -9.2965E-04  2.6044E-01  3.2348E-02  5.8407E-01 -2.1808E-02
  3.1241E+00  1.0461E+01 -9.3029E-04  2.6039E-01  2.5101E-02  5.8620E-01 -7.5090E-03
  3.1272E+00  1.0471E+01 -9.3100E-04  2.6038E-01  2.4254E-02  5.9379E-01 -8.2147E-04
  3.1304E+00  1.0482E+01 -9.3173E-04  2.6037E-01  2.4886E-02  6.0313E-01 -3.7678E-03
  3.1337E+00  1.0493E+01 -9.3240E-04  2.6034E-01  2.9145E-02  6.0902E-01 -1.5289E-02
  3.1369E+00  1.0504E+01 -9.3287E-04  2.6027E-01  3.8013E-02  6.0919E-01 -2.8816E-02
  3.1400E+00  1.0514E+01 -9.3320E-04  2.6016E-01  4.7438E-02  6.0618E-01 -4.0539E-02
  3.1432E+00  1.0525E+01 -9.3342E-04  2.6002E-01  5.3427E-02  6.0087E-01 -4.7537E-02
  3.1465E+00  1.0536E+01 -9.3363E-04  2.5986E-01  5.2416E-02  5.9306E-01 -4.6582E-02
  3.1497E+00  1.0546E+01 -9.3389E-04  2.5972E-01  4.5849E-02  5.8795E-01 -3.9193E-02
  3.1528E+00  1.0557E+01 -9.3426E-04  2.5962E-01  3.5688E-02  5.8399E-01 -2.6769E-02
  3.1562E+00  1.0568E+01 -9.3483E-04  2.5955E-01  2.6363E-02  5.8374E-01 -1.1820E-02
  3.1593E+00  1.0578E+01 -9.3550E-04  2.5953E-01  2.3848E-02  5.8917E-01 -2.0317E-03
  3.1625E+00  1.0589E+01 -9.3623E-04  2.5953E-01  2.4127E-02  5.9832E-01 -9.2287E-04
  3.1658E+00  1.0600E+01 -9.3695E-04  2.5952E-01  2.6160E-02  6.0641E-01 -9.4050E-03
  3.1690E+00  1.0611E+01 -9.3748E-04  2.5947E-01  3.3003E-02  6.0852E-01 -2.2145E-02
  3.1721E+00  1.0621E+01 -9.3787E-04  2.5938E-01  4.2278E-02  6.0630E-01 -3.4561E-02
  3.1755E+00  1.0632E+01 -9.3815E-04  2.5924E-01  4.9855E-02  6.0145E-01 -4.3631E-02
  3.1786E+00  1.0643E+01 -9.3835E-04  2.5910E-01  5.1757E-02  5.9534E-01 -4.5938E-02
  3.1818E+00  1.0653E+01 -9.3858E-04  2.5896E-01  4.7809E-02  5.8962E-01 -4.1589E-02
  3.1849E+00  1.0664E+01 -9.3889E-04  2.5885E-01  3.9110E-02  5.8468E-01 -3.1373E-02
  3.1883E+00  1.0675E+01 -9.3939E-04  2.5876E-01  2.8655E-02  5.8235E-01 -1.6775E-02
  3.1914E+00  1.0686E+01 -9.4001E-04  2.5873E-01  2.3822E-02  5.8547E-01 -4.8030E-03
  3.1946E+00  1.0696E+01 -9.4072E-04  2.5873E-01  2.3637E-02  5.9364E-01 -2.4880E-05
  3.1979E+00  1.0707E+01 -9.4146E-04  2.5872E-01  2.4543E-02  6.0319E-01 -5.1573E-03
  3.2011E+00  1.0718E+01 -9.4204E-04  2.5869E-01  2.9337E-02  6.0750E-01 -1.6667E-02
  3.2042E+00  1.0728E+01 -9.4248E-04  2.5861E-01  3.8196E-02  6.0675E-01 -2.9645E-02
  3.2076E+00  1.0739E+01 -9.4279E-04  2.5849E-01  4.7238E-02  6.0295E-01 -4.0745E-02
  3.2107E+00  1.0750E+01 -9.4299E-04  2.5836E-01  5.1441E-02  5.9583E-01 -4.5715E-02
  3.2139E+00  1.0760E+01 -9.4319E-04  2.5821E-01  4.9329E-02  5.9019E-01 -4.3463E-02
  3.2170E+00  1.0771E+01 -9.4345E-04  2.5809E-01  4.2047E-02  5.8511E-01 -3.5134E-02
  3.2204E+00  1.0782E+01 -9.4388E-04  2.5799E-01  3.1389E-02  5.8163E-01 -2.1433E-02
  3.2235E+00  1.0793E+01 -9.4444E-04  2.5795E-01  2.4419E-02  5.8287E-01 -8.3200E-03
  3.2267E+00  1.0803E+01 -9.4512E-04  2.5793E-01  2.3214E-02  5.8969E-01 -6.2957E-04
  3.2300E+00  1.0814E+01 -9.4587E-04  2.5793E-01  2.3688E-02  5.9967E-01 -2.2963E-03
  3.2332E+00  1.0825E+01 -9.4649E-04  2.5791E-01  2.6576E-02  6.0587E-01 -1.1830E-02
  3.2363E+00  1.0835E+01 -9.4697E-04  2.5785E-01  3.4203E-02  6.0679E-01 -2.4556E-02
  3.2397E+00  1.0847E+01 -9.4732E-04  2.5775E-01  4.3760E-02  6.0392E-01 -3.6809E-02
  3.2428E+00  1.0857E+01 -9.4754E-04  2.5762E-01  4.9953E-02  5.9928E-01 -4.4106E-02
  3.2460E+00  1.0868E+01 -9.4772E-04  2.5748E-01  5.1366E-02  5.9431E-01 -4.5816E-02
  3.2491E+00  1.0878E+01 -9.4791E-04  2.5734E-01  4.6846E-02  5.8884E-01 -4.0823E-02
  3.2525E+00  1.0889E+01 -9.4823E-04  2.5722E-01  3.6610E-02  5.8364E-01 -2.8687E-02
  3.2556E+00  1.0900E+01 -9.4871E-04  2.5715E-01  2.6011E-02  5.8099E-01 -1.2846E-02
  3.2588E+00  1.0910E+01 -9.4938E-04  2.5714E-01  2.2950E-02  5.8204E-01  3.7716E-03
  3.2622E+00  1.0921E+01 -9.5028E-04  2.5718E-01  2.9225E-02  5.8668E-01  1.8280E-02
  3.2653E+00  1.0932E+01 -9.5125E-04  2.5725E-01  3.5536E-02  5.9175E-01  2.7101E-02
  3.2685E+00  1.0942E+01 -9.5230E-04  2.5735E-01  3.9369E-02  5.9537E-01  3.1868E-02
  3.2718E+00  1.0954E+01 -9.5345E-04  2.5746E-01  4.1237E-02  5.9728E-01  3.4106E-02
  3.2750E+00  1.0964E+01 -9.5455E-04  2.5756E-01  4.1836E-02  5.9787E-01  3.4819E-02
  3.2781E+00  1.0975E+01 -9.5565E-04  2.5767E-01  4.1936E-02  5.9790E-01  3.4945E-02
  3.2813E+00  1.0985E+01 -9.5675E-04  2.5778E-01  4.1852E-02  5.9773E-01  3.4854E-02
  3.2846E+00  1.0996E+01 -9.5792E-04  2.5790E-01  4.1715E-02  5.9749E-01  3.4703E-02
  3.2878E+00  1.1007E+01 -9.5902E-04  2.5801E-01  4.1594E-02  5.9730E-01  3.4569E-02
  3.2909E+00  1.1017E+01 -9.6011E-04  2.5812E-01  4.1486E-02  5.9717E-01  3.4449E-02
  3.2943E+00  1.1029E+01 -9.6128E-04  2.5823E-01  4.1429E-02  5.9684E-01  3.4396E-02
  3.2974E+00  1.1039E+01 -9.6237E-04  2.5834E-01  4.1441E-02  5.9676E-01  3.4418E-02
  3.3006E+00  1.1050E+01 -9.6347E-04  2.5845E-01  4.1452E-02  5.9668E-01  3.4440E-02
  3.3039E+00  1.1061E+01 -9.6463E-04  2.5856E-01  4.1464E-02  5.9660E-01  3.4463E-02
  3.3071E+00  1.1071E+01 -9.6573E-04  2.5867E-01  4.1475E-02  5.9652E-01  3.4485E-02
  3.3102E+00  1.1082E+01 -9.6682E-04  2.5878E-01  4.1486E-02  5.9644E-01  3.4507E-02
  3.3134E+00  1.1092E+01 -9.6791E-04  2.5889E-01  4.1498E-02  5.9636E-01  3.4529E-02
  3.3167E+00  1.1103E+01 -9.6908E-04  2.5901E-01  4.1510E-02  5.9628E-01  3.4553E-02
  3.3199E+00  1.1114E+01 -9.7018E-04  2.5911E-01  4.1521E-02  5.9620E-01  3.4575E-02
  3.3230E+00  1.1124E+01 -9.7127E-04  2.5922E-01  4.1532E-02  5.9612E-01  3.4597E-02
  3.3264E+00  1.1136E+01 -9.7244E-04  2.5934E-01  4.1544E-02  5.9603E-01  3.4620E-02
  3.3295E+00  1.1146E+01 -9.7353E-04  2.5945E-01  4.1555E-02  5.9595E-01  3.4642E-02
  3.3327E+00  1.1157E+01 -9.7462E-04  2.5956E-01  4.1567E-02  5.9587E-01  3.4664E-02
  3.3360E+00  1.1168E+01 -9.7579E-04  2.5967E-01  4.1579E-02  5.9579E-01  3.4687E-02
  3.3392E+00  1.1178E+01 -9.7689E-04  2.5978E-01  4.1590E-02  5.9571E-01  3.4709E-02
  3.3423E+00  1.1189E+01 -9.7798E-04  2.5989E-01  4.1601E-02  5.9563E-01  3.4731E-02
  3.3455E+00  1.1199E+01 -9.7908E-04  2.6000E-01  4.1612E-02  5.9555E-01  3.4753E-02
  3.3488E+00  1.1211E+01 -9.8024E-04  2.6012E-01  4.1624E-02  5.9546E-01  3.4776E-02
  3.3520E+00  1.1221E+01 -9.8134E-04  2.6023E-01  4.1636E-02  5.9538E-01  3.4798E-02
  3.3551E+00  1.1232E+01 -9.8243E-04  2.6034E-01  4.1647E-02  5.9530E-01  3.4820E-02
  3.3585E+00  1.1243E+01 -9.8360E-04  2.6045E-01  4.1659E-02  5.9521E-01  3.4843E-02
  3.3616E+00  1.1253E+01 -9.8469E-04  2.6056E-01  4.1670E-02  5.9513E-01  3.4865E-02
  3.3648E+00  1.1264E+01 -9.8579E-04  2.6067E-01  4.1681E-02  5.9505E-01  3.4886E-02
  3.3715E+00  1.1286E+01 -9.8812E-04  2.6090E-01  4.1705E-02  5.9488E-01  3.4933E-02
