  2.9064E-03  2.0784E-02  3.7880E-05  3.6834E-01  2.9048E+01  9.5486E-01  2.8972E+01
  6.1997E-03  3.3592E-02  5.7957E-05  4.4599E-01  1.9702E+01  9.7407E-01  1.9673E+01
  9.3336E-03  4.4811E-02  7.2542E-05  5.0200E-01  1.6612E+01  9.8555E-01  1.6597E+01
  1.2605E-02  5.6227E-02  8.6605E-05  5.5509E-01  1.6196E+01  1.0143E+00  1.6187E+01
  1.5793E-02  6.7248E-02  1.0055E-04  6.0846E-01  1.7508E+01  1.0784E+00  1.7502E+01
  1.8949E-02  7.8117E-02  1.1541E-04  6.6730E-01  1.9891E+01  1.1454E+00  1.9887E+01
  2.2301E-02  8.9626E-02  1.3276E-04  7.3913E-01  2.2975E+01  1.1593E+00  2.2972E+01
  2.5409E-02  1.0027E-01  1.5014E-04  8.1472E-01  2.5522E+01  1.0952E+00  2.5521E+01
  2.8735E-02  1.1162E-01  1.6919E-04  9.0226E-01  2.6749E+01  1.0653E+00  2.6748E+01
  3.1851E-02  1.2222E-01  1.8617E-04  9.8445E-01  2.5532E+01  1.2051E+00  2.5531E+01
  3.5047E-02  1.3309E-01  2.0135E-04  1.0605E+00  2.1626E+01  1.4174E+00  2.1624E+01
  3.8323E-02  1.4429E-01  2.1357E-04  1.1220E+00  1.5615E+01  1.5503E+00  1.5612E+01
  4.1606E-02  1.5549E-01  2.2207E-04  1.1626E+00  9.0807E+00  1.5550E+00  9.0766E+00
  4.4694E-02  1.6599E-01  2.2690E-04  1.1822E+00  3.7725E+00  1.4714E+00  3.7653E+00
  4.7999E-02  1.7719E-01  2.2933E-04  1.1876E+00  3.2348E-01  1.3388E+00 -2.6079E-01
  5.1106E-02  1.8769E-01  2.2985E-04  1.1832E+00  2.3644E+00  1.2295E+00 -2.3590E+00
  5.4428E-02  1.9889E-01  2.2939E-04  1.1740E+00  3.0332E+00  1.1886E+00 -3.0300E+00
  5.7549E-02  2.0939E-01  2.2870E-04  1.1652E+00  2.5258E+00  1.2773E+00 -2.5219E+00
  6.0881E-02  2.2059E-01  2.2831E-04  1.1590E+00  1.1315E+00  1.4633E+00 -1.1218E+00
  6.4009E-02  2.3109E-01  2.2863E-04  1.1583E+00  7.3848E-01  1.6401E+00  7.2190E-01
  6.7138E-02  2.4159E-01  2.2980E-04  1.1639E+00  2.7923E+00  1.6984E+00  2.7881E+00
  7.0478E-02  2.5279E-01  2.3195E-04  1.1769E+00  4.8973E+00  1.5369E+00  4.8955E+00
  7.3609E-02  2.6329E-01  2.3455E-04  1.1949E+00  6.4796E+00  1.2662E+00  6.4788E+00
  7.6741E-02  2.7379E-01  2.3741E-04  1.2170E+00  7.5052E+00  1.1295E+00  7.5047E+00
  8.0082E-02  2.8499E-01  2.4038E-04  1.2431E+00  7.9950E+00  1.2085E+00  7.9944E+00
  8.3214E-02  2.9549E-01  2.4287E-04  1.2683E+00  8.0270E+00  1.3125E+00  8.0264E+00
  8.6555E-02  3.0669E-01  2.4503E-04  1.2948E+00  7.7611E+00  1.3781E+00  7.7604E+00
  8.9687E-02  3.1719E-01  2.4649E-04  1.3185E+00  7.3340E+00  1.3788E+00  7.3332E+00
  9.2819E-02  3.2769E-01  2.4735E-04  1.3407E+00  6.8419E+00  1.3266E+00  6.8412E+00
  9.6159E-02  3.3889E-01  2.4759E-04  1.3627E+00  6.3240E+00  1.2703E+00  6.3233E+00
  9.9291E-02  3.4939E-01  2.4719E-04  1.3818E+00  5.8586E+00  1.2393E+00  5.8579E+00
  1.0263E-01  3.6059E-01  2.4612E-04  1.4006E+00  5.3748E+00  1.2227E+00  5.3741E+00
  1.0576E-01  3.7109E-01  2.4453E-04  1.4167E+00  4.9265E+00  1.2172E+00  4.9257E+00
  1.0889E-01  3.8159E-01  2.4238E-04  1.4314E+00  4.4817E+00  1.2164E+00  4.4809E+00
  1.1224E-01  3.9279E-01  2.3953E-04  1.4456E+00  4.0122E+00  1.2199E+00  4.0113E+00
  1.1537E-01  4.0329E-01  2.3635E-04  1.4574E+00  3.5789E+00  1.2272E+00  3.5780E+00
  1.1850E-01  4.1379E-01  2.3273E-04  1.4679E+00  3.1550E+00  1.2376E+00  3.1539E+00
  1.2184E-01  4.2499E-01  2.2843E-04  1.4777E+00  2.7161E+00  1.2516E+00  2.7148E+00
  1.2497E-01  4.3549E-01  2.2403E-04  1.4855E+00  2.3200E+00  1.2672E+00  2.3184E+00
  1.2831E-01  4.4669E-01  2.1899E-04  1.4925E+00  1.9165E+00  1.2863E+00  1.9146E+00
  1.3144E-01  4.5719E-01  2.1401E-04  1.4979E+00  1.5581E+00  1.3050E+00  1.5557E+00
  1.3458E-01  4.6769E-01  2.0881E-04  1.5022E+00  1.2209E+00  1.3236E+00  1.2178E+00
  1.3792E-01  4.7889E-01  2.0310E-04  1.5056E+00  8.8602E-01  1.3422E+00  8.8160E-01
  1.4105E-01  4.8939E-01  1.9762E-04  1.5078E+00  5.9681E-01  1.3580E+00  5.9009E-01
  1.4418E-01  4.9989E-01  1.9208E-04  1.5092E+00  3.3420E-01  1.3713E+00  3.2183E-01
  1.4752E-01  5.1109E-01  1.8614E-04  1.5097E+00  1.0950E-01  1.3819E+00  6.1289E-02
  1.5065E-01  5.2159E-01  1.8058E-04  1.5095E+00  1.8360E-01  1.3879E+00 -1.5937E-01
  1.5400E-01  5.3279E-01  1.7470E-04  1.5085E+00  3.8150E-01  1.3900E+00 -3.7040E-01
  1.5713E-01  5.4329E-01  1.6926E-04  1.5070E+00  5.5401E-01  1.3879E+00 -5.4644E-01
  1.6026E-01  5.5379E-01  1.6391E-04  1.5049E+00  7.0847E-01  1.3821E+00 -7.0260E-01
  1.6360E-01  5.6499E-01  1.5834E-04  1.5023E+00  8.5359E-01  1.3723E+00 -8.4877E-01
  1.6673E-01  5.7549E-01  1.5325E-04  1.4994E+00  9.7239E-01  1.3602E+00 -9.6822E-01
  1.6987E-01  5.8599E-01  1.4831E-04  1.4961E+00  1.0759E+00  1.3459E+00 -1.0722E+00
  1.7321E-01  5.9719E-01  1.4320E-04  1.4923E+00  1.1710E+00  1.3288E+00 -1.1677E+00
  1.7634E-01  6.0769E-01  1.3857E-04  1.4885E+00  1.2473E+00  1.3119E+00 -1.2443E+00
  1.7968E-01  6.1889E-01  1.3380E-04  1.4841E+00  1.3167E+00  1.2934E+00 -1.3139E+00
  1.8281E-01  6.2939E-01  1.2950E-04  1.4799E+00  1.3718E+00  1.2764E+00 -1.3692E+00
  1.8594E-01  6.3989E-01  1.2534E-04  1.4755E+00  1.4186E+00  1.2600E+00 -1.4160E+00
  1.8929E-01  6.5109E-01  1.2108E-04  1.4706E+00  1.4604E+00  1.2435E+00 -1.4580E+00
  1.9242E-01  6.6159E-01  1.1723E-04  1.4659E+00  1.4931E+00  1.2292E+00 -1.4908E+00
  1.9555E-01  6.7209E-01  1.1351E-04  1.4612E+00  1.5205E+00  1.2163E+00 -1.5182E+00
  1.9889E-01  6.8329E-01  1.0969E-04  1.4560E+00  1.5446E+00  1.2041E+00 -1.5424E+00
  2.0202E-01  6.9379E-01  1.0624E-04  1.4512E+00  1.5632E+00  1.1941E+00 -1.5611E+00
  2.0537E-01  7.0499E-01  1.0268E-04  1.4459E+00  1.5794E+00  1.1848E+00 -1.5773E+00
  2.0850E-01  7.1549E-01  9.9462E-05  1.4409E+00  1.5918E+00  1.1774E+00 -1.5897E+00
  2.1163E-01  7.2599E-01  9.6339E-05  1.4359E+00  1.6018E+00  1.1711E+00 -1.5997E+00
  2.1497E-01  7.3719E-01  9.3110E-05  1.4305E+00  1.6102E+00  1.1656E+00 -1.6082E+00
  2.1810E-01  7.4769E-01  9.0172E-05  1.4254E+00  1.6165E+00  1.1612E+00 -1.6144E+00
  2.2124E-01  7.5819E-01  8.7313E-05  1.4203E+00  1.6213E+00  1.1575E+00 -1.6193E+00
  2.2458E-01  7.6939E-01  8.4344E-05  1.4149E+00  1.6251E+00  1.1544E+00 -1.6231E+00
  2.2771E-01  7.7989E-01  8.1630E-05  1.4098E+00  1.6277E+00  1.1521E+00 -1.6257E+00
  2.3105E-01  7.9109E-01  7.8803E-05  1.4044E+00  1.6296E+00  1.1501E+00 -1.6275E+00
  2.3418E-01  8.0159E-01  7.6211E-05  1.3992E+00  1.6306E+00  1.1486E+00 -1.6285E+00
  2.3732E-01  8.1209E-01  7.3671E-05  1.3941E+00  1.6310E+00  1.1474E+00 -1.6289E+00
  2.4066E-01  8.2329E-01  7.1014E-05  1.3887E+00  1.6309E+00  1.1464E+00 -1.6288E+00
  2.4379E-01  8.3379E-01  6.8568E-05  1.3836E+00  1.6303E+00  1.1457E+00 -1.6282E+00
  2.4692E-01  8.4429E-01  6.6161E-05  1.3785E+00  1.6294E+00  1.1451E+00 -1.6273E+00
  2.5026E-01  8.5549E-01  6.3634E-05  1.3730E+00  1.6281E+00  1.1447E+00 -1.6260E+00
  2.5340E-01  8.6599E-01  6.1300E-05  1.3679E+00  1.6266E+00  1.1445E+00 -1.6245E+00
  2.5674E-01  8.7719E-01  5.8843E-05  1.3625E+00  1.6248E+00  1.1443E+00 -1.6226E+00
  2.5987E-01  8.8769E-01  5.6568E-05  1.3574E+00  1.6228E+00  1.1442E+00 -1.6207E+00
  2.6300E-01  8.9819E-01  5.4319E-05  1.3523E+00  1.6208E+00  1.1442E+00 -1.6186E+00
  2.6634E-01  9.0939E-01  5.1944E-05  1.3469E+00  1.6184E+00  1.1442E+00 -1.6162E+00
  2.6948E-01  9.1989E-01  4.9740E-05  1.3418E+00  1.6160E+00  1.1442E+00 -1.6138E+00
  2.7261E-01  9.3039E-01  4.7555E-05  1.3368E+00  1.6135E+00  1.1444E+00 -1.6113E+00
  2.7595E-01  9.4159E-01  4.5244E-05  1.3314E+00  1.6108E+00  1.1445E+00 -1.6085E+00
  2.7908E-01  9.5209E-01  4.3093E-05  1.3264E+00  1.6081E+00  1.1446E+00 -1.6059E+00
  2.8242E-01  9.6329E-01  4.0816E-05  1.3210E+00  1.6052E+00  1.1448E+00 -1.6029E+00
  2.8556E-01  9.7379E-01  3.8694E-05  1.3160E+00  1.6024E+00  1.1449E+00 -1.6001E+00
  2.8869E-01  9.8429E-01  3.6585E-05  1.3110E+00  1.5996E+00  1.1451E+00 -1.5972E+00
  2.9203E-01  9.9549E-01  3.4347E-05  1.3056E+00  1.5965E+00  1.1453E+00 -1.5941E+00
  2.9516E-01  1.0060E+00  3.2259E-05  1.3006E+00  1.5935E+00  1.1455E+00 -1.5911E+00
  2.9830E-01  1.0165E+00  3.0181E-05  1.2957E+00  1.5905E+00  1.1457E+00 -1.5881E+00
  3.0164E-01  1.0277E+00  2.7973E-05  1.2904E+00  1.5872E+00  1.1458E+00 -1.5848E+00
  3.0477E-01  1.0382E+00  2.5911E-05  1.2854E+00  1.5842E+00  1.1460E+00 -1.5817E+00
  3.0811E-01  1.0494E+00  2.3719E-05  1.2801E+00  1.5808E+00  1.1461E+00 -1.5783E+00
  3.1124E-01  1.0599E+00  2.1671E-05  1.2752E+00  1.5777E+00  1.1463E+00 -1.5752E+00
  3.1438E-01  1.0704E+00  1.9628E-05  1.2703E+00  1.5745E+00  1.1465E+00 -1.5720E+00
  3.1772E-01  1.0816E+00  1.7455E-05  1.2650E+00  1.5711E+00  1.1467E+00 -1.5685E+00
  3.2085E-01  1.0921E+00  1.5423E-05  1.2601E+00  1.5679E+00  1.1469E+00 -1.5653E+00
  3.2419E-01  1.1033E+00  1.3259E-05  1.2549E+00  1.5644E+00  1.1470E+00 -1.5618E+00
  3.2732E-01  1.1138E+00  1.1235E-05  1.2500E+00  1.5611E+00  1.1471E+00 -1.5585E+00
  3.3046E-01  1.1243E+00  9.2135E-06  1.2451E+00  1.5578E+00  1.1473E+00 -1.5551E+00
  3.3380E-01  1.1355E+00  7.0607E-06  1.2399E+00  1.5543E+00  1.1475E+00 -1.5515E+00
  3.3693E-01  1.1460E+00  5.0450E-06  1.2351E+00  1.5509E+00  1.1477E+00 -1.5482E+00
  3.4006E-01  1.1565E+00  3.0316E-06  1.2302E+00  1.5476E+00  1.1478E+00 -1.5448E+00
  3.4340E-01  1.1677E+00  8.8608E-07  1.2251E+00  1.5439E+00  1.1479E+00 -1.5411E+00
  3.4653E-01  1.1782E+00 -1.1234E-06  1.2202E+00  1.5405E+00  1.1480E+00 -1.5377E+00
  3.4988E-01  1.1894E+00 -3.2652E-06  1.2151E+00  1.5369E+00  1.1481E+00 -1.5340E+00
  3.5301E-01  1.1999E+00 -5.2718E-06  1.2103E+00  1.5334E+00  1.1482E+00 -1.5305E+00
  3.5614E-01  1.2104E+00 -7.2773E-06  1.2055E+00  1.5300E+00  1.1484E+00 -1.5270E+00
  3.5948E-01  1.2216E+00 -9.4156E-06  1.2004E+00  1.5263E+00  1.1485E+00 -1.5233E+00
  3.6261E-01  1.2321E+00 -1.1420E-05  1.1956E+00  1.5228E+00  1.1486E+00 -1.5198E+00
  3.6575E-01  1.2426E+00 -1.3423E-05  1.1909E+00  1.5192E+00  1.1486E+00 -1.5162E+00
  3.6909E-01  1.2538E+00 -1.5560E-05  1.1858E+00  1.5155E+00  1.1486E+00 -1.5124E+00
  3.7222E-01  1.2643E+00 -1.7563E-05  1.1811E+00  1.5119E+00  1.1487E+00 -1.5088E+00
  3.7556E-01  1.2755E+00 -1.9699E-05  1.1761E+00  1.5081E+00  1.1488E+00 -1.5050E+00
  3.7869E-01  1.2860E+00 -2.1702E-05  1.1714E+00  1.5045E+00  1.1488E+00 -1.5014E+00
  3.8183E-01  1.2965E+00 -2.3706E-05  1.1667E+00  1.5009E+00  1.1489E+00 -1.4977E+00
  3.8517E-01  1.3077E+00 -2.5843E-05  1.1617E+00  1.4971E+00  1.1489E+00 -1.4938E+00
  3.8830E-01  1.3182E+00 -2.7847E-05  1.1570E+00  1.4934E+00  1.1489E+00 -1.4902E+00
  3.9143E-01  1.3287E+00 -2.9852E-05  1.1523E+00  1.4898E+00  1.1489E+00 -1.4865E+00
  3.9477E-01  1.3399E+00 -3.1991E-05  1.1474E+00  1.4858E+00  1.1489E+00 -1.4825E+00
  3.9791E-01  1.3504E+00 -3.3996E-05  1.1427E+00  1.4822E+00  1.1489E+00 -1.4788E+00
  4.0125E-01  1.3616E+00 -3.6136E-05  1.1378E+00  1.4782E+00  1.1489E+00 -1.4748E+00
  4.0438E-01  1.3721E+00 -3.8143E-05  1.1332E+00  1.4745E+00  1.1489E+00 -1.4711E+00
  4.0751E-01  1.3826E+00 -4.0151E-05  1.1286E+00  1.4707E+00  1.1488E+00 -1.4673E+00
  4.1085E-01  1.3938E+00 -4.2293E-05  1.1237E+00  1.4667E+00  1.1487E+00 -1.4632E+00
  4.1399E-01  1.4043E+00 -4.4302E-05  1.1191E+00  1.4629E+00  1.1486E+00 -1.4594E+00
  4.1712E-01  1.4148E+00 -4.6311E-05  1.1145E+00  1.4591E+00  1.1485E+00 -1.4556E+00
  4.2046E-01  1.4260E+00 -4.8455E-05  1.1097E+00  1.4551E+00  1.1484E+00 -1.4515E+00
  4.2359E-01  1.4365E+00 -5.0466E-05  1.1051E+00  1.4513E+00  1.1484E+00 -1.4476E+00
  4.2693E-01  1.4477E+00 -5.2612E-05  1.1003E+00  1.4472E+00  1.1482E+00 -1.4435E+00
  4.3007E-01  1.4582E+00 -5.4624E-05  1.0958E+00  1.4433E+00  1.1480E+00 -1.4395E+00
  4.3320E-01  1.4687E+00 -5.6637E-05  1.0913E+00  1.4394E+00  1.1479E+00 -1.4356E+00
  4.3654E-01  1.4799E+00 -5.8784E-05  1.0865E+00  1.4352E+00  1.1477E+00 -1.4314E+00
  4.3967E-01  1.4904E+00 -6.0798E-05  1.0820E+00  1.4313E+00  1.1476E+00 -1.4275E+00
  4.4281E-01  1.5009E+00 -6.2813E-05  1.0776E+00  1.4274E+00  1.1474E+00 -1.4235E+00
  4.4615E-01  1.5121E+00 -6.4961E-05  1.0728E+00  1.4232E+00  1.1473E+00 -1.4192E+00
  4.4928E-01  1.5226E+00 -6.6958E-05  1.0684E+00  1.4192E+00  1.1472E+00 -1.4152E+00
  4.5262E-01  1.5338E+00 -6.9072E-05  1.0637E+00  1.4150E+00  1.1467E+00 -1.4109E+00
  4.5575E-01  1.5443E+00 -7.1071E-05  1.0592E+00  1.4109E+00  1.1465E+00 -1.4069E+00
  4.5889E-01  1.5548E+00 -7.3071E-05  1.0548E+00  1.4069E+00  1.1462E+00 -1.4028E+00
  4.6223E-01  1.5660E+00 -7.5205E-05  1.0502E+00  1.4026E+00  1.1460E+00 -1.3984E+00
  4.6536E-01  1.5765E+00 -7.7208E-05  1.0458E+00  1.3985E+00  1.1457E+00 -1.3943E+00
  4.6849E-01  1.5870E+00 -7.9211E-05  1.0414E+00  1.3945E+00  1.1454E+00 -1.3902E+00
  4.7183E-01  1.5982E+00 -8.1350E-05  1.0368E+00  1.3901E+00  1.1450E+00 -1.3858E+00
  4.7497E-01  1.6087E+00 -8.3355E-05  1.0325E+00  1.3860E+00  1.1447E+00 -1.3816E+00
  4.7831E-01  1.6199E+00 -8.5495E-05  1.0278E+00  1.3816E+00  1.1443E+00 -1.3771E+00
  4.8144E-01  1.6304E+00 -8.7502E-05  1.0235E+00  1.3774E+00  1.1440E+00 -1.3729E+00
  4.8457E-01  1.6409E+00 -8.9509E-05  1.0192E+00  1.3732E+00  1.1436E+00 -1.3687E+00
  4.8791E-01  1.6521E+00 -9.1652E-05  1.0147E+00  1.3688E+00  1.1433E+00 -1.3642E+00
  4.9105E-01  1.6626E+00 -9.3661E-05  1.0104E+00  1.3645E+00  1.1428E+00 -1.3599E+00
  4.9418E-01  1.6731E+00 -9.5670E-05  1.0062E+00  1.3603E+00  1.1423E+00 -1.3556E+00
  4.9752E-01  1.6843E+00 -9.7815E-05  1.0016E+00  1.3558E+00  1.1418E+00 -1.3511E+00
  5.0065E-01  1.6948E+00 -9.9825E-05  9.9742E-01  1.3515E+00  1.1414E+00 -1.3467E+00
  5.0399E-01  1.7060E+00 -1.0197E-04  9.9292E-01  1.3469E+00  1.1409E+00 -1.3421E+00
  5.0713E-01  1.7165E+00 -1.0398E-04  9.8873E-01  1.3426E+00  1.1405E+00 -1.3378E+00
  5.1026E-01  1.7270E+00 -1.0600E-04  9.8454E-01  1.3383E+00  1.1400E+00 -1.3334E+00
  5.1360E-01  1.7382E+00 -1.0814E-04  9.8010E-01  1.3337E+00  1.1394E+00 -1.3287E+00
  5.1673E-01  1.7487E+00 -1.1015E-04  9.7594E-01  1.3293E+00  1.1388E+00 -1.3243E+00
  5.1986E-01  1.7592E+00 -1.1217E-04  9.7180E-01  1.3249E+00  1.1382E+00 -1.3198E+00
  5.2321E-01  1.7704E+00 -1.1431E-04  9.6740E-01  1.3202E+00  1.1376E+00 -1.3151E+00
  5.2634E-01  1.7809E+00 -1.1633E-04  9.6329E-01  1.3158E+00  1.1370E+00 -1.3106E+00
  5.2968E-01  1.7921E+00 -1.1847E-04  9.5891E-01  1.3111E+00  1.1364E+00 -1.3058E+00
  5.3281E-01  1.8026E+00 -1.2049E-04  9.5483E-01  1.3066E+00  1.1357E+00 -1.3013E+00
  5.3594E-01  1.8131E+00 -1.2250E-04  9.5076E-01  1.3021E+00  1.1350E+00 -1.2967E+00
  5.3929E-01  1.8243E+00 -1.2464E-04  9.4644E-01  1.2973E+00  1.1342E+00 -1.2918E+00
  5.4242E-01  1.8348E+00 -1.2665E-04  9.4240E-01  1.2928E+00  1.1335E+00 -1.2873E+00
  5.4555E-01  1.8453E+00 -1.2866E-04  9.3837E-01  1.2882E+00  1.1328E+00 -1.2826E+00
  5.4889E-01  1.8565E+00 -1.3081E-04  9.3410E-01  1.2834E+00  1.1321E+00 -1.2777E+00
  5.5202E-01  1.8670E+00 -1.3281E-04  9.3010E-01  1.2788E+00  1.1313E+00 -1.2731E+00
  5.5537E-01  1.8782E+00 -1.3496E-04  9.2586E-01  1.2738E+00  1.1304E+00 -1.2681E+00
  5.5850E-01  1.8887E+00 -1.3696E-04  9.2189E-01  1.2692E+00  1.1295E+00 -1.2634E+00
  5.6163E-01  1.8992E+00 -1.3896E-04  9.1794E-01  1.2646E+00  1.1287E+00 -1.2587E+00
  5.6497E-01  1.9104E+00 -1.4110E-04  9.1374E-01  1.2596E+00  1.1278E+00 -1.2536E+00
  5.6810E-01  1.9209E+00 -1.4310E-04  9.0983E-01  1.2549E+00  1.1269E+00 -1.2489E+00
  5.7124E-01  1.9314E+00 -1.4510E-04  9.0592E-01  1.2502E+00  1.1261E+00 -1.2441E+00
  5.7458E-01  1.9426E+00 -1.4723E-04  9.0177E-01  1.2451E+00  1.1251E+00 -1.2390E+00
  5.7771E-01  1.9531E+00 -1.4922E-04  8.9790E-01  1.2404E+00  1.1240E+00 -1.2341E+00
  5.8105E-01  1.9643E+00 -1.5134E-04  8.9378E-01  1.2353E+00  1.1229E+00 -1.2290E+00
  5.8418E-01  1.9748E+00 -1.5333E-04  8.8994E-01  1.2305E+00  1.1219E+00 -1.2241E+00
  5.8732E-01  1.9853E+00 -1.5532E-04  8.8612E-01  1.2257E+00  1.1209E+00 -1.2192E+00
  5.9066E-01  1.9965E+00 -1.5743E-04  8.8205E-01  1.2205E+00  1.1199E+00 -1.2140E+00
  5.9379E-01  2.0070E+00 -1.5941E-04  8.7826E-01  1.2156E+00  1.1189E+00 -1.2091E+00
  5.9692E-01  2.0175E+00 -1.6139E-04  8.7448E-01  1.2107E+00  1.1177E+00 -1.2041E+00
  6.0026E-01  2.0287E+00 -1.6350E-04  8.7046E-01  1.2055E+00  1.1164E+00 -1.1988E+00
  6.0340E-01  2.0392E+00 -1.6547E-04  8.6671E-01  1.2006E+00  1.1152E+00 -1.1938E+00
  6.0674E-01  2.0504E+00 -1.6756E-04  8.6273E-01  1.1953E+00  1.1140E+00 -1.1884E+00
  6.0987E-01  2.0609E+00 -1.6953E-04  8.5902E-01  1.1903E+00  1.1128E+00 -1.1834E+00
  6.1300E-01  2.0714E+00 -1.7149E-04  8.5532E-01  1.1853E+00  1.1117E+00 -1.1783E+00
  6.1634E-01  2.0826E+00 -1.7357E-04  8.5139E-01  1.1800E+00  1.1103E+00 -1.1729E+00
  6.1948E-01  2.0931E+00 -1.7553E-04  8.4773E-01  1.1749E+00  1.1089E+00 -1.1678E+00
  6.2261E-01  2.1036E+00 -1.7747E-04  8.4408E-01  1.1699E+00  1.1075E+00 -1.1626E+00
  6.2595E-01  2.1148E+00 -1.7954E-04  8.4020E-01  1.1645E+00  1.1061E+00 -1.1571E+00
  6.2908E-01  2.1253E+00 -1.8148E-04  8.3658E-01  1.1593E+00  1.1047E+00 -1.1519E+00
  6.3242E-01  2.1365E+00 -1.8354E-04  8.3274E-01  1.1539E+00  1.1033E+00 -1.1464E+00
  6.3556E-01  2.1470E+00 -1.8547E-04  8.2916E-01  1.1487E+00  1.1020E+00 -1.1412E+00
  6.3869E-01  2.1575E+00 -1.8740E-04  8.2559E-01  1.1436E+00  1.1004E+00 -1.1359E+00
  6.4203E-01  2.1687E+00 -1.8944E-04  8.2181E-01  1.1380E+00  1.0987E+00 -1.1303E+00
  6.4516E-01  2.1792E+00 -1.9135E-04  8.1828E-01  1.1328E+00  1.0972E+00 -1.1250E+00
  6.4830E-01  2.1897E+00 -1.9326E-04  8.1476E-01  1.1275E+00  1.0956E+00 -1.1196E+00
  6.5164E-01  2.2009E+00 -1.9529E-04  8.1103E-01  1.1219E+00  1.0940E+00 -1.1139E+00
  6.5477E-01  2.2114E+00 -1.9718E-04  8.0755E-01  1.1166E+00  1.0925E+00 -1.1086E+00
  6.5811E-01  2.2226E+00 -1.9920E-04  8.0385E-01  1.1110E+00  1.0907E+00 -1.1028E+00
  6.6124E-01  2.2331E+00 -2.0108E-04  8.0041E-01  1.1056E+00  1.0889E+00 -1.0974E+00
  6.6438E-01  2.2436E+00 -2.0295E-04  7.9698E-01  1.1003E+00  1.0871E+00 -1.0919E+00
  6.6772E-01  2.2548E+00 -2.0495E-04  7.9334E-01  1.0945E+00  1.0853E+00 -1.0861E+00
  6.7085E-01  2.2653E+00 -2.0680E-04  7.8994E-01  1.0891E+00  1.0835E+00 -1.0806E+00
  6.7398E-01  2.2758E+00 -2.0866E-04  7.8657E-01  1.0837E+00  1.0818E+00 -1.0751E+00
  6.7732E-01  2.2870E+00 -2.1062E-04  7.8299E-01  1.0779E+00  1.0799E+00 -1.0692E+00
  6.8046E-01  2.2975E+00 -2.1246E-04  7.7964E-01  1.0724E+00  1.0780E+00 -1.0636E+00
  6.8380E-01  2.3087E+00 -2.1440E-04  7.7610E-01  1.0665E+00  1.0758E+00 -1.0577E+00
  6.8693E-01  2.3192E+00 -2.1622E-04  7.7280E-01  1.0610E+00  1.0738E+00 -1.0520E+00
  6.9006E-01  2.3297E+00 -2.1803E-04  7.6951E-01  1.0555E+00  1.0719E+00 -1.0464E+00
  6.9340E-01  2.3409E+00 -2.1995E-04  7.6602E-01  1.0495E+00  1.0698E+00 -1.0404E+00
  6.9654E-01  2.3514E+00 -2.2174E-04  7.6277E-01  1.0439E+00  1.0679E+00 -1.0347E+00
  6.9967E-01  2.3619E+00 -2.2352E-04  7.5954E-01  1.0383E+00  1.0658E+00 -1.0290E+00
  7.0301E-01  2.3731E+00 -2.2540E-04  7.5611E-01  1.0323E+00  1.0635E+00 -1.0228E+00
  7.0614E-01  2.3836E+00 -2.2716E-04  7.5292E-01  1.0266E+00  1.0613E+00 -1.0171E+00
  7.0948E-01  2.3948E+00 -2.2903E-04  7.4953E-01  1.0206E+00  1.0589E+00 -1.0109E+00
  7.1261E-01  2.4053E+00 -2.3076E-04  7.4637E-01  1.0149E+00  1.0567E+00 -1.0051E+00
  7.1575E-01  2.4158E+00 -2.3249E-04  7.4323E-01  1.0091E+00  1.0546E+00 -9.9928E-01
  7.1909E-01  2.4270E+00 -2.3432E-04  7.3990E-01  1.0030E+00  1.0523E+00 -9.9303E-01
  7.2222E-01  2.4375E+00 -2.3602E-04  7.3680E-01  9.9720E-01  1.0499E+00 -9.8715E-01
  7.2535E-01  2.4480E+00 -2.3771E-04  7.3372E-01  9.9139E-01  1.0474E+00 -9.8124E-01
  7.2869E-01  2.4592E+00 -2.3949E-04  7.3045E-01  9.8517E-01  1.0449E+00 -9.7491E-01
  7.3183E-01  2.4697E+00 -2.4116E-04  7.2740E-01  9.7931E-01  1.0424E+00 -9.6895E-01
  7.3517E-01  2.4809E+00 -2.4292E-04  7.2418E-01  9.7304E-01  1.0399E+00 -9.6257E-01
  7.3830E-01  2.4914E+00 -2.4455E-04  7.2117E-01  9.6715E-01  1.0375E+00 -9.5657E-01
  7.4143E-01  2.5019E+00 -2.4617E-04  7.1818E-01  9.6122E-01  1.0351E+00 -9.5054E-01
  7.4477E-01  2.5131E+00 -2.4789E-04  7.1502E-01  9.5487E-01  1.0322E+00 -9.4408E-01
  7.4791E-01  2.5236E+00 -2.4948E-04  7.1207E-01  9.4889E-01  1.0295E+00 -9.3800E-01
  7.5104E-01  2.5341E+00 -2.5106E-04  7.0914E-01  9.4288E-01  1.0268E+00 -9.3189E-01
  7.5438E-01  2.5453E+00 -2.5273E-04  7.0604E-01  9.3646E-01  1.0240E+00 -9.2535E-01
  7.5751E-01  2.5558E+00 -2.5428E-04  7.0315E-01  9.3041E-01  1.0213E+00 -9.1920E-01
  7.6085E-01  2.5670E+00 -2.5591E-04  7.0009E-01  9.2394E-01  1.0185E+00 -9.1262E-01
  7.6399E-01  2.5775E+00 -2.5743E-04  6.9724E-01  9.1784E-01  1.0157E+00 -9.0641E-01
  7.6712E-01  2.5880E+00 -2.5893E-04  6.9441E-01  9.1172E-01  1.0128E+00 -9.0018E-01
  7.7046E-01  2.5992E+00 -2.6051E-04  6.9141E-01  9.0516E-01  1.0097E+00 -8.9350E-01
  7.7359E-01  2.6097E+00 -2.6198E-04  6.8862E-01  8.9899E-01  1.0068E+00 -8.8723E-01
  7.7673E-01  2.6202E+00 -2.6343E-04  6.8585E-01  8.9280E-01  1.0039E+00 -8.8092E-01
  7.8007E-01  2.6314E+00 -2.6496E-04  6.8292E-01  8.8617E-01  1.0008E+00 -8.7418E-01
  7.8320E-01  2.6419E+00 -2.6637E-04  6.8019E-01  8.7994E-01  9.9798E-01 -8.6783E-01
  7.8654E-01  2.6531E+00 -2.6786E-04  6.7730E-01  8.7325E-01  9.9458E-01 -8.6103E-01
  7.8967E-01  2.6636E+00 -2.6923E-04  6.7461E-01  8.6696E-01  9.9142E-01 -8.5462E-01
  7.9281E-01  2.6741E+00 -2.7058E-04  6.7195E-01  8.6064E-01  9.8827E-01 -8.4820E-01
  7.9615E-01  2.6853E+00 -2.7200E-04  6.6912E-01  8.5388E-01  9.8495E-01 -8.4132E-01
  7.9928E-01  2.6958E+00 -2.7332E-04  6.6650E-01  8.4753E-01  9.8185E-01 -8.3485E-01
  8.0241E-01  2.7063E+00 -2.7461E-04  6.6389E-01  8.4115E-01  9.7877E-01 -8.2836E-01
  8.0575E-01  2.7175E+00 -2.7596E-04  6.6114E-01  8.3432E-01  9.7532E-01 -8.2140E-01
  8.0889E-01  2.7280E+00 -2.7721E-04  6.5857E-01  8.2789E-01  9.7193E-01 -8.1485E-01
  8.1223E-01  2.7392E+00 -2.7852E-04  6.5586E-01  8.2100E-01  9.6834E-01 -8.0785E-01
  8.1536E-01  2.7497E+00 -2.7972E-04  6.5334E-01  8.1453E-01  9.6500E-01 -8.0125E-01
  8.1849E-01  2.7602E+00 -2.8090E-04  6.5084E-01  8.0803E-01  9.6168E-01 -7.9464E-01
  8.2183E-01  2.7714E+00 -2.8213E-04  6.4820E-01  8.0108E-01  9.5816E-01 -7.8756E-01
  8.2497E-01  2.7819E+00 -2.8327E-04  6.4574E-01  7.9454E-01  9.5489E-01 -7.8090E-01
  8.2810E-01  2.7924E+00 -2.8438E-04  6.4331E-01  7.8797E-01  9.5129E-01 -7.7421E-01
  8.3144E-01  2.8036E+00 -2.8554E-04  6.4073E-01  7.8093E-01  9.4744E-01 -7.6705E-01
  8.3457E-01  2.8141E+00 -2.8660E-04  6.3834E-01  7.7432E-01  9.4386E-01 -7.6031E-01
  8.3791E-01  2.8253E+00 -2.8770E-04  6.3581E-01  7.6724E-01  9.4007E-01 -7.5311E-01
  8.4105E-01  2.8358E+00 -2.8871E-04  6.3346E-01  7.6059E-01  9.3655E-01 -7.4633E-01
  8.4418E-01  2.8463E+00 -2.8970E-04  6.3113E-01  7.5391E-01  9.3305E-01 -7.3953E-01
  8.4752E-01  2.8575E+00 -2.9072E-04  6.2867E-01  7.4677E-01  9.2918E-01 -7.3225E-01
  8.5065E-01  2.8680E+00 -2.9165E-04  6.2639E-01  7.4003E-01  9.2532E-01 -7.2539E-01
  8.5399E-01  2.8792E+00 -2.9262E-04  6.2398E-01  7.3283E-01  9.2123E-01 -7.1806E-01
  8.5713E-01  2.8897E+00 -2.9349E-04  6.2174E-01  7.2606E-01  9.1743E-01 -7.1116E-01
  8.6026E-01  2.9002E+00 -2.9434E-04  6.1952E-01  7.1927E-01  9.1366E-01 -7.0425E-01
  8.6360E-01  2.9114E+00 -2.9521E-04  6.1718E-01  7.1200E-01  9.0967E-01 -6.9684E-01
  8.6673E-01  2.9219E+00 -2.9600E-04  6.1501E-01  7.0518E-01  9.0596E-01 -6.8989E-01
  8.6986E-01  2.9324E+00 -2.9676E-04  6.1286E-01  6.9831E-01  9.0197E-01 -6.8290E-01
  8.7321E-01  2.9436E+00 -2.9754E-04  6.1059E-01  6.9097E-01  8.9766E-01 -6.7542E-01
  8.7634E-01  2.9541E+00 -2.9824E-04  6.0848E-01  6.8407E-01  8.9366E-01 -6.6839E-01
  8.7968E-01  2.9653E+00 -2.9895E-04  6.0626E-01  6.7669E-01  8.8942E-01 -6.6087E-01
  8.8281E-01  2.9758E+00 -2.9958E-04  6.0420E-01  6.6975E-01  8.8549E-01 -6.5380E-01
  8.8594E-01  2.9863E+00 -3.0018E-04  6.0216E-01  6.6280E-01  8.8159E-01 -6.4671E-01
  8.8929E-01  2.9975E+00 -3.0079E-04  6.0002E-01  6.5536E-01  8.7736E-01 -6.3912E-01
  8.9242E-01  3.0080E+00 -3.0133E-04  5.9802E-01  6.4835E-01  8.7314E-01 -6.3198E-01
  8.9555E-01  3.0185E+00 -3.0183E-04  5.9606E-01  6.4133E-01  8.6895E-01 -6.2483E-01
  8.9889E-01  3.0297E+00 -3.0232E-04  5.9398E-01  6.3382E-01  8.6453E-01 -6.1717E-01
  9.0202E-01  3.0402E+00 -3.0275E-04  5.9206E-01  6.2676E-01  8.6042E-01 -6.0998E-01
  9.0537E-01  3.0514E+00 -3.0317E-04  5.9003E-01  6.1922E-01  8.5608E-01 -6.0228E-01
  9.0850E-01  3.0619E+00 -3.0352E-04  5.8816E-01  6.1214E-01  8.5206E-01 -5.9505E-01
  9.1163E-01  3.0724E+00 -3.0384E-04  5.8630E-01  6.0503E-01  8.4779E-01 -5.8779E-01
  9.1497E-01  3.0836E+00 -3.0414E-04  5.8435E-01  5.9741E-01  8.4313E-01 -5.8003E-01
  9.1810E-01  3.0941E+00 -3.0438E-04  5.8255E-01  5.9026E-01  8.3882E-01 -5.7274E-01
  9.2124E-01  3.1046E+00 -3.0459E-04  5.8076E-01  5.8310E-01  8.3454E-01 -5.6542E-01
  9.2458E-01  3.1158E+00 -3.0476E-04  5.7889E-01  5.7544E-01  8.3004E-01 -5.5761E-01
  9.2771E-01  3.1263E+00 -3.0488E-04  5.7715E-01  5.6826E-01  8.2586E-01 -5.5026E-01
  9.3105E-01  3.1375E+00 -3.0497E-04  5.7532E-01  5.6057E-01  8.2140E-01 -5.4240E-01
  9.3418E-01  3.1480E+00 -3.0501E-04  5.7364E-01  5.5334E-01  8.1694E-01 -5.3502E-01
  9.3732E-01  3.1585E+00 -3.0501E-04  5.7197E-01  5.4609E-01  8.1252E-01 -5.2762E-01
  9.4066E-01  3.1697E+00 -3.0496E-04  5.7022E-01  5.3835E-01  8.0786E-01 -5.1970E-01
  9.4379E-01  3.1802E+00 -3.0488E-04  5.6861E-01  5.3109E-01  8.0355E-01 -5.1227E-01
  9.4692E-01  3.1907E+00 -3.0475E-04  5.6701E-01  5.2381E-01  7.9929E-01 -5.0482E-01
  9.5026E-01  3.2019E+00 -3.0457E-04  5.6534E-01  5.1604E-01  7.9481E-01 -4.9686E-01
  9.5340E-01  3.2124E+00 -3.0436E-04  5.6379E-01  5.0874E-01  7.9047E-01 -4.8937E-01
  9.5674E-01  3.2236E+00 -3.0408E-04  5.6217E-01  5.0092E-01  7.8573E-01 -4.8137E-01
  9.5987E-01  3.2341E+00 -3.0378E-04  5.6067E-01  4.9358E-01  7.8134E-01 -4.7385E-01
  9.6300E-01  3.2446E+00 -3.0343E-04  5.5920E-01  4.8624E-01  7.7701E-01 -4.6631E-01
  9.6634E-01  3.2558E+00 -3.0301E-04  5.5766E-01  4.7840E-01  7.7245E-01 -4.5826E-01
  9.6948E-01  3.2663E+00 -3.0258E-04  5.5623E-01  4.7104E-01  7.6825E-01 -4.5070E-01
  9.7261E-01  3.2768E+00 -3.0210E-04  5.5483E-01  4.6368E-01  7.6411E-01 -4.4312E-01
  9.7595E-01  3.2880E+00 -3.0154E-04  5.5336E-01  4.5580E-01  7.5938E-01 -4.3502E-01
  9.7908E-01  3.2985E+00 -3.0096E-04  5.5201E-01  4.4841E-01  7.5499E-01 -4.2741E-01
  9.8075E-01  3.3041E+00 -3.0064E-04  5.5130E-01  4.4447E-01  7.5268E-01 -4.2335E-01
  9.8242E-01  3.3097E+00 -3.0030E-04  5.5060E-01  4.4052E-01  7.5039E-01 -4.1928E-01
  9.8556E-01  3.3202E+00 -2.9963E-04  5.4930E-01  4.3312E-01  7.4614E-01 -4.1165E-01
  9.8869E-01  3.3307E+00 -2.9891E-04  5.4802E-01  4.2573E-01  7.4197E-01 -4.0401E-01
  9.9203E-01  3.3419E+00 -2.9810E-04  5.4668E-01  4.1784E-01  7.3760E-01 -3.9584E-01
  9.9516E-01  3.3524E+00 -2.9729E-04  5.4545E-01  4.1043E-01  7.3342E-01 -3.8817E-01
  9.9830E-01  3.3629E+00 -2.9643E-04  5.4425E-01  4.0301E-01  7.2910E-01 -3.8049E-01
  1.0016E+00  3.3741E+00 -2.9545E-04  5.4299E-01  3.9509E-01  7.2457E-01 -3.7228E-01
  1.0048E+00  3.3846E+00 -2.9449E-04  5.4184E-01  3.8768E-01  7.2040E-01 -3.6457E-01
  1.0081E+00  3.3958E+00 -2.9341E-04  5.4063E-01  3.7977E-01  7.1605E-01 -3.5635E-01
  1.0112E+00  3.4063E+00 -2.9235E-04  5.3953E-01  3.7237E-01  7.1205E-01 -3.4862E-01
  1.0144E+00  3.4168E+00 -2.9123E-04  5.3845E-01  3.6498E-01  7.0814E-01 -3.4089E-01
  1.0177E+00  3.4280E+00 -2.8999E-04  5.3732E-01  3.5708E-01  7.0376E-01 -3.3263E-01
  1.0208E+00  3.4385E+00 -2.8877E-04  5.3629E-01  3.4968E-01  6.9968E-01 -3.2487E-01
  1.0240E+00  3.4490E+00 -2.8750E-04  5.3528E-01  3.4229E-01  6.9568E-01 -3.1711E-01
  1.0273E+00  3.4602E+00 -2.8609E-04  5.3424E-01  3.3443E-01  6.9152E-01 -3.0882E-01
  1.0305E+00  3.4707E+00 -2.8472E-04  5.3328E-01  3.2707E-01  6.8772E-01 -3.0104E-01
  1.0338E+00  3.4819E+00 -2.8320E-04  5.3229E-01  3.1925E-01  6.8377E-01 -2.9274E-01
  1.0369E+00  3.4924E+00 -2.8172E-04  5.3138E-01  3.1192E-01  6.8007E-01 -2.8494E-01
  1.0401E+00  3.5029E+00 -2.8020E-04  5.3050E-01  3.0459E-01  6.7621E-01 -2.7714E-01
  1.0434E+00  3.5141E+00 -2.7851E-04  5.2959E-01  2.9681E-01  6.7221E-01 -2.6880E-01
  1.0465E+00  3.5246E+00 -2.7687E-04  5.2876E-01  2.8954E-01  6.6856E-01 -2.6098E-01
  1.0497E+00  3.5351E+00 -2.7518E-04  5.2796E-01  2.8230E-01  6.6502E-01 -2.5316E-01
  1.0530E+00  3.5463E+00 -2.7332E-04  5.2712E-01  2.7461E-01  6.6136E-01 -2.4482E-01
  1.0561E+00  3.5568E+00 -2.7152E-04  5.2637E-01  2.6745E-01  6.5804E-01 -2.3699E-01
  1.0595E+00  3.5680E+00 -2.6955E-04  5.2559E-01  2.5982E-01  6.5437E-01 -2.2862E-01
  1.0626E+00  3.5785E+00 -2.6764E-04  5.2488E-01  2.5271E-01  6.5093E-01 -2.2077E-01
  1.0657E+00  3.5890E+00 -2.6568E-04  5.2421E-01  2.4564E-01  6.4761E-01 -2.1292E-01
  1.0691E+00  3.6002E+00 -2.6354E-04  5.2351E-01  2.3817E-01  6.4420E-01 -2.0454E-01
  1.0722E+00  3.6107E+00 -2.6147E-04  5.2288E-01  2.3123E-01  6.4112E-01 -1.9669E-01
  1.0754E+00  3.6212E+00 -2.5935E-04  5.2227E-01  2.2436E-01  6.3817E-01 -1.8883E-01
  1.0787E+00  3.6324E+00 -2.5703E-04  5.2166E-01  2.1711E-01  6.3512E-01 -1.8045E-01
  1.0818E+00  3.6429E+00 -2.5480E-04  5.2110E-01  2.1036E-01  6.3207E-01 -1.7258E-01
  1.0852E+00  3.6541E+00 -2.5236E-04  5.2054E-01  2.0325E-01  6.2897E-01 -1.6419E-01
  1.0883E+00  3.6646E+00 -2.5002E-04  5.2004E-01  1.9670E-01  6.2620E-01 -1.5632E-01
  1.0914E+00  3.6751E+00 -2.4763E-04  5.1956E-01  1.9026E-01  6.2355E-01 -1.4845E-01
  1.0948E+00  3.6863E+00 -2.4502E-04  5.1908E-01  1.8353E-01  6.2088E-01 -1.4006E-01
  1.0979E+00  3.6968E+00 -2.4252E-04  5.1865E-01  1.7736E-01  6.1852E-01 -1.3219E-01
  1.1010E+00  3.7073E+00 -2.3996E-04  5.1825E-01  1.7132E-01  6.1611E-01 -1.2432E-01
  1.1044E+00  3.7185E+00 -2.3718E-04  5.1785E-01  1.6504E-01  6.1351E-01 -1.1592E-01
  1.1075E+00  3.7290E+00 -2.3452E-04  5.1749E-01  1.5934E-01  6.1122E-01 -1.0805E-01
  1.1109E+00  3.7402E+00 -2.3162E-04  5.1715E-01  1.5350E-01  6.0894E-01 -9.9657E-02
  1.1140E+00  3.7507E+00 -2.2885E-04  5.1685E-01  1.4827E-01  6.0694E-01 -9.1792E-02
  1.1171E+00  3.7612E+00 -2.2603E-04  5.1657E-01  1.4330E-01  6.0509E-01 -8.3932E-02
  1.1205E+00  3.7724E+00 -2.2297E-04  5.1630E-01  1.3831E-01  6.0327E-01 -7.5553E-02
  1.1236E+00  3.7829E+00 -2.2004E-04  5.1608E-01  1.3390E-01  6.0133E-01 -6.7691E-02
  1.1267E+00  3.7934E+00 -2.1706E-04  5.1588E-01  1.2984E-01  5.9954E-01 -5.9835E-02
  1.1301E+00  3.8046E+00 -2.1382E-04  5.1569E-01  1.2593E-01  5.9779E-01 -5.1461E-02
  1.1332E+00  3.8151E+00 -2.1074E-04  5.1554E-01  1.2270E-01  5.9630E-01 -4.3618E-02
  1.1365E+00  3.8263E+00 -2.0739E-04  5.1541E-01  1.1975E-01  5.9488E-01 -3.5259E-02
  1.1397E+00  3.8368E+00 -2.0421E-04  5.1531E-01  1.1749E-01  5.9370E-01 -2.7430E-02
  1.1428E+00  3.8473E+00 -2.0096E-04  5.1524E-01  1.1570E-01  5.9252E-01 -1.9603E-02
  1.1461E+00  3.8585E+00 -1.9745E-04  5.1519E-01  1.1433E-01  5.9115E-01 -1.1254E-02
  1.1493E+00  3.8690E+00 -1.9411E-04  5.1516E-01  1.1362E-01  5.9003E-01 -3.4361E-03
  1.1524E+00  3.8795E+00 -1.9071E-04  5.1516E-01  1.1346E-01  5.8906E-01  4.3731E-03
  1.1558E+00  3.8907E+00 -1.8704E-04  5.1519E-01  1.1391E-01  5.8820E-01  1.2693E-02
  1.1589E+00  3.9012E+00 -1.8354E-04  5.1524E-01  1.1491E-01  5.8754E-01  2.0482E-02
  1.1622E+00  3.9124E+00 -1.7975E-04  5.1532E-01  1.1656E-01  5.8702E-01  2.8780E-02
  1.1654E+00  3.9229E+00 -1.7614E-04  5.1543E-01  1.1857E-01  5.8631E-01  3.6561E-02
  1.1685E+00  3.9334E+00 -1.7248E-04  5.1555E-01  1.2105E-01  5.8569E-01  4.4333E-02
  1.1718E+00  3.9446E+00 -1.6853E-04  5.1571E-01  1.2421E-01  5.8519E-01  5.2610E-02
  1.1750E+00  3.9551E+00 -1.6477E-04  5.1589E-01  1.2759E-01  5.8488E-01  6.0358E-02
  1.1781E+00  3.9656E+00 -1.6096E-04  5.1609E-01  1.3137E-01  5.8473E-01  6.8094E-02
  1.1814E+00  3.9768E+00 -1.5683E-04  5.1633E-01  1.3578E-01  5.8473E-01  7.6332E-02
  1.1846E+00  3.9873E+00 -1.5291E-04  5.1658E-01  1.4022E-01  5.8477E-01  8.4047E-02
  1.1879E+00  3.9985E+00 -1.4868E-04  5.1688E-01  1.4523E-01  5.8464E-01  9.2275E-02
  1.1910E+00  4.0090E+00 -1.4466E-04  5.1718E-01  1.5020E-01  5.8467E-01  9.9976E-02
  1.1942E+00  4.0195E+00 -1.4058E-04  5.1750E-01  1.5585E-01  5.8514E-01  1.0826E-01
  1.1975E+00  4.0307E+00 -1.3618E-04  5.1788E-01  1.6422E-01  5.8555E-01  1.1999E-01
  1.2007E+00  4.0412E+00 -1.3201E-04  5.1828E-01  1.7347E-01  5.8621E-01  1.3233E-01
  1.2038E+00  4.0517E+00 -1.2778E-04  5.1871E-01  1.8490E-01  5.8713E-01  1.4692E-01
  1.2071E+00  4.0629E+00 -1.2323E-04  5.1923E-01  2.0052E-01  5.8808E-01  1.6609E-01
  1.2103E+00  4.0734E+00 -1.1891E-04  5.1978E-01  2.1914E-01  5.8912E-01  1.8807E-01
  1.2136E+00  4.0846E+00 -1.1426E-04  5.2046E-01  2.4235E-01  5.9046E-01  2.1457E-01
  1.2167E+00  4.0951E+00 -1.0986E-04  5.2116E-01  2.6198E-01  5.9157E-01  2.3644E-01
  1.2199E+00  4.1056E+00 -1.0540E-04  5.2192E-01  2.6568E-01  5.9184E-01  2.4054E-01
  1.2232E+00  4.1168E+00 -1.0057E-04  5.2266E-01  2.2374E-01  5.9076E-01  1.9340E-01
  1.2263E+00  4.1273E+00 -9.5939E-05  5.2309E-01  1.2862E-01  5.9022E-01  6.2812E-02
  1.2295E+00  4.1378E+00 -9.1168E-05  5.2295E-01  2.0311E-01  5.9208E-01 -1.6923E-01
  1.2328E+00  4.1490E+00 -8.5901E-05  5.2185E-01  5.0805E-01  5.9514E-01 -4.9547E-01
  1.2359E+00  4.1595E+00 -8.0811E-05  5.1981E-01  8.1424E-01  5.9627E-01 -8.0652E-01
  1.2393E+00  4.1707E+00 -7.5270E-05  5.1665E-01  1.0783E+00  5.9656E-01 -1.0726E+00
  1.2424E+00  4.1812E+00 -7.0031E-05  5.1303E-01  1.2239E+00  5.9825E-01 -1.2189E+00
  1.2456E+00  4.1917E+00 -6.4805E-05  5.0916E-01  1.2343E+00  6.0267E-01 -1.2294E+00
  1.2489E+00  4.2029E+00 -5.9300E-05  5.0521E-01  1.1224E+00  6.1007E-01 -1.1170E+00
  1.2520E+00  4.2134E+00 -5.4225E-05  5.0201E-01  9.2279E-01  6.1854E-01 -9.1613E-01
  1.2552E+00  4.2239E+00 -4.9238E-05  4.9952E-01  6.7724E-01  6.2153E-01 -6.6819E-01
  1.2585E+00  4.2351E+00 -4.3993E-05  4.9769E-01  4.5708E-01  6.1321E-01 -4.4409E-01
  1.2616E+00  4.2456E+00 -3.9102E-05  4.9647E-01  3.7524E-01  6.0426E-01 -3.5993E-01
  1.2648E+00  4.2561E+00 -3.4199E-05  4.9528E-01  4.3825E-01  6.0416E-01 -4.2534E-01
  1.2681E+00  4.2673E+00 -2.8943E-05  4.9357E-01  6.1499E-01  6.0816E-01 -6.0585E-01
  1.2713E+00  4.2778E+00 -2.4006E-05  4.9137E-01  8.0242E-01  6.0960E-01 -7.9550E-01
  1.2746E+00  4.2890E+00 -1.8760E-05  4.8844E-01  9.5416E-01  6.0943E-01 -9.4845E-01
  1.2777E+00  4.2995E+00 -1.3883E-05  4.8535E-01  1.0112E+00  6.1008E-01 -1.0059E+00
  1.2809E+00  4.3100E+00 -9.0561E-06  4.8224E-01  9.7002E-01  6.1288E-01 -9.6454E-01
  1.2842E+00  4.3212E+00 -3.9581E-06  4.7923E-01  8.2807E-01  6.1843E-01 -8.2164E-01
  1.2874E+00  4.3317E+00  7.8817E-07  4.7695E-01  6.3239E-01  6.2248E-01 -6.2395E-01
  1.2905E+00  4.3422E+00  5.5240E-06  4.7532E-01  4.3739E-01  6.1987E-01 -4.2535E-01
  1.2939E+00  4.3534E+00  1.0585E-05  4.7414E-01  3.1679E-01  6.1339E-01 -3.0048E-01
  1.2970E+00  4.3639E+00  1.5340E-05  4.7321E-01  3.3004E-01  6.1373E-01 -3.1454E-01
  1.3001E+00  4.3744E+00  2.0085E-05  4.7205E-01  4.4801E-01  6.1872E-01 -4.3664E-01
  1.3035E+00  4.3856E+00  2.5101E-05  4.7030E-01  6.2170E-01  6.2119E-01 -6.1359E-01
  1.3066E+00  4.3961E+00  2.9734E-05  4.6813E-01  7.6626E-01  6.2061E-01 -7.5981E-01
  1.3098E+00  4.4066E+00  3.4294E-05  4.6559E-01  8.5374E-01  6.2064E-01 -8.4803E-01
  1.3131E+00  4.4178E+00  3.9090E-05  4.6274E-01  8.4597E-01  6.1914E-01 -8.4034E-01
  1.3162E+00  4.4283E+00  4.3550E-05  4.6023E-01  7.5574E-01  6.2152E-01 -7.4948E-01
  1.3194E+00  4.4388E+00  4.8013E-05  4.5811E-01  6.0263E-01  6.2454E-01 -5.9480E-01
  1.3227E+00  4.4500E+00  5.2812E-05  4.5643E-01  4.1690E-01  6.2416E-01 -4.0565E-01
  1.3259E+00  4.4605E+00  5.7363E-05  4.5539E-01  2.9090E-01  6.2037E-01 -2.7489E-01
  1.3290E+00  4.4710E+00  6.1948E-05  4.5460E-01  2.6314E-01  6.2078E-01 -2.4545E-01
  1.3324E+00  4.4822E+00  6.6824E-05  4.5367E-01  3.4278E-01  6.2680E-01 -3.2925E-01
  1.3355E+00  4.4927E+00  7.1325E-05  4.5243E-01  4.7726E-01  6.3058E-01 -4.6762E-01
  1.3386E+00  4.5032E+00  7.5721E-05  4.5073E-01  6.1427E-01  6.3044E-01 -6.0691E-01
  1.3420E+00  4.5144E+00  8.0291E-05  4.4851E-01  7.1876E-01  6.2845E-01 -7.1261E-01
  1.3451E+00  4.5249E+00  8.4485E-05  4.4621E-01  7.4009E-01  6.2553E-01 -7.3426E-01
  1.3483E+00  4.5354E+00  8.8641E-05  4.4398E-01  6.8780E-01  6.2563E-01 -6.8161E-01
  1.3516E+00  4.5466E+00  9.3091E-05  4.4188E-01  5.6599E-01  6.2714E-01 -5.5853E-01
  1.3548E+00  4.5571E+00  9.7327E-05  4.4036E-01  4.1630E-01  6.2770E-01 -4.0619E-01
  1.3579E+00  4.5676E+00  1.0165E-04  4.3932E-01  2.8348E-01  6.2569E-01 -2.6866E-01
  1.3613E+00  4.5788E+00  1.0634E-04  4.3856E-01  2.2036E-01  6.2567E-01 -2.0110E-01
  1.3644E+00  4.5893E+00  1.1075E-04  4.3790E-01  2.5354E-01  6.3129E-01 -2.3682E-01
  1.3675E+00  4.5998E+00  1.1508E-04  4.3700E-01  3.5477E-01  6.3682E-01 -3.4291E-01
  1.3709E+00  4.6110E+00  1.1957E-04  4.3562E-01  4.8565E-01  6.3786E-01 -4.7712E-01
  1.3740E+00  4.6215E+00  1.2363E-04  4.3396E-01  5.8522E-01  6.3571E-01 -5.7829E-01
  1.3772E+00  4.6320E+00  1.2758E-04  4.3205E-01  6.3487E-01  6.3267E-01 -6.2864E-01
  1.3805E+00  4.6432E+00  1.3172E-04  4.2995E-01  6.1774E-01  6.3027E-01 -6.1147E-01
  1.3837E+00  4.6537E+00  1.3561E-04  4.2814E-01  5.3974E-01  6.2987E-01 -5.3266E-01
  1.3868E+00  4.6642E+00  1.3956E-04  4.2665E-01  4.1774E-01  6.3018E-01 -4.0864E-01
  1.3902E+00  4.6754E+00  1.4391E-04  4.2553E-01  2.8117E-01  6.2916E-01 -2.6765E-01
  1.3933E+00  4.6859E+00  1.4810E-04  4.2484E-01  2.0166E-01  6.2894E-01 -1.8251E-01
  1.3965E+00  4.6964E+00  1.5233E-04  4.2429E-01  1.9993E-01  6.3382E-01 -1.8042E-01
  1.3998E+00  4.7076E+00  1.5679E-04  4.2357E-01  2.7640E-01  6.4110E-01 -2.6242E-01
  1.4030E+00  4.7181E+00  1.6083E-04  4.2257E-01  3.8516E-01  6.4361E-01 -3.7527E-01
  1.4061E+00  4.7286E+00  1.6470E-04  4.2122E-01  4.8762E-01  6.4218E-01 -4.7997E-01
  1.4094E+00  4.7398E+00  1.6867E-04  4.1948E-01  5.5865E-01  6.3940E-01 -5.5213E-01
  1.4126E+00  4.7503E+00  1.7229E-04  4.1772E-01  5.6293E-01  6.3441E-01 -5.5664E-01
  1.4157E+00  4.7608E+00  1.7590E-04  4.1604E-01  5.1097E-01  6.3269E-01 -5.0414E-01
  1.4191E+00  4.7720E+00  1.7983E-04  4.1452E-01  4.0565E-01  6.3203E-01 -3.9714E-01
  1.4222E+00  4.7825E+00  1.8365E-04  4.1346E-01  2.8775E-01  6.3137E-01 -2.7577E-01
  1.4254E+00  4.7930E+00  1.8761E-04  4.1276E-01  1.9695E-01  6.3118E-01 -1.7915E-01
  1.4287E+00  4.8042E+00  1.9193E-04  4.1223E-01  1.7067E-01  6.3582E-01 -1.4960E-01
  1.4319E+00  4.8147E+00  1.9596E-04  4.1170E-01  2.1551E-01  6.4337E-01 -1.9895E-01
  1.4350E+00  4.8252E+00  1.9986E-04  4.1094E-01  3.0521E-01  6.4768E-01 -2.9369E-01
  1.4384E+00  4.8364E+00  2.0382E-04  4.0977E-01  4.0895E-01  6.4716E-01 -4.0052E-01
  1.4415E+00  4.8469E+00  2.0735E-04  4.0838E-01  4.8256E-01  6.4420E-01 -4.7558E-01
  1.4447E+00  4.8574E+00  2.1076E-04  4.0683E-01  5.0772E-01  6.3840E-01 -5.0129E-01
  1.4480E+00  4.8686E+00  2.1435E-04  4.0519E-01  4.7536E-01  6.3554E-01 -4.6863E-01
  1.4511E+00  4.8791E+00  2.1778E-04  4.0383E-01  4.0007E-01  6.3396E-01 -3.9219E-01
  1.4543E+00  4.8896E+00  2.2134E-04  4.0276E-01  2.9735E-01  6.3298E-01 -2.8679E-01
  1.4576E+00  4.9008E+00  2.2532E-04  4.0198E-01  1.9646E-01  6.3255E-01 -1.8023E-01
  1.4608E+00  4.9113E+00  2.2918E-04  4.0151E-01  1.5098E-01  6.3558E-01 -1.2908E-01
  1.4639E+00  4.9218E+00  2.3307E-04  4.0110E-01  1.6657E-01  6.4303E-01 -1.4665E-01
  1.4671E+00  4.9323E+00  2.3686E-04  4.0053E-01  2.3300E-01  6.4945E-01 -2.1901E-01
  1.4704E+00  4.9435E+00  2.4071E-04  3.9964E-01  3.2678E-01  6.5060E-01 -3.1701E-01
  1.4736E+00  4.9540E+00  2.4411E-04  3.9851E-01  4.0259E-01  6.4791E-01 -3.9485E-01
  1.4767E+00  4.9645E+00  2.4736E-04  3.9719E-01  4.4512E-01  6.4360E-01 -4.3830E-01
  1.4801E+00  4.9757E+00  2.5075E-04  3.9571E-01  4.4058E-01  6.3892E-01 -4.3387E-01
  1.4832E+00  4.9862E+00  2.5394E-04  3.9442E-01  3.9054E-01  6.3598E-01 -3.8310E-01
  1.4864E+00  4.9967E+00  2.5724E-04  3.9334E-01  3.0620E-01  6.3420E-01 -2.9680E-01
  1.4897E+00  5.0079E+00  2.6096E-04  3.9253E-01  2.0702E-01  6.3334E-01 -1.9300E-01
  1.4929E+00  5.0184E+00  2.6461E-04  3.9204E-01  1.4548E-01  6.3517E-01 -1.2474E-01
  1.4960E+00  5.0289E+00  2.6835E-04  3.9168E-01  1.3790E-01  6.4176E-01 -1.1545E-01
  1.4994E+00  5.0401E+00  2.7227E-04  3.9121E-01  1.8661E-01  6.5005E-01 -1.7037E-01
  1.5025E+00  5.0506E+00  2.7578E-04  3.9055E-01  2.6439E-01  6.5297E-01 -2.5317E-01
  1.5056E+00  5.0611E+00  2.7907E-04  3.8963E-01  3.4208E-01  6.5134E-01 -3.3360E-01
  1.5090E+00  5.0723E+00  2.8238E-04  3.8840E-01  3.9981E-01  6.4737E-01 -3.9275E-01
  1.5121E+00  5.0828E+00  2.8536E-04  3.8713E-01  4.1017E-01  6.4116E-01 -4.0349E-01
  1.5153E+00  5.0933E+00  2.8834E-04  3.8591E-01  3.7750E-01  6.3763E-01 -3.7038E-01
  1.5186E+00  5.1045E+00  2.9161E-04  3.8478E-01  3.0396E-01  6.3497E-01 -2.9524E-01
  1.5218E+00  5.1150E+00  2.9486E-04  3.8399E-01  2.1751E-01  6.3370E-01 -2.0529E-01
  1.5249E+00  5.1255E+00  2.9831E-04  3.8348E-01  1.4760E-01  6.3462E-01 -1.2900E-01
  1.5281E+00  5.1360E+00  3.0188E-04  3.8313E-01  1.2284E-01  6.4018E-01 -9.9416E-02
  1.5314E+00  5.1472E+00  3.0568E-04  3.8276E-01  1.4995E-01  6.4917E-01 -1.3100E-01
  1.5346E+00  5.1577E+00  3.0910E-04  3.8225E-01  2.1342E-01  6.5412E-01 -2.0045E-01
  1.5377E+00  5.1682E+00  3.1230E-04  3.8149E-01  2.8747E-01  6.5389E-01 -2.7806E-01
  1.5411E+00  5.1794E+00  3.1549E-04  3.8044E-01  3.5114E-01  6.5046E-01 -3.4363E-01
  1.5442E+00  5.1899E+00  3.1832E-04  3.7931E-01  3.7655E-01  6.4350E-01 -3.6977E-01
  1.5474E+00  5.2004E+00  3.2111E-04  3.7816E-01  3.5989E-01  6.3943E-01 -3.5296E-01
  1.5507E+00  5.2116E+00  3.2416E-04  3.7707E-01  3.0484E-01  6.3604E-01 -2.9679E-01
  1.5539E+00  5.2221E+00  3.2718E-04  3.7625E-01  2.2921E-01  6.3404E-01 -2.1854E-01
  1.5570E+00  5.2326E+00  3.3040E-04  3.7569E-01  1.5563E-01  6.3391E-01 -1.3958E-01
  1.5604E+00  5.2438E+00  3.3402E-04  3.7532E-01  1.1382E-01  6.3810E-01 -9.0442E-02
  1.5635E+00  5.2543E+00  3.3747E-04  3.7504E-01  1.2026E-01  6.4634E-01 -9.7922E-02
  1.5667E+00  5.2648E+00  3.4083E-04  3.7466E-01  1.6583E-01  6.5339E-01 -1.5016E-01
  1.5700E+00  5.2760E+00  3.4419E-04  3.7403E-01  2.3654E-01  6.5493E-01 -2.2586E-01
  1.5732E+00  5.2865E+00  3.4711E-04  3.7321E-01  2.9703E-01  6.5216E-01 -2.8874E-01
  1.5763E+00  5.2970E+00  3.4985E-04  3.7224E-01  3.3396E-01  6.4748E-01 -3.2678E-01
  1.5797E+00  5.3082E+00  3.5267E-04  3.7113E-01  3.3573E-01  6.4176E-01 -3.2878E-01
  1.5828E+00  5.3187E+00  3.5534E-04  3.7014E-01  3.0157E-01  6.3754E-01 -2.9399E-01
  1.5860E+00  5.3292E+00  3.5814E-04  3.6931E-01  2.3955E-01  6.3452E-01 -2.3010E-01
  1.5891E+00  5.3397E+00  3.6113E-04  3.6871E-01  1.6774E-01  6.3330E-01 -1.5411E-01
  1.5925E+00  5.3509E+00  3.6455E-04  3.6830E-01  1.1354E-01  6.3577E-01 -9.2164E-02
  1.5956E+00  5.3614E+00  3.6787E-04  3.6805E-01  1.0366E-01  6.4306E-01 -7.9182E-02
  1.5987E+00  5.3719E+00  3.7115E-04  3.6775E-01  1.3250E-01  6.5160E-01 -1.1395E-01
  1.6021E+00  5.3831E+00  3.7445E-04  3.6726E-01  1.9365E-01  6.5549E-01 -1.8140E-01
  1.6052E+00  5.3936E+00  3.7731E-04  3.6659E-01  2.5519E-01  6.5401E-01 -2.4613E-01
  1.6084E+00  5.4041E+00  3.7996E-04  3.6573E-01  3.0134E-01  6.5011E-01 -2.9387E-01
  1.6117E+00  5.4153E+00  3.8264E-04  3.6471E-01  3.1667E-01  6.4286E-01 -3.0978E-01
  1.6149E+00  5.4258E+00  3.8513E-04  3.6376E-01  2.9521E-01  6.3836E-01 -2.8799E-01
  1.6180E+00  5.4363E+00  3.8772E-04  3.6293E-01  2.4514E-01  6.3481E-01 -2.3656E-01
  1.6214E+00  5.4475E+00  3.9070E-04  3.6226E-01  1.7432E-01  6.3278E-01 -1.6221E-01
  1.6245E+00  5.4580E+00  3.9371E-04  3.6185E-01  1.1808E-01  6.3396E-01 -9.9367E-02
  1.6277E+00  5.4685E+00  3.9688E-04  3.6160E-01  9.5702E-02  6.4002E-01 -7.0939E-02
  1.6308E+00  5.4790E+00  4.0007E-04  3.6136E-01  1.0971E-01  6.4897E-01 -8.8402E-02
  1.6342E+00  5.4902E+00  4.0331E-04  3.6097E-01  1.5829E-01  6.5502E-01 -1.4415E-01
  1.6373E+00  5.5007E+00  4.0613E-04  3.6042E-01  2.1657E-01  6.5513E-01 -2.0653E-01
  1.6405E+00  5.5112E+00  4.0871E-04  3.5969E-01  2.6659E-01  6.5200E-01 -2.5864E-01
  1.6438E+00  5.5224E+00  4.1128E-04  3.5876E-01  2.9391E-01  6.4446E-01 -2.8695E-01
  1.6470E+00  5.5329E+00  4.1363E-04  3.5786E-01  2.8438E-01  6.3958E-01 -2.7735E-01
  1.6501E+00  5.5434E+00  4.1605E-04  3.5704E-01  2.4743E-01  6.3553E-01 -2.3949E-01
  1.6535E+00  5.5546E+00  4.1880E-04  3.5634E-01  1.8582E-01  6.3253E-01 -1.7528E-01
  1.6566E+00  5.5651E+00  4.2161E-04  3.5590E-01  1.2690E-01  6.3225E-01 -1.1102E-01
  1.6598E+00  5.5756E+00  4.2461E-04  3.5562E-01  9.2495E-02  6.3634E-01 -6.8901E-02
  1.6631E+00  5.5868E+00  4.2791E-04  3.5540E-01  9.2833E-02  6.4540E-01 -6.8702E-02
  1.6663E+00  5.5973E+00  4.3091E-04  3.5513E-01  1.2480E-01  6.5298E-01 -1.0772E-01
  1.6694E+00  5.6078E+00  4.3371E-04  3.5471E-01  1.7621E-01  6.5508E-01 -1.6455E-01
  1.6728E+00  5.6190E+00  4.3644E-04  3.5406E-01  2.2965E-01  6.5241E-01 -2.2096E-01
  1.6759E+00  5.6295E+00  4.3880E-04  3.5330E-01  2.6222E-01  6.4764E-01 -2.5482E-01
  1.6791E+00  5.6400E+00  4.4105E-04  3.5248E-01  2.6814E-01  6.4178E-01 -2.6109E-01
  1.6822E+00  5.6505E+00  4.4331E-04  3.5169E-01  2.4578E-01  6.3681E-01 -2.3826E-01
  1.6856E+00  5.6617E+00  4.4586E-04  3.5097E-01  1.9586E-01  6.3272E-01 -1.8653E-01
  1.6887E+00  5.6722E+00  4.4847E-04  3.5048E-01  1.3859E-01  6.3106E-01 -1.2522E-01
  1.6919E+00  5.6827E+00  4.5129E-04  3.5017E-01  9.5259E-02  6.3326E-01 -7.4445E-02
  1.6952E+00  5.6939E+00  4.5446E-04  3.4997E-01  8.2796E-02  6.4108E-01 -5.7029E-02
  1.6984E+00  5.7044E+00  4.5741E-04  3.4976E-01  1.0173E-01  6.5001E-01 -8.1617E-02
  1.7015E+00  5.7149E+00  4.6019E-04  3.4943E-01  1.4500E-01  6.5444E-01 -1.3155E-01
  1.7049E+00  5.7261E+00  4.6289E-04  3.4889E-01  1.9854E-01  6.5335E-01 -1.8904E-01
  1.7080E+00  5.7366E+00  4.6520E-04  3.4822E-01  2.3807E-01  6.4950E-01 -2.3036E-01
  1.7112E+00  5.7471E+00  4.6735E-04  3.4746E-01  2.5444E-01  6.4231E-01 -2.4745E-01
  1.7145E+00  5.7583E+00  4.6962E-04  3.4665E-01  2.4012E-01  6.3690E-01 -2.3290E-01
  1.7177E+00  5.7688E+00  4.7184E-04  3.4597E-01  2.0196E-01  6.3270E-01 -1.9349E-01
  1.7208E+00  5.7793E+00  4.7425E-04  3.4545E-01  1.4909E-01  6.3017E-01 -1.3757E-01
  1.7240E+00  5.7898E+00  4.7689E-04  3.4510E-01  1.0119E-01  6.3095E-01 -8.3350E-02
  1.7273E+00  5.8010E+00  4.7992E-04  3.4488E-01  7.8557E-02  6.3733E-01 -5.3173E-02
  1.7305E+00  5.8115E+00  4.8279E-04  3.4471E-01  8.6435E-02  6.4653E-01 -6.3596E-02
  1.7336E+00  5.8220E+00  4.8554E-04  3.4445E-01  1.1958E-01  6.5292E-01 -1.0402E-01
  1.7370E+00  5.8332E+00  4.8822E-04  3.4401E-01  1.6951E-01  6.5367E-01 -1.5896E-01
  1.7401E+00  5.8437E+00  4.9050E-04  3.4344E-01  2.1188E-01  6.5067E-01 -2.0367E-01
  1.7432E+00  5.8542E+00  4.9259E-04  3.4275E-01  2.3716E-01  6.4562E-01 -2.3002E-01
  1.7466E+00  5.8654E+00  4.9474E-04  3.4198E-01  2.3282E-01  6.3779E-01 -2.2578E-01
  1.7498E+00  5.8759E+00  4.9681E-04  3.4131E-01  2.0503E-01  6.3326E-01 -1.9718E-01
  1.7529E+00  5.8864E+00  4.9904E-04  3.4076E-01  1.5947E-01  6.2981E-01 -1.4942E-01
  1.7563E+00  5.8976E+00  5.0167E-04  3.4035E-01  1.0748E-01  6.2906E-01 -9.2050E-02
  1.7594E+00  5.9081E+00  5.0436E-04  3.4013E-01  7.7743E-02  6.3309E-01 -5.4209E-02
  1.7625E+00  5.9186E+00  5.0715E-04  3.3998E-01  7.4667E-02  6.4160E-01 -4.8978E-02
  1.7657E+00  5.9291E+00  5.0988E-04  3.3979E-01  9.5709E-02  6.4989E-01 -7.6911E-02
  1.7691E+00  5.9403E+00  5.1258E-04  3.3945E-01  1.3863E-01  6.5294E-01 -1.2634E-01
  1.7722E+00  5.9508E+00  5.1487E-04  3.3898E-01  1.8105E-01  6.5081E-01 -1.7193E-01
  1.7753E+00  5.9613E+00  5.1694E-04  3.3838E-01  2.1132E-01  6.4625E-01 -2.0372E-01
  1.7787E+00  5.9725E+00  5.1903E-04  3.3767E-01  2.2039E-01  6.3981E-01 -2.1332E-01
  1.7818E+00  5.9830E+00  5.2098E-04  3.3702E-01  2.0452E-01  6.3443E-01 -1.9707E-01
  1.7850E+00  5.9935E+00  5.2305E-04  3.3645E-01  1.6824E-01  6.3003E-01 -1.5928E-01
  1.7883E+00  6.0047E+00  5.2548E-04  3.3601E-01  1.1833E-01  6.2770E-01 -1.0540E-01
  1.7915E+00  6.0152E+00  5.2800E-04  3.3575E-01  8.1382E-02  6.2970E-01 -6.1026E-02
  1.7946E+00  6.0257E+00  5.3068E-04  3.3560E-01  6.9083E-02  6.3684E-01 -4.2655E-02
  1.7980E+00  6.0369E+00  5.3354E-04  3.3543E-01  8.1461E-02  6.4666E-01 -6.0034E-02
  1.8011E+00  6.0474E+00  5.3606E-04  3.3519E-01  1.1479E-01  6.5165E-01 -1.0056E-01
  1.8043E+00  6.0579E+00  5.3835E-04  3.3480E-01  1.5656E-01  6.5114E-01 -1.4652E-01
  1.8074E+00  6.0684E+00  5.4040E-04  3.3427E-01  1.9186E-01  6.4757E-01 -1.8390E-01
  1.8108E+00  6.0796E+00  5.4241E-04  3.3362E-01  2.1025E-01  6.4009E-01 -2.0323E-01
  1.8139E+00  6.0901E+00  5.4425E-04  3.3298E-01  2.0229E-01  6.3464E-01 -1.9516E-01
  1.8171E+00  6.1006E+00  5.4617E-04  3.3241E-01  1.7372E-01  6.2997E-01 -1.6555E-01
  1.8204E+00  6.1118E+00  5.4842E-04  3.3193E-01  1.2801E-01  6.2670E-01 -1.1687E-01
  1.8236E+00  6.1223E+00  5.5078E-04  3.3164E-01  8.7405E-02  6.2716E-01 -7.0149E-02
  1.8267E+00  6.1328E+00  5.5333E-04  3.3147E-01  6.7407E-02  6.3282E-01 -4.2270E-02
  1.8301E+00  6.1440E+00  5.5612E-04  3.3133E-01  7.0946E-02  6.4270E-01 -4.6918E-02
  1.8332E+00  6.1545E+00  5.5862E-04  3.3114E-01  9.5604E-02  6.4960E-01 -7.9115E-02
  1.8364E+00  6.1650E+00  5.6091E-04  3.3082E-01  1.3381E-01  6.5093E-01 -1.2259E-01
  1.8397E+00  6.1762E+00  5.6309E-04  3.3034E-01  1.7300E-01  6.4807E-01 -1.6460E-01
  1.8429E+00  6.1867E+00  5.6493E-04  3.2977E-01  1.9658E-01  6.4370E-01 -1.8938E-01
  1.8460E+00  6.1972E+00  5.6668E-04  3.2917E-01  1.9639E-01  6.3535E-01 -1.8942E-01
  1.8492E+00  6.2077E+00  5.6848E-04  3.2860E-01  1.7633E-01  6.3051E-01 -1.6870E-01
  1.8525E+00  6.2189E+00  5.7055E-04  3.2810E-01  1.3738E-01  6.2636E-01 -1.2764E-01
  1.8557E+00  6.2294E+00  5.7273E-04  3.2777E-01  9.6059E-02  6.2515E-01 -8.1661E-02
  1.8588E+00  6.2399E+00  5.7514E-04  3.2758E-01  6.8442E-02  6.2856E-01 -4.5915E-02
  1.8622E+00  6.2511E+00  5.7784E-04  3.2745E-01  6.3095E-02  6.3740E-01 -3.6639E-02
  1.8653E+00  6.2616E+00  5.8033E-04  3.2731E-01  7.7778E-02  6.4603E-01 -5.7873E-02
  1.8685E+00  6.2721E+00  5.8264E-04  3.2707E-01  1.0958E-01  6.4964E-01 -9.6386E-02
  1.8718E+00  6.2833E+00  5.8485E-04  3.2667E-01  1.4821E-01  6.4790E-01 -1.3884E-01
  1.8750E+00  6.2938E+00  5.8670E-04  3.2618E-01  1.7541E-01  6.4351E-01 -1.6773E-01
  1.8781E+00  6.3043E+00  5.8842E-04  3.2563E-01  1.8557E-01  6.3746E-01 -1.7850E-01
  1.8815E+00  6.3155E+00  5.9023E-04  3.2505E-01  1.7426E-01  6.3139E-01 -1.6692E-01
  1.8846E+00  6.3260E+00  5.9204E-04  3.2457E-01  1.4522E-01  6.2662E-01 -1.3652E-01
  1.8878E+00  6.3365E+00  5.9405E-04  3.2420E-01  1.0614E-01  6.2390E-01 -9.4053E-02
  1.8909E+00  6.3470E+00  5.9629E-04  3.2397E-01  7.2966E-02  6.2521E-01 -5.3898E-02
  1.8943E+00  6.3582E+00  5.9888E-04  3.2383E-01  5.9683E-02  6.3243E-01 -3.3116E-02
  1.8974E+00  6.3687E+00  6.0134E-04  3.2372E-01  6.6395E-02  6.4186E-01 -4.3336E-02
  1.9006E+00  6.3792E+00  6.0366E-04  3.2354E-01  9.1139E-02  6.4777E-01 -7.5760E-02
  1.9039E+00  6.3904E+00  6.0588E-04  3.2321E-01  1.2839E-01  6.4789E-01 -1.1802E-01
  1.9071E+00  6.4009E+00  6.0773E-04  3.2278E-01  1.5949E-01  6.4452E-01 -1.5140E-01
  1.9102E+00  6.4114E+00  6.0940E-04  3.2227E-01  1.7718E-01  6.3847E-01 -1.7011E-01
  1.9136E+00  6.4226E+00  6.1112E-04  3.2170E-01  1.7289E-01  6.3148E-01 -1.6585E-01
  1.9167E+00  6.4331E+00  6.1280E-04  3.2121E-01  1.5032E-01  6.2656E-01 -1.4236E-01
  1.9199E+00  6.4436E+00  6.1465E-04  3.2082E-01  1.1490E-01  6.2303E-01 -1.0444E-01
  1.9230E+00  6.4541E+00  6.1674E-04  3.2056E-01  7.9237E-02  6.2280E-01 -6.3219E-02
  1.9264E+00  6.4653E+00  6.1920E-04  3.2040E-01  5.9098E-02  6.2830E-01 -3.4344E-02
  1.9295E+00  6.4758E+00  6.2160E-04  3.2030E-01  5.9562E-02  6.3753E-01 -3.4269E-02
  1.9327E+00  6.4863E+00  6.2391E-04  3.2016E-01  7.6761E-02  6.4518E-01 -5.8912E-02
  1.9360E+00  6.4975E+00  6.2615E-04  3.1990E-01  1.1002E-01  6.4736E-01 -9.8378E-02
  1.9392E+00  6.5080E+00  6.2801E-04  3.1953E-01  1.4229E-01  6.4504E-01 -1.3360E-01
  1.9423E+00  6.5185E+00  6.2966E-04  3.1907E-01  1.6511E-01  6.4061E-01 -1.5783E-01
  1.9457E+00  6.5297E+00  6.3131E-04  3.1853E-01  1.6824E-01  6.3213E-01 -1.6134E-01
  1.9488E+00  6.5402E+00  6.3289E-04  3.1804E-01  1.5281E-01  6.2711E-01 -1.4534E-01
  1.9520E+00  6.5507E+00  6.3460E-04  3.1763E-01  1.2305E-01  6.2285E-01 -1.1383E-01
  1.9553E+00  6.5619E+00  6.3666E-04  3.1732E-01  8.5365E-02  6.2102E-01 -7.1609E-02
  1.9585E+00  6.5724E+00  6.3884E-04  3.1715E-01  6.0765E-02  6.2407E-01 -3.8989E-02
  1.9616E+00  6.5829E+00  6.4116E-04  3.1705E-01  5.4726E-02  6.3206E-01 -2.7825E-02
  1.9648E+00  6.5934E+00  6.4346E-04  3.1694E-01  6.3830E-02  6.4110E-01 -4.2396E-02
  1.9681E+00  6.6046E+00  6.4574E-04  3.1675E-01  9.0437E-02  6.4575E-01 -7.6673E-02
  1.9713E+00  6.6151E+00  6.4764E-04  3.1645E-01  1.2169E-01  6.4464E-01 -1.1193E-01
  1.9744E+00  6.6256E+00  6.4933E-04  3.1605E-01  1.4706E-01  6.4059E-01 -1.3923E-01
  1.9778E+00  6.6368E+00  6.5096E-04  3.1556E-01  1.5896E-01  6.3429E-01 -1.5194E-01
  1.9809E+00  6.6473E+00  6.5246E-04  3.1508E-01  1.5225E-01  6.2839E-01 -1.4508E-01
  1.9841E+00  6.6578E+00  6.5405E-04  3.1466E-01  1.2962E-01  6.2331E-01 -1.2131E-01
  1.9874E+00  6.6690E+00  6.5595E-04  3.1432E-01  9.4533E-02  6.1991E-01 -8.2971E-02
  1.9906E+00  6.6795E+00  6.5798E-04  3.1411E-01  6.5335E-02  6.2079E-01 -4.7105E-02
  1.9937E+00  6.6900E+00  6.6019E-04  3.1400E-01  5.3015E-02  6.2707E-01 -2.6950E-02
  1.9969E+00  6.7005E+00  6.6246E-04  3.1392E-01  5.6036E-02  6.3653E-01 -3.1614E-02
  2.0002E+00  6.7117E+00  6.6476E-04  3.1377E-01  7.5738E-02  6.4357E-01 -5.9636E-02
  2.0034E+00  6.7222E+00  6.6668E-04  3.1353E-01  1.0518E-01  6.4432E-01 -9.4270E-02
  2.0065E+00  6.7327E+00  6.6838E-04  3.1318E-01  1.3330E-01  6.4134E-01 -1.2499E-01
  2.0099E+00  6.7439E+00  6.6999E-04  3.1272E-01  1.5198E-01  6.3598E-01 -1.4492E-01
  2.0130E+00  6.7544E+00  6.7141E-04  3.1226E-01  1.5093E-01  6.2843E-01 -1.4403E-01
  2.0162E+00  6.7649E+00  6.7289E-04  3.1183E-01  1.3390E-01  6.2330E-01 -1.2625E-01
  2.0195E+00  6.7761E+00  6.7464E-04  3.1146E-01  1.0246E-01  6.1913E-01 -9.2429E-02
  2.0227E+00  6.7866E+00  6.7652E-04  3.1123E-01  7.1323E-02  6.1849E-01 -5.6073E-02
  2.0258E+00  6.7971E+00  6.7862E-04  3.1110E-01  5.3416E-02  6.2306E-01 -2.9809E-02
  2.0292E+00  6.8083E+00  6.8097E-04  3.1101E-01  5.1978E-02  6.3267E-01 -2.6132E-02
  2.0323E+00  6.8188E+00  6.8312E-04  3.1090E-01  6.4572E-02  6.4071E-01 -4.5891E-02
  2.0355E+00  6.8293E+00  6.8507E-04  3.1071E-01  9.0119E-02  6.4344E-01 -7.7772E-02
  2.0386E+00  6.8398E+00  6.8679E-04  3.1041E-01  1.1867E-01  6.4164E-01 -1.0969E-01
  2.0420E+00  6.8510E+00  6.8839E-04  3.1000E-01  1.4151E-01  6.3717E-01 -1.3421E-01
  2.0451E+00  6.8615E+00  6.8978E-04  3.0956E-01  1.4668E-01  6.2906E-01 -1.3987E-01
  2.0483E+00  6.8720E+00  6.9117E-04  3.0914E-01  1.3572E-01  6.2391E-01 -1.2850E-01
  2.0516E+00  6.8832E+00  6.9278E-04  3.0875E-01  1.0971E-01  6.1908E-01 -1.0083E-01
  2.0548E+00  6.8937E+00  6.9452E-04  3.0848E-01  7.9031E-02  6.1685E-01 -6.6319E-02
  2.0579E+00  6.9042E+00  6.9648E-04  3.0833E-01  5.5856E-02  6.1910E-01 -3.5576E-02
  2.0613E+00  6.9154E+00  6.9876E-04  3.0824E-01  4.8721E-02  6.2715E-01 -2.1850E-02
  2.0644E+00  6.9259E+00  7.0089E-04  3.0816E-01  5.4797E-02  6.3637E-01 -3.2503E-02
  2.0676E+00  6.9364E+00  7.0289E-04  3.0801E-01  7.4291E-02  6.4147E-01 -5.9570E-02
  2.0707E+00  6.9469E+00  7.0466E-04  3.0778E-01  1.0124E-01  6.4109E-01 -9.1045E-02
  2.0741E+00  6.9581E+00  7.0630E-04  3.0742E-01  1.2609E-01  6.3709E-01 -1.1821E-01
  2.0772E+00  6.9686E+00  7.0769E-04  3.0703E-01  1.3789E-01  6.3137E-01 -1.3089E-01
  2.0804E+00  6.9791E+00  7.0903E-04  3.0662E-01  1.3466E-01  6.2531E-01 -1.2766E-01
  2.0837E+00  6.9903E+00  7.1053E-04  3.0622E-01  1.1546E-01  6.1969E-01 -1.0741E-01
  2.0869E+00  7.0008E+00  7.1212E-04  3.0592E-01  8.7400E-02  6.1606E-01 -7.6645E-02
  2.0900E+00  7.0113E+00  7.1394E-04  3.0574E-01  6.0774E-02  6.1616E-01 -4.3991E-02
  2.0934E+00  7.0225E+00  7.1611E-04  3.0563E-01  4.7793E-02  6.2223E-01 -2.2300E-02
  2.0965E+00  7.0330E+00  7.1821E-04  3.0556E-01  4.9154E-02  6.3162E-01 -2.4092E-02
  2.0997E+00  7.0435E+00  7.2022E-04  3.0546E-01  6.2759E-02  6.3887E-01 -4.5461E-02
  2.1030E+00  7.0547E+00  7.2214E-04  3.0525E-01  8.9064E-02  6.4041E-01 -7.7841E-02
  2.1062E+00  7.0652E+00  7.2370E-04  3.0496E-01  1.1421E-01  6.3771E-01 -1.0580E-01
  2.1093E+00  7.0757E+00  7.2507E-04  3.0460E-01  1.3137E-01  6.3315E-01 -1.2428E-01
  2.1125E+00  7.0862E+00  7.2635E-04  3.0420E-01  1.3327E-01  6.2534E-01 -1.2649E-01
  2.1158E+00  7.0974E+00  7.2776E-04  3.0379E-01  1.1928E-01  6.1973E-01 -1.1184E-01
  2.1190E+00  7.1079E+00  7.2922E-04  3.0348E-01  9.4477E-02  6.1548E-01 -8.5075E-02
  2.1221E+00  7.1184E+00  7.3090E-04  3.0326E-01  6.6726E-02  6.1414E-01 -5.2710E-02
  2.1255E+00  7.1296E+00  7.3295E-04  3.0313E-01  4.8554E-02  6.1832E-01 -2.5818E-02
  2.1286E+00  7.1401E+00  7.3499E-04  3.0307E-01  4.6098E-02  6.2707E-01 -1.9776E-02
  2.1318E+00  7.1506E+00  7.3700E-04  3.0299E-01  5.4412E-02  6.3566E-01 -3.4415E-02
  2.1351E+00  7.1618E+00  7.3895E-04  3.0282E-01  7.6487E-02  6.3936E-01 -6.3718E-02
  2.1383E+00  7.1723E+00  7.4054E-04  3.0258E-01  1.0166E-01  6.3791E-01 -9.2524E-02
  2.1414E+00  7.1828E+00  7.4192E-04  3.0225E-01  1.2181E-01  6.3398E-01 -1.1442E-01
  2.1446E+00  7.1933E+00  7.4317E-04  3.0187E-01  1.2924E-01  6.2598E-01 -1.2252E-01
  2.1479E+00  7.2045E+00  7.4450E-04  3.0147E-01  1.2084E-01  6.2039E-01 -1.1380E-01
  2.1511E+00  7.2150E+00  7.4585E-04  3.0114E-01  1.0069E-01  6.1566E-01 -9.2289E-02
  2.1542E+00  7.2255E+00  7.4740E-04  3.0090E-01  7.3987E-02  6.1286E-01 -6.2247E-02
  2.1576E+00  7.2367E+00  7.4931E-04  3.0074E-01  5.1162E-02  6.1458E-01 -3.1862E-02
  2.1607E+00  7.2472E+00  7.5127E-04  3.0067E-01  4.4150E-02  6.2164E-01 -1.7740E-02
  2.1639E+00  7.2577E+00  7.5327E-04  3.0061E-01  4.7449E-02  6.3099E-01 -2.3921E-02
  2.1672E+00  7.2689E+00  7.5527E-04  3.0049E-01  6.3415E-02  6.3719E-01 -4.8114E-02
  2.1704E+00  7.2794E+00  7.5692E-04  3.0030E-01  8.6714E-02  6.3728E-01 -7.6282E-02
  2.1735E+00  7.2899E+00  7.5835E-04  3.0002E-01  1.0822E-01  6.3386E-01 -1.0018E-01
  2.1769E+00  7.3011E+00  7.5970E-04  2.9965E-01  1.2114E-01  6.2804E-01 -1.1419E-01
  2.1800E+00  7.3116E+00  7.6090E-04  2.9929E-01  1.1972E-01  6.2190E-01 -1.1285E-01
  2.1832E+00  7.3221E+00  7.6216E-04  2.9896E-01  1.0538E-01  6.1648E-01 -9.7689E-02
  2.1863E+00  7.3326E+00  7.6358E-04  2.9869E-01  8.1563E-02  6.1241E-01 -7.1543E-02
  2.1897E+00  7.3438E+00  7.6534E-04  2.9850E-01  5.5945E-02  6.1188E-01 -4.0053E-02
  2.1928E+00  7.3543E+00  7.6720E-04  2.9841E-01  4.3978E-02  6.1693E-01 -1.9696E-02
  2.1960E+00  7.3648E+00  7.6916E-04  2.9836E-01  4.3662E-02  6.2607E-01 -1.7850E-02
  2.1993E+00  7.3760E+00  7.7118E-04  2.9827E-01  5.4132E-02  6.3438E-01 -3.6129E-02
  2.2025E+00  7.3865E+00  7.7287E-04  2.9812E-01  7.4791E-02  6.3653E-01 -6.2956E-02
  2.2056E+00  7.3970E+00  7.7433E-04  2.9788E-01  9.7572E-02  6.3431E-01 -8.8927E-02
  2.2090E+00  7.4082E+00  7.7568E-04  2.9754E-01  1.1521E-01  6.2962E-01 -1.0814E-01
  2.2121E+00  7.4187E+00  7.7684E-04  2.9719E-01  1.1849E-01  6.2195E-01 -1.1183E-01
  2.2153E+00  7.4292E+00  7.7802E-04  2.9685E-01  1.0849E-01  6.1660E-01 -1.0133E-01
  2.2184E+00  7.4397E+00  7.7932E-04  2.9657E-01  8.7838E-02  6.1204E-01 -7.9008E-02
  2.2218E+00  7.4509E+00  7.8094E-04  2.9635E-01  6.1564E-02  6.1005E-01 -4.8294E-02
  2.2249E+00  7.4614E+00  7.8270E-04  2.9624E-01  4.5249E-02  6.1328E-01 -2.4059E-02
  2.2281E+00  7.4719E+00  7.8459E-04  2.9618E-01  4.1720E-02  6.2152E-01 -1.5375E-02
  2.2314E+00  7.4831E+00  7.8660E-04  2.9612E-01  4.7659E-02  6.3101E-01 -2.6939E-02
  2.2346E+00  7.4936E+00  7.8832E-04  2.9600E-01  6.4330E-02  6.3519E-01 -5.0765E-02
  2.2377E+00  7.5041E+00  7.8983E-04  2.9579E-01  8.6572E-02  6.3437E-01 -7.7093E-02
  2.2411E+00  7.5153E+00  7.9120E-04  2.9550E-01  1.0672E-01  6.3049E-01 -9.9314E-02
  2.2442E+00  7.5258E+00  7.9234E-04  2.9516E-01  1.1488E-01  6.2260E-01 -1.0825E-01
  2.2474E+00  7.5363E+00  7.9345E-04  2.9483E-01  1.0946E-01  6.1731E-01 -1.0263E-01
  2.2505E+00  7.5468E+00  7.9466E-04  2.9453E-01  9.3111E-02  6.1241E-01 -8.5148E-02
  2.2539E+00  7.5580E+00  7.9615E-04  2.9429E-01  6.8258E-02  6.0901E-01 -5.7107E-02
  2.2570E+00  7.5685E+00  7.9778E-04  2.9415E-01  4.8293E-02  6.0996E-01 -3.0571E-02
  2.2602E+00  7.5790E+00  7.9959E-04  2.9409E-01  4.0624E-02  6.1627E-01 -1.5086E-02
  2.2635E+00  7.5902E+00  8.0158E-04  2.9404E-01  4.2448E-02  6.2620E-01 -1.8363E-02
  2.2667E+00  7.6007E+00  8.0335E-04  2.9395E-01  5.3762E-02  6.3268E-01 -3.7412E-02
  2.2698E+00  7.6112E+00  8.0491E-04  2.9379E-01  7.3631E-02  6.3360E-01 -6.2703E-02
  2.2732E+00  7.6224E+00  8.0634E-04  2.9354E-01  9.4722E-02  6.3034E-01 -8.6625E-02
  2.2763E+00  7.6329E+00  8.0751E-04  2.9324E-01  1.0700E-01  6.2517E-01 -1.0006E-01
  2.2795E+00  7.6434E+00  8.0860E-04  2.9292E-01  1.0782E-01  6.1896E-01 -1.0111E-01
  2.2828E+00  7.6546E+00  8.0981E-04  2.9260E-01  9.5743E-02  6.1308E-01 -8.8298E-02
  2.2860E+00  7.6651E+00  8.1109E-04  2.9236E-01  7.5118E-02  6.0876E-01 -6.5553E-02
  2.2891E+00  7.6756E+00  8.1259E-04  2.9219E-01  5.3224E-02  6.0766E-01 -3.8688E-02
  2.2923E+00  7.6861E+00  8.1430E-04  2.9211E-01  4.0995E-02  6.1184E-01 -1.8170E-02
  2.2956E+00  7.6973E+00  8.1625E-04  2.9206E-01  3.9712E-02  6.2122E-01 -1.3740E-02
  2.2988E+00  7.7078E+00  8.1803E-04  2.9200E-01  4.6593E-02  6.2953E-01 -2.7372E-02
  2.3019E+00  7.7183E+00  8.1964E-04  2.9188E-01  6.3425E-02  6.3259E-01 -5.0909E-02
  2.3053E+00  7.7295E+00  8.2111E-04  2.9166E-01  8.5255E-02  6.3072E-01 -7.6495E-02
  2.3084E+00  7.7400E+00  8.2228E-04  2.9139E-01  1.0117E-01  6.2657E-01 -9.4037E-02
  2.3116E+00  7.7505E+00  8.2334E-04  2.9108E-01  1.0642E-01  6.1904E-01 -9.9859E-02
  2.3150E+00  7.7617E+00  8.2447E-04  2.9076E-01  9.8461E-02  6.1325E-01 -9.1503E-02
  2.3181E+00  7.7722E+00  8.2565E-04  2.9050E-01  8.0772E-02  6.0854E-01 -7.2304E-02
  2.3212E+00  7.7827E+00  8.2703E-04  2.9031E-01  5.8700E-02  6.0617E-01 -4.6521E-02
  2.3244E+00  7.7932E+00  8.2863E-04  2.9020E-01  4.2679E-02  6.0850E-01 -2.3110E-02
  2.3278E+00  7.8044E+00  8.3051E-04  2.9015E-01  3.8342E-02  6.1675E-01 -1.2301E-02
  2.3309E+00  7.8149E+00  8.3229E-04  2.9010E-01  4.1889E-02  6.2590E-01 -2.0000E-02
  2.3340E+00  7.8254E+00  8.3393E-04  2.9001E-01  5.4759E-02  6.3098E-01 -4.0322E-02
  2.3374E+00  7.8366E+00  8.3544E-04  2.8983E-01  7.5579E-02  6.3071E-01 -6.5922E-02
  2.3406E+00  7.8471E+00  8.3665E-04  2.8959E-01  9.3329E-02  6.2736E-01 -8.5811E-02
  2.3437E+00  7.8576E+00  8.3770E-04  2.8930E-01  1.0286E-01  6.2012E-01 -9.6276E-02
  2.3471E+00  7.8688E+00  8.3878E-04  2.8898E-01  9.9199E-02  6.1400E-01 -9.2531E-02
  2.3502E+00  7.8793E+00  8.3987E-04  2.8871E-01  8.5419E-02  6.0904E-01 -7.7742E-02
  2.3534E+00  7.8898E+00  8.4113E-04  2.8850E-01  6.4922E-02  6.0547E-01 -5.4603E-02
  2.3565E+00  7.9003E+00  8.4261E-04  2.8836E-01  4.6054E-02  6.0561E-01 -2.9850E-02
  2.3599E+00  7.9115E+00  8.4440E-04  2.8830E-01  3.7649E-02  6.1165E-01 -1.2903E-02
  2.3630E+00  7.9220E+00  8.4616E-04  2.8826E-01  3.8286E-02  6.2088E-01 -1.3419E-02
  2.3661E+00  7.9325E+00  8.4783E-04  2.8820E-01  4.6321E-02  6.2813E-01 -2.8867E-02
  2.3695E+00  7.9437E+00  8.4942E-04  2.8806E-01  6.4280E-02  6.2986E-01 -5.3074E-02
  2.3727E+00  7.9542E+00  8.5068E-04  2.8786E-01  8.2508E-02  6.2718E-01 -7.4218E-02
  2.3758E+00  7.9647E+00  8.5177E-04  2.8760E-01  9.5048E-02  6.2235E-01 -8.8091E-02
  2.3792E+00  7.9759E+00  8.5283E-04  2.8729E-01  9.7455E-02  6.1578E-01 -9.0862E-02
  2.3823E+00  7.9864E+00  8.5386E-04  2.8702E-01  8.8597E-02  6.1019E-01 -8.1458E-02
  2.3855E+00  7.9969E+00  8.5501E-04  2.8679E-01  7.1067E-02  6.0555E-01 -6.2123E-02
  2.3888E+00  8.0081E+00  8.5647E-04  2.8663E-01  4.9872E-02  6.0378E-01 -3.6154E-02
  2.3920E+00  8.0186E+00  8.5805E-04  2.8655E-01  3.8226E-02  6.0743E-01 -1.6437E-02
  2.3951E+00  8.0291E+00  8.5976E-04  2.8651E-01  3.6464E-02  6.1587E-01 -1.0410E-02
  2.3983E+00  8.0396E+00  8.6145E-04  2.8646E-01  4.0902E-02  6.2465E-01 -2.0489E-02
  2.4016E+00  8.0508E+00  8.6308E-04  2.8636E-01  5.5467E-02  6.2871E-01 -4.2556E-02
  2.4048E+00  8.0613E+00  8.6439E-04  2.8619E-01  7.3885E-02  6.2743E-01 -6.4830E-02
  2.4079E+00  8.0718E+00  8.6550E-04  2.8596E-01  8.9319E-02  6.2361E-01 -8.2108E-02
  2.4113E+00  8.0830E+00  8.6654E-04  2.8566E-01  9.6100E-02  6.1590E-01 -8.9638E-02
  2.4144E+00  8.0935E+00  8.6750E-04  2.8539E-01  9.0728E-02  6.1040E-01 -8.4009E-02
  2.4176E+00  8.1040E+00  8.6856E-04  2.8514E-01  7.6039E-02  6.0550E-01 -6.8052E-02
  2.4209E+00  8.1152E+00  8.6989E-04  2.8496E-01  5.5025E-02  6.0251E-01 -4.3503E-02
  2.4241E+00  8.1257E+00  8.7137E-04  2.8486E-01  4.0003E-02  6.0431E-01 -2.1483E-02
  2.4272E+00  8.1362E+00  8.7302E-04  2.8481E-01  3.5597E-02  6.1151E-01 -1.0201E-02
  2.4304E+00  8.1467E+00  8.7469E-04  2.8477E-01  3.7562E-02  6.2082E-01 -1.4663E-02
  2.4337E+00  8.1579E+00  8.7636E-04  2.8470E-01  4.8165E-02  6.2696E-01 -3.3223E-02
  2.4369E+00  8.1684E+00  8.7771E-04  2.8456E-01  6.5284E-02  6.2728E-01 -5.5214E-02
  2.4400E+00  8.1789E+00  8.7885E-04  2.8435E-01  8.2033E-02  6.2430E-01 -7.4377E-02
  2.4434E+00  8.1901E+00  8.7990E-04  2.8408E-01  9.2758E-02  6.1816E-01 -8.6226E-02
  2.4465E+00  8.2006E+00  8.8082E-04  2.8381E-01  9.0987E-02  6.1120E-01 -8.4501E-02
  2.4497E+00  8.2111E+00  8.8180E-04  2.8356E-01  7.9922E-02  6.0616E-01 -7.2612E-02
  2.4530E+00  8.2223E+00  8.8302E-04  2.8335E-01  6.0751E-02  6.0204E-01 -5.0939E-02
  2.4562E+00  8.2328E+00  8.8438E-04  2.8322E-01  4.3358E-02  6.0171E-01 -2.8083E-02
  2.4593E+00  8.2433E+00  8.8594E-04  2.8316E-01  3.5341E-02  6.0671E-01 -1.1933E-02
  2.4625E+00  8.2538E+00  8.8760E-04  2.8313E-01  3.5106E-02  6.1566E-01 -9.7810E-03
  2.4658E+00  8.2650E+00  8.8930E-04  2.8308E-01  4.1258E-02  6.2393E-01 -2.3192E-02
  2.4690E+00  8.2755E+00  8.9071E-04  2.8298E-01  5.5446E-02  6.2625E-01 -4.3642E-02
  2.4721E+00  8.2860E+00  8.9192E-04  2.8281E-01  7.2214E-02  6.2410E-01 -6.3695E-02
  2.4755E+00  8.2972E+00  8.9301E-04  2.8257E-01  8.5372E-02  6.1926E-01 -7.8442E-02
  2.4786E+00  8.3077E+00  8.9393E-04  2.8231E-01  8.8791E-02  6.1316E-01 -8.2312E-02
  2.4818E+00  8.3182E+00  8.9486E-04  2.8206E-01  8.2327E-02  6.0747E-01 -7.5458E-02
  2.4851E+00  8.3294E+00  8.9598E-04  2.8183E-01  6.6305E-02  6.0232E-01 -5.7749E-02
  2.4883E+00  8.3399E+00  8.9722E-04  2.8169E-01  4.8135E-02  6.0013E-01 -3.5590E-02
  2.4914E+00  8.3504E+00  8.9868E-04  2.8161E-01  3.6297E-02  6.0285E-01 -1.6142E-02
  2.4948E+00  8.3616E+00  9.0039E-04  2.8157E-01  3.3916E-02  6.1133E-01 -8.1356E-03
  2.4979E+00  8.3721E+00  9.0199E-04  2.8153E-01  3.7008E-02  6.2030E-01 -1.6003E-02
  2.5011E+00  8.3826E+00  9.0345E-04  2.8146E-01  4.7943E-02  6.2484E-01 -3.4231E-02
  2.5042E+00  8.3931E+00  9.0470E-04  2.8132E-01  6.4346E-02  6.2422E-01 -5.4949E-02
  2.5076E+00  8.4043E+00  9.0582E-04  2.8110E-01  7.9992E-02  6.2044E-01 -7.2770E-02
  2.5107E+00  8.4148E+00  9.0673E-04  2.8086E-01  8.7240E-02  6.1335E-01 -8.0850E-02
  2.5139E+00  8.4253E+00  9.0761E-04  2.8060E-01  8.3938E-02  6.0773E-01 -7.7430E-02
  2.5172E+00  8.4365E+00  9.0863E-04  2.8036E-01  7.0778E-02  6.0240E-01 -6.3101E-02
  2.5204E+00  8.4470E+00  9.0977E-04  2.8020E-01  5.3081E-02  5.9917E-01 -4.2475E-02
  2.5235E+00  8.4575E+00  9.1112E-04  2.8010E-01  3.8394E-02  6.0009E-01 -2.1455E-02
  2.5269E+00  8.4687E+00  9.1276E-04  2.8005E-01  3.3291E-02  6.0709E-01 -8.5699E-03
  2.5300E+00  8.4792E+00  9.1435E-04  2.8002E-01  3.4494E-02  6.1641E-01 -1.1202E-02
  2.5332E+00  8.4897E+00  9.1584E-04  2.7997E-01  4.2000E-02  6.2281E-01 -2.6079E-02
  2.5363E+00  8.5002E+00  9.1714E-04  2.7985E-01  5.6702E-02  6.2391E-01 -4.6159E-02
  2.5397E+00  8.5114E+00  9.1830E-04  2.7966E-01  7.3323E-02  6.2110E-01 -6.5616E-02
  2.5428E+00  8.5219E+00  9.1922E-04  2.7944E-01  8.3733E-02  6.1662E-01 -7.7199E-02
  2.5460E+00  8.5324E+00  9.2007E-04  2.7919E-01  8.3783E-02  6.0855E-01 -7.7455E-02
  2.5493E+00  8.5436E+00  9.2102E-04  2.7895E-01  7.4174E-02  6.0316E-01 -6.7109E-02
  2.5525E+00  8.5541E+00  9.2206E-04  2.7876E-01  5.8338E-02  5.9902E-01 -4.9215E-02
  2.5556E+00  8.5646E+00  9.2330E-04  2.7864E-01  4.1957E-02  5.9795E-01 -2.8028E-02
  2.5590E+00  8.5758E+00  9.2485E-04  2.7858E-01  3.3229E-02  6.0252E-01 -1.0818E-02
  2.5621E+00  8.5863E+00  9.2640E-04  2.7855E-01  3.2681E-02  6.1124E-01 -7.3829E-03
  2.5653E+00  8.5968E+00  9.2793E-04  2.7852E-01  3.6662E-02  6.1946E-01 -1.7479E-02
  2.5684E+00  8.6073E+00  9.2929E-04  2.7843E-01  4.8176E-02  6.2268E-01 -3.5698E-02
  2.5718E+00  8.6185E+00  9.3052E-04  2.7828E-01  6.4432E-02  6.2091E-01 -5.5806E-02
  2.5749E+00  8.6290E+00  9.3149E-04  2.7808E-01  7.6527E-02  6.1666E-01 -6.9548E-02
  2.5781E+00  8.6395E+00  9.3235E-04  2.7785E-01  8.1175E-02  6.1073E-01 -7.4788E-02
  2.5814E+00  8.6507E+00  9.3326E-04  2.7760E-01  7.6142E-02  6.0458E-01 -6.9464E-02
  2.5846E+00  8.6612E+00  9.3421E-04  2.7741E-01  6.3249E-02  5.9958E-01 -5.5204E-02
  2.5877E+00  8.6717E+00  9.3534E-04  2.7726E-01  4.6687E-02  5.9679E-01 -3.5192E-02
  2.5911E+00  8.6829E+00  9.3677E-04  2.7718E-01  3.4309E-02  5.9892E-01 -1.5227E-02
  2.5942E+00  8.6934E+00  9.3828E-04  2.7715E-01  3.1764E-02  6.0635E-01 -6.5046E-03
  2.5974E+00  8.7039E+00  9.3980E-04  2.7712E-01  3.3583E-02  6.1555E-01 -1.1568E-02
  2.6005E+00  8.7144E+00  9.4121E-04  2.7706E-01  4.1869E-02  6.2099E-01 -2.7275E-02
  2.6039E+00  8.7256E+00  9.4250E-04  2.7694E-01  5.7303E-02  6.2095E-01 -4.7726E-02
  2.6070E+00  8.7361E+00  9.4350E-04  2.7676E-01  7.1246E-02  6.1768E-01 -6.3907E-02
  2.6102E+00  8.7466E+00  9.4435E-04  2.7654E-01  7.9432E-02  6.1183E-01 -7.3073E-02
  2.6135E+00  8.7578E+00  9.4521E-04  2.7630E-01  7.7486E-02  6.0486E-01 -7.1134E-02
  2.6167E+00  8.7683E+00  9.4609E-04  2.7609E-01  6.7144E-02  5.9978E-01 -5.9861E-02
  2.6198E+00  8.7788E+00  9.4712E-04  2.7593E-01  5.1384E-02  5.9612E-01 -4.1588E-02
  2.6232E+00  8.7900E+00  9.4845E-04  2.7582E-01  3.6456E-02  5.9640E-01 -2.0498E-02
  2.6263E+00  8.8005E+00  9.4988E-04  2.7578E-01  3.1394E-02  6.0231E-01 -7.7927E-03
  2.6295E+00  8.8110E+00  9.5139E-04  2.7576E-01  3.1848E-02  6.1152E-01 -7.9408E-03
  2.6328E+00  8.8222E+00  9.5291E-04  2.7571E-01  3.7754E-02  6.1897E-01 -2.1290E-02
  2.6360E+00  8.8327E+00  9.5416E-04  2.7562E-01  5.0493E-02  6.2055E-01 -3.9688E-02
  2.6391E+00  8.8432E+00  9.5520E-04  2.7547E-01  6.4997E-02  6.1826E-01 -5.7099E-02
  2.6423E+00  8.8537E+00  9.5607E-04  2.7526E-01  7.5655E-02  6.1398E-01 -6.9110E-02
  2.6456E+00  8.8649E+00  9.5691E-04  2.7503E-01  7.7179E-02  6.0573E-01 -7.0978E-02
  2.6488E+00  8.8754E+00  9.5772E-04  2.7481E-01  6.9916E-02  6.0064E-01 -6.3152E-02
  2.6519E+00  8.8859E+00  9.5866E-04  2.7464E-01  5.6164E-02  5.9624E-01 -4.7648E-02
  2.6553E+00  8.8971E+00  9.5988E-04  2.7451E-01  3.9955E-02  5.9454E-01 -2.6835E-02
  2.6584E+00  8.9076E+00  9.6123E-04  2.7445E-01  3.1637E-02  5.9811E-01 -1.0778E-02
  2.6616E+00  8.9181E+00  9.6270E-04  2.7443E-01  3.0601E-02  6.0634E-01 -5.4045E-03
  2.6649E+00  8.9293E+00  9.6425E-04  2.7440E-01  3.3486E-02  6.1544E-01 -1.3742E-02
  2.6681E+00  8.9398E+00  9.6556E-04  2.7434E-01  4.3033E-02  6.1920E-01 -3.0171E-02
  2.6712E+00  8.9503E+00  9.6667E-04  2.7421E-01  5.6867E-02  6.1803E-01 -4.7944E-02
  2.6744E+00  8.9608E+00  9.6759E-04  2.7404E-01  6.8777E-02  6.1413E-01 -6.1724E-02
  2.6777E+00  8.9720E+00  9.6845E-04  2.7382E-01  7.4485E-02  6.0803E-01 -6.8184E-02
  2.6809E+00  8.9825E+00  9.6923E-04  2.7360E-01  7.1248E-02  6.0221E-01 -6.4789E-02
  2.6840E+00  8.9930E+00  9.7010E-04  2.7342E-01  6.0458E-02  5.9705E-01 -5.2863E-02
  2.6874E+00  9.0042E+00  9.7120E-04  2.7327E-01  4.4458E-02  5.9364E-01 -3.3590E-02
  2.6905E+00  9.0147E+00  9.7245E-04  2.7319E-01  3.3046E-02  5.9492E-01 -1.5569E-02
  2.6937E+00  9.0252E+00  9.7386E-04  2.7316E-01  2.9959E-02  6.0160E-01 -5.5286E-03
  2.6971E+00  9.0364E+00  9.7541E-04  2.7314E-01  3.1135E-02  6.1143E-01 -8.7136E-03
  2.7002E+00  9.0469E+00  9.7676E-04  2.7310E-01  3.7654E-02  6.1736E-01 -2.2563E-02
  2.7033E+00  9.0574E+00  9.7792E-04  2.7300E-01  5.0366E-02  6.1792E-01 -4.0358E-02
  2.7065E+00  9.0679E+00  9.7888E-04  2.7284E-01  6.3623E-02  6.1504E-01 -5.6136E-02
  2.7099E+00  9.0791E+00  9.7974E-04  2.7264E-01  7.2713E-02  6.0979E-01 -6.6400E-02
  2.7130E+00  9.0896E+00  9.8049E-04  2.7243E-01  7.2172E-02  6.0252E-01 -6.5988E-02
  2.7161E+00  9.1001E+00  9.8128E-04  2.7223E-01  6.3818E-02  5.9737E-01 -5.6883E-02
  2.7195E+00  9.1113E+00  9.8229E-04  2.7207E-01  4.8851E-02  5.9316E-01 -3.9545E-02
  2.7227E+00  9.1218E+00  9.8344E-04  2.7197E-01  3.5449E-02  5.9277E-01 -2.0912E-02
  2.7258E+00  9.1323E+00  9.8477E-04  2.7193E-01  2.9796E-02  5.9780E-01 -7.5150E-03
  2.7292E+00  9.1435E+00  9.8630E-04  2.7191E-01  2.9838E-02  6.0738E-01 -5.8315E-03
  2.7323E+00  9.1540E+00  9.8767E-04  2.7188E-01  3.3770E-02  6.1492E-01 -1.6268E-02
  2.7355E+00  9.1645E+00  9.8888E-04  2.7180E-01  4.4351E-02  6.1733E-01 -3.2964E-02
  2.7386E+00  9.1750E+00  9.8989E-04  2.7167E-01  5.7767E-02  6.1553E-01 -4.9642E-02
  2.7420E+00  9.1862E+00  9.9078E-04  2.7148E-01  6.8977E-02  6.1124E-01 -6.2452E-02
  2.7451E+00  9.1967E+00  9.9151E-04  2.7128E-01  7.1539E-02  6.0342E-01 -6.5459E-02
  2.7483E+00  9.2072E+00  9.9225E-04  2.7108E-01  6.6030E-02  5.9833E-01 -5.9530E-02
  2.7516E+00  9.2184E+00  9.9317E-04  2.7090E-01  5.3223E-02  5.9347E-01 -4.5083E-02
  2.7548E+00  9.2289E+00  9.9422E-04  2.7078E-01  3.9052E-02  5.9136E-01 -2.7070E-02
  2.7579E+00  9.2394E+00  9.9547E-04  2.7073E-01  3.0331E-02  5.9401E-01 -1.1067E-02
  2.7613E+00  9.2506E+00  9.9695E-04  2.7070E-01  2.8886E-02  6.0227E-01 -4.0562E-03
  2.7644E+00  9.2611E+00  9.9834E-04  2.7069E-01  3.0625E-02  6.1109E-01 -9.8762E-03
  2.7676E+00  9.2716E+00  9.9961E-04  2.7063E-01  3.7988E-02  6.1575E-01 -2.4328E-02
  2.7707E+00  9.2821E+00  1.0007E-03  2.7053E-01  5.0341E-02  6.1526E-01 -4.1068E-02
  2.7741E+00  9.2933E+00  1.0016E-03  2.7037E-01  6.2562E-02  6.1142E-01 -5.5495E-02
  2.7772E+00  9.3038E+00  1.0024E-03  2.7018E-01  6.8484E-02  6.0592E-01 -6.2237E-02
  2.7804E+00  9.3143E+00  1.0031E-03  2.6998E-01  6.6788E-02  6.0002E-01 -6.0519E-02
  2.7837E+00  9.3255E+00  1.0040E-03  2.6979E-01  5.7064E-02  5.9443E-01 -4.9757E-02
  2.7869E+00  9.3360E+00  1.0049E-03  2.6966E-01  4.3423E-02  5.9085E-01 -3.3415E-02
  2.7900E+00  9.3465E+00  1.0061E-03  2.6959E-01  3.2054E-02  5.9125E-01 -1.6104E-02
  2.7934E+00  9.3577E+00  1.0075E-03  2.6955E-01  2.8377E-02  5.9767E-01 -4.7082E-03
  2.7965E+00  9.3682E+00  1.0089E-03  2.6954E-01  2.8989E-02  6.0686E-01 -5.8862E-03
  2.7997E+00  9.3787E+00  1.0102E-03  2.6950E-01  3.3606E-02  6.1360E-01 -1.7534E-02
  2.8030E+00  9.3899E+00  1.0114E-03  2.6942E-01  4.5297E-02  6.1489E-01 -3.5053E-02
  2.8062E+00  9.4004E+00  1.0123E-03  2.6928E-01  5.7689E-02  6.1226E-01 -5.0143E-02
  2.8093E+00  9.4109E+00  1.0131E-03  2.6911E-01  6.6423E-02  6.0785E-01 -6.0105E-02
  2.8125E+00  9.4214E+00  1.0137E-03  2.6891E-01  6.7341E-02  6.0034E-01 -6.1299E-02
  2.8158E+00  9.4326E+00  1.0145E-03  2.6872E-01  6.0064E-02  5.9482E-01 -5.3360E-02
  2.8190E+00  9.4431E+00  1.0154E-03  2.6857E-01  4.7537E-02  5.9060E-01 -3.8889E-02
  2.8221E+00  9.4536E+00  1.0164E-03  2.6848E-01  3.4665E-02  5.8947E-01 -2.1427E-02
  2.8255E+00  9.4648E+00  1.0178E-03  2.6843E-01  2.8308E-02  5.9404E-01 -7.0006E-03
  2.8286E+00  9.4753E+00  1.0191E-03  2.6842E-01  2.8080E-02  6.0277E-01 -3.9312E-03
  2.8318E+00  9.4858E+00  1.0205E-03  2.6839E-01  3.0643E-02  6.1088E-01 -1.2109E-02
  2.8351E+00  9.4970E+00  1.0217E-03  2.6833E-01  3.9955E-02  6.1419E-01 -2.8240E-02
  2.8383E+00  9.5075E+00  1.0227E-03  2.6821E-01  5.2267E-02  6.1272E-01 -4.4033E-02
  2.8414E+00  9.5180E+00  1.0235E-03  2.6805E-01  6.2595E-02  6.0896E-01 -5.6012E-02
  2.8446E+00  9.5285E+00  1.0242E-03  2.6787E-01  6.6426E-02  6.0128E-01 -6.0445E-02
  2.8479E+00  9.5397E+00  1.0249E-03  2.6767E-01  6.1945E-02  5.9582E-01 -5.5631E-02
  2.8511E+00  9.5502E+00  1.0257E-03  2.6751E-01  5.1457E-02  5.9114E-01 -4.3810E-02
  2.8542E+00  9.5607E+00  1.0266E-03  2.6740E-01  3.8304E-02  5.8846E-01 -2.7334E-02
  2.8576E+00  9.5719E+00  1.0279E-03  2.6734E-01  2.8958E-02  5.9053E-01 -1.0736E-02
  2.8607E+00  9.5824E+00  1.0292E-03  2.6732E-01  2.7378E-02  5.9776E-01 -3.1475E-03
  2.8639E+00  9.5929E+00  1.0305E-03  2.6730E-01  2.8400E-02  6.0677E-01 -6.7790E-03
  2.8672E+00  9.6041E+00  1.0318E-03  2.6726E-01  3.4451E-02  6.1246E-01 -2.0342E-02
  2.8704E+00  9.6146E+00  1.0329E-03  2.6717E-01  4.5490E-02  6.1241E-01 -3.6032E-02
  2.8735E+00  9.6251E+00  1.0337E-03  2.6704E-01  5.6494E-02  6.0911E-01 -4.9305E-02
  2.8767E+00  9.6356E+00  1.0344E-03  2.6687E-01  6.3045E-02  6.0394E-01 -5.6827E-02
  2.8800E+00  9.6468E+00  1.0352E-03  2.6667E-01  6.2407E-02  5.9761E-01 -5.6279E-02
  2.8832E+00  9.6573E+00  1.0359E-03  2.6651E-01  5.4747E-02  5.9230E-01 -4.7803E-02
  2.8863E+00  9.6678E+00  1.0368E-03  2.6638E-01  4.2488E-02  5.8831E-01 -3.3235E-02
  2.8897E+00  9.6790E+00  1.0379E-03  2.6630E-01  3.0761E-02  5.8805E-01 -1.5749E-02
  2.8928E+00  9.6895E+00  1.0391E-03  2.6627E-01  2.7021E-02  5.9340E-01 -4.5461E-03
  2.8960E+00  9.7000E+00  1.0405E-03  2.6626E-01  2.7271E-02  6.0238E-01 -3.7384E-03
  2.8993E+00  9.7112E+00  1.0418E-03  2.6623E-01  3.0800E-02  6.1015E-01 -1.4199E-02
  2.9025E+00  9.7217E+00  1.0429E-03  2.6616E-01  4.0161E-02  6.1202E-01 -2.9379E-02
  2.9056E+00  9.7322E+00  1.0438E-03  2.6605E-01  5.1769E-02  6.0984E-01 -4.4018E-02
  2.9088E+00  9.7427E+00  1.0445E-03  2.6589E-01  6.0690E-02  6.0567E-01 -5.4343E-02
  2.9121E+00  9.7539E+00  1.0452E-03  2.6570E-01  6.2781E-02  5.9797E-01 -5.6853E-02
  2.9153E+00  9.7644E+00  1.0459E-03  2.6553E-01  5.7293E-02  5.9275E-01 -5.0870E-02
  2.9184E+00  9.7749E+00  1.0467E-03  2.6539E-01  4.6303E-02  5.8828E-01 -3.8232E-02
  2.9218E+00  9.7861E+00  1.0477E-03  2.6529E-01  3.3368E-02  5.8651E-01 -2.0906E-02
  2.9249E+00  9.7966E+00  1.0489E-03  2.6524E-01  2.7142E-02  5.9005E-01 -7.3197E-03
  2.9281E+00  9.8071E+00  1.0502E-03  2.6523E-01  2.6604E-02  5.9831E-01 -2.6087E-03
  2.9314E+00  9.8183E+00  1.0515E-03  2.6521E-01  2.8447E-02  6.0731E-01 -9.4087E-03
  2.9346E+00  9.8288E+00  1.0527E-03  2.6516E-01  3.5527E-02  6.1110E-01 -2.3109E-02
  2.9377E+00  9.8393E+00  1.0536E-03  2.6507E-01  4.6698E-02  6.1020E-01 -3.8165E-02
  2.9409E+00  9.8498E+00  1.0544E-03  2.6493E-01  5.6870E-02  6.0677E-01 -5.0202E-02
  2.9442E+00  9.8610E+00  1.0551E-03  2.6474E-01  6.1779E-02  5.9892E-01 -5.5887E-02
  2.9474E+00  9.8715E+00  1.0557E-03  2.6457E-01  5.8716E-02  5.9380E-01 -5.2614E-02
  2.9505E+00  9.8820E+00  1.0564E-03  2.6442E-01  4.9781E-02  5.8900E-01 -4.2565E-02
  2.9539E+00  9.8932E+00  1.0574E-03  2.6430E-01  3.6878E-02  5.8575E-01 -2.6510E-02
  2.9570E+00  9.9037E+00  1.0585E-03  2.6424E-01  2.8075E-02  5.8698E-01 -1.1390E-02
  2.9602E+00  9.9142E+00  1.0597E-03  2.6422E-01  2.6058E-02  5.9347E-01 -2.6877E-03
  2.9635E+00  9.9254E+00  1.0611E-03  2.6422E-01  2.6748E-02  6.0307E-01 -4.8115E-03
  2.9667E+00  9.9359E+00  1.0622E-03  2.6418E-01  3.0974E-02  6.0907E-01 -1.5960E-02
  2.9698E+00  9.9464E+00  1.0633E-03  2.6411E-01  4.0536E-02  6.0979E-01 -3.0635E-02
  2.9732E+00  9.9576E+00  1.0641E-03  2.6398E-01  5.1688E-02  6.0663E-01 -4.4455E-02
  2.9763E+00  9.9681E+00  1.0648E-03  2.6383E-01  5.8346E-02  6.0167E-01 -5.2175E-02
  2.9795E+00  9.9786E+00  1.0655E-03  2.6366E-01  5.8698E-02  5.9572E-01 -5.2715E-02
  2.9826E+00  9.9891E+00  1.0661E-03  2.6351E-01  5.2547E-02  5.9034E-01 -4.5920E-02
  2.9860E+00  1.0000E+01  1.0670E-03  2.6337E-01  4.0813E-02  5.8582E-01 -3.2016E-02
  2.9891E+00  1.0011E+01  1.0680E-03  2.6330E-01  3.0148E-02  5.8495E-01 -1.6479E-02
  2.9923E+00  1.0021E+01  1.0691E-03  2.6326E-01  2.5845E-02  5.8939E-01 -4.7139E-03
  2.9957E+00  1.0032E+01  1.0705E-03  2.6326E-01  2.5894E-02  5.9865E-01 -2.3772E-03
  2.9988E+00  1.0043E+01  1.0717E-03  2.6324E-01  2.8139E-02  6.0645E-01 -1.0529E-02
  3.0019E+00  1.0053E+01  1.0727E-03  2.6318E-01  3.5782E-02  6.0918E-01 -2.4388E-02
  3.0053E+00  1.0065E+01  1.0737E-03  2.6308E-01  4.7219E-02  6.0731E-01 -3.9372E-02
  3.0085E+00  1.0075E+01  1.0744E-03  2.6293E-01  5.5936E-02  6.0334E-01 -4.9599E-02
  3.0116E+00  1.0086E+01  1.0750E-03  2.6277E-01  5.8769E-02  5.9610E-01 -5.2943E-02
  3.0148E+00  1.0096E+01  1.0756E-03  2.6261E-01  5.4676E-02  5.9084E-01 -4.8497E-02
  3.0181E+00  1.0107E+01  1.0764E-03  2.6246E-01  4.4354E-02  5.8592E-01 -3.6638E-02
  3.0213E+00  1.0118E+01  1.0773E-03  2.6237E-01  3.2887E-02  5.8374E-01 -2.1512E-02
  3.0244E+00  1.0128E+01  1.0784E-03  2.6233E-01  2.6171E-02  5.8636E-01 -7.8657E-03
  3.0278E+00  1.0140E+01  1.0797E-03  2.6231E-01  2.5347E-02  5.9463E-01 -1.7254E-03
  3.0309E+00  1.0150E+01  1.0809E-03  2.6230E-01  2.6443E-02  6.0337E-01 -6.4870E-03
  3.0341E+00  1.0161E+01  1.0820E-03  2.6226E-01  3.1833E-02  6.0801E-01 -1.8639E-02
  3.0374E+00  1.0172E+01  1.0830E-03  2.6218E-01  4.2519E-02  6.0762E-01 -3.3830E-02
  3.0406E+00  1.0182E+01  1.0838E-03  2.6205E-01  5.2265E-02  6.0439E-01 -4.5576E-02
  3.0437E+00  1.0193E+01  1.0844E-03  2.6190E-01  5.7548E-02  5.9742E-01 -5.1712E-02
  3.0469E+00  1.0203E+01  1.0850E-03  2.6173E-01  5.5689E-02  5.9190E-01 -4.9772E-02
  3.0502E+00  1.0214E+01  1.0857E-03  2.6158E-01  4.7502E-02  5.8675E-01 -4.0560E-02
  3.0534E+00  1.0225E+01  1.0865E-03  2.6147E-01  3.6345E-02  5.8334E-01 -2.6801E-02
  3.0565E+00  1.0235E+01  1.0875E-03  2.6141E-01  2.7386E-02  5.8372E-01 -1.2160E-02
  3.0599E+00  1.0247E+01  1.0887E-03  2.6139E-01  2.4878E-02  5.8995E-01 -2.2632E-03
  3.0630E+00  1.0257E+01  1.0899E-03  2.6138E-01  2.5283E-02  5.9891E-01 -2.7975E-03
  3.0662E+00  1.0268E+01  1.0911E-03  2.6136E-01  2.8167E-02  6.0567E-01 -1.2202E-02
  3.0695E+00  1.0279E+01  1.0922E-03  2.6130E-01  3.6910E-02  6.0714E-01 -2.6763E-02
  3.0727E+00  1.0289E+01  1.0930E-03  2.6119E-01  4.6821E-02  6.0452E-01 -3.9412E-02
  3.0758E+00  1.0300E+01  1.0936E-03  2.6105E-01  5.3842E-02  5.9989E-01 -4.7661E-02
  3.0790E+00  1.0310E+01  1.0942E-03  2.6090E-01  5.5233E-02  5.9398E-01 -4.9371E-02
  3.0823E+00  1.0322E+01  1.0949E-03  2.6074E-01  4.9921E-02  5.8819E-01 -4.3504E-02
  3.0855E+00  1.0332E+01  1.0956E-03  2.6062E-01  4.0040E-02  5.8371E-01 -3.1849E-02
  3.0886E+00  1.0343E+01  1.0965E-03  2.6054E-01  2.9688E-02  5.8212E-01 -1.7238E-02
  3.0920E+00  1.0354E+01  1.0977E-03  2.6051E-01  2.4735E-02  5.8607E-01 -4.5690E-03
  3.0951E+00  1.0364E+01  1.0989E-03  2.6050E-01  2.4661E-02  5.9442E-01 -1.1625E-03
  3.0983E+00  1.0375E+01  1.1001E-03  2.6049E-01  2.6045E-02  6.0274E-01 -7.4540E-03
  3.1016E+00  1.0386E+01  1.1012E-03  2.6044E-01  3.2656E-02  6.0640E-01 -2.0915E-02
  3.1048E+00  1.0396E+01  1.1020E-03  2.6036E-01  4.2528E-02  6.0508E-01 -3.4408E-02
  3.1079E+00  1.0407E+01  1.1027E-03  2.6023E-01  5.1230E-02  6.0140E-01 -4.4822E-02
  3.1111E+00  1.0417E+01  1.1033E-03  2.6008E-01  5.5032E-02  5.9438E-01 -4.9286E-02
  3.1144E+00  1.0429E+01  1.1039E-03  2.5992E-01  5.1789E-02  5.8871E-01 -4.5780E-02
  3.1176E+00  1.0439E+01  1.1046E-03  2.5979E-01  4.3279E-02  5.8397E-01 -3.6026E-02
  3.1207E+00  1.0450E+01  1.1054E-03  2.5970E-01  3.2506E-02  5.8124E-01 -2.2094E-02
  3.1241E+00  1.0461E+01  1.1065E-03  2.5965E-01  2.5151E-02  5.8325E-01 -7.8361E-03
  3.1272E+00  1.0471E+01  1.1076E-03  2.5963E-01  2.4203E-02  5.9050E-01 -1.1732E-03
  3.1304E+00  1.0482E+01  1.1088E-03  2.5963E-01  2.4862E-02  5.9944E-01 -4.1176E-03
  3.1337E+00  1.0493E+01  1.1100E-03  2.5960E-01  2.9239E-02  6.0510E-01 -1.5610E-02
  3.1369E+00  1.0504E+01  1.1109E-03  2.5953E-01  3.8169E-02  6.0525E-01 -2.9097E-02
  3.1400E+00  1.0514E+01  1.1116E-03  2.5942E-01  4.7604E-02  6.0236E-01 -4.0784E-02
  3.1432E+00  1.0525E+01  1.1122E-03  2.5927E-01  5.3590E-02  5.9730E-01 -4.7758E-02
  3.1465E+00  1.0536E+01  1.1128E-03  2.5911E-01  5.2580E-02  5.8981E-01 -4.6799E-02
  3.1497E+00  1.0546E+01  1.1134E-03  2.5898E-01  4.6022E-02  5.8494E-01 -3.9427E-02
  3.1528E+00  1.0557E+01  1.1142E-03  2.5887E-01  3.5858E-02  5.8116E-01 -2.7035E-02
  3.1562E+00  1.0568E+01  1.1152E-03  2.5881E-01  2.6461E-02  5.8091E-01 -1.2128E-02
  3.1593E+00  1.0578E+01  1.1163E-03  2.5878E-01  2.3824E-02  5.8608E-01 -2.3720E-03
  3.1625E+00  1.0589E+01  1.1174E-03  2.5878E-01  2.4072E-02  5.9483E-01 -1.2729E-03
  3.1658E+00  1.0600E+01  1.1186E-03  2.5876E-01  2.6203E-02  6.0258E-01 -9.7357E-03
  3.1690E+00  1.0611E+01  1.1196E-03  2.5871E-01  3.3138E-02  6.0461E-01 -2.2440E-02
  3.1721E+00  1.0621E+01  1.1204E-03  2.5862E-01  4.2441E-02  6.0248E-01 -3.4818E-02
  3.1755E+00  1.0632E+01  1.1211E-03  2.5849E-01  5.0017E-02  5.9783E-01 -4.3858E-02
  3.1786E+00  1.0643E+01  1.1216E-03  2.5835E-01  5.1917E-02  5.9199E-01 -4.6152E-02
  3.1818E+00  1.0653E+01  1.1222E-03  2.5821E-01  4.7975E-02  5.8651E-01 -4.1811E-02
  3.1849E+00  1.0664E+01  1.1229E-03  2.5809E-01  3.9281E-02  5.8181E-01 -3.1620E-02
  3.1883E+00  1.0675E+01  1.1238E-03  2.5801E-01  2.8790E-02  5.7958E-01 -1.7063E-02
  3.1914E+00  1.0686E+01  1.1248E-03  2.5797E-01  2.3842E-02  5.8254E-01 -5.1278E-03
  3.1946E+00  1.0696E+01  1.1260E-03  2.5797E-01  2.3578E-02  5.9034E-01 -3.6962E-04
  3.1979E+00  1.0707E+01  1.1272E-03  2.5796E-01  2.4541E-02  5.9949E-01 -5.4934E-03
  3.2011E+00  1.0718E+01  1.1282E-03  2.5792E-01  2.9443E-02  6.0363E-01 -1.6971E-02
  3.2042E+00  1.0728E+01  1.1290E-03  2.5785E-01  3.8351E-02  6.0291E-01 -2.9911E-02
  3.2076E+00  1.0739E+01  1.1298E-03  2.5773E-01  4.7398E-02  5.9926E-01 -4.0974E-02
  3.2107E+00  1.0750E+01  1.1303E-03  2.5759E-01  5.1598E-02  5.9244E-01 -4.5924E-02
  3.2139E+00  1.0760E+01  1.1309E-03  2.5745E-01  4.9489E-02  5.8706E-01 -4.3674E-02
  3.2170E+00  1.0771E+01  1.1315E-03  2.5732E-01  4.2215E-02  5.8221E-01 -3.5365E-02
  3.2204E+00  1.0782E+01  1.1323E-03  2.5723E-01  3.1544E-02  5.7889E-01 -2.1701E-02
  3.2235E+00  1.0793E+01  1.1332E-03  2.5718E-01  2.4485E-02  5.8006E-01 -8.6278E-03
  3.2267E+00  1.0803E+01  1.1343E-03  2.5717E-01  2.3171E-02  5.8656E-01 -9.6522E-04
  3.2300E+00  1.0814E+01  1.1355E-03  2.5716E-01  2.3654E-02  5.9611E-01 -2.6338E-03
  3.2332E+00  1.0825E+01  1.1366E-03  2.5714E-01  2.6647E-02  6.0205E-01 -1.2143E-02
  3.2363E+00  1.0835E+01  1.1375E-03  2.5708E-01  3.4345E-02  6.0294E-01 -2.4831E-02
  3.2397E+00  1.0847E+01  1.1383E-03  2.5698E-01  4.3918E-02  6.0019E-01 -3.7045E-02
  3.2428E+00  1.0857E+01  1.1388E-03  2.5685E-01  5.0107E-02  5.9574E-01 -4.4316E-02
  3.2460E+00  1.0868E+01  1.1393E-03  2.5670E-01  5.1518E-02  5.9099E-01 -4.6017E-02
  3.2491E+00  1.0878E+01  1.1399E-03  2.5656E-01  4.7005E-02  5.8575E-01 -4.1034E-02
  3.2525E+00  1.0889E+01  1.1405E-03  2.5645E-01  3.6774E-02  5.8080E-01 -2.8930E-02
  3.2556E+00  1.0900E+01  1.1414E-03  2.5638E-01  2.6121E-02  5.7827E-01 -1.3134E-02
  3.2588E+00  1.0910E+01  1.1425E-03  2.5636E-01  2.2858E-02  5.7926E-01  3.4328E-03
  3.2622E+00  1.0921E+01  1.1438E-03  2.5640E-01  2.8947E-02  5.8368E-01  1.7894E-02
  3.2653E+00  1.0932E+01  1.1453E-03  2.5647E-01  3.5184E-02  5.8853E-01  2.6685E-02
  3.2685E+00  1.0942E+01  1.1468E-03  2.5656E-01  3.8982E-02  5.9198E-01  3.1434E-02
  3.2718E+00  1.0954E+01  1.1485E-03  2.5667E-01  4.0836E-02  5.9381E-01  3.3664E-02
  3.2750E+00  1.0964E+01  1.1502E-03  2.5678E-01  4.1431E-02  5.9438E-01  3.4375E-02
  3.2781E+00  1.0975E+01  1.1518E-03  2.5689E-01  4.1530E-02  5.9441E-01  3.4500E-02
  3.2813E+00  1.0985E+01  1.1534E-03  2.5700E-01  4.1447E-02  5.9424E-01  3.4410E-02
  3.2846E+00  1.0996E+01  1.1551E-03  2.5711E-01  4.1311E-02  5.9402E-01  3.4260E-02
  3.2878E+00  1.1007E+01  1.1567E-03  2.5722E-01  4.1191E-02  5.9384E-01  3.4126E-02
  3.2909E+00  1.1017E+01  1.1583E-03  2.5733E-01  4.1084E-02  5.9370E-01  3.4007E-02
  3.2943E+00  1.1029E+01  1.1601E-03  2.5744E-01  4.1028E-02  5.9339E-01  3.3954E-02
  3.2974E+00  1.1039E+01  1.1617E-03  2.5755E-01  4.1039E-02  5.9332E-01  3.3976E-02
  3.3006E+00  1.1050E+01  1.1633E-03  2.5765E-01  4.1050E-02  5.9324E-01  3.3998E-02
  3.3039E+00  1.1061E+01  1.1650E-03  2.5777E-01  4.1062E-02  5.9316E-01  3.4021E-02
  3.3071E+00  1.1071E+01  1.1666E-03  2.5788E-01  4.1074E-02  5.9308E-01  3.4043E-02
  3.3102E+00  1.1082E+01  1.1682E-03  2.5798E-01  4.1085E-02  5.9300E-01  3.4066E-02
  3.3134E+00  1.1092E+01  1.1698E-03  2.5809E-01  4.1096E-02  5.9293E-01  3.4088E-02
  3.3167E+00  1.1103E+01  1.1715E-03  2.5820E-01  4.1108E-02  5.9285E-01  3.4111E-02
  3.3199E+00  1.1114E+01  1.1732E-03  2.5831E-01  4.1120E-02  5.9277E-01  3.4133E-02
  3.3230E+00  1.1124E+01  1.1748E-03  2.5842E-01  4.1131E-02  5.9269E-01  3.4155E-02
  3.3264E+00  1.1136E+01  1.1765E-03  2.5853E-01  4.1143E-02  5.9261E-01  3.4178E-02
  3.3295E+00  1.1146E+01  1.1781E-03  2.5864E-01  4.1154E-02  5.9253E-01  3.4200E-02
  3.3327E+00  1.1157E+01  1.1797E-03  2.5875E-01  4.1166E-02  5.9246E-01  3.4222E-02
  3.3360E+00  1.1168E+01  1.1814E-03  2.5886E-01  4.1178E-02  5.9237E-01  3.4246E-02
  3.3392E+00  1.1178E+01  1.1830E-03  2.5897E-01  4.1189E-02  5.9230E-01  3.4268E-02
  3.3423E+00  1.1189E+01  1.1846E-03  2.5908E-01  4.1200E-02  5.9222E-01  3.4289E-02
  3.3455E+00  1.1199E+01  1.1862E-03  2.5919E-01  4.1211E-02  5.9214E-01  3.4311E-02
  3.3488E+00  1.1211E+01  1.1880E-03  2.5930E-01  4.1223E-02  5.9206E-01  3.4335E-02
  3.3520E+00  1.1221E+01  1.1896E-03  2.5941E-01  4.1235E-02  5.9198E-01  3.4356E-02
  3.3551E+00  1.1232E+01  1.1912E-03  2.5952E-01  4.1246E-02  5.9190E-01  3.4378E-02
  3.3585E+00  1.1243E+01  1.1929E-03  2.5963E-01  4.1258E-02  5.9182E-01  3.4401E-02
  3.3616E+00  1.1253E+01  1.1945E-03  2.5974E-01  4.1269E-02  5.9174E-01  3.4423E-02
  3.3648E+00  1.1264E+01  1.1961E-03  2.5985E-01  4.1281E-02  5.9166E-01  3.4445E-02
  3.3715E+00  1.1286E+01  1.1995E-03  2.6008E-01  4.1305E-02  5.9150E-01  3.4491E-02
