  3.1185E+01  1.0401E+02 -2.1170E-03  3.8879E-01  8.4064E-02  4.6181E-01 -8.3867E-02
  3.1202E+01  1.0407E+02 -2.1082E-03  3.8735E-01  8.4042E-02  4.6202E-01 -8.3844E-02
  3.1220E+01  1.0413E+02 -2.0994E-03  3.8590E-01  8.4020E-02  4.6224E-01 -8.3820E-02
  3.1237E+01  1.0418E+02 -2.0907E-03  3.8446E-01  8.3998E-02  4.6246E-01 -8.3796E-02
  3.1254E+01  1.0424E+02 -2.0818E-03  3.8300E-01  8.3975E-02  4.6268E-01 -8.3772E-02
  3.1272E+01  1.0430E+02 -2.0731E-03  3.8156E-01  8.3953E-02  4.6290E-01 -8.3748E-02
  3.1289E+01  1.0436E+02 -2.0642E-03  3.8011E-01  8.3931E-02  4.6313E-01 -8.3724E-02
  3.1306E+01  1.0442E+02 -2.0555E-03  3.7867E-01  8.3908E-02  4.6335E-01 -8.3699E-02
  3.1324E+01  1.0447E+02 -2.0467E-03  3.7722E-01  8.3885E-02  4.6358E-01 -8.3675E-02
  3.1341E+01  1.0453E+02 -2.0379E-03  3.7578E-01  8.3863E-02  4.6381E-01 -8.3650E-02
  3.1358E+01  1.0459E+02 -2.0291E-03  3.7433E-01  8.3840E-02  4.6404E-01 -8.3625E-02
  3.1375E+01  1.0465E+02 -2.0204E-03  3.7289E-01  8.3817E-02  4.6427E-01 -8.3600E-02
  3.1393E+01  1.0470E+02 -2.0115E-03  3.7144E-01  8.3794E-02  4.6450E-01 -8.3575E-02
  3.1410E+01  1.0476E+02 -2.0028E-03  3.7001E-01  8.3770E-02  4.6474E-01 -8.3550E-02
  3.1428E+01  1.0482E+02 -1.9939E-03  3.6855E-01  8.3747E-02  4.6498E-01 -8.3525E-02
  3.1445E+01  1.0488E+02 -1.9852E-03  3.6712E-01  8.3724E-02  4.6521E-01 -8.3499E-02
  3.1462E+01  1.0493E+02 -1.9765E-03  3.6569E-01  8.3700E-02  4.6545E-01 -8.3474E-02
  3.1479E+01  1.0499E+02 -1.9676E-03  3.6424E-01  8.3676E-02  4.6569E-01 -8.3448E-02
  3.1497E+01  1.0505E+02 -1.9589E-03  3.6280E-01  8.3652E-02  4.6593E-01 -8.3422E-02
  3.1514E+01  1.0511E+02 -1.9500E-03  3.6136E-01  8.3628E-02  4.6618E-01 -8.3395E-02
  3.1531E+01  1.0517E+02 -1.9413E-03  3.5992E-01  8.3604E-02  4.6642E-01 -8.3369E-02
  3.1549E+01  1.0522E+02 -1.9325E-03  3.5848E-01  8.3580E-02  4.6667E-01 -8.3343E-02
  3.1566E+01  1.0528E+02 -1.9237E-03  3.5705E-01  8.3556E-02  4.6691E-01 -8.3316E-02
  3.1583E+01  1.0534E+02 -1.9149E-03  3.5560E-01  8.3531E-02  4.6717E-01 -8.3289E-02
  3.1600E+01  1.0540E+02 -1.9062E-03  3.5417E-01  8.3506E-02  4.6741E-01 -8.3262E-02
  3.1618E+01  1.0545E+02 -1.8973E-03  3.5272E-01  8.3482E-02  4.6767E-01 -8.3235E-02
  3.1635E+01  1.0551E+02 -1.8886E-03  3.5129E-01  8.3457E-02  4.6792E-01 -8.3208E-02
  3.1652E+01  1.0557E+02 -1.8797E-03  3.4985E-01  8.3432E-02  4.6818E-01 -8.3180E-02
  3.1670E+01  1.0563E+02 -1.8710E-03  3.4842E-01  8.3406E-02  4.6843E-01 -8.3153E-02
  3.1687E+01  1.0569E+02 -1.8622E-03  3.4697E-01  8.3381E-02  4.6869E-01 -8.3125E-02
  3.1704E+01  1.0574E+02 -1.8535E-03  3.4556E-01  8.0477E-02  4.6821E-01 -8.0210E-02
  3.1722E+01  1.0580E+02 -1.8452E-03  3.4422E-01  7.4396E-02  4.6847E-01 -7.4104E-02
  3.1739E+01  1.0586E+02 -1.8376E-03  3.4300E-01  6.8414E-02  4.6873E-01 -6.8094E-02
  3.1756E+01  1.0592E+02 -1.8305E-03  3.4187E-01  6.2385E-02  4.6899E-01 -6.2031E-02
  3.1774E+01  1.0597E+02 -1.8240E-03  3.4086E-01  5.6453E-02  4.6925E-01 -5.6060E-02
  3.1791E+01  1.0603E+02 -1.8180E-03  3.3993E-01  5.0476E-02  4.6951E-01 -5.0032E-02
  3.1808E+01  1.0609E+02 -1.8126E-03  3.3913E-01  4.4598E-02  4.6976E-01 -4.4092E-02
  3.1826E+01  1.0615E+02 -1.8078E-03  3.3841E-01  3.8681E-02  4.7002E-01 -3.8093E-02
  3.1843E+01  1.0621E+02 -1.8035E-03  3.3781E-01  3.2877E-02  4.7028E-01 -3.2181E-02
  3.1860E+01  1.0626E+02 -1.7995E-03  3.3727E-01  3.1764E-02  4.7117E-01 -3.1038E-02
  3.1877E+01  1.0632E+02 -1.7956E-03  3.3673E-01  3.1738E-02  4.7143E-01 -3.1008E-02
  3.1895E+01  1.0638E+02 -1.7917E-03  3.3620E-01  3.1713E-02  4.7168E-01 -3.0979E-02
  3.1912E+01  1.0644E+02 -1.7878E-03  3.3566E-01  3.1687E-02  4.7194E-01 -3.0949E-02
  3.1929E+01  1.0649E+02 -1.7839E-03  3.3513E-01  3.1661E-02  4.7220E-01 -3.0919E-02
  3.1947E+01  1.0655E+02 -1.7799E-03  3.3460E-01  3.1634E-02  4.7246E-01 -3.0889E-02
  3.1964E+01  1.0661E+02 -1.7760E-03  3.3407E-01  3.1608E-02  4.7272E-01 -3.0859E-02
  3.1981E+01  1.0667E+02 -1.7721E-03  3.3353E-01  3.1581E-02  4.7299E-01 -3.0828E-02
  3.1999E+01  1.0672E+02 -1.7682E-03  3.3300E-01  3.1555E-02  4.7326E-01 -3.0798E-02
  3.2016E+01  1.0678E+02 -1.7642E-03  3.3247E-01  3.1528E-02  4.7354E-01 -3.0767E-02
  3.2033E+01  1.0684E+02 -1.7603E-03  3.3194E-01  3.1501E-02  4.7381E-01 -3.0736E-02
  3.2051E+01  1.0690E+02 -1.7564E-03  3.3140E-01  3.1474E-02  4.7409E-01 -3.0705E-02
  3.2068E+01  1.0696E+02 -1.7525E-03  3.3088E-01  3.1447E-02  4.7436E-01 -3.0674E-02
  3.2085E+01  1.0701E+02 -1.7485E-03  3.3034E-01  3.1420E-02  4.7465E-01 -3.0643E-02
  3.2102E+01  1.0707E+02 -1.7446E-03  3.2982E-01  3.1393E-02  4.7493E-01 -3.0611E-02
  3.2120E+01  1.0713E+02 -1.7406E-03  3.2929E-01  3.1365E-02  4.7522E-01 -3.0580E-02
  3.2137E+01  1.0719E+02 -1.7367E-03  3.2876E-01  3.1338E-02  4.7551E-01 -3.0548E-02
  3.2154E+01  1.0724E+02 -1.7328E-03  3.2823E-01  3.1310E-02  4.7580E-01 -3.0516E-02
  3.2172E+01  1.0730E+02 -1.7289E-03  3.2771E-01  3.1283E-02  4.7609E-01 -3.0484E-02
  3.2189E+01  1.0736E+02 -1.7249E-03  3.2718E-01  3.1255E-02  4.7639E-01 -3.0452E-02
  3.2206E+01  1.0742E+02 -1.7210E-03  3.2666E-01  3.1227E-02  4.7669E-01 -3.0419E-02
  3.2224E+01  1.0748E+02 -1.7171E-03  3.2613E-01  3.1199E-02  4.7699E-01 -3.0387E-02
  3.2241E+01  1.0753E+02 -1.7132E-03  3.2561E-01  3.1171E-02  4.7730E-01 -3.0354E-02
  3.2258E+01  1.0759E+02 -1.7092E-03  3.2508E-01  3.1142E-02  4.7760E-01 -3.0321E-02
  3.2276E+01  1.0765E+02 -1.7053E-03  3.2456E-01  3.1114E-02  4.7791E-01 -3.0288E-02
  3.2293E+01  1.0771E+02 -1.7014E-03  3.2403E-01  3.1085E-02  4.7823E-01 -3.0255E-02
  3.2310E+01  1.0776E+02 -1.6975E-03  3.2351E-01  3.1056E-02  4.7854E-01 -3.0222E-02
  3.2327E+01  1.0782E+02 -1.6936E-03  3.2299E-01  3.1028E-02  4.7886E-01 -3.0189E-02
  3.2345E+01  1.0788E+02 -1.6896E-03  3.2247E-01  3.0999E-02  4.7918E-01 -3.0155E-02
  3.2362E+01  1.0794E+02 -1.6857E-03  3.2195E-01  3.0970E-02  4.7950E-01 -3.0121E-02
  3.2379E+01  1.0799E+02 -1.6818E-03  3.2143E-01  3.0940E-02  4.7983E-01 -3.0087E-02
  3.2397E+01  1.0805E+02 -1.6779E-03  3.2091E-01  3.0911E-02  4.8016E-01 -3.0053E-02
  3.2414E+01  1.0811E+02 -1.6739E-03  3.2039E-01  3.0882E-02  4.8049E-01 -3.0018E-02
  3.2431E+01  1.0817E+02 -1.6700E-03  3.1988E-01  3.0852E-02  4.8082E-01 -2.9984E-02
  3.2449E+01  1.0823E+02 -1.6661E-03  3.1936E-01  3.0822E-02  4.8116E-01 -2.9949E-02
  3.2466E+01  1.0828E+02 -1.6622E-03  3.1884E-01  3.0793E-02  4.8150E-01 -2.9915E-02
  3.2483E+01  1.0834E+02 -1.6582E-03  3.1832E-01  3.0763E-02  4.8184E-01 -2.9879E-02
  3.2500E+01  1.0840E+02 -1.6543E-03  3.1781E-01  3.0733E-02  4.8219E-01 -2.9844E-02
  3.2518E+01  1.0846E+02 -1.6504E-03  3.1729E-01  3.0702E-02  4.8254E-01 -2.9809E-02
  3.2535E+01  1.0851E+02 -1.6465E-03  3.1678E-01  3.0672E-02  4.8289E-01 -2.9773E-02
  3.2553E+01  1.0857E+02 -1.6425E-03  3.1626E-01  3.0642E-02  4.8325E-01 -2.9738E-02
  3.2570E+01  1.0863E+02 -1.6386E-03  3.1574E-01  3.2227E-02  4.8372E-01 -3.1365E-02
  3.2587E+01  1.0869E+02 -1.6344E-03  3.1518E-01  3.4257E-02  4.8408E-01 -3.3442E-02
  3.2604E+01  1.0875E+02 -1.6301E-03  3.1459E-01  3.6264E-02  4.8444E-01 -3.5491E-02
  3.2622E+01  1.0880E+02 -1.6255E-03  3.1395E-01  3.8296E-02  4.8481E-01 -3.7561E-02
  3.2639E+01  1.0886E+02 -1.6208E-03  3.1329E-01  4.0302E-02  4.8518E-01 -3.9601E-02
  3.2656E+01  1.0892E+02 -1.6158E-03  3.1258E-01  4.2332E-02  4.8556E-01 -4.1661E-02
  3.2674E+01  1.0898E+02 -1.6107E-03  3.1185E-01  4.4336E-02  4.8593E-01 -4.3691E-02
  3.2691E+01  1.0903E+02 -1.6054E-03  3.1107E-01  4.6361E-02  4.8632E-01 -4.5741E-02
  3.2708E+01  1.0909E+02 -1.5999E-03  3.1027E-01  4.8097E-02  4.8661E-01 -4.7496E-02
  3.2726E+01  1.0915E+02 -1.5943E-03  3.0945E-01  4.8069E-02  4.8701E-01 -4.7463E-02
  3.2743E+01  1.0921E+02 -1.5888E-03  3.0863E-01  4.8036E-02  4.8740E-01 -4.7425E-02
  3.2760E+01  1.0926E+02 -1.5833E-03  3.0782E-01  4.8003E-02  4.8780E-01 -4.7388E-02
  3.2778E+01  1.0932E+02 -1.5777E-03  3.0700E-01  4.7969E-02  4.8820E-01 -4.7349E-02
  3.2795E+01  1.0938E+02 -1.5721E-03  3.0618E-01  4.7936E-02  4.8861E-01 -4.7311E-02
  3.2812E+01  1.0944E+02 -1.5666E-03  3.0536E-01  4.7902E-02  4.8902E-01 -4.7272E-02
  3.2829E+01  1.0950E+02 -1.5610E-03  3.0455E-01  4.7869E-02  4.8943E-01 -4.7234E-02
  3.2847E+01  1.0955E+02 -1.5554E-03  3.0373E-01  4.7835E-02  4.8985E-01 -4.7195E-02
  3.2849E+01  1.0956E+02 -1.5547E-03  3.0362E-01  4.7830E-02  4.8991E-01 -4.7190E-02
  3.2864E+01  1.0961E+02 -1.5499E-03  3.0292E-01  4.7801E-02  4.9027E-01 -4.7156E-02
  3.2881E+01  1.0967E+02 -1.5443E-03  3.0210E-01  4.7767E-02  4.9070E-01 -4.7117E-02
  3.2899E+01  1.0973E+02 -1.5388E-03  3.0129E-01  4.7733E-02  4.9113E-01 -4.7078E-02
  3.2916E+01  1.0978E+02 -1.5332E-03  3.0048E-01  4.7698E-02  4.9157E-01 -4.7038E-02
  3.2933E+01  1.0984E+02 -1.5277E-03  2.9967E-01  4.7664E-02  4.9200E-01 -4.6998E-02
  3.2951E+01  1.0990E+02 -1.5221E-03  2.9885E-01  4.7629E-02  4.9245E-01 -4.6959E-02
  3.2968E+01  1.0996E+02 -1.5166E-03  2.9805E-01  4.7595E-02  4.9289E-01 -4.6919E-02
  3.2985E+01  1.1002E+02 -1.5110E-03  2.9723E-01  4.7560E-02  4.9334E-01 -4.6879E-02
  3.3002E+01  1.1007E+02 -1.5055E-03  2.9643E-01  4.7526E-02  4.9379E-01 -4.6839E-02
  3.3020E+01  1.1013E+02 -1.4999E-03  2.9561E-01  4.7491E-02  4.9425E-01 -4.6798E-02
  3.3037E+01  1.1019E+02 -1.4944E-03  2.9481E-01  4.7457E-02  4.9470E-01 -4.6758E-02
  3.3055E+01  1.1025E+02 -1.4888E-03  2.9400E-01  4.7422E-02  4.9517E-01 -4.6718E-02
  3.3072E+01  1.1030E+02 -1.4832E-03  2.9320E-01  4.7387E-02  4.9563E-01 -4.6677E-02
  3.3089E+01  1.1036E+02 -1.4777E-03  2.9239E-01  4.7352E-02  4.9611E-01 -4.6636E-02
  3.3106E+01  1.1042E+02 -1.4721E-03  2.9159E-01  4.7318E-02  4.9658E-01 -4.6596E-02
  3.3124E+01  1.1048E+02 -1.4665E-03  2.9078E-01  4.7283E-02  4.9705E-01 -4.6555E-02
  3.3141E+01  1.1054E+02 -1.4610E-03  2.8998E-01  4.7248E-02  4.9753E-01 -4.6514E-02
  3.3158E+01  1.1059E+02 -1.4554E-03  2.8917E-01  4.7213E-02  4.9801E-01 -4.6473E-02
  3.3176E+01  1.1065E+02 -1.4499E-03  2.8837E-01  4.7179E-02  4.9849E-01 -4.6433E-02
  3.3193E+01  1.1071E+02 -1.4444E-03  2.8758E-01  4.7144E-02  4.9897E-01 -4.6392E-02
  3.3210E+01  1.1077E+02 -1.4388E-03  2.8677E-01  4.7110E-02  4.9945E-01 -4.6351E-02
  3.3227E+01  1.1082E+02 -1.4333E-03  2.8598E-01  4.7075E-02  4.9994E-01 -4.6310E-02
  3.3245E+01  1.1088E+02 -1.4277E-03  2.8517E-01  4.7040E-02  5.0043E-01 -4.6269E-02
  3.3262E+01  1.1094E+02 -1.4222E-03  2.8438E-01  4.7006E-02  5.0091E-01 -4.6228E-02
  3.3279E+01  1.1100E+02 -1.4166E-03  2.8357E-01  4.6972E-02  5.0141E-01 -4.6187E-02
  3.3297E+01  1.1105E+02 -1.4111E-03  2.8278E-01  4.6937E-02  5.0190E-01 -4.6146E-02
  3.3314E+01  1.1111E+02 -1.4055E-03  2.8198E-01  4.6903E-02  5.0239E-01 -4.6105E-02
  3.3331E+01  1.1117E+02 -1.4000E-03  2.8119E-01  4.6869E-02  5.0288E-01 -4.6064E-02
  3.3349E+01  1.1123E+02 -1.3944E-03  2.8039E-01  4.6834E-02  5.0338E-01 -4.6023E-02
  3.3366E+01  1.1129E+02 -1.3889E-03  2.7960E-01  4.6800E-02  5.0387E-01 -4.5982E-02
  3.3383E+01  1.1134E+02 -1.3833E-03  2.7880E-01  4.6766E-02  5.0437E-01 -4.5941E-02
  3.3401E+01  1.1140E+02 -1.3778E-03  2.7801E-01  4.6732E-02  5.0486E-01 -4.5900E-02
  3.3418E+01  1.1146E+02 -1.3722E-03  2.7722E-01  4.6698E-02  5.0536E-01 -4.5859E-02
  3.3435E+01  1.1152E+02 -1.3667E-03  2.7643E-01  4.6664E-02  5.0586E-01 -4.5818E-02
  3.3453E+01  1.1157E+02 -1.3611E-03  2.7563E-01  4.6630E-02  5.0636E-01 -4.5777E-02
  3.3470E+01  1.1163E+02 -1.3556E-03  2.7485E-01  4.6597E-02  5.0685E-01 -4.5736E-02
  3.3487E+01  1.1169E+02 -1.3500E-03  2.7405E-01  4.6563E-02  5.0736E-01 -4.5695E-02
  3.3504E+01  1.1175E+02 -1.3445E-03  2.7327E-01  4.6529E-02  5.0785E-01 -4.5654E-02
  3.3522E+01  1.1181E+02 -1.3389E-03  2.7248E-01  4.6496E-02  5.0835E-01 -4.5612E-02
  3.3539E+01  1.1186E+02 -1.3334E-03  2.7170E-01  4.6462E-02  5.0885E-01 -4.5572E-02
  3.3556E+01  1.1192E+02 -1.3278E-03  2.7090E-01  4.6429E-02  5.0935E-01 -4.5530E-02
  3.3574E+01  1.1198E+02 -1.3223E-03  2.7012E-01  4.6396E-02  5.0984E-01 -4.5489E-02
  3.3591E+01  1.1204E+02 -1.3168E-03  2.6934E-01  4.6363E-02  5.1034E-01 -4.5448E-02
  3.3608E+01  1.1209E+02 -1.3112E-03  2.6855E-01  4.6329E-02  5.1084E-01 -4.5407E-02
  3.3626E+01  1.1215E+02 -1.3057E-03  2.6777E-01  4.6296E-02  5.1133E-01 -4.5366E-02
  3.3643E+01  1.1221E+02 -1.3001E-03  2.6699E-01  4.6263E-02  5.1183E-01 -4.5325E-02
  3.3660E+01  1.1227E+02 -1.2946E-03  2.6621E-01  4.6230E-02  5.1233E-01 -4.5284E-02
  3.3678E+01  1.1233E+02 -1.2891E-03  2.6542E-01  4.6197E-02  5.1283E-01 -4.5243E-02
  3.3695E+01  1.1238E+02 -1.2836E-03  2.6465E-01  4.6164E-02  5.1332E-01 -4.5202E-02
  3.3712E+01  1.1244E+02 -1.2780E-03  2.6386E-01  4.6131E-02  5.1382E-01 -4.5160E-02
  3.3729E+01  1.1250E+02 -1.2725E-03  2.6309E-01  4.6099E-02  5.1431E-01 -4.5119E-02
  3.3747E+01  1.1256E+02 -1.2669E-03  2.6230E-01  4.6066E-02  5.1480E-01 -4.5078E-02
  3.3764E+01  1.1261E+02 -1.2614E-03  2.6153E-01  4.6033E-02  5.1529E-01 -4.5037E-02
  3.3781E+01  1.1267E+02 -1.2558E-03  2.6075E-01  4.6001E-02  5.1579E-01 -4.4995E-02
  3.3799E+01  1.1273E+02 -1.2503E-03  2.5998E-01  4.5968E-02  5.1628E-01 -4.4954E-02
  3.3816E+01  1.1279E+02 -1.2448E-03  2.5920E-01  4.5936E-02  5.1677E-01 -4.4913E-02
  3.3833E+01  1.1284E+02 -1.2392E-03  2.5842E-01  4.5903E-02  5.1726E-01 -4.4872E-02
  3.3851E+01  1.1290E+02 -1.2337E-03  2.5765E-01  4.5871E-02  5.1775E-01 -4.4830E-02
  3.3868E+01  1.1296E+02 -1.2282E-03  2.5688E-01  4.5839E-02  5.1823E-01 -4.4789E-02
  3.3885E+01  1.1302E+02 -1.2226E-03  2.5610E-01  4.5807E-02  5.1872E-01 -4.4748E-02
  3.3899E+01  1.1306E+02 -1.2182E-03  2.5548E-01  4.5781E-02  5.1911E-01 -4.4715E-02
  3.3903E+01  1.1308E+02 -1.2171E-03  2.5533E-01  4.5775E-02  5.1920E-01 -4.4707E-02
  3.3920E+01  1.1313E+02 -1.2115E-03  2.5455E-01  4.5743E-02  5.1969E-01 -4.4665E-02
  3.3937E+01  1.1319E+02 -1.2060E-03  2.5379E-01  4.5711E-02  5.2017E-01 -4.4624E-02
  3.3955E+01  1.1325E+02 -1.2005E-03  2.5301E-01  4.5679E-02  5.2065E-01 -4.4582E-02
  3.3972E+01  1.1331E+02 -1.1950E-03  2.5225E-01  4.5647E-02  5.2113E-01 -4.4541E-02
  3.3989E+01  1.1336E+02 -1.1894E-03  2.5148E-01  4.5615E-02  5.2161E-01 -4.4499E-02
  3.4006E+01  1.1342E+02 -1.1839E-03  2.5071E-01  4.5584E-02  5.2209E-01 -4.4458E-02
  3.4024E+01  1.1348E+02 -1.1784E-03  2.4995E-01  4.5553E-02  5.2256E-01 -4.4417E-02
  3.4041E+01  1.1354E+02 -1.1728E-03  2.4918E-01  4.5521E-02  5.2304E-01 -4.4375E-02
  3.4058E+01  1.1359E+02 -1.1673E-03  2.4842E-01  4.5490E-02  5.2351E-01 -4.4334E-02
  3.4076E+01  1.1365E+02 -1.1618E-03  2.4765E-01  4.5458E-02  5.2399E-01 -4.4292E-02
  3.4093E+01  1.1371E+02 -1.1563E-03  2.4689E-01  4.5271E-02  5.2447E-01 -4.4091E-02
  3.4110E+01  1.1377E+02 -1.1507E-03  2.4612E-01  4.7514E-02  5.2474E-01 -4.6383E-02
  3.4127E+01  1.1383E+02 -1.1446E-03  2.4523E-01  5.6285E-02  5.2538E-01 -5.5326E-02
  3.4145E+01  1.1388E+02 -1.1384E-03  2.4432E-01  5.0165E-02  5.2585E-01 -4.9078E-02
  3.4162E+01  1.1394E+02 -1.1322E-03  2.4342E-01  5.5844E-02  5.2634E-01 -5.4863E-02
  3.4180E+01  1.1400E+02 -1.1260E-03  2.4252E-01  5.0213E-02  5.2668E-01 -4.9113E-02
  3.4197E+01  1.1406E+02 -1.1198E-03  2.4162E-01  5.5519E-02  5.2734E-01 -5.4519E-02
  3.4214E+01  1.1412E+02 -1.1137E-03  2.4074E-01  5.0476E-02  5.2750E-01 -4.9367E-02
  3.4231E+01  1.1417E+02 -1.1075E-03  2.3983E-01  5.4924E-02  5.2828E-01 -5.3899E-02
  3.4249E+01  1.1423E+02 -1.1014E-03  2.3895E-01  5.0785E-02  5.2835E-01 -4.9667E-02
  3.4266E+01  1.1429E+02 -1.0952E-03  2.3804E-01  5.4233E-02  5.2921E-01 -5.3179E-02
  3.4283E+01  1.1435E+02 -1.0892E-03  2.3718E-01  5.1270E-02  5.2919E-01 -5.0148E-02
  3.4301E+01  1.1440E+02 -1.0830E-03  2.3627E-01  5.3505E-02  5.3015E-01 -5.2422E-02
  3.4318E+01  1.1446E+02 -1.0770E-03  2.3541E-01  5.1822E-02  5.3005E-01 -5.0697E-02
  3.4335E+01  1.1452E+02 -1.0707E-03  2.3450E-01  5.2671E-02  5.3105E-01 -5.1555E-02
  3.4353E+01  1.1458E+02 -1.0648E-03  2.3364E-01  5.2228E-02  5.3092E-01 -5.1097E-02
  3.4370E+01  1.1463E+02 -1.0586E-03  2.3274E-01  5.1834E-02  5.3193E-01 -5.0683E-02
  3.4387E+01  1.1469E+02 -1.0526E-03  2.3188E-01  5.2729E-02  5.3179E-01 -5.1592E-02
  3.4404E+01  1.1475E+02 -1.0464E-03  2.3099E-01  5.0961E-02  5.3280E-01 -4.9773E-02
  3.4422E+01  1.1481E+02 -1.0404E-03  2.3013E-01  5.3146E-02  5.3266E-01 -5.2003E-02
  3.4439E+01  1.1487E+02 -1.0343E-03  2.2924E-01  5.0162E-02  5.3362E-01 -4.8938E-02
  3.4456E+01  1.1492E+02 -1.0284E-03  2.2840E-01  5.3253E-02  5.3353E-01 -5.2096E-02
  3.4474E+01  1.1498E+02 -1.0222E-03  2.2750E-01  4.9461E-02  5.3441E-01 -4.8203E-02
  3.4491E+01  1.1504E+02 -1.0163E-03  2.2666E-01  5.3525E-02  5.3438E-01 -5.2358E-02
  3.4508E+01  1.1510E+02 -1.0102E-03  2.2577E-01  4.8853E-02  5.3515E-01 -4.7560E-02
  3.4526E+01  1.1515E+02 -1.0042E-03  2.2493E-01  5.3628E-02  5.3524E-01 -5.2446E-02
  3.4543E+01  1.1521E+02 -9.9815E-04  2.2405E-01  4.8441E-02  5.3588E-01 -4.7119E-02
  3.4560E+01  1.1527E+02 -9.9220E-04  2.2320E-01  5.3442E-02  5.3611E-01 -5.2239E-02
  3.4578E+01  1.1533E+02 -9.8616E-04  2.2234E-01  4.8210E-02  5.3658E-01 -4.6864E-02
  3.4595E+01  1.1538E+02 -9.8019E-04  2.2148E-01  5.3380E-02  5.3699E-01 -5.2158E-02
  3.4612E+01  1.1544E+02 -9.7420E-04  2.2063E-01  4.8176E-02  5.3724E-01 -4.6809E-02
  3.4629E+01  1.1550E+02 -9.6822E-04  2.1977E-01  5.3010E-02  5.3782E-01 -5.1762E-02
  3.4647E+01  1.1556E+02 -9.6227E-04  2.1893E-01  4.8268E-02  5.3794E-01 -4.6886E-02
  3.4664E+01  1.1562E+02 -9.5628E-04  2.1807E-01  5.2498E-02  5.3861E-01 -5.1220E-02
  3.4681E+01  1.1567E+02 -9.5037E-04  2.1723E-01  4.8544E-02  5.3862E-01 -4.7151E-02
  3.4699E+01  1.1573E+02 -9.4436E-04  2.1637E-01  5.2005E-02  5.3943E-01 -5.0695E-02
  3.4716E+01  1.1579E+02 -9.3849E-04  2.1554E-01  4.8952E-02  5.3930E-01 -4.7551E-02
  3.4733E+01  1.1585E+02 -9.3248E-04  2.1468E-01  5.1346E-02  5.4021E-01 -5.0001E-02
  3.4751E+01  1.1590E+02 -9.2663E-04  2.1386E-01  4.9306E-02  5.4002E-01 -4.7895E-02
  3.4768E+01  1.1596E+02 -9.2064E-04  2.1300E-01  5.0649E-02  5.4097E-01 -4.9265E-02
  3.4785E+01  1.1602E+02 -9.1481E-04  2.1218E-01  4.9772E-02  5.4074E-01 -4.8355E-02
  3.4803E+01  1.1608E+02 -9.0882E-04  2.1133E-01  4.9905E-02  5.4174E-01 -4.8479E-02
  3.4820E+01  1.1614E+02 -9.0300E-04  2.1051E-01  5.0220E-02  5.4146E-01 -4.8796E-02
  3.4837E+01  1.1619E+02 -8.9704E-04  2.0966E-01  4.9148E-02  5.4245E-01 -4.7678E-02
  3.4855E+01  1.1625E+02 -8.9123E-04  2.0885E-01  5.0489E-02  5.4220E-01 -4.9053E-02
  3.4872E+01  1.1631E+02 -8.8529E-04  2.0800E-01  4.8433E-02  5.4314E-01 -4.6920E-02
  3.4889E+01  1.1637E+02 -8.7955E-04  2.0720E-01  5.0755E-02  5.4292E-01 -4.9305E-02
  3.4906E+01  1.1642E+02 -8.7357E-04  2.0635E-01  4.7737E-02  5.4379E-01 -4.6178E-02
  3.4924E+01  1.1648E+02 -8.6783E-04  2.0554E-01  5.0987E-02  5.4364E-01 -4.9523E-02
  3.4941E+01  1.1654E+02 -8.6188E-04  2.0470E-01  4.7176E-02  5.4441E-01 -4.5576E-02
  3.4958E+01  1.1660E+02 -8.5613E-04  2.0390E-01  5.0987E-02  5.4437E-01 -4.9502E-02
  3.4976E+01  1.1666E+02 -8.5023E-04  2.0306E-01  4.6744E-02  5.4499E-01 -4.5106E-02
  3.4993E+01  1.1671E+02 -8.4447E-04  2.0226E-01  5.1082E-02  5.4507E-01 -4.9578E-02
  3.5010E+01  1.1677E+02 -8.3861E-04  2.0143E-01  4.6454E-02  5.4554E-01 -4.4781E-02
  3.5028E+01  1.1683E+02 -8.3283E-04  2.0062E-01  5.0976E-02  5.4579E-01 -4.9447E-02
  3.5045E+01  1.1689E+02 -8.2701E-04  1.9980E-01  4.6325E-02  5.4609E-01 -4.4624E-02
  3.5062E+01  1.1694E+02 -8.2122E-04  1.9899E-01  5.0618E-02  5.4649E-01 -4.9054E-02
  3.5080E+01  1.1700E+02 -8.1544E-04  1.9819E-01  4.6365E-02  5.4662E-01 -4.4641E-02
  3.5097E+01  1.1706E+02 -8.0964E-04  1.9737E-01  5.0345E-02  5.4720E-01 -4.8749E-02
  3.5114E+01  1.1712E+02 -8.0389E-04  1.9657E-01  4.6565E-02  5.4715E-01 -4.4824E-02
  3.5131E+01  1.1717E+02 -7.9809E-04  1.9576E-01  4.9868E-02  5.4786E-01 -4.8233E-02
  3.5149E+01  1.1723E+02 -7.9237E-04  1.9497E-01  4.6795E-02  5.4771E-01 -4.5038E-02
  3.5166E+01  1.1729E+02 -7.8657E-04  1.9415E-01  4.9322E-02  5.4850E-01 -4.7643E-02
  3.5183E+01  1.1735E+02 -7.8088E-04  1.9337E-01  4.7157E-02  5.4827E-01 -4.5388E-02
  3.5201E+01  1.1741E+02 -7.7508E-04  1.9255E-01  4.8750E-02  5.4915E-01 -4.7025E-02
  3.5218E+01  1.1746E+02 -7.6940E-04  1.9177E-01  4.7563E-02  5.4884E-01 -4.5784E-02
  3.5235E+01  1.1752E+02 -7.6361E-04  1.9096E-01  4.8100E-02  5.4976E-01 -4.6325E-02
  3.5253E+01  1.1758E+02 -7.5795E-04  1.9018E-01  4.7856E-02  5.4944E-01 -4.6062E-02
  3.5270E+01  1.1764E+02 -7.5218E-04  1.8937E-01  4.7453E-02  5.5035E-01 -4.5626E-02
  3.5287E+01  1.1769E+02 -7.4652E-04  1.8860E-01  4.8217E-02  5.5003E-01 -4.6411E-02
  3.5305E+01  1.1775E+02 -7.4077E-04  1.8779E-01  4.6781E-02  5.5092E-01 -4.4900E-02
  3.5322E+01  1.1781E+02 -7.3518E-04  1.8703E-01  4.8447E-02  5.5061E-01 -4.6622E-02
  3.5339E+01  1.1787E+02 -7.2938E-04  1.8622E-01  4.6171E-02  5.5144E-01 -4.4235E-02
  3.5356E+01  1.1793E+02 -7.2380E-04  1.8546E-01  4.8570E-02  5.5121E-01 -4.6723E-02
  3.5374E+01  1.1798E+02 -7.1803E-04  1.8466E-01  4.5639E-02  5.5194E-01 -4.3650E-02
  3.5391E+01  1.1804E+02 -7.1244E-04  1.8390E-01  4.8752E-02  5.5179E-01 -4.6884E-02
  3.5408E+01  1.1810E+02 -7.0670E-04  1.8310E-01  4.5180E-02  5.5240E-01 -4.3140E-02
  3.5426E+01  1.1816E+02 -7.0110E-04  1.8234E-01  4.8803E-02  5.5236E-01 -4.6909E-02
  3.5443E+01  1.1821E+02 -6.9539E-04  1.8155E-01  4.4870E-02  5.5284E-01 -4.2785E-02
  3.5460E+01  1.1827E+02 -6.8978E-04  1.8078E-01  4.8637E-02  5.5295E-01 -4.6707E-02
  3.5478E+01  1.1833E+02 -6.8411E-04  1.8000E-01  4.4698E-02  5.5326E-01 -4.2573E-02
  3.5495E+01  1.1839E+02 -6.7849E-04  1.7924E-01  4.8563E-02  5.5356E-01 -4.6600E-02
  3.5512E+01  1.1845E+02 -6.7284E-04  1.7847E-01  4.4672E-02  5.5365E-01 -4.2515E-02
  3.5530E+01  1.1850E+02 -6.6722E-04  1.7769E-01  4.8258E-02  5.5410E-01 -4.6252E-02
  3.5547E+01  1.1856E+02 -6.6160E-04  1.7693E-01  4.4740E-02  5.5407E-01 -4.2553E-02
  3.5564E+01  1.1862E+02 -6.5598E-04  1.7616E-01  4.7851E-02  5.5462E-01 -4.5795E-02
  3.5582E+01  1.1868E+02 -6.5039E-04  1.7541E-01  4.4943E-02  5.5448E-01 -4.2733E-02
  3.5599E+01  1.1873E+02 -6.4476E-04  1.7463E-01  4.7457E-02  5.5516E-01 -4.5351E-02
  3.5616E+01  1.1879E+02 -6.3919E-04  1.7389E-01  4.5240E-02  5.5491E-01 -4.3012E-02
  3.5633E+01  1.1885E+02 -6.3356E-04  1.7311E-01  4.6943E-02  5.5567E-01 -4.4780E-02
  3.5651E+01  1.1891E+02 -6.2801E-04  1.7237E-01  4.5492E-02  5.5537E-01 -4.3243E-02
  3.5668E+01  1.1896E+02 -6.2240E-04  1.7160E-01  4.6403E-02  5.5615E-01 -4.4179E-02
  3.5685E+01  1.1902E+02 -6.1686E-04  1.7086E-01  4.5826E-02  5.5582E-01 -4.3559E-02
  3.5703E+01  1.1908E+02 -6.1125E-04  1.7009E-01  4.5830E-02  5.5664E-01 -4.3542E-02
  3.5720E+01  1.1914E+02 -6.0573E-04  1.6936E-01  4.6141E-02  5.5629E-01 -4.3856E-02
  3.5737E+01  1.1920E+02 -6.0014E-04  1.6859E-01  4.5253E-02  5.5708E-01 -4.2898E-02
  3.5754E+01  1.1925E+02 -5.9469E-04  1.6787E-01  4.6262E-02  5.5675E-01 -4.3948E-02
  3.5772E+01  1.1931E+02 -5.8905E-04  1.6710E-01  4.4710E-02  5.5750E-01 -4.2288E-02
  3.5789E+01  1.1937E+02 -5.8360E-04  1.6638E-01  4.6497E-02  5.5721E-01 -4.4158E-02
  3.5807E+01  1.1943E+02 -5.7798E-04  1.6562E-01  4.4185E-02  5.5789E-01 -4.1694E-02
  3.5824E+01  1.1948E+02 -5.7253E-04  1.6489E-01  4.6644E-02  5.5767E-01 -4.4276E-02
  3.5841E+01  1.1954E+02 -5.6694E-04  1.6414E-01  4.3765E-02  5.5825E-01 -4.1208E-02
  3.5858E+01  1.1960E+02 -5.6149E-04  1.6341E-01  4.6619E-02  5.5814E-01 -4.4212E-02
  3.5876E+01  1.1966E+02 -5.5592E-04  1.6267E-01  4.3442E-02  5.5859E-01 -4.0825E-02
  3.5893E+01  1.1972E+02 -5.5047E-04  1.6194E-01  4.6664E-02  5.5858E-01 -4.4221E-02
  3.5910E+01  1.1977E+02 -5.4493E-04  1.6120E-01  4.3225E-02  5.5889E-01 -4.0552E-02
  3.5928E+01  1.1983E+02 -5.3947E-04  1.6047E-01  4.6557E-02  5.5907E-01 -4.4067E-02
  3.5945E+01  1.1989E+02 -5.3396E-04  1.5974E-01  4.3128E-02  5.5920E-01 -4.0406E-02
  3.5962E+01  1.1995E+02 -5.2849E-04  1.5901E-01  4.6266E-02  5.5949E-01 -4.3720E-02
  3.5980E+01  1.2000E+02 -5.2301E-04  1.5829E-01  4.3153E-02  5.5950E-01 -4.0390E-02
  3.5997E+01  1.2006E+02 -5.1754E-04  1.5756E-01  4.6039E-02  5.5994E-01 -4.3436E-02
  3.6014E+01  1.2012E+02 -5.1208E-04  1.5684E-01  4.3295E-02  5.5979E-01 -4.0497E-02
  3.6031E+01  1.2018E+02 -5.0661E-04  1.5611E-01  4.5662E-02  5.6034E-01 -4.2994E-02
  3.6049E+01  1.2024E+02 -5.0118E-04  1.5540E-01  4.3455E-02  5.6012E-01 -4.0623E-02
  3.6066E+01  1.2029E+02 -4.9571E-04  1.5467E-01  4.5239E-02  5.6073E-01 -4.2500E-02
  3.6084E+01  1.2035E+02 -4.9029E-04  1.5396E-01  4.3709E-02  5.6045E-01 -4.0848E-02
  3.6101E+01  1.2041E+02 -4.8484E-04  1.5324E-01  4.4796E-02  5.6113E-01 -4.1983E-02
  3.6118E+01  1.2047E+02 -4.7943E-04  1.5253E-01  4.3991E-02  5.6079E-01 -4.1103E-02
  3.6135E+01  1.2052E+02 -4.7398E-04  1.5181E-01  4.4302E-02  5.6149E-01 -4.1407E-02
  3.6153E+01  1.2058E+02 -4.6866E-04  1.5112E-01  4.4129E-02  5.6115E-01 -4.1203E-02
  3.6170E+01  1.2064E+02 -4.6316E-04  1.5039E-01  4.3812E-02  5.6184E-01 -4.0834E-02
  3.6187E+01  1.2070E+02 -4.5784E-04  1.4970E-01  4.4377E-02  5.6150E-01 -4.1420E-02
  3.6205E+01  1.2075E+02 -4.5236E-04  1.4898E-01  4.3308E-02  5.6217E-01 -4.0242E-02
  3.6222E+01  1.2081E+02 -4.4704E-04  1.4829E-01  4.4575E-02  5.6186E-01 -4.1583E-02
  3.6239E+01  1.2087E+02 -4.4158E-04  1.4757E-01  4.2853E-02  5.6247E-01 -3.9700E-02
  3.6256E+01  1.2093E+02 -4.3627E-04  1.4688E-01  4.4641E-02  5.6222E-01 -4.1602E-02
  3.6274E+01  1.2099E+02 -4.3082E-04  1.4617E-01  4.2457E-02  5.6274E-01 -3.9219E-02
  3.6291E+01  1.2104E+02 -4.2551E-04  1.4549E-01  4.4749E-02  5.6256E-01 -4.1666E-02
  3.6308E+01  1.2110E+02 -4.2009E-04  1.4478E-01  4.2117E-02  5.6298E-01 -3.8796E-02
  3.6326E+01  1.2116E+02 -4.1478E-04  1.4409E-01  4.4758E-02  5.6291E-01 -4.1623E-02
  3.6343E+01  1.2122E+02 -4.0938E-04  1.4339E-01  4.1888E-02  5.6321E-01 -3.8490E-02
  3.6360E+01  1.2127E+02 -4.0407E-04  1.4271E-01  4.4610E-02  5.6326E-01 -4.1410E-02
  3.6378E+01  1.2133E+02 -3.9870E-04  1.4201E-01  4.1758E-02  5.6342E-01 -3.8291E-02
  3.6395E+01  1.2139E+02 -3.9339E-04  1.4133E-01  4.4529E-02  5.6362E-01 -4.1267E-02
  3.6412E+01  1.2145E+02 -3.8804E-04  1.4064E-01  4.1734E-02  5.6362E-01 -3.8205E-02
  3.6430E+01  1.2150E+02 -3.8272E-04  1.3995E-01  4.4281E-02  5.6394E-01 -4.0942E-02
  3.6447E+01  1.2156E+02 -3.7739E-04  1.3927E-01  4.1774E-02  5.6384E-01 -3.8189E-02
  3.6464E+01  1.2162E+02 -3.7209E-04  1.3859E-01  4.3963E-02  5.6424E-01 -4.0539E-02
  3.6482E+01  1.2168E+02 -3.6677E-04  1.3791E-01  4.1910E-02  5.6406E-01 -3.8275E-02
  3.6499E+01  1.2174E+02 -3.6147E-04  1.3723E-01  4.3654E-02  5.6455E-01 -4.0143E-02
  3.6516E+01  1.2179E+02 -3.5618E-04  1.3656E-01  4.2110E-02  5.6429E-01 -3.8431E-02
  3.6533E+01  1.2185E+02 -3.5088E-04  1.3588E-01  4.3262E-02  5.6484E-01 -3.9654E-02
  3.6551E+01  1.2191E+02 -3.4560E-04  1.3521E-01  4.2275E-02  5.6454E-01 -3.8546E-02
  3.6568E+01  1.2197E+02 -3.4031E-04  1.3453E-01  4.2855E-02  5.6510E-01 -3.9144E-02
  3.6585E+01  1.2202E+02 -3.3510E-04  1.3388E-01  4.2445E-02  5.6478E-01 -3.8667E-02
  3.6603E+01  1.2208E+02 -3.2976E-04  1.3319E-01  4.2427E-02  5.6537E-01 -3.8608E-02
  3.6620E+01  1.2214E+02 -3.2457E-04  1.3255E-01  4.2652E-02  5.6504E-01 -3.8827E-02
  3.6637E+01  1.2220E+02 -3.1924E-04  1.3186E-01  4.1999E-02  5.6561E-01 -3.8068E-02
  3.6655E+01  1.2226E+02 -3.1405E-04  1.3122E-01  4.2763E-02  5.6531E-01 -3.8879E-02
  3.6672E+01  1.2231E+02 -3.0874E-04  1.3054E-01  4.1600E-02  5.6583E-01 -3.7555E-02
  3.6689E+01  1.2237E+02 -3.0355E-04  1.2990E-01  4.2906E-02  5.6556E-01 -3.8966E-02
  3.6707E+01  1.2243E+02 -2.9826E-04  1.2922E-01  4.1216E-02  5.6602E-01 -3.7055E-02
  3.6724E+01  1.2249E+02 -2.9307E-04  1.2858E-01  4.2983E-02  5.6581E-01 -3.8979E-02
  3.6741E+01  1.2254E+02 -2.8779E-04  1.2792E-01  4.0909E-02  5.6619E-01 -3.6636E-02
  3.6758E+01  1.2260E+02 -2.8261E-04  1.2727E-01  4.2938E-02  5.6607E-01 -3.8856E-02
  3.6776E+01  1.2266E+02 -2.7735E-04  1.2661E-01  4.0673E-02  5.6635E-01 -3.6294E-02
  3.6793E+01  1.2272E+02 -2.7218E-04  1.2597E-01  4.2943E-02  5.6631E-01 -3.8786E-02
  3.6810E+01  1.2278E+02 -2.6693E-04  1.2532E-01  4.0512E-02  5.6648E-01 -3.6034E-02
  3.6828E+01  1.2283E+02 -2.6176E-04  1.2468E-01  4.2837E-02  5.6658E-01 -3.8590E-02
  3.6845E+01  1.2289E+02 -2.5653E-04  1.2403E-01  4.0435E-02  5.6662E-01 -3.5864E-02
  3.6862E+01  1.2295E+02 -2.5136E-04  1.2339E-01  4.2607E-02  5.6680E-01 -3.8255E-02
  3.6880E+01  1.2301E+02 -2.4616E-04  1.2275E-01  4.0444E-02  5.6675E-01 -3.5788E-02
  3.6897E+01  1.2306E+02 -2.4099E-04  1.2211E-01  4.2420E-02  5.6704E-01 -3.7963E-02
  3.6914E+01  1.2312E+02 -2.3580E-04  1.2148E-01  4.0531E-02  5.6688E-01 -3.5800E-02
  3.6932E+01  1.2318E+02 -2.3064E-04  1.2084E-01  4.2131E-02  5.6725E-01 -3.7554E-02
  3.6949E+01  1.2324E+02 -2.2546E-04  1.2021E-01  4.0628E-02  5.6703E-01 -3.5820E-02
  3.6966E+01  1.2329E+02 -2.2031E-04  1.1958E-01  4.1811E-02  5.6745E-01 -3.7108E-02
  3.6984E+01  1.2335E+02 -2.1515E-04  1.1896E-01  4.0789E-02  5.6719E-01 -3.5910E-02
  3.7001E+01  1.2341E+02 -2.1000E-04  1.1832E-01  4.1481E-02  5.6765E-01 -3.6643E-02
  3.7018E+01  1.2347E+02 -2.0491E-04  1.1771E-01  4.0922E-02  5.6735E-01 -3.5969E-02
  3.7035E+01  1.2353E+02 -1.9972E-04  1.1707E-01  4.1117E-02  5.6783E-01 -3.6136E-02
  3.7053E+01  1.2358E+02 -1.9464E-04  1.1647E-01  4.1038E-02  5.6753E-01 -3.6005E-02
  3.7070E+01  1.2364E+02 -1.8946E-04  1.1583E-01  4.0760E-02  5.6799E-01 -3.5631E-02
  3.7087E+01  1.2370E+02 -1.8439E-04  1.1523E-01  4.1187E-02  5.6771E-01 -3.6075E-02
  3.7105E+01  1.2376E+02 -1.7922E-04  1.1460E-01  4.0396E-02  5.6814E-01 -3.5113E-02
  3.7122E+01  1.2381E+02 -1.7415E-04  1.1400E-01  4.1297E-02  5.6788E-01 -3.6101E-02
  3.7139E+01  1.2387E+02 -1.6900E-04  1.1338E-01  4.0070E-02  5.6827E-01 -3.4632E-02
  3.7156E+01  1.2393E+02 -1.6394E-04  1.1278E-01  4.1315E-02  5.6806E-01 -3.6019E-02
  3.7174E+01  1.2399E+02 -1.5880E-04  1.1216E-01  3.9786E-02  5.6839E-01 -3.4195E-02
  3.7191E+01  1.2405E+02 -1.5374E-04  1.1156E-01  4.1362E-02  5.6823E-01 -3.5967E-02
  3.7209E+01  1.2410E+02 -1.4861E-04  1.1095E-01  3.9544E-02  5.6848E-01 -3.3800E-02
  3.7226E+01  1.2416E+02 -1.4356E-04  1.1036E-01  4.1339E-02  5.6839E-01 -3.5832E-02
  3.7243E+01  1.2422E+02 -1.3845E-04  1.0975E-01  3.9377E-02  5.6856E-01 -3.3489E-02
  3.7260E+01  1.2428E+02 -1.3341E-04  1.0916E-01  4.1210E-02  5.6857E-01 -3.5572E-02
  3.7278E+01  1.2433E+02 -1.2831E-04  1.0856E-01  3.9278E-02  5.6863E-01 -3.3254E-02
  3.7295E+01  1.2439E+02 -1.2327E-04  1.0797E-01  4.1125E-02  5.6875E-01 -3.5358E-02
  3.7312E+01  1.2445E+02 -1.1819E-04  1.0738E-01  3.9250E-02  5.6870E-01 -3.3099E-02
  3.7330E+01  1.2451E+02 -1.1316E-04  1.0679E-01  4.0929E-02  5.6889E-01 -3.5012E-02
  3.7347E+01  1.2457E+02 -1.0809E-04  1.0620E-01  3.9264E-02  5.6878E-01 -3.2989E-02
  3.7364E+01  1.2462E+02 -1.0306E-04  1.0561E-01  4.0689E-02  5.6902E-01 -3.4608E-02
  3.7382E+01  1.2468E+02 -9.8003E-05  1.0504E-01  3.9340E-02  5.6886E-01 -3.2950E-02
  3.7399E+01  1.2474E+02 -9.2990E-05  1.0445E-01  4.0455E-02  5.6917E-01 -3.4206E-02
  3.7416E+01  1.2480E+02 -8.8000E-05  1.0388E-01  3.9422E-02  5.6895E-01 -3.2917E-02
  3.7434E+01  1.2485E+02 -8.2935E-05  1.0329E-01  4.0168E-02  5.6929E-01 -3.3735E-02
  3.7451E+01  1.2491E+02 -7.7954E-05  1.0273E-01  3.9510E-02  5.6905E-01 -3.2887E-02
  3.7468E+01  1.2497E+02 -7.2900E-05  1.0215E-01  3.9875E-02  5.6940E-01 -3.3248E-02
  3.7485E+01  1.2503E+02 -6.7929E-05  1.0159E-01  3.9634E-02  5.6915E-01 -3.2897E-02
  3.7503E+01  1.2508E+02 -6.2886E-05  1.0101E-01  3.9569E-02  5.6952E-01 -3.2740E-02
  3.7520E+01  1.2514E+02 -5.7922E-05  1.0046E-01  3.9746E-02  5.6926E-01 -3.2889E-02
  3.7537E+01  1.2520E+02 -5.2890E-05  9.9884E-02  3.9269E-02  5.6961E-01 -3.2229E-02
  3.7555E+01  1.2526E+02 -4.7934E-05  9.9336E-02  3.9793E-02  5.6937E-01 -3.2799E-02
  3.7572E+01  1.2532E+02 -4.2914E-05  9.8766E-02  3.8989E-02  5.6969E-01 -3.1736E-02
  3.7589E+01  1.2537E+02 -3.7966E-05  9.8222E-02  3.9859E-02  5.6948E-01 -3.2729E-02
  3.7607E+01  1.2543E+02 -3.2958E-05  9.7658E-02  3.8723E-02  5.6975E-01 -3.1251E-02
  3.7624E+01  1.2549E+02 -2.8018E-05  9.7116E-02  3.9880E-02  5.6959E-01 -3.2601E-02
  3.7641E+01  1.2555E+02 -2.3020E-05  9.6559E-02  3.8509E-02  5.6980E-01 -3.0822E-02
  3.7658E+01  1.2560E+02 -1.8089E-05  9.6021E-02  3.9822E-02  5.6970E-01 -3.2372E-02
  3.7676E+01  1.2566E+02 -1.3102E-05  9.5471E-02  3.8343E-02  5.6984E-01 -3.0446E-02
  3.7693E+01  1.2572E+02 -8.1798E-06  9.4935E-02  3.9795E-02  5.6979E-01 -3.2176E-02
  3.7711E+01  1.2578E+02 -3.2042E-06  9.4392E-02  3.8227E-02  5.6986E-01 -3.0125E-02
  3.7728E+01  1.2584E+02  1.7090E-06  9.3858E-02  3.9695E-02  5.6991E-01 -3.1884E-02
  3.7745E+01  1.2589E+02  6.6747E-06  9.3323E-02  3.8163E-02  5.6989E-01 -2.9865E-02
  3.7762E+01  1.2595E+02  1.1578E-05  9.2793E-02  3.9518E-02  5.6999E-01 -3.1491E-02
  3.7780E+01  1.2601E+02  1.6535E-05  9.2265E-02  3.8153E-02  5.6992E-01 -2.9668E-02
  3.7797E+01  1.2607E+02  2.1428E-05  9.1738E-02  3.9369E-02  5.7009E-01 -3.1124E-02
  3.7814E+01  1.2612E+02  2.6376E-05  9.1217E-02  3.8190E-02  5.6995E-01 -2.9528E-02
  3.7832E+01  1.2618E+02  3.1259E-05  9.0693E-02  3.9157E-02  5.7016E-01 -3.0670E-02
  3.7849E+01  1.2624E+02  3.6140E-05  9.0185E-02  3.8208E-02  5.6999E-01 -2.9357E-02
  3.7866E+01  1.2630E+02  4.1071E-05  8.9659E-02  3.8929E-02  5.7023E-01 -3.0186E-02
  3.7883E+01  1.2635E+02  4.5945E-05  8.9158E-02  3.8285E-02  5.7004E-01 -2.9257E-02
  3.7901E+01  1.2641E+02  5.0865E-05  8.8637E-02  3.8695E-02  5.7031E-01 -2.9685E-02
  3.7918E+01  1.2647E+02  5.5731E-05  8.8142E-02  3.8369E-02  5.7009E-01 -2.9164E-02
  3.7935E+01  1.2653E+02  6.0640E-05  8.7626E-02  3.8445E-02  5.7036E-01 -2.9151E-02
  3.7953E+01  1.2659E+02  6.5498E-05  8.7137E-02  3.8416E-02  5.7015E-01 -2.9014E-02
  3.7970E+01  1.2664E+02  7.0397E-05  8.6627E-02  3.8201E-02  5.7041E-01 -2.8614E-02
  3.7987E+01  1.2670E+02  7.5247E-05  8.6143E-02  3.8479E-02  5.7021E-01 -2.8884E-02
  3.8005E+01  1.2676E+02  8.0136E-05  8.5639E-02  3.7957E-02  5.7045E-01 -2.8065E-02
  3.8022E+01  1.2682E+02  8.4977E-05  8.5161E-02  3.8517E-02  5.7027E-01 -2.8714E-02
  3.8039E+01  1.2687E+02  8.9857E-05  8.4664E-02  3.7739E-02  5.7048E-01 -2.7538E-02
  3.8057E+01  1.2693E+02  9.4689E-05  8.4190E-02  3.8498E-02  5.7033E-01 -2.8462E-02
  3.8074E+01  1.2699E+02  9.9561E-05  8.3702E-02  3.7549E-02  5.7049E-01 -2.7039E-02
  3.8091E+01  1.2705E+02  1.0438E-04  8.3232E-02  3.8495E-02  5.7038E-01 -2.8226E-02
  3.8109E+01  1.2711E+02  1.0925E-04  8.2751E-02  3.7387E-02  5.7050E-01 -2.6565E-02
  3.8126E+01  1.2716E+02  1.1406E-04  8.2286E-02  3.8448E-02  5.7043E-01 -2.7923E-02
  3.8143E+01  1.2722E+02  1.1892E-04  8.1815E-02  3.6883E-02  5.7057E-01 -2.5587E-02
  3.8160E+01  1.2728E+02  1.2377E-04  8.1388E-02  3.6315E-02  5.7048E-01 -2.4616E-02
  3.8178E+01  1.2734E+02  1.2868E-04  8.0961E-02  3.6339E-02  5.7051E-01 -2.4497E-02
  3.8195E+01  1.2739E+02  1.3353E-04  8.0542E-02  3.6330E-02  5.7052E-01 -2.4330E-02
  3.8212E+01  1.2745E+02  1.3844E-04  8.0121E-02  3.6322E-02  5.7054E-01 -2.4159E-02
  3.8230E+01  1.2751E+02  1.4330E-04  7.9708E-02  3.6314E-02  5.7055E-01 -2.3987E-02
  3.8247E+01  1.2757E+02  1.4821E-04  7.9292E-02  3.6306E-02  5.7056E-01 -2.3810E-02
  3.8264E+01  1.2763E+02  1.5306E-04  7.8885E-02  3.6298E-02  5.7057E-01 -2.3633E-02
  3.8282E+01  1.2768E+02  1.5791E-04  7.8481E-02  3.6290E-02  5.7058E-01 -2.3454E-02
  3.8299E+01  1.2774E+02  1.6282E-04  7.8075E-02  3.6282E-02  5.7059E-01 -2.3270E-02
  3.8316E+01  1.2780E+02  1.6767E-04  7.7677E-02  3.6274E-02  5.7060E-01 -2.3085E-02
  3.8334E+01  1.2786E+02  1.7258E-04  7.7277E-02  3.6266E-02  5.7061E-01 -2.2896E-02
  3.8351E+01  1.2791E+02  1.7743E-04  7.6886E-02  3.6258E-02  5.7061E-01 -2.2706E-02
  3.8368E+01  1.2797E+02  1.8234E-04  7.6493E-02  3.6250E-02  5.7062E-01 -2.2511E-02
  3.8385E+01  1.2803E+02  1.8719E-04  7.6108E-02  3.6243E-02  5.7062E-01 -2.2316E-02
  3.8403E+01  1.2809E+02  1.9210E-04  7.5722E-02  3.6235E-02  5.7063E-01 -2.2115E-02
  3.8420E+01  1.2814E+02  1.9695E-04  7.5344E-02  3.6227E-02  5.7063E-01 -2.1914E-02
  3.8437E+01  1.2820E+02  2.0186E-04  7.4965E-02  3.6220E-02  5.7064E-01 -2.1708E-02
  3.8455E+01  1.2826E+02  2.0671E-04  7.4594E-02  3.6212E-02  5.7064E-01 -2.1502E-02
  3.8472E+01  1.2832E+02  2.1162E-04  7.4222E-02  3.6205E-02  5.7064E-01 -2.1290E-02
  3.8489E+01  1.2838E+02  2.1647E-04  7.3859E-02  3.6198E-02  5.7064E-01 -2.1077E-02
  3.8507E+01  1.2843E+02  2.2138E-04  7.3494E-02  3.6190E-02  5.7065E-01 -2.0859E-02
  3.8524E+01  1.2849E+02  2.2623E-04  7.3138E-02  3.6183E-02  5.7065E-01 -2.0641E-02
  3.8541E+01  1.2855E+02  2.3113E-04  7.2781E-02  3.6176E-02  5.7064E-01 -2.0417E-02
  3.8559E+01  1.2861E+02  2.3598E-04  7.2433E-02  3.6169E-02  5.7064E-01 -2.0192E-02
  3.8576E+01  1.2866E+02  2.4089E-04  7.2084E-02  3.6162E-02  5.7064E-01 -1.9962E-02
  3.8593E+01  1.2872E+02  2.4574E-04  7.1743E-02  3.6155E-02  5.7064E-01 -1.9732E-02
  3.8611E+01  1.2878E+02  2.5064E-04  7.1402E-02  3.6148E-02  5.7064E-01 -1.9495E-02
  3.8628E+01  1.2884E+02  2.5549E-04  7.1070E-02  3.6141E-02  5.7063E-01 -1.9258E-02
  3.8645E+01  1.2890E+02  2.6040E-04  7.0737E-02  3.6134E-02  5.7063E-01 -1.9016E-02
  3.8662E+01  1.2895E+02  2.6524E-04  7.0413E-02  3.6128E-02  5.7062E-01 -1.8773E-02
  3.8680E+01  1.2901E+02  2.7009E-04  7.0092E-02  3.6121E-02  5.7062E-01 -1.8526E-02
  3.8697E+01  1.2907E+02  2.7500E-04  6.9773E-02  3.6019E-02  5.7072E-01 -1.8074E-02
  3.8714E+01  1.2913E+02  2.7995E-04  6.9489E-02  3.4681E-02  5.7075E-01 -1.4969E-02
  3.8732E+01  1.2918E+02  2.8517E-04  6.9257E-02  3.3536E-02  5.7074E-01 -1.1806E-02
  3.8749E+01  1.2924E+02  2.9053E-04  6.9081E-02  3.2646E-02  5.7074E-01 -8.6869E-03
  3.8766E+01  1.2930E+02  2.9617E-04  6.8958E-02  3.2007E-02  5.7073E-01 -5.5344E-03
  3.8783E+01  1.2936E+02  3.0194E-04  6.8890E-02  3.1648E-02  5.7073E-01 -2.4229E-03
  3.8801E+01  1.2941E+02  3.0801E-04  6.8876E-02  3.1570E-02  5.7072E-01  7.2536E-04
  3.8818E+01  1.2947E+02  3.1423E-04  6.8916E-02  3.1776E-02  5.7072E-01  3.8361E-03
  3.8836E+01  1.2953E+02  3.2075E-04  6.9011E-02  3.2265E-02  5.7071E-01  6.9869E-03
  3.8853E+01  1.2959E+02  3.2740E-04  6.9154E-02  3.2686E-02  5.7058E-01  8.9835E-03
  3.8870E+01  1.2965E+02  3.3418E-04  6.9314E-02  3.2688E-02  5.7058E-01  9.2434E-03
  3.8887E+01  1.2970E+02  3.4087E-04  6.9475E-02  3.2691E-02  5.7057E-01  9.4984E-03
  3.8905E+01  1.2976E+02  3.4765E-04  6.9644E-02  3.2694E-02  5.7057E-01  9.7549E-03
  3.8922E+01  1.2982E+02  3.5434E-04  6.9814E-02  3.2697E-02  5.7056E-01  1.0007E-02
  3.8939E+01  1.2988E+02  3.6112E-04  6.9991E-02  3.2700E-02  5.7055E-01  1.0259E-02
  3.8957E+01  1.2993E+02  3.6782E-04  7.0171E-02  3.2703E-02  5.7054E-01  1.0508E-02
  3.8974E+01  1.2999E+02  3.7459E-04  7.0356E-02  3.2707E-02  5.7053E-01  1.0757E-02
  3.8991E+01  1.3005E+02  3.8129E-04  7.0544E-02  3.2710E-02  5.7053E-01  1.1001E-02
  3.9009E+01  1.3011E+02  3.8806E-04  7.0739E-02  3.2713E-02  5.7052E-01  1.1247E-02
  3.9026E+01  1.3017E+02  3.9476E-04  7.0935E-02  3.2717E-02  5.7051E-01  1.1487E-02
  3.9043E+01  1.3022E+02  4.0154E-04  7.1137E-02  3.2720E-02  5.7049E-01  1.1729E-02
  3.9060E+01  1.3028E+02  4.0823E-04  7.1342E-02  3.2724E-02  5.7048E-01  1.1966E-02
  3.9078E+01  1.3034E+02  4.1501E-04  7.1553E-02  3.2728E-02  5.7047E-01  1.2203E-02
  3.9095E+01  1.3040E+02  4.2171E-04  7.1765E-02  3.2731E-02  5.7046E-01  1.2436E-02
  3.9112E+01  1.3045E+02  4.2840E-04  7.1982E-02  3.2735E-02  5.7045E-01  1.2667E-02
  3.9130E+01  1.3051E+02  4.3518E-04  7.2205E-02  3.2739E-02  5.7043E-01  1.2899E-02
  3.9147E+01  1.3057E+02  4.4188E-04  7.2429E-02  3.2719E-02  5.7039E-01  1.3068E-02
  3.9164E+01  1.3063E+02  4.4861E-04  7.2652E-02  3.2379E-02  5.7037E-01  1.2420E-02
  3.9182E+01  1.3068E+02  4.5516E-04  7.2861E-02  3.2054E-02  5.7036E-01  1.1766E-02
  3.9199E+01  1.3074E+02  4.6170E-04  7.3060E-02  3.1738E-02  5.7034E-01  1.1099E-02
  3.9216E+01  1.3080E+02  4.6806E-04  7.3246E-02  3.1441E-02  5.7032E-01  1.0437E-02
  3.9234E+01  1.3086E+02  4.7440E-04  7.3422E-02  3.1155E-02  5.7031E-01  9.7633E-03
  3.9251E+01  1.3092E+02  4.8056E-04  7.3585E-02  3.0888E-02  5.7029E-01  9.0940E-03
  3.9268E+01  1.3097E+02  4.8670E-04  7.3738E-02  3.0635E-02  5.7027E-01  8.4132E-03
  3.9285E+01  1.3103E+02  4.9266E-04  7.3877E-02  3.0402E-02  5.7025E-01  7.7377E-03
  3.9303E+01  1.3109E+02  4.9860E-04  7.4008E-02  3.0269E-02  5.7025E-01  7.4080E-03
  3.9320E+01  1.3115E+02  5.0445E-04  7.4137E-02  3.0271E-02  5.7023E-01  7.6200E-03
  3.9338E+01  1.3120E+02  5.1037E-04  7.4272E-02  3.0273E-02  5.7021E-01  7.8335E-03
  3.9355E+01  1.3126E+02  5.1622E-04  7.4409E-02  3.0275E-02  5.7019E-01  8.0433E-03
  3.9372E+01  1.3132E+02  5.2215E-04  7.4552E-02  3.0277E-02  5.7016E-01  8.2545E-03
  3.9389E+01  1.3138E+02  5.2800E-04  7.4696E-02  3.0279E-02  5.7014E-01  8.4620E-03
  3.9407E+01  1.3144E+02  5.3392E-04  7.4845E-02  3.0281E-02  5.7012E-01  8.6709E-03
  3.9424E+01  1.3149E+02  5.3977E-04  7.4997E-02  3.0284E-02  5.7009E-01  8.8761E-03
  3.9441E+01  1.3155E+02  5.4569E-04  7.5154E-02  3.0286E-02  5.7007E-01  9.0825E-03
  3.9459E+01  1.3161E+02  5.5154E-04  7.5312E-02  3.0288E-02  5.7004E-01  9.2853E-03
  3.9476E+01  1.3167E+02  5.5746E-04  7.5476E-02  3.0291E-02  5.7001E-01  9.4893E-03
  3.9493E+01  1.3172E+02  5.6331E-04  7.5641E-02  3.0293E-02  5.6999E-01  9.6896E-03
  3.9511E+01  1.3178E+02  5.6923E-04  7.5812E-02  3.0296E-02  5.6996E-01  9.8911E-03
  3.9528E+01  1.3184E+02  5.7508E-04  7.5984E-02  3.0298E-02  5.6993E-01  1.0089E-02
  3.9545E+01  1.3190E+02  5.8093E-04  7.6160E-02  3.0301E-02  5.6990E-01  1.0285E-02
  3.9562E+01  1.3196E+02  5.8686E-04  7.6341E-02  3.0304E-02  5.6987E-01  1.0483E-02
  3.9580E+01  1.3201E+02  5.9271E-04  7.6523E-02  3.0307E-02  5.6984E-01  1.0677E-02
  3.9597E+01  1.3207E+02  5.9863E-04  7.6711E-02  3.0309E-02  5.6981E-01  1.0871E-02
  3.9614E+01  1.3213E+02  6.0448E-04  7.6900E-02  3.0312E-02  5.6978E-01  1.1063E-02
  3.9632E+01  1.3219E+02  6.1041E-04  7.7095E-02  3.0315E-02  5.6975E-01  1.1255E-02
  3.9649E+01  1.3224E+02  6.1626E-04  7.7290E-02  3.0318E-02  5.6971E-01  1.1443E-02
  3.9666E+01  1.3230E+02  6.2218E-04  7.7492E-02  3.0321E-02  5.6968E-01  1.1633E-02
  3.9684E+01  1.3236E+02  6.2803E-04  7.7694E-02  3.0325E-02  5.6965E-01  1.1818E-02
  3.9701E+01  1.3242E+02  6.3396E-04  7.7901E-02  3.0328E-02  5.6961E-01  1.2005E-02
  3.9718E+01  1.3247E+02  6.3981E-04  7.8110E-02  3.0331E-02  5.6958E-01  1.2188E-02
  3.9736E+01  1.3253E+02  6.4573E-04  7.8324E-02  3.0334E-02  5.6954E-01  1.2371E-02
  3.9753E+01  1.3259E+02  6.5159E-04  7.8539E-02  3.0338E-02  5.6950E-01  1.2552E-02
  3.9770E+01  1.3265E+02  6.5751E-04  7.8759E-02  3.0341E-02  5.6946E-01  1.2732E-02
  3.9787E+01  1.3271E+02  6.6336E-04  7.8980E-02  3.0345E-02  5.6943E-01  1.2910E-02
  3.9805E+01  1.3276E+02  6.6929E-04  7.9206E-02  3.0348E-02  5.6939E-01  1.3088E-02
  3.9822E+01  1.3282E+02  6.7514E-04  7.9433E-02  3.0352E-02  5.6935E-01  1.3262E-02
  3.9839E+01  1.3288E+02  6.8106E-04  7.9666E-02  3.0355E-02  5.6931E-01  1.3437E-02
  3.9849E+01  1.3291E+02  6.8435E-04  7.9796E-02  3.0357E-02  5.6929E-01  1.3534E-02
  3.9857E+01  1.3294E+02  6.8692E-04  7.9899E-02  3.0359E-02  5.6927E-01  1.3609E-02
  3.9874E+01  1.3299E+02  6.9284E-04  8.0138E-02  3.0363E-02  5.6923E-01  1.3781E-02
  3.9891E+01  1.3305E+02  6.9869E-04  8.0376E-02  3.0367E-02  5.6918E-01  1.3950E-02
  3.9909E+01  1.3311E+02  7.0462E-04  8.0621E-02  3.0370E-02  5.6914E-01  1.4119E-02
  3.9926E+01  1.3317E+02  7.1047E-04  8.0866E-02  3.0374E-02  5.6910E-01  1.4285E-02
  3.9943E+01  1.3323E+02  7.1632E-04  8.1113E-02  3.0378E-02  5.6905E-01  1.4450E-02
  3.9961E+01  1.3328E+02  7.2225E-04  8.1366E-02  3.0382E-02  5.6901E-01  1.4615E-02
  3.9978E+01  1.3334E+02  7.2810E-04  8.1619E-02  3.0386E-02  5.6896E-01  1.4776E-02
  3.9995E+01  1.3340E+02  7.3403E-04  8.1878E-02  3.0391E-02  5.6892E-01  1.4938E-02
  4.0012E+01  1.3346E+02  7.3988E-04  8.2137E-02  3.0395E-02  5.6887E-01  1.5097E-02
  4.0030E+01  1.3351E+02  7.4580E-04  8.2401E-02  3.0399E-02  5.6882E-01  1.5256E-02
  4.0047E+01  1.3357E+02  7.5166E-04  8.2665E-02  3.0403E-02  5.6877E-01  1.5412E-02
  4.0064E+01  1.3363E+02  7.5758E-04  8.2935E-02  3.0407E-02  5.6872E-01  1.5569E-02
  4.0082E+01  1.3369E+02  7.6344E-04  8.3204E-02  3.0412E-02  5.6867E-01  1.5722E-02
  4.0099E+01  1.3375E+02  7.6936E-04  8.3480E-02  3.0416E-02  5.6862E-01  1.5875E-02
  4.0116E+01  1.3380E+02  7.7522E-04  8.3754E-02  3.0421E-02  5.6857E-01  1.6026E-02
  4.0134E+01  1.3386E+02  7.8114E-04  8.4035E-02  3.0425E-02  5.6852E-01  1.6177E-02
  4.0151E+01  1.3392E+02  7.8700E-04  8.4315E-02  3.0430E-02  5.6847E-01  1.6324E-02
  4.0168E+01  1.3398E+02  7.9293E-04  8.4600E-02  3.0434E-02  5.6841E-01  1.6472E-02
  4.0186E+01  1.3403E+02  7.9878E-04  8.4885E-02  3.0439E-02  5.6836E-01  1.6617E-02
  4.0203E+01  1.3409E+02  8.0471E-04  8.5176E-02  3.0444E-02  5.6830E-01  1.6762E-02
  4.0220E+01  1.3415E+02  8.1056E-04  8.5466E-02  3.0448E-02  5.6825E-01  1.6904E-02
  4.0238E+01  1.3421E+02  8.1649E-04  8.5761E-02  3.0453E-02  5.6819E-01  1.7047E-02
  4.0255E+01  1.3426E+02  8.2234E-04  8.6056E-02  3.0458E-02  5.6813E-01  1.7186E-02
  4.0272E+01  1.3432E+02  8.2827E-04  8.6356E-02  3.0463E-02  5.6807E-01  1.7326E-02
  4.0289E+01  1.3438E+02  8.3412E-04  8.6656E-02  3.0468E-02  5.6802E-01  1.7462E-02
  4.0307E+01  1.3444E+02  8.4004E-04  8.6961E-02  3.0473E-02  5.6796E-01  1.7599E-02
  4.0324E+01  1.3450E+02  8.4590E-04  8.7265E-02  3.0478E-02  5.6790E-01  1.7733E-02
  4.0341E+01  1.3455E+02  8.5182E-04  8.7575E-02  3.0483E-02  5.6783E-01  1.7868E-02
  4.0359E+01  1.3461E+02  8.5768E-04  8.7884E-02  3.0488E-02  5.6777E-01  1.7999E-02
  4.0376E+01  1.3467E+02  8.6353E-04  8.8195E-02  3.0493E-02  5.6771E-01  1.8130E-02
  4.0393E+01  1.3473E+02  8.6945E-04  8.8512E-02  3.0498E-02  5.6765E-01  1.8260E-02
  4.0410E+01  1.3478E+02  8.7531E-04  8.8827E-02  3.0503E-02  5.6758E-01  1.8388E-02
  4.0428E+01  1.3484E+02  8.8123E-04  8.9148E-02  3.0509E-02  5.6752E-01  1.8516E-02
  4.0445E+01  1.3490E+02  8.8708E-04  8.9468E-02  3.0514E-02  5.6745E-01  1.8641E-02
  4.0463E+01  1.3496E+02  8.9300E-04  8.9794E-02  3.0519E-02  5.6739E-01  1.8766E-02
  4.0480E+01  1.3501E+02  8.9886E-04  9.0118E-02  3.0525E-02  5.6732E-01  1.8889E-02
  4.0497E+01  1.3507E+02  9.0478E-04  9.0448E-02  3.0530E-02  5.6725E-01  1.9012E-02
  4.0514E+01  1.3513E+02  9.1063E-04  9.0776E-02  3.0535E-02  5.6719E-01  1.9132E-02
  4.0532E+01  1.3519E+02  9.1655E-04  9.1110E-02  3.0541E-02  5.6712E-01  1.9252E-02
  4.0549E+01  1.3525E+02  9.2240E-04  9.1443E-02  3.0546E-02  5.6705E-01  1.9370E-02
  4.0566E+01  1.3530E+02  9.2832E-04  9.1781E-02  3.0552E-02  5.6698E-01  1.9488E-02
  4.0584E+01  1.3536E+02  9.3417E-04  9.2117E-02  3.0558E-02  5.6691E-01  1.9603E-02
  4.0601E+01  1.3542E+02  9.4010E-04  9.2460E-02  3.0563E-02  5.6683E-01  1.9719E-02
  4.0618E+01  1.3548E+02  9.4595E-04  9.2800E-02  3.0569E-02  5.6676E-01  1.9832E-02
  4.0636E+01  1.3554E+02  9.5187E-04  9.3146E-02  3.0575E-02  5.6669E-01  1.9946E-02
  4.0653E+01  1.3559E+02  9.5772E-04  9.3490E-02  3.0580E-02  5.6662E-01  2.0056E-02
  4.0670E+01  1.3565E+02  9.6364E-04  9.3841E-02  3.0586E-02  5.6654E-01  2.0168E-02
  4.0687E+01  1.3571E+02  9.6949E-04  9.4188E-02  3.0592E-02  5.6647E-01  2.0276E-02
  4.0705E+01  1.3577E+02  9.7541E-04  9.4543E-02  3.0598E-02  5.6639E-01  2.0385E-02
  4.0722E+01  1.3582E+02  9.8126E-04  9.4894E-02  3.0604E-02  5.6631E-01  2.0491E-02
  4.0740E+01  1.3588E+02  9.8718E-04  9.5252E-02  3.0610E-02  5.6624E-01  2.0598E-02
  4.0757E+01  1.3594E+02  9.9303E-04  9.5607E-02  3.0616E-02  5.6616E-01  2.0702E-02
  4.0774E+01  1.3600E+02  9.9895E-04  9.5969E-02  3.0622E-02  5.6608E-01  2.0807E-02
  4.0791E+01  1.3605E+02  1.0048E-03  9.6327E-02  3.0628E-02  5.6600E-01  2.0909E-02
  4.0809E+01  1.3611E+02  1.0106E-03  9.6688E-02  3.0634E-02  5.6592E-01  2.1010E-02
  4.0826E+01  1.3617E+02  1.0166E-03  9.7055E-02  3.0640E-02  5.6584E-01  2.1111E-02
  4.0843E+01  1.3623E+02  1.0224E-03  9.7419E-02  3.0646E-02  5.6576E-01  2.1210E-02
  4.0861E+01  1.3629E+02  1.0283E-03  9.7789E-02  3.0652E-02  5.6568E-01  2.1310E-02
  4.0878E+01  1.3634E+02  1.0342E-03  9.8156E-02  3.0659E-02  5.6560E-01  2.1407E-02
  4.0895E+01  1.3640E+02  1.0401E-03  9.8530E-02  3.0665E-02  5.6551E-01  2.1504E-02
  4.0912E+01  1.3646E+02  1.0460E-03  9.8901E-02  3.0671E-02  5.6543E-01  2.1599E-02
  4.0930E+01  1.3652E+02  1.0519E-03  9.9277E-02  3.0678E-02  5.6535E-01  2.1694E-02
  4.0947E+01  1.3657E+02  1.0577E-03  9.9651E-02  3.0684E-02  5.6526E-01  2.1787E-02
  4.0964E+01  1.3663E+02  1.0636E-03  1.0003E-01  3.0690E-02  5.6518E-01  2.1881E-02
  4.0982E+01  1.3669E+02  1.0695E-03  1.0041E-01  3.0697E-02  5.6509E-01  2.1972E-02
  4.0999E+01  1.3675E+02  1.0754E-03  1.0079E-01  3.0703E-02  5.6500E-01  2.2063E-02
  4.1016E+01  1.3680E+02  1.0813E-03  1.0117E-01  3.0710E-02  5.6492E-01  2.2153E-02
  4.1034E+01  1.3686E+02  1.0872E-03  1.0156E-01  3.0716E-02  5.6483E-01  2.2242E-02
  4.1051E+01  1.3692E+02  1.0930E-03  1.0194E-01  3.0723E-02  5.6474E-01  2.2330E-02
  4.1068E+01  1.3698E+02  1.0989E-03  1.0233E-01  3.0729E-02  5.6465E-01  2.2418E-02
  4.1086E+01  1.3704E+02  1.1048E-03  1.0272E-01  3.0736E-02  5.6456E-01  2.2504E-02
  4.1103E+01  1.3709E+02  1.1107E-03  1.0311E-01  3.0742E-02  5.6447E-01  2.2590E-02
  4.1120E+01  1.3715E+02  1.1166E-03  1.0350E-01  3.0749E-02  5.6438E-01  2.2674E-02
  4.1138E+01  1.3721E+02  1.1225E-03  1.0390E-01  3.0756E-02  5.6429E-01  2.2758E-02
  4.1155E+01  1.3727E+02  1.1283E-03  1.0429E-01  3.0762E-02  5.6420E-01  2.2841E-02
  4.1172E+01  1.3732E+02  1.1343E-03  1.0469E-01  3.0769E-02  5.6410E-01  2.2923E-02
  4.1189E+01  1.3738E+02  1.1401E-03  1.0508E-01  3.0776E-02  5.6401E-01  2.3004E-02
  4.1207E+01  1.3744E+02  1.1460E-03  1.0548E-01  3.0783E-02  5.6392E-01  2.3084E-02
  4.1224E+01  1.3750E+02  1.1519E-03  1.0588E-01  3.0789E-02  5.6382E-01  2.3164E-02
  4.1241E+01  1.3756E+02  1.1577E-03  1.0628E-01  3.0796E-02  5.6373E-01  2.3243E-02
  4.1259E+01  1.3761E+02  1.1636E-03  1.0668E-01  3.0803E-02  5.6363E-01  2.3321E-02
  4.1276E+01  1.3767E+02  1.1695E-03  1.0709E-01  3.0810E-02  5.6354E-01  2.3398E-02
  4.1293E+01  1.3773E+02  1.1754E-03  1.0749E-01  3.0817E-02  5.6344E-01  2.3475E-02
  4.1311E+01  1.3779E+02  1.1813E-03  1.0790E-01  3.0824E-02  5.6334E-01  2.3550E-02
  4.1328E+01  1.3784E+02  1.1872E-03  1.0831E-01  3.0589E-02  5.6338E-01  2.3305E-02
  4.1345E+01  1.3790E+02  1.1927E-03  1.0869E-01  2.8568E-02  5.6330E-01  2.0649E-02
  4.1363E+01  1.3796E+02  1.1978E-03  1.0902E-01  2.6629E-02  5.6320E-01  1.7943E-02
  4.1380E+01  1.3802E+02  1.2022E-03  1.0931E-01  2.4858E-02  5.6310E-01  1.5261E-02
  4.1397E+01  1.3808E+02  1.2062E-03  1.0955E-01  2.3247E-02  5.6300E-01  1.2539E-02
  4.1414E+01  1.3813E+02  1.2096E-03  1.0974E-01  2.1877E-02  5.6289E-01  9.8442E-03
  4.1432E+01  1.3819E+02  1.2126E-03  1.0989E-01  2.0763E-02  5.6279E-01  7.1116E-03
  4.1449E+01  1.3825E+02  1.2149E-03  1.0999E-01  1.9978E-02  5.6269E-01  4.4086E-03
  4.1466E+01  1.3831E+02  1.2168E-03  1.1004E-01  1.9544E-02  5.6258E-01  1.6706E-03
  4.1484E+01  1.3836E+02  1.2181E-03  1.1005E-01  1.9463E-02  5.6231E-01  2.0359E-04
  4.1501E+01  1.3842E+02  1.2194E-03  1.1005E-01  1.9459E-02  5.6220E-01  2.7538E-04
  4.1518E+01  1.3848E+02  1.2207E-03  1.1006E-01  1.9456E-02  5.6209E-01  3.4623E-04
  4.1536E+01  1.3854E+02  1.2219E-03  1.1007E-01  1.9453E-02  5.6199E-01  4.1789E-04
  4.1553E+01  1.3859E+02  1.2232E-03  1.1007E-01  1.9449E-02  5.6188E-01  4.8862E-04
  4.1570E+01  1.3865E+02  1.2245E-03  1.1008E-01  1.9446E-02  5.6178E-01  5.6013E-04
  4.1588E+01  1.3871E+02  1.2257E-03  1.1009E-01  1.9443E-02  5.6167E-01  6.3072E-04
  4.1605E+01  1.3877E+02  1.2270E-03  1.1010E-01  1.9440E-02  5.6157E-01  7.0210E-04
  4.1622E+01  1.3883E+02  1.2283E-03  1.1012E-01  1.9436E-02  5.6146E-01  7.7253E-04
  4.1639E+01  1.3888E+02  1.2295E-03  1.1013E-01  1.9433E-02  5.6136E-01  8.4290E-04
  4.1657E+01  1.3894E+02  1.2308E-03  1.1014E-01  1.9430E-02  5.6125E-01  9.1404E-04
  4.1674E+01  1.3900E+02  1.2321E-03  1.1016E-01  1.9427E-02  5.6115E-01  9.8425E-04
  4.1691E+01  1.3906E+02  1.2334E-03  1.1018E-01  1.9424E-02  5.6104E-01  1.0552E-03
  4.1709E+01  1.3911E+02  1.2346E-03  1.1020E-01  1.9421E-02  5.6094E-01  1.1253E-03
  4.1726E+01  1.3917E+02  1.2359E-03  1.1022E-01  1.9419E-02  5.6083E-01  1.1961E-03
  4.1743E+01  1.3923E+02  1.2371E-03  1.1024E-01  1.9416E-02  5.6073E-01  1.2660E-03
  4.1761E+01  1.3929E+02  1.2384E-03  1.1026E-01  1.9413E-02  5.6063E-01  1.3366E-03
  4.1778E+01  1.3935E+02  1.2397E-03  1.1028E-01  1.9410E-02  5.6052E-01  1.4063E-03
  4.1795E+01  1.3940E+02  1.2410E-03  1.1031E-01  1.9408E-02  5.6042E-01  1.4767E-03
  4.1813E+01  1.3946E+02  1.2422E-03  1.1033E-01  1.9405E-02  5.6032E-01  1.5463E-03
  4.1830E+01  1.3952E+02  1.2435E-03  1.1036E-01  1.9402E-02  5.6021E-01  1.6165E-03
  4.1847E+01  1.3958E+02  1.2447E-03  1.1039E-01  1.9400E-02  5.6011E-01  1.6858E-03
  4.1865E+01  1.3963E+02  1.2460E-03  1.1042E-01  1.9397E-02  5.6001E-01  1.7559E-03
  4.1882E+01  1.3969E+02  1.2473E-03  1.1045E-01  1.9395E-02  5.5990E-01  1.8250E-03
  4.1899E+01  1.3975E+02  1.2486E-03  1.1048E-01  1.9393E-02  5.5980E-01  1.8949E-03
  4.1916E+01  1.3981E+02  1.2498E-03  1.1051E-01  1.9390E-02  5.5970E-01  1.9638E-03
  4.1934E+01  1.3987E+02  1.2511E-03  1.1055E-01  1.9388E-02  5.5960E-01  2.0335E-03
  4.1951E+01  1.3992E+02  1.2523E-03  1.1058E-01  1.9386E-02  5.5949E-01  2.1022E-03
  4.1968E+01  1.3998E+02  1.2536E-03  1.1062E-01  1.9383E-02  5.5939E-01  2.1716E-03
  4.1986E+01  1.4004E+02  1.2549E-03  1.1066E-01  1.9381E-02  5.5929E-01  2.2401E-03
  4.2003E+01  1.4010E+02  1.2561E-03  1.1070E-01  1.9379E-02  5.5919E-01  2.3093E-03
  4.2020E+01  1.4015E+02  1.2574E-03  1.1074E-01  1.9377E-02  5.5909E-01  2.3775E-03
  4.2038E+01  1.4021E+02  1.2587E-03  1.1078E-01  1.9375E-02  5.5899E-01  2.4465E-03
  4.2055E+01  1.4027E+02  1.2599E-03  1.1082E-01  1.9373E-02  5.5889E-01  2.5145E-03
  4.2072E+01  1.4033E+02  1.2612E-03  1.1086E-01  1.9371E-02  5.5879E-01  2.5822E-03
  4.2090E+01  1.4038E+02  1.2623E-03  1.1090E-01  1.9228E-02  5.5883E-01  1.1600E-03
  4.2107E+01  1.4044E+02  1.2631E-03  1.1090E-01  1.9201E-02  5.5873E-01 -6.7096E-04
  4.2124E+01  1.4050E+02  1.2635E-03  1.1087E-01  1.9356E-02  5.5862E-01 -2.5241E-03
  4.2141E+01  1.4056E+02  1.2635E-03  1.1081E-01  1.9685E-02  5.5853E-01 -4.3541E-03
  4.2159E+01  1.4062E+02  1.2632E-03  1.1072E-01  2.0187E-02  5.5842E-01 -6.2051E-03
  4.2176E+01  1.4067E+02  1.2625E-03  1.1060E-01  2.0838E-02  5.5832E-01 -8.0318E-03
  4.2193E+01  1.4073E+02  1.2613E-03  1.1044E-01  2.1638E-02  5.5822E-01 -9.8781E-03
  4.2211E+01  1.4079E+02  1.2599E-03  1.1026E-01  2.2553E-02  5.5813E-01 -1.1699E-02
  4.2228E+01  1.4085E+02  1.2580E-03  1.1004E-01  2.3455E-02  5.5789E-01 -1.3312E-02
  4.2245E+01  1.4090E+02  1.2560E-03  1.0981E-01  2.3449E-02  5.5779E-01 -1.3249E-02
  4.2263E+01  1.4096E+02  1.2540E-03  1.0958E-01  2.3441E-02  5.5769E-01 -1.3179E-02
  4.2280E+01  1.4102E+02  1.2520E-03  1.0935E-01  2.3432E-02  5.5759E-01 -1.3110E-02
  4.2297E+01  1.4108E+02  1.2499E-03  1.0912E-01  2.3424E-02  5.5749E-01 -1.3039E-02
  4.2314E+01  1.4114E+02  1.2479E-03  1.0890E-01  2.3416E-02  5.5740E-01 -1.2969E-02
  4.2332E+01  1.4119E+02  1.2459E-03  1.0867E-01  2.3407E-02  5.5730E-01 -1.2898E-02
  4.2349E+01  1.4125E+02  1.2439E-03  1.0845E-01  2.3399E-02  5.5721E-01 -1.2827E-02
  4.2367E+01  1.4131E+02  1.2419E-03  1.0823E-01  2.3391E-02  5.5711E-01 -1.2755E-02
  4.2384E+01  1.4137E+02  1.2399E-03  1.0801E-01  2.3383E-02  5.5702E-01 -1.2684E-02
  4.2401E+01  1.4142E+02  1.2379E-03  1.0779E-01  2.3374E-02  5.5693E-01 -1.2611E-02
  4.2418E+01  1.4148E+02  1.2359E-03  1.0757E-01  2.3366E-02  5.5684E-01 -1.2540E-02
  4.2436E+01  1.4154E+02  1.2339E-03  1.0735E-01  2.3358E-02  5.5675E-01 -1.2466E-02
  4.2453E+01  1.4160E+02  1.2319E-03  1.0714E-01  2.3350E-02  5.5666E-01 -1.2394E-02
  4.2470E+01  1.4165E+02  1.2299E-03  1.0693E-01  2.3343E-02  5.5657E-01 -1.2321E-02
  4.2488E+01  1.4171E+02  1.2279E-03  1.0671E-01  2.3335E-02  5.5648E-01 -1.2247E-02
  4.2505E+01  1.4177E+02  1.2259E-03  1.0650E-01  2.3327E-02  5.5639E-01 -1.2173E-02
  4.2522E+01  1.4183E+02  1.2239E-03  1.0629E-01  2.3319E-02  5.5630E-01 -1.2099E-02
  4.2539E+01  1.4189E+02  1.2219E-03  1.0608E-01  2.3312E-02  5.5621E-01 -1.2025E-02
  4.2557E+01  1.4194E+02  1.2199E-03  1.0587E-01  2.3304E-02  5.5612E-01 -1.1949E-02
  4.2574E+01  1.4200E+02  1.2179E-03  1.0567E-01  2.3297E-02  5.5604E-01 -1.1875E-02
  4.2579E+01  1.4202E+02  1.2173E-03  1.0561E-01  2.3294E-02  5.5601E-01 -1.1853E-02
  4.2591E+01  1.4206E+02  1.2158E-03  1.0546E-01  2.3289E-02  5.5595E-01 -1.1799E-02
  4.2609E+01  1.4212E+02  1.2138E-03  1.0526E-01  2.3282E-02  5.5587E-01 -1.1723E-02
  4.2626E+01  1.4217E+02  1.2118E-03  1.0505E-01  2.3274E-02  5.5578E-01 -1.1646E-02
  4.2643E+01  1.4223E+02  1.2098E-03  1.0485E-01  2.3267E-02  5.5570E-01 -1.1570E-02
  4.2661E+01  1.4229E+02  1.2078E-03  1.0465E-01  2.3260E-02  5.5561E-01 -1.1493E-02
  4.2678E+01  1.4235E+02  1.2058E-03  1.0445E-01  2.3253E-02  5.5553E-01 -1.1416E-02
  4.2695E+01  1.4241E+02  1.2038E-03  1.0426E-01  2.3246E-02  5.5545E-01 -1.1338E-02
  4.2713E+01  1.4246E+02  1.2018E-03  1.0406E-01  2.3239E-02  5.5536E-01 -1.1261E-02
  4.2730E+01  1.4252E+02  1.1998E-03  1.0386E-01  2.3232E-02  5.5528E-01 -1.1182E-02
  4.2747E+01  1.4258E+02  1.1978E-03  1.0367E-01  2.3225E-02  5.5520E-01 -1.1104E-02
  4.2765E+01  1.4264E+02  1.1958E-03  1.0348E-01  2.2826E-02  5.5499E-01 -1.0186E-02
  4.2782E+01  1.4269E+02  1.1942E-03  1.0332E-01  2.2126E-02  5.5491E-01 -8.4310E-03
  4.2799E+01  1.4275E+02  1.1929E-03  1.0319E-01  2.1534E-02  5.5483E-01 -6.6565E-03
  4.2816E+01  1.4281E+02  1.1919E-03  1.0309E-01  2.1075E-02  5.5475E-01 -4.9052E-03
  4.2834E+01  1.4287E+02  1.1912E-03  1.0302E-01  2.0746E-02  5.5467E-01 -3.1338E-03
  4.2851E+01  1.4292E+02  1.1909E-03  1.0298E-01  2.0559E-02  5.5459E-01 -1.3846E-03
  4.2868E+01  1.4298E+02  1.1910E-03  1.0297E-01  2.0515E-02  5.5452E-01  3.8560E-04
  4.2886E+01  1.4304E+02  1.1913E-03  1.0299E-01  2.0615E-02  5.5444E-01  2.1345E-03
  4.2903E+01  1.4310E+02  1.1920E-03  1.0304E-01  2.0856E-02  5.5437E-01  3.8828E-03
  4.2920E+01  1.4316E+02  1.1930E-03  1.0312E-01  2.0919E-02  5.5443E-01  4.2654E-03
  4.2938E+01  1.4321E+02  1.1939E-03  1.0319E-01  2.0918E-02  5.5435E-01  4.3440E-03
  4.2955E+01  1.4327E+02  1.1948E-03  1.0327E-01  2.0917E-02  5.5428E-01  4.4234E-03
  4.2972E+01  1.4333E+02  1.1958E-03  1.0334E-01  2.0916E-02  5.5420E-01  4.5016E-03
  4.2990E+01  1.4339E+02  1.1967E-03  1.0342E-01  2.0916E-02  5.5413E-01  4.5806E-03
  4.3007E+01  1.4344E+02  1.1976E-03  1.0350E-01  2.0915E-02  5.5405E-01  4.6584E-03
  4.3024E+01  1.4350E+02  1.1985E-03  1.0358E-01  2.0914E-02  5.5398E-01  4.7370E-03
  4.3041E+01  1.4356E+02  1.1995E-03  1.0366E-01  2.0914E-02  5.5391E-01  4.8144E-03
  4.3059E+01  1.4362E+02  1.2004E-03  1.0375E-01  2.0913E-02  5.5383E-01  4.8925E-03
  4.3076E+01  1.4368E+02  1.2013E-03  1.0383E-01  2.0913E-02  5.5376E-01  4.9695E-03
  4.3093E+01  1.4373E+02  1.2023E-03  1.0392E-01  2.0913E-02  5.5369E-01  5.0472E-03
  4.3111E+01  1.4379E+02  1.2032E-03  1.0400E-01  2.0912E-02  5.5362E-01  5.1238E-03
  4.3128E+01  1.4385E+02  1.2041E-03  1.0409E-01  2.0912E-02  5.5354E-01  5.2011E-03
  4.3145E+01  1.4391E+02  1.2050E-03  1.0418E-01  2.0911E-02  5.5347E-01  5.2772E-03
  4.3163E+01  1.4396E+02  1.2060E-03  1.0428E-01  2.0911E-02  5.5340E-01  5.3541E-03
  4.3180E+01  1.4402E+02  1.2069E-03  1.0437E-01  2.0911E-02  5.5333E-01  5.4298E-03
  4.3197E+01  1.4408E+02  1.2078E-03  1.0446E-01  2.0911E-02  5.5326E-01  5.5062E-03
  4.3215E+01  1.4414E+02  1.2088E-03  1.0456E-01  2.0911E-02  5.5319E-01  5.5815E-03
  4.3232E+01  1.4420E+02  1.2097E-03  1.0466E-01  2.0911E-02  5.5312E-01  5.6574E-03
  4.3249E+01  1.4425E+02  1.2106E-03  1.0475E-01  2.0911E-02  5.5305E-01  5.7323E-03
  4.3267E+01  1.4431E+02  1.2116E-03  1.0485E-01  2.0911E-02  5.5298E-01  5.8078E-03
  4.3284E+01  1.4437E+02  1.2125E-03  1.0495E-01  2.0911E-02  5.5291E-01  5.8821E-03
  4.3301E+01  1.4443E+02  1.2134E-03  1.0506E-01  2.0911E-02  5.5284E-01  5.9572E-03
  4.3318E+01  1.4448E+02  1.2143E-03  1.0516E-01  2.0911E-02  5.5278E-01  6.0311E-03
  4.3336E+01  1.4454E+02  1.2153E-03  1.0526E-01  2.0911E-02  5.5271E-01  6.1048E-03
  4.3353E+01  1.4460E+02  1.2162E-03  1.0537E-01  2.0911E-02  5.5264E-01  6.1791E-03
  4.3370E+01  1.4466E+02  1.2171E-03  1.0547E-01  2.0911E-02  5.5258E-01  6.2523E-03
  4.3388E+01  1.4471E+02  1.2180E-03  1.0558E-01  2.0912E-02  5.5251E-01  6.3262E-03
  4.3405E+01  1.4477E+02  1.2190E-03  1.0569E-01  2.0912E-02  5.5244E-01  6.3989E-03
  4.3422E+01  1.4483E+02  1.2199E-03  1.0580E-01  2.0912E-02  5.5238E-01  6.4723E-03
  4.3440E+01  1.4489E+02  1.2208E-03  1.0592E-01  2.0913E-02  5.5231E-01  6.5446E-03
  4.3457E+01  1.4495E+02  1.2218E-03  1.0603E-01  2.0913E-02  5.5225E-01  6.6175E-03
  4.3474E+01  1.4500E+02  1.2227E-03  1.0614E-01  2.0913E-02  5.5218E-01  6.6892E-03
  4.3492E+01  1.4506E+02  1.2236E-03  1.0626E-01  2.0914E-02  5.5212E-01  6.7617E-03
  4.3509E+01  1.4512E+02  1.2245E-03  1.0638E-01  2.0926E-02  5.5203E-01  6.8713E-03
  4.3526E+01  1.4518E+02  1.2255E-03  1.0650E-01  2.1008E-02  5.5197E-01  7.1862E-03
  4.3543E+01  1.4523E+02  1.2265E-03  1.0662E-01  2.1093E-02  5.5190E-01  7.4976E-03
  4.3561E+01  1.4529E+02  1.2276E-03  1.0676E-01  2.1182E-02  5.5184E-01  7.8129E-03
  4.3578E+01  1.4535E+02  1.2287E-03  1.0689E-01  2.1274E-02  5.5178E-01  8.1243E-03
  4.3595E+01  1.4541E+02  1.2298E-03  1.0704E-01  2.1370E-02  5.5172E-01  8.4397E-03
  4.3613E+01  1.4547E+02  1.2310E-03  1.0718E-01  2.1468E-02  5.5166E-01  8.7512E-03
  4.3630E+01  1.4552E+02  1.2323E-03  1.0734E-01  2.1571E-02  5.5159E-01  9.0666E-03
  4.3647E+01  1.4558E+02  1.2336E-03  1.0750E-01  2.1676E-02  5.5153E-01  9.3783E-03
  4.3665E+01  1.4564E+02  1.2349E-03  1.0766E-01  2.1732E-02  5.5149E-01  9.5717E-03
  4.3682E+01  1.4570E+02  1.2363E-03  1.0783E-01  2.1734E-02  5.5143E-01  9.6402E-03
  4.3699E+01  1.4575E+02  1.2376E-03  1.0799E-01  2.1736E-02  5.5137E-01  9.7092E-03
  4.3717E+01  1.4581E+02  1.2390E-03  1.0816E-01  2.1738E-02  5.5131E-01  9.7771E-03
  4.3734E+01  1.4587E+02  1.2403E-03  1.0833E-01  2.1739E-02  5.5126E-01  9.8446E-03
  4.3751E+01  1.4593E+02  1.2417E-03  1.0850E-01  2.1741E-02  5.5120E-01  9.9127E-03
  4.3768E+01  1.4598E+02  1.2430E-03  1.0867E-01  2.1743E-02  5.5114E-01  9.9796E-03
  4.3786E+01  1.4604E+02  1.2444E-03  1.0884E-01  2.1745E-02  5.5108E-01  1.0047E-02
  4.3803E+01  1.4610E+02  1.2457E-03  1.0902E-01  2.1747E-02  5.5102E-01  1.0113E-02
  4.3820E+01  1.4616E+02  1.2471E-03  1.0919E-01  2.1749E-02  5.5097E-01  1.0180E-02
  4.3838E+01  1.4622E+02  1.2484E-03  1.0937E-01  2.1750E-02  5.5091E-01  1.0246E-02
  4.3855E+01  1.4627E+02  1.2498E-03  1.0955E-01  2.1752E-02  5.5085E-01  1.0312E-02
  4.3872E+01  1.4633E+02  1.2511E-03  1.0972E-01  2.1754E-02  5.5080E-01  1.0377E-02
  4.3890E+01  1.4639E+02  1.2525E-03  1.0991E-01  2.1757E-02  5.5074E-01  1.0443E-02
  4.3907E+01  1.4645E+02  1.2538E-03  1.1008E-01  2.1759E-02  5.5068E-01  1.0507E-02
  4.3924E+01  1.4650E+02  1.2552E-03  1.1027E-01  2.1761E-02  5.5063E-01  1.0572E-02
  4.3941E+01  1.4656E+02  1.2565E-03  1.1045E-01  2.1763E-02  5.5057E-01  1.0636E-02
  4.3959E+01  1.4662E+02  1.2579E-03  1.1063E-01  2.1765E-02  5.5052E-01  1.0700E-02
  4.3976E+01  1.4668E+02  1.2592E-03  1.1082E-01  2.1767E-02  5.5047E-01  1.0763E-02
  4.3994E+01  1.4674E+02  1.2606E-03  1.1101E-01  2.1769E-02  5.5041E-01  1.0827E-02
  4.4011E+01  1.4679E+02  1.2619E-03  1.1119E-01  2.1772E-02  5.5036E-01  1.0890E-02
  4.4028E+01  1.4685E+02  1.2633E-03  1.1138E-01  2.1774E-02  5.5031E-01  1.0953E-02
  4.4029E+01  1.4685E+02  1.2634E-03  1.1139E-01  2.1774E-02  5.5030E-01  1.0957E-02
  4.4045E+01  1.4691E+02  1.2646E-03  1.1157E-01  2.1776E-02  5.5025E-01  1.1015E-02
  4.4063E+01  1.4697E+02  1.2660E-03  1.1176E-01  2.1779E-02  5.5020E-01  1.1077E-02
  4.4080E+01  1.4702E+02  1.2673E-03  1.1195E-01  2.1781E-02  5.5015E-01  1.1139E-02
  4.4097E+01  1.4708E+02  1.2687E-03  1.1215E-01  2.1784E-02  5.5010E-01  1.1201E-02
  4.4115E+01  1.4714E+02  1.2700E-03  1.1234E-01  2.1786E-02  5.5005E-01  1.1261E-02
  4.4132E+01  1.4720E+02  1.2714E-03  1.1253E-01  2.1788E-02  5.5000E-01  1.1323E-02
  4.4149E+01  1.4726E+02  1.2728E-03  1.1273E-01  2.1791E-02  5.4995E-01  1.1383E-02
  4.4166E+01  1.4731E+02  1.2741E-03  1.1293E-01  2.1793E-02  5.4990E-01  1.1443E-02
  4.4184E+01  1.4737E+02  1.2755E-03  1.1312E-01  2.1796E-02  5.4985E-01  1.1503E-02
  4.4201E+01  1.4743E+02  1.2768E-03  1.1332E-01  2.1799E-02  5.4980E-01  1.1562E-02
  4.4218E+01  1.4749E+02  1.2782E-03  1.1352E-01  2.1801E-02  5.4975E-01  1.1622E-02
  4.4236E+01  1.4754E+02  1.2795E-03  1.1372E-01  2.1804E-02  5.4970E-01  1.1681E-02
  4.4253E+01  1.4760E+02  1.2809E-03  1.1393E-01  2.1807E-02  5.4965E-01  1.1740E-02
  4.4270E+01  1.4766E+02  1.2822E-03  1.1413E-01  2.1809E-02  5.4961E-01  1.1798E-02
  4.4288E+01  1.4772E+02  1.2836E-03  1.1433E-01  2.1812E-02  5.4956E-01  1.1857E-02
  4.4305E+01  1.4777E+02  1.2849E-03  1.1454E-01  2.1815E-02  5.4951E-01  1.1914E-02
  4.4322E+01  1.4783E+02  1.2863E-03  1.1474E-01  2.1817E-02  5.4946E-01  1.1972E-02
  4.4340E+01  1.4789E+02  1.2877E-03  1.1495E-01  2.1820E-02  5.4942E-01  1.2029E-02
  4.4357E+01  1.4795E+02  1.2890E-03  1.1516E-01  2.1823E-02  5.4937E-01  1.2087E-02
  4.4374E+01  1.4801E+02  1.2904E-03  1.1537E-01  2.1826E-02  5.4933E-01  1.2143E-02
  4.4392E+01  1.4806E+02  1.2917E-03  1.1558E-01  2.1829E-02  5.4928E-01  1.2200E-02
  4.4409E+01  1.4812E+02  1.2931E-03  1.1579E-01  2.1832E-02  5.4924E-01  1.2256E-02
  4.4426E+01  1.4818E+02  1.2944E-03  1.1600E-01  2.1835E-02  5.4919E-01  1.2312E-02
  4.4443E+01  1.4824E+02  1.2958E-03  1.1621E-01  2.1838E-02  5.4915E-01  1.2367E-02
  4.4461E+01  1.4829E+02  1.2972E-03  1.1643E-01  2.1841E-02  5.4911E-01  1.2423E-02
  4.4478E+01  1.4835E+02  1.2985E-03  1.1664E-01  2.1844E-02  5.4906E-01  1.2477E-02
  4.4495E+01  1.4841E+02  1.2999E-03  1.1686E-01  2.1847E-02  5.4902E-01  1.2532E-02
  4.4513E+01  1.4847E+02  1.3012E-03  1.1707E-01  2.1850E-02  5.4898E-01  1.2586E-02
  4.4530E+01  1.4853E+02  1.3026E-03  1.1729E-01  2.1853E-02  5.4894E-01  1.2641E-02
  4.4547E+01  1.4858E+02  1.3040E-03  1.1751E-01  2.1856E-02  5.4890E-01  1.2694E-02
  4.4565E+01  1.4864E+02  1.3053E-03  1.1773E-01  2.1859E-02  5.4886E-01  1.2748E-02
  4.4582E+01  1.4870E+02  1.3067E-03  1.1795E-01  2.1862E-02  5.4882E-01  1.2801E-02
  4.4599E+01  1.4876E+02  1.3080E-03  1.1817E-01  2.1865E-02  5.4878E-01  1.2854E-02
  4.4617E+01  1.4881E+02  1.3094E-03  1.1839E-01  2.1869E-02  5.4874E-01  1.2907E-02
  4.4634E+01  1.4887E+02  1.3108E-03  1.1862E-01  2.1872E-02  5.4870E-01  1.2959E-02
  4.4651E+01  1.4893E+02  1.3121E-03  1.1884E-01  2.1875E-02  5.4866E-01  1.3012E-02
  4.4668E+01  1.4899E+02  1.3135E-03  1.1907E-01  2.1878E-02  5.4862E-01  1.3063E-02
  4.4686E+01  1.4905E+02  1.3149E-03  1.1929E-01  2.1882E-02  5.4858E-01  1.3115E-02
  4.4703E+01  1.4910E+02  1.3162E-03  1.1952E-01  2.1885E-02  5.4854E-01  1.3167E-02
  4.4720E+01  1.4916E+02  1.3176E-03  1.1975E-01  2.1888E-02  5.4851E-01  1.3218E-02
  4.4738E+01  1.4922E+02  1.3189E-03  1.1997E-01  2.1892E-02  5.4847E-01  1.3269E-02
  4.4755E+01  1.4928E+02  1.3203E-03  1.2021E-01  2.1875E-02  5.4850E-01  1.3283E-02
  4.4772E+01  1.4933E+02  1.3214E-03  1.2041E-01  2.0118E-02  5.4872E-01  1.0171E-02
  4.4790E+01  1.4939E+02  1.3218E-03  1.2056E-01  1.8615E-02  5.4868E-01  6.7831E-03
  4.4807E+01  1.4945E+02  1.3216E-03  1.2064E-01  1.7659E-02  5.4865E-01  3.4330E-03
  4.4824E+01  1.4951E+02  1.3207E-03  1.2067E-01  1.7316E-02  5.4861E-01  4.0311E-05
  4.4842E+01  1.4956E+02  1.3191E-03  1.2064E-01  1.7633E-02  5.4858E-01 -3.3115E-03
  4.4859E+01  1.4962E+02  1.3169E-03  1.2056E-01  1.8582E-02  5.4854E-01 -6.7025E-03
  4.4876E+01  1.4968E+02  1.3141E-03  1.2041E-01  2.0051E-02  5.4851E-01 -1.0049E-02
  4.4894E+01  1.4974E+02  1.3106E-03  1.2021E-01  2.1965E-02  5.4848E-01 -1.3432E-02
  4.4911E+01  1.4980E+02  1.3065E-03  1.1995E-01  2.3532E-02  5.4814E-01 -1.5837E-02
  4.4928E+01  1.4985E+02  1.3022E-03  1.1967E-01  2.3527E-02  5.4811E-01 -1.5786E-02
  4.4945E+01  1.4991E+02  1.2980E-03  1.1940E-01  2.3521E-02  5.4808E-01 -1.5735E-02
  4.4963E+01  1.4997E+02  1.2937E-03  1.1913E-01  2.3516E-02  5.4805E-01 -1.5683E-02
  4.4980E+01  1.5003E+02  1.2894E-03  1.1886E-01  2.3511E-02  5.4803E-01 -1.5632E-02
  4.4997E+01  1.5008E+02  1.2852E-03  1.1859E-01  2.3506E-02  5.4800E-01 -1.5581E-02
  4.5015E+01  1.5014E+02  1.2809E-03  1.1832E-01  2.3501E-02  5.4798E-01 -1.5528E-02
  4.5032E+01  1.5020E+02  1.2766E-03  1.1805E-01  2.3496E-02  5.4795E-01 -1.5476E-02
  4.5049E+01  1.5026E+02  1.2723E-03  1.1779E-01  2.3491E-02  5.4793E-01 -1.5423E-02
  4.5066E+01  1.5031E+02  1.2681E-03  1.1752E-01  2.3486E-02  5.4790E-01 -1.5370E-02
  4.5084E+01  1.5037E+02  1.2638E-03  1.1725E-01  2.3481E-02  5.4788E-01 -1.5317E-02
  4.5101E+01  1.5043E+02  1.2596E-03  1.1699E-01  2.3476E-02  5.4786E-01 -1.5264E-02
  4.5119E+01  1.5049E+02  1.2553E-03  1.1672E-01  2.3471E-02  5.4784E-01 -1.5209E-02
  4.5136E+01  1.5055E+02  1.2510E-03  1.1646E-01  2.3467E-02  5.4781E-01 -1.5156E-02
  4.5153E+01  1.5060E+02  1.2467E-03  1.1620E-01  2.3462E-02  5.4779E-01 -1.5101E-02
  4.5170E+01  1.5066E+02  1.2425E-03  1.1594E-01  2.3457E-02  5.4777E-01 -1.5046E-02
  4.5188E+01  1.5072E+02  1.2382E-03  1.1568E-01  2.3452E-02  5.4775E-01 -1.4991E-02
  4.5205E+01  1.5078E+02  1.2339E-03  1.1542E-01  2.3448E-02  5.4773E-01 -1.4936E-02
  4.5222E+01  1.5083E+02  1.2297E-03  1.1516E-01  2.3443E-02  5.4772E-01 -1.4880E-02
  4.5240E+01  1.5089E+02  1.2254E-03  1.1491E-01  2.3439E-02  5.4770E-01 -1.4825E-02
  4.5257E+01  1.5095E+02  1.2211E-03  1.1465E-01  2.3434E-02  5.4768E-01 -1.4768E-02
  4.5274E+01  1.5101E+02  1.2169E-03  1.1439E-01  2.3430E-02  5.4766E-01 -1.4712E-02
  4.5292E+01  1.5107E+02  1.2126E-03  1.1414E-01  2.3425E-02  5.4765E-01 -1.4655E-02
  4.5309E+01  1.5112E+02  1.2083E-03  1.1389E-01  2.3421E-02  5.4763E-01 -1.4598E-02
  4.5326E+01  1.5118E+02  1.2041E-03  1.1363E-01  2.3417E-02  5.4762E-01 -1.4540E-02
  4.5344E+01  1.5124E+02  1.1998E-03  1.1338E-01  2.3412E-02  5.4760E-01 -1.4483E-02
  4.5361E+01  1.5130E+02  1.1955E-03  1.1313E-01  2.3408E-02  5.4759E-01 -1.4424E-02
  4.5378E+01  1.5135E+02  1.1913E-03  1.1288E-01  2.3404E-02  5.4757E-01 -1.4366E-02
  4.5396E+01  1.5141E+02  1.1870E-03  1.1263E-01  2.3400E-02  5.4756E-01 -1.4307E-02
  4.5413E+01  1.5147E+02  1.1828E-03  1.1239E-01  2.3396E-02  5.4755E-01 -1.4248E-02
  4.5430E+01  1.5153E+02  1.1785E-03  1.1214E-01  2.3392E-02  5.4753E-01 -1.4189E-02
  4.5447E+01  1.5159E+02  1.1742E-03  1.1190E-01  2.3387E-02  5.4752E-01 -1.4129E-02
  4.5465E+01  1.5164E+02  1.1700E-03  1.1165E-01  2.3384E-02  5.4751E-01 -1.4069E-02
  4.5482E+01  1.5170E+02  1.1657E-03  1.1141E-01  2.3380E-02  5.4750E-01 -1.4009E-02
  4.5499E+01  1.5176E+02  1.1615E-03  1.1117E-01  2.3376E-02  5.4749E-01 -1.3948E-02
  4.5517E+01  1.5182E+02  1.1572E-03  1.1093E-01  2.3372E-02  5.4748E-01 -1.3887E-02
  4.5534E+01  1.5187E+02  1.1530E-03  1.1069E-01  2.3368E-02  5.4747E-01 -1.3826E-02
  4.5551E+01  1.5193E+02  1.1487E-03  1.1045E-01  2.3364E-02  5.4747E-01 -1.3764E-02
  4.5568E+01  1.5199E+02  1.1444E-03  1.1021E-01  2.3360E-02  5.4746E-01 -1.3702E-02
  4.5586E+01  1.5205E+02  1.1402E-03  1.0997E-01  2.3357E-02  5.4745E-01 -1.3639E-02
  4.5603E+01  1.5210E+02  1.1359E-03  1.0974E-01  2.3353E-02  5.4744E-01 -1.3577E-02
  4.5621E+01  1.5216E+02  1.1316E-03  1.0950E-01  2.3349E-02  5.4744E-01 -1.3513E-02
  4.5638E+01  1.5222E+02  1.1274E-03  1.0927E-01  2.3346E-02  5.4743E-01 -1.3450E-02
  4.5655E+01  1.5228E+02  1.1231E-03  1.0904E-01  2.3342E-02  5.4743E-01 -1.3386E-02
  4.5672E+01  1.5234E+02  1.1189E-03  1.0881E-01  2.3339E-02  5.4742E-01 -1.3323E-02
  4.5690E+01  1.5239E+02  1.1146E-03  1.0858E-01  2.3335E-02  5.4742E-01 -1.3258E-02
  4.5707E+01  1.5245E+02  1.1103E-03  1.0835E-01  2.3332E-02  5.4741E-01 -1.3193E-02
  4.5724E+01  1.5251E+02  1.1061E-03  1.0812E-01  2.3328E-02  5.4741E-01 -1.3128E-02
  4.5742E+01  1.5257E+02  1.1018E-03  1.0790E-01  2.3325E-02  5.4741E-01 -1.3062E-02
  4.5759E+01  1.5262E+02  1.0975E-03  1.0767E-01  2.3322E-02  5.4740E-01 -1.2996E-02
  4.5776E+01  1.5268E+02  1.0933E-03  1.0745E-01  2.3318E-02  5.4740E-01 -1.2930E-02
  4.5794E+01  1.5274E+02  1.0890E-03  1.0722E-01  2.3315E-02  5.4740E-01 -1.2863E-02
  4.5811E+01  1.5280E+02  1.0848E-03  1.0700E-01  2.3312E-02  5.4740E-01 -1.2797E-02
  4.5828E+01  1.5286E+02  1.0805E-03  1.0678E-01  2.3309E-02  5.4740E-01 -1.2730E-02
  4.5845E+01  1.5291E+02  1.0763E-03  1.0656E-01  2.3306E-02  5.4740E-01 -1.2662E-02
  4.5863E+01  1.5297E+02  1.0720E-03  1.0634E-01  2.3303E-02  5.4740E-01 -1.2594E-02
  4.5880E+01  1.5303E+02  1.0677E-03  1.0612E-01  2.3300E-02  5.4740E-01 -1.2525E-02
  4.5897E+01  1.5309E+02  1.0635E-03  1.0591E-01  2.3297E-02  5.4741E-01 -1.2457E-02
  4.5915E+01  1.5314E+02  1.0592E-03  1.0569E-01  2.3294E-02  5.4741E-01 -1.2387E-02
  4.5932E+01  1.5320E+02  1.0550E-03  1.0548E-01  2.3291E-02  5.4741E-01 -1.2318E-02
  4.5949E+01  1.5326E+02  1.0507E-03  1.0527E-01  2.3288E-02  5.4741E-01 -1.2248E-02
  4.5967E+01  1.5332E+02  1.0465E-03  1.0506E-01  2.3285E-02  5.4742E-01 -1.2178E-02
  4.5984E+01  1.5338E+02  1.0422E-03  1.0484E-01  2.3282E-02  5.4742E-01 -1.2107E-02
  4.6001E+01  1.5343E+02  1.0379E-03  1.0464E-01  2.3280E-02  5.4743E-01 -1.2036E-02
  4.6019E+01  1.5349E+02  1.0337E-03  1.0443E-01  2.3277E-02  5.4743E-01 -1.1964E-02
  4.6036E+01  1.5355E+02  1.0294E-03  1.0422E-01  2.3274E-02  5.4744E-01 -1.1893E-02
  4.6053E+01  1.5361E+02  1.0251E-03  1.0402E-01  2.3272E-02  5.4744E-01 -1.1820E-02
  4.6070E+01  1.5366E+02  1.0209E-03  1.0381E-01  2.3269E-02  5.4745E-01 -1.1748E-02
  4.6088E+01  1.5372E+02  1.0166E-03  1.0361E-01  2.3267E-02  5.4746E-01 -1.1674E-02
  4.6105E+01  1.5378E+02  1.0124E-03  1.0341E-01  2.3264E-02  5.4747E-01 -1.1602E-02
  4.6122E+01  1.5384E+02  1.0081E-03  1.0321E-01  2.3262E-02  5.4747E-01 -1.1527E-02
  4.6140E+01  1.5389E+02  1.0038E-03  1.0301E-01  2.3259E-02  5.4748E-01 -1.1454E-02
  4.6157E+01  1.5395E+02  9.9956E-04  1.0281E-01  2.3257E-02  5.4749E-01 -1.1379E-02
  4.6174E+01  1.5401E+02  9.9532E-04  1.0262E-01  2.3255E-02  5.4750E-01 -1.1304E-02
  4.6192E+01  1.5407E+02  9.9103E-04  1.0242E-01  2.3252E-02  5.4751E-01 -1.1229E-02
  4.6209E+01  1.5413E+02  9.8679E-04  1.0223E-01  2.3250E-02  5.4752E-01 -1.1153E-02
  4.6226E+01  1.5418E+02  9.8251E-04  1.0203E-01  2.3248E-02  5.4754E-01 -1.1077E-02
  4.6244E+01  1.5424E+02  9.7827E-04  1.0184E-01  2.3246E-02  5.4755E-01 -1.1001E-02
  4.6261E+01  1.5430E+02  9.7403E-04  1.0165E-01  2.3244E-02  5.4756E-01 -1.0925E-02
  4.6278E+01  1.5436E+02  9.6975E-04  1.0147E-01  2.3241E-02  5.4757E-01 -1.0847E-02
  4.6295E+01  1.5441E+02  9.6551E-04  1.0128E-01  2.3239E-02  5.4758E-01 -1.0770E-02
  4.6313E+01  1.5447E+02  9.6122E-04  1.0109E-01  2.3237E-02  5.4760E-01 -1.0691E-02
  4.6330E+01  1.5453E+02  9.5699E-04  1.0091E-01  2.3235E-02  5.4761E-01 -1.0613E-02
  4.6347E+01  1.5459E+02  9.5270E-04  1.0073E-01  2.3234E-02  5.4763E-01 -1.0534E-02
  4.6359E+01  1.5463E+02  9.4981E-04  1.0060E-01  2.3232E-02  5.4764E-01 -1.0480E-02
  4.6365E+01  1.5465E+02  9.4846E-04  1.0054E-01  2.3232E-02  5.4764E-01 -1.0455E-02
  4.6382E+01  1.5470E+02  9.4418E-04  1.0036E-01  2.3230E-02  5.4766E-01 -1.0375E-02
  4.6399E+01  1.5476E+02  9.3994E-04  1.0019E-01  2.3228E-02  5.4767E-01 -1.0296E-02
  4.6417E+01  1.5482E+02  9.3565E-04  1.0001E-01  2.3226E-02  5.4769E-01 -1.0215E-02
  4.6434E+01  1.5488E+02  9.3142E-04  9.9832E-02  2.3225E-02  5.4771E-01 -1.0135E-02
  4.6451E+01  1.5493E+02  9.2713E-04  9.9656E-02  2.3223E-02  5.4773E-01 -1.0053E-02
  4.6469E+01  1.5499E+02  9.2289E-04  9.9484E-02  2.3221E-02  5.4774E-01 -9.9720E-03
  4.6486E+01  1.5505E+02  9.1860E-04  9.9311E-02  2.3220E-02  5.4776E-01 -9.8896E-03
  4.6503E+01  1.5511E+02  9.1437E-04  9.9142E-02  2.3218E-02  5.4778E-01 -9.8077E-03
  4.6521E+01  1.5517E+02  9.1008E-04  9.8972E-02  2.3217E-02  5.4780E-01 -9.7245E-03
  4.6538E+01  1.5522E+02  9.0584E-04  9.8805E-02  2.3215E-02  5.4782E-01 -9.6419E-03
  4.6555E+01  1.5528E+02  9.0155E-04  9.8638E-02  2.3214E-02  5.4784E-01 -9.5579E-03
  4.6572E+01  1.5534E+02  8.9732E-04  9.8474E-02  2.3212E-02  5.4786E-01 -9.4745E-03
  4.6590E+01  1.5540E+02  8.9303E-04  9.8310E-02  2.3211E-02  5.4788E-01 -9.3897E-03
  4.6607E+01  1.5545E+02  8.8879E-04  9.8149E-02  2.3210E-02  5.4790E-01 -9.3056E-03
  4.6624E+01  1.5551E+02  8.8450E-04  9.7988E-02  2.3208E-02  5.4793E-01 -9.2200E-03
  4.6642E+01  1.5557E+02  8.8025E-04  9.7829E-02  2.3393E-02  5.4801E-01 -9.5929E-03
  4.6659E+01  1.5563E+02  8.7577E-04  9.7650E-02  2.4011E-02  5.4803E-01 -1.0935E-02
  4.6676E+01  1.5568E+02  8.7112E-04  9.7451E-02  2.4680E-02  5.4805E-01 -1.2259E-02
  4.6693E+01  1.5574E+02  8.6626E-04  9.7228E-02  2.5404E-02  5.4808E-01 -1.3578E-02
  4.6711E+01  1.5580E+02  8.6111E-04  9.6981E-02  2.6186E-02  5.4811E-01 -1.4910E-02
  4.6728E+01  1.5586E+02  8.5581E-04  9.6713E-02  2.7003E-02  5.4813E-01 -1.6221E-02
  4.6746E+01  1.5592E+02  8.5023E-04  9.6419E-02  2.7869E-02  5.4816E-01 -1.7544E-02
  4.6763E+01  1.5597E+02  8.4450E-04  9.6107E-02  2.8760E-02  5.4819E-01 -1.8845E-02
  4.6780E+01  1.5603E+02  8.3849E-04  9.5767E-02  2.9693E-02  5.4822E-01 -2.0157E-02
  4.6797E+01  1.5609E+02  8.3238E-04  9.5415E-02  3.0014E-02  5.4820E-01 -2.0542E-02
  4.6815E+01  1.5615E+02  8.2619E-04  9.5059E-02  3.0012E-02  5.4823E-01 -2.0449E-02
  4.6832E+01  1.5620E+02  8.2007E-04  9.4708E-02  3.0009E-02  5.4826E-01 -2.0356E-02
  4.6849E+01  1.5626E+02  8.1388E-04  9.4355E-02  3.0006E-02  5.4829E-01 -2.0261E-02
  4.6867E+01  1.5632E+02  8.0776E-04  9.4008E-02  3.0004E-02  5.4832E-01 -2.0166E-02
  4.6884E+01  1.5638E+02  8.0156E-04  9.3658E-02  3.0001E-02  5.4836E-01 -2.0069E-02
  4.6901E+01  1.5643E+02  7.9545E-04  9.3314E-02  2.9999E-02  5.4839E-01 -1.9972E-02
  4.6919E+01  1.5649E+02  7.8925E-04  9.2967E-02  2.9997E-02  5.4842E-01 -1.9873E-02
  4.6936E+01  1.5655E+02  7.8313E-04  9.2627E-02  2.9994E-02  5.4845E-01 -1.9775E-02
  4.6953E+01  1.5661E+02  7.7694E-04  9.2284E-02  2.9992E-02  5.4849E-01 -1.9673E-02
  4.6970E+01  1.5667E+02  7.7082E-04  9.1946E-02  2.9990E-02  5.4852E-01 -1.9572E-02
  4.6988E+01  1.5672E+02  7.6463E-04  9.1607E-02  2.9987E-02  5.4855E-01 -1.9469E-02
  4.7005E+01  1.5678E+02  7.5851E-04  9.1273E-02  2.9985E-02  5.4859E-01 -1.9366E-02
  4.7023E+01  1.5684E+02  7.5232E-04  9.0938E-02  2.9983E-02  5.4862E-01 -1.9261E-02
  4.7040E+01  1.5690E+02  7.4620E-04  9.0608E-02  2.9981E-02  5.4866E-01 -1.9155E-02
  4.7057E+01  1.5696E+02  7.4000E-04  9.0275E-02  2.9979E-02  5.4869E-01 -1.9048E-02
  4.7074E+01  1.5701E+02  7.3389E-04  8.9949E-02  2.9977E-02  5.4873E-01 -1.8940E-02
  4.7092E+01  1.5707E+02  7.2777E-04  8.9625E-02  2.9975E-02  5.4876E-01 -1.8831E-02
  4.7109E+01  1.5713E+02  7.2157E-04  8.9298E-02  2.9973E-02  5.4880E-01 -1.8720E-02
  4.7126E+01  1.5719E+02  7.1545E-04  8.8977E-02  2.9971E-02  5.4883E-01 -1.8609E-02
  4.7144E+01  1.5724E+02  7.0926E-04  8.8655E-02  2.9969E-02  5.4887E-01 -1.8496E-02
  4.7161E+01  1.5730E+02  7.0314E-04  8.8338E-02  2.9967E-02  5.4891E-01 -1.8383E-02
  4.7178E+01  1.5736E+02  6.9695E-04  8.8020E-02  2.9835E-02  5.4893E-01 -1.8053E-02
  4.7195E+01  1.5742E+02  6.9092E-04  8.7718E-02  2.9310E-02  5.4896E-01 -1.7056E-02
  4.7213E+01  1.5747E+02  6.8494E-04  8.7431E-02  2.8802E-02  5.4900E-01 -1.6049E-02
  4.7230E+01  1.5753E+02  6.7915E-04  8.7163E-02  2.8324E-02  5.4903E-01 -1.5056E-02
  4.7247E+01  1.5759E+02  6.7341E-04  8.6910E-02  2.7865E-02  5.4907E-01 -1.4052E-02
  4.7265E+01  1.5765E+02  6.6786E-04  8.6678E-02  2.7438E-02  5.4911E-01 -1.3061E-02
  4.7282E+01  1.5771E+02  6.6236E-04  8.6459E-02  2.7031E-02  5.4914E-01 -1.2060E-02
  4.7299E+01  1.5776E+02  6.5704E-04  8.6260E-02  2.6658E-02  5.4918E-01 -1.1073E-02
  4.7317E+01  1.5782E+02  6.5177E-04  8.6077E-02  2.6308E-02  5.4922E-01 -1.0074E-02
  4.7334E+01  1.5788E+02  6.4666E-04  8.5909E-02  2.6170E-02  5.4926E-01 -9.5832E-03
  4.7351E+01  1.5794E+02  6.4150E-04  8.5744E-02  2.6169E-02  5.4930E-01 -9.4578E-03
  4.7369E+01  1.5799E+02  6.3640E-04  8.5582E-02  2.6169E-02  5.4934E-01 -9.3333E-03
  4.7386E+01  1.5805E+02  6.3123E-04  8.5421E-02  2.6169E-02  5.4938E-01 -9.2066E-03
  4.7403E+01  1.5811E+02  6.2613E-04  8.5264E-02  2.6169E-02  5.4941E-01 -9.0807E-03
  4.7421E+01  1.5817E+02  6.2097E-04  8.5107E-02  2.6169E-02  5.4945E-01 -8.9526E-03
  4.7438E+01  1.5822E+02  6.1586E-04  8.4955E-02  2.6169E-02  5.4949E-01 -8.8253E-03
  4.7455E+01  1.5828E+02  6.1070E-04  8.4802E-02  2.6169E-02  5.4953E-01 -8.6958E-03
  4.7472E+01  1.5834E+02  6.0559E-04  8.4654E-02  2.6169E-02  5.4956E-01 -8.5671E-03
  4.7490E+01  1.5840E+02  6.0043E-04  8.4506E-02  2.6169E-02  5.4960E-01 -8.4363E-03
  4.7507E+01  1.5846E+02  5.9532E-04  8.4363E-02  2.6169E-02  5.4964E-01 -8.3063E-03
  4.7524E+01  1.5851E+02  5.9022E-04  8.4221E-02  2.6169E-02  5.4968E-01 -8.1757E-03
  4.7542E+01  1.5857E+02  5.8506E-04  8.4080E-02  2.6169E-02  5.4972E-01 -8.0428E-03
  4.7559E+01  1.5863E+02  5.7995E-04  8.3943E-02  2.6169E-02  5.4976E-01 -7.9109E-03
  4.7576E+01  1.5869E+02  5.7478E-04  8.3807E-02  2.6169E-02  5.4980E-01 -7.7767E-03
  4.7594E+01  1.5874E+02  5.6968E-04  8.3674E-02  2.6170E-02  5.4984E-01 -7.6435E-03
  4.7611E+01  1.5880E+02  5.6451E-04  8.3543E-02  2.6170E-02  5.4987E-01 -7.5081E-03
  4.7628E+01  1.5886E+02  5.5941E-04  8.3415E-02  2.6170E-02  5.4991E-01 -7.3736E-03
  4.7646E+01  1.5892E+02  5.5424E-04  8.3288E-02  2.6170E-02  5.4995E-01 -7.2369E-03
  4.7663E+01  1.5898E+02  5.4914E-04  8.3165E-02  2.6171E-02  5.4999E-01 -7.1013E-03
  4.7680E+01  1.5903E+02  5.4397E-04  8.3043E-02  2.6171E-02  5.5003E-01 -6.9633E-03
  4.7697E+01  1.5909E+02  5.3886E-04  8.2924E-02  2.6172E-02  5.5007E-01 -6.8265E-03
  4.7715E+01  1.5915E+02  5.3370E-04  8.2807E-02  2.6172E-02  5.5011E-01 -6.6873E-03
  4.7732E+01  1.5921E+02  5.2859E-04  8.2693E-02  2.6173E-02  5.5015E-01 -6.5493E-03
  4.7749E+01  1.5926E+02  5.2342E-04  8.2581E-02  2.6173E-02  5.5019E-01 -6.4090E-03
  4.7767E+01  1.5932E+02  5.1832E-04  8.2472E-02  2.6174E-02  5.5023E-01 -6.2698E-03
  4.7779E+01  1.5936E+02  5.1464E-04  8.2395E-02  2.6174E-02  5.5026E-01 -6.1694E-03
  4.7784E+01  1.5938E+02  5.1315E-04  8.2364E-02  2.6174E-02  5.5028E-01 -6.1284E-03
  4.7801E+01  1.5944E+02  5.0804E-04  8.2260E-02  2.6175E-02  5.5032E-01 -5.9882E-03
  4.7819E+01  1.5950E+02  5.0287E-04  8.2158E-02  2.6176E-02  5.5036E-01 -5.8457E-03
  4.7836E+01  1.5955E+02  4.9777E-04  8.2059E-02  2.6176E-02  5.5040E-01 -5.7043E-03
  4.7853E+01  1.5961E+02  4.9260E-04  8.1961E-02  2.6177E-02  5.5044E-01 -5.5608E-03
  4.7871E+01  1.5967E+02  4.8749E-04  8.1867E-02  2.6178E-02  5.5048E-01 -5.4184E-03
  4.7888E+01  1.5973E+02  4.8232E-04  8.1774E-02  2.6179E-02  5.5052E-01 -5.2739E-03
  4.7905E+01  1.5978E+02  4.7722E-04  8.1685E-02  2.6179E-02  5.5056E-01 -5.1305E-03
  4.7923E+01  1.5984E+02  4.7205E-04  8.1597E-02  2.6180E-02  5.5060E-01 -4.9850E-03
  4.7940E+01  1.5990E+02  4.6694E-04  8.1513E-02  2.6181E-02  5.5064E-01 -4.8423E-03
  4.7957E+01  1.5996E+02  4.6180E-04  8.1426E-02  2.6316E-02  5.5067E-01 -5.3888E-03
  4.7974E+01  1.6001E+02  4.5652E-04  8.1326E-02  2.6492E-02  5.5071E-01 -6.0494E-03
  4.7992E+01  1.6007E+02  4.5123E-04  8.1217E-02  2.6684E-02  5.5075E-01 -6.7004E-03
  4.8009E+01  1.6013E+02  4.4579E-04  8.1095E-02  2.6895E-02  5.5079E-01 -7.3576E-03
  4.8026E+01  1.6019E+02  4.4034E-04  8.0963E-02  2.7122E-02  5.5083E-01 -8.0050E-03
  4.8044E+01  1.6025E+02  4.3475E-04  8.0819E-02  2.7367E-02  5.5088E-01 -8.6581E-03
  4.8061E+01  1.6030E+02  4.2915E-04  8.0665E-02  2.7626E-02  5.5092E-01 -9.3010E-03
  4.8078E+01  1.6036E+02  4.2341E-04  8.0498E-02  2.7903E-02  5.5096E-01 -9.9494E-03
  4.8096E+01  1.6042E+02  4.1767E-04  8.0322E-02  2.8134E-02  5.5101E-01 -1.0430E-02
  4.8113E+01  1.6048E+02  4.1183E-04  8.0142E-02  2.8134E-02  5.5106E-01 -1.0277E-02
  4.8130E+01  1.6053E+02  4.0607E-04  7.9967E-02  2.8134E-02  5.5110E-01 -1.0124E-02
  4.8148E+01  1.6059E+02  4.0023E-04  7.9793E-02  2.8134E-02  5.5114E-01 -9.9691E-03
  4.8165E+01  1.6065E+02  3.9447E-04  7.9623E-02  2.8134E-02  5.5118E-01 -9.8146E-03
  4.8182E+01  1.6071E+02  3.8863E-04  7.9454E-02  2.8134E-02  5.5122E-01 -9.6573E-03
  4.8199E+01  1.6077E+02  3.8287E-04  7.9290E-02  2.8134E-02  5.5126E-01 -9.5009E-03
  4.8217E+01  1.6082E+02  3.7704E-04  7.9126E-02  2.8134E-02  5.5130E-01 -9.3416E-03
  4.8234E+01  1.6088E+02  3.7127E-04  7.8967E-02  2.8134E-02  5.5134E-01 -9.1833E-03
  4.8251E+01  1.6094E+02  3.6544E-04  7.8809E-02  2.8134E-02  5.5138E-01 -9.0221E-03
  4.8269E+01  1.6100E+02  3.5968E-04  7.8656E-02  2.8134E-02  5.5142E-01 -8.8619E-03
  4.8286E+01  1.6105E+02  3.5384E-04  7.8504E-02  2.8134E-02  5.5145E-01 -8.6988E-03
  4.8303E+01  1.6111E+02  3.4808E-04  7.8356E-02  2.8134E-02  5.5149E-01 -8.5368E-03
  4.8321E+01  1.6117E+02  3.4224E-04  7.8209E-02  2.8134E-02  5.5153E-01 -8.3719E-03
  4.8338E+01  1.6123E+02  3.3648E-04  7.8067E-02  2.8134E-02  5.5157E-01 -8.2080E-03
  4.8355E+01  1.6128E+02  3.3072E-04  7.7928E-02  2.8135E-02  5.5161E-01 -8.0433E-03
  4.8373E+01  1.6134E+02  3.2488E-04  7.7790E-02  2.8135E-02  5.5164E-01 -7.8757E-03
  4.8390E+01  1.6140E+02  3.1912E-04  7.7657E-02  2.8135E-02  5.5168E-01 -7.7092E-03
  4.8407E+01  1.6146E+02  3.1329E-04  7.7524E-02  2.8135E-02  5.5172E-01 -7.5399E-03
  4.8424E+01  1.6152E+02  3.0752E-04  7.7397E-02  2.8136E-02  5.5175E-01 -7.3717E-03
  4.8442E+01  1.6157E+02  3.0169E-04  7.7270E-02  2.8136E-02  5.5179E-01 -7.2007E-03
  4.8459E+01  1.6163E+02  2.9593E-04  7.7149E-02  2.8136E-02  5.5183E-01 -7.0309E-03
  4.8476E+01  1.6169E+02  2.9010E-04  7.7028E-02  2.8137E-02  5.5186E-01 -6.8582E-03
  4.8494E+01  1.6175E+02  2.8433E-04  7.6912E-02  2.8137E-02  5.5190E-01 -6.6869E-03
  4.8511E+01  1.6180E+02  2.7850E-04  7.6798E-02  2.8137E-02  5.5193E-01 -6.5126E-03
  4.8528E+01  1.6186E+02  2.7274E-04  7.6688E-02  2.8138E-02  5.5197E-01 -6.3397E-03
  4.8546E+01  1.6192E+02  2.6691E-04  7.6580E-02  2.8138E-02  5.5200E-01 -6.1640E-03
  4.8563E+01  1.6198E+02  2.6115E-04  7.6476E-02  2.8139E-02  5.5203E-01 -5.9896E-03
  4.8580E+01  1.6204E+02  2.5532E-04  7.6373E-02  2.8139E-02  5.5207E-01 -5.8125E-03
  4.8597E+01  1.6209E+02  2.4955E-04  7.6276E-02  2.8140E-02  5.5210E-01 -5.6367E-03
  4.8615E+01  1.6215E+02  2.4372E-04  7.6179E-02  2.8140E-02  5.5213E-01 -5.4582E-03
  4.8632E+01  1.6221E+02  2.3796E-04  7.6088E-02  2.8141E-02  5.5217E-01 -5.2811E-03
  4.8650E+01  1.6227E+02  2.3213E-04  7.5998E-02  2.8141E-02  5.5220E-01 -5.1012E-03
  4.8667E+01  1.6232E+02  2.2637E-04  7.5912E-02  2.8142E-02  5.5223E-01 -4.9229E-03
  4.8684E+01  1.6238E+02  2.2055E-04  7.5831E-02  2.7967E-02  5.5247E-01 -3.4867E-03
  4.8701E+01  1.6244E+02  2.1499E-04  7.5819E-02  2.7826E-02  5.5250E-01  1.9850E-03
  4.8719E+01  1.6250E+02  2.0964E-04  7.5902E-02  2.8729E-02  5.5253E-01  7.5260E-03
  4.8736E+01  1.6256E+02  2.0461E-04  7.6079E-02  3.0569E-02  5.5255E-01  1.3009E-02
  4.8753E+01  1.6261E+02  1.9977E-04  7.6354E-02  3.3238E-02  5.5258E-01  1.8572E-02
  4.8771E+01  1.6267E+02  1.9523E-04  7.6721E-02  3.6509E-02  5.5260E-01  2.4090E-02
  4.8788E+01  1.6273E+02  1.9093E-04  7.7182E-02  4.0272E-02  5.5262E-01  2.9633E-02
  4.8805E+01  1.6279E+02  1.8682E-04  7.7747E-02  4.4468E-02  5.5264E-01  3.5277E-02
  4.8822E+01  1.6284E+02  1.8299E-04  7.8402E-02  4.8918E-02  5.5265E-01  4.0892E-02
  4.8840E+01  1.6290E+02  1.7929E-04  7.9147E-02  5.0967E-02  5.5241E-01  4.3485E-02
  4.8857E+01  1.6296E+02  1.7566E-04  7.9896E-02  5.0971E-02  5.5242E-01  4.3641E-02
  4.8874E+01  1.6302E+02  1.7199E-04  8.0657E-02  5.0976E-02  5.5243E-01  4.3795E-02
  4.8892E+01  1.6307E+02  1.6835E-04  8.1411E-02  5.0981E-02  5.5244E-01  4.3944E-02
  4.8909E+01  1.6313E+02  1.6468E-04  8.2176E-02  5.0986E-02  5.5246E-01  4.4090E-02
  4.8926E+01  1.6319E+02  1.6105E-04  8.2935E-02  5.0991E-02  5.5247E-01  4.4230E-02
  4.8944E+01  1.6325E+02  1.5737E-04  8.3706E-02  5.0996E-02  5.5248E-01  4.4369E-02
  4.8961E+01  1.6331E+02  1.5374E-04  8.4470E-02  5.1001E-02  5.5249E-01  4.4502E-02
  4.8978E+01  1.6336E+02  1.5006E-04  8.5245E-02  5.1006E-02  5.5250E-01  4.4634E-02
  4.8996E+01  1.6342E+02  1.4643E-04  8.6014E-02  5.1011E-02  5.5251E-01  4.4761E-02
  4.9013E+01  1.6348E+02  1.4275E-04  8.6793E-02  5.1016E-02  5.5252E-01  4.4886E-02
  4.9030E+01  1.6354E+02  1.3912E-04  8.7566E-02  5.1021E-02  5.5254E-01  4.5006E-02
  4.9048E+01  1.6359E+02  1.3545E-04  8.8350E-02  5.1026E-02  5.5255E-01  4.5125E-02
  4.9065E+01  1.6365E+02  1.3182E-04  8.9127E-02  5.1032E-02  5.5256E-01  4.5240E-02
  4.9082E+01  1.6371E+02  1.2814E-04  8.9915E-02  5.1037E-02  5.5257E-01  4.5353E-02
  4.9099E+01  1.6377E+02  1.2451E-04  9.0695E-02  5.1042E-02  5.5259E-01  4.5462E-02
  4.9117E+01  1.6383E+02  1.2083E-04  9.1487E-02  5.1048E-02  5.5260E-01  4.5569E-02
  4.9134E+01  1.6388E+02  1.1720E-04  9.2272E-02  5.1053E-02  5.5261E-01  4.5673E-02
  4.9151E+01  1.6394E+02  1.1353E-04  9.3067E-02  5.1058E-02  5.5263E-01  4.5776E-02
  4.9169E+01  1.6400E+02  1.0989E-04  9.3855E-02  5.1064E-02  5.5264E-01  4.5875E-02
  4.9179E+01  1.6403E+02  1.0768E-04  9.4336E-02  5.1067E-02  5.5265E-01  4.5934E-02
  4.9186E+01  1.6406E+02  1.0622E-04  9.4654E-02  5.1069E-02  5.5265E-01  4.5973E-02
  4.9203E+01  1.6411E+02  1.0259E-04  9.5445E-02  5.1075E-02  5.5266E-01  4.6068E-02
  4.9221E+01  1.6417E+02  9.8955E-05  9.6238E-02  5.1080E-02  5.5268E-01  4.6160E-02
  4.9238E+01  1.6423E+02  9.5279E-05  9.7042E-02  5.1086E-02  5.5269E-01  4.6252E-02
  4.9255E+01  1.6429E+02  9.1648E-05  9.7838E-02  5.1092E-02  5.5271E-01  4.6340E-02
  4.9273E+01  1.6434E+02  8.7972E-05  9.8645E-02  5.1097E-02  5.5272E-01  4.6427E-02
  4.9290E+01  1.6440E+02  8.4340E-05  9.9443E-02  5.1103E-02  5.5273E-01  4.6512E-02
  4.9307E+01  1.6446E+02  8.0665E-05  1.0025E-01  5.1109E-02  5.5275E-01  4.6595E-02
  4.9324E+01  1.6452E+02  7.7033E-05  1.0106E-01  5.1115E-02  5.5276E-01  4.6676E-02
  4.9360E+01  1.6464E+02  6.9523E-05  1.0272E-01  5.1127E-02  5.5279E-01  4.6838E-02
