  1.6200E+01  5.4081E+01 -2.5520E-03  4.2003E-01  1.9597E-02  4.2339E-01 -1.9067E-02
  1.6207E+01  5.4102E+01 -2.5512E-03  4.1991E-01  1.9596E-02  4.2340E-01 -1.9065E-02
  1.6215E+01  5.4128E+01 -2.5503E-03  4.1976E-01  1.9594E-02  4.2341E-01 -1.9063E-02
  1.6223E+01  5.4154E+01 -2.5493E-03  4.1961E-01  1.9592E-02  4.2342E-01 -1.9061E-02
  1.6230E+01  5.4180E+01 -2.5484E-03  4.1946E-01  1.9591E-02  4.2344E-01 -1.9058E-02
  1.6238E+01  5.4206E+01 -2.5474E-03  4.1931E-01  1.9589E-02  4.2345E-01 -1.9056E-02
  1.6246E+01  5.4232E+01 -2.5465E-03  4.1917E-01  1.9587E-02  4.2346E-01 -1.9054E-02
  1.6254E+01  5.4258E+01 -2.5455E-03  4.1902E-01  1.9586E-02  4.2348E-01 -1.9052E-02
  1.6261E+01  5.4283E+01 -2.5446E-03  4.1888E-01  1.9584E-02  4.2349E-01 -1.9050E-02
  1.6269E+01  5.4309E+01 -2.5436E-03  4.1873E-01  1.9583E-02  4.2350E-01 -1.9048E-02
  1.6277E+01  5.4335E+01 -2.5427E-03  4.1858E-01  1.9581E-02  4.2351E-01 -1.9046E-02
  1.6284E+01  5.4361E+01 -2.5417E-03  4.1843E-01  1.9579E-02  4.2353E-01 -1.9044E-02
  1.6292E+01  5.4386E+01 -2.5408E-03  4.1828E-01  1.9578E-02  4.2354E-01 -1.9042E-02
  1.6300E+01  5.4412E+01 -2.5398E-03  4.1814E-01  1.9576E-02  4.2355E-01 -1.9039E-02
  1.6308E+01  5.4438E+01 -2.5389E-03  4.1799E-01  1.9574E-02  4.2357E-01 -1.9037E-02
  1.6316E+01  5.4464E+01 -2.5379E-03  4.1784E-01  1.9573E-02  4.2358E-01 -1.9035E-02
  1.6323E+01  5.4489E+01 -2.5370E-03  4.1770E-01  1.9571E-02  4.2359E-01 -1.9033E-02
  1.6331E+01  5.4515E+01 -2.5361E-03  4.1755E-01  1.9569E-02  4.2361E-01 -1.9031E-02
  1.6339E+01  5.4541E+01 -2.5351E-03  4.1740E-01  1.9568E-02  4.2362E-01 -1.9029E-02
  1.6346E+01  5.4567E+01 -2.5342E-03  4.1725E-01  1.9566E-02  4.2363E-01 -1.9027E-02
  1.6354E+01  5.4593E+01 -2.5332E-03  4.1711E-01  1.9564E-02  4.2365E-01 -1.9025E-02
  1.6362E+01  5.4619E+01 -2.5323E-03  4.1696E-01  1.9563E-02  4.2366E-01 -1.9023E-02
  1.6370E+01  5.4645E+01 -2.5313E-03  4.1681E-01  1.9561E-02  4.2367E-01 -1.9021E-02
  1.6377E+01  5.4671E+01 -2.5304E-03  4.1666E-01  1.9560E-02  4.2369E-01 -1.9018E-02
  1.6385E+01  5.4696E+01 -2.5294E-03  4.1652E-01  1.9558E-02  4.2370E-01 -1.9016E-02
  1.6393E+01  5.4722E+01 -2.5285E-03  4.1637E-01  1.9556E-02  4.2371E-01 -1.9014E-02
  1.6400E+01  5.4748E+01 -2.5275E-03  4.1623E-01  1.9555E-02  4.2373E-01 -1.9012E-02
  1.6408E+01  5.4774E+01 -2.5266E-03  4.1608E-01  1.9553E-02  4.2374E-01 -1.9010E-02
  1.6416E+01  5.4799E+01 -2.5256E-03  4.1593E-01  1.9540E-02  4.2360E-01 -1.8997E-02
  1.6424E+01  5.4825E+01 -2.5247E-03  4.1579E-01  1.8303E-02  4.2240E-01 -1.7725E-02
  1.6432E+01  5.4851E+01 -2.5239E-03  4.1566E-01  1.6594E-02  4.2241E-01 -1.5954E-02
  1.6439E+01  5.4877E+01 -2.5231E-03  4.1554E-01  1.4900E-02  4.2243E-01 -1.4183E-02
  1.6447E+01  5.4902E+01 -2.5225E-03  4.1544E-01  1.3272E-02  4.2244E-01 -1.2460E-02
  1.6455E+01  5.4928E+01 -2.5219E-03  4.1535E-01  1.1626E-02  4.2245E-01 -1.0691E-02
  1.6462E+01  5.4954E+01 -2.5214E-03  4.1527E-01  1.0024E-02  4.2247E-01 -8.9211E-03
  1.6470E+01  5.4980E+01 -2.5210E-03  4.1521E-01  8.4883E-03  4.2248E-01 -7.1519E-03
  1.6478E+01  5.5006E+01 -2.5206E-03  4.1516E-01  7.0629E-03  4.2250E-01 -5.3829E-03
  1.6486E+01  5.5032E+01 -2.5204E-03  4.1513E-01  5.8289E-03  4.2251E-01 -3.6141E-03
  1.6493E+01  5.5058E+01 -2.5202E-03  4.1511E-01  4.9319E-03  4.2253E-01 -1.8454E-03
  1.6501E+01  5.5084E+01 -2.5201E-03  4.1510E-01  4.5745E-03  4.2254E-01 -7.6830E-05
  1.6509E+01  5.5110E+01 -2.5201E-03  4.1511E-01  4.8767E-03  4.2256E-01  1.6918E-03
  1.6517E+01  5.5135E+01 -2.5202E-03  4.1512E-01  5.7067E-03  4.2257E-01  3.4126E-03
  1.6524E+01  5.5161E+01 -2.5204E-03  4.1516E-01  6.9112E-03  4.2258E-01  5.1814E-03
  1.6532E+01  5.5187E+01 -2.5206E-03  4.1520E-01  8.3200E-03  4.2260E-01  6.9504E-03
  1.6540E+01  5.5212E+01 -2.5209E-03  4.1527E-01  9.8458E-03  4.2261E-01  8.7195E-03
  1.6548E+01  5.5238E+01 -2.5213E-03  4.1534E-01  1.1442E-02  4.2263E-01  1.0489E-02
  1.6555E+01  5.5264E+01 -2.5218E-03  4.1543E-01  1.3083E-02  4.2264E-01  1.2259E-02
  1.6563E+01  5.5290E+01 -2.5224E-03  4.1553E-01  1.4755E-02  4.2266E-01  1.4029E-02
  1.6571E+01  5.5316E+01 -2.5231E-03  4.1564E-01  1.5851E-02  4.2398E-01  1.5173E-02
  1.6578E+01  5.5341E+01 -2.5237E-03  4.1576E-01  1.5857E-02  4.2402E-01  1.5181E-02
  1.6586E+01  5.5367E+01 -2.5244E-03  4.1588E-01  1.5859E-02  4.2403E-01  1.5183E-02
  1.6594E+01  5.5393E+01 -2.5251E-03  4.1599E-01  1.5860E-02  4.2404E-01  1.5185E-02
  1.6602E+01  5.5419E+01 -2.5257E-03  4.1611E-01  1.5862E-02  4.2406E-01  1.5187E-02
  1.6610E+01  5.5445E+01 -2.5264E-03  4.1623E-01  1.5864E-02  4.2407E-01  1.5189E-02
  1.6617E+01  5.5471E+01 -2.5271E-03  4.1635E-01  1.5866E-02  4.2408E-01  1.5191E-02
  1.6625E+01  5.5497E+01 -2.5277E-03  4.1647E-01  1.5867E-02  4.2410E-01  1.5193E-02
  1.6633E+01  5.5523E+01 -2.5284E-03  4.1658E-01  1.5869E-02  4.2411E-01  1.5195E-02
  1.6640E+01  5.5548E+01 -2.5290E-03  4.1670E-01  1.5871E-02  4.2412E-01  1.5197E-02
  1.6648E+01  5.5574E+01 -2.5297E-03  4.1682E-01  1.5872E-02  4.2414E-01  1.5199E-02
  1.6656E+01  5.5600E+01 -2.5304E-03  4.1693E-01  1.5874E-02  4.2415E-01  1.5202E-02
  1.6664E+01  5.5625E+01 -2.5310E-03  4.1705E-01  1.5876E-02  4.2416E-01  1.5204E-02
  1.6671E+01  5.5651E+01 -2.5317E-03  4.1717E-01  1.5877E-02  4.2418E-01  1.5206E-02
  1.6679E+01  5.5677E+01 -2.5324E-03  4.1729E-01  1.5879E-02  4.2419E-01  1.5208E-02
  1.6687E+01  5.5703E+01 -2.5330E-03  4.1741E-01  1.5881E-02  4.2420E-01  1.5210E-02
  1.6695E+01  5.5729E+01 -2.5337E-03  4.1752E-01  1.5882E-02  4.2422E-01  1.5212E-02
  1.6702E+01  5.5754E+01 -2.5344E-03  4.1764E-01  1.5884E-02  4.2423E-01  1.5214E-02
  1.6710E+01  5.5780E+01 -2.5350E-03  4.1776E-01  1.5886E-02  4.2424E-01  1.5216E-02
  1.6718E+01  5.5806E+01 -2.5357E-03  4.1787E-01  1.5887E-02  4.2426E-01  1.5218E-02
  1.6726E+01  5.5832E+01 -2.5364E-03  4.1799E-01  1.5889E-02  4.2427E-01  1.5220E-02
  1.6733E+01  5.5858E+01 -2.5370E-03  4.1811E-01  1.5891E-02  4.2429E-01  1.5222E-02
  1.6741E+01  5.5884E+01 -2.5377E-03  4.1823E-01  1.5892E-02  4.2430E-01  1.5225E-02
  1.6749E+01  5.5910E+01 -2.5384E-03  4.1835E-01  1.5894E-02  4.2431E-01  1.5227E-02
  1.6757E+01  5.5936E+01 -2.5390E-03  4.1846E-01  1.5896E-02  4.2433E-01  1.5229E-02
  1.6764E+01  5.5961E+01 -2.5397E-03  4.1858E-01  1.5897E-02  4.2434E-01  1.5231E-02
  1.6772E+01  5.5987E+01 -2.5403E-03  4.1870E-01  1.5899E-02  4.2435E-01  1.5233E-02
  1.6780E+01  5.6013E+01 -2.5410E-03  4.1882E-01  1.5901E-02  4.2437E-01  1.5235E-02
  1.6787E+01  5.6038E+01 -2.5417E-03  4.1893E-01  1.5902E-02  4.2438E-01  1.5237E-02
  1.6795E+01  5.6064E+01 -2.5424E-03  4.1905E-01  1.5904E-02  4.2440E-01  1.5239E-02
  1.6803E+01  5.6090E+01 -2.5430E-03  4.1917E-01  1.5906E-02  4.2441E-01  1.5241E-02
  1.6811E+01  5.6116E+01 -2.5437E-03  4.1929E-01  1.5907E-02  4.2442E-01  1.5243E-02
  1.6819E+01  5.6142E+01 -2.5444E-03  4.1941E-01  1.5909E-02  4.2444E-01  1.5245E-02
  1.6826E+01  5.6168E+01 -2.5450E-03  4.1953E-01  1.5911E-02  4.2445E-01  1.5247E-02
  1.6834E+01  5.6193E+01 -2.5457E-03  4.1964E-01  1.5912E-02  4.2447E-01  1.5250E-02
  1.6842E+01  5.6219E+01 -2.5463E-03  4.1976E-01  1.5914E-02  4.2448E-01  1.5252E-02
  1.6849E+01  5.6245E+01 -2.5470E-03  4.1988E-01  1.5916E-02  4.2449E-01  1.5254E-02
  1.6857E+01  5.6271E+01 -2.5477E-03  4.1999E-01  1.5917E-02  4.2451E-01  1.5256E-02
  1.6865E+01  5.6297E+01 -2.5483E-03  4.2011E-01  1.5919E-02  4.2452E-01  1.5258E-02
  1.6873E+01  5.6323E+01 -2.5490E-03  4.2023E-01  1.5921E-02  4.2454E-01  1.5260E-02
  1.6880E+01  5.6349E+01 -2.5497E-03  4.2035E-01  1.5922E-02  4.2455E-01  1.5262E-02
  1.6888E+01  5.6374E+01 -2.5503E-03  4.2047E-01  1.5924E-02  4.2457E-01  1.5264E-02
  1.6896E+01  5.6400E+01 -2.5510E-03  4.2058E-01  1.5926E-02  4.2458E-01  1.5266E-02
  1.6904E+01  5.6426E+01 -2.5517E-03  4.2070E-01  1.5927E-02  4.2459E-01  1.5268E-02
  1.6911E+01  5.6451E+01 -2.5523E-03  4.2082E-01  1.5929E-02  4.2461E-01  1.5270E-02
  1.6919E+01  5.6477E+01 -2.5530E-03  4.2094E-01  1.5931E-02  4.2462E-01  1.5272E-02
  1.6927E+01  5.6503E+01 -2.5537E-03  4.2106E-01  1.5994E-02  4.2428E-01  1.5340E-02
  1.6935E+01  5.6529E+01 -2.5543E-03  4.2118E-01  1.6498E-02  4.2423E-01  1.5865E-02
  1.6942E+01  5.6555E+01 -2.5551E-03  4.2130E-01  1.7024E-02  4.2425E-01  1.6412E-02
  1.6950E+01  5.6581E+01 -2.5558E-03  4.2143E-01  1.7552E-02  4.2426E-01  1.6959E-02
  1.6958E+01  5.6606E+01 -2.5565E-03  4.2156E-01  1.8066E-02  4.2427E-01  1.7491E-02
  1.6965E+01  5.6632E+01 -2.5573E-03  4.2170E-01  1.8596E-02  4.2429E-01  1.8038E-02
  1.6973E+01  5.6658E+01 -2.5581E-03  4.2184E-01  1.9127E-02  4.2430E-01  1.8585E-02
  1.6981E+01  5.6684E+01 -2.5590E-03  4.2199E-01  1.9659E-02  4.2432E-01  1.9133E-02
  1.6989E+01  5.6710E+01 -2.5598E-03  4.2214E-01  2.0192E-02  4.2433E-01  1.9680E-02
  1.6996E+01  5.6736E+01 -2.5607E-03  4.2229E-01  2.0726E-02  4.2435E-01  2.0228E-02
  1.7004E+01  5.6762E+01 -2.5617E-03  4.2245E-01  2.1261E-02  4.2437E-01  2.0776E-02
  1.7012E+01  5.6787E+01 -2.5626E-03  4.2262E-01  2.1796E-02  4.2438E-01  2.1324E-02
  1.7020E+01  5.6813E+01 -2.5636E-03  4.2278E-01  2.2333E-02  4.2440E-01  2.1873E-02
  1.7027E+01  5.6839E+01 -2.5645E-03  4.2295E-01  2.2856E-02  4.2441E-01  2.2406E-02
  1.7035E+01  5.6864E+01 -2.5656E-03  4.2313E-01  2.3394E-02  4.2443E-01  2.2955E-02
  1.7043E+01  5.6890E+01 -2.5666E-03  4.2331E-01  2.3932E-02  4.2444E-01  2.3504E-02
  1.7051E+01  5.6916E+01 -2.5677E-03  4.2349E-01  2.4472E-02  4.2446E-01  2.4054E-02
  1.7058E+01  5.6942E+01 -2.5688E-03  4.2368E-01  2.5012E-02  4.2447E-01  2.4603E-02
  1.7066E+01  5.6968E+01 -2.5699E-03  4.2387E-01  2.5552E-02  4.2449E-01  2.5153E-02
  1.7074E+01  5.6994E+01 -2.5710E-03  4.2407E-01  2.6091E-02  4.2454E-01  2.5700E-02
  1.7082E+01  5.7020E+01 -2.5722E-03  4.2427E-01  2.6253E-02  4.2493E-01  2.5865E-02
  1.7089E+01  5.7045E+01 -2.5733E-03  4.2447E-01  2.6255E-02  4.2495E-01  2.5867E-02
  1.7097E+01  5.7071E+01 -2.5745E-03  4.2467E-01  2.6257E-02  4.2496E-01  2.5869E-02
  1.7105E+01  5.7097E+01 -2.5757E-03  4.2487E-01  2.6258E-02  4.2498E-01  2.5871E-02
  1.7113E+01  5.7123E+01 -2.5768E-03  4.2507E-01  2.6260E-02  4.2500E-01  2.5873E-02
  1.7120E+01  5.7149E+01 -2.5780E-03  4.2527E-01  2.6262E-02  4.2501E-01  2.5875E-02
  1.7128E+01  5.7175E+01 -2.5792E-03  4.2547E-01  2.6263E-02  4.2503E-01  2.5877E-02
  1.7136E+01  5.7200E+01 -2.5803E-03  4.2567E-01  2.6265E-02  4.2504E-01  2.5879E-02
  1.7144E+01  5.7226E+01 -2.5815E-03  4.2587E-01  2.6267E-02  4.2506E-01  2.5881E-02
  1.7151E+01  5.7252E+01 -2.5826E-03  4.2607E-01  2.6268E-02  4.2507E-01  2.5883E-02
  1.7159E+01  5.7277E+01 -2.5838E-03  4.2627E-01  2.6270E-02  4.2509E-01  2.5885E-02
  1.7167E+01  5.7303E+01 -2.5850E-03  4.2647E-01  2.6272E-02  4.2510E-01  2.5887E-02
  1.7174E+01  5.7329E+01 -2.5861E-03  4.2667E-01  2.6273E-02  4.2512E-01  2.5889E-02
  1.7182E+01  5.7355E+01 -2.5873E-03  4.2687E-01  2.6275E-02  4.2513E-01  2.5891E-02
  1.7190E+01  5.7381E+01 -2.5885E-03  4.2707E-01  2.6277E-02  4.2515E-01  2.5893E-02
  1.7198E+01  5.7407E+01 -2.5896E-03  4.2727E-01  2.6279E-02  4.2516E-01  2.5895E-02
  1.7205E+01  5.7433E+01 -2.5908E-03  4.2747E-01  2.6280E-02  4.2518E-01  2.5897E-02
  1.7213E+01  5.7458E+01 -2.5919E-03  4.2767E-01  2.6282E-02  4.2520E-01  2.5899E-02
  1.7221E+01  5.7484E+01 -2.5931E-03  4.2787E-01  2.6284E-02  4.2521E-01  2.5902E-02
  1.7229E+01  5.7510E+01 -2.5943E-03  4.2807E-01  2.6285E-02  4.2523E-01  2.5904E-02
  1.7236E+01  5.7536E+01 -2.5954E-03  4.2827E-01  2.6287E-02  4.2524E-01  2.5906E-02
  1.7244E+01  5.7562E+01 -2.5966E-03  4.2847E-01  2.6289E-02  4.2526E-01  2.5908E-02
  1.7252E+01  5.7588E+01 -2.5978E-03  4.2867E-01  2.6290E-02  4.2527E-01  2.5910E-02
  1.7260E+01  5.7613E+01 -2.5989E-03  4.2887E-01  2.6292E-02  4.2529E-01  2.5912E-02
  1.7267E+01  5.7639E+01 -2.6001E-03  4.2907E-01  2.6294E-02  4.2531E-01  2.5914E-02
  1.7275E+01  5.7665E+01 -2.6012E-03  4.2927E-01  2.6295E-02  4.2532E-01  2.5916E-02
  1.7283E+01  5.7690E+01 -2.6024E-03  4.2947E-01  2.6297E-02  4.2534E-01  2.5918E-02
  1.7289E+01  5.7713E+01 -2.6034E-03  4.2964E-01  2.6299E-02  4.2535E-01  2.5920E-02
  1.7290E+01  5.7716E+01 -2.6036E-03  4.2967E-01  2.6299E-02  4.2535E-01  2.5920E-02
  1.7298E+01  5.7742E+01 -2.6047E-03  4.2987E-01  2.6301E-02  4.2537E-01  2.5922E-02
  1.7306E+01  5.7768E+01 -2.6059E-03  4.3007E-01  2.6302E-02  4.2538E-01  2.5924E-02
  1.7314E+01  5.7794E+01 -2.6071E-03  4.3027E-01  2.6304E-02  4.2540E-01  2.5926E-02
  1.7322E+01  5.7820E+01 -2.6082E-03  4.3047E-01  2.6306E-02  4.2542E-01  2.5928E-02
  1.7329E+01  5.7846E+01 -2.6094E-03  4.3068E-01  2.6307E-02  4.2543E-01  2.5930E-02
  1.7337E+01  5.7872E+01 -2.6106E-03  4.3088E-01  2.6309E-02  4.2545E-01  2.5932E-02
  1.7345E+01  5.7897E+01 -2.6117E-03  4.3107E-01  2.6311E-02  4.2546E-01  2.5934E-02
  1.7352E+01  5.7923E+01 -2.6129E-03  4.3127E-01  2.6312E-02  4.2548E-01  2.5936E-02
  1.7360E+01  5.7949E+01 -2.6140E-03  4.3147E-01  2.6314E-02  4.2550E-01  2.5938E-02
  1.7368E+01  5.7975E+01 -2.6152E-03  4.3168E-01  2.6316E-02  4.2551E-01  2.5940E-02
  1.7376E+01  5.8001E+01 -2.6164E-03  4.3188E-01  2.6317E-02  4.2553E-01  2.5942E-02
  1.7383E+01  5.8026E+01 -2.6175E-03  4.3208E-01  2.6319E-02  4.2555E-01  2.5944E-02
  1.7391E+01  5.8052E+01 -2.6187E-03  4.3228E-01  2.6321E-02  4.2556E-01  2.5946E-02
  1.7399E+01  5.8078E+01 -2.6199E-03  4.3248E-01  2.6323E-02  4.2558E-01  2.5948E-02
  1.7407E+01  5.8103E+01 -2.6210E-03  4.3268E-01  2.6324E-02  4.2559E-01  2.5950E-02
  1.7414E+01  5.8129E+01 -2.6222E-03  4.3288E-01  2.6219E-02  4.2639E-01  2.5843E-02
  1.7422E+01  5.8155E+01 -2.6233E-03  4.3307E-01  2.4959E-02  4.2675E-01  2.4564E-02
  1.7430E+01  5.8181E+01 -2.6244E-03  4.3326E-01  2.3614E-02  4.2676E-01  2.3196E-02
  1.7438E+01  5.8207E+01 -2.6254E-03  4.3343E-01  2.2271E-02  4.2678E-01  2.1827E-02
  1.7445E+01  5.8233E+01 -2.6263E-03  4.3360E-01  2.0931E-02  4.2679E-01  2.0459E-02
  1.7453E+01  5.8259E+01 -2.6272E-03  4.3375E-01  1.9595E-02  4.2681E-01  1.9089E-02
  1.7461E+01  5.8285E+01 -2.6280E-03  4.3389E-01  1.8262E-02  4.2683E-01  1.7719E-02
  1.7468E+01  5.8310E+01 -2.6287E-03  4.3402E-01  1.6971E-02  4.2684E-01  1.6386E-02
  1.7476E+01  5.8336E+01 -2.6294E-03  4.3414E-01  1.5652E-02  4.2686E-01  1.5015E-02
  1.7484E+01  5.8362E+01 -2.6300E-03  4.3425E-01  1.4341E-02  4.2687E-01  1.3644E-02
  1.7492E+01  5.8388E+01 -2.6305E-03  4.3436E-01  1.3043E-02  4.2689E-01  1.2273E-02
  1.7499E+01  5.8414E+01 -2.6310E-03  4.3444E-01  1.1761E-02  4.2690E-01  1.0901E-02
  1.7507E+01  5.8439E+01 -2.6314E-03  4.3452E-01  1.0502E-02  4.2692E-01  9.5294E-03
  1.7515E+01  5.8465E+01 -2.6317E-03  4.3459E-01  9.2749E-03  4.2693E-01  8.1572E-03
  1.7523E+01  5.8491E+01 -2.6320E-03  4.3465E-01  8.0940E-03  4.2695E-01  6.7848E-03
  1.7530E+01  5.8516E+01 -2.6322E-03  4.3470E-01  7.0123E-03  4.2696E-01  5.4493E-03
  1.7538E+01  5.8542E+01 -2.6324E-03  4.3473E-01  6.0079E-03  4.2698E-01  4.0767E-03
  1.7546E+01  5.8568E+01 -2.6325E-03  4.3476E-01  5.1754E-03  4.2699E-01  2.7039E-03
  1.7554E+01  5.8594E+01 -2.6325E-03  4.3478E-01  4.6093E-03  4.2701E-01  1.3310E-03
  1.7561E+01  5.8620E+01 -2.6325E-03  4.3478E-01  4.4126E-03  4.2696E-01 -3.8087E-05
  1.7569E+01  5.8646E+01 -2.6324E-03  4.3478E-01  4.4337E-03  4.2593E-01 -5.3029E-04
  1.7577E+01  5.8672E+01 -2.6323E-03  4.3477E-01  4.4336E-03  4.2595E-01 -5.2828E-04
  1.7585E+01  5.8698E+01 -2.6322E-03  4.3477E-01  4.4336E-03  4.2597E-01 -5.2624E-04
  1.7592E+01  5.8724E+01 -2.6321E-03  4.3476E-01  4.4336E-03  4.2598E-01 -5.2421E-04
  1.7600E+01  5.8749E+01 -2.6321E-03  4.3476E-01  4.4336E-03  4.2600E-01 -5.2224E-04
  1.7608E+01  5.8775E+01 -2.6320E-03  4.3476E-01  4.4335E-03  4.2601E-01 -5.2021E-04
  1.7616E+01  5.8801E+01 -2.6319E-03  4.3475E-01  4.4335E-03  4.2603E-01 -5.1818E-04
  1.7623E+01  5.8827E+01 -2.6318E-03  4.3475E-01  4.4335E-03  4.2605E-01 -5.1615E-04
  1.7631E+01  5.8852E+01 -2.6317E-03  4.3474E-01  4.4334E-03  4.2606E-01 -5.1412E-04
  1.7639E+01  5.8878E+01 -2.6316E-03  4.3474E-01  4.4334E-03  4.2608E-01 -5.1209E-04
  1.7647E+01  5.8904E+01 -2.6315E-03  4.3474E-01  4.4334E-03  4.2610E-01 -5.1006E-04
  1.7654E+01  5.8930E+01 -2.6315E-03  4.3473E-01  4.4334E-03  4.2611E-01 -5.0804E-04
  1.7662E+01  5.8955E+01 -2.6314E-03  4.3473E-01  4.4334E-03  4.2613E-01 -5.0606E-04
  1.7670E+01  5.8981E+01 -2.6313E-03  4.3473E-01  4.4333E-03  4.2615E-01 -5.0404E-04
  1.7677E+01  5.9007E+01 -2.6312E-03  4.3472E-01  4.4333E-03  4.2616E-01 -5.0201E-04
  1.7685E+01  5.9033E+01 -2.6311E-03  4.3472E-01  4.4333E-03  4.2618E-01 -4.9998E-04
  1.7693E+01  5.9059E+01 -2.6310E-03  4.3471E-01  4.4333E-03  4.2620E-01 -4.9795E-04
  1.7701E+01  5.9085E+01 -2.6309E-03  4.3471E-01  4.4333E-03  4.2621E-01 -4.9593E-04
  1.7709E+01  5.9111E+01 -2.6309E-03  4.3471E-01  4.4333E-03  4.2623E-01 -4.9390E-04
  1.7716E+01  5.9137E+01 -2.6308E-03  4.3470E-01  4.4332E-03  4.2625E-01 -4.9187E-04
  1.7724E+01  5.9162E+01 -2.6307E-03  4.3470E-01  4.4332E-03  4.2626E-01 -4.8990E-04
  1.7732E+01  5.9188E+01 -2.6306E-03  4.3469E-01  4.4332E-03  4.2628E-01 -4.8788E-04
  1.7739E+01  5.9214E+01 -2.6305E-03  4.3469E-01  4.4332E-03  4.2630E-01 -4.8585E-04
  1.7747E+01  5.9240E+01 -2.6304E-03  4.3469E-01  4.4332E-03  4.2631E-01 -4.8383E-04
  1.7755E+01  5.9265E+01 -2.6303E-03  4.3468E-01  4.4332E-03  4.2633E-01 -4.8180E-04
  1.7763E+01  5.9291E+01 -2.6303E-03  4.3468E-01  4.4332E-03  4.2635E-01 -4.7978E-04
  1.7770E+01  5.9317E+01 -2.6302E-03  4.3468E-01  4.4332E-03  4.2636E-01 -4.7775E-04
  1.7778E+01  5.9343E+01 -2.6301E-03  4.3467E-01  4.4332E-03  4.2638E-01 -4.7573E-04
  1.7786E+01  5.9368E+01 -2.6300E-03  4.3467E-01  4.4332E-03  4.2640E-01 -4.7376E-04
  1.7794E+01  5.9394E+01 -2.6299E-03  4.3466E-01  4.4332E-03  4.2642E-01 -4.7173E-04
  1.7801E+01  5.9420E+01 -2.6298E-03  4.3466E-01  4.4331E-03  4.2643E-01 -4.6971E-04
  1.7809E+01  5.9446E+01 -2.6297E-03  4.3466E-01  4.4331E-03  4.2645E-01 -4.6769E-04
  1.7817E+01  5.9472E+01 -2.6297E-03  4.3465E-01  4.4331E-03  4.2647E-01 -4.6566E-04
  1.7825E+01  5.9498E+01 -2.6296E-03  4.3465E-01  4.4331E-03  4.2648E-01 -4.6364E-04
  1.7832E+01  5.9524E+01 -2.6295E-03  4.3465E-01  4.4331E-03  4.2650E-01 -4.6162E-04
  1.7840E+01  5.9550E+01 -2.6294E-03  4.3464E-01  4.4331E-03  4.2652E-01 -4.5959E-04
  1.7848E+01  5.9576E+01 -2.6293E-03  4.3464E-01  4.4331E-03  4.2653E-01 -4.5757E-04
  1.7855E+01  5.9601E+01 -2.6292E-03  4.3464E-01  4.4332E-03  4.2655E-01 -4.5560E-04
  1.7863E+01  5.9627E+01 -2.6291E-03  4.3463E-01  4.4332E-03  4.2657E-01 -4.5358E-04
  1.7871E+01  5.9653E+01 -2.6291E-03  4.3463E-01  4.4332E-03  4.2659E-01 -4.5156E-04
  1.7879E+01  5.9678E+01 -2.6290E-03  4.3463E-01  4.4332E-03  4.2660E-01 -4.4954E-04
  1.7886E+01  5.9704E+01 -2.6289E-03  4.3462E-01  4.4332E-03  4.2662E-01 -4.4752E-04
  1.7894E+01  5.9730E+01 -2.6288E-03  4.3462E-01  4.4332E-03  4.2664E-01 -4.4550E-04
  1.7902E+01  5.9756E+01 -2.6287E-03  4.3461E-01  4.4415E-03  4.2700E-01 -4.8885E-04
  1.7910E+01  5.9782E+01 -2.6286E-03  4.3461E-01  4.5681E-03  4.2721E-01 -1.1661E-03
  1.7917E+01  5.9807E+01 -2.6285E-03  4.3460E-01  4.8028E-03  4.2723E-01 -1.8859E-03
  1.7925E+01  5.9833E+01 -2.6283E-03  4.3458E-01  5.1388E-03  4.2724E-01 -2.6256E-03
  1.7933E+01  5.9859E+01 -2.6281E-03  4.3456E-01  5.5536E-03  4.2726E-01 -3.3653E-03
  1.7941E+01  5.9885E+01 -2.6278E-03  4.3453E-01  6.0310E-03  4.2728E-01 -4.1050E-03
  1.7948E+01  5.9911E+01 -2.6276E-03  4.3449E-01  6.5572E-03  4.2730E-01 -4.8446E-03
  1.7956E+01  5.9937E+01 -2.6272E-03  4.3445E-01  7.1214E-03  4.2731E-01 -5.5842E-03
  1.7964E+01  5.9963E+01 -2.6269E-03  4.3441E-01  7.7153E-03  4.2733E-01 -6.3236E-03
  1.7972E+01  5.9989E+01 -2.6265E-03  4.3435E-01  8.3324E-03  4.2735E-01 -7.0630E-03
  1.7979E+01  6.0014E+01 -2.6261E-03  4.3430E-01  8.9507E-03  4.2736E-01 -7.7823E-03
  1.7987E+01  6.0040E+01 -2.6256E-03  4.3423E-01  9.6007E-03  4.2738E-01 -8.5215E-03
  1.7995E+01  6.0066E+01 -2.6252E-03  4.3417E-01  1.0263E-02  4.2740E-01 -9.2606E-03
  1.8003E+01  6.0091E+01 -2.6246E-03  4.3409E-01  1.0935E-02  4.2741E-01 -9.9996E-03
  1.8010E+01  6.0117E+01 -2.6241E-03  4.3401E-01  1.1614E-02  4.2743E-01 -1.0738E-02
  1.8018E+01  6.0143E+01 -2.6235E-03  4.3392E-01  1.2301E-02  4.2745E-01 -1.1477E-02
  1.8026E+01  6.0169E+01 -2.6228E-03  4.3383E-01  1.2993E-02  4.2746E-01 -1.2216E-02
  1.8034E+01  6.0195E+01 -2.6222E-03  4.3373E-01  1.3690E-02  4.2748E-01 -1.2954E-02
  1.8041E+01  6.0220E+01 -2.6215E-03  4.3363E-01  1.4372E-02  4.2750E-01 -1.3672E-02
  1.8049E+01  6.0246E+01 -2.6208E-03  4.3353E-01  1.5075E-02  4.2750E-01 -1.4409E-02
  1.8057E+01  6.0272E+01 -2.6200E-03  4.3341E-01  1.5372E-02  4.2701E-01 -1.4721E-02
  1.8064E+01  6.0298E+01 -2.6192E-03  4.3330E-01  1.5371E-02  4.2703E-01 -1.4719E-02
  1.8072E+01  6.0324E+01 -2.6185E-03  4.3318E-01  1.5369E-02  4.2705E-01 -1.4717E-02
  1.8080E+01  6.0350E+01 -2.6177E-03  4.3307E-01  1.5368E-02  4.2706E-01 -1.4715E-02
  1.8088E+01  6.0376E+01 -2.6170E-03  4.3295E-01  1.5366E-02  4.2708E-01 -1.4713E-02
  1.8095E+01  6.0402E+01 -2.6162E-03  4.3284E-01  1.5365E-02  4.2710E-01 -1.4711E-02
  1.8103E+01  6.0427E+01 -2.6155E-03  4.3273E-01  1.5363E-02  4.2712E-01 -1.4709E-02
  1.8111E+01  6.0453E+01 -2.6147E-03  4.3262E-01  1.5362E-02  4.2713E-01 -1.4707E-02
  1.8119E+01  6.0479E+01 -2.6139E-03  4.3250E-01  1.5360E-02  4.2715E-01 -1.4705E-02
  1.8126E+01  6.0504E+01 -2.6132E-03  4.3239E-01  1.5358E-02  4.2717E-01 -1.4703E-02
  1.8134E+01  6.0530E+01 -2.6124E-03  4.3227E-01  1.5357E-02  4.2719E-01 -1.4701E-02
  1.8142E+01  6.0556E+01 -2.6117E-03  4.3216E-01  1.5355E-02  4.2721E-01 -1.4699E-02
  1.8150E+01  6.0582E+01 -2.6109E-03  4.3205E-01  1.5354E-02  4.2722E-01 -1.4697E-02
  1.8157E+01  6.0608E+01 -2.6101E-03  4.3193E-01  1.5352E-02  4.2724E-01 -1.4695E-02
  1.8165E+01  6.0634E+01 -2.6094E-03  4.3182E-01  1.5351E-02  4.2726E-01 -1.4693E-02
  1.8173E+01  6.0659E+01 -2.6086E-03  4.3171E-01  1.5349E-02  4.2728E-01 -1.4691E-02
  1.8180E+01  6.0685E+01 -2.6079E-03  4.3159E-01  1.5348E-02  4.2730E-01 -1.4689E-02
  1.8188E+01  6.0711E+01 -2.6071E-03  4.3148E-01  1.5346E-02  4.2731E-01 -1.4687E-02
  1.8196E+01  6.0737E+01 -2.6064E-03  4.3136E-01  1.5345E-02  4.2733E-01 -1.4685E-02
  1.8204E+01  6.0763E+01 -2.6056E-03  4.3125E-01  1.5343E-02  4.2735E-01 -1.4683E-02
  1.8212E+01  6.0789E+01 -2.6048E-03  4.3114E-01  1.5342E-02  4.2737E-01 -1.4681E-02
  1.8219E+01  6.0815E+01 -2.6041E-03  4.3102E-01  1.5340E-02  4.2739E-01 -1.4679E-02
  1.8227E+01  6.0840E+01 -2.6033E-03  4.3091E-01  1.5339E-02  4.2741E-01 -1.4677E-02
  1.8235E+01  6.0866E+01 -2.6026E-03  4.3080E-01  1.5337E-02  4.2742E-01 -1.4675E-02
  1.8242E+01  6.0892E+01 -2.6018E-03  4.3068E-01  1.5336E-02  4.2744E-01 -1.4673E-02
  1.8250E+01  6.0917E+01 -2.6010E-03  4.3057E-01  1.5334E-02  4.2746E-01 -1.4671E-02
  1.8258E+01  6.0943E+01 -2.6003E-03  4.3046E-01  1.5332E-02  4.2748E-01 -1.4669E-02
  1.8266E+01  6.0969E+01 -2.5995E-03  4.3034E-01  1.5331E-02  4.2750E-01 -1.4667E-02
  1.8273E+01  6.0995E+01 -2.5988E-03  4.3023E-01  1.5329E-02  4.2751E-01 -1.4665E-02
  1.8281E+01  6.1021E+01 -2.5980E-03  4.3012E-01  1.5328E-02  4.2753E-01 -1.4663E-02
  1.8289E+01  6.1047E+01 -2.5972E-03  4.3000E-01  1.5326E-02  4.2755E-01 -1.4661E-02
  1.8297E+01  6.1072E+01 -2.5965E-03  4.2989E-01  1.5325E-02  4.2757E-01 -1.4659E-02
  1.8304E+01  6.1098E+01 -2.5957E-03  4.2978E-01  1.5323E-02  4.2759E-01 -1.4657E-02
  1.8312E+01  6.1124E+01 -2.5950E-03  4.2966E-01  1.5322E-02  4.2760E-01 -1.4655E-02
  1.8320E+01  6.1150E+01 -2.5942E-03  4.2955E-01  1.5320E-02  4.2762E-01 -1.4653E-02
  1.8328E+01  6.1176E+01 -2.5935E-03  4.2944E-01  1.5319E-02  4.2764E-01 -1.4651E-02
  1.8335E+01  6.1202E+01 -2.5927E-03  4.2932E-01  1.5317E-02  4.2766E-01 -1.4649E-02
  1.8343E+01  6.1228E+01 -2.5919E-03  4.2921E-01  1.5316E-02  4.2768E-01 -1.4647E-02
  1.8351E+01  6.1253E+01 -2.5912E-03  4.2910E-01  1.5314E-02  4.2770E-01 -1.4645E-02
  1.8358E+01  6.1279E+01 -2.5904E-03  4.2899E-01  1.5313E-02  4.2771E-01 -1.4643E-02
  1.8366E+01  6.1305E+01 -2.5897E-03  4.2887E-01  1.5311E-02  4.2773E-01 -1.4641E-02
  1.8374E+01  6.1330E+01 -2.5889E-03  4.2876E-01  1.5310E-02  4.2775E-01 -1.4639E-02
  1.8382E+01  6.1356E+01 -2.5882E-03  4.2864E-01  1.5308E-02  4.2777E-01 -1.4637E-02
  1.8389E+01  6.1382E+01 -2.5874E-03  4.2853E-01  1.5307E-02  4.2779E-01 -1.4635E-02
  1.8397E+01  6.1408E+01 -2.5866E-03  4.2842E-01  1.5305E-02  4.2781E-01 -1.4633E-02
  1.8405E+01  6.1434E+01 -2.5859E-03  4.2830E-01  1.5303E-02  4.2782E-01 -1.4631E-02
  1.8409E+01  6.1449E+01 -2.5854E-03  4.2824E-01  1.5303E-02  4.2783E-01 -1.4629E-02
  1.8413E+01  6.1460E+01 -2.5851E-03  4.2819E-01  1.5302E-02  4.2784E-01 -1.4629E-02
  1.8421E+01  6.1486E+01 -2.5843E-03  4.2808E-01  1.5300E-02  4.2786E-01 -1.4626E-02
  1.8428E+01  6.1511E+01 -2.5836E-03  4.2797E-01  1.5299E-02  4.2788E-01 -1.4625E-02
  1.8436E+01  6.1537E+01 -2.5828E-03  4.2785E-01  1.5297E-02  4.2790E-01 -1.4622E-02
  1.8444E+01  6.1563E+01 -2.5821E-03  4.2774E-01  1.5296E-02  4.2792E-01 -1.4620E-02
  1.8451E+01  6.1589E+01 -2.5813E-03  4.2763E-01  1.5294E-02  4.2793E-01 -1.4618E-02
  1.8459E+01  6.1615E+01 -2.5806E-03  4.2751E-01  1.5293E-02  4.2795E-01 -1.4616E-02
  1.8467E+01  6.1641E+01 -2.5798E-03  4.2740E-01  1.5291E-02  4.2797E-01 -1.4614E-02
  1.8475E+01  6.1666E+01 -2.5790E-03  4.2729E-01  1.5290E-02  4.2799E-01 -1.4612E-02
  1.8482E+01  6.1692E+01 -2.5783E-03  4.2717E-01  1.5288E-02  4.2801E-01 -1.4610E-02
  1.8490E+01  6.1718E+01 -2.5775E-03  4.2706E-01  1.5287E-02  4.2803E-01 -1.4608E-02
  1.8498E+01  6.1743E+01 -2.5768E-03  4.2695E-01  1.5285E-02  4.2804E-01 -1.4606E-02
  1.8506E+01  6.1769E+01 -2.5760E-03  4.2684E-01  1.5284E-02  4.2806E-01 -1.4604E-02
  1.8513E+01  6.1795E+01 -2.5753E-03  4.2672E-01  1.5282E-02  4.2808E-01 -1.4602E-02
  1.8521E+01  6.1821E+01 -2.5745E-03  4.2661E-01  1.5281E-02  4.2810E-01 -1.4600E-02
  1.8529E+01  6.1847E+01 -2.5737E-03  4.2650E-01  1.5279E-02  4.2812E-01 -1.4598E-02
  1.8537E+01  6.1873E+01 -2.5730E-03  4.2638E-01  1.5278E-02  4.2814E-01 -1.4596E-02
  1.8544E+01  6.1899E+01 -2.5722E-03  4.2627E-01  1.5276E-02  4.2816E-01 -1.4594E-02
  1.8552E+01  6.1924E+01 -2.5715E-03  4.2616E-01  1.5275E-02  4.2817E-01 -1.4592E-02
  1.8560E+01  6.1950E+01 -2.5707E-03  4.2605E-01  1.5273E-02  4.2819E-01 -1.4590E-02
  1.8567E+01  6.1976E+01 -2.5700E-03  4.2593E-01  1.5272E-02  4.2821E-01 -1.4588E-02
  1.8575E+01  6.2002E+01 -2.5692E-03  4.2582E-01  1.5270E-02  4.2823E-01 -1.4586E-02
  1.8583E+01  6.2028E+01 -2.5684E-03  4.2571E-01  1.5269E-02  4.2825E-01 -1.4584E-02
  1.8591E+01  6.2054E+01 -2.5677E-03  4.2559E-01  1.5267E-02  4.2827E-01 -1.4582E-02
  1.8598E+01  6.2079E+01 -2.5669E-03  4.2548E-01  1.5266E-02  4.2829E-01 -1.4580E-02
  1.8606E+01  6.2105E+01 -2.5662E-03  4.2537E-01  1.5264E-02  4.2830E-01 -1.4578E-02
  1.8614E+01  6.2131E+01 -2.5654E-03  4.2526E-01  1.5263E-02  4.2832E-01 -1.4576E-02
  1.8622E+01  6.2156E+01 -2.5647E-03  4.2514E-01  1.5261E-02  4.2834E-01 -1.4574E-02
  1.8629E+01  6.2182E+01 -2.5639E-03  4.2503E-01  1.5260E-02  4.2836E-01 -1.4572E-02
  1.8637E+01  6.2208E+01 -2.5631E-03  4.2492E-01  1.5258E-02  4.2838E-01 -1.4570E-02
  1.8645E+01  6.2234E+01 -2.5624E-03  4.2481E-01  1.5257E-02  4.2840E-01 -1.4568E-02
  1.8653E+01  6.2260E+01 -2.5616E-03  4.2469E-01  1.5255E-02  4.2842E-01 -1.4566E-02
  1.8660E+01  6.2286E+01 -2.5609E-03  4.2458E-01  1.5254E-02  4.2843E-01 -1.4564E-02
  1.8668E+01  6.2312E+01 -2.5601E-03  4.2447E-01  1.5252E-02  4.2845E-01 -1.4562E-02
  1.8676E+01  6.2338E+01 -2.5593E-03  4.2435E-01  1.5251E-02  4.2847E-01 -1.4560E-02
  1.8683E+01  6.2363E+01 -2.5586E-03  4.2424E-01  1.5249E-02  4.2849E-01 -1.4558E-02
  1.8691E+01  6.2389E+01 -2.5578E-03  4.2413E-01  1.5248E-02  4.2851E-01 -1.4556E-02
  1.8699E+01  6.2415E+01 -2.5571E-03  4.2402E-01  1.5246E-02  4.2853E-01 -1.4554E-02
  1.8707E+01  6.2441E+01 -2.5563E-03  4.2390E-01  1.5245E-02  4.2855E-01 -1.4552E-02
  1.8715E+01  6.2467E+01 -2.5555E-03  4.2379E-01  1.5243E-02  4.2857E-01 -1.4550E-02
  1.8722E+01  6.2492E+01 -2.5548E-03  4.2368E-01  1.5242E-02  4.2858E-01 -1.4548E-02
  1.8730E+01  6.2518E+01 -2.5540E-03  4.2357E-01  1.5240E-02  4.2860E-01 -1.4546E-02
  1.8738E+01  6.2544E+01 -2.5533E-03  4.2345E-01  1.5238E-02  4.2862E-01 -1.4544E-02
  1.8745E+01  6.2569E+01 -2.5525E-03  4.2334E-01  1.5237E-02  4.2864E-01 -1.4542E-02
  1.8753E+01  6.2595E+01 -2.5518E-03  4.2323E-01  1.5236E-02  4.2866E-01 -1.4540E-02
  1.8761E+01  6.2621E+01 -2.5510E-03  4.2312E-01  1.5234E-02  4.2868E-01 -1.4538E-02
  1.8769E+01  6.2647E+01 -2.5502E-03  4.2301E-01  1.5233E-02  4.2870E-01 -1.4536E-02
  1.8776E+01  6.2673E+01 -2.5495E-03  4.2289E-01  1.5231E-02  4.2872E-01 -1.4534E-02
  1.8784E+01  6.2699E+01 -2.5487E-03  4.2278E-01  1.5229E-02  4.2874E-01 -1.4532E-02
  1.8792E+01  6.2725E+01 -2.5480E-03  4.2267E-01  1.5228E-02  4.2875E-01 -1.4530E-02
  1.8800E+01  6.2751E+01 -2.5472E-03  4.2255E-01  1.5226E-02  4.2877E-01 -1.4528E-02
  1.8807E+01  6.2776E+01 -2.5465E-03  4.2244E-01  1.5225E-02  4.2879E-01 -1.4526E-02
  1.8815E+01  6.2802E+01 -2.5457E-03  4.2233E-01  1.5224E-02  4.2881E-01 -1.4524E-02
  1.8823E+01  6.2828E+01 -2.5449E-03  4.2222E-01  1.5222E-02  4.2883E-01 -1.4522E-02
  1.8831E+01  6.2854E+01 -2.5442E-03  4.2211E-01  1.5221E-02  4.2885E-01 -1.4520E-02
  1.8838E+01  6.2880E+01 -2.5434E-03  4.2199E-01  1.5219E-02  4.2887E-01 -1.4518E-02
  1.8846E+01  6.2905E+01 -2.5427E-03  4.2188E-01  1.5218E-02  4.2889E-01 -1.4516E-02
  1.8854E+01  6.2931E+01 -2.5419E-03  4.2177E-01  1.5216E-02  4.2891E-01 -1.4514E-02
  1.8862E+01  6.2957E+01 -2.5411E-03  4.2166E-01  1.5215E-02  4.2892E-01 -1.4512E-02
  1.8869E+01  6.2982E+01 -2.5404E-03  4.2155E-01  1.5213E-02  4.2894E-01 -1.4510E-02
  1.8877E+01  6.3008E+01 -2.5396E-03  4.2143E-01  1.5212E-02  4.2896E-01 -1.4508E-02
  1.8885E+01  6.3034E+01 -2.5389E-03  4.2132E-01  1.5210E-02  4.2898E-01 -1.4506E-02
  1.8892E+01  6.3060E+01 -2.5381E-03  4.2121E-01  1.5209E-02  4.2900E-01 -1.4504E-02
  1.8900E+01  6.3086E+01 -2.5374E-03  4.2110E-01  1.5207E-02  4.2902E-01 -1.4502E-02
  1.8908E+01  6.3112E+01 -2.5366E-03  4.2098E-01  1.5206E-02  4.2904E-01 -1.4500E-02
  1.8916E+01  6.3138E+01 -2.5358E-03  4.2087E-01  1.5204E-02  4.2906E-01 -1.4498E-02
  1.8924E+01  6.3164E+01 -2.5351E-03  4.2076E-01  1.5203E-02  4.2908E-01 -1.4496E-02
  1.8931E+01  6.3189E+01 -2.5343E-03  4.2065E-01  1.5201E-02  4.2909E-01 -1.4494E-02
  1.8939E+01  6.3215E+01 -2.5336E-03  4.2054E-01  1.5200E-02  4.2911E-01 -1.4492E-02
  1.8947E+01  6.3241E+01 -2.5328E-03  4.2043E-01  1.5198E-02  4.2913E-01 -1.4490E-02
  1.8954E+01  6.3267E+01 -2.5321E-03  4.2031E-01  1.5197E-02  4.2915E-01 -1.4488E-02
  1.8962E+01  6.3293E+01 -2.5313E-03  4.2020E-01  1.5195E-02  4.2917E-01 -1.4486E-02
  1.8970E+01  6.3318E+01 -2.5305E-03  4.2009E-01  1.5194E-02  4.2919E-01 -1.4484E-02
  1.8978E+01  6.3344E+01 -2.5298E-03  4.1998E-01  1.5192E-02  4.2921E-01 -1.4482E-02
  1.8985E+01  6.3370E+01 -2.5290E-03  4.1986E-01  1.5191E-02  4.2923E-01 -1.4479E-02
  1.8993E+01  6.3396E+01 -2.5283E-03  4.1975E-01  1.5189E-02  4.2925E-01 -1.4477E-02
  1.9001E+01  6.3421E+01 -2.5275E-03  4.1964E-01  1.5188E-02  4.2927E-01 -1.4475E-02
  1.9009E+01  6.3447E+01 -2.5268E-03  4.1953E-01  1.5186E-02  4.2929E-01 -1.4473E-02
  1.9016E+01  6.3473E+01 -2.5260E-03  4.1942E-01  1.5185E-02  4.2930E-01 -1.4471E-02
  1.9024E+01  6.3499E+01 -2.5252E-03  4.1931E-01  1.5183E-02  4.2932E-01 -1.4469E-02
  1.9032E+01  6.3525E+01 -2.5245E-03  4.1919E-01  1.5182E-02  4.2934E-01 -1.4467E-02
  1.9040E+01  6.3551E+01 -2.5237E-03  4.1908E-01  1.5180E-02  4.2936E-01 -1.4465E-02
  1.9047E+01  6.3577E+01 -2.5230E-03  4.1897E-01  1.5179E-02  4.2938E-01 -1.4463E-02
  1.9055E+01  6.3603E+01 -2.5222E-03  4.1886E-01  1.5177E-02  4.2940E-01 -1.4461E-02
  1.9063E+01  6.3628E+01 -2.5215E-03  4.1875E-01  1.5176E-02  4.2942E-01 -1.4459E-02
  1.9070E+01  6.3654E+01 -2.5207E-03  4.1864E-01  1.5174E-02  4.2944E-01 -1.4457E-02
  1.9078E+01  6.3680E+01 -2.5199E-03  4.1852E-01  1.5173E-02  4.2946E-01 -1.4455E-02
  1.9086E+01  6.3706E+01 -2.5192E-03  4.1841E-01  1.5171E-02  4.2948E-01 -1.4453E-02
  1.9094E+01  6.3731E+01 -2.5184E-03  4.1830E-01  1.5170E-02  4.2950E-01 -1.4451E-02
  1.9102E+01  6.3757E+01 -2.5177E-03  4.1819E-01  1.5168E-02  4.2952E-01 -1.4449E-02
  1.9109E+01  6.3783E+01 -2.5169E-03  4.1807E-01  1.5167E-02  4.2953E-01 -1.4447E-02
  1.9117E+01  6.3809E+01 -2.5161E-03  4.1796E-01  1.5165E-02  4.2955E-01 -1.4445E-02
  1.9125E+01  6.3834E+01 -2.5154E-03  4.1785E-01  1.5164E-02  4.2957E-01 -1.4443E-02
  1.9132E+01  6.3860E+01 -2.5146E-03  4.1774E-01  1.5162E-02  4.2959E-01 -1.4441E-02
  1.9140E+01  6.3886E+01 -2.5139E-03  4.1763E-01  1.5161E-02  4.2961E-01 -1.4439E-02
  1.9148E+01  6.3912E+01 -2.5131E-03  4.1752E-01  1.5159E-02  4.2963E-01 -1.4437E-02
  1.9156E+01  6.3938E+01 -2.5124E-03  4.1741E-01  1.5158E-02  4.2965E-01 -1.4435E-02
  1.9163E+01  6.3964E+01 -2.5116E-03  4.1729E-01  1.5157E-02  4.2967E-01 -1.4433E-02
  1.9171E+01  6.3990E+01 -2.5108E-03  4.1718E-01  1.5155E-02  4.2969E-01 -1.4431E-02
  1.9179E+01  6.4016E+01 -2.5101E-03  4.1707E-01  1.5154E-02  4.2971E-01 -1.4429E-02
  1.9187E+01  6.4041E+01 -2.5093E-03  4.1696E-01  1.5152E-02  4.2973E-01 -1.4427E-02
  1.9189E+01  6.4050E+01 -2.5091E-03  4.1692E-01  1.5152E-02  4.2973E-01 -1.4426E-02
  1.9194E+01  6.4067E+01 -2.5086E-03  4.1685E-01  1.5151E-02  4.2975E-01 -1.4425E-02
  1.9202E+01  6.4093E+01 -2.5078E-03  4.1674E-01  1.5149E-02  4.2977E-01 -1.4423E-02
  1.9210E+01  6.4119E+01 -2.5071E-03  4.1662E-01  1.5148E-02  4.2978E-01 -1.4421E-02
  1.9218E+01  6.4144E+01 -2.5063E-03  4.1651E-01  1.5146E-02  4.2980E-01 -1.4419E-02
  1.9225E+01  6.4170E+01 -2.5055E-03  4.1640E-01  1.5145E-02  4.2982E-01 -1.4417E-02
  1.9233E+01  6.4196E+01 -2.5048E-03  4.1629E-01  1.5143E-02  4.2984E-01 -1.4415E-02
  1.9241E+01  6.4222E+01 -2.5040E-03  4.1618E-01  1.5142E-02  4.2986E-01 -1.4413E-02
  1.9249E+01  6.4248E+01 -2.5033E-03  4.1607E-01  1.5140E-02  4.2988E-01 -1.4411E-02
  1.9256E+01  6.4273E+01 -2.5025E-03  4.1596E-01  1.5139E-02  4.2990E-01 -1.4409E-02
  1.9264E+01  6.4299E+01 -2.5018E-03  4.1585E-01  1.5137E-02  4.2992E-01 -1.4407E-02
  1.9272E+01  6.4325E+01 -2.5010E-03  4.1573E-01  1.5136E-02  4.2994E-01 -1.4405E-02
  1.9279E+01  6.4351E+01 -2.5002E-03  4.1562E-01  1.5134E-02  4.2996E-01 -1.4403E-02
  1.9287E+01  6.4377E+01 -2.4995E-03  4.1551E-01  1.5133E-02  4.2998E-01 -1.4401E-02
  1.9295E+01  6.4403E+01 -2.4987E-03  4.1540E-01  1.5131E-02  4.3000E-01 -1.4399E-02
  1.9303E+01  6.4429E+01 -2.4980E-03  4.1529E-01  1.5130E-02  4.3002E-01 -1.4397E-02
  1.9311E+01  6.4455E+01 -2.4972E-03  4.1518E-01  1.5128E-02  4.3004E-01 -1.4395E-02
  1.9318E+01  6.4480E+01 -2.4965E-03  4.1507E-01  1.5127E-02  4.3006E-01 -1.4393E-02
  1.9326E+01  6.4506E+01 -2.4957E-03  4.1495E-01  1.5126E-02  4.3007E-01 -1.4391E-02
  1.9334E+01  6.4532E+01 -2.4950E-03  4.1484E-01  1.5124E-02  4.3009E-01 -1.4389E-02
  1.9341E+01  6.4557E+01 -2.4942E-03  4.1473E-01  1.5123E-02  4.3011E-01 -1.4387E-02
  1.9349E+01  6.4583E+01 -2.4934E-03  4.1462E-01  1.5121E-02  4.3013E-01 -1.4385E-02
  1.9357E+01  6.4609E+01 -2.4927E-03  4.1451E-01  1.5120E-02  4.3015E-01 -1.4383E-02
  1.9365E+01  6.4635E+01 -2.4919E-03  4.1440E-01  1.5118E-02  4.3017E-01 -1.4381E-02
  1.9372E+01  6.4661E+01 -2.4912E-03  4.1429E-01  1.5117E-02  4.3019E-01 -1.4379E-02
  1.9380E+01  6.4686E+01 -2.4904E-03  4.1418E-01  1.5115E-02  4.3021E-01 -1.4377E-02
  1.9388E+01  6.4712E+01 -2.4897E-03  4.1407E-01  1.5114E-02  4.3023E-01 -1.4375E-02
  1.9396E+01  6.4738E+01 -2.4889E-03  4.1395E-01  1.5112E-02  4.3025E-01 -1.4373E-02
  1.9403E+01  6.4764E+01 -2.4881E-03  4.1384E-01  1.5111E-02  4.3027E-01 -1.4371E-02
  1.9411E+01  6.4790E+01 -2.4874E-03  4.1373E-01  1.5109E-02  4.3029E-01 -1.4369E-02
  1.9419E+01  6.4816E+01 -2.4866E-03  4.1362E-01  1.5108E-02  4.3031E-01 -1.4367E-02
  1.9427E+01  6.4842E+01 -2.4859E-03  4.1351E-01  1.5106E-02  4.3033E-01 -1.4365E-02
  1.9434E+01  6.4868E+01 -2.4851E-03  4.1340E-01  1.5105E-02  4.3035E-01 -1.4362E-02
  1.9442E+01  6.4893E+01 -2.4844E-03  4.1329E-01  1.5104E-02  4.3037E-01 -1.4361E-02
  1.9450E+01  6.4919E+01 -2.4836E-03  4.1318E-01  1.5102E-02  4.3039E-01 -1.4358E-02
  1.9457E+01  6.4945E+01 -2.4828E-03  4.1307E-01  1.5101E-02  4.3041E-01 -1.4356E-02
  1.9465E+01  6.4970E+01 -2.4821E-03  4.1295E-01  1.5099E-02  4.3043E-01 -1.4354E-02
  1.9473E+01  6.4996E+01 -2.4813E-03  4.1284E-01  1.5098E-02  4.3044E-01 -1.4352E-02
  1.9481E+01  6.5022E+01 -2.4806E-03  4.1273E-01  1.5096E-02  4.3046E-01 -1.4350E-02
  1.9488E+01  6.5048E+01 -2.4798E-03  4.1262E-01  1.5095E-02  4.3048E-01 -1.4348E-02
  1.9496E+01  6.5074E+01 -2.4790E-03  4.1251E-01  1.5093E-02  4.3050E-01 -1.4346E-02
  1.9504E+01  6.5099E+01 -2.4783E-03  4.1240E-01  1.5092E-02  4.3052E-01 -1.4344E-02
  1.9512E+01  6.5125E+01 -2.4775E-03  4.1229E-01  1.5090E-02  4.3054E-01 -1.4342E-02
  1.9519E+01  6.5151E+01 -2.4768E-03  4.1218E-01  1.5089E-02  4.3056E-01 -1.4340E-02
  1.9527E+01  6.5177E+01 -2.4760E-03  4.1207E-01  1.5087E-02  4.3058E-01 -1.4338E-02
  1.9535E+01  6.5203E+01 -2.4753E-03  4.1196E-01  1.5086E-02  4.3060E-01 -1.4336E-02
  1.9543E+01  6.5229E+01 -2.4745E-03  4.1184E-01  1.5084E-02  4.3062E-01 -1.4334E-02
  1.9550E+01  6.5255E+01 -2.4737E-03  4.1173E-01  1.5083E-02  4.3064E-01 -1.4332E-02
  1.9558E+01  6.5281E+01 -2.4730E-03  4.1162E-01  1.5082E-02  4.3066E-01 -1.4330E-02
  1.9566E+01  6.5306E+01 -2.4722E-03  4.1151E-01  1.5080E-02  4.3068E-01 -1.4328E-02
  1.9573E+01  6.5332E+01 -2.4715E-03  4.1140E-01  1.5079E-02  4.3070E-01 -1.4326E-02
  1.9581E+01  6.5358E+01 -2.4707E-03  4.1129E-01  1.5077E-02  4.3072E-01 -1.4324E-02
  1.9589E+01  6.5383E+01 -2.4700E-03  4.1118E-01  1.5076E-02  4.3074E-01 -1.4322E-02
  1.9597E+01  6.5409E+01 -2.4692E-03  4.1107E-01  1.5074E-02  4.3076E-01 -1.4320E-02
  1.9605E+01  6.5435E+01 -2.4684E-03  4.1096E-01  1.5073E-02  4.3078E-01 -1.4318E-02
  1.9612E+01  6.5461E+01 -2.4677E-03  4.1085E-01  1.5071E-02  4.3080E-01 -1.4316E-02
  1.9620E+01  6.5487E+01 -2.4669E-03  4.1074E-01  1.5070E-02  4.3082E-01 -1.4314E-02
  1.9628E+01  6.5513E+01 -2.4662E-03  4.1063E-01  1.5068E-02  4.3084E-01 -1.4312E-02
  1.9635E+01  6.5538E+01 -2.4654E-03  4.1052E-01  1.5067E-02  4.3086E-01 -1.4310E-02
  1.9643E+01  6.5564E+01 -2.4647E-03  4.1041E-01  1.5066E-02  4.3088E-01 -1.4308E-02
  1.9651E+01  6.5590E+01 -2.4639E-03  4.1030E-01  1.5064E-02  4.3090E-01 -1.4306E-02
  1.9659E+01  6.5616E+01 -2.4632E-03  4.1018E-01  1.5063E-02  4.3092E-01 -1.4304E-02
  1.9666E+01  6.5642E+01 -2.4624E-03  4.1007E-01  1.5061E-02  4.3094E-01 -1.4302E-02
  1.9674E+01  6.5668E+01 -2.4616E-03  4.0996E-01  1.5060E-02  4.3095E-01 -1.4300E-02
  1.9682E+01  6.5694E+01 -2.4609E-03  4.0985E-01  1.5058E-02  4.3097E-01 -1.4298E-02
  1.9690E+01  6.5719E+01 -2.4601E-03  4.0974E-01  1.5057E-02  4.3099E-01 -1.4296E-02
  1.9697E+01  6.5745E+01 -2.4594E-03  4.0963E-01  1.5055E-02  4.3101E-01 -1.4294E-02
  1.9705E+01  6.5771E+01 -2.4586E-03  4.0952E-01  1.5054E-02  4.3103E-01 -1.4292E-02
  1.9713E+01  6.5796E+01 -2.4579E-03  4.0941E-01  1.5053E-02  4.3105E-01 -1.4290E-02
  1.9721E+01  6.5822E+01 -2.4571E-03  4.0930E-01  1.5051E-02  4.3107E-01 -1.4288E-02
  1.9728E+01  6.5848E+01 -2.4563E-03  4.0919E-01  1.5050E-02  4.3109E-01 -1.4286E-02
  1.9736E+01  6.5874E+01 -2.4556E-03  4.0908E-01  1.5048E-02  4.3111E-01 -1.4284E-02
  1.9744E+01  6.5900E+01 -2.4548E-03  4.0897E-01  1.5047E-02  4.3113E-01 -1.4282E-02
  1.9752E+01  6.5926E+01 -2.4541E-03  4.0886E-01  1.5045E-02  4.3115E-01 -1.4280E-02
  1.9759E+01  6.5951E+01 -2.4533E-03  4.0875E-01  1.5044E-02  4.3117E-01 -1.4278E-02
  1.9767E+01  6.5977E+01 -2.4526E-03  4.0864E-01  1.5042E-02  4.3119E-01 -1.4276E-02
  1.9775E+01  6.6003E+01 -2.4518E-03  4.0853E-01  1.5041E-02  4.3121E-01 -1.4274E-02
  1.9782E+01  6.6029E+01 -2.4510E-03  4.0842E-01  1.5039E-02  4.3123E-01 -1.4272E-02
  1.9790E+01  6.6055E+01 -2.4503E-03  4.0831E-01  1.5038E-02  4.3125E-01 -1.4270E-02
  1.9798E+01  6.6081E+01 -2.4495E-03  4.0820E-01  1.5037E-02  4.3127E-01 -1.4268E-02
  1.9806E+01  6.6107E+01 -2.4488E-03  4.0808E-01  1.5035E-02  4.3129E-01 -1.4265E-02
  1.9814E+01  6.6132E+01 -2.4480E-03  4.0797E-01  1.5034E-02  4.3131E-01 -1.4263E-02
  1.9821E+01  6.6158E+01 -2.4473E-03  4.0786E-01  1.5032E-02  4.3133E-01 -1.4261E-02
  1.9829E+01  6.6184E+01 -2.4465E-03  4.0776E-01  1.5031E-02  4.3135E-01 -1.4259E-02
  1.9837E+01  6.6209E+01 -2.4458E-03  4.0765E-01  1.5029E-02  4.3137E-01 -1.4257E-02
  1.9844E+01  6.6235E+01 -2.4450E-03  4.0753E-01  1.5028E-02  4.3139E-01 -1.4255E-02
  1.9852E+01  6.6261E+01 -2.4442E-03  4.0742E-01  1.5026E-02  4.3141E-01 -1.4253E-02
  1.9860E+01  6.6287E+01 -2.4435E-03  4.0731E-01  1.5025E-02  4.3143E-01 -1.4251E-02
  1.9868E+01  6.6313E+01 -2.4427E-03  4.0720E-01  1.5024E-02  4.3145E-01 -1.4249E-02
  1.9875E+01  6.6339E+01 -2.4420E-03  4.0709E-01  1.5022E-02  4.3147E-01 -1.4247E-02
  1.9883E+01  6.6365E+01 -2.4412E-03  4.0698E-01  1.5021E-02  4.3149E-01 -1.4245E-02
  1.9891E+01  6.6390E+01 -2.4405E-03  4.0687E-01  1.5019E-02  4.3151E-01 -1.4243E-02
  1.9899E+01  6.6416E+01 -2.4397E-03  4.0676E-01  1.5018E-02  4.3153E-01 -1.4241E-02
  1.9906E+01  6.6442E+01 -2.4389E-03  4.0665E-01  1.5016E-02  4.3155E-01 -1.4239E-02
  1.9914E+01  6.6468E+01 -2.4382E-03  4.0654E-01  1.5015E-02  4.3157E-01 -1.4237E-02
  1.9922E+01  6.6494E+01 -2.4374E-03  4.0643E-01  1.5013E-02  4.3159E-01 -1.4235E-02
  1.9930E+01  6.6520E+01 -2.4367E-03  4.0632E-01  1.5012E-02  4.3161E-01 -1.4233E-02
  1.9937E+01  6.6545E+01 -2.4359E-03  4.0621E-01  1.5011E-02  4.3163E-01 -1.4231E-02
  1.9945E+01  6.6571E+01 -2.4351E-03  4.0610E-01  1.5009E-02  4.3165E-01 -1.4229E-02
  1.9953E+01  6.6597E+01 -2.4344E-03  4.0599E-01  1.5008E-02  4.3167E-01 -1.4227E-02
  1.9960E+01  6.6622E+01 -2.4336E-03  4.0588E-01  1.5006E-02  4.3169E-01 -1.4225E-02
  1.9968E+01  6.6648E+01 -2.4329E-03  4.0577E-01  1.5005E-02  4.3171E-01 -1.4223E-02
  1.9976E+01  6.6674E+01 -2.4321E-03  4.0566E-01  1.5003E-02  4.3173E-01 -1.4221E-02
  1.9984E+01  6.6700E+01 -2.4314E-03  4.0555E-01  1.5002E-02  4.3175E-01 -1.4219E-02
  1.9991E+01  6.6726E+01 -2.4306E-03  4.0544E-01  1.5001E-02  4.3177E-01 -1.4217E-02
  1.9999E+01  6.6752E+01 -2.4299E-03  4.0533E-01  1.4999E-02  4.3179E-01 -1.4215E-02
  2.0007E+01  6.6778E+01 -2.4291E-03  4.0522E-01  1.4998E-02  4.3181E-01 -1.4213E-02
  2.0015E+01  6.6803E+01 -2.4284E-03  4.0511E-01  1.4996E-02  4.3183E-01 -1.4211E-02
  2.0022E+01  6.6829E+01 -2.4276E-03  4.0500E-01  1.4995E-02  4.3185E-01 -1.4209E-02
  2.0030E+01  6.6855E+01 -2.4268E-03  4.0489E-01  1.4993E-02  4.3187E-01 -1.4207E-02
  2.0038E+01  6.6881E+01 -2.4261E-03  4.0478E-01  1.4992E-02  4.3189E-01 -1.4205E-02
  2.0046E+01  6.6907E+01 -2.4253E-03  4.0467E-01  1.4990E-02  4.3191E-01 -1.4203E-02
  2.0053E+01  6.6933E+01 -2.4246E-03  4.0456E-01  1.4989E-02  4.3193E-01 -1.4201E-02
  2.0061E+01  6.6958E+01 -2.4238E-03  4.0445E-01  1.4988E-02  4.3195E-01 -1.4199E-02
  2.0069E+01  6.6984E+01 -2.4230E-03  4.0434E-01  1.4986E-02  4.3197E-01 -1.4197E-02
  2.0077E+01  6.7010E+01 -2.4223E-03  4.0423E-01  1.4985E-02  4.3199E-01 -1.4195E-02
  2.0084E+01  6.7035E+01 -2.4215E-03  4.0413E-01  1.4983E-02  4.3201E-01 -1.4193E-02
  2.0092E+01  6.7061E+01 -2.4208E-03  4.0402E-01  1.4982E-02  4.3203E-01 -1.4191E-02
  2.0100E+01  6.7087E+01 -2.4200E-03  4.0391E-01  1.4980E-02  4.3205E-01 -1.4189E-02
  2.0108E+01  6.7113E+01 -2.4193E-03  4.0380E-01  1.4979E-02  4.3207E-01 -1.4186E-02
  2.0115E+01  6.7139E+01 -2.4185E-03  4.0369E-01  1.4978E-02  4.3209E-01 -1.4184E-02
  2.0123E+01  6.7165E+01 -2.4177E-03  4.0358E-01  1.4976E-02  4.3211E-01 -1.4182E-02
  2.0131E+01  6.7191E+01 -2.4170E-03  4.0347E-01  1.4975E-02  4.3213E-01 -1.4180E-02
  2.0139E+01  6.7217E+01 -2.4162E-03  4.0336E-01  1.4973E-02  4.3215E-01 -1.4178E-02
  2.0146E+01  6.7242E+01 -2.4155E-03  4.0325E-01  1.4972E-02  4.3217E-01 -1.4176E-02
  2.0154E+01  6.7268E+01 -2.4147E-03  4.0314E-01  1.4970E-02  4.3219E-01 -1.4174E-02
  2.0162E+01  6.7294E+01 -2.4140E-03  4.0303E-01  1.4969E-02  4.3221E-01 -1.4172E-02
  2.0169E+01  6.7320E+01 -2.4132E-03  4.0292E-01  1.4968E-02  4.3223E-01 -1.4170E-02
  2.0177E+01  6.7346E+01 -2.4125E-03  4.0281E-01  1.4966E-02  4.3225E-01 -1.4168E-02
  2.0185E+01  6.7371E+01 -2.4117E-03  4.0270E-01  1.4965E-02  4.3227E-01 -1.4166E-02
  2.0193E+01  6.7397E+01 -2.4109E-03  4.0259E-01  1.4963E-02  4.3229E-01 -1.4164E-02
  2.0201E+01  6.7423E+01 -2.4102E-03  4.0248E-01  1.4962E-02  4.3231E-01 -1.4162E-02
  2.0208E+01  6.7448E+01 -2.4094E-03  4.0237E-01  1.4961E-02  4.3233E-01 -1.4160E-02
  2.0216E+01  6.7474E+01 -2.4087E-03  4.0226E-01  1.4959E-02  4.3235E-01 -1.4158E-02
  2.0224E+01  6.7500E+01 -2.4079E-03  4.0215E-01  1.4958E-02  4.3237E-01 -1.4156E-02
  2.0231E+01  6.7526E+01 -2.4072E-03  4.0204E-01  1.4956E-02  4.3239E-01 -1.4154E-02
  2.0239E+01  6.7552E+01 -2.4064E-03  4.0193E-01  1.4955E-02  4.3241E-01 -1.4152E-02
  2.0247E+01  6.7578E+01 -2.4056E-03  4.0182E-01  1.4953E-02  4.3243E-01 -1.4150E-02
  2.0255E+01  6.7604E+01 -2.4049E-03  4.0171E-01  1.4952E-02  4.3245E-01 -1.4148E-02
  2.0262E+01  6.7630E+01 -2.4041E-03  4.0160E-01  1.4951E-02  4.3247E-01 -1.4146E-02
  2.0270E+01  6.7655E+01 -2.4034E-03  4.0150E-01  1.4949E-02  4.3249E-01 -1.4144E-02
  2.0278E+01  6.7681E+01 -2.4026E-03  4.0139E-01  1.4948E-02  4.3251E-01 -1.4142E-02
  2.0286E+01  6.7707E+01 -2.4019E-03  4.0128E-01  1.4946E-02  4.3253E-01 -1.4140E-02
  2.0293E+01  6.7733E+01 -2.4011E-03  4.0117E-01  1.4945E-02  4.3255E-01 -1.4138E-02
  2.0301E+01  6.7759E+01 -2.4004E-03  4.0106E-01  1.4943E-02  4.3257E-01 -1.4136E-02
  2.0309E+01  6.7784E+01 -2.3996E-03  4.0095E-01  1.4942E-02  4.3259E-01 -1.4134E-02
  2.0317E+01  6.7810E+01 -2.3988E-03  4.0084E-01  1.4941E-02  4.3261E-01 -1.4132E-02
  2.0324E+01  6.7836E+01 -2.3981E-03  4.0073E-01  1.4939E-02  4.3263E-01 -1.4130E-02
  2.0332E+01  6.7861E+01 -2.3973E-03  4.0062E-01  1.4938E-02  4.3265E-01 -1.4128E-02
  2.0340E+01  6.7887E+01 -2.3966E-03  4.0051E-01  1.4936E-02  4.3267E-01 -1.4126E-02
  2.0347E+01  6.7913E+01 -2.3958E-03  4.0040E-01  1.4935E-02  4.3269E-01 -1.4124E-02
  2.0355E+01  6.7939E+01 -2.3951E-03  4.0029E-01  1.4934E-02  4.3271E-01 -1.4122E-02
  2.0363E+01  6.7965E+01 -2.3943E-03  4.0019E-01  1.4932E-02  4.3273E-01 -1.4120E-02
  2.0371E+01  6.7991E+01 -2.3935E-03  4.0008E-01  1.4931E-02  4.3275E-01 -1.4117E-02
  2.0378E+01  6.8017E+01 -2.3928E-03  3.9997E-01  1.4929E-02  4.3277E-01 -1.4115E-02
  2.0386E+01  6.8043E+01 -2.3920E-03  3.9986E-01  1.4928E-02  4.3279E-01 -1.4113E-02
  2.0394E+01  6.8069E+01 -2.3913E-03  3.9975E-01  1.4926E-02  4.3281E-01 -1.4111E-02
  2.0402E+01  6.8094E+01 -2.3905E-03  3.9964E-01  1.4925E-02  4.3283E-01 -1.4109E-02
  2.0409E+01  6.8120E+01 -2.3898E-03  3.9953E-01  1.4924E-02  4.3285E-01 -1.4107E-02
  2.0417E+01  6.8146E+01 -2.3890E-03  3.9942E-01  1.4922E-02  4.3287E-01 -1.4105E-02
  2.0425E+01  6.8172E+01 -2.3882E-03  3.9931E-01  1.4921E-02  4.3289E-01 -1.4103E-02
  2.0433E+01  6.8197E+01 -2.3875E-03  3.9920E-01  1.4919E-02  4.3291E-01 -1.4101E-02
  2.0439E+01  6.8220E+01 -2.3868E-03  3.9911E-01  1.4918E-02  4.3293E-01 -1.4099E-02
  2.0440E+01  6.8223E+01 -2.3867E-03  3.9909E-01  1.4918E-02  4.3293E-01 -1.4099E-02
  2.0448E+01  6.8249E+01 -2.3860E-03  3.9898E-01  1.4917E-02  4.3295E-01 -1.4097E-02
  2.0456E+01  6.8275E+01 -2.3852E-03  3.9888E-01  1.4915E-02  4.3297E-01 -1.4095E-02
  2.0463E+01  6.8300E+01 -2.3845E-03  3.9877E-01  1.4914E-02  4.3299E-01 -1.4093E-02
  2.0471E+01  6.8326E+01 -2.3837E-03  3.9866E-01  1.4912E-02  4.3301E-01 -1.4091E-02
  2.0479E+01  6.8352E+01 -2.3830E-03  3.9855E-01  1.4911E-02  4.3303E-01 -1.4089E-02
  2.0487E+01  6.8378E+01 -2.3822E-03  3.9844E-01  1.4909E-02  4.3305E-01 -1.4087E-02
  2.0495E+01  6.8404E+01 -2.3814E-03  3.9833E-01  1.4908E-02  4.3308E-01 -1.4085E-02
  2.0502E+01  6.8430E+01 -2.3807E-03  3.9822E-01  1.4907E-02  4.3310E-01 -1.4083E-02
  2.0510E+01  6.8456E+01 -2.3799E-03  3.9811E-01  1.4905E-02  4.3312E-01 -1.4081E-02
  2.0518E+01  6.8482E+01 -2.3792E-03  3.9800E-01  1.4904E-02  4.3314E-01 -1.4079E-02
  2.0525E+01  6.8507E+01 -2.3784E-03  3.9790E-01  1.4902E-02  4.3316E-01 -1.4077E-02
  2.0533E+01  6.8533E+01 -2.3777E-03  3.9779E-01  1.4901E-02  4.3318E-01 -1.4075E-02
  2.0541E+01  6.8559E+01 -2.3769E-03  3.9768E-01  1.4900E-02  4.3320E-01 -1.4073E-02
  2.0549E+01  6.8585E+01 -2.3761E-03  3.9757E-01  1.4898E-02  4.3322E-01 -1.4071E-02
  2.0556E+01  6.8610E+01 -2.3754E-03  3.9746E-01  1.4897E-02  4.3324E-01 -1.4069E-02
  2.0564E+01  6.8636E+01 -2.3746E-03  3.9735E-01  1.4895E-02  4.3326E-01 -1.4067E-02
  2.0572E+01  6.8662E+01 -2.3739E-03  3.9724E-01  1.4894E-02  4.3328E-01 -1.4065E-02
  2.0580E+01  6.8688E+01 -2.3731E-03  3.9713E-01  1.4893E-02  4.3330E-01 -1.4063E-02
  2.0587E+01  6.8713E+01 -2.3724E-03  3.9703E-01  1.4891E-02  4.3332E-01 -1.4061E-02
  2.0595E+01  6.8739E+01 -2.3716E-03  3.9692E-01  1.4890E-02  4.3334E-01 -1.4058E-02
  2.0603E+01  6.8765E+01 -2.3709E-03  3.9681E-01  1.4888E-02  4.3336E-01 -1.4056E-02
  2.0611E+01  6.8791E+01 -2.3701E-03  3.9670E-01  1.4887E-02  4.3338E-01 -1.4054E-02
  2.0618E+01  6.8817E+01 -2.3693E-03  3.9659E-01  1.4886E-02  4.3340E-01 -1.4052E-02
  2.0626E+01  6.8843E+01 -2.3686E-03  3.9648E-01  1.4884E-02  4.3342E-01 -1.4050E-02
  2.0634E+01  6.8869E+01 -2.3678E-03  3.9637E-01  1.4883E-02  4.3344E-01 -1.4048E-02
  2.0642E+01  6.8895E+01 -2.3671E-03  3.9626E-01  1.4881E-02  4.3346E-01 -1.4046E-02
  2.0649E+01  6.8921E+01 -2.3663E-03  3.9616E-01  1.4880E-02  4.3348E-01 -1.4044E-02
  2.0657E+01  6.8946E+01 -2.3656E-03  3.9605E-01  1.4879E-02  4.3350E-01 -1.4042E-02
  2.0665E+01  6.8972E+01 -2.3648E-03  3.9594E-01  1.4877E-02  4.3352E-01 -1.4040E-02
  2.0672E+01  6.8998E+01 -2.3640E-03  3.9583E-01  1.4876E-02  4.3354E-01 -1.4038E-02
  2.0680E+01  6.9023E+01 -2.3633E-03  3.9572E-01  1.4874E-02  4.3356E-01 -1.4036E-02
  2.0688E+01  6.9049E+01 -2.3625E-03  3.9561E-01  1.4873E-02  4.3358E-01 -1.4034E-02
  2.0696E+01  6.9075E+01 -2.3618E-03  3.9551E-01  1.4872E-02  4.3360E-01 -1.4032E-02
  2.0704E+01  6.9101E+01 -2.3610E-03  3.9540E-01  1.4870E-02  4.3362E-01 -1.4030E-02
  2.0711E+01  6.9127E+01 -2.3603E-03  3.9529E-01  1.4869E-02  4.3364E-01 -1.4028E-02
  2.0719E+01  6.9152E+01 -2.3595E-03  3.9518E-01  1.4867E-02  4.3366E-01 -1.4026E-02
  2.0727E+01  6.9178E+01 -2.3588E-03  3.9507E-01  1.4866E-02  4.3368E-01 -1.4024E-02
  2.0734E+01  6.9204E+01 -2.3580E-03  3.9496E-01  1.4865E-02  4.3370E-01 -1.4022E-02
  2.0742E+01  6.9230E+01 -2.3572E-03  3.9486E-01  1.4863E-02  4.3373E-01 -1.4020E-02
  2.0750E+01  6.9256E+01 -2.3565E-03  3.9475E-01  1.4862E-02  4.3375E-01 -1.4018E-02
  2.0758E+01  6.9282E+01 -2.3557E-03  3.9464E-01  1.4860E-02  4.3377E-01 -1.4016E-02
  2.0765E+01  6.9308E+01 -2.3550E-03  3.9453E-01  1.4859E-02  4.3379E-01 -1.4014E-02
  2.0773E+01  6.9334E+01 -2.3542E-03  3.9442E-01  1.4858E-02  4.3381E-01 -1.4012E-02
  2.0781E+01  6.9359E+01 -2.3535E-03  3.9431E-01  1.4856E-02  4.3383E-01 -1.4010E-02
  2.0789E+01  6.9385E+01 -2.3527E-03  3.9421E-01  1.4855E-02  4.3385E-01 -1.4008E-02
  2.0796E+01  6.9411E+01 -2.3519E-03  3.9410E-01  1.4853E-02  4.3387E-01 -1.4005E-02
  2.0804E+01  6.9436E+01 -2.3512E-03  3.9399E-01  1.4852E-02  4.3389E-01 -1.4003E-02
  2.0812E+01  6.9462E+01 -2.3504E-03  3.9388E-01  1.4851E-02  4.3391E-01 -1.4001E-02
  2.0820E+01  6.9488E+01 -2.3497E-03  3.9377E-01  1.4849E-02  4.3393E-01 -1.3999E-02
  2.0827E+01  6.9514E+01 -2.3489E-03  3.9366E-01  1.4848E-02  4.3395E-01 -1.3997E-02
  2.0835E+01  6.9540E+01 -2.3481E-03  3.9355E-01  1.4846E-02  4.3397E-01 -1.3995E-02
  2.0843E+01  6.9565E+01 -2.3474E-03  3.9345E-01  1.4845E-02  4.3399E-01 -1.3993E-02
  2.0850E+01  6.9591E+01 -2.3467E-03  3.9334E-01  1.4844E-02  4.3401E-01 -1.3991E-02
  2.0858E+01  6.9617E+01 -2.3459E-03  3.9323E-01  1.4842E-02  4.3403E-01 -1.3989E-02
  2.0866E+01  6.9643E+01 -2.3451E-03  3.9312E-01  1.4841E-02  4.3405E-01 -1.3987E-02
  2.0874E+01  6.9669E+01 -2.3444E-03  3.9301E-01  1.4839E-02  4.3407E-01 -1.3985E-02
  2.0881E+01  6.9695E+01 -2.3436E-03  3.9291E-01  1.4838E-02  4.3409E-01 -1.3983E-02
  2.0889E+01  6.9721E+01 -2.3429E-03  3.9280E-01  1.4837E-02  4.3411E-01 -1.3981E-02
  2.0897E+01  6.9747E+01 -2.3421E-03  3.9269E-01  1.4835E-02  4.3413E-01 -1.3979E-02
  2.0905E+01  6.9772E+01 -2.3413E-03  3.9258E-01  1.4834E-02  4.3415E-01 -1.3977E-02
  2.0912E+01  6.9798E+01 -2.3406E-03  3.9248E-01  1.4833E-02  4.3417E-01 -1.3975E-02
  2.0920E+01  6.9824E+01 -2.3398E-03  3.9237E-01  1.4831E-02  4.3419E-01 -1.3973E-02
  2.0928E+01  6.9849E+01 -2.3391E-03  3.9226E-01  1.4830E-02  4.3422E-01 -1.3971E-02
  2.0936E+01  6.9875E+01 -2.3383E-03  3.9215E-01  1.4828E-02  4.3424E-01 -1.3969E-02
  2.0943E+01  6.9901E+01 -2.3376E-03  3.9204E-01  1.4827E-02  4.3426E-01 -1.3967E-02
  2.0951E+01  6.9927E+01 -2.3368E-03  3.9193E-01  1.4826E-02  4.3428E-01 -1.3965E-02
  2.0959E+01  6.9953E+01 -2.3360E-03  3.9183E-01  1.4824E-02  4.3430E-01 -1.3963E-02
  2.0967E+01  6.9979E+01 -2.3353E-03  3.9172E-01  1.4823E-02  4.3432E-01 -1.3961E-02
  2.0974E+01  7.0004E+01 -2.3346E-03  3.9161E-01  1.4821E-02  4.3434E-01 -1.3959E-02
  2.0982E+01  7.0030E+01 -2.3338E-03  3.9150E-01  1.4820E-02  4.3436E-01 -1.3956E-02
  2.0990E+01  7.0056E+01 -2.3330E-03  3.9140E-01  1.4819E-02  4.3438E-01 -1.3954E-02
  2.0998E+01  7.0082E+01 -2.3323E-03  3.9129E-01  1.4817E-02  4.3440E-01 -1.3952E-02
  2.1005E+01  7.0108E+01 -2.3315E-03  3.9118E-01  1.4816E-02  4.3442E-01 -1.3950E-02
  2.1013E+01  7.0134E+01 -2.3308E-03  3.9107E-01  1.4815E-02  4.3444E-01 -1.3948E-02
  2.1021E+01  7.0160E+01 -2.3300E-03  3.9096E-01  1.4813E-02  4.3446E-01 -1.3946E-02
  2.1029E+01  7.0185E+01 -2.3292E-03  3.9085E-01  1.4812E-02  4.3448E-01 -1.3944E-02
  2.1036E+01  7.0211E+01 -2.3285E-03  3.9075E-01  1.4810E-02  4.3450E-01 -1.3942E-02
  2.1044E+01  7.0237E+01 -2.3277E-03  3.9064E-01  1.4809E-02  4.3452E-01 -1.3940E-02
  2.1052E+01  7.0262E+01 -2.3270E-03  3.9053E-01  1.4808E-02  4.3454E-01 -1.3938E-02
  2.1059E+01  7.0288E+01 -2.3262E-03  3.9042E-01  1.4806E-02  4.3456E-01 -1.3936E-02
  2.1067E+01  7.0314E+01 -2.3255E-03  3.9032E-01  1.4805E-02  4.3458E-01 -1.3934E-02
  2.1075E+01  7.0340E+01 -2.3247E-03  3.9021E-01  1.4803E-02  4.3460E-01 -1.3932E-02
  2.1083E+01  7.0366E+01 -2.3239E-03  3.9010E-01  1.4802E-02  4.3462E-01 -1.3930E-02
  2.1090E+01  7.0392E+01 -2.3232E-03  3.8999E-01  1.4801E-02  4.3465E-01 -1.3928E-02
  2.1098E+01  7.0417E+01 -2.3225E-03  3.8989E-01  1.4799E-02  4.3467E-01 -1.3926E-02
  2.1106E+01  7.0443E+01 -2.3217E-03  3.8978E-01  1.4798E-02  4.3469E-01 -1.3924E-02
  2.1114E+01  7.0469E+01 -2.3209E-03  3.8967E-01  1.4797E-02  4.3471E-01 -1.3922E-02
  2.1121E+01  7.0495E+01 -2.3202E-03  3.8956E-01  1.4795E-02  4.3473E-01 -1.3920E-02
  2.1129E+01  7.0521E+01 -2.3194E-03  3.8946E-01  1.4794E-02  4.3475E-01 -1.3918E-02
  2.1137E+01  7.0547E+01 -2.3187E-03  3.8935E-01  1.4792E-02  4.3477E-01 -1.3916E-02
  2.1145E+01  7.0573E+01 -2.3179E-03  3.8924E-01  1.4791E-02  4.3479E-01 -1.3913E-02
  2.1152E+01  7.0598E+01 -2.3171E-03  3.8913E-01  1.4790E-02  4.3481E-01 -1.3911E-02
  2.1160E+01  7.0624E+01 -2.3164E-03  3.8903E-01  1.4788E-02  4.3483E-01 -1.3909E-02
  2.1168E+01  7.0650E+01 -2.3156E-03  3.8892E-01  1.4787E-02  4.3485E-01 -1.3907E-02
  2.1175E+01  7.0675E+01 -2.3149E-03  3.8881E-01  1.4786E-02  4.3487E-01 -1.3905E-02
  2.1183E+01  7.0701E+01 -2.3141E-03  3.8870E-01  1.4784E-02  4.3489E-01 -1.3903E-02
  2.1191E+01  7.0727E+01 -2.3134E-03  3.8860E-01  1.4783E-02  4.3491E-01 -1.3901E-02
  2.1199E+01  7.0753E+01 -2.3126E-03  3.8849E-01  1.4781E-02  4.3493E-01 -1.3899E-02
  2.1207E+01  7.0779E+01 -2.3118E-03  3.8838E-01  1.4780E-02  4.3495E-01 -1.3897E-02
  2.1214E+01  7.0805E+01 -2.3111E-03  3.8827E-01  1.4779E-02  4.3497E-01 -1.3895E-02
  2.1222E+01  7.0831E+01 -2.3103E-03  3.8816E-01  1.4777E-02  4.3499E-01 -1.3893E-02
  2.1230E+01  7.0856E+01 -2.3096E-03  3.8806E-01  1.4776E-02  4.3501E-01 -1.3891E-02
  2.1237E+01  7.0882E+01 -2.3088E-03  3.8795E-01  1.4775E-02  4.3503E-01 -1.3889E-02
  2.1245E+01  7.0908E+01 -2.3081E-03  3.8784E-01  1.4773E-02  4.3506E-01 -1.3887E-02
  2.1253E+01  7.0934E+01 -2.3073E-03  3.8774E-01  1.4772E-02  4.3508E-01 -1.3885E-02
  2.1261E+01  7.0960E+01 -2.3066E-03  3.8763E-01  1.4770E-02  4.3510E-01 -1.3883E-02
  2.1268E+01  7.0986E+01 -2.3058E-03  3.8752E-01  1.4769E-02  4.3512E-01 -1.3881E-02
  2.1269E+01  7.0988E+01 -2.3057E-03  3.8751E-01  1.4769E-02  4.3512E-01 -1.3880E-02
  2.1276E+01  7.1011E+01 -2.3050E-03  3.8741E-01  1.4768E-02  4.3514E-01 -1.3879E-02
  2.1284E+01  7.1037E+01 -2.3043E-03  3.8731E-01  1.4766E-02  4.3516E-01 -1.3877E-02
  2.1292E+01  7.1063E+01 -2.3035E-03  3.8720E-01  1.4765E-02  4.3518E-01 -1.3875E-02
  2.1299E+01  7.1088E+01 -2.3028E-03  3.8709E-01  1.4764E-02  4.3520E-01 -1.3872E-02
  2.1307E+01  7.1114E+01 -2.3020E-03  3.8699E-01  1.4762E-02  4.3522E-01 -1.3870E-02
  2.1315E+01  7.1140E+01 -2.3013E-03  3.8688E-01  1.4761E-02  4.3524E-01 -1.3868E-02
  2.1323E+01  7.1166E+01 -2.3005E-03  3.8677E-01  1.4760E-02  4.3526E-01 -1.3866E-02
  2.1330E+01  7.1192E+01 -2.2997E-03  3.8666E-01  1.4758E-02  4.3528E-01 -1.3864E-02
  2.1338E+01  7.1218E+01 -2.2990E-03  3.8656E-01  1.4757E-02  4.3530E-01 -1.3862E-02
  2.1346E+01  7.1244E+01 -2.2982E-03  3.8645E-01  1.4755E-02  4.3532E-01 -1.3860E-02
  2.1353E+01  7.1269E+01 -2.2975E-03  3.8634E-01  1.4754E-02  4.3534E-01 -1.3858E-02
  2.1361E+01  7.1295E+01 -2.2967E-03  3.8624E-01  1.4753E-02  4.3536E-01 -1.3856E-02
  2.1369E+01  7.1321E+01 -2.2960E-03  3.8613E-01  1.4751E-02  4.3538E-01 -1.3854E-02
  2.1377E+01  7.1347E+01 -2.2952E-03  3.8602E-01  1.4750E-02  4.3541E-01 -1.3852E-02
  2.1384E+01  7.1373E+01 -2.2945E-03  3.8591E-01  1.4749E-02  4.3543E-01 -1.3850E-02
  2.1392E+01  7.1399E+01 -2.2937E-03  3.8581E-01  1.4747E-02  4.3545E-01 -1.3848E-02
  2.1400E+01  7.1424E+01 -2.2929E-03  3.8570E-01  1.4746E-02  4.3547E-01 -1.3846E-02
  2.1408E+01  7.1450E+01 -2.2922E-03  3.8559E-01  1.4527E-02  4.3534E-01 -1.3612E-02
  2.1415E+01  7.1476E+01 -2.2915E-03  3.8549E-01  1.3910E-02  4.3537E-01 -1.2951E-02
  2.1423E+01  7.1501E+01 -2.2908E-03  3.8539E-01  1.3277E-02  4.3539E-01 -1.2269E-02
  2.1431E+01  7.1527E+01 -2.2901E-03  3.8530E-01  1.2651E-02  4.3541E-01 -1.1587E-02
  2.1439E+01  7.1553E+01 -2.2895E-03  3.8521E-01  1.2030E-02  4.3543E-01 -1.0905E-02
  2.1446E+01  7.1579E+01 -2.2889E-03  3.8513E-01  1.1416E-02  4.3545E-01 -1.0224E-02
  2.1454E+01  7.1605E+01 -2.2883E-03  3.8505E-01  1.0811E-02  4.3547E-01 -9.5422E-03
  2.1462E+01  7.1631E+01 -2.2878E-03  3.8498E-01  1.0215E-02  4.3549E-01 -8.8609E-03
  2.1470E+01  7.1657E+01 -2.2873E-03  3.8492E-01  9.6309E-03  4.3551E-01 -8.1798E-03
  2.1477E+01  7.1683E+01 -2.2868E-03  3.8486E-01  9.0602E-03  4.3554E-01 -7.4987E-03
  2.1485E+01  7.1708E+01 -2.2863E-03  3.8480E-01  8.5205E-03  4.3556E-01 -6.8361E-03
  2.1493E+01  7.1734E+01 -2.2859E-03  3.8475E-01  7.9852E-03  4.3558E-01 -6.1553E-03
  2.1501E+01  7.1760E+01 -2.2855E-03  3.8471E-01  7.4736E-03  4.3560E-01 -5.4745E-03
  2.1508E+01  7.1786E+01 -2.2852E-03  3.8467E-01  6.9909E-03  4.3562E-01 -4.7938E-03
  2.1516E+01  7.1812E+01 -2.2849E-03  3.8463E-01  6.5435E-03  4.3564E-01 -4.1132E-03
  2.1524E+01  7.1837E+01 -2.2846E-03  3.8460E-01  6.1391E-03  4.3566E-01 -3.4326E-03
  2.1532E+01  7.1863E+01 -2.2843E-03  3.8458E-01  5.7866E-03  4.3568E-01 -2.7520E-03
  2.1539E+01  7.1889E+01 -2.2841E-03  3.8456E-01  5.4961E-03  4.3570E-01 -2.0715E-03
  2.1547E+01  7.1914E+01 -2.2839E-03  3.8455E-01  5.2827E-03  4.3572E-01 -1.4094E-03
  2.1555E+01  7.1940E+01 -2.2837E-03  3.8454E-01  5.1495E-03  4.3588E-01 -7.5959E-04
  2.1562E+01  7.1966E+01 -2.2836E-03  3.8453E-01  5.1391E-03  4.3589E-01 -6.8424E-04
  2.1570E+01  7.1992E+01 -2.2834E-03  3.8453E-01  5.1392E-03  4.3591E-01 -6.8217E-04
  2.1578E+01  7.2018E+01 -2.2833E-03  3.8452E-01  5.1392E-03  4.3593E-01 -6.8011E-04
  2.1586E+01  7.2044E+01 -2.2831E-03  3.8452E-01  5.1392E-03  4.3595E-01 -6.7805E-04
  2.1594E+01  7.2070E+01 -2.2830E-03  3.8451E-01  5.1393E-03  4.3597E-01 -6.7599E-04
  2.1601E+01  7.2096E+01 -2.2828E-03  3.8451E-01  5.1393E-03  4.3599E-01 -6.7392E-04
  2.1609E+01  7.2121E+01 -2.2827E-03  3.8450E-01  5.1393E-03  4.3601E-01 -6.7192E-04
  2.1617E+01  7.2147E+01 -2.2825E-03  3.8450E-01  5.1394E-03  4.3603E-01 -6.6986E-04
  2.1624E+01  7.2173E+01 -2.2824E-03  3.8449E-01  5.1394E-03  4.3606E-01 -6.6779E-04
  2.1632E+01  7.2199E+01 -2.2822E-03  3.8449E-01  5.1394E-03  4.3608E-01 -6.6573E-04
  2.1640E+01  7.2225E+01 -2.2821E-03  3.8448E-01  5.1395E-03  4.3610E-01 -6.6367E-04
  2.1648E+01  7.2250E+01 -2.2819E-03  3.8448E-01  5.1395E-03  4.3612E-01 -6.6161E-04
  2.1655E+01  7.2276E+01 -2.2818E-03  3.8447E-01  5.1396E-03  4.3614E-01 -6.5955E-04
  2.1663E+01  7.2302E+01 -2.2816E-03  3.8447E-01  5.1396E-03  4.3616E-01 -6.5748E-04
  2.1671E+01  7.2327E+01 -2.2815E-03  3.8446E-01  5.1396E-03  4.3618E-01 -6.5548E-04
  2.1679E+01  7.2353E+01 -2.2813E-03  3.8446E-01  5.1397E-03  4.3620E-01 -6.5342E-04
  2.1686E+01  7.2379E+01 -2.2812E-03  3.8445E-01  5.1397E-03  4.3622E-01 -6.5136E-04
  2.1694E+01  7.2405E+01 -2.2810E-03  3.8445E-01  5.1398E-03  4.3624E-01 -6.4929E-04
  2.1702E+01  7.2431E+01 -2.2809E-03  3.8444E-01  5.1398E-03  4.3626E-01 -6.4723E-04
  2.1710E+01  7.2457E+01 -2.2807E-03  3.8444E-01  5.1399E-03  4.3628E-01 -6.4517E-04
  2.1717E+01  7.2483E+01 -2.2806E-03  3.8443E-01  5.1399E-03  4.3630E-01 -6.4311E-04
  2.1725E+01  7.2509E+01 -2.2804E-03  3.8443E-01  5.1400E-03  4.3632E-01 -6.4105E-04
  2.1733E+01  7.2535E+01 -2.2803E-03  3.8442E-01  5.1400E-03  4.3634E-01 -6.3899E-04
  2.1740E+01  7.2560E+01 -2.2801E-03  3.8442E-01  5.1401E-03  4.3636E-01 -6.3698E-04
  2.1748E+01  7.2586E+01 -2.2800E-03  3.8441E-01  5.1401E-03  4.3638E-01 -6.3492E-04
  2.1756E+01  7.2612E+01 -2.2798E-03  3.8441E-01  5.1402E-03  4.3640E-01 -6.3286E-04
  2.1764E+01  7.2638E+01 -2.2797E-03  3.8440E-01  5.1402E-03  4.3643E-01 -6.3080E-04
  2.1771E+01  7.2663E+01 -2.2795E-03  3.8440E-01  5.1403E-03  4.3645E-01 -6.2874E-04
  2.1779E+01  7.2689E+01 -2.2794E-03  3.8439E-01  5.1403E-03  4.3647E-01 -6.2668E-04
  2.1787E+01  7.2715E+01 -2.2792E-03  3.8439E-01  5.1404E-03  4.3649E-01 -6.2462E-04
  2.1795E+01  7.2741E+01 -2.2791E-03  3.8438E-01  5.1404E-03  4.3651E-01 -6.2256E-04
  2.1802E+01  7.2766E+01 -2.2789E-03  3.8438E-01  5.1405E-03  4.3653E-01 -6.2055E-04
  2.1810E+01  7.2792E+01 -2.2788E-03  3.8437E-01  5.1405E-03  4.3655E-01 -6.1849E-04
  2.1818E+01  7.2818E+01 -2.2786E-03  3.8437E-01  5.1406E-03  4.3657E-01 -6.1643E-04
  2.1826E+01  7.2844E+01 -2.2785E-03  3.8436E-01  5.1406E-03  4.3659E-01 -6.1437E-04
  2.1833E+01  7.2870E+01 -2.2783E-03  3.8436E-01  5.1407E-03  4.3661E-01 -6.1231E-04
  2.1841E+01  7.2896E+01 -2.2782E-03  3.8435E-01  5.1408E-03  4.3663E-01 -6.1025E-04
  2.1849E+01  7.2922E+01 -2.2780E-03  3.8435E-01  5.1408E-03  4.3665E-01 -6.0820E-04
  2.1857E+01  7.2948E+01 -2.2779E-03  3.8434E-01  5.1409E-03  4.3667E-01 -6.0614E-04
  2.1864E+01  7.2973E+01 -2.2777E-03  3.8434E-01  5.1409E-03  4.3669E-01 -6.0413E-04
  2.1872E+01  7.2999E+01 -2.2776E-03  3.8433E-01  5.1410E-03  4.3671E-01 -6.0207E-04
  2.1880E+01  7.3025E+01 -2.2774E-03  3.8433E-01  5.1411E-03  4.3674E-01 -6.0001E-04
  2.1888E+01  7.3051E+01 -2.2773E-03  3.8432E-01  5.1411E-03  4.3676E-01 -5.9796E-04
  2.1895E+01  7.3076E+01 -2.2772E-03  3.8432E-01  5.1108E-03  4.3658E-01 -2.5797E-04
  2.1903E+01  7.3102E+01 -2.2771E-03  3.8432E-01  5.1933E-03  4.3663E-01  9.5472E-04
  2.1911E+01  7.3128E+01 -2.2770E-03  3.8434E-01  5.5491E-03  4.3666E-01  2.1755E-03
  2.1919E+01  7.3154E+01 -2.2770E-03  3.8436E-01  6.1314E-03  4.3668E-01  3.3962E-03
  2.1926E+01  7.3179E+01 -2.2771E-03  3.8439E-01  6.8609E-03  4.3670E-01  4.5841E-03
  2.1934E+01  7.3205E+01 -2.2772E-03  3.8443E-01  7.7301E-03  4.3672E-01  5.8051E-03
  2.1942E+01  7.3231E+01 -2.2774E-03  3.8448E-01  8.6844E-03  4.3674E-01  7.0262E-03
  2.1949E+01  7.3257E+01 -2.2776E-03  3.8454E-01  9.6988E-03  4.3676E-01  8.2475E-03
  2.1957E+01  7.3283E+01 -2.2779E-03  3.8461E-01  1.0756E-02  4.3678E-01  9.4690E-03
  2.1965E+01  7.3309E+01 -2.2783E-03  3.8468E-01  1.1846E-02  4.3681E-01  1.0691E-02
  2.1973E+01  7.3335E+01 -2.2787E-03  3.8477E-01  1.2959E-02  4.3683E-01  1.1913E-02
  2.1980E+01  7.3361E+01 -2.2791E-03  3.8487E-01  1.4090E-02  4.3685E-01  1.3135E-02
  2.1988E+01  7.3386E+01 -2.2796E-03  3.8497E-01  1.5205E-02  4.3687E-01  1.4325E-02
  2.1996E+01  7.3412E+01 -2.2802E-03  3.8509E-01  1.6362E-02  4.3689E-01  1.5548E-02
  2.2004E+01  7.3438E+01 -2.2809E-03  3.8521E-01  1.7528E-02  4.3691E-01  1.6771E-02
  2.2011E+01  7.3464E+01 -2.2815E-03  3.8535E-01  1.8702E-02  4.3693E-01  1.7995E-02
  2.2019E+01  7.3489E+01 -2.2823E-03  3.8549E-01  1.9882E-02  4.3696E-01  1.9219E-02
  2.2027E+01  7.3515E+01 -2.2831E-03  3.8565E-01  2.1068E-02  4.3698E-01  2.0444E-02
  2.2035E+01  7.3541E+01 -2.2839E-03  3.8581E-01  2.2258E-02  4.3700E-01  2.1669E-02
  2.2042E+01  7.3567E+01 -2.2849E-03  3.8598E-01  2.3414E-02  4.3721E-01  2.2854E-02
  2.2050E+01  7.3593E+01 -2.2858E-03  3.8616E-01  2.3577E-02  4.3719E-01  2.3021E-02
  2.2058E+01  7.3618E+01 -2.2867E-03  3.8633E-01  2.3578E-02  4.3721E-01  2.3023E-02
  2.2065E+01  7.3644E+01 -2.2876E-03  3.8651E-01  2.3580E-02  4.3723E-01  2.3025E-02
  2.2073E+01  7.3670E+01 -2.2886E-03  3.8669E-01  2.3581E-02  4.3725E-01  2.3027E-02
  2.2081E+01  7.3696E+01 -2.2895E-03  3.8687E-01  2.3583E-02  4.3727E-01  2.3029E-02
  2.2089E+01  7.3722E+01 -2.2905E-03  3.8705E-01  2.3584E-02  4.3729E-01  2.3031E-02
  2.2097E+01  7.3748E+01 -2.2914E-03  3.8723E-01  2.3586E-02  4.3731E-01  2.3033E-02
  2.2104E+01  7.3774E+01 -2.2923E-03  3.8741E-01  2.3587E-02  4.3734E-01  2.3035E-02
  2.2112E+01  7.3800E+01 -2.2933E-03  3.8758E-01  2.3589E-02  4.3736E-01  2.3037E-02
  2.2120E+01  7.3825E+01 -2.2942E-03  3.8776E-01  2.3590E-02  4.3738E-01  2.3039E-02
  2.2127E+01  7.3851E+01 -2.2951E-03  3.8794E-01  2.3592E-02  4.3740E-01  2.3042E-02
  2.2135E+01  7.3877E+01 -2.2961E-03  3.8812E-01  2.3593E-02  4.3742E-01  2.3044E-02
  2.2143E+01  7.3902E+01 -2.2970E-03  3.8829E-01  2.3595E-02  4.3744E-01  2.3046E-02
  2.2151E+01  7.3928E+01 -2.2980E-03  3.8847E-01  2.3597E-02  4.3746E-01  2.3048E-02
  2.2158E+01  7.3954E+01 -2.2989E-03  3.8865E-01  2.3598E-02  4.3748E-01  2.3050E-02
  2.2166E+01  7.3980E+01 -2.2998E-03  3.8883E-01  2.3600E-02  4.3751E-01  2.3052E-02
  2.2174E+01  7.4006E+01 -2.3008E-03  3.8901E-01  2.3601E-02  4.3753E-01  2.3054E-02
  2.2182E+01  7.4031E+01 -2.3017E-03  3.8918E-01  2.3603E-02  4.3755E-01  2.3056E-02
  2.2189E+01  7.4057E+01 -2.3026E-03  3.8936E-01  2.3604E-02  4.3757E-01  2.3058E-02
  2.2197E+01  7.4083E+01 -2.3036E-03  3.8954E-01  2.3606E-02  4.3759E-01  2.3060E-02
  2.2205E+01  7.4109E+01 -2.3045E-03  3.8972E-01  2.3607E-02  4.3761E-01  2.3062E-02
  2.2213E+01  7.4135E+01 -2.3054E-03  3.8990E-01  2.3609E-02  4.3763E-01  2.3064E-02
  2.2220E+01  7.4161E+01 -2.3064E-03  3.9008E-01  2.3610E-02  4.3765E-01  2.3066E-02
  2.2228E+01  7.4187E+01 -2.3073E-03  3.9026E-01  2.3612E-02  4.3768E-01  2.3068E-02
  2.2236E+01  7.4213E+01 -2.3083E-03  3.9044E-01  2.3614E-02  4.3770E-01  2.3070E-02
  2.2243E+01  7.4238E+01 -2.3092E-03  3.9061E-01  2.3615E-02  4.3772E-01  2.3072E-02
  2.2251E+01  7.4264E+01 -2.3101E-03  3.9079E-01  2.3617E-02  4.3774E-01  2.3074E-02
  2.2259E+01  7.4290E+01 -2.3110E-03  3.9097E-01  2.3618E-02  4.3776E-01  2.3076E-02
  2.2267E+01  7.4315E+01 -2.3120E-03  3.9115E-01  2.3620E-02  4.3778E-01  2.3078E-02
  2.2274E+01  7.4341E+01 -2.3129E-03  3.9133E-01  2.3621E-02  4.3781E-01  2.3080E-02
  2.2282E+01  7.4367E+01 -2.3139E-03  3.9150E-01  2.3623E-02  4.3783E-01  2.3082E-02
  2.2290E+01  7.4393E+01 -2.3148E-03  3.9168E-01  2.3624E-02  4.3785E-01  2.3084E-02
  2.2298E+01  7.4419E+01 -2.3157E-03  3.9186E-01  2.3626E-02  4.3787E-01  2.3086E-02
  2.2306E+01  7.4445E+01 -2.3167E-03  3.9204E-01  2.3627E-02  4.3789E-01  2.3088E-02
  2.2313E+01  7.4470E+01 -2.3176E-03  3.9222E-01  2.3629E-02  4.3791E-01  2.3090E-02
  2.2321E+01  7.4496E+01 -2.3185E-03  3.9239E-01  2.3630E-02  4.3793E-01  2.3092E-02
  2.2329E+01  7.4522E+01 -2.3195E-03  3.9257E-01  2.3632E-02  4.3796E-01  2.3094E-02
  2.2336E+01  7.4548E+01 -2.3204E-03  3.9275E-01  2.3634E-02  4.3798E-01  2.3096E-02
  2.2344E+01  7.4574E+01 -2.3214E-03  3.9293E-01  2.3635E-02  4.3800E-01  2.3098E-02
  2.2352E+01  7.4600E+01 -2.3223E-03  3.9311E-01  2.3637E-02  4.3802E-01  2.3100E-02
  2.2360E+01  7.4626E+01 -2.3232E-03  3.9329E-01  2.3638E-02  4.3804E-01  2.3102E-02
  2.2367E+01  7.4651E+01 -2.3242E-03  3.9347E-01  2.3640E-02  4.3807E-01  2.3104E-02
  2.2375E+01  7.4677E+01 -2.3251E-03  3.9364E-01  2.3641E-02  4.3809E-01  2.3106E-02
  2.2383E+01  7.4703E+01 -2.3260E-03  3.9382E-01  2.3959E-02  4.3791E-01  2.3432E-02
  2.2391E+01  7.4728E+01 -2.3270E-03  3.9401E-01  2.5401E-02  4.3802E-01  2.4905E-02
  2.2398E+01  7.4754E+01 -2.3281E-03  3.9421E-01  2.6865E-02  4.3804E-01  2.6397E-02
  2.2406E+01  7.4780E+01 -2.3292E-03  3.9442E-01  2.8333E-02  4.3806E-01  2.7890E-02
  2.2414E+01  7.4806E+01 -2.3304E-03  3.9464E-01  2.9805E-02  4.3808E-01  2.9384E-02
  2.2422E+01  7.4832E+01 -2.3317E-03  3.9488E-01  3.1279E-02  4.3811E-01  3.0879E-02
  2.2429E+01  7.4858E+01 -2.3330E-03  3.9512E-01  3.2756E-02  4.3813E-01  3.2375E-02
  2.2437E+01  7.4883E+01 -2.3344E-03  3.9537E-01  3.4196E-02  4.3815E-01  3.3831E-02
  2.2445E+01  7.4909E+01 -2.3359E-03  3.9564E-01  3.5677E-02  4.3818E-01  3.5329E-02
  2.2452E+01  7.4935E+01 -2.3374E-03  3.9592E-01  3.7162E-02  4.3820E-01  3.6827E-02
  2.2460E+01  7.4961E+01 -2.3390E-03  3.9621E-01  3.8648E-02  4.3822E-01  3.8327E-02
  2.2468E+01  7.4987E+01 -2.3407E-03  3.9651E-01  4.0136E-02  4.3824E-01  3.9828E-02
  2.2476E+01  7.5013E+01 -2.3425E-03  3.9683E-01  4.1627E-02  4.3827E-01  4.1330E-02
  2.2483E+01  7.5039E+01 -2.3443E-03  3.9715E-01  4.3119E-02  4.3829E-01  4.2833E-02
  2.2491E+01  7.5064E+01 -2.3462E-03  3.9749E-01  4.4614E-02  4.3831E-01  4.4338E-02
  2.2499E+01  7.5090E+01 -2.3481E-03  3.9783E-01  4.6070E-02  4.3834E-01  4.5803E-02
  2.2507E+01  7.5116E+01 -2.3501E-03  3.9819E-01  4.7568E-02  4.3836E-01  4.7310E-02
  2.2514E+01  7.5141E+01 -2.3522E-03  3.9857E-01  4.9068E-02  4.3838E-01  4.8818E-02
  2.2522E+01  7.5167E+01 -2.3544E-03  3.9895E-01  5.0570E-02  4.3841E-01  5.0328E-02
  2.2530E+01  7.5193E+01 -2.3566E-03  3.9935E-01  5.2047E-02  4.3859E-01  5.1812E-02
  2.2538E+01  7.5219E+01 -2.3589E-03  3.9975E-01  5.2328E-02  4.3855E-01  5.2095E-02
  2.2545E+01  7.5245E+01 -2.3612E-03  4.0015E-01  5.2330E-02  4.3858E-01  5.2097E-02
  2.2553E+01  7.5271E+01 -2.3634E-03  4.0056E-01  5.2331E-02  4.3860E-01  5.2099E-02
  2.2561E+01  7.5297E+01 -2.3657E-03  4.0096E-01  5.2333E-02  4.3862E-01  5.2101E-02
  2.2568E+01  7.5322E+01 -2.3679E-03  4.0136E-01  5.2334E-02  4.3865E-01  5.2103E-02
  2.2576E+01  7.5348E+01 -2.3702E-03  4.0176E-01  5.2336E-02  4.3867E-01  5.2105E-02
  2.2584E+01  7.5374E+01 -2.3725E-03  4.0216E-01  5.2337E-02  4.3869E-01  5.2107E-02
  2.2592E+01  7.5400E+01 -2.3747E-03  4.0257E-01  5.2339E-02  4.3872E-01  5.2109E-02
  2.2600E+01  7.5426E+01 -2.3770E-03  4.0297E-01  5.2340E-02  4.3874E-01  5.2111E-02
  2.2607E+01  7.5452E+01 -2.3793E-03  4.0338E-01  5.2342E-02  4.3876E-01  5.2113E-02
  2.2615E+01  7.5477E+01 -2.3816E-03  4.0378E-01  5.2344E-02  4.3879E-01  5.2115E-02
  2.2623E+01  7.5503E+01 -2.3838E-03  4.0418E-01  5.2345E-02  4.3881E-01  5.2117E-02
  2.2630E+01  7.5529E+01 -2.3860E-03  4.0458E-01  5.2347E-02  4.3883E-01  5.2119E-02
  2.2638E+01  7.5554E+01 -2.3883E-03  4.0498E-01  5.2348E-02  4.3886E-01  5.2121E-02
  2.2646E+01  7.5580E+01 -2.3906E-03  4.0539E-01  5.2350E-02  4.3888E-01  5.2123E-02
  2.2654E+01  7.5606E+01 -2.3929E-03  4.0579E-01  5.2351E-02  4.3890E-01  5.2125E-02
  2.2661E+01  7.5632E+01 -2.3951E-03  4.0620E-01  5.2353E-02  4.3893E-01  5.2127E-02
  2.2669E+01  7.5658E+01 -2.3974E-03  4.0660E-01  5.2354E-02  4.3895E-01  5.2129E-02
  2.2677E+01  7.5684E+01 -2.3997E-03  4.0700E-01  5.2356E-02  4.3898E-01  5.2131E-02
  2.2685E+01  7.5710E+01 -2.4020E-03  4.0741E-01  5.2357E-02  4.3900E-01  5.2133E-02
  2.2692E+01  7.5735E+01 -2.4042E-03  4.0780E-01  5.2359E-02  4.3902E-01  5.2135E-02
  2.2700E+01  7.5761E+01 -2.4064E-03  4.0821E-01  5.2361E-02  4.3905E-01  5.2137E-02
  2.2708E+01  7.5787E+01 -2.4087E-03  4.0861E-01  5.2362E-02  4.3907E-01  5.2139E-02
  2.2716E+01  7.5813E+01 -2.4110E-03  4.0901E-01  5.2364E-02  4.3909E-01  5.2141E-02
  2.2723E+01  7.5839E+01 -2.4133E-03  4.0942E-01  5.2365E-02  4.3912E-01  5.2143E-02
  2.2731E+01  7.5865E+01 -2.4155E-03  4.0982E-01  5.2367E-02  4.3914E-01  5.2145E-02
  2.2739E+01  7.5890E+01 -2.4178E-03  4.1023E-01  5.2368E-02  4.3917E-01  5.2147E-02
  2.2747E+01  7.5916E+01 -2.4201E-03  4.1063E-01  5.2370E-02  4.3919E-01  5.2149E-02
  2.2754E+01  7.5942E+01 -2.4223E-03  4.1103E-01  5.2371E-02  4.3921E-01  5.2151E-02
  2.2762E+01  7.5967E+01 -2.4246E-03  4.1143E-01  5.2373E-02  4.3924E-01  5.2153E-02
  2.2770E+01  7.5993E+01 -2.4268E-03  4.1183E-01  5.2374E-02  4.3926E-01  5.2155E-02
  2.2778E+01  7.6019E+01 -2.4291E-03  4.1224E-01  5.2376E-02  4.3929E-01  5.2157E-02
  2.2785E+01  7.6045E+01 -2.4314E-03  4.1264E-01  5.2378E-02  4.3931E-01  5.2159E-02
  2.2793E+01  7.6071E+01 -2.4336E-03  4.1305E-01  5.2379E-02  4.3934E-01  5.2161E-02
  2.2801E+01  7.6097E+01 -2.4359E-03  4.1345E-01  5.2381E-02  4.3936E-01  5.2163E-02
  2.2809E+01  7.6123E+01 -2.4382E-03  4.1386E-01  5.2382E-02  4.3938E-01  5.2165E-02
  2.2816E+01  7.6148E+01 -2.4404E-03  4.1425E-01  5.2384E-02  4.3941E-01  5.2167E-02
  2.2824E+01  7.6174E+01 -2.4427E-03  4.1466E-01  5.2385E-02  4.3943E-01  5.2168E-02
  2.2832E+01  7.6200E+01 -2.4450E-03  4.1506E-01  5.2387E-02  4.3946E-01  5.2170E-02
  2.2839E+01  7.6226E+01 -2.4472E-03  4.1546E-01  5.2388E-02  4.3948E-01  5.2172E-02
  2.2847E+01  7.6252E+01 -2.4495E-03  4.1587E-01  5.2390E-02  4.3951E-01  5.2174E-02
  2.2855E+01  7.6278E+01 -2.4518E-03  4.1627E-01  5.2392E-02  4.3953E-01  5.2176E-02
  2.2863E+01  7.6303E+01 -2.4540E-03  4.1668E-01  5.2393E-02  4.3955E-01  5.2178E-02
  2.2870E+01  7.6329E+01 -2.4563E-03  4.1708E-01  5.2395E-02  4.3958E-01  5.2180E-02
  2.2878E+01  7.6355E+01 -2.4586E-03  4.1749E-01  5.2372E-02  4.3974E-01  5.2158E-02
  2.2886E+01  7.6380E+01 -2.4608E-03  4.1788E-01  5.1659E-02  4.3974E-01  5.1442E-02
  2.2894E+01  7.6406E+01 -2.4630E-03  4.1827E-01  5.0791E-02  4.3977E-01  5.0571E-02
  2.2901E+01  7.6432E+01 -2.4652E-03  4.1866E-01  4.9923E-02  4.3979E-01  4.9699E-02
  2.2909E+01  7.6458E+01 -2.4673E-03  4.1905E-01  4.9054E-02  4.3982E-01  4.8826E-02
  2.2917E+01  7.6484E+01 -2.4694E-03  4.1942E-01  4.8184E-02  4.3984E-01  4.7953E-02
  2.2925E+01  7.6510E+01 -2.4714E-03  4.1979E-01  4.7313E-02  4.3987E-01  4.7079E-02
  2.2932E+01  7.6536E+01 -2.4735E-03  4.2015E-01  4.6442E-02  4.3989E-01  4.6203E-02
  2.2940E+01  7.6562E+01 -2.4754E-03  4.2051E-01  4.5571E-02  4.3991E-01  4.5328E-02
  2.2948E+01  7.6587E+01 -2.4773E-03  4.2084E-01  4.4722E-02  4.3994E-01  4.4475E-02
  2.2955E+01  7.6613E+01 -2.4792E-03  4.2119E-01  4.3850E-02  4.3996E-01  4.3598E-02
  2.2963E+01  7.6639E+01 -2.4810E-03  4.2152E-01  4.2976E-02  4.3999E-01  4.2720E-02
  2.2971E+01  7.6665E+01 -2.4829E-03  4.2185E-01  4.2103E-02  4.4001E-01  4.1841E-02
  2.2979E+01  7.6691E+01 -2.4846E-03  4.2217E-01  4.1229E-02  4.4003E-01  4.0962E-02
  2.2987E+01  7.6716E+01 -2.4864E-03  4.2248E-01  4.0354E-02  4.4006E-01  4.0082E-02
  2.2994E+01  7.6742E+01 -2.4880E-03  4.2279E-01  3.9479E-02  4.4008E-01  3.9201E-02
  2.3002E+01  7.6768E+01 -2.4897E-03  4.2309E-01  3.8604E-02  4.4011E-01  3.8320E-02
  2.3010E+01  7.6793E+01 -2.4913E-03  4.2338E-01  3.7752E-02  4.4013E-01  3.7462E-02
  2.3017E+01  7.6819E+01 -2.4928E-03  4.2367E-01  3.6876E-02  4.4016E-01  3.6579E-02
  2.3025E+01  7.6845E+01 -2.4944E-03  4.2395E-01  3.6000E-02  4.4018E-01  3.5697E-02
  2.3033E+01  7.6871E+01 -2.4959E-03  4.2422E-01  3.5544E-02  4.4009E-01  3.5237E-02
  2.3041E+01  7.6897E+01 -2.4973E-03  4.2449E-01  3.5545E-02  4.4012E-01  3.5238E-02
  2.3048E+01  7.6923E+01 -2.4988E-03  4.2477E-01  3.5546E-02  4.4015E-01  3.5240E-02
  2.3056E+01  7.6949E+01 -2.5003E-03  4.2504E-01  3.5548E-02  4.4017E-01  3.5242E-02
  2.3064E+01  7.6975E+01 -2.5018E-03  4.2531E-01  3.5550E-02  4.4020E-01  3.5244E-02
  2.3072E+01  7.7000E+01 -2.5033E-03  4.2558E-01  3.5551E-02  4.4022E-01  3.5246E-02
  2.3079E+01  7.7026E+01 -2.5048E-03  4.2585E-01  3.5553E-02  4.4025E-01  3.5248E-02
  2.3087E+01  7.7052E+01 -2.5063E-03  4.2613E-01  3.5554E-02  4.4027E-01  3.5250E-02
  2.3095E+01  7.7078E+01 -2.5078E-03  4.2640E-01  3.5556E-02  4.4030E-01  3.5252E-02
  2.3103E+01  7.7104E+01 -2.5092E-03  4.2667E-01  3.5557E-02  4.4032E-01  3.5254E-02
  2.3110E+01  7.7129E+01 -2.5107E-03  4.2695E-01  3.5559E-02  4.4035E-01  3.5256E-02
  2.3118E+01  7.7155E+01 -2.5122E-03  4.2722E-01  3.5560E-02  4.4037E-01  3.5258E-02
  2.3126E+01  7.7181E+01 -2.5137E-03  4.2749E-01  3.5562E-02  4.4040E-01  3.5259E-02
  2.3134E+01  7.7207E+01 -2.5152E-03  4.2777E-01  3.5564E-02  4.4042E-01  3.5261E-02
  2.3141E+01  7.7232E+01 -2.5167E-03  4.2803E-01  3.5565E-02  4.4045E-01  3.5263E-02
  2.3149E+01  7.7258E+01 -2.5182E-03  4.2831E-01  3.5567E-02  4.4047E-01  3.5265E-02
  2.3157E+01  7.7284E+01 -2.5196E-03  4.2858E-01  3.5568E-02  4.4050E-01  3.5267E-02
  2.3164E+01  7.7310E+01 -2.5211E-03  4.2885E-01  3.5570E-02  4.4052E-01  3.5269E-02
  2.3172E+01  7.7336E+01 -2.5226E-03  4.2913E-01  3.5571E-02  4.4055E-01  3.5271E-02
  2.3180E+01  7.7362E+01 -2.5241E-03  4.2940E-01  3.5573E-02  4.4057E-01  3.5273E-02
  2.3188E+01  7.7388E+01 -2.5256E-03  4.2967E-01  3.5575E-02  4.4060E-01  3.5275E-02
  2.3196E+01  7.7414E+01 -2.5271E-03  4.2995E-01  3.5576E-02  4.4063E-01  3.5277E-02
  2.3203E+01  7.7439E+01 -2.5286E-03  4.3021E-01  3.5578E-02  4.4065E-01  3.5279E-02
  2.3211E+01  7.7465E+01 -2.5301E-03  4.3049E-01  3.5579E-02  4.4068E-01  3.5281E-02
  2.3219E+01  7.7491E+01 -2.5315E-03  4.3076E-01  3.5581E-02  4.4070E-01  3.5283E-02
  2.3226E+01  7.7517E+01 -2.5330E-03  4.3103E-01  3.5582E-02  4.4073E-01  3.5285E-02
  2.3234E+01  7.7542E+01 -2.5345E-03  4.3131E-01  3.5584E-02  4.4075E-01  3.5286E-02
  2.3242E+01  7.7568E+01 -2.5360E-03  4.3158E-01  3.5586E-02  4.4078E-01  3.5288E-02
  2.3250E+01  7.7594E+01 -2.5375E-03  4.3186E-01  3.5587E-02  4.4080E-01  3.5290E-02
  2.3257E+01  7.7620E+01 -2.5390E-03  4.3213E-01  3.5589E-02  4.4083E-01  3.5292E-02
  2.3265E+01  7.7645E+01 -2.5405E-03  4.3240E-01  3.5590E-02  4.4085E-01  3.5294E-02
  2.3273E+01  7.7671E+01 -2.5419E-03  4.3267E-01  3.5592E-02  4.4088E-01  3.5296E-02
  2.3281E+01  7.7697E+01 -2.5434E-03  4.3294E-01  3.5593E-02  4.4091E-01  3.5298E-02
  2.3288E+01  7.7723E+01 -2.5449E-03  4.3322E-01  3.5595E-02  4.4093E-01  3.5300E-02
  2.3296E+01  7.7749E+01 -2.5464E-03  4.3349E-01  3.5596E-02  4.4096E-01  3.5302E-02
  2.3304E+01  7.7775E+01 -2.5479E-03  4.3376E-01  3.5598E-02  4.4098E-01  3.5304E-02
  2.3312E+01  7.7801E+01 -2.5494E-03  4.3404E-01  3.5600E-02  4.4101E-01  3.5306E-02
  2.3319E+01  7.7827E+01 -2.5509E-03  4.3431E-01  3.5601E-02  4.4104E-01  3.5308E-02
  2.3327E+01  7.7852E+01 -2.5523E-03  4.3458E-01  3.5603E-02  4.4106E-01  3.5309E-02
  2.3335E+01  7.7878E+01 -2.5538E-03  4.3485E-01  3.5604E-02  4.4109E-01  3.5311E-02
  2.3342E+01  7.7904E+01 -2.5553E-03  4.3513E-01  3.5606E-02  4.4111E-01  3.5313E-02
  2.3350E+01  7.7930E+01 -2.5568E-03  4.3540E-01  3.5607E-02  4.4114E-01  3.5315E-02
  2.3358E+01  7.7955E+01 -2.5583E-03  4.3567E-01  3.5609E-02  4.4116E-01  3.5317E-02
  2.3366E+01  7.7981E+01 -2.5598E-03  4.3595E-01  3.5611E-02  4.4119E-01  3.5319E-02
  2.3373E+01  7.8007E+01 -2.5613E-03  4.3622E-01  3.5612E-02  4.4122E-01  3.5321E-02
  2.3381E+01  7.8033E+01 -2.5628E-03  4.3650E-01  3.5614E-02  4.4124E-01  3.5323E-02
  2.3389E+01  7.8059E+01 -2.5643E-03  4.3677E-01  3.5615E-02  4.4127E-01  3.5325E-02
  2.3397E+01  7.8084E+01 -2.5657E-03  4.3704E-01  3.5617E-02  4.4129E-01  3.5327E-02
  2.3404E+01  7.8110E+01 -2.5672E-03  4.3731E-01  3.5618E-02  4.4132E-01  3.5329E-02
  2.3412E+01  7.8136E+01 -2.5687E-03  4.3758E-01  3.5620E-02  4.4135E-01  3.5331E-02
  2.3420E+01  7.8162E+01 -2.5702E-03  4.3786E-01  3.5622E-02  4.4137E-01  3.5332E-02
  2.3428E+01  7.8188E+01 -2.5717E-03  4.3813E-01  3.5623E-02  4.4140E-01  3.5334E-02
  2.3435E+01  7.8214E+01 -2.5732E-03  4.3841E-01  3.5625E-02  4.4143E-01  3.5336E-02
  2.3443E+01  7.8240E+01 -2.5747E-03  4.3868E-01  3.5626E-02  4.4145E-01  3.5338E-02
  2.3451E+01  7.8266E+01 -2.5762E-03  4.3895E-01  3.5628E-02  4.4148E-01  3.5340E-02
  2.3458E+01  7.8291E+01 -2.5776E-03  4.3922E-01  3.5629E-02  4.4150E-01  3.5342E-02
  2.3466E+01  7.8317E+01 -2.5791E-03  4.3949E-01  3.5631E-02  4.4153E-01  3.5344E-02
  2.3474E+01  7.8343E+01 -2.5806E-03  4.3977E-01  3.5633E-02  4.4156E-01  3.5346E-02
  2.3482E+01  7.8368E+01 -2.5821E-03  4.4004E-01  3.5634E-02  4.4158E-01  3.5348E-02
  2.3490E+01  7.8394E+01 -2.5836E-03  4.4032E-01  3.5636E-02  4.4161E-01  3.5350E-02
  2.3497E+01  7.8420E+01 -2.5851E-03  4.4059E-01  3.5637E-02  4.4164E-01  3.5352E-02
  2.3505E+01  7.8446E+01 -2.5866E-03  4.4087E-01  3.5639E-02  4.4166E-01  3.5353E-02
  2.3513E+01  7.8472E+01 -2.5881E-03  4.4114E-01  3.5640E-02  4.4169E-01  3.5355E-02
  2.3520E+01  7.8497E+01 -2.5895E-03  4.4141E-01  3.5642E-02  4.4172E-01  3.5357E-02
  2.3528E+01  7.8523E+01 -2.5910E-03  4.4168E-01  3.5644E-02  4.4174E-01  3.5359E-02
  2.3536E+01  7.8549E+01 -2.5925E-03  4.4195E-01  3.5645E-02  4.4177E-01  3.5361E-02
  2.3544E+01  7.8575E+01 -2.5940E-03  4.4223E-01  3.5647E-02  4.4180E-01  3.5363E-02
  2.3551E+01  7.8601E+01 -2.5955E-03  4.4250E-01  3.5648E-02  4.4182E-01  3.5365E-02
  2.3559E+01  7.8627E+01 -2.5970E-03  4.4278E-01  3.5650E-02  4.4185E-01  3.5367E-02
  2.3567E+01  7.8653E+01 -2.5985E-03  4.4305E-01  3.5489E-02  4.4238E-01  3.5204E-02
  2.3575E+01  7.8679E+01 -2.6003E-03  4.4337E-01  5.9468E-02  5.0182E-01  5.9250E-02
  2.3582E+01  7.8704E+01 -2.6028E-03  4.4380E-01  5.3370E-02  5.2195E-01  5.3107E-02
  2.3590E+01  7.8730E+01 -2.6053E-03  4.4424E-01  5.0424E-02  4.9765E-01  5.0171E-02
  2.3598E+01  7.8756E+01 -2.6079E-03  4.4468E-01  4.8611E-02  4.6295E-01  4.8384E-02
  2.3606E+01  7.8781E+01 -2.6104E-03  4.4513E-01  4.8461E-02  4.4002E-01  4.8256E-02
  2.3613E+01  7.8807E+01 -2.6130E-03  4.4557E-01  5.0003E-02  4.4264E-01  4.9801E-02
  2.3621E+01  7.8833E+01 -2.6156E-03  4.4601E-01  5.2704E-02  4.5537E-01  5.2502E-02
  2.3629E+01  7.8859E+01 -2.6182E-03  4.4645E-01  5.6061E-02  4.6267E-01  5.5866E-02
  2.3637E+01  7.8885E+01 -2.6207E-03  4.4689E-01  5.9378E-02  4.6108E-01  5.9194E-02
  2.3644E+01  7.8910E+01 -2.6232E-03  4.4731E-01  6.3286E-02  4.5644E-01  6.3118E-02
  2.3652E+01  7.8936E+01 -2.6258E-03  4.4775E-01  6.4657E-02  4.5731E-01  6.4491E-02
  2.3660E+01  7.8962E+01 -2.6283E-03  4.4819E-01  6.4615E-02  4.6232E-01  6.4446E-02
  2.3667E+01  7.8988E+01 -2.6308E-03  4.4862E-01  6.3860E-02  4.8043E-01  6.3675E-02
  2.3675E+01  7.9014E+01 -2.6333E-03  4.4906E-01  6.1602E-02  5.0451E-01  6.1391E-02
  2.3683E+01  7.9040E+01 -2.6359E-03  4.4950E-01  5.8188E-02  5.2447E-01  5.7947E-02
  2.3691E+01  7.9066E+01 -2.6384E-03  4.4994E-01  5.4714E-02  5.3106E-01  5.4450E-02
  2.3699E+01  7.9092E+01 -2.6410E-03  4.5038E-01  5.1412E-02  5.1307E-01  5.1151E-02
  2.3706E+01  7.9117E+01 -2.6436E-03  4.5083E-01  4.9030E-02  4.7272E-01  4.8797E-02
  2.3714E+01  7.9143E+01 -2.6461E-03  4.5126E-01  4.8594E-02  4.3943E-01  4.8391E-02
  2.3722E+01  7.9169E+01 -2.6487E-03  4.5171E-01  5.0198E-02  4.4311E-01  4.9998E-02
  2.3729E+01  7.9194E+01 -2.6513E-03  4.5215E-01  5.3114E-02  4.5691E-01  5.2913E-02
  2.3737E+01  7.9220E+01 -2.6539E-03  4.5259E-01  5.6577E-02  4.6358E-01  5.6383E-02
  2.3745E+01  7.9246E+01 -2.6564E-03  4.5303E-01  6.0082E-02  4.6365E-01  5.9900E-02
  2.3753E+01  7.9272E+01 -2.6590E-03  4.5347E-01  6.2860E-02  4.5743E-01  6.2691E-02
  2.3760E+01  7.9298E+01 -2.6615E-03  4.5391E-01  6.4527E-02  4.5470E-01  6.4364E-02
  2.3768E+01  7.9324E+01 -2.6641E-03  4.5435E-01  6.5542E-02  4.6214E-01  6.5376E-02
  2.3776E+01  7.9349E+01 -2.6666E-03  4.5477E-01  6.4162E-02  4.8386E-01  6.3976E-02
  2.3784E+01  7.9375E+01 -2.6691E-03  4.5521E-01  6.1511E-02  5.0795E-01  6.1298E-02
  2.3791E+01  7.9401E+01 -2.6716E-03  4.5565E-01  5.8389E-02  5.3097E-01  5.8143E-02
  2.3799E+01  7.9427E+01 -2.6742E-03  4.5610E-01  5.4724E-02  5.3637E-01  5.4457E-02
  2.3807E+01  7.9453E+01 -2.6768E-03  4.5654E-01  5.1198E-02  5.1010E-01  5.0940E-02
  2.3815E+01  7.9479E+01 -2.6794E-03  4.5699E-01  4.9010E-02  4.7227E-01  4.8779E-02
  2.3822E+01  7.9505E+01 -2.6820E-03  4.5743E-01  4.8416E-02  4.4315E-01  4.8211E-02
  2.3830E+01  7.9530E+01 -2.6846E-03  4.5788E-01  4.9675E-02  4.4066E-01  4.9476E-02
  2.3838E+01  7.9556E+01 -2.6871E-03  4.5832E-01  5.3557E-02  4.5863E-01  5.3358E-02
  2.3845E+01  7.9582E+01 -2.6897E-03  4.5876E-01  5.7124E-02  4.6644E-01  5.6931E-02
  2.3853E+01  7.9607E+01 -2.6923E-03  4.5921E-01  6.0538E-02  4.6324E-01  6.0359E-02
  2.3861E+01  7.9633E+01 -2.6949E-03  4.5965E-01  6.3277E-02  4.5702E-01  6.3110E-02
  2.3869E+01  7.9659E+01 -2.6975E-03  4.6009E-01  6.5480E-02  4.5872E-01  6.5317E-02
  2.3876E+01  7.9685E+01 -2.7000E-03  4.6053E-01  6.5917E-02  4.6309E-01  6.5752E-02
  2.3884E+01  7.9711E+01 -2.7026E-03  4.6096E-01  6.4808E-02  4.7761E-01  6.4630E-02
  2.3892E+01  7.9737E+01 -2.7051E-03  4.6140E-01  6.2973E-02  5.0410E-01  6.2769E-02
  2.3900E+01  7.9762E+01 -2.7076E-03  4.6183E-01  5.8475E-02  5.3705E-01  5.8226E-02
  2.3907E+01  7.9788E+01 -2.7102E-03  4.6228E-01  5.4460E-02  5.3654E-01  5.4192E-02
  2.3915E+01  7.9814E+01 -2.7128E-03  4.6273E-01  5.1155E-02  5.1249E-01  5.0896E-02
  2.3923E+01  7.9840E+01 -2.7154E-03  4.6318E-01  4.8967E-02  4.7271E-01  4.8736E-02
  2.3931E+01  7.9866E+01 -2.7180E-03  4.6363E-01  4.8519E-02  4.4197E-01  4.8316E-02
  2.3938E+01  7.9892E+01 -2.7206E-03  4.6408E-01  4.9929E-02  4.4149E-01  4.9732E-02
  2.3946E+01  7.9918E+01 -2.7232E-03  4.6452E-01  5.2673E-02  4.5584E-01  5.2474E-02
  2.3954E+01  7.9943E+01 -2.7258E-03  4.6497E-01  5.6233E-02  4.6563E-01  5.6039E-02
  2.3962E+01  7.9969E+01 -2.7284E-03  4.6542E-01  5.9846E-02  4.6491E-01  5.9664E-02
  2.3969E+01  7.9995E+01 -2.7310E-03  4.6585E-01  6.4214E-02  4.5923E-01  6.4049E-02
  2.3977E+01  8.0020E+01 -2.7335E-03  4.6629E-01  6.5875E-02  4.5840E-01  6.5715E-02
  2.3985E+01  8.0046E+01 -2.7361E-03  4.6673E-01  6.6053E-02  4.6274E-01  6.5890E-02
  2.3993E+01  8.0072E+01 -2.7387E-03  4.6717E-01  6.5460E-02  4.8203E-01  6.5282E-02
  2.4000E+01  8.0098E+01 -2.7412E-03  4.6761E-01  6.3197E-02  5.0919E-01  6.2991E-02
  2.4008E+01  8.0124E+01 -2.7438E-03  4.6806E-01  5.9639E-02  5.3387E-01  5.9399E-02
  2.4016E+01  8.0150E+01 -2.7464E-03  4.6850E-01  5.5926E-02  5.4540E-01  5.5658E-02
  2.4024E+01  8.0176E+01 -2.7490E-03  4.6895E-01  5.2266E-02  5.2922E-01  5.1997E-02
  2.4031E+01  8.0201E+01 -2.7515E-03  4.6939E-01  4.8890E-02  4.6862E-01  4.8665E-02
  2.4039E+01  8.0227E+01 -2.7542E-03  4.6984E-01  4.8616E-02  4.4097E-01  4.8415E-02
  2.4047E+01  8.0253E+01 -2.7568E-03  4.7030E-01  5.0095E-02  4.4181E-01  4.9899E-02
  2.4054E+01  8.0279E+01 -2.7595E-03  4.7075E-01  5.3078E-02  4.5759E-01  5.2880E-02
  2.4062E+01  8.0305E+01 -2.7621E-03  4.7120E-01  5.6757E-02  4.6679E-01  5.6564E-02
  2.4070E+01  8.0331E+01 -2.7647E-03  4.7164E-01  6.0559E-02  4.6807E-01  6.0378E-02
  2.4078E+01  8.0356E+01 -2.7673E-03  4.7209E-01  6.3669E-02  4.6073E-01  6.3502E-02
  2.4086E+01  8.0382E+01 -2.7699E-03  4.7253E-01  6.5662E-02  4.5612E-01  6.5504E-02
  2.4093E+01  8.0408E+01 -2.7724E-03  4.7296E-01  6.6910E-02  4.6629E-01  6.6747E-02
  2.4101E+01  8.0433E+01 -2.7750E-03  4.7340E-01  6.5771E-02  4.8547E-01  6.5592E-02
  2.4109E+01  8.0459E+01 -2.7776E-03  4.7385E-01  6.3100E-02  5.1286E-01  6.2891E-02
  2.4116E+01  8.0485E+01 -2.7801E-03  4.7429E-01  5.9861E-02  5.4115E-01  5.9617E-02
  2.4124E+01  8.0511E+01 -2.7827E-03  4.7474E-01  5.5923E-02  5.5143E-01  5.5651E-02
  2.4132E+01  8.0537E+01 -2.7854E-03  4.7519E-01  5.2005E-02  5.2611E-01  5.1738E-02
  2.4140E+01  8.0563E+01 -2.7880E-03  4.7565E-01  4.9421E-02  4.8403E-01  4.9184E-02
  2.4147E+01  8.0589E+01 -2.7906E-03  4.7610E-01  4.8493E-02  4.4709E-01  4.8287E-02
  2.4155E+01  8.0614E+01 -2.7932E-03  4.7655E-01  5.0393E-02  4.4368E-01  5.0197E-02
  2.4163E+01  8.0640E+01 -2.7959E-03  4.7700E-01  5.3514E-02  4.5966E-01  5.3317E-02
  2.4171E+01  8.0666E+01 -2.7985E-03  4.7745E-01  5.7300E-02  4.7019E-01  5.7107E-02
  2.4178E+01  8.0692E+01 -2.8011E-03  4.7790E-01  6.1027E-02  4.6766E-01  6.0848E-02
  2.4186E+01  8.0718E+01 -2.8038E-03  4.7834E-01  6.4118E-02  4.6022E-01  6.3954E-02
  2.4194E+01  8.0744E+01 -2.8064E-03  4.7879E-01  6.6673E-02  4.6042E-01  6.6514E-02
  2.4202E+01  8.0769E+01 -2.8090E-03  4.7924E-01  6.7355E-02  4.6384E-01  6.7195E-02
  2.4209E+01  8.0795E+01 -2.8116E-03  4.7968E-01  6.6390E-02  4.7850E-01  6.6218E-02
  2.4217E+01  8.0821E+01 -2.8141E-03  4.8012E-01  6.4624E-02  5.0798E-01  6.4425E-02
  2.4225E+01  8.0846E+01 -2.8167E-03  4.8056E-01  5.9945E-02  5.4788E-01  5.9696E-02
  2.4232E+01  8.0872E+01 -2.8193E-03  4.8101E-01  5.5622E-02  5.5199E-01  5.5349E-02
  2.4240E+01  8.0898E+01 -2.8219E-03  4.8146E-01  5.1942E-02  5.2925E-01  5.1673E-02
  2.4248E+01  8.0924E+01 -2.8245E-03  4.8192E-01  4.9344E-02  4.8483E-01  4.9107E-02
  2.4256E+01  8.0950E+01 -2.8272E-03  4.8238E-01  4.8554E-02  4.4510E-01  4.8351E-02
  2.4263E+01  8.0976E+01 -2.8299E-03  4.8283E-01  4.9795E-02  4.4023E-01  4.9601E-02
  2.4271E+01  8.1002E+01 -2.8325E-03  4.8329E-01  5.2557E-02  4.5595E-01  5.2360E-02
  2.4279E+01  8.1028E+01 -2.8352E-03  4.8374E-01  5.6315E-02  4.6880E-01  5.6121E-02
  2.4287E+01  8.1053E+01 -2.8378E-03  4.8418E-01  6.1577E-02  4.6751E-01  6.1400E-02
  2.4294E+01  8.1079E+01 -2.8404E-03  4.8463E-01  6.5092E-02  4.6298E-01  6.4928E-02
  2.4302E+01  8.1105E+01 -2.8430E-03  4.8507E-01  6.7145E-02  4.5771E-01  6.6990E-02
  2.4310E+01  8.1131E+01 -2.8448E-03  4.8541E-01  3.2936E-02  4.4550E-01  3.2636E-02
  2.4326E+01  8.1185E+01 -2.8478E-03  4.8596E-01  3.4059E-02  4.4306E-01  3.3773E-02
