  3.3715E+00  1.1287E+01 -9.8812E-04  2.6090E-01  4.1705E-02  5.9488E-01  3.4933E-02
  3.3828E+00  1.1324E+01 -9.9206E-04  2.6130E-01  4.1743E-02  5.9458E-01  3.5008E-02
  3.3950E+00  1.1365E+01 -9.9630E-04  2.6173E-01  4.1784E-02  5.9426E-01  3.5089E-02
  3.4074E+00  1.1406E+01 -1.0006E-03  2.6216E-01  4.1826E-02  5.9393E-01  3.5170E-02
  3.4195E+00  1.1446E+01 -1.0048E-03  2.6259E-01  4.1867E-02  5.9361E-01  3.5251E-02
  3.4317E+00  1.1487E+01 -1.0091E-03  2.6302E-01  4.1908E-02  5.9328E-01  3.5331E-02
  3.4439E+00  1.1528E+01 -1.0133E-03  2.6345E-01  4.1948E-02  5.9296E-01  3.5410E-02
  3.4560E+00  1.1568E+01 -1.0176E-03  2.6388E-01  4.1989E-02  5.9263E-01  3.5490E-02
  3.4684E+00  1.1610E+01 -1.0219E-03  2.6432E-01  4.2031E-02  5.9229E-01  3.5570E-02
  3.4806E+00  1.1650E+01 -1.0261E-03  2.6475E-01  4.0806E-02  5.9421E-01  3.4091E-02
  3.4928E+00  1.1691E+01 -1.0301E-03  2.6513E-01  3.6693E-02  5.9390E-01  2.9076E-02
  3.5049E+00  1.1731E+01 -1.0339E-03  2.6545E-01  3.2828E-02  5.9357E-01  2.4052E-02
  3.5173E+00  1.1773E+01 -1.0375E-03  2.6572E-01  2.9260E-02  5.9323E-01  1.8935E-02
  3.5295E+00  1.1813E+01 -1.0408E-03  2.6592E-01  2.6259E-02  5.9289E-01  1.3900E-02
  3.5417E+00  1.1854E+01 -1.0439E-03  2.6605E-01  2.3954E-02  5.9255E-01  8.8623E-03
  3.5538E+00  1.1894E+01 -1.0467E-03  2.6613E-01  2.2561E-02  5.9221E-01  3.8220E-03
  3.5660E+00  1.1935E+01 -1.0492E-03  2.6615E-01  2.2254E-02  5.9187E-01 -1.2192E-03
  3.5784E+00  1.1976E+01 -1.0516E-03  2.6610E-01  2.2928E-02  5.9000E-01 -5.9052E-03
  3.5905E+00  1.2017E+01 -1.0538E-03  2.6603E-01  2.2899E-02  5.8886E-01 -5.9315E-03
  3.6027E+00  1.2058E+01 -1.0560E-03  2.6595E-01  2.2873E-02  5.8851E-01 -5.8542E-03
  3.6149E+00  1.2098E+01 -1.0582E-03  2.6588E-01  2.2846E-02  5.8817E-01 -5.7769E-03
  3.6273E+00  1.2139E+01 -1.0605E-03  2.6581E-01  2.2819E-02  5.8782E-01 -5.6984E-03
  3.6394E+00  1.2180E+01 -1.0627E-03  2.6574E-01  2.2793E-02  5.8747E-01 -5.6214E-03
  3.6516E+00  1.2221E+01 -1.0649E-03  2.6567E-01  2.2767E-02  5.8713E-01 -5.5445E-03
  3.6638E+00  1.2261E+01 -1.0671E-03  2.6561E-01  2.2742E-02  5.8678E-01 -5.4677E-03
  3.6760E+00  1.2302E+01 -1.0693E-03  2.6554E-01  2.2716E-02  5.8643E-01 -5.3910E-03
  3.6883E+00  1.2343E+01 -1.0716E-03  2.6547E-01  2.2690E-02  5.8608E-01 -5.3131E-03
  3.7005E+00  1.2384E+01 -1.0738E-03  2.6541E-01  2.2665E-02  5.8573E-01 -5.2366E-03
  3.7127E+00  1.2424E+01 -1.0760E-03  2.6534E-01  2.2640E-02  5.8538E-01 -5.1603E-03
  3.7248E+00  1.2465E+01 -1.0782E-03  2.6528E-01  2.2615E-02  5.8504E-01 -5.0841E-03
  3.7372E+00  1.2506E+01 -1.0805E-03  2.6522E-01  2.2589E-02  5.8468E-01 -5.0066E-03
  3.7494E+00  1.2547E+01 -1.0827E-03  2.6516E-01  2.2565E-02  5.8433E-01 -4.9306E-03
  3.7616E+00  1.2587E+01 -1.0849E-03  2.6510E-01  2.2540E-02  5.8398E-01 -4.8548E-03
  3.7737E+00  1.2628E+01 -1.0871E-03  2.6504E-01  2.2516E-02  5.8363E-01 -4.7790E-03
  3.7859E+00  1.2669E+01 -1.0893E-03  2.6498E-01  2.2492E-02  5.8328E-01 -4.7033E-03
  3.7983E+00  1.2710E+01 -1.0916E-03  2.6492E-01  2.2468E-02  5.8292E-01 -4.6265E-03
  3.8105E+00  1.2751E+01 -1.0938E-03  2.6486E-01  2.2444E-02  5.8257E-01 -4.5510E-03
  3.8226E+00  1.2791E+01 -1.0960E-03  2.6481E-01  2.2420E-02  5.8222E-01 -4.4757E-03
  3.8348E+00  1.2832E+01 -1.0982E-03  2.6475E-01  2.2397E-02  5.8187E-01 -4.4005E-03
  3.8472E+00  1.2873E+01 -1.1005E-03  2.6470E-01  2.2373E-02  5.8151E-01 -4.3241E-03
  3.8594E+00  1.2914E+01 -1.1027E-03  2.6465E-01  2.2350E-02  5.8115E-01 -4.2491E-03
  3.8715E+00  1.2954E+01 -1.1049E-03  2.6459E-01  2.2327E-02  5.8080E-01 -4.1742E-03
  3.8837E+00  1.2995E+01 -1.1071E-03  2.6455E-01  2.2167E-02  5.7989E-01 -3.4133E-03
  3.8959E+00  1.3035E+01 -1.1094E-03  2.6451E-01  2.1994E-02  5.7953E-01 -2.1137E-03
  3.9083E+00  1.3077E+01 -1.1118E-03  2.6449E-01  2.1894E-02  5.7917E-01 -7.9194E-04
  3.9204E+00  1.3117E+01 -1.1142E-03  2.6449E-01  2.1872E-02  5.7881E-01  5.0723E-04
  3.9326E+00  1.3158E+01 -1.1166E-03  2.6450E-01  2.1926E-02  5.7846E-01  1.8063E-03
  3.9448E+00  1.3199E+01 -1.1192E-03  2.6453E-01  2.2056E-02  5.7810E-01  3.1053E-03
  3.9571E+00  1.3240E+01 -1.1218E-03  2.6458E-01  2.2263E-02  5.7774E-01  4.4267E-03
  3.9693E+00  1.3280E+01 -1.1245E-03  2.6464E-01  2.2540E-02  5.7738E-01  5.7258E-03
  3.9815E+00  1.3321E+01 -1.1272E-03  2.6472E-01  2.2788E-02  5.7759E-01  6.6319E-03
  3.9937E+00  1.3362E+01 -1.1299E-03  2.6480E-01  2.2791E-02  5.7724E-01  6.7057E-03
  4.0060E+00  1.3403E+01 -1.1327E-03  2.6488E-01  2.2793E-02  5.7687E-01  6.7803E-03
  4.0182E+00  1.3444E+01 -1.1354E-03  2.6496E-01  2.2796E-02  5.7652E-01  6.8535E-03
  4.0304E+00  1.3484E+01 -1.1381E-03  2.6505E-01  2.2798E-02  5.7616E-01  6.9266E-03
  4.0426E+00  1.3525E+01 -1.1409E-03  2.6513E-01  2.2801E-02  5.7580E-01  6.9995E-03
  4.0547E+00  1.3565E+01 -1.1436E-03  2.6521E-01  2.2804E-02  5.7544E-01  7.0723E-03
  4.0671E+00  1.3607E+01 -1.1464E-03  2.6530E-01  2.2807E-02  5.7508E-01  7.1462E-03
  4.0793E+00  1.3647E+01 -1.1491E-03  2.6539E-01  2.2811E-02  5.7472E-01  7.2187E-03
  4.0891E+00  1.3680E+01 -1.1513E-03  2.6546E-01  2.2813E-02  5.7442E-01  7.2774E-03
  4.0914E+00  1.3688E+01 -1.1518E-03  2.6548E-01  2.2814E-02  5.7436E-01  7.2911E-03
  4.1036E+00  1.3728E+01 -1.1545E-03  2.6557E-01  2.2817E-02  5.7400E-01  7.3633E-03
  4.1160E+00  1.3770E+01 -1.1573E-03  2.6566E-01  2.2821E-02  5.7363E-01  7.4367E-03
  4.1282E+00  1.3810E+01 -1.1600E-03  2.6575E-01  2.2825E-02  5.7326E-01  7.5086E-03
  4.1403E+00  1.3851E+01 -1.1628E-03  2.6584E-01  2.2829E-02  5.7290E-01  7.5805E-03
  4.1525E+00  1.3892E+01 -1.1655E-03  2.6593E-01  2.2833E-02  5.7254E-01  7.6521E-03
  4.1647E+00  1.3932E+01 -1.1682E-03  2.6602E-01  2.2837E-02  5.7218E-01  7.7236E-03
  4.1771E+00  1.3973E+01 -1.1710E-03  2.6612E-01  2.2841E-02  5.7181E-01  7.7963E-03
  4.1892E+00  1.4014E+01 -1.1737E-03  2.6621E-01  2.2846E-02  5.7144E-01  7.8675E-03
  4.2014E+00  1.4055E+01 -1.1764E-03  2.6631E-01  2.2850E-02  5.7108E-01  7.9386E-03
  4.2136E+00  1.4095E+01 -1.1791E-03  2.6640E-01  2.2855E-02  5.7071E-01  8.0095E-03
  4.2260E+00  1.4137E+01 -1.1819E-03  2.6650E-01  2.2860E-02  5.7034E-01  8.0815E-03
  4.2381E+00  1.4177E+01 -1.1846E-03  2.6660E-01  2.2865E-02  5.6998E-01  8.1522E-03
  4.2503E+00  1.4218E+01 -1.1873E-03  2.6670E-01  2.2870E-02  5.6961E-01  8.2227E-03
  4.2625E+00  1.4258E+01 -1.1901E-03  2.6680E-01  2.2875E-02  5.6924E-01  8.2931E-03
  4.2746E+00  1.4299E+01 -1.1928E-03  2.6690E-01  2.2880E-02  5.6888E-01  8.3633E-03
  4.2870E+00  1.4340E+01 -1.1956E-03  2.6700E-01  2.2886E-02  5.6850E-01  8.4346E-03
  4.2992E+00  1.4381E+01 -1.1983E-03  2.6711E-01  2.2891E-02  5.6814E-01  8.5045E-03
  4.3114E+00  1.4421E+01 -1.2010E-03  2.6721E-01  2.2897E-02  5.6777E-01  8.5743E-03
  4.3235E+00  1.4462E+01 -1.2037E-03  2.6731E-01  2.2903E-02  5.6740E-01  8.6439E-03
  4.3359E+00  1.4503E+01 -1.2065E-03  2.6742E-01  2.2909E-02  5.6703E-01  8.7146E-03
  4.3481E+00  1.4544E+01 -1.2092E-03  2.6753E-01  2.2915E-02  5.6666E-01  8.7839E-03
  4.3603E+00  1.4585E+01 -1.2119E-03  2.6763E-01  2.2921E-02  5.6629E-01  8.8531E-03
  4.3724E+00  1.4625E+01 -1.2147E-03  2.6774E-01  2.2927E-02  5.6592E-01  8.9221E-03
  4.3846E+00  1.4666E+01 -1.2174E-03  2.6785E-01  2.2934E-02  5.6555E-01  8.9910E-03
  4.3970E+00  1.4707E+01 -1.2202E-03  2.6796E-01  2.2940E-02  5.6518E-01  9.0610E-03
  4.4091E+00  1.4748E+01 -1.2229E-03  2.6807E-01  2.2947E-02  5.6481E-01  9.1296E-03
  4.4213E+00  1.4788E+01 -1.2256E-03  2.6818E-01  2.2953E-02  5.6444E-01  9.1980E-03
  4.4335E+00  1.4829E+01 -1.2283E-03  2.6829E-01  2.2960E-02  5.6407E-01  9.2664E-03
  4.4459E+00  1.4870E+01 -1.2311E-03  2.6841E-01  2.2967E-02  5.6369E-01  9.3357E-03
  4.4580E+00  1.4911E+01 -1.2338E-03  2.6852E-01  2.2974E-02  5.6332E-01  9.4038E-03
  4.4702E+00  1.4951E+01 -1.2365E-03  2.6863E-01  2.2982E-02  5.6295E-01  9.4717E-03
  4.4824E+00  1.4992E+01 -1.2393E-03  2.6875E-01  2.2989E-02  5.6258E-01  9.5395E-03
  4.4946E+00  1.5033E+01 -1.2420E-03  2.6887E-01  2.2996E-02  5.6221E-01  9.6071E-03
  4.5069E+00  1.5074E+01 -1.2448E-03  2.6898E-01  2.3004E-02  5.6183E-01  9.6757E-03
  4.5191E+00  1.5114E+01 -1.2475E-03  2.6910E-01  2.3012E-02  5.6145E-01  9.7431E-03
  4.5313E+00  1.5155E+01 -1.2502E-03  2.6922E-01  2.3019E-02  5.6108E-01  9.8103E-03
  4.5435E+00  1.5196E+01 -1.2529E-03  2.6934E-01  2.3027E-02  5.6071E-01  9.8774E-03
  4.5558E+00  1.5237E+01 -1.2557E-03  2.6946E-01  2.3035E-02  5.6033E-01  9.9454E-03
  4.5680E+00  1.5278E+01 -1.2584E-03  2.6958E-01  2.3044E-02  5.5996E-01  1.0012E-02
  4.5802E+00  1.5318E+01 -1.2612E-03  2.6970E-01  2.3052E-02  5.5959E-01  1.0079E-02
  4.5923E+00  1.5359E+01 -1.2639E-03  2.6983E-01  2.3060E-02  5.5922E-01  1.0145E-02
  4.6045E+00  1.5399E+01 -1.2666E-03  2.6995E-01  2.3068E-02  5.5884E-01  1.0212E-02
  4.6169E+00  1.5441E+01 -1.2694E-03  2.7007E-01  2.3077E-02  5.5847E-01  1.0279E-02
  4.6291E+00  1.5481E+01 -1.2721E-03  2.7020E-01  2.3086E-02  5.5809E-01  1.0345E-02
  4.6412E+00  1.5522E+01 -1.2748E-03  2.7033E-01  2.3095E-02  5.5772E-01  1.0411E-02
  4.6534E+00  1.5562E+01 -1.2776E-03  2.7045E-01  2.3103E-02  5.5735E-01  1.0477E-02
  4.6658E+00  1.5604E+01 -1.2803E-03  2.7058E-01  2.3113E-02  5.5697E-01  1.0543E-02
  4.6780E+00  1.5644E+01 -1.2831E-03  2.7071E-01  2.3122E-02  5.5660E-01  1.0609E-02
  4.6901E+00  1.5685E+01 -1.2858E-03  2.7084E-01  2.3131E-02  5.5622E-01  1.0674E-02
  4.7023E+00  1.5726E+01 -1.2885E-03  2.7097E-01  2.3140E-02  5.5585E-01  1.0739E-02
  4.7145E+00  1.5766E+01 -1.2913E-03  2.7110E-01  2.3149E-02  5.5548E-01  1.0804E-02
  4.7269E+00  1.5807E+01 -1.2940E-03  2.7123E-01  2.3159E-02  5.5510E-01  1.0870E-02
  4.7390E+00  1.5848E+01 -1.2968E-03  2.7136E-01  2.3169E-02  5.5473E-01  1.0935E-02
  4.7512E+00  1.5889E+01 -1.2995E-03  2.7150E-01  2.3178E-02  5.5435E-01  1.0999E-02
  4.7634E+00  1.5929E+01 -1.3022E-03  2.7163E-01  2.3188E-02  5.5398E-01  1.1064E-02
  4.7757E+00  1.5971E+01 -1.3050E-03  2.7177E-01  2.3198E-02  5.5360E-01  1.1129E-02
  4.7879E+00  1.6011E+01 -1.3077E-03  2.7190E-01  2.3208E-02  5.5323E-01  1.1193E-02
  4.8001E+00  1.6052E+01 -1.3105E-03  2.7204E-01  2.3218E-02  5.5285E-01  1.1258E-02
  4.8123E+00  1.6092E+01 -1.3132E-03  2.7217E-01  2.3228E-02  5.5248E-01  1.1321E-02
  4.8244E+00  1.6133E+01 -1.3159E-03  2.7231E-01  2.3239E-02  5.5211E-01  1.1385E-02
  4.8368E+00  1.6174E+01 -1.3187E-03  2.7245E-01  2.3249E-02  5.5173E-01  1.1450E-02
  4.8490E+00  1.6215E+01 -1.3214E-03  2.7259E-01  2.3260E-02  5.5135E-01  1.1513E-02
  4.8612E+00  1.6255E+01 -1.3242E-03  2.7273E-01  2.3270E-02  5.5098E-01  1.1577E-02
  4.8733E+00  1.6296E+01 -1.3269E-03  2.7287E-01  2.3281E-02  5.5061E-01  1.1640E-02
  4.8857E+00  1.6337E+01 -1.3297E-03  2.7302E-01  2.3292E-02  5.5023E-01  1.1704E-02
  4.8979E+00  1.6378E+01 -1.3324E-03  2.7316E-01  2.3303E-02  5.4986E-01  1.1767E-02
  4.9100E+00  1.6419E+01 -1.3352E-03  2.7330E-01  2.3313E-02  5.4948E-01  1.1830E-02
  4.9222E+00  1.6459E+01 -1.3379E-03  2.7344E-01  2.3325E-02  5.4911E-01  1.1892E-02
  4.9346E+00  1.6500E+01 -1.3407E-03  2.7359E-01  2.3336E-02  5.4873E-01  1.1956E-02
  4.9468E+00  1.6541E+01 -1.3434E-03  2.7374E-01  2.3347E-02  5.4836E-01  1.2018E-02
  4.9589E+00  1.6582E+01 -1.3461E-03  2.7388E-01  2.3358E-02  5.4798E-01  1.2080E-02
  4.9711E+00  1.6622E+01 -1.3489E-03  2.7403E-01  2.3370E-02  5.4761E-01  1.2142E-02
  4.9833E+00  1.6663E+01 -1.3516E-03  2.7418E-01  2.3381E-02  5.4724E-01  1.2204E-02
  4.9957E+00  1.6704E+01 -1.3544E-03  2.7433E-01  2.3393E-02  5.4686E-01  1.2267E-02
  5.0078E+00  1.6745E+01 -1.3571E-03  2.7448E-01  2.3405E-02  5.4649E-01  1.2329E-02
  5.0101E+00  1.6752E+01 -1.3577E-03  2.7450E-01  2.3407E-02  5.4642E-01  1.2341E-02
  5.0200E+00  1.6785E+01 -1.3599E-03  2.7463E-01  2.3416E-02  5.4611E-01  1.2390E-02
  5.0322E+00  1.6826E+01 -1.3626E-03  2.7478E-01  2.3428E-02  5.4574E-01  1.2452E-02
  5.0446E+00  1.6867E+01 -1.3654E-03  2.7493E-01  2.3440E-02  5.4536E-01  1.2514E-02
  5.0567E+00  1.6908E+01 -1.3681E-03  2.7508E-01  2.3452E-02  5.4499E-01  1.2575E-02
  5.0689E+00  1.6948E+01 -1.3709E-03  2.7523E-01  2.3464E-02  5.4461E-01  1.2636E-02
  5.0811E+00  1.6989E+01 -1.3736E-03  2.7539E-01  2.3477E-02  5.4424E-01  1.2697E-02
  5.0932E+00  1.7030E+01 -1.3763E-03  2.7554E-01  2.3489E-02  5.4387E-01  1.2758E-02
  5.1056E+00  1.7071E+01 -1.3791E-03  2.7570E-01  2.3501E-02  5.4349E-01  1.2819E-02
  5.1178E+00  1.7112E+01 -1.3819E-03  2.7586E-01  2.3514E-02  5.4312E-01  1.2880E-02
  5.1300E+00  1.7152E+01 -1.3846E-03  2.7601E-01  2.3526E-02  5.4274E-01  1.2940E-02
  5.1421E+00  1.7193E+01 -1.3873E-03  2.7617E-01  2.3539E-02  5.4237E-01  1.3000E-02
  5.1545E+00  1.7234E+01 -1.3901E-03  2.7633E-01  2.3552E-02  5.4199E-01  1.3061E-02
  5.1667E+00  1.7275E+01 -1.3929E-03  2.7649E-01  2.3565E-02  5.4162E-01  1.3121E-02
  5.1789E+00  1.7315E+01 -1.3956E-03  2.7665E-01  2.3660E-02  5.4077E-01  1.3354E-02
  5.1910E+00  1.7356E+01 -1.3984E-03  2.7682E-01  2.4282E-02  5.4034E-01  1.4464E-02
  5.2032E+00  1.7396E+01 -1.4012E-03  2.7700E-01  2.4942E-02  5.3997E-01  1.5580E-02
  5.2156E+00  1.7438E+01 -1.4042E-03  2.7720E-01  2.5646E-02  5.3959E-01  1.6715E-02
  5.2278E+00  1.7478E+01 -1.4072E-03  2.7741E-01  2.6367E-02  5.3922E-01  1.7832E-02
  5.2399E+00  1.7519E+01 -1.4103E-03  2.7763E-01  2.7115E-02  5.3885E-01  1.8950E-02
  5.2521E+00  1.7560E+01 -1.4134E-03  2.7787E-01  2.7887E-02  5.3849E-01  2.0068E-02
  5.2645E+00  1.7601E+01 -1.4166E-03  2.7812E-01  2.8696E-02  5.3811E-01  2.1207E-02
  5.2766E+00  1.7641E+01 -1.4199E-03  2.7839E-01  2.9501E-02  5.3784E-01  2.2309E-02
  5.2888E+00  1.7682E+01 -1.4232E-03  2.7866E-01  2.9614E-02  5.3791E-01  2.2471E-02
  5.3010E+00  1.7723E+01 -1.4264E-03  2.7893E-01  2.9637E-02  5.3754E-01  2.2529E-02
  5.3132E+00  1.7763E+01 -1.4297E-03  2.7920E-01  2.9661E-02  5.3717E-01  2.2587E-02
  5.3255E+00  1.7805E+01 -1.4331E-03  2.7948E-01  2.9684E-02  5.3680E-01  2.2646E-02
  5.3377E+00  1.7845E+01 -1.4364E-03  2.7976E-01  2.9708E-02  5.3643E-01  2.2704E-02
  5.3499E+00  1.7886E+01 -1.4396E-03  2.8003E-01  2.9731E-02  5.3606E-01  2.2762E-02
  5.3621E+00  1.7926E+01 -1.4429E-03  2.8031E-01  2.9755E-02  5.3569E-01  2.2819E-02
  5.3744E+00  1.7968E+01 -1.4463E-03  2.8059E-01  2.9779E-02  5.3532E-01  2.2878E-02
  5.3866E+00  1.8008E+01 -1.4496E-03  2.8087E-01  2.9802E-02  5.3495E-01  2.2935E-02
  5.3988E+00  1.8049E+01 -1.4528E-03  2.8115E-01  2.9826E-02  5.3458E-01  2.2992E-02
  5.4109E+00  1.8089E+01 -1.4561E-03  2.8143E-01  2.9850E-02  5.3421E-01  2.3049E-02
  5.4231E+00  1.8130E+01 -1.4594E-03  2.8171E-01  2.9873E-02  5.3384E-01  2.3106E-02
  5.4355E+00  1.8171E+01 -1.4628E-03  2.8199E-01  2.9897E-02  5.3347E-01  2.3164E-02
  5.4477E+00  1.8212E+01 -1.4661E-03  2.8228E-01  2.9921E-02  5.3310E-01  2.3220E-02
  5.4598E+00  1.8253E+01 -1.4693E-03  2.8256E-01  2.9945E-02  5.3273E-01  2.3276E-02
  5.4720E+00  1.8293E+01 -1.4726E-03  2.8284E-01  2.9969E-02  5.3236E-01  2.3333E-02
  5.4844E+00  1.8334E+01 -1.4760E-03  2.8313E-01  2.9993E-02  5.3199E-01  2.3390E-02
  5.4966E+00  1.8375E+01 -1.4793E-03  2.8341E-01  3.0017E-02  5.3162E-01  2.3446E-02
  5.5087E+00  1.8416E+01 -1.4825E-03  2.8370E-01  3.0040E-02  5.3125E-01  2.3502E-02
  5.5209E+00  1.8456E+01 -1.4858E-03  2.8398E-01  3.0064E-02  5.3089E-01  2.3557E-02
  5.5331E+00  1.8497E+01 -1.4891E-03  2.8427E-01  3.0088E-02  5.3052E-01  2.3613E-02
  5.5455E+00  1.8538E+01 -1.4925E-03  2.8456E-01  3.0112E-02  5.3015E-01  2.3669E-02
  5.5576E+00  1.8579E+01 -1.4957E-03  2.8485E-01  3.0136E-02  5.2978E-01  2.3724E-02
  5.5698E+00  1.8619E+01 -1.4990E-03  2.8514E-01  3.0160E-02  5.2941E-01  2.3780E-02
  5.5820E+00  1.8660E+01 -1.5023E-03  2.8543E-01  3.1300E-02  5.2722E-01  2.5280E-02
  5.5944E+00  1.8701E+01 -1.5059E-03  2.8576E-01  3.4267E-02  5.2685E-01  2.8894E-02
  5.6065E+00  1.8742E+01 -1.5096E-03  2.8614E-01  3.7297E-02  5.2648E-01  3.2451E-02
  5.6187E+00  1.8782E+01 -1.5136E-03  2.8655E-01  4.0416E-02  5.2612E-01  3.6013E-02
  5.6309E+00  1.8823E+01 -1.5178E-03  2.8701E-01  4.3607E-02  5.2576E-01  3.9580E-02
  5.6430E+00  1.8864E+01 -1.5222E-03  2.8751E-01  4.6856E-02  5.2539E-01  4.3153E-02
  5.6554E+00  1.8905E+01 -1.5269E-03  2.8807E-01  5.0212E-02  5.2502E-01  4.6793E-02
  5.6676E+00  1.8946E+01 -1.5318E-03  2.8866E-01  5.3553E-02  5.2466E-01  5.0379E-02
  5.6798E+00  1.8986E+01 -1.5369E-03  2.8929E-01  5.6351E-02  5.2604E-01  5.3342E-02
  5.6919E+00  1.9027E+01 -1.5421E-03  2.8994E-01  5.6400E-02  5.2582E-01  5.3410E-02
  5.7043E+00  1.9068E+01 -1.5473E-03  2.9060E-01  5.6434E-02  5.2545E-01  5.3464E-02
  5.7165E+00  1.9109E+01 -1.5525E-03  2.9125E-01  5.6468E-02  5.2509E-01  5.3517E-02
  5.7287E+00  1.9149E+01 -1.5577E-03  2.9190E-01  5.6501E-02  5.2473E-01  5.3570E-02
  5.7408E+00  1.9190E+01 -1.5628E-03  2.9255E-01  5.6535E-02  5.2437E-01  5.3623E-02
  5.7530E+00  1.9230E+01 -1.5680E-03  2.9320E-01  5.6568E-02  5.2400E-01  5.3676E-02
  5.7654E+00  1.9272E+01 -1.5732E-03  2.9387E-01  5.6602E-02  5.2363E-01  5.3729E-02
  5.7775E+00  1.9312E+01 -1.5784E-03  2.9452E-01  5.6636E-02  5.2327E-01  5.3781E-02
  5.7897E+00  1.9353E+01 -1.5836E-03  2.9517E-01  5.6669E-02  5.2291E-01  5.3834E-02
  5.8019E+00  1.9394E+01 -1.5887E-03  2.9583E-01  5.6702E-02  5.2254E-01  5.3886E-02
  5.8143E+00  1.9435E+01 -1.5940E-03  2.9649E-01  5.6736E-02  5.2217E-01  5.3938E-02
  5.8264E+00  1.9475E+01 -1.5991E-03  2.9715E-01  5.6770E-02  5.2181E-01  5.3990E-02
  5.8386E+00  1.9516E+01 -1.6043E-03  2.9780E-01  5.6803E-02  5.2144E-01  5.4042E-02
  5.8508E+00  1.9557E+01 -1.6095E-03  2.9846E-01  5.6836E-02  5.2108E-01  5.4093E-02
  5.8632E+00  1.9598E+01 -1.6147E-03  2.9913E-01  5.6870E-02  5.2071E-01  5.4145E-02
  5.8753E+00  1.9639E+01 -1.6199E-03  2.9979E-01  5.6903E-02  5.2034E-01  5.4196E-02
  5.8875E+00  1.9679E+01 -1.6250E-03  3.0045E-01  5.6937E-02  5.1998E-01  5.4247E-02
  5.8997E+00  1.9720E+01 -1.6302E-03  3.0111E-01  5.6970E-02  5.1961E-01  5.4298E-02
  5.9118E+00  1.9760E+01 -1.6353E-03  3.0177E-01  5.7003E-02  5.1924E-01  5.4348E-02
  5.9242E+00  1.9802E+01 -1.6406E-03  3.0244E-01  5.7037E-02  5.1887E-01  5.4399E-02
  5.9364E+00  1.9842E+01 -1.6457E-03  3.0310E-01  5.7070E-02  5.1851E-01  5.4450E-02
  5.9486E+00  1.9883E+01 -1.6509E-03  3.0376E-01  5.7103E-02  5.1814E-01  5.4500E-02
  5.9607E+00  1.9923E+01 -1.6561E-03  3.0442E-01  5.7136E-02  5.1777E-01  5.4550E-02
  5.9731E+00  1.9965E+01 -1.6613E-03  3.0510E-01  5.7169E-02  5.1740E-01  5.4600E-02
  5.9853E+00  2.0005E+01 -1.6665E-03  3.0576E-01  5.7202E-02  5.1703E-01  5.4650E-02
  5.9975E+00  2.0046E+01 -1.6716E-03  3.0642E-01  5.7235E-02  5.1666E-01  5.4700E-02
  6.0096E+00  2.0087E+01 -1.6768E-03  3.0709E-01  5.7268E-02  5.1630E-01  5.4749E-02
  6.0218E+00  2.0127E+01 -1.6819E-03  3.0775E-01  5.7301E-02  5.1593E-01  5.4798E-02
  6.0342E+00  2.0168E+01 -1.6872E-03  3.0843E-01  5.7335E-02  5.1555E-01  5.4848E-02
  6.0464E+00  2.0209E+01 -1.6923E-03  3.0910E-01  5.7367E-02  5.1518E-01  5.4897E-02
  6.0585E+00  2.0250E+01 -1.6975E-03  3.0977E-01  5.7400E-02  5.1482E-01  5.4946E-02
  6.0707E+00  2.0290E+01 -1.7026E-03  3.1043E-01  5.7433E-02  5.1445E-01  5.4994E-02
  6.0831E+00  2.0332E+01 -1.7079E-03  3.1111E-01  5.7466E-02  5.1407E-01  5.5044E-02
  6.0952E+00  2.0372E+01 -1.7130E-03  3.1178E-01  5.7499E-02  5.1370E-01  5.5092E-02
  6.1074E+00  2.0413E+01 -1.7182E-03  3.1245E-01  5.7532E-02  5.1333E-01  5.5140E-02
  6.1196E+00  2.0453E+01 -1.7233E-03  3.1312E-01  5.7565E-02  5.1296E-01  5.5188E-02
  6.1318E+00  2.0494E+01 -1.7284E-03  3.1379E-01  5.7597E-02  5.1259E-01  5.5236E-02
  6.1441E+00  2.0535E+01 -1.7337E-03  3.1447E-01  5.7630E-02  5.1222E-01  5.5285E-02
  6.1563E+00  2.0576E+01 -1.7388E-03  3.1515E-01  5.7663E-02  5.1185E-01  5.5332E-02
  6.1685E+00  2.0616E+01 -1.7440E-03  3.1582E-01  5.7696E-02  5.1148E-01  5.5380E-02
  6.1807E+00  2.0657E+01 -1.7491E-03  3.1649E-01  5.7728E-02  5.1111E-01  5.5427E-02
  6.1930E+00  2.0698E+01 -1.7544E-03  3.1718E-01  5.7761E-02  5.1073E-01  5.5475E-02
  6.2052E+00  2.0739E+01 -1.7595E-03  3.1785E-01  5.7794E-02  5.1036E-01  5.5522E-02
  6.2174E+00  2.0780E+01 -1.7646E-03  3.1853E-01  5.7826E-02  5.0999E-01  5.5569E-02
  6.2295E+00  2.0820E+01 -1.7698E-03  3.1920E-01  5.7859E-02  5.0962E-01  5.5616E-02
  6.2417E+00  2.0861E+01 -1.7749E-03  3.1988E-01  5.7891E-02  5.0925E-01  5.5663E-02
  6.2541E+00  2.0902E+01 -1.7801E-03  3.2056E-01  5.7924E-02  5.0888E-01  5.5710E-02
  6.2663E+00  2.0943E+01 -1.7853E-03  3.2124E-01  5.7957E-02  5.0851E-01  5.5757E-02
  6.2784E+00  2.0983E+01 -1.7904E-03  3.2192E-01  5.7989E-02  5.0814E-01  5.5803E-02
  6.2906E+00  2.1024E+01 -1.7956E-03  3.2260E-01  5.8021E-02  5.0777E-01  5.5849E-02
  6.3030E+00  2.1065E+01 -1.8008E-03  3.2329E-01  5.8054E-02  5.0739E-01  5.5896E-02
  6.3152E+00  2.1106E+01 -1.8059E-03  3.2397E-01  5.8087E-02  5.0702E-01  5.5942E-02
  6.3273E+00  2.1146E+01 -1.8111E-03  3.2465E-01  5.8119E-02  5.0665E-01  5.5988E-02
  6.3395E+00  2.1187E+01 -1.8162E-03  3.2533E-01  5.8151E-02  5.0628E-01  5.6034E-02
  6.3517E+00  2.1228E+01 -1.8213E-03  3.2601E-01  5.8183E-02  5.0591E-01  5.6079E-02
  6.3641E+00  2.1269E+01 -1.8266E-03  3.2670E-01  5.8216E-02  5.0553E-01  5.6125E-02
  6.3762E+00  2.1309E+01 -1.8317E-03  3.2738E-01  5.8248E-02  5.0516E-01  5.6171E-02
  6.3884E+00  2.1350E+01 -1.8368E-03  3.2807E-01  5.8300E-02  5.0464E-01  5.6237E-02
  6.4006E+00  2.1391E+01 -1.8420E-03  3.2876E-01  6.0805E-02  5.0264E-01  5.8854E-02
  6.4130E+00  2.1432E+01 -1.8476E-03  3.2951E-01  6.3818E-02  5.0227E-01  6.1974E-02
  6.4251E+00  2.1473E+01 -1.8532E-03  3.3028E-01  6.6797E-02  5.0190E-01  6.5048E-02
  6.4373E+00  2.1513E+01 -1.8591E-03  3.3109E-01  6.9790E-02  5.0153E-01  6.8129E-02
  6.4495E+00  2.1554E+01 -1.8651E-03  3.3194E-01  7.2798E-02  5.0117E-01  7.1218E-02
  6.4616E+00  2.1594E+01 -1.8714E-03  3.3282E-01  7.5820E-02  5.0081E-01  7.4314E-02
  6.4740E+00  2.1636E+01 -1.8780E-03  3.3376E-01  7.8908E-02  5.0044E-01  7.7473E-02
  6.4862E+00  2.1676E+01 -1.8847E-03  3.3472E-01  8.1957E-02  5.0008E-01  8.0586E-02
  6.4984E+00  2.1717E+01 -1.8915E-03  3.3571E-01  8.3148E-02  5.0157E-01  8.1797E-02
  6.5105E+00  2.1757E+01 -1.8984E-03  3.3670E-01  8.3182E-02  5.0121E-01  8.1841E-02
  6.5229E+00  2.1799E+01 -1.9054E-03  3.3771E-01  8.3216E-02  5.0085E-01  8.1886E-02
  6.5351E+00  2.1839E+01 -1.9122E-03  3.3871E-01  8.3249E-02  5.0048E-01  8.1929E-02
  6.5473E+00  2.1880E+01 -1.9191E-03  3.3970E-01  8.3282E-02  5.0012E-01  8.1973E-02
  6.5594E+00  2.1921E+01 -1.9260E-03  3.4070E-01  8.3315E-02  4.9976E-01  8.2016E-02
  6.5716E+00  2.1961E+01 -1.9328E-03  3.4170E-01  8.3349E-02  4.9940E-01  8.2059E-02
  6.5821E+00  2.1996E+01 -1.9388E-03  3.4256E-01  8.3377E-02  4.9909E-01  8.2096E-02
  6.5840E+00  2.2002E+01 -1.9398E-03  3.4271E-01  8.3382E-02  4.9903E-01  8.2103E-02
  6.5961E+00  2.2043E+01 -1.9467E-03  3.4371E-01  8.3415E-02  4.9867E-01  8.2146E-02
  6.6083E+00  2.2084E+01 -1.9535E-03  3.4471E-01  8.3449E-02  4.9831E-01  8.2189E-02
  6.6205E+00  2.2124E+01 -1.9604E-03  3.4571E-01  8.3482E-02  4.9795E-01  8.2232E-02
  6.6329E+00  2.2166E+01 -1.9674E-03  3.4672E-01  8.3515E-02  4.9758E-01  8.2275E-02
  6.6450E+00  2.2206E+01 -1.9742E-03  3.4772E-01  8.3548E-02  4.9721E-01  8.2318E-02
  6.6572E+00  2.2247E+01 -1.9811E-03  3.4872E-01  8.3581E-02  4.9685E-01  8.2360E-02
  6.6694E+00  2.2287E+01 -1.9880E-03  3.4972E-01  8.3614E-02  4.9649E-01  8.2402E-02
  6.6816E+00  2.2328E+01 -1.9948E-03  3.5073E-01  8.3647E-02  4.9613E-01  8.2444E-02
  6.6939E+00  2.2369E+01 -2.0018E-03  3.5174E-01  8.3680E-02  4.9576E-01  8.2487E-02
  6.7061E+00  2.2410E+01 -2.0087E-03  3.5275E-01  8.3713E-02  4.9539E-01  8.2529E-02
  6.7183E+00  2.2450E+01 -2.0155E-03  3.5375E-01  8.3746E-02  4.9503E-01  8.2571E-02
  6.7304E+00  2.2491E+01 -2.0224E-03  3.5475E-01  8.3779E-02  4.9467E-01  8.2612E-02
  6.7428E+00  2.2532E+01 -2.0293E-03  3.5577E-01  8.3812E-02  4.9430E-01  8.2654E-02
  6.7550E+00  2.2573E+01 -2.0362E-03  3.5678E-01  8.3845E-02  4.9393E-01  8.2696E-02
  6.7672E+00  2.2614E+01 -2.0431E-03  3.5778E-01  8.3877E-02  4.9357E-01  8.2737E-02
  6.7793E+00  2.2654E+01 -2.0499E-03  3.5879E-01  8.3910E-02  4.9321E-01  8.2778E-02
  6.7917E+00  2.2695E+01 -2.0569E-03  3.5981E-01  8.3992E-02  4.9267E-01  8.2870E-02
  6.8039E+00  2.2736E+01 -2.0638E-03  3.6082E-01  8.4476E-02  4.9176E-01  8.3371E-02
  6.8161E+00  2.2777E+01 -2.0707E-03  3.6184E-01  8.3845E-02  4.9233E-01  8.2735E-02
  6.8282E+00  2.2817E+01 -2.0770E-03  3.6276E-01  6.6376E-02  5.0041E-01  6.4930E-02
  6.8404E+00  2.2858E+01 -2.0819E-03  3.6343E-01  5.2427E-02  4.8846E-01  5.0686E-02
  6.8528E+00  2.2899E+01 -2.0871E-03  3.6414E-01  6.7746E-02  4.8366E-01  6.6444E-02
  6.8650E+00  2.2940E+01 -2.0927E-03  3.6493E-01  5.9652E-02  4.9712E-01  5.8094E-02
  6.8771E+00  2.2980E+01 -2.0974E-03  3.6557E-01  5.4632E-02  4.8432E-01  5.3027E-02
  6.8893E+00  2.3021E+01 -2.1028E-03  3.6632E-01  6.9552E-02  4.8784E-01  6.8289E-02
  6.9017E+00  2.3062E+01 -2.1082E-03  3.6708E-01  5.4709E-02  4.9374E-01  5.3066E-02
  6.9139E+00  2.3103E+01 -2.1129E-03  3.6772E-01  5.8911E-02  4.8006E-01  5.7483E-02
  6.9260E+00  2.3143E+01 -2.1185E-03  3.6851E-01  6.7427E-02  4.9330E-01  6.6122E-02
  6.9382E+00  2.3184E+01 -2.1235E-03  3.6920E-01  5.1952E-02  4.8948E-01  5.0286E-02
  6.9504E+00  2.3225E+01 -2.1283E-03  3.6986E-01  6.3954E-02  4.7859E-01  6.2678E-02
  6.9627E+00  2.3266E+01 -2.1340E-03  3.7068E-01  6.2699E-02  4.9482E-01  6.1315E-02
  6.9749E+00  2.3307E+01 -2.1388E-03  3.7133E-01  5.2486E-02  4.8370E-01  5.0911E-02
  6.9871E+00  2.3347E+01 -2.1439E-03  3.7204E-01  6.8092E-02  4.8085E-01  6.6908E-02
  6.9993E+00  2.3388E+01 -2.1494E-03  3.7282E-01  5.7381E-02  4.9295E-01  5.5908E-02
  7.0116E+00  2.3429E+01 -2.1540E-03  3.7346E-01  5.5242E-02  4.7864E-01  5.3810E-02
  7.0238E+00  2.3470E+01 -2.1594E-03  3.7422E-01  6.8718E-02  4.8665E-01  6.7541E-02
  7.0360E+00  2.3510E+01 -2.1646E-03  3.7494E-01  5.2933E-02  4.8918E-01  5.1391E-02
  7.0482E+00  2.3551E+01 -2.1692E-03  3.7558E-01  5.9882E-02  4.7555E-01  5.8608E-02
  7.0603E+00  2.3591E+01 -2.1748E-03  3.7637E-01  6.5848E-02  4.9063E-01  6.4624E-02
  7.0727E+00  2.3633E+01 -2.1797E-03  3.7706E-01  5.1507E-02  4.8361E-01  4.9990E-02
  7.0849E+00  2.3673E+01 -2.1846E-03  3.7773E-01  6.5097E-02  4.7516E-01  6.3953E-02
  7.0970E+00  2.3714E+01 -2.1901E-03  3.7852E-01  6.0397E-02  4.9132E-01  5.9084E-02
  7.1092E+00  2.3755E+01 -2.1947E-03  3.7916E-01  5.2239E-02  4.7808E-01  5.0808E-02
  7.1216E+00  2.3796E+01 -2.1999E-03  3.7989E-01  6.8306E-02  4.7930E-01  6.7220E-02
  7.1338E+00  2.3836E+01 -2.2052E-03  3.8064E-01  5.4935E-02  4.8858E-01  5.3534E-02
  7.1459E+00  2.3877E+01 -2.2097E-03  3.8126E-01  5.5980E-02  4.7389E-01  5.4697E-02
  7.1581E+00  2.3918E+01 -2.2151E-03  3.8203E-01  6.7708E-02  4.8455E-01  6.6610E-02
  7.1703E+00  2.3958E+01 -2.2201E-03  3.8274E-01  5.1920E-02  4.8404E-01  5.0493E-02
  7.1827E+00  2.4000E+01 -2.2248E-03  3.8339E-01  6.1192E-02  4.7138E-01  6.0057E-02
  7.1948E+00  2.4040E+01 -2.2303E-03  3.8418E-01  6.3504E-02  4.8829E-01  6.2338E-02
  7.2070E+00  2.4081E+01 -2.2349E-03  3.8483E-01  5.0580E-02  4.7778E-01  4.9181E-02
  7.2192E+00  2.4121E+01 -2.2398E-03  3.8551E-01  6.5896E-02  4.7236E-01  6.4860E-02
  7.2316E+00  2.4163E+01 -2.2453E-03  3.8630E-01  5.7704E-02  4.8760E-01  5.6447E-02
  7.2437E+00  2.4203E+01 -2.2498E-03  3.8692E-01  5.2751E-02  4.7308E-01  5.1465E-02
  7.2559E+00  2.4244E+01 -2.2549E-03  3.8765E-01  6.8015E-02  4.7731E-01  6.7011E-02
  7.2681E+00  2.4284E+01 -2.2601E-03  3.8839E-01  5.3452E-02  4.8393E-01  5.2141E-02
  7.2802E+00  2.4325E+01 -2.2645E-03  3.8901E-01  5.6806E-02  4.6947E-01  5.5655E-02
  7.2926E+00  2.4366E+01 -2.2700E-03  3.8979E-01  6.6031E-02  4.8323E-01  6.4991E-02
  7.3048E+00  2.4407E+01 -2.2748E-03  3.9047E-01  5.0253E-02  4.7937E-01  4.8910E-02
  7.3170E+00  2.4448E+01 -2.2794E-03  3.9112E-01  6.2308E-02  4.6762E-01  6.1290E-02
  7.3291E+00  2.4488E+01 -2.2848E-03  3.9190E-01  6.1205E-02  4.8557E-01  6.0092E-02
  7.3415E+00  2.4529E+01 -2.2894E-03  3.9255E-01  5.0480E-02  4.7270E-01  4.9206E-02
  7.3537E+00  2.4570E+01 -2.2943E-03  3.9324E-01  6.6545E-02  4.7028E-01  6.5600E-02
  7.3659E+00  2.4611E+01 -2.2996E-03  3.9400E-01  5.5902E-02  4.8351E-01  5.4716E-02
  7.3780E+00  2.4651E+01 -2.3040E-03  3.9461E-01  5.3293E-02  4.6868E-01  5.2132E-02
  7.3902E+00  2.4692E+01 -2.3092E-03  3.9535E-01  6.7339E-02  4.7589E-01  6.6401E-02
  7.4026E+00  2.4733E+01 -2.3142E-03  3.9608E-01  5.1342E-02  4.7953E-01  5.0094E-02
  7.4148E+00  2.4774E+01 -2.3186E-03  3.9669E-01  5.8184E-02  4.6482E-01  5.7160E-02
  7.4269E+00  2.4814E+01 -2.3240E-03  3.9747E-01  6.4123E-02  4.8162E-01  6.3133E-02
  7.4391E+00  2.4855E+01 -2.3286E-03  3.9813E-01  4.9321E-02  4.7345E-01  4.8079E-02
  7.4515E+00  2.4896E+01 -2.3333E-03  3.9879E-01  6.3538E-02  4.6467E-01  6.2621E-02
  7.4636E+00  2.4937E+01 -2.3386E-03  3.9957E-01  5.8946E-02  4.8228E-01  5.7886E-02
  7.4758E+00  2.4977E+01 -2.3430E-03  4.0019E-01  5.0691E-02  4.6854E-01  4.9532E-02
  7.4880E+00  2.5018E+01 -2.3479E-03  4.0089E-01  6.6654E-02  4.6850E-01  6.5783E-02
  7.5002E+00  2.5059E+01 -2.3530E-03  4.0163E-01  5.3726E-02  4.7961E-01  5.2595E-02
  7.5125E+00  2.5100E+01 -2.3574E-03  4.0225E-01  5.4240E-02  4.6353E-01  5.3202E-02
  7.5247E+00  2.5141E+01 -2.3626E-03  4.0300E-01  6.6083E-02  4.7554E-01  6.5195E-02
  7.5369E+00  2.5181E+01 -2.3674E-03  4.0368E-01  4.9802E-02  4.7524E-01  4.8625E-02
  7.5491E+00  2.5222E+01 -2.3718E-03  4.0430E-01  5.9260E-02  4.6108E-01  5.8339E-02
  7.5614E+00  2.5263E+01 -2.3772E-03  4.0509E-01  6.2074E-02  4.7945E-01  6.1129E-02
  7.5736E+00  2.5304E+01 -2.3816E-03  4.0573E-01  4.9214E-02  4.6895E-01  4.8077E-02
  7.5858E+00  2.5344E+01 -2.3863E-03  4.0639E-01  6.4249E-02  4.6217E-01  6.3413E-02
  7.5979E+00  2.5385E+01 -2.3915E-03  4.0715E-01  5.6641E-02  4.7897E-01  5.5625E-02
  7.6101E+00  2.5425E+01 -2.3958E-03  4.0776E-01  5.0781E-02  4.6339E-01  4.9727E-02
  7.6225E+00  2.5467E+01 -2.4008E-03  4.0848E-01  6.6472E-02  4.6812E-01  6.5659E-02
  7.6347E+00  2.5507E+01 -2.4057E-03  4.0920E-01  5.1474E-02  4.7546E-01  5.0392E-02
  7.6468E+00  2.5548E+01 -2.4100E-03  4.0980E-01  5.5184E-02  4.5939E-01  5.4250E-02
  7.6590E+00  2.5589E+01 -2.4152E-03  4.1056E-01  6.4823E-02  4.7401E-01  6.3983E-02
  7.6714E+00  2.5630E+01 -2.4199E-03  4.1124E-01  4.8997E-02  4.6989E-01  4.7907E-02
  7.6836E+00  2.5670E+01 -2.4243E-03  4.1186E-01  6.0620E-02  4.5781E-01  5.9792E-02
  7.6957E+00  2.5711E+01 -2.4295E-03  4.1263E-01  5.9880E-02  4.7709E-01  5.8975E-02
  7.7079E+00  2.5752E+01 -2.4338E-03  4.1325E-01  4.8647E-02  4.6355E-01  4.7599E-02
  7.7201E+00  2.5792E+01 -2.4386E-03  4.1392E-01  6.4850E-02  4.6052E-01  6.4083E-02
  7.7325E+00  2.5834E+01 -2.4437E-03  4.1468E-01  5.4039E-02  4.7537E-01  5.3060E-02
  7.7446E+00  2.5874E+01 -2.4479E-03  4.1527E-01  5.1605E-02  4.5887E-01  5.0655E-02
  7.7568E+00  2.5915E+01 -2.4529E-03  4.1599E-01  6.5896E-02  4.6694E-01  6.5133E-02
  7.7690E+00  2.5955E+01 -2.4576E-03  4.1670E-01  5.0219E-02  4.7098E-01  4.9202E-02
  7.7814E+00  2.5997E+01 -2.4620E-03  4.1731E-01  5.6516E-02  4.5551E-01  5.5679E-02
  7.7935E+00  2.6037E+01 -2.4671E-03  4.1807E-01  6.2829E-02  4.7310E-01  6.2022E-02
  7.8057E+00  2.6078E+01 -2.4715E-03  4.1871E-01  4.7720E-02  4.6492E-01  4.6696E-02
  7.8179E+00  2.6118E+01 -2.4760E-03  4.1934E-01  6.1713E-02  4.5510E-01  6.0963E-02
  7.8300E+00  2.6159E+01 -2.4811E-03  4.2010E-01  5.7532E-02  4.7451E-01  5.6661E-02
  7.8424E+00  2.6200E+01 -2.4854E-03  4.2071E-01  4.8900E-02  4.5897E-01  4.7944E-02
  7.8546E+00  2.6241E+01 -2.4901E-03  4.2140E-01  6.5204E-02  4.5952E-01  6.4493E-02
  7.8668E+00  2.6282E+01 -2.4951E-03  4.2213E-01  5.2384E-02  4.7143E-01  5.1455E-02
  7.8789E+00  2.6322E+01 -2.4992E-03  4.2272E-01  5.2355E-02  4.5495E-01  5.1495E-02
  7.8913E+00  2.6363E+01 -2.5043E-03  4.2346E-01  6.4757E-02  4.6680E-01  6.4031E-02
  7.9035E+00  2.6404E+01 -2.5089E-03  4.2413E-01  4.8325E-02  4.6687E-01  4.7354E-02
  7.9157E+00  2.6445E+01 -2.5131E-03  4.2473E-01  5.7705E-02  4.5185E-01  5.6951E-02
  7.9278E+00  2.6485E+01 -2.5182E-03  4.2549E-01  6.0725E-02  4.7173E-01  5.9948E-02
  7.9402E+00  2.6527E+01 -2.5225E-03  4.2612E-01  4.7262E-02  4.5949E-01  4.6318E-02
  7.9524E+00  2.6567E+01 -2.5270E-03  4.2677E-01  6.2797E-02  4.5324E-01  6.2112E-02
  7.9645E+00  2.6608E+01 -2.5321E-03  4.2752E-01  5.5308E-02  4.7126E-01  5.4471E-02
  7.9767E+00  2.6648E+01 -2.5362E-03  4.2811E-01  4.9327E-02  4.5520E-01  4.8456E-02
  7.9889E+00  2.6689E+01 -2.5409E-03  4.2880E-01  6.5026E-02  4.5873E-01  6.4361E-02
  8.0013E+00  2.6730E+01 -2.5458E-03  4.2952E-01  5.0084E-02  4.6756E-01  4.9188E-02
  8.0134E+00  2.6771E+01 -2.5498E-03  4.3010E-01  5.3592E-02  4.5046E-01  5.2822E-02
  8.0256E+00  2.6811E+01 -2.5549E-03  4.3084E-01  6.3250E-02  4.6655E-01  6.2555E-02
  8.0378E+00  2.6852E+01 -2.5593E-03  4.3149E-01  4.7053E-02  4.6282E-01  4.6135E-02
  8.0502E+00  2.6893E+01 -2.5636E-03  4.3211E-01  5.9164E-02  4.4904E-01  5.8484E-02
  8.0623E+00  2.6934E+01 -2.5686E-03  4.3286E-01  5.8557E-02  4.6966E-01  5.7809E-02
  8.0745E+00  2.6975E+01 -2.5728E-03  4.3347E-01  4.7361E-02  4.5602E-01  4.6492E-02
  8.0867E+00  2.7015E+01 -2.5773E-03  4.3412E-01  6.3331E-02  4.5178E-01  6.2699E-02
  8.0989E+00  2.7056E+01 -2.5822E-03  4.3486E-01  5.3056E-02  4.6811E-01  5.2248E-02
  8.1112E+00  2.7097E+01 -2.5863E-03  4.3544E-01  4.9996E-02  4.5031E-01  4.9207E-02
  8.1234E+00  2.7138E+01 -2.5911E-03  4.3615E-01  6.4413E-02  4.5938E-01  6.3782E-02
  8.1356E+00  2.7178E+01 -2.5957E-03  4.3683E-01  4.8327E-02  4.6388E-01  4.7471E-02
  8.1477E+00  2.7219E+01 -2.5997E-03  4.3741E-01  5.4690E-02  4.4703E-01  5.3993E-02
  8.1601E+00  2.7260E+01 -2.6048E-03  4.3817E-01  6.1502E-02  4.6574E-01  6.0834E-02
  8.1723E+00  2.7301E+01 -2.6091E-03  4.3880E-01  4.6625E-02  4.5751E-01  4.5776E-02
  8.1845E+00  2.7341E+01 -2.6133E-03  4.3941E-01  6.0140E-02  4.4671E-01  5.9519E-02
  8.1966E+00  2.7382E+01 -2.6183E-03  4.4016E-01  5.6297E-02  4.6739E-01  5.5574E-02
  8.2088E+00  2.7423E+01 -2.6223E-03  4.4075E-01  4.7145E-02  4.5112E-01  4.6343E-02
  8.2212E+00  2.7464E+01 -2.6270E-03  4.4142E-01  6.3782E-02  4.5176E-01  6.3193E-02
  8.2334E+00  2.7504E+01 -2.6317E-03  4.4213E-01  5.0606E-02  4.6463E-01  4.9823E-02
  8.2455E+00  2.7545E+01 -2.6356E-03  4.4270E-01  5.0834E-02  4.4658E-01  5.0118E-02
  8.2577E+00  2.7586E+01 -2.6405E-03  4.4342E-01  6.3554E-02  4.5885E-01  6.2954E-02
  8.2701E+00  2.7627E+01 -2.6450E-03  4.4409E-01  4.7179E-02  4.5918E-01  4.6372E-02
  8.2823E+00  2.7668E+01 -2.6491E-03  4.4468E-01  5.6138E-02  4.4392E-01  5.5510E-02
  8.2944E+00  2.7708E+01 -2.6540E-03  4.4542E-01  5.9529E-02  4.6467E-01  5.8883E-02
  8.3066E+00  2.7749E+01 -2.6581E-03  4.4603E-01  4.5690E-02  4.5222E-01  4.4895E-02
  8.3188E+00  2.7789E+01 -2.6624E-03  4.4665E-01  6.1122E-02  4.4510E-01  6.0552E-02
  8.3312E+00  2.7831E+01 -2.6674E-03  4.4740E-01  5.3621E-02  4.6477E-01  5.2915E-02
  8.3433E+00  2.7871E+01 -2.6713E-03  4.4797E-01  4.7725E-02  4.4701E-01  4.6995E-02
  8.3555E+00  2.7912E+01 -2.6759E-03  4.4865E-01  6.3670E-02  4.5123E-01  6.3117E-02
  8.3677E+00  2.7952E+01 -2.6805E-03  4.4934E-01  4.9141E-02  4.6078E-01  4.8396E-02
  8.3800E+00  2.7994E+01 -2.6845E-03  4.4992E-01  5.2092E-02  4.4303E-01  5.1446E-02
  8.3922E+00  2.8034E+01 -2.6893E-03  4.5064E-01  6.2040E-02  4.5930E-01  6.1461E-02
  8.4044E+00  2.8075E+01 -2.6936E-03  4.5128E-01  4.5679E-02  4.5567E-01  4.4908E-02
  8.4166E+00  2.8116E+01 -2.6976E-03  4.5187E-01  5.7390E-02  4.4121E-01  5.6820E-02
  8.4287E+00  2.8156E+01 -2.7025E-03  4.5261E-01  5.7298E-02  4.6335E-01  5.6671E-02
  8.4411E+00  2.8197E+01 -2.7066E-03  4.5320E-01  4.5627E-02  4.4793E-01  4.4893E-02
  8.4533E+00  2.8238E+01 -2.7109E-03  4.5384E-01  6.1975E-02  4.4432E-01  6.1448E-02
  8.4655E+00  2.8279E+01 -2.7157E-03  4.5456E-01  5.1845E-02  4.6160E-01  5.1167E-02
  8.4776E+00  2.8319E+01 -2.7195E-03  4.5512E-01  4.8360E-02  4.4365E-01  4.7692E-02
  8.4900E+00  2.8361E+01 -2.7242E-03  4.5582E-01  6.3129E-02  4.5192E-01  6.2603E-02
  8.5022E+00  2.8401E+01 -2.7287E-03  4.5649E-01  4.7038E-02  4.5717E-01  4.6316E-02
  8.5143E+00  2.8442E+01 -2.7325E-03  4.5706E-01  5.3233E-02  4.3950E-01  5.2648E-02
  8.5265E+00  2.8482E+01 -2.7374E-03  4.5778E-01  6.0259E-02  4.5936E-01  5.9699E-02
  8.5387E+00  2.8523E+01 -2.7415E-03  4.5840E-01  4.4739E-02  4.5097E-01  4.4013E-02
  8.5511E+00  2.8564E+01 -2.7456E-03  4.5901E-01  5.8790E-02  4.3939E-01  5.8270E-02
  8.5632E+00  2.8605E+01 -2.7505E-03  4.5974E-01  5.5085E-02  4.6124E-01  5.4476E-02
  8.5754E+00  2.8645E+01 -2.7543E-03  4.6031E-01  4.5927E-02  4.4480E-01  4.5250E-02
  8.5876E+00  2.8686E+01 -2.7587E-03  4.6096E-01  6.2269E-02  4.4387E-01  6.1776E-02
  8.6000E+00  2.8727E+01 -2.7634E-03  4.6167E-01  4.9389E-02  4.5835E-01  4.8728E-02
  8.6121E+00  2.8768E+01 -2.7672E-03  4.6223E-01  4.9356E-02  4.3935E-01  4.8752E-02
  8.6243E+00  2.8809E+01 -2.7719E-03  4.6292E-01  6.2126E-02  4.5279E-01  6.1620E-02
  8.6365E+00  2.8849E+01 -2.7761E-03  4.6357E-01  4.5520E-02  4.5371E-01  4.4828E-02
  8.6487E+00  2.8890E+01 -2.7800E-03  4.6414E-01  5.4426E-02  4.3681E-01  5.3894E-02
  8.6610E+00  2.8931E+01 -2.7849E-03  4.6488E-01  5.8308E-02  4.5865E-01  5.7763E-02
  8.6732E+00  2.8972E+01 -2.7889E-03  4.6547E-01  4.4669E-02  4.4662E-01  4.3997E-02
  8.6854E+00  2.9012E+01 -2.7930E-03  4.6608E-01  5.9661E-02  4.3802E-01  5.9182E-02
  8.6975E+00  2.9053E+01 -2.7977E-03  4.6680E-01  5.2821E-02  4.5899E-01  5.2228E-02
  8.7099E+00  2.9094E+01 -2.8015E-03  4.6737E-01  4.6252E-02  4.4014E-01  4.5633E-02
  8.7221E+00  2.9135E+01 -2.8060E-03  4.6803E-01  6.2318E-02  4.4500E-01  6.1851E-02
  8.7343E+00  2.9175E+01 -2.8105E-03  4.6871E-01  4.7443E-02  4.5524E-01  4.6803E-02
  8.7464E+00  2.9216E+01 -2.8142E-03  4.6926E-01  5.0386E-02  4.3622E-01  4.9837E-02
  8.7586E+00  2.9257E+01 -2.8189E-03  4.6996E-01  6.1004E-02  4.5274E-01  6.0518E-02
  8.7710E+00  2.9298E+01 -2.8231E-03  4.7060E-01  4.4709E-02  4.4899E-01  4.4058E-02
  8.7832E+00  2.9338E+01 -2.8270E-03  4.7117E-01  5.5918E-02  4.3458E-01  5.5435E-02
  8.7953E+00  2.9379E+01 -2.8317E-03  4.7190E-01  5.6194E-02  4.5761E-01  5.5663E-02
  8.8075E+00  2.9420E+01 -2.8356E-03  4.7247E-01  4.4099E-02  4.4180E-01  4.3470E-02
  8.8199E+00  2.9461E+01 -2.8398E-03  4.7310E-01  6.0661E-02  4.3793E-01  6.0216E-02
  8.8321E+00  2.9502E+01 -2.8444E-03  4.7381E-01  5.0236E-02  4.5631E-01  4.9654E-02
  8.8442E+00  2.9542E+01 -2.8481E-03  4.7435E-01  4.6923E-02  4.3680E-01  4.6356E-02
  8.8564E+00  2.9583E+01 -2.8526E-03  4.7502E-01  6.1911E-02  4.4521E-01  6.1467E-02
  8.8686E+00  2.9623E+01 -2.8569E-03  4.7568E-01  4.6203E-02  4.5145E-01  4.5593E-02
  8.8810E+00  2.9665E+01 -2.8607E-03  4.7625E-01  5.1811E-02  4.3333E-01  5.1314E-02
  8.8931E+00  2.9705E+01 -2.8654E-03  4.7696E-01  5.9156E-02  4.5349E-01  5.8682E-02
  8.9053E+00  2.9746E+01 -2.8694E-03  4.7756E-01  4.3439E-02  4.4522E-01  4.2818E-02
  8.9175E+00  2.9786E+01 -2.8733E-03  4.7814E-01  5.7150E-02  4.3285E-01  5.6708E-02
  8.9298E+00  2.9828E+01 -2.8780E-03  4.7886E-01  5.3549E-02  4.5622E-01  5.3026E-02
  8.9420E+00  2.9868E+01 -2.8817E-03  4.7942E-01  4.4384E-02  4.3802E-01  4.3805E-02
  8.9542E+00  2.9909E+01 -2.8860E-03  4.8005E-01  6.1001E-02  4.3776E-01  6.0584E-02
  8.9664E+00  2.9950E+01 -2.8905E-03  4.8074E-01  4.8603E-02  4.5315E-01  4.8043E-02
  8.9785E+00  2.9990E+01 -2.8941E-03  4.8128E-01  4.7749E-02  4.3388E-01  4.7229E-02
  8.9909E+00  3.0031E+01 -2.8987E-03  4.8198E-01  6.0967E-02  4.4666E-01  6.0538E-02
  9.0031E+00  3.0072E+01 -2.9028E-03  4.8261E-01  4.4322E-02  4.4808E-01  4.3730E-02
  9.0153E+00  3.0113E+01 -2.9066E-03  4.8316E-01  5.3090E-02  4.3061E-01  5.2637E-02
  9.0274E+00  3.0153E+01 -2.9112E-03  4.8387E-01  5.7164E-02  4.5360E-01  5.6699E-02
  9.0398E+00  3.0195E+01 -2.9151E-03  4.8446E-01  4.2949E-02  4.3975E-01  4.2370E-02
  9.0520E+00  3.0235E+01 -2.9191E-03  4.8505E-01  5.8403E-02  4.3204E-01  5.7996E-02
  9.0641E+00  3.0276E+01 -2.9237E-03  4.8576E-01  5.1719E-02  4.5396E-01  5.1212E-02
  9.0763E+00  3.0316E+01 -2.9273E-03  4.8631E-01  4.4882E-02  4.3522E-01  4.4348E-02
  9.0885E+00  3.0357E+01 -2.9316E-03  4.8695E-01  6.1006E-02  4.3823E-01  6.0611E-02
  9.1009E+00  3.0398E+01 -2.9360E-03  4.8763E-01  4.6314E-02  4.5001E-01  4.5766E-02
  9.1130E+00  3.0439E+01 -2.9396E-03  4.8816E-01  4.9029E-02  4.3025E-01  4.8559E-02
  9.1252E+00  3.0479E+01 -2.9442E-03  4.8885E-01  5.9627E-02  4.4801E-01  5.9210E-02
  9.1374E+00  3.0520E+01 -2.9481E-03  4.8946E-01  4.3067E-02  4.4477E-01  4.2500E-02
  9.1498E+00  3.0561E+01 -2.9520E-03  4.9003E-01  5.4671E-02  4.2877E-01  5.4258E-02
  9.1619E+00  3.0602E+01 -2.9566E-03  4.9074E-01  5.5078E-02  4.5279E-01  5.4623E-02
  9.1741E+00  3.0643E+01 -2.9603E-03  4.9130E-01  4.3120E-02  4.3724E-01  4.2580E-02
  9.1863E+00  3.0683E+01 -2.9643E-03  4.9191E-01  5.9100E-02  4.3163E-01  5.8720E-02
  9.1985E+00  3.0724E+01 -2.9688E-03  4.9260E-01  4.9504E-02  4.5169E-01  4.9008E-02
  9.2108E+00  3.0765E+01 -2.9724E-03  4.9314E-01  4.5562E-02  4.3111E-01  4.5074E-02
  9.2230E+00  3.0806E+01 -2.9768E-03  4.9380E-01  6.0617E-02  4.4035E-01  6.0237E-02
  9.2352E+00  3.0846E+01 -2.9810E-03  4.9444E-01  4.4578E-02  4.4706E-01  4.4045E-02
  9.2473E+00  3.0887E+01 -2.9845E-03  4.9498E-01  5.0206E-02  4.2777E-01  4.9776E-02
  9.2597E+00  3.0928E+01 -2.9892E-03  4.9568E-01  5.8016E-02  4.4866E-01  5.7609E-02
  9.2719E+00  3.0969E+01 -2.9930E-03  4.9627E-01  4.2621E-02  4.4003E-01  4.2090E-02
  9.2841E+00  3.1009E+01 -2.9968E-03  4.9684E-01  5.5771E-02  4.2740E-01  5.5391E-02
  9.2962E+00  3.1050E+01 -3.0014E-03  4.9754E-01  5.2887E-02  4.5165E-01  5.2441E-02
  9.3084E+00  3.1091E+01 -3.0049E-03  4.9809E-01  4.2900E-02  4.3296E-01  4.2397E-02
  9.3208E+00  3.1132E+01 -3.0091E-03  4.9871E-01  5.9765E-02  4.3272E-01  5.9407E-02
  9.3330E+00  3.1172E+01 -3.0135E-03  4.9939E-01  4.7069E-02  4.4897E-01  4.6581E-02
  9.3451E+00  3.1213E+01 -3.0169E-03  4.9991E-01  4.6455E-02  4.2830E-01  4.6007E-02
  9.3573E+00  3.1254E+01 -3.0213E-03  5.0058E-01  5.9917E-02  4.4115E-01  5.9550E-02
  9.3697E+00  3.1295E+01 -3.0254E-03  5.0121E-01  4.3420E-02  4.4293E-01  4.2912E-02
  9.3819E+00  3.1336E+01 -3.0290E-03  5.0175E-01  5.1742E-02  4.2560E-01  5.1351E-02
  9.3940E+00  3.1376E+01 -3.0336E-03  5.0245E-01  5.6158E-02  4.4897E-01  5.5759E-02
  9.4062E+00  3.1417E+01 -3.0373E-03  5.0302E-01  4.1659E-02  4.3527E-01  4.1155E-02
  9.4184E+00  3.1457E+01 -3.0411E-03  5.0359E-01  5.6899E-02  4.2668E-01  5.6547E-02
  9.4308E+00  3.1499E+01 -3.0457E-03  5.0429E-01  5.0254E-02  4.5001E-01  4.9812E-02
  9.4429E+00  3.1539E+01 -3.0491E-03  5.0482E-01  4.3507E-02  4.2967E-01  4.3044E-02
  9.4551E+00  3.1580E+01 -3.0533E-03  5.0545E-01  5.9824E-02  4.3334E-01  5.9484E-02
  9.4673E+00  3.1620E+01 -3.0575E-03  5.0611E-01  4.5620E-02  4.4578E-01  4.5149E-02
  9.4797E+00  3.1662E+01 -3.0610E-03  5.0664E-01  4.7771E-02  4.2566E-01  4.7363E-02
  9.4918E+00  3.1702E+01 -3.0655E-03  5.0732E-01  5.8584E-02  4.4312E-01  5.8226E-02
  9.5040E+00  3.1743E+01 -3.0693E-03  5.0791E-01  4.1950E-02  4.4015E-01  4.1457E-02
  9.5162E+00  3.1784E+01 -3.0730E-03  5.0846E-01  5.3086E-02  4.2375E-01  5.2728E-02
  9.5283E+00  3.1824E+01 -3.0775E-03  5.0915E-01  5.4022E-02  4.4893E-01  5.3628E-02
  9.5407E+00  3.1865E+01 -3.0811E-03  5.0971E-01  4.1600E-02  4.3159E-01  4.1130E-02
  9.5529E+00  3.1906E+01 -3.0850E-03  5.1030E-01  5.7926E-02  4.2685E-01  5.7597E-02
  9.5651E+00  3.1947E+01 -3.0894E-03  5.1098E-01  4.8512E-02  4.4762E-01  4.8082E-02
  9.5772E+00  3.1987E+01 -3.0928E-03  5.1150E-01  4.4197E-02  4.2722E-01  4.3769E-02
  9.5896E+00  3.2029E+01 -3.0971E-03  5.1215E-01  5.9488E-02  4.3530E-01  5.9160E-02
  9.6018E+00  3.2069E+01 -3.1011E-03  5.1278E-01  4.3530E-02  4.4278E-01  4.3067E-02
  9.6140E+00  3.2110E+01 -3.1046E-03  5.1330E-01  4.8959E-02  4.2299E-01  4.8586E-02
  9.6261E+00  3.2150E+01 -3.1090E-03  5.1398E-01  5.6952E-02  4.4464E-01  5.6600E-02
  9.6383E+00  3.2191E+01 -3.1127E-03  5.1456E-01  4.0995E-02  4.3658E-01  4.0524E-02
  9.6507E+00  3.2232E+01 -3.1164E-03  5.1512E-01  5.4612E-02  4.2279E-01  5.4284E-02
  9.6628E+00  3.2273E+01 -3.1209E-03  5.1581E-01  5.1874E-02  4.4785E-01  5.1487E-02
  9.6750E+00  3.2313E+01 -3.1244E-03  5.1634E-01  4.1956E-02  4.2933E-01  4.1518E-02
  9.6872E+00  3.2354E+01 -3.1283E-03  5.1694E-01  5.8386E-02  4.2734E-01  5.8076E-02
  9.6996E+00  3.2395E+01 -3.1326E-03  5.1762E-01  4.6078E-02  4.4506E-01  4.5653E-02
  9.7117E+00  3.2436E+01 -3.1360E-03  5.1813E-01  4.5199E-02  4.2369E-01  4.4808E-02
  9.7239E+00  3.2477E+01 -3.1403E-03  5.1878E-01  5.8673E-02  4.3751E-01  5.8355E-02
  9.7361E+00  3.2517E+01 -3.1442E-03  5.1939E-01  4.2028E-02  4.3996E-01  4.1579E-02
  9.7483E+00  3.2558E+01 -3.1476E-03  5.1991E-01  5.0229E-02  4.2118E-01  4.9887E-02
  9.7606E+00  3.2599E+01 -3.1521E-03  5.2060E-01  5.5118E-02  4.4523E-01  5.4771E-02
  9.7728E+00  3.2640E+01 -3.1557E-03  5.2116E-01  4.0921E-02  4.3226E-01  4.0482E-02
  9.7850E+00  3.2680E+01 -3.1594E-03  5.2172E-01  5.5614E-02  4.2226E-01  5.5308E-02
  9.7972E+00  3.2721E+01 -3.1638E-03  5.2240E-01  4.9668E-02  4.4652E-01  4.9286E-02
  9.8095E+00  3.2762E+01 -3.1672E-03  5.2293E-01  4.2264E-02  4.2532E-01  4.1858E-02
  9.8217E+00  3.2803E+01 -3.1713E-03  5.2355E-01  5.8652E-02  4.2952E-01  5.8356E-02
  9.8339E+00  3.2843E+01 -3.1754E-03  5.2419E-01  4.4155E-02  4.4258E-01  4.3738E-02
  9.8460E+00  3.2884E+01 -3.1787E-03  5.2469E-01  4.6278E-02  4.2144E-01  4.5920E-02
  9.8582E+00  3.2925E+01 -3.1830E-03  5.2535E-01  5.7697E-02  4.3869E-01  5.7388E-02
  9.8706E+00  3.2966E+01 -3.1868E-03  5.2595E-01  4.1197E-02  4.3576E-01  4.0770E-02
  9.8828E+00  3.3006E+01 -3.1903E-03  5.2648E-01  5.1811E-02  4.1977E-01  5.1498E-02
  9.8949E+00  3.3047E+01 -3.1947E-03  5.2717E-01  5.3103E-02  4.4537E-01  5.2760E-02
  9.9071E+00  3.3088E+01 -3.1982E-03  5.2770E-01  4.0323E-02  4.2791E-01  3.9908E-02
  9.9195E+00  3.3129E+01 -3.2020E-03  5.2829E-01  5.6790E-02  4.2293E-01  5.6504E-02
  9.9317E+00  3.3170E+01 -3.2063E-03  5.2895E-01  4.7116E-02  4.4461E-01  4.6736E-02
  9.9438E+00  3.3210E+01 -3.2096E-03  5.2946E-01  4.2966E-02  4.2280E-01  4.2591E-02
  9.9560E+00  3.3251E+01 -3.2137E-03  5.3008E-01  5.8410E-02  4.3079E-01  5.8125E-02
  9.9682E+00  3.3291E+01 -3.2176E-03  5.3071E-01  4.2922E-02  4.3935E-01  4.2520E-02
  9.9806E+00  3.3333E+01 -3.2210E-03  5.3122E-01  4.7755E-02  4.1940E-01  4.7427E-02
  9.9927E+00  3.3373E+01 -3.2254E-03  5.3189E-01  5.6014E-02  4.4086E-01  5.5707E-02
  1.0005E+01  3.3414E+01 -3.2290E-03  5.3246E-01  3.9938E-02  4.3301E-01  3.9524E-02
  1.0017E+01  3.3454E+01 -3.2325E-03  5.3299E-01  5.3144E-02  4.1880E-01  5.2855E-02
  1.0029E+01  3.3496E+01 -3.2369E-03  5.3368E-01  5.0535E-02  4.4507E-01  5.0193E-02
  1.0042E+01  3.3536E+01 -3.2402E-03  5.3420E-01  4.0611E-02  4.2481E-01  4.0225E-02
  1.0054E+01  3.3577E+01 -3.2441E-03  5.3478E-01  5.7288E-02  4.2360E-01  5.7017E-02
  1.0066E+01  3.3618E+01 -3.2482E-03  5.3544E-01  4.5508E-02  4.4207E-01  4.5137E-02
  1.0078E+01  3.3658E+01 -3.2515E-03  5.3594E-01  4.3835E-02  4.2072E-01  4.3488E-02
  1.0091E+01  3.3699E+01 -3.2557E-03  5.3659E-01  5.7664E-02  4.3347E-01  5.7386E-02
  1.0103E+01  3.3740E+01 -3.2595E-03  5.3718E-01  4.1053E-02  4.3651E-01  4.0658E-02
  1.0115E+01  3.3781E+01 -3.2629E-03  5.3769E-01  4.9082E-02  4.1747E-01  4.8782E-02
  1.0127E+01  3.3821E+01 -3.2672E-03  5.3836E-01  5.4150E-02  4.4228E-01  5.3846E-02
  1.0139E+01  3.3863E+01 -3.2707E-03  5.3891E-01  3.9382E-02  4.2746E-01  3.8992E-02
  1.0152E+01  3.3903E+01 -3.2743E-03  5.3946E-01  5.4532E-02  4.1870E-01  5.4264E-02
  1.0164E+01  3.3944E+01 -3.2785E-03  5.4013E-01  4.8756E-02  4.4359E-01  4.8420E-02
  1.0176E+01  3.3984E+01 -3.2818E-03  5.4064E-01  4.1151E-02  4.2281E-01  4.0791E-02
  1.0188E+01  3.4025E+01 -3.2857E-03  5.4124E-01  5.7462E-02  4.2493E-01  5.7203E-02
  1.0200E+01  3.4066E+01 -3.2898E-03  5.4188E-01  4.3236E-02  4.3947E-01  4.2869E-02
  1.0213E+01  3.4107E+01 -3.2930E-03  5.4237E-01  4.5119E-02  4.1786E-01  4.4803E-02
  1.0225E+01  3.4147E+01 -3.2972E-03  5.4302E-01  5.6499E-02  4.3611E-01  5.6225E-02
  1.0237E+01  3.4188E+01 -3.3009E-03  5.4360E-01  3.9808E-02  4.3378E-01  3.9425E-02
  1.0249E+01  3.4229E+01 -3.3043E-03  5.4412E-01  5.0746E-02  4.1637E-01  5.0471E-02
  1.0262E+01  3.4270E+01 -3.3086E-03  5.4479E-01  5.2161E-02  4.4256E-01  5.1860E-02
  1.0274E+01  3.4311E+01 -3.3119E-03  5.4532E-01  3.9598E-02  4.2570E-01  3.9232E-02
  1.0286E+01  3.4351E+01 -3.3156E-03  5.4588E-01  5.5367E-02  4.1897E-01  5.5115E-02
  1.0298E+01  3.4392E+01 -3.3198E-03  5.4653E-01  4.6588E-02  4.4204E-01  4.6255E-02
  1.0310E+01  3.4433E+01 -3.3230E-03  5.4703E-01  4.1810E-02  4.1937E-01  4.1478E-02
  1.0323E+01  3.4474E+01 -3.3270E-03  5.4765E-01  5.7289E-02  4.2805E-01  5.7039E-02
  1.0335E+01  3.4514E+01 -3.3309E-03  5.4826E-01  4.1517E-02  4.3705E-01  4.1157E-02
  1.0347E+01  3.4555E+01 -3.3341E-03  5.4875E-01  4.6341E-02  4.1618E-01  4.6050E-02
  1.0359E+01  3.4596E+01 -3.3383E-03  5.4942E-01  5.5035E-02  4.3799E-01  5.4765E-02
  1.0372E+01  3.4637E+01 -3.3419E-03  5.4997E-01  3.9329E-02  4.2948E-01  3.8966E-02
  1.0384E+01  3.4677E+01 -3.3453E-03  5.5050E-01  5.1940E-02  4.1570E-01  5.1684E-02
  1.0396E+01  3.4718E+01 -3.3495E-03  5.5116E-01  5.0052E-02  4.4240E-01  4.9753E-02
  1.0408E+01  3.4759E+01 -3.3528E-03  5.5167E-01  3.9352E-02  4.2193E-01  3.9007E-02
  1.0420E+01  3.4800E+01 -3.3566E-03  5.5225E-01  5.6220E-02  4.2070E-01  5.5982E-02
  1.0433E+01  3.4840E+01 -3.3606E-03  5.5289E-01  4.4176E-02  4.3990E-01  4.3845E-02
  1.0445E+01  3.4881E+01 -3.3637E-03  5.5337E-01  4.2728E-02  4.1733E-01  4.2421E-02
  1.0457E+01  3.4922E+01 -3.3678E-03  5.5400E-01  5.6745E-02  4.2984E-01  5.6501E-02
  1.0469E+01  3.4963E+01 -3.3716E-03  5.5460E-01  4.0343E-02  4.3333E-01  3.9996E-02
  1.0481E+01  3.5004E+01 -3.3748E-03  5.5510E-01  4.7928E-02  4.1476E-01  4.7662E-02
  1.0494E+01  3.5044E+01 -3.3790E-03  5.5575E-01  5.3304E-02  4.3947E-01  5.3036E-02
  1.0506E+01  3.5085E+01 -3.3824E-03  5.5629E-01  3.8338E-02  4.2551E-01  3.7990E-02
  1.0518E+01  3.5125E+01 -3.3859E-03  5.5682E-01  5.3181E-02  4.1558E-01  5.2943E-02
  1.0530E+01  3.5167E+01 -3.3901E-03  5.5748E-01  4.7478E-02  4.4160E-01  4.7178E-02
  1.0543E+01  3.5207E+01 -3.3932E-03  5.5798E-01  3.9957E-02  4.1931E-01  3.9637E-02
  1.0555E+01  3.5248E+01 -3.3970E-03  5.5856E-01  5.6436E-02  4.2207E-01  5.6208E-02
  1.0567E+01  3.5288E+01 -3.4009E-03  5.5919E-01  4.2740E-02  4.3718E-01  4.2417E-02
  1.0579E+01  3.5330E+01 -3.4041E-03  5.5968E-01  4.4068E-02  4.1547E-01  4.3787E-02
  1.0591E+01  3.5370E+01 -3.4082E-03  5.6031E-01  5.5599E-02  4.3300E-01  5.5358E-02
  1.0604E+01  3.5411E+01 -3.4118E-03  5.6088E-01  3.8895E-02  4.3107E-01  3.8554E-02
  1.0616E+01  3.5452E+01 -3.4150E-03  5.6138E-01  4.9330E-02  4.1359E-01  4.9084E-02
  1.0628E+01  3.5492E+01 -3.4192E-03  5.6204E-01  5.1275E-02  4.4056E-01  5.1008E-02
  1.0640E+01  3.5533E+01 -3.4225E-03  5.6256E-01  3.8246E-02  4.2191E-01  3.7919E-02
  1.0652E+01  3.5574E+01 -3.4261E-03  5.6311E-01  5.4354E-02  4.1630E-01  5.4130E-02
  1.0665E+01  3.5615E+01 -3.4302E-03  5.6375E-01  4.5772E-02  4.3982E-01  4.5477E-02
  1.0677E+01  3.5655E+01 -3.4333E-03  5.6424E-01  4.0676E-02  4.1759E-01  4.0378E-02
  1.0689E+01  3.5697E+01 -3.4372E-03  5.6485E-01  5.6296E-02  4.2486E-01  5.6074E-02
  1.0701E+01  3.5737E+01 -3.4410E-03  5.6545E-01  4.0663E-02  4.3462E-01  4.0343E-02
  1.0714E+01  3.5778E+01 -3.4441E-03  5.6593E-01  4.5271E-02  4.1353E-01  4.5012E-02
  1.0726E+01  3.5818E+01 -3.4482E-03  5.6657E-01  5.4124E-02  4.3575E-01  5.3885E-02
  1.0738E+01  3.5859E+01 -3.4516E-03  5.6711E-01  3.7929E-02  4.2834E-01  3.7599E-02
  1.0750E+01  3.5900E+01 -3.4550E-03  5.6763E-01  5.0948E-02  4.1323E-01  5.0721E-02
  1.0762E+01  3.5941E+01 -3.4591E-03  5.6828E-01  4.9204E-02  4.4037E-01  4.8938E-02
  1.0775E+01  3.5981E+01 -3.4623E-03  5.6878E-01  3.8635E-02  4.2034E-01  3.8328E-02
  1.0787E+01  3.6022E+01 -3.4659E-03  5.6934E-01  5.4960E-02  4.1736E-01  5.4748E-02
  1.0799E+01  3.6063E+01 -3.4699E-03  5.6998E-01  4.3367E-02  4.3778E-01  4.3073E-02
  1.0811E+01  3.6104E+01 -3.4729E-03  5.7046E-01  4.1654E-02  4.1477E-01  4.1380E-02
  1.0824E+01  3.6145E+01 -3.4769E-03  5.7107E-01  5.5667E-02  4.2805E-01  5.5449E-02
  1.0836E+01  3.6185E+01 -3.4805E-03  5.7165E-01  3.9172E-02  4.3226E-01  3.8858E-02
  1.0848E+01  3.6226E+01 -3.4836E-03  5.7212E-01  4.6460E-02  4.1265E-01  4.6220E-02
  1.0860E+01  3.6267E+01 -3.4882E-03  5.7285E-01  6.8613E-02  4.2104E-01  6.8444E-02
  1.0872E+01  3.6308E+01 -3.4936E-03  5.7371E-01  7.1241E-02  4.2633E-01  7.1075E-02
  1.0885E+01  3.6348E+01 -3.4990E-03  5.7457E-01  7.0875E-02  4.2547E-01  7.0710E-02
  1.0897E+01  3.6389E+01 -3.5044E-03  5.7543E-01  7.0809E-02  4.2509E-01  7.0644E-02
  1.0909E+01  3.6430E+01 -3.5099E-03  5.7630E-01  7.0818E-02  4.2502E-01  7.0653E-02
  1.0921E+01  3.6471E+01 -3.5153E-03  5.7716E-01  7.0826E-02  4.2495E-01  7.0662E-02
  1.0933E+01  3.6511E+01 -3.5207E-03  5.7802E-01  7.0834E-02  4.2489E-01  7.0671E-02
  1.0946E+01  3.6552E+01 -3.5261E-03  5.7888E-01  7.0842E-02  4.2482E-01  7.0680E-02
  1.0958E+01  3.6593E+01 -3.5314E-03  5.7974E-01  7.0851E-02  4.2475E-01  7.0688E-02
  1.0970E+01  3.6634E+01 -3.5369E-03  5.8061E-01  7.0859E-02  4.2469E-01  7.0697E-02
  1.0982E+01  3.6674E+01 -3.5423E-03  5.8147E-01  7.0867E-02  4.2462E-01  7.0706E-02
  1.0995E+01  3.6715E+01 -3.5477E-03  5.8233E-01  7.0875E-02  4.2456E-01  7.0715E-02
  1.1007E+01  3.6756E+01 -3.5531E-03  5.8319E-01  7.0883E-02  4.2450E-01  7.0723E-02
  1.1019E+01  3.6797E+01 -3.5586E-03  5.8406E-01  7.0892E-02  4.2443E-01  7.0732E-02
  1.1031E+01  3.6838E+01 -3.5640E-03  5.8492E-01  7.0900E-02  4.2437E-01  7.0741E-02
  1.1043E+01  3.6878E+01 -3.5694E-03  5.8578E-01  7.0908E-02  4.2431E-01  7.0750E-02
  1.1056E+01  3.6919E+01 -3.5747E-03  5.8664E-01  7.0916E-02  4.2424E-01  7.0758E-02
  1.1068E+01  3.6959E+01 -3.5801E-03  5.8750E-01  7.0924E-02  4.2418E-01  7.0767E-02
  1.1080E+01  3.7001E+01 -3.5856E-03  5.8838E-01  7.0933E-02  4.2412E-01  7.0776E-02
  1.1092E+01  3.7041E+01 -3.5910E-03  5.8924E-01  7.0941E-02  4.2406E-01  7.0784E-02
  1.1105E+01  3.7082E+01 -3.5964E-03  5.9010E-01  7.0949E-02  4.2400E-01  7.0793E-02
  1.1117E+01  3.7122E+01 -3.6018E-03  5.9096E-01  7.0957E-02  4.2394E-01  7.0802E-02
  1.1129E+01  3.7164E+01 -3.6073E-03  5.9183E-01  7.0965E-02  4.2388E-01  7.0810E-02
  1.1141E+01  3.7204E+01 -3.6127E-03  5.9269E-01  7.0973E-02  4.2382E-01  7.0819E-02
  1.1153E+01  3.7245E+01 -3.6180E-03  5.9356E-01  7.0981E-02  4.2376E-01  7.0828E-02
  1.1166E+01  3.7286E+01 -3.6234E-03  5.9442E-01  7.0989E-02  4.2370E-01  7.0836E-02
  1.1178E+01  3.7326E+01 -3.6288E-03  5.9528E-01  7.0997E-02  4.2364E-01  7.0845E-02
  1.1190E+01  3.7367E+01 -3.6343E-03  5.9615E-01  7.1006E-02  4.2358E-01  7.0853E-02
  1.1202E+01  3.7408E+01 -3.6397E-03  5.9701E-01  7.1014E-02  4.2353E-01  7.0862E-02
  1.1214E+01  3.7449E+01 -3.6451E-03  5.9788E-01  7.1022E-02  4.2347E-01  7.0871E-02
  1.1227E+01  3.7489E+01 -3.6505E-03  5.9874E-01  7.1030E-02  4.2341E-01  7.0879E-02
  1.1239E+01  3.7531E+01 -3.6560E-03  5.9961E-01  7.1038E-02  4.2336E-01  7.0888E-02
  1.1251E+01  3.7571E+01 -3.6613E-03  6.0047E-01  7.1046E-02  4.2330E-01  7.0896E-02
  1.1263E+01  3.7612E+01 -3.6667E-03  6.0134E-01  7.1054E-02  4.2324E-01  7.0905E-02
  1.1276E+01  3.7652E+01 -3.6721E-03  6.0220E-01  7.1062E-02  4.2319E-01  7.0913E-02
  1.1288E+01  3.7693E+01 -3.6775E-03  6.0306E-01  7.1070E-02  4.2313E-01  7.0922E-02
  1.1300E+01  3.7734E+01 -3.6830E-03  6.0394E-01  7.1078E-02  4.2308E-01  7.0930E-02
  1.1312E+01  3.7775E+01 -3.6884E-03  6.0480E-01  7.1086E-02  4.2303E-01  7.0939E-02
  1.1324E+01  3.7815E+01 -3.6938E-03  6.0566E-01  7.1094E-02  4.2297E-01  7.0947E-02
  1.1337E+01  3.7856E+01 -3.6992E-03  6.0652E-01  7.1102E-02  4.2292E-01  7.0956E-02
  1.1349E+01  3.7897E+01 -3.7046E-03  6.0740E-01  7.1110E-02  4.2287E-01  7.0964E-02
  1.1361E+01  3.7938E+01 -3.7100E-03  6.0826E-01  7.1118E-02  4.2281E-01  7.0973E-02
  1.1373E+01  3.7979E+01 -3.7154E-03  6.0913E-01  7.1126E-02  4.2276E-01  7.0981E-02
  1.1386E+01  3.8019E+01 -3.7208E-03  6.0999E-01  7.0828E-02  4.2695E-01  7.0680E-02
  1.1398E+01  3.8060E+01 -3.7259E-03  6.1081E-01  6.4137E-02  4.3136E-01  6.3971E-02
  1.1410E+01  3.8101E+01 -3.7305E-03  6.1155E-01  5.6977E-02  4.3129E-01  5.6790E-02
  1.1422E+01  3.8142E+01 -3.7346E-03  6.1220E-01  4.9935E-02  4.3123E-01  4.9722E-02
  1.1434E+01  3.8182E+01 -3.7380E-03  6.1276E-01  4.2895E-02  4.3116E-01  4.2648E-02
  1.1447E+01  3.8223E+01 -3.7410E-03  6.1324E-01  3.5863E-02  4.3109E-01  3.5567E-02
  1.1459E+01  3.8264E+01 -3.7435E-03  6.1363E-01  2.8729E-02  4.3102E-01  2.8360E-02
  1.1471E+01  3.8305E+01 -3.7454E-03  6.1393E-01  2.1760E-02  4.3094E-01  2.1270E-02
  1.1483E+01  3.8345E+01 -3.7467E-03  6.1415E-01  1.4901E-02  4.3087E-01  1.4178E-02
  1.1495E+01  3.8386E+01 -3.7476E-03  6.1428E-01  8.4379E-03  4.3080E-01  7.0831E-03
  1.1508E+01  3.8427E+01 -3.7479E-03  6.1432E-01  4.5845E-03  4.3073E-01 -1.2347E-05
  1.1520E+01  3.8468E+01 -3.7476E-03  6.1428E-01  8.5609E-03  4.3065E-01 -7.2302E-03
  1.1532E+01  3.8508E+01 -3.7469E-03  6.1415E-01  1.5040E-02  4.3058E-01 -1.4325E-02
  1.1544E+01  3.8549E+01 -3.7456E-03  6.1393E-01  2.1896E-02  4.3035E-01 -2.1410E-02
  1.1557E+01  3.8590E+01 -3.7439E-03  6.1365E-01  2.3704E-02  4.2182E-01 -2.3274E-02
  1.1569E+01  3.8631E+01 -3.7422E-03  6.1336E-01  2.3696E-02  4.2177E-01 -2.3265E-02
  1.1581E+01  3.8672E+01 -3.7406E-03  6.1308E-01  2.3688E-02  4.2171E-01 -2.3257E-02
  1.1593E+01  3.8712E+01 -3.7389E-03  6.1280E-01  2.3680E-02  4.2166E-01 -2.3249E-02
  1.1605E+01  3.8753E+01 -3.7372E-03  6.1251E-01  2.3672E-02  4.2161E-01 -2.3240E-02
  1.1618E+01  3.8793E+01 -3.7356E-03  6.1223E-01  2.3664E-02  4.2155E-01 -2.3232E-02
  1.1630E+01  3.8835E+01 -3.7339E-03  6.1194E-01  2.3656E-02  4.2150E-01 -2.3224E-02
  1.1642E+01  3.8875E+01 -3.7322E-03  6.1166E-01  2.3648E-02  4.2145E-01 -2.3215E-02
  1.1654E+01  3.8916E+01 -3.7306E-03  6.1138E-01  2.3641E-02  4.2140E-01 -2.3207E-02
  1.1666E+01  3.8956E+01 -3.7289E-03  6.1110E-01  2.3633E-02  4.2135E-01 -2.3199E-02
  1.1679E+01  3.8998E+01 -3.7272E-03  6.1081E-01  2.3625E-02  4.2130E-01 -2.3190E-02
  1.1691E+01  3.9038E+01 -3.7256E-03  6.1053E-01  2.3617E-02  4.2125E-01 -2.3182E-02
  1.1703E+01  3.9079E+01 -3.7239E-03  6.1025E-01  2.3609E-02  4.2120E-01 -2.3174E-02
  1.1715E+01  3.9120E+01 -3.7222E-03  6.0997E-01  2.3601E-02  4.2115E-01 -2.3165E-02
  1.1728E+01  3.9160E+01 -3.7206E-03  6.0968E-01  2.3593E-02  4.2110E-01 -2.3157E-02
  1.1740E+01  3.9201E+01 -3.7189E-03  6.0940E-01  2.3585E-02  4.2105E-01 -2.3149E-02
  1.1752E+01  3.9242E+01 -3.7172E-03  6.0912E-01  2.3577E-02  4.2101E-01 -2.3140E-02
  1.1764E+01  3.9283E+01 -3.7156E-03  6.0883E-01  2.3570E-02  4.2096E-01 -2.3132E-02
  1.1776E+01  3.9323E+01 -3.7139E-03  6.0855E-01  2.3562E-02  4.2092E-01 -2.3124E-02
  1.1789E+01  3.9365E+01 -3.7122E-03  6.0827E-01  2.3554E-02  4.2087E-01 -2.3115E-02
  1.1801E+01  3.9405E+01 -3.7106E-03  6.0799E-01  2.3546E-02  4.2082E-01 -2.3107E-02
  1.1813E+01  3.9446E+01 -3.7089E-03  6.0771E-01  2.3538E-02  4.2078E-01 -2.3099E-02
  1.1825E+01  3.9486E+01 -3.7072E-03  6.0742E-01  2.3530E-02  4.2074E-01 -2.3090E-02
  1.1838E+01  3.9527E+01 -3.7056E-03  6.0714E-01  2.3523E-02  4.2069E-01 -2.3082E-02
  1.1850E+01  3.9568E+01 -3.7039E-03  6.0686E-01  2.3515E-02  4.2065E-01 -2.3074E-02
  1.1862E+01  3.9609E+01 -3.7022E-03  6.0658E-01  2.3507E-02  4.2061E-01 -2.3065E-02
  1.1874E+01  3.9649E+01 -3.7006E-03  6.0630E-01  2.3499E-02  4.2056E-01 -2.3057E-02
  1.1886E+01  3.9690E+01 -3.6989E-03  6.0602E-01  2.3491E-02  4.2052E-01 -2.3049E-02
  1.1899E+01  3.9731E+01 -3.6972E-03  6.0573E-01  2.3483E-02  4.2048E-01 -2.3041E-02
  1.1909E+01  3.9766E+01 -3.6958E-03  6.0550E-01  2.3477E-02  4.2045E-01 -2.3034E-02
  1.1911E+01  3.9772E+01 -3.6955E-03  6.0545E-01  2.3476E-02  4.2044E-01 -2.3032E-02
  1.1923E+01  3.9813E+01 -3.6939E-03  6.0517E-01  2.3468E-02  4.2040E-01 -2.3024E-02
  1.1935E+01  3.9853E+01 -3.6922E-03  6.0489E-01  2.3460E-02  4.2036E-01 -2.3016E-02
  1.1947E+01  3.9894E+01 -3.6906E-03  6.0461E-01  2.3452E-02  4.2032E-01 -2.3007E-02
  1.1960E+01  3.9935E+01 -3.6889E-03  6.0433E-01  2.3444E-02  4.2028E-01 -2.2999E-02
  1.1972E+01  3.9976E+01 -3.6872E-03  6.0405E-01  2.3437E-02  4.2024E-01 -2.2991E-02
  1.1984E+01  4.0016E+01 -3.6856E-03  6.0377E-01  2.3429E-02  4.2021E-01 -2.2983E-02
  1.1996E+01  4.0057E+01 -3.6839E-03  6.0349E-01  2.3421E-02  4.2017E-01 -2.2974E-02
  1.2009E+01  4.0098E+01 -3.6822E-03  6.0321E-01  2.3413E-02  4.2013E-01 -2.2966E-02
  1.2021E+01  4.0139E+01 -3.6805E-03  6.0293E-01  2.3405E-02  4.2010E-01 -2.2958E-02
  1.2033E+01  4.0179E+01 -3.6789E-03  6.0265E-01  2.3398E-02  4.2006E-01 -2.2949E-02
  1.2045E+01  4.0220E+01 -3.6772E-03  6.0237E-01  2.3390E-02  4.2003E-01 -2.2941E-02
  1.2057E+01  4.0261E+01 -3.6756E-03  6.0209E-01  2.3382E-02  4.1999E-01 -2.2933E-02
  1.2070E+01  4.0302E+01 -3.6739E-03  6.0181E-01  2.3374E-02  4.1996E-01 -2.2925E-02
  1.2082E+01  4.0342E+01 -3.6722E-03  6.0153E-01  2.3367E-02  4.1992E-01 -2.2916E-02
  1.2094E+01  4.0383E+01 -3.6706E-03  6.0125E-01  2.3301E-02  4.1954E-01 -2.2850E-02
  1.2106E+01  4.0424E+01 -3.6689E-03  6.0097E-01  2.2720E-02  4.1846E-01 -2.2260E-02
  1.2119E+01  4.0465E+01 -3.6673E-03  6.0070E-01  2.4033E-02  4.2121E-01 -2.3592E-02
  1.2131E+01  4.0506E+01 -3.6648E-03  6.0029E-01  4.9617E-02  4.4457E-01 -4.9380E-02
  1.2143E+01  4.0546E+01 -3.6601E-03  5.9953E-01  6.8739E-02  4.1446E-01 -6.8591E-02
  1.2155E+01  4.0587E+01 -3.6558E-03  5.9881E-01  4.6558E-02  4.0924E-01 -4.6345E-02
  1.2167E+01  4.0627E+01 -3.6522E-03  5.9823E-01  5.8010E-02  4.3785E-01 -5.7814E-02
  1.2180E+01  4.0669E+01 -3.6473E-03  5.9742E-01  6.4617E-02  4.1016E-01 -6.4463E-02
  1.2192E+01  4.0709E+01 -3.6435E-03  5.9679E-01  4.3510E-02  4.1813E-01 -4.3272E-02
  1.2204E+01  4.0750E+01 -3.6396E-03  5.9615E-01  6.4537E-02  4.3061E-01 -6.4367E-02
  1.2216E+01  4.0790E+01 -3.6348E-03  5.9536E-01  5.8264E-02  4.0759E-01 -5.8095E-02
  1.2229E+01  4.0832E+01 -3.6313E-03  5.9477E-01  4.6378E-02  4.3285E-01 -4.6139E-02
  1.2241E+01  4.0872E+01 -3.6269E-03  5.9406E-01  6.7874E-02  4.2194E-01 -6.7719E-02
  1.2253E+01  4.0913E+01 -3.6224E-03  5.9331E-01  5.0225E-02  4.0769E-01 -5.0029E-02
  1.2265E+01  4.0954E+01 -3.6190E-03  5.9275E-01  5.2266E-02  4.3849E-01 -5.2048E-02
  1.2277E+01  4.0994E+01 -3.6143E-03  5.9199E-01  6.6364E-02  4.1372E-01 -6.6212E-02
  1.2290E+01  4.1035E+01 -3.6102E-03  5.9130E-01  4.4245E-02  4.1148E-01 -4.4019E-02
  1.2302E+01  4.1076E+01 -3.6066E-03  5.9072E-01  5.9657E-02  4.3497E-01 -5.9470E-02
  1.2314E+01  4.1117E+01 -3.6018E-03  5.8993E-01  6.1905E-02  4.0899E-01 -6.1746E-02
  1.2326E+01  4.1157E+01 -3.5982E-03  5.8932E-01  4.3150E-02  4.2259E-01 -4.2905E-02
  1.2339E+01  4.1199E+01 -3.5941E-03  5.8866E-01  6.5038E-02  4.2733E-01 -6.4873E-02
  1.2351E+01  4.1239E+01 -3.5894E-03  5.8789E-01  5.4507E-02  4.0768E-01 -5.4327E-02
  1.2363E+01  4.1280E+01 -3.5861E-03  5.8734E-01  4.7047E-02  4.3441E-01 -4.6811E-02
  1.2375E+01  4.1320E+01 -3.5817E-03  5.8663E-01  6.6127E-02  4.1830E-01 -6.5971E-02
  1.2387E+01  4.1361E+01 -3.5774E-03  5.8591E-01  4.7449E-02  4.0846E-01 -4.7242E-02
  1.2400E+01  4.1402E+01 -3.5740E-03  5.8535E-01  5.4141E-02  4.3739E-01 -5.3933E-02
  1.2412E+01  4.1443E+01 -3.5693E-03  5.8458E-01  6.4279E-02  4.1131E-01 -6.4124E-02
  1.2424E+01  4.1483E+01 -3.5655E-03  5.8394E-01  4.2683E-02  4.1445E-01 -4.2446E-02
  1.2436E+01  4.1524E+01 -3.5618E-03  5.8335E-01  6.0549E-02  4.3234E-01 -6.0368E-02
  1.2449E+01  4.1565E+01 -3.5570E-03  5.8256E-01  5.8449E-02  4.0860E-01 -5.8281E-02
  1.2461E+01  4.1606E+01 -3.5536E-03  5.8199E-01  4.3279E-02  4.2637E-01 -4.3032E-02
  1.2473E+01  4.1647E+01 -3.5495E-03  5.8133E-01  6.4204E-02  4.2361E-01 -6.4040E-02
  1.2485E+01  4.1687E+01 -3.5450E-03  5.8059E-01  5.1447E-02  4.0801E-01 -5.1257E-02
  1.2497E+01  4.1728E+01 -3.5417E-03  5.8005E-01  4.8249E-02  4.3579E-01 -4.8018E-02
  1.2510E+01  4.1769E+01 -3.5372E-03  5.7931E-01  6.5153E-02  4.1452E-01 -6.4999E-02
  1.2522E+01  4.1810E+01 -3.5331E-03  5.7863E-01  4.4519E-02  4.1000E-01 -4.4298E-02
  1.2534E+01  4.1850E+01 -3.5297E-03  5.7808E-01  5.5463E-02  4.3568E-01 -5.5262E-02
  1.2546E+01  4.1891E+01 -3.5251E-03  5.7732E-01  6.1711E-02  4.1059E-01 -6.1552E-02
  1.2559E+01  4.1932E+01 -3.5214E-03  5.7670E-01  4.1659E-02  4.1783E-01 -4.1413E-02
  1.2571E+01  4.1973E+01 -3.5176E-03  5.7610E-01  6.0845E-02  4.2850E-01 -6.0669E-02
  1.2583E+01  4.2013E+01 -3.5131E-03  5.7535E-01  5.5459E-02  4.0860E-01 -5.5283E-02
  1.2595E+01  4.2054E+01 -3.5098E-03  5.7479E-01  4.3839E-02  4.2960E-01 -4.3592E-02
  1.2607E+01  4.2095E+01 -3.5056E-03  5.7413E-01  6.4117E-02  4.2177E-01 -6.3955E-02
  1.2620E+01  4.2136E+01 -3.5012E-03  5.7340E-01  4.7947E-02  4.0854E-01 -4.7743E-02
  1.2632E+01  4.2176E+01 -3.4980E-03  5.7287E-01  5.0087E-02  4.3633E-01 -4.9865E-02
  1.2644E+01  4.2217E+01 -3.4935E-03  5.7214E-01  6.3237E-02  4.1324E-01 -6.3079E-02
  1.2656E+01  4.2258E+01 -3.4896E-03  5.7149E-01  4.2584E-02  4.1165E-01 -4.2352E-02
  1.2669E+01  4.2299E+01 -3.4861E-03  5.7093E-01  5.6407E-02  4.3266E-01 -5.6213E-02
  1.2681E+01  4.2340E+01 -3.4816E-03  5.7018E-01  5.8711E-02  4.1011E-01 -5.8544E-02
  1.2693E+01  4.2380E+01 -3.4781E-03  5.6961E-01  4.1273E-02  4.2124E-01 -4.1022E-02
  1.2705E+01  4.2421E+01 -3.4743E-03  5.6899E-01  6.1296E-02  4.2637E-01 -6.1123E-02
  1.2717E+01  4.2461E+01 -3.4698E-03  5.6826E-01  5.2412E-02  4.0858E-01 -5.2227E-02
  1.2730E+01  4.2503E+01 -3.4666E-03  5.6771E-01  4.5185E-02  4.3295E-01 -4.4943E-02
  1.2742E+01  4.2543E+01 -3.4623E-03  5.6703E-01  6.3276E-02  4.1724E-01 -6.3116E-02
  1.2754E+01  4.2584E+01 -3.4582E-03  5.6635E-01  4.5337E-02  4.0938E-01 -4.5122E-02
  1.2766E+01  4.2624E+01 -3.4550E-03  5.6582E-01  5.0923E-02  4.3509E-01 -5.0707E-02
  1.2778E+01  4.2666E+01 -3.4505E-03  5.6509E-01  6.0754E-02  4.1253E-01 -6.0591E-02
  1.2791E+01  4.2706E+01 -3.4468E-03  5.6448E-01  4.0976E-02  4.1437E-01 -4.0732E-02
  1.2803E+01  4.2747E+01 -3.4433E-03  5.6392E-01  5.7331E-02  4.3048E-01 -5.7143E-02
  1.2815E+01  4.2788E+01 -3.4388E-03  5.6318E-01  5.6059E-02  4.0953E-01 -5.5885E-02
  1.2827E+01  4.2828E+01 -3.4355E-03  5.6263E-01  4.1408E-02  4.2523E-01 -4.1154E-02
  1.2840E+01  4.2869E+01 -3.4315E-03  5.6199E-01  6.1426E-02  4.2374E-01 -6.1257E-02
  1.2852E+01  4.2910E+01 -3.4273E-03  5.6129E-01  4.9060E-02  4.0897E-01 -4.8862E-02
  1.2864E+01  4.2951E+01 -3.4241E-03  5.6077E-01  4.5948E-02  4.3361E-01 -4.5710E-02
  1.2876E+01  4.2991E+01 -3.4199E-03  5.6009E-01  6.1431E-02  4.1626E-01 -6.1267E-02
  1.2888E+01  4.3033E+01 -3.4159E-03  5.5943E-01  4.2779E-02  4.1072E-01 -4.2550E-02
  1.2901E+01  4.3073E+01 -3.4127E-03  5.5890E-01  5.2583E-02  4.3354E-01 -5.2375E-02
  1.2913E+01  4.3114E+01 -3.4082E-03  5.5818E-01  5.8734E-02  4.1128E-01 -5.8567E-02
  1.2925E+01  4.3154E+01 -3.4047E-03  5.5760E-01  4.0035E-02  4.1765E-01 -3.9782E-02
  1.2937E+01  4.3195E+01 -3.4012E-03  5.5702E-01  5.7922E-02  4.2833E-01 -5.7739E-02
  1.2950E+01  4.3236E+01 -3.3967E-03  5.5629E-01  5.2825E-02  4.0951E-01 -5.2641E-02
  1.2962E+01  4.3277E+01 -3.3935E-03  5.5576E-01  4.1916E-02  4.2820E-01 -4.1662E-02
  1.2974E+01  4.3317E+01 -3.3896E-03  5.5513E-01  6.0369E-02  4.2069E-01 -6.0199E-02
  1.2986E+01  4.3358E+01 -3.3855E-03  5.5445E-01  4.6394E-02  4.0953E-01 -4.6185E-02
  1.2998E+01  4.3399E+01 -3.3823E-03  5.5393E-01  4.7580E-02  4.3410E-01 -4.7350E-02
  1.3011E+01  4.3440E+01 -3.3780E-03  5.5325E-01  6.0141E-02  4.1375E-01 -5.9976E-02
  1.3023E+01  4.3481E+01 -3.3743E-03  5.5263E-01  4.0848E-02  4.1257E-01 -4.0607E-02
  1.3035E+01  4.3521E+01 -3.3710E-03  5.5209E-01  5.3652E-02  4.3180E-01 -5.3451E-02
  1.3047E+01  4.3562E+01 -3.3666E-03  5.5138E-01  5.6245E-02  4.1095E-01 -5.6072E-02
  1.3059E+01  4.3603E+01 -3.3633E-03  5.5082E-01  3.9584E-02  4.2092E-01 -3.9325E-02
  1.3072E+01  4.3644E+01 -3.3596E-03  5.5024E-01  5.7895E-02  4.2510E-01 -5.7715E-02
  1.3084E+01  4.3684E+01 -3.3554E-03  5.4954E-01  5.0100E-02  4.0975E-01 -4.9906E-02
  1.3096E+01  4.3725E+01 -3.3523E-03  5.4903E-01  4.2721E-02  4.3051E-01 -4.2470E-02
  1.3108E+01  4.3766E+01 -3.3482E-03  5.4838E-01  6.0093E-02  4.1761E-01 -5.9925E-02
  1.3121E+01  4.3807E+01 -3.3443E-03  5.4773E-01  4.3417E-02  4.1042E-01 -4.3193E-02
  1.3133E+01  4.3847E+01 -3.3412E-03  5.4722E-01  4.8872E-02  4.3363E-01 -4.8650E-02
  1.3145E+01  4.3888E+01 -3.3369E-03  5.4653E-01  5.8170E-02  4.1302E-01 -5.8001E-02
  1.3157E+01  4.3929E+01 -3.3334E-03  5.4594E-01  3.9460E-02  4.1450E-01 -3.9208E-02
  1.3169E+01  4.3970E+01 -3.3300E-03  5.4539E-01  5.4301E-02  4.2902E-01 -5.4106E-02
  1.3182E+01  4.4010E+01 -3.3257E-03  5.4470E-01  5.3394E-02  4.1079E-01 -5.3212E-02
  1.3194E+01  4.4051E+01 -3.3225E-03  5.4417E-01  3.9629E-02  4.2403E-01 -3.9368E-02
  1.3206E+01  4.4092E+01 -3.3188E-03  5.4358E-01  5.8118E-02  4.2354E-01 -5.7941E-02
  1.3218E+01  4.4133E+01 -3.3146E-03  5.4289E-01  4.6918E-02  4.1005E-01 -4.6711E-02
  1.3231E+01  4.4174E+01 -3.3116E-03  5.4239E-01  4.4193E-02  4.3246E-01 -4.3949E-02
  1.3243E+01  4.4214E+01 -3.3075E-03  5.4174E-01  5.8831E-02  4.1572E-01 -5.8662E-02
  1.3255E+01  4.4255E+01 -3.3038E-03  5.4112E-01  4.1304E-02  4.1152E-01 -4.1068E-02
  1.3267E+01  4.4295E+01 -3.3006E-03  5.4062E-01  4.9567E-02  4.3212E-01 -4.9350E-02
  1.3279E+01  4.4337E+01 -3.2964E-03  5.3993E-01  5.5750E-02  4.1261E-01 -5.5574E-02
  1.3292E+01  4.4377E+01 -3.2930E-03  5.3937E-01  3.8473E-02  4.1748E-01 -3.8212E-02
  1.3304E+01  4.4418E+01 -3.2896E-03  5.3882E-01  5.4981E-02  4.2728E-01 -5.4790E-02
  1.3316E+01  4.4458E+01 -3.2854E-03  5.3814E-01  5.0842E-02  4.1061E-01 -5.0652E-02
  1.3328E+01  4.4499E+01 -3.2823E-03  5.3763E-01  4.0125E-02  4.2728E-01 -3.9863E-02
  1.3340E+01  4.4540E+01 -3.2785E-03  5.3701E-01  5.7921E-02  4.2142E-01 -5.7745E-02
  1.3353E+01  4.4581E+01 -3.2746E-03  5.3637E-01  4.4387E-02  4.1065E-01 -4.4169E-02
  1.3365E+01  4.4622E+01 -3.2716E-03  5.3588E-01  4.4964E-02  4.3242E-01 -4.4725E-02
  1.3377E+01  4.4662E+01 -3.2675E-03  5.3523E-01  5.7007E-02  4.1543E-01 -5.6833E-02
  1.3389E+01  4.4703E+01 -3.2639E-03  5.3463E-01  3.9335E-02  4.1325E-01 -3.9085E-02
  1.3402E+01  4.4744E+01 -3.2607E-03  5.3412E-01  5.0978E-02  4.3045E-01 -5.0769E-02
  1.3414E+01  4.4785E+01 -3.2566E-03  5.3344E-01  5.3688E-02  4.1190E-01 -5.3507E-02
  1.3426E+01  4.4825E+01 -3.2533E-03  5.3291E-01  3.8052E-02  4.2076E-01 -3.7785E-02
  1.3438E+01  4.4866E+01 -3.2499E-03  5.3235E-01  5.5297E-02  4.2556E-01 -5.5110E-02
  1.3450E+01  4.4907E+01 -3.2457E-03  5.3168E-01  4.7859E-02  4.1085E-01 -4.7657E-02
  1.3463E+01  4.4948E+01 -3.2427E-03  5.3119E-01  4.0877E-02  4.2934E-01 -4.0618E-02
  1.3475E+01  4.4988E+01 -3.2389E-03  5.3058E-01  5.6668E-02  4.1896E-01 -5.6491E-02
  1.3487E+01  4.5029E+01 -3.2352E-03  5.2995E-01  4.2115E-02  4.1141E-01 -4.1885E-02
  1.3499E+01  4.5070E+01 -3.2321E-03  5.2946E-01  4.6508E-02  4.3212E-01 -4.6277E-02
  1.3512E+01  4.5111E+01 -3.2281E-03  5.2881E-01  5.5487E-02  4.1382E-01 -5.5311E-02
  1.3524E+01  4.5151E+01 -3.2247E-03  5.2824E-01  3.7957E-02  4.1545E-01 -3.7696E-02
  1.3536E+01  4.5192E+01 -3.2214E-03  5.2773E-01  5.1792E-02  4.2888E-01 -5.1589E-02
  1.3548E+01  4.5233E+01 -3.2173E-03  5.2706E-01  5.1304E-02  4.1186E-01 -5.1115E-02
  1.3560E+01  4.5274E+01 -3.2142E-03  5.2654E-01  3.8050E-02  4.2368E-01 -3.7779E-02
  1.3573E+01  4.5315E+01 -3.2107E-03  5.2598E-01  5.4979E-02  4.2287E-01 -5.4793E-02
  1.3585E+01  4.5355E+01 -3.2068E-03  5.2534E-01  4.5405E-02  4.1128E-01 -4.5192E-02
  1.3597E+01  4.5396E+01 -3.2038E-03  5.2486E-01  4.1818E-02  4.3075E-01 -4.1563E-02
  1.3609E+01  4.5437E+01 -3.1999E-03  5.2423E-01  5.6065E-02  4.1637E-01 -5.5888E-02
  1.3621E+01  4.5478E+01 -3.1963E-03  5.2364E-01  3.9669E-02  4.1266E-01 -3.9424E-02
  1.3634E+01  4.5518E+01 -3.1933E-03  5.2315E-01  4.7634E-02  4.3127E-01 -4.7410E-02
  1.3646E+01  4.5559E+01 -3.1893E-03  5.2250E-01  5.3509E-02  4.1347E-01 -5.3326E-02
  1.3658E+01  4.5599E+01 -3.1860E-03  5.2196E-01  3.7043E-02  4.1750E-01 -3.6774E-02
  1.3670E+01  4.5641E+01 -3.1827E-03  5.2143E-01  5.2156E-02  4.2644E-01 -5.1956E-02
  1.3683E+01  4.5681E+01 -3.1787E-03  5.2079E-01  4.8617E-02  4.1193E-01 -4.8418E-02
  1.3695E+01  4.5722E+01 -3.1757E-03  5.2030E-01  3.8421E-02  4.2626E-01 -3.8150E-02
  1.3707E+01  4.5763E+01 -3.1721E-03  5.1972E-01  5.5008E-02  4.2176E-01 -5.4824E-02
  1.3719E+01  4.5804E+01 -3.1683E-03  5.1909E-01  4.2569E-02  4.1183E-01 -4.2342E-02
  1.3731E+01  4.5844E+01 -3.1654E-03  5.1862E-01  4.3300E-02  4.3160E-01 -4.3054E-02
  1.3744E+01  4.5885E+01 -3.1615E-03  5.1800E-01  5.4628E-02  4.1560E-01 -5.4447E-02
  1.3756E+01  4.5926E+01 -3.1581E-03  5.1743E-01  3.8024E-02  4.1400E-01 -3.7766E-02
  1.3768E+01  4.5966E+01 -3.1550E-03  5.1694E-01  4.8161E-02  4.2971E-01 -4.7942E-02
  1.3780E+01  4.6008E+01 -3.1510E-03  5.1629E-01  5.1161E-02  4.1329E-01 -5.0971E-02
  1.3792E+01  4.6048E+01 -3.1479E-03  5.1578E-01  3.6587E-02  4.2052E-01 -3.6311E-02
  1.3805E+01  4.6089E+01 -3.1446E-03  5.1525E-01  5.2614E-02  4.2513E-01 -5.2418E-02
  1.3817E+01  4.6129E+01 -3.1407E-03  5.1462E-01  4.6205E-02  4.1205E-01 -4.5995E-02
  1.3829E+01  4.6171E+01 -3.1378E-03  5.1414E-01  3.9432E-02  4.2903E-01 -3.9166E-02
  1.3841E+01  4.6211E+01 -3.1341E-03  5.1355E-01  5.4496E-02  4.1899E-01 -5.4312E-02
  1.3854E+01  4.6252E+01 -3.1305E-03  5.1295E-01  4.0418E-02  4.1261E-01 -4.0177E-02
  1.3866E+01  4.6292E+01 -3.1276E-03  5.1249E-01  4.4014E-02  4.3108E-01 -4.3773E-02
  1.3878E+01  4.6333E+01 -3.1237E-03  5.1187E-01  5.2854E-02  4.1545E-01 -5.2668E-02
  1.3890E+01  4.6374E+01 -3.1204E-03  5.1132E-01  3.6603E-02  4.1602E-01 -3.6334E-02
  1.3902E+01  4.6415E+01 -3.1173E-03  5.1083E-01  4.9314E-02  4.2814E-01 -4.9102E-02
  1.3915E+01  4.6456E+01 -3.1134E-03  5.1019E-01  4.9102E-02  4.1296E-01 -4.8905E-02
  1.3927E+01  4.6496E+01 -3.1104E-03  5.0970E-01  3.6586E-02  4.2353E-01 -3.6306E-02
  1.3939E+01  4.6537E+01 -3.1070E-03  5.0915E-01  5.2839E-02  4.2346E-01 -5.2646E-02
  1.3951E+01  4.6578E+01 -3.1032E-03  5.0854E-01  4.3498E-02  4.1248E-01 -4.3275E-02
  1.3964E+01  4.6619E+01 -3.1004E-03  5.0808E-01  4.0038E-02  4.2985E-01 -3.9775E-02
  1.3976E+01  4.6659E+01 -3.0967E-03  5.0749E-01  5.3105E-02  4.1817E-01 -5.2917E-02
  1.3988E+01  4.6700E+01 -3.0932E-03  5.0692E-01  3.8536E-02  4.1357E-01 -3.8283E-02
  1.4000E+01  4.6741E+01 -3.0903E-03  5.0645E-01  4.5409E-02  4.3032E-01 -4.5177E-02
  1.4012E+01  4.6782E+01 -3.0864E-03  5.0583E-01  5.1177E-02  4.1445E-01 -5.0986E-02
  1.4025E+01  4.6822E+01 -3.0833E-03  5.0531E-01  3.5721E-02  4.1843E-01 -3.5442E-02
  1.4037E+01  4.6863E+01 -3.0802E-03  5.0481E-01  4.9883E-02  4.2681E-01 -4.9676E-02
  1.4049E+01  4.6904E+01 -3.0763E-03  5.0418E-01  4.6531E-02  4.1306E-01 -4.6322E-02
  1.4061E+01  4.6945E+01 -3.0734E-03  5.0371E-01  3.6916E-02  4.2590E-01 -3.6636E-02
  1.4073E+01  4.6985E+01 -3.0700E-03  5.0316E-01  5.2105E-02  4.2150E-01 -5.1911E-02
  1.4086E+01  4.7026E+01 -3.0663E-03  5.0257E-01  4.1324E-02  4.1303E-01 -4.1089E-02
  1.4098E+01  4.7067E+01 -3.0635E-03  5.0212E-01  4.1025E-02  4.3050E-01 -4.0768E-02
  1.4110E+01  4.7108E+01 -3.0598E-03  5.0152E-01  5.2207E-02  4.1642E-01 -5.2019E-02
  1.4122E+01  4.7149E+01 -3.0565E-03  5.0097E-01  3.6615E-02  4.1513E-01 -3.6347E-02
  1.4135E+01  4.7189E+01 -3.0535E-03  5.0050E-01  4.6343E-02  4.2933E-01 -4.6117E-02
  1.4147E+01  4.7230E+01 -3.0497E-03  4.9989E-01  4.9225E-02  4.1433E-01 -4.9027E-02
  1.4159E+01  4.7271E+01 -3.0467E-03  4.9939E-01  3.5243E-02  4.2088E-01 -3.4957E-02
  1.4171E+01  4.7312E+01 -3.0435E-03  4.9888E-01  4.9978E-02  4.2472E-01 -4.9773E-02
  1.4183E+01  4.7352E+01 -3.0398E-03  4.9828E-01  4.4343E-02  4.1336E-01 -4.4124E-02
  1.4196E+01  4.7393E+01 -3.0370E-03  4.9782E-01  3.7513E-02  4.2783E-01 -3.7235E-02
  1.4208E+01  4.7433E+01 -3.0335E-03  4.9727E-01  5.1964E-02  4.2037E-01 -5.1771E-02
  1.4220E+01  4.7475E+01 -3.0300E-03  4.9668E-01  3.8863E-02  4.1381E-01 -3.8613E-02
  1.4232E+01  4.7515E+01 -3.0272E-03  4.9624E-01  4.2430E-02  4.3058E-01 -4.2181E-02
  1.4245E+01  4.7556E+01 -3.0235E-03  4.9564E-01  5.0691E-02  4.1601E-01 -5.0497E-02
  1.4257E+01  4.7597E+01 -3.0203E-03  4.9512E-01  3.5399E-02  4.1662E-01 -3.5120E-02
  1.4269E+01  4.7638E+01 -3.0173E-03  4.9464E-01  4.6962E-02  4.2759E-01 -4.6741E-02
  1.4281E+01  4.7678E+01 -3.0135E-03  4.9404E-01  4.6964E-02  4.1432E-01 -4.6756E-02
  1.4293E+01  4.7719E+01 -3.0107E-03  4.9357E-01  3.5187E-02  4.2323E-01 -3.4898E-02
  1.4306E+01  4.7760E+01 -3.0074E-03  4.9305E-01  5.0242E-02  4.2375E-01 -5.0039E-02
  1.4318E+01  4.7800E+01 -3.0038E-03  4.9246E-01  4.2105E-02  4.1367E-01 -4.1874E-02
  1.4330E+01  4.7842E+01 -3.0010E-03  4.9201E-01  3.8668E-02  4.2958E-01 -3.8397E-02
  1.4342E+01  4.7882E+01 -2.9975E-03  4.9145E-01  5.1117E-02  4.1814E-01 -5.0923E-02
  1.4354E+01  4.7923E+01 -2.9941E-03  4.9090E-01  3.7086E-02  4.1473E-01 -3.6822E-02
  1.4367E+01  4.7963E+01 -2.9913E-03  4.9045E-01  4.3044E-02  4.2977E-01 -4.2800E-02
  1.4379E+01  4.8005E+01 -2.9876E-03  4.8985E-01  4.8788E-02  4.1583E-01 -4.8587E-02
  1.4391E+01  4.8045E+01 -2.9846E-03  4.8936E-01  3.4476E-02  4.1881E-01 -3.4187E-02
  1.4403E+01  4.8086E+01 -2.9816E-03  4.8888E-01  4.7590E-02  4.2650E-01 -4.7373E-02
  1.4416E+01  4.8126E+01 -2.9779E-03  4.8829E-01  4.4948E-02  4.1426E-01 -4.4731E-02
  1.4428E+01  4.8167E+01 -2.9751E-03  4.8783E-01  3.5504E-02  4.2575E-01 -3.5213E-02
  1.4440E+01  4.8208E+01 -2.9718E-03  4.8730E-01  5.0190E-02  4.2239E-01 -4.9989E-02
  1.4452E+01  4.8249E+01 -2.9683E-03  4.8673E-01  3.9696E-02  4.1423E-01 -3.9451E-02
  1.4464E+01  4.8290E+01 -2.9656E-03  4.8629E-01  3.9303E-02  4.2983E-01 -3.9036E-02
  1.4477E+01  4.8330E+01 -2.9621E-03  4.8573E-01  4.9687E-02  4.1806E-01 -4.9487E-02
  1.4489E+01  4.8371E+01 -2.9588E-03  4.8520E-01  3.5391E-02  4.1606E-01 -3.5113E-02
  1.4501E+01  4.8412E+01 -2.9560E-03  4.8475E-01  4.4253E-02  4.2880E-01 -4.4018E-02
  1.4513E+01  4.8453E+01 -2.9523E-03  4.8416E-01  4.7194E-02  4.1538E-01 -4.6987E-02
  1.4526E+01  4.8493E+01 -2.9494E-03  4.8369E-01  3.4023E-02  4.2123E-01 -3.3726E-02
  1.4538E+01  4.8534E+01 -2.9464E-03  4.8320E-01  4.7932E-02  4.2542E-01 -4.7718E-02
  1.4550E+01  4.8575E+01 -2.9427E-03  4.8261E-01  4.2540E-02  4.1453E-01 -4.2311E-02
  1.4562E+01  4.8616E+01 -2.9400E-03  4.8217E-01  3.6062E-02  4.2748E-01 -3.5774E-02
  1.4574E+01  4.8656E+01 -2.9367E-03  4.8164E-01  4.9281E-02  4.2078E-01 -4.9077E-02
  1.4587E+01  4.8697E+01 -2.9333E-03  4.8109E-01  3.7811E-02  4.1491E-01 -3.7553E-02
  1.4599E+01  4.8738E+01 -2.9306E-03  4.8066E-01  4.0577E-02  4.2993E-01 -4.0319E-02
  1.4611E+01  4.8779E+01 -2.9271E-03  4.8009E-01  4.8567E-02  4.1694E-01 -4.8365E-02
  1.4623E+01  4.8819E+01 -2.9240E-03  4.7959E-01  3.4168E-02  4.1770E-01 -3.3878E-02
  1.4635E+01  4.8860E+01 -2.9211E-03  4.7913E-01  4.4986E-02  4.2785E-01 -4.4755E-02
  1.4648E+01  4.8901E+01 -2.9176E-03  4.7855E-01  4.5297E-02  4.1544E-01 -4.5081E-02
  1.4660E+01  4.8942E+01 -2.9147E-03  4.7809E-01  3.3927E-02  4.2345E-01 -3.3626E-02
  1.4672E+01  4.8983E+01 -2.9116E-03  4.7760E-01  4.7781E-02  4.2366E-01 -4.7569E-02
  1.4684E+01  4.9023E+01 -2.9081E-03  4.7704E-01  4.0542E-02  4.1493E-01 -4.0301E-02
  1.4697E+01  4.9064E+01 -2.9055E-03  4.7661E-01  3.6797E-02  4.2876E-01 -3.6513E-02
  1.4709E+01  4.9105E+01 -2.9021E-03  4.7606E-01  4.8924E-02  4.1897E-01 -4.8721E-02
  1.4721E+01  4.9146E+01 -2.8988E-03  4.7553E-01  3.5746E-02  4.1590E-01 -3.5471E-02
  1.4733E+01  4.9186E+01 -2.8961E-03  4.7510E-01  4.1535E-02  4.2955E-01 -4.1283E-02
  1.4745E+01  4.9227E+01 -2.8926E-03  4.7454E-01  4.7015E-02  4.1677E-01 -4.6806E-02
  1.4758E+01  4.9267E+01 -2.8897E-03  4.7406E-01  3.3336E-02  4.1925E-01 -3.3036E-02
  1.4770E+01  4.9309E+01 -2.8867E-03  4.7359E-01  4.5373E-02  4.2628E-01 -4.5146E-02
  1.4782E+01  4.9349E+01 -2.8832E-03  4.7303E-01  4.3138E-02  4.1557E-01 -4.2912E-02
  1.4794E+01  4.9390E+01 -2.8805E-03  4.7259E-01  3.4155E-02  4.2546E-01 -3.3854E-02
  1.4806E+01  4.9431E+01 -2.8774E-03  4.7209E-01  4.7877E-02  4.2297E-01 -4.7665E-02
  1.4819E+01  4.9472E+01 -2.8739E-03  4.7153E-01  3.8214E-02  4.1542E-01 -3.7958E-02
  1.4831E+01  4.9512E+01 -2.8713E-03  4.7111E-01  3.7995E-02  4.2968E-01 -3.7719E-02
  1.4843E+01  4.9553E+01 -2.8679E-03  4.7057E-01  4.7833E-02  4.1845E-01 -4.7626E-02
  1.4855E+01  4.9594E+01 -2.8648E-03  4.7006E-01  3.4331E-02  4.1695E-01 -3.4043E-02
  1.4868E+01  4.9634E+01 -2.8621E-03  4.6963E-01  4.2022E-02  4.2862E-01 -4.1774E-02
  1.4880E+01  4.9676E+01 -2.8586E-03  4.6907E-01  4.5147E-02  4.1672E-01 -4.4929E-02
  1.4892E+01  4.9716E+01 -2.8558E-03  4.6861E-01  3.2851E-02  4.2147E-01 -3.2544E-02
  1.4904E+01  4.9757E+01 -2.8528E-03  4.6814E-01  4.5817E-02  4.2544E-01 -4.5593E-02
  1.4916E+01  4.9797E+01 -2.8494E-03  4.6759E-01  4.1201E-02  4.1570E-01 -4.0964E-02
  1.4929E+01  4.9839E+01 -2.8467E-03  4.6716E-01  3.4910E-02  4.2768E-01 -3.4613E-02
  1.4941E+01  4.9879E+01 -2.8435E-03  4.6664E-01  4.7573E-02  4.2154E-01 -4.7361E-02
  1.4953E+01  4.9920E+01 -2.8403E-03  4.6612E-01  3.6417E-02  4.1608E-01 -3.6147E-02
  1.4965E+01  4.9960E+01 -2.8377E-03  4.6570E-01  3.8601E-02  4.2952E-01 -3.8330E-02
  1.4978E+01  5.0001E+01 -2.8343E-03  4.6516E-01  4.6426E-02  4.1845E-01 -4.6212E-02
  1.4990E+01  5.0042E+01 -2.8313E-03  4.6467E-01  3.3069E-02  4.1846E-01 -3.2769E-02
  1.5002E+01  5.0083E+01 -2.8285E-03  4.6424E-01  4.3030E-02  4.2765E-01 -4.2789E-02
  1.5014E+01  5.0124E+01 -2.8251E-03  4.6368E-01  4.3526E-02  4.1652E-01 -4.3300E-02
  1.5026E+01  5.0164E+01 -2.8224E-03  4.6324E-01  3.2753E-02  4.2373E-01 -3.2442E-02
  1.5039E+01  5.0205E+01 -2.8193E-03  4.6276E-01  4.6090E-02  4.2436E-01 -4.5868E-02
  1.5051E+01  5.0246E+01 -2.8160E-03  4.6222E-01  3.8986E-02  4.1609E-01 -3.8734E-02
  1.5063E+01  5.0287E+01 -2.8134E-03  4.6181E-01  3.5387E-02  4.2848E-01 -3.5092E-02
  1.5075E+01  5.0327E+01 -2.8102E-03  4.6129E-01  4.6517E-02  4.2058E-01 -4.6301E-02
  1.5087E+01  5.0368E+01 -2.8071E-03  4.6079E-01  3.4826E-02  4.1687E-01 -3.4543E-02
  1.5100E+01  5.0409E+01 -2.8044E-03  4.6037E-01  3.9776E-02  4.2920E-01 -3.9513E-02
  1.5112E+01  5.0450E+01 -2.8010E-03  4.5982E-01  4.5148E-02  4.1776E-01 -4.4929E-02
  1.5124E+01  5.0490E+01 -2.7982E-03  4.5936E-01  3.2246E-02  4.2024E-01 -3.1935E-02
  1.5136E+01  5.0531E+01 -2.7954E-03  4.5892E-01  4.3563E-02  4.2682E-01 -4.3326E-02
  1.5149E+01  5.0572E+01 -2.7920E-03  4.5837E-01  4.1452E-02  4.1665E-01 -4.1214E-02
  1.5161E+01  5.0613E+01 -2.7894E-03  4.5794E-01  3.2950E-02  4.2558E-01 -3.2638E-02
  1.5173E+01  5.0653E+01 -2.7863E-03  4.5746E-01  4.5578E-02  4.2308E-01 -4.5355E-02
  1.5185E+01  5.0694E+01 -2.7831E-03  4.5694E-01  3.7190E-02  4.1658E-01 -3.6925E-02
  1.5197E+01  5.0735E+01 -2.7806E-03  4.5654E-01  3.6184E-02  4.2919E-01 -3.5895E-02
  1.5210E+01  5.0776E+01 -2.7772E-03  4.5601E-01  4.5897E-02  4.1932E-01 -4.5680E-02
  1.5222E+01  5.0817E+01 -2.7743E-03  4.5552E-01  3.3165E-02  4.1806E-01 -3.2865E-02
  1.5234E+01  5.0857E+01 -2.7716E-03  4.5511E-01  4.0588E-02  4.2866E-01 -4.0331E-02
  1.5246E+01  5.0898E+01 -2.7683E-03  4.5457E-01  4.3593E-02  4.1774E-01 -4.3366E-02
  1.5259E+01  5.0939E+01 -2.7655E-03  4.5412E-01  3.1757E-02  4.2208E-01 -3.1438E-02
  1.5271E+01  5.0980E+01 -2.7627E-03  4.5367E-01  4.3728E-02  4.2545E-01 -4.3493E-02
  1.5283E+01  5.1020E+01 -2.7594E-03  4.5314E-01  3.9670E-02  4.1695E-01 -3.9421E-02
  1.5295E+01  5.1061E+01 -2.7568E-03  4.5273E-01  3.3386E-02  4.2715E-01 -3.3075E-02
  1.5307E+01  5.1101E+01 -2.7538E-03  4.5224E-01  4.5529E-02  4.2259E-01 -4.5307E-02
  1.5320E+01  5.1143E+01 -2.7506E-03  4.5173E-01  3.5135E-02  4.1723E-01 -3.4853E-02
  1.5332E+01  5.1183E+01 -2.7481E-03  4.5133E-01  3.7346E-02  4.2949E-01 -3.7066E-02
  1.5344E+01  5.1224E+01 -2.7448E-03  4.5081E-01  4.4714E-02  4.1909E-01 -4.4491E-02
  1.5356E+01  5.1265E+01 -2.7419E-03  4.5034E-01  3.2092E-02  4.1921E-01 -3.1780E-02
  1.5369E+01  5.1306E+01 -2.7392E-03  4.4992E-01  4.1164E-02  4.2756E-01 -4.0912E-02
  1.5381E+01  5.1346E+01 -2.7359E-03  4.4939E-01  4.1773E-02  4.1779E-01 -4.1536E-02
  1.5393E+01  5.1387E+01 -2.7333E-03  4.4896E-01  3.1630E-02  4.2386E-01 -3.1307E-02
  1.5405E+01  5.1428E+01 -2.7304E-03  4.4851E-01  4.4006E-02  4.2484E-01 -4.3773E-02
  1.5417E+01  5.1468E+01 -2.7272E-03  4.4799E-01  3.7845E-02  4.1723E-01 -3.7584E-02
  1.5430E+01  5.1510E+01 -2.7247E-03  4.4758E-01  3.4291E-02  4.2864E-01 -3.3986E-02
  1.5442E+01  5.1550E+01 -2.7215E-03  4.4709E-01  4.4956E-02  4.2080E-01 -4.4733E-02
  1.5454E+01  5.1591E+01 -2.7185E-03  4.4660E-01  3.3624E-02  4.1798E-01 -3.3328E-02
  1.5466E+01  5.1631E+01 -2.7160E-03  4.4620E-01  3.7884E-02  4.2909E-01 -3.7607E-02
  1.5478E+01  5.1672E+01 -2.7128E-03  4.4568E-01  4.3333E-02  4.1915E-01 -4.3102E-02
  1.5491E+01  5.1713E+01 -2.7100E-03  4.4523E-01  3.1233E-02  4.2084E-01 -3.0910E-02
  1.5503E+01  5.1754E+01 -2.7073E-03  4.4480E-01  4.1736E-02  4.2688E-01 -4.1488E-02
  1.5515E+01  5.1794E+01 -2.7040E-03  4.4428E-01  4.0160E-02  4.1779E-01 -3.9913E-02
  1.5527E+01  5.1835E+01 -2.7015E-03  4.4387E-01  3.1813E-02  4.2581E-01 -3.1488E-02
  1.5540E+01  5.1876E+01 -2.6985E-03  4.4340E-01  4.4045E-02  4.2397E-01 -4.3813E-02
  1.5552E+01  5.1917E+01 -2.6954E-03  4.4290E-01  3.5846E-02  4.1772E-01 -3.5569E-02
  1.5564E+01  5.1958E+01 -2.6930E-03  4.4251E-01  3.4810E-02  4.2902E-01 -3.4509E-02
  1.5576E+01  5.1998E+01 -2.6898E-03  4.4201E-01  4.3825E-02  4.2080E-01 -4.3595E-02
  1.5588E+01  5.2039E+01 -2.6869E-03  4.4154E-01  3.2328E-02  4.1888E-01 -3.2019E-02
  1.5601E+01  5.2080E+01 -2.6844E-03  4.4113E-01  3.8921E-02  4.2855E-01 -3.8653E-02
  1.5613E+01  5.2121E+01 -2.6811E-03  4.4062E-01  4.1948E-02  4.1874E-01 -4.1710E-02
  1.5625E+01  5.2161E+01 -2.6785E-03  4.4019E-01  3.0765E-02  4.2263E-01 -3.0434E-02
  1.5637E+01  5.2202E+01 -2.6758E-03  4.3976E-01  4.2081E-02  4.2618E-01 -4.1835E-02
  1.5650E+01  5.2243E+01 -2.6725E-03  4.3924E-01  3.8193E-02  4.1805E-01 -3.7933E-02
  1.5662E+01  5.2284E+01 -2.6701E-03  4.3884E-01  3.2219E-02  4.2722E-01 -3.1897E-02
  1.5674E+01  5.2324E+01 -2.6671E-03  4.3838E-01  4.3379E-02  4.2290E-01 -4.3144E-02
  1.5686E+01  5.2365E+01 -2.6641E-03  4.3789E-01  3.4265E-02  4.1829E-01 -3.3974E-02
  1.5698E+01  5.2406E+01 -2.6616E-03  4.3750E-01  3.5609E-02  4.2929E-01 -3.5314E-02
  1.5711E+01  5.2447E+01 -2.6585E-03  4.3700E-01  4.2997E-02  4.2001E-01 -4.2764E-02
  1.5723E+01  5.2487E+01 -2.6557E-03  4.3655E-01  3.1065E-02  4.2026E-01 -3.0741E-02
  1.5735E+01  5.2528E+01 -2.6531E-03  4.3614E-01  3.9575E-02  4.2799E-01 -3.9311E-02
  1.5747E+01  5.2569E+01 -2.6499E-03  4.3563E-01  4.0417E-02  4.1885E-01 -4.0169E-02
  1.5760E+01  5.2610E+01 -2.6473E-03  4.3522E-01  3.0603E-02  4.2433E-01 -3.0267E-02
  1.5772E+01  5.2651E+01 -2.6446E-03  4.3478E-01  4.2038E-02  4.2502E-01 -4.1793E-02
  1.5784E+01  5.2691E+01 -2.6415E-03  4.3428E-01  3.6546E-02  4.1841E-01 -3.6273E-02
  1.5796E+01  5.2732E+01 -2.6391E-03  4.3389E-01  3.2790E-02  4.2832E-01 -3.2470E-02
  1.5808E+01  5.2772E+01 -2.6361E-03  4.3342E-01  4.3183E-02  4.2181E-01 -4.2948E-02
  1.5821E+01  5.2814E+01 -2.6331E-03  4.3294E-01  3.2507E-02  4.1908E-01 -3.2199E-02
  1.5833E+01  5.2854E+01 -2.6307E-03  4.3256E-01  3.6680E-02  4.2919E-01 -3.6393E-02
  1.5845E+01  5.2895E+01 -2.6275E-03  4.3206E-01  4.1763E-02  4.1994E-01 -4.1523E-02
  1.5857E+01  5.2935E+01 -2.6249E-03  4.3163E-01  3.0305E-02  4.2145E-01 -2.9971E-02
  1.5870E+01  5.2977E+01 -2.6222E-03  4.3121E-01  3.9961E-02  4.2697E-01 -3.9701E-02
  1.5882E+01  5.3017E+01 -2.6191E-03  4.3071E-01  3.8661E-02  4.1900E-01 -3.8402E-02
  1.5894E+01  5.3058E+01 -2.6167E-03  4.3032E-01  3.0724E-02  4.2589E-01 -3.0387E-02
  1.5906E+01  5.3099E+01 -2.6138E-03  4.2987E-01  4.2171E-02  4.2460E-01 -4.1927E-02
  1.5918E+01  5.3139E+01 -2.6108E-03  4.2939E-01  3.4864E-02  4.1880E-01 -3.4577E-02
  1.5931E+01  5.3180E+01 -2.6084E-03  4.2900E-01  3.3759E-02  4.2918E-01 -3.3447E-02
  1.5943E+01  5.3221E+01 -2.6054E-03  4.2852E-01  4.2354E-02  4.2127E-01 -4.2115E-02
  1.5955E+01  5.3262E+01 -2.6026E-03  4.2807E-01  3.1280E-02  4.1991E-01 -3.0958E-02
  1.5967E+01  5.3302E+01 -2.6001E-03  4.2768E-01  3.7120E-02  4.2866E-01 -3.6837E-02
  1.5980E+01  5.3344E+01 -2.5970E-03  4.2718E-01  4.0256E-02  4.1996E-01 -4.0006E-02
  1.5992E+01  5.3384E+01 -2.5944E-03  4.2677E-01  2.9810E-02  4.2309E-01 -2.9466E-02
  1.6004E+01  5.3425E+01 -2.5918E-03  4.2636E-01  4.0380E-02  4.2643E-01 -4.0123E-02
  1.6016E+01  5.3465E+01 -2.5887E-03  4.2586E-01  3.7088E-02  4.1913E-01 -3.6817E-02
  1.6028E+01  5.3506E+01 -2.5863E-03  4.2548E-01  3.1111E-02  4.2741E-01 -3.0775E-02
  1.6041E+01  5.3547E+01 -2.5834E-03  4.2502E-01  4.1998E-02  4.2387E-01 -4.1754E-02
  1.6053E+01  5.3588E+01 -2.5805E-03  4.2455E-01  3.3101E-02  4.1937E-01 -3.2797E-02
  1.6065E+01  5.3628E+01 -2.5781E-03  4.2418E-01  3.4270E-02  4.2923E-01 -3.3962E-02
  1.6077E+01  5.3669E+01 -2.5751E-03  4.2370E-01  4.1221E-02  4.2134E-01 -4.0975E-02
  1.6090E+01  5.3710E+01 -2.5724E-03  4.2326E-01  3.0156E-02  4.2106E-01 -2.9819E-02
  1.6102E+01  5.3751E+01 -2.5699E-03  4.2287E-01  3.8000E-02  4.2806E-01 -3.7724E-02
  1.6114E+01  5.3792E+01 -2.5668E-03  4.2238E-01  3.8965E-02  4.1984E-01 -3.8707E-02
  1.6126E+01  5.3832E+01 -2.5644E-03  4.2198E-01  2.9645E-02  4.2479E-01 -2.9296E-02
  1.6138E+01  5.3873E+01 -2.5617E-03  4.2156E-01  4.0549E-02  4.2588E-01 -4.0293E-02
  1.6151E+01  5.3914E+01 -2.5586E-03  4.2107E-01  3.5160E-02  4.1942E-01 -3.4874E-02
  1.6163E+01  5.3955E+01 -2.5566E-03  4.2075E-01  2.0875E-02  4.2212E-01 -2.0382E-02
  1.6175E+01  5.3995E+01 -2.5551E-03  4.2051E-01  1.9272E-02  4.2375E-01 -1.8733E-02
  1.6200E+01  5.4080E+01 -2.5520E-03  4.2003E-01  1.9597E-02  4.2339E-01 -1.9067E-02
