  3.1185E+01  1.0401E+02  1.0519E+02  1.7200E-01  6.3939E+02  8.2725E+00 -6.3758E+02
  3.1202E+01  1.0407E+02  1.0519E+02  1.7200E-01  6.3936E+02  8.2711E+00 -6.3754E+02
  3.1220E+01  1.0413E+02  1.0519E+02  1.7199E-01  6.3932E+02  8.2696E+00 -6.3751E+02
  3.1237E+01  1.0418E+02  1.0519E+02  1.7199E-01  6.3928E+02  8.2682E+00 -6.3747E+02
  3.1254E+01  1.0424E+02  1.0519E+02  1.7199E-01  6.3924E+02  8.2668E+00 -6.3743E+02
  3.1272E+01  1.0430E+02  1.0519E+02  1.7199E-01  6.3920E+02  8.2654E+00 -6.3739E+02
  3.1289E+01  1.0436E+02  1.0519E+02  1.7198E-01  6.3916E+02  8.2640E+00 -6.3736E+02
  3.1306E+01  1.0442E+02  1.0519E+02  1.7198E-01  6.3913E+02  8.2626E+00 -6.3732E+02
  3.1324E+01  1.0447E+02  1.0519E+02  1.7198E-01  6.3909E+02  8.2611E+00 -6.3728E+02
  3.1341E+01  1.0453E+02  1.0519E+02  1.7198E-01  6.3905E+02  8.2597E+00 -6.3724E+02
  3.1358E+01  1.0459E+02  1.0519E+02  1.7198E-01  6.3901E+02  8.2583E+00 -6.3720E+02
  3.1375E+01  1.0465E+02  1.0519E+02  1.7197E-01  6.3897E+02  8.2569E+00 -6.3717E+02
  3.1393E+01  1.0470E+02  1.0519E+02  1.7197E-01  6.3893E+02  8.2555E+00 -6.3713E+02
  3.1410E+01  1.0476E+02  1.0519E+02  1.7197E-01  6.3889E+02  8.2541E+00 -6.3709E+02
  3.1428E+01  1.0482E+02  1.0519E+02  1.7197E-01  6.3886E+02  8.2526E+00 -6.3705E+02
  3.1445E+01  1.0488E+02  1.0519E+02  1.7196E-01  6.3882E+02  8.2512E+00 -6.3701E+02
  3.1462E+01  1.0493E+02  1.0519E+02  1.7196E-01  6.3878E+02  8.2498E+00 -6.3697E+02
  3.1479E+01  1.0499E+02  1.0519E+02  1.7196E-01  6.3874E+02  8.2484E+00 -6.3694E+02
  3.1497E+01  1.0505E+02  1.0519E+02  1.7196E-01  6.3870E+02  8.2470E+00 -6.3690E+02
  3.1514E+01  1.0511E+02  1.0519E+02  1.7195E-01  6.3866E+02  8.2456E+00 -6.3686E+02
  3.1531E+01  1.0517E+02  1.0519E+02  1.7195E-01  6.3862E+02  8.2442E+00 -6.3682E+02
  3.1549E+01  1.0522E+02  1.0519E+02  1.7195E-01  6.3858E+02  8.2427E+00 -6.3678E+02
  3.1566E+01  1.0528E+02  1.0519E+02  1.7195E-01  6.3854E+02  8.2413E+00 -6.3674E+02
  3.1583E+01  1.0534E+02  1.0519E+02  1.7194E-01  6.3851E+02  8.2399E+00 -6.3670E+02
  3.1600E+01  1.0540E+02  1.0519E+02  1.7194E-01  6.3847E+02  8.2385E+00 -6.3667E+02
  3.1618E+01  1.0545E+02  1.0519E+02  1.7194E-01  6.3843E+02  8.2371E+00 -6.3663E+02
  3.1635E+01  1.0551E+02  1.0519E+02  1.7194E-01  6.3839E+02  8.2357E+00 -6.3659E+02
  3.1652E+01  1.0557E+02  1.0519E+02  1.7193E-01  6.3835E+02  8.2342E+00 -6.3655E+02
  3.1670E+01  1.0563E+02  1.0519E+02  1.7193E-01  6.3831E+02  8.2328E+00 -6.3651E+02
  3.1687E+01  1.0569E+02  1.0519E+02  1.7193E-01  6.3827E+02  8.2314E+00 -6.3647E+02
  3.1704E+01  1.0574E+02  1.0519E+02  1.7193E-01  6.3823E+02  8.2300E+00 -6.3643E+02
  3.1722E+01  1.0580E+02  1.0519E+02  1.7192E-01  6.3819E+02  8.2286E+00 -6.3639E+02
  3.1739E+01  1.0586E+02  1.0519E+02  1.7192E-01  6.3815E+02  8.2272E+00 -6.3635E+02
  3.1756E+01  1.0592E+02  1.0519E+02  1.7192E-01  6.3811E+02  8.2257E+00 -6.3631E+02
  3.1774E+01  1.0597E+02  1.0519E+02  1.7192E-01  6.3807E+02  8.2243E+00 -6.3628E+02
  3.1791E+01  1.0603E+02  1.0519E+02  1.7192E-01  6.3803E+02  8.2228E+00 -6.3624E+02
  3.1808E+01  1.0609E+02  1.0519E+02  1.7191E-01  6.3799E+02  8.2214E+00 -6.3620E+02
  3.1826E+01  1.0615E+02  1.0519E+02  1.7191E-01  6.3795E+02  8.2199E+00 -6.3616E+02
  3.1843E+01  1.0621E+02  1.0519E+02  1.7191E-01  6.3791E+02  8.2184E+00 -6.3612E+02
  3.1860E+01  1.0626E+02  1.0519E+02  1.7191E-01  6.3787E+02  8.2170E+00 -6.3608E+02
  3.1877E+01  1.0632E+02  1.0519E+02  1.7190E-01  6.3783E+02  8.2155E+00 -6.3604E+02
  3.1895E+01  1.0638E+02  1.0519E+02  1.7190E-01  6.3779E+02  8.2140E+00 -6.3600E+02
  3.1912E+01  1.0644E+02  1.0519E+02  1.7190E-01  6.3775E+02  8.2125E+00 -6.3596E+02
  3.1929E+01  1.0649E+02  1.0519E+02  1.7190E-01  6.3771E+02  8.2111E+00 -6.3592E+02
  3.1947E+01  1.0655E+02  1.0519E+02  1.7189E-01  6.3767E+02  8.2096E+00 -6.3588E+02
  3.1964E+01  1.0661E+02  1.0519E+02  1.7189E-01  6.3763E+02  8.2081E+00 -6.3584E+02
  3.1981E+01  1.0667E+02  1.0519E+02  1.7189E-01  6.3759E+02  8.2066E+00 -6.3580E+02
  3.1999E+01  1.0672E+02  1.0519E+02  1.7189E-01  6.3755E+02  8.2052E+00 -6.3576E+02
  3.2016E+01  1.0678E+02  1.0519E+02  1.7188E-01  6.3751E+02  8.2037E+00 -6.3572E+02
  3.2033E+01  1.0684E+02  1.0519E+02  1.7188E-01  6.3747E+02  8.2022E+00 -6.3569E+02
  3.2051E+01  1.0690E+02  1.0519E+02  1.7188E-01  6.3743E+02  8.2007E+00 -6.3565E+02
  3.2068E+01  1.0696E+02  1.0519E+02  1.7188E-01  6.3739E+02  8.1993E+00 -6.3561E+02
  3.2085E+01  1.0701E+02  1.0519E+02  1.7187E-01  6.3735E+02  8.1978E+00 -6.3557E+02
  3.2102E+01  1.0707E+02  1.0519E+02  1.7187E-01  6.3731E+02  8.1963E+00 -6.3553E+02
  3.2120E+01  1.0713E+02  1.0519E+02  1.7187E-01  6.3727E+02  8.1948E+00 -6.3549E+02
  3.2137E+01  1.0719E+02  1.0519E+02  1.7187E-01  6.3723E+02  8.1934E+00 -6.3545E+02
  3.2154E+01  1.0724E+02  1.0519E+02  1.7186E-01  6.3719E+02  8.1919E+00 -6.3541E+02
  3.2172E+01  1.0730E+02  1.0519E+02  1.7186E-01  6.3715E+02  8.1904E+00 -6.3537E+02
  3.2189E+01  1.0736E+02  1.0519E+02  1.7186E-01  6.3711E+02  8.1890E+00 -6.3533E+02
  3.2206E+01  1.0742E+02  1.0519E+02  1.7186E-01  6.3707E+02  8.1875E+00 -6.3529E+02
  3.2224E+01  1.0748E+02  1.0519E+02  1.7186E-01  6.3703E+02  8.1860E+00 -6.3525E+02
  3.2241E+01  1.0753E+02  1.0519E+02  1.7185E-01  6.3699E+02  8.1846E+00 -6.3521E+02
  3.2258E+01  1.0759E+02  1.0519E+02  1.7185E-01  6.3695E+02  8.1831E+00 -6.3517E+02
  3.2276E+01  1.0765E+02  1.0519E+02  1.7185E-01  6.3691E+02  8.1816E+00 -6.3513E+02
  3.2293E+01  1.0771E+02  1.0519E+02  1.7185E-01  6.3687E+02  8.1802E+00 -6.3508E+02
  3.2310E+01  1.0776E+02  1.0519E+02  1.7184E-01  6.3683E+02  8.1787E+00 -6.3504E+02
  3.2327E+01  1.0782E+02  1.0519E+02  1.7184E-01  6.3678E+02  8.1773E+00 -6.3500E+02
  3.2345E+01  1.0788E+02  1.0519E+02  1.7184E-01  6.3674E+02  8.1758E+00 -6.3496E+02
  3.2362E+01  1.0794E+02  1.0519E+02  1.7184E-01  6.3670E+02  8.1744E+00 -6.3492E+02
  3.2379E+01  1.0799E+02  1.0518E+02  1.7183E-01  6.3666E+02  8.1729E+00 -6.3488E+02
  3.2397E+01  1.0805E+02  1.0518E+02  1.7183E-01  6.3662E+02  8.1714E+00 -6.3484E+02
  3.2414E+01  1.0811E+02  1.0518E+02  1.7183E-01  6.3658E+02  8.1700E+00 -6.3480E+02
  3.2431E+01  1.0817E+02  1.0518E+02  1.7183E-01  6.3654E+02  8.1685E+00 -6.3476E+02
  3.2449E+01  1.0823E+02  1.0518E+02  1.7182E-01  6.3650E+02  8.1671E+00 -6.3472E+02
  3.2466E+01  1.0828E+02  1.0518E+02  1.7182E-01  6.3646E+02  8.1657E+00 -6.3468E+02
  3.2483E+01  1.0834E+02  1.0518E+02  1.7182E-01  6.3641E+02  8.1642E+00 -6.3464E+02
  3.2500E+01  1.0840E+02  1.0518E+02  1.7182E-01  6.3637E+02  8.1628E+00 -6.3460E+02
  3.2518E+01  1.0846E+02  1.0518E+02  1.7181E-01  6.3633E+02  8.1613E+00 -6.3456E+02
  3.2535E+01  1.0851E+02  1.0518E+02  1.7181E-01  6.3629E+02  8.1599E+00 -6.3451E+02
  3.2553E+01  1.0857E+02  1.0518E+02  1.7181E-01  6.3625E+02  8.1585E+00 -6.3447E+02
  3.2570E+01  1.0863E+02  1.0518E+02  1.7181E-01  6.3621E+02  8.1571E+00 -6.3443E+02
  3.2587E+01  1.0869E+02  1.0518E+02  1.7180E-01  6.3616E+02  8.1557E+00 -6.3439E+02
  3.2604E+01  1.0875E+02  1.0518E+02  1.7180E-01  6.3612E+02  8.1543E+00 -6.3435E+02
  3.2622E+01  1.0880E+02  1.0518E+02  1.7180E-01  6.3608E+02  8.1529E+00 -6.3431E+02
  3.2639E+01  1.0886E+02  1.0518E+02  1.7180E-01  6.3604E+02  8.1515E+00 -6.3427E+02
  3.2656E+01  1.0892E+02  1.0518E+02  1.7179E-01  6.3600E+02  8.1501E+00 -6.3423E+02
  3.2674E+01  1.0898E+02  1.0518E+02  1.7179E-01  6.3596E+02  8.1488E+00 -6.3418E+02
  3.2691E+01  1.0903E+02  1.0518E+02  1.7179E-01  6.3591E+02  8.1474E+00 -6.3414E+02
  3.2708E+01  1.0909E+02  1.0518E+02  1.7179E-01  6.3587E+02  8.1461E+00 -6.3410E+02
  3.2726E+01  1.0915E+02  1.0518E+02  1.7179E-01  6.3583E+02  8.1447E+00 -6.3406E+02
  3.2743E+01  1.0921E+02  1.0518E+02  1.7178E-01  6.3579E+02  8.1434E+00 -6.3402E+02
  3.2760E+01  1.0926E+02  1.0518E+02  1.7178E-01  6.3575E+02  8.1421E+00 -6.3398E+02
  3.2778E+01  1.0932E+02  1.0518E+02  1.7178E-01  6.3571E+02  8.1408E+00 -6.3394E+02
  3.2795E+01  1.0938E+02  1.0518E+02  1.7178E-01  6.3567E+02  8.1395E+00 -6.3390E+02
  3.2812E+01  1.0944E+02  1.0518E+02  1.7177E-01  6.3562E+02  8.1382E+00 -6.3386E+02
  3.2829E+01  1.0950E+02  1.0518E+02  1.7177E-01  6.3558E+02  8.1369E+00 -6.3382E+02
  3.2847E+01  1.0955E+02  1.0518E+02  1.7177E-01  6.3554E+02  8.1356E+00 -6.3377E+02
  3.2849E+01  1.0956E+02  1.0518E+02  1.7177E-01  6.3554E+02  8.1354E+00 -6.3377E+02
  3.2864E+01  1.0961E+02  1.0518E+02  1.7177E-01  6.3550E+02  8.1343E+00 -6.3373E+02
  3.2881E+01  1.0967E+02  1.0518E+02  1.7176E-01  6.3546E+02  8.1330E+00 -6.3369E+02
  3.2899E+01  1.0973E+02  1.0518E+02  1.7176E-01  6.3542E+02  8.1316E+00 -6.3365E+02
  3.2916E+01  1.0978E+02  1.0518E+02  1.7176E-01  6.3538E+02  8.1303E+00 -6.3361E+02
  3.2933E+01  1.0984E+02  1.0518E+02  1.7176E-01  6.3534E+02  8.1290E+00 -6.3357E+02
  3.2951E+01  1.0990E+02  1.0518E+02  1.7175E-01  6.3529E+02  8.1276E+00 -6.3353E+02
  3.2968E+01  1.0996E+02  1.0518E+02  1.7175E-01  6.3525E+02  8.1262E+00 -6.3349E+02
  3.2985E+01  1.1002E+02  1.0518E+02  1.7175E-01  6.3521E+02  8.1248E+00 -6.3345E+02
  3.3002E+01  1.1007E+02  1.0518E+02  1.7175E-01  6.3517E+02  8.1234E+00 -6.3341E+02
  3.3020E+01  1.1013E+02  1.0518E+02  1.7174E-01  6.3513E+02  8.1220E+00 -6.3337E+02
  3.3037E+01  1.1019E+02  1.0518E+02  1.7174E-01  6.3509E+02  8.1205E+00 -6.3333E+02
  3.3055E+01  1.1025E+02  1.0518E+02  1.7174E-01  6.3505E+02  8.1190E+00 -6.3329E+02
  3.3072E+01  1.1030E+02  1.0518E+02  1.7174E-01  6.3501E+02  8.1175E+00 -6.3324E+02
  3.3089E+01  1.1036E+02  1.0518E+02  1.7174E-01  6.3496E+02  8.1159E+00 -6.3320E+02
  3.3106E+01  1.1042E+02  1.0518E+02  1.7173E-01  6.3492E+02  8.1144E+00 -6.3316E+02
  3.3124E+01  1.1048E+02  1.0518E+02  1.7173E-01  6.3488E+02  8.1128E+00 -6.3312E+02
  3.3141E+01  1.1054E+02  1.0518E+02  1.7173E-01  6.3484E+02  8.1112E+00 -6.3308E+02
  3.3158E+01  1.1059E+02  1.0518E+02  1.7173E-01  6.3480E+02  8.1095E+00 -6.3304E+02
  3.3176E+01  1.1065E+02  1.0518E+02  1.7172E-01  6.3476E+02  8.1079E+00 -6.3300E+02
  3.3193E+01  1.1071E+02  1.0518E+02  1.7172E-01  6.3472E+02  8.1062E+00 -6.3296E+02
  3.3210E+01  1.1077E+02  1.0518E+02  1.7172E-01  6.3467E+02  8.1045E+00 -6.3292E+02
  3.3227E+01  1.1082E+02  1.0518E+02  1.7172E-01  6.3463E+02  8.1028E+00 -6.3288E+02
  3.3245E+01  1.1088E+02  1.0518E+02  1.7171E-01  6.3459E+02  8.1011E+00 -6.3283E+02
  3.3262E+01  1.1094E+02  1.0518E+02  1.7171E-01  6.3455E+02  8.0993E+00 -6.3279E+02
  3.3279E+01  1.1100E+02  1.0518E+02  1.7171E-01  6.3451E+02  8.0976E+00 -6.3275E+02
  3.3297E+01  1.1105E+02  1.0518E+02  1.7171E-01  6.3447E+02  8.0958E+00 -6.3271E+02
  3.3314E+01  1.1111E+02  1.0518E+02  1.7170E-01  6.3442E+02  8.0941E+00 -6.3267E+02
  3.3331E+01  1.1117E+02  1.0518E+02  1.7170E-01  6.3438E+02  8.0923E+00 -6.3263E+02
  3.3349E+01  1.1123E+02  1.0518E+02  1.7170E-01  6.3434E+02  8.0905E+00 -6.3259E+02
  3.3366E+01  1.1129E+02  1.0518E+02  1.7170E-01  6.3430E+02  8.0887E+00 -6.3255E+02
  3.3383E+01  1.1134E+02  1.0518E+02  1.7169E-01  6.3426E+02  8.0869E+00 -6.3251E+02
  3.3401E+01  1.1140E+02  1.0518E+02  1.7169E-01  6.3422E+02  8.0851E+00 -6.3247E+02
  3.3418E+01  1.1146E+02  1.0518E+02  1.7169E-01  6.3417E+02  8.0833E+00 -6.3242E+02
  3.3435E+01  1.1152E+02  1.0518E+02  1.7169E-01  6.3413E+02  8.0815E+00 -6.3238E+02
  3.3453E+01  1.1157E+02  1.0518E+02  1.7168E-01  6.3409E+02  8.0796E+00 -6.3234E+02
  3.3470E+01  1.1163E+02  1.0518E+02  1.7168E-01  6.3405E+02  8.0778E+00 -6.3230E+02
  3.3487E+01  1.1169E+02  1.0518E+02  1.7168E-01  6.3401E+02  8.0760E+00 -6.3226E+02
  3.3504E+01  1.1175E+02  1.0518E+02  1.7168E-01  6.3397E+02  8.0742E+00 -6.3222E+02
  3.3522E+01  1.1181E+02  1.0518E+02  1.7168E-01  6.3392E+02  8.0723E+00 -6.3218E+02
  3.3539E+01  1.1186E+02  1.0518E+02  1.7167E-01  6.3388E+02  8.0705E+00 -6.3214E+02
  3.3556E+01  1.1192E+02  1.0518E+02  1.7167E-01  6.3384E+02  8.0686E+00 -6.3210E+02
  3.3574E+01  1.1198E+02  1.0518E+02  1.7167E-01  6.3380E+02  8.0668E+00 -6.3205E+02
  3.3591E+01  1.1204E+02  1.0518E+02  1.7167E-01  6.3376E+02  8.0650E+00 -6.3201E+02
  3.3608E+01  1.1209E+02  1.0518E+02  1.7166E-01  6.3372E+02  8.0631E+00 -6.3197E+02
  3.3626E+01  1.1215E+02  1.0518E+02  1.7166E-01  6.3367E+02  8.0613E+00 -6.3193E+02
  3.3643E+01  1.1221E+02  1.0518E+02  1.7166E-01  6.3363E+02  8.0594E+00 -6.3189E+02
  3.3660E+01  1.1227E+02  1.0518E+02  1.7166E-01  6.3359E+02  8.0576E+00 -6.3185E+02
  3.3678E+01  1.1233E+02  1.0518E+02  1.7165E-01  6.3355E+02  8.0557E+00 -6.3181E+02
  3.3695E+01  1.1238E+02  1.0518E+02  1.7165E-01  6.3351E+02  8.0539E+00 -6.3177E+02
  3.3712E+01  1.1244E+02  1.0518E+02  1.7165E-01  6.3347E+02  8.0520E+00 -6.3173E+02
  3.3729E+01  1.1250E+02  1.0518E+02  1.7165E-01  6.3342E+02  8.0501E+00 -6.3169E+02
  3.3747E+01  1.1256E+02  1.0518E+02  1.7164E-01  6.3338E+02  8.0483E+00 -6.3164E+02
  3.3764E+01  1.1261E+02  1.0518E+02  1.7164E-01  6.3334E+02  8.0464E+00 -6.3160E+02
  3.3781E+01  1.1267E+02  1.0518E+02  1.7164E-01  6.3330E+02  8.0445E+00 -6.3156E+02
  3.3799E+01  1.1273E+02  1.0518E+02  1.7164E-01  6.3326E+02  8.0427E+00 -6.3152E+02
  3.3816E+01  1.1279E+02  1.0518E+02  1.7163E-01  6.3322E+02  8.0408E+00 -6.3148E+02
  3.3833E+01  1.1284E+02  1.0518E+02  1.7163E-01  6.3317E+02  8.0390E+00 -6.3144E+02
  3.3851E+01  1.1290E+02  1.0518E+02  1.7163E-01  6.3313E+02  8.0371E+00 -6.3140E+02
  3.3868E+01  1.1296E+02  1.0518E+02  1.7163E-01  6.3309E+02  8.0352E+00 -6.3136E+02
  3.3885E+01  1.1302E+02  1.0518E+02  1.7163E-01  6.3305E+02  8.0334E+00 -6.3132E+02
  3.3899E+01  1.1306E+02  1.0518E+02  1.7162E-01  6.3302E+02  8.0319E+00 -6.3128E+02
  3.3903E+01  1.1308E+02  1.0518E+02  1.7162E-01  6.3301E+02  8.0315E+00 -6.3128E+02
  3.3920E+01  1.1313E+02  1.0518E+02  1.7162E-01  6.3297E+02  8.0296E+00 -6.3123E+02
  3.3937E+01  1.1319E+02  1.0518E+02  1.7162E-01  6.3292E+02  8.0278E+00 -6.3119E+02
  3.3955E+01  1.1325E+02  1.0518E+02  1.7162E-01  6.3288E+02  8.0259E+00 -6.3115E+02
  3.3972E+01  1.1331E+02  1.0518E+02  1.7161E-01  6.3284E+02  8.0240E+00 -6.3111E+02
  3.3989E+01  1.1336E+02  1.0518E+02  1.7161E-01  6.3280E+02  8.0221E+00 -6.3107E+02
  3.4006E+01  1.1342E+02  1.0518E+02  1.7161E-01  6.3276E+02  8.0203E+00 -6.3103E+02
  3.4024E+01  1.1348E+02  1.0518E+02  1.7161E-01  6.3272E+02  8.0184E+00 -6.3099E+02
  3.4041E+01  1.1354E+02  1.0518E+02  1.7160E-01  6.3268E+02  8.0166E+00 -6.3095E+02
  3.4058E+01  1.1359E+02  1.0518E+02  1.7160E-01  6.3263E+02  8.0147E+00 -6.3091E+02
  3.4076E+01  1.1365E+02  1.0518E+02  1.7160E-01  6.3259E+02  8.0128E+00 -6.3087E+02
  3.4093E+01  1.1371E+02  1.0518E+02  1.7160E-01  6.3258E+02  8.0109E+00 -6.3086E+02
  3.4110E+01  1.1377E+02  1.0519E+02  1.7159E-01  6.3246E+02  8.0091E+00 -6.3074E+02
  3.4127E+01  1.1383E+02  1.0530E+02  1.7159E-01  6.3174E+02  8.0066E+00 -6.3002E+02
  3.4145E+01  1.1388E+02  1.0542E+02  1.7159E-01  6.3230E+02  8.0042E+00 -6.3058E+02
  3.4162E+01  1.1394E+02  1.0555E+02  1.7159E-01  6.3174E+02  8.0017E+00 -6.3002E+02
  3.4180E+01  1.1400E+02  1.0566E+02  1.7158E-01  6.3225E+02  7.9994E+00 -6.3053E+02
  3.4197E+01  1.1406E+02  1.0580E+02  1.7158E-01  6.3173E+02  7.9967E+00 -6.3001E+02
  3.4214E+01  1.1412E+02  1.0590E+02  1.7158E-01  6.3219E+02  7.9946E+00 -6.3047E+02
  3.4231E+01  1.1417E+02  1.0604E+02  1.7158E-01  6.3173E+02  7.9919E+00 -6.3001E+02
  3.4249E+01  1.1423E+02  1.0615E+02  1.7158E-01  6.3211E+02  7.9897E+00 -6.3039E+02
  3.4266E+01  1.1429E+02  1.0629E+02  1.7157E-01  6.3175E+02  7.9870E+00 -6.3003E+02
  3.4283E+01  1.1435E+02  1.0639E+02  1.7157E-01  6.3201E+02  7.9849E+00 -6.3030E+02
  3.4301E+01  1.1440E+02  1.0654E+02  1.7157E-01  6.3178E+02  7.9821E+00 -6.3007E+02
  3.4318E+01  1.1446E+02  1.0663E+02  1.7157E-01  6.3192E+02  7.9801E+00 -6.3020E+02
  3.4335E+01  1.1452E+02  1.0678E+02  1.7156E-01  6.3181E+02  7.9773E+00 -6.3009E+02
  3.4353E+01  1.1458E+02  1.0688E+02  1.7156E-01  6.3183E+02  7.9753E+00 -6.3011E+02
  3.4370E+01  1.1463E+02  1.0702E+02  1.7156E-01  6.3184E+02  7.9724E+00 -6.3013E+02
  3.4387E+01  1.1469E+02  1.0712E+02  1.7156E-01  6.3173E+02  7.9704E+00 -6.3002E+02
  3.4404E+01  1.1475E+02  1.0727E+02  1.7155E-01  6.3189E+02  7.9676E+00 -6.3018E+02
  3.4422E+01  1.1481E+02  1.0737E+02  1.7155E-01  6.3164E+02  7.9656E+00 -6.2993E+02
  3.4439E+01  1.1487E+02  1.0751E+02  1.7155E-01  6.3192E+02  7.9629E+00 -6.3021E+02
  3.4456E+01  1.1492E+02  1.0761E+02  1.7155E-01  6.3158E+02  7.9609E+00 -6.2987E+02
  3.4474E+01  1.1498E+02  1.0775E+02  1.7155E-01  6.3194E+02  7.9582E+00 -6.3023E+02
  3.4491E+01  1.1504E+02  1.0786E+02  1.7154E-01  6.3150E+02  7.9561E+00 -6.2979E+02
  3.4508E+01  1.1510E+02  1.0800E+02  1.7154E-01  6.3197E+02  7.9535E+00 -6.3026E+02
  3.4526E+01  1.1515E+02  1.0811E+02  1.7154E-01  6.3143E+02  7.9514E+00 -6.2973E+02
  3.4543E+01  1.1521E+02  1.0824E+02  1.7154E-01  6.3195E+02  7.9488E+00 -6.3025E+02
  3.4560E+01  1.1527E+02  1.0835E+02  1.7154E-01  6.3140E+02  7.9466E+00 -6.2969E+02
  3.4578E+01  1.1533E+02  1.0848E+02  1.7153E-01  6.3193E+02  7.9442E+00 -6.3023E+02
  3.4595E+01  1.1538E+02  1.0860E+02  1.7153E-01  6.3135E+02  7.9418E+00 -6.2965E+02
  3.4612E+01  1.1544E+02  1.0872E+02  1.7153E-01  6.3189E+02  7.9396E+00 -6.3019E+02
  3.4629E+01  1.1550E+02  1.0885E+02  1.7153E-01  6.3133E+02  7.9371E+00 -6.2963E+02
  3.4647E+01  1.1556E+02  1.0896E+02  1.7152E-01  6.3181E+02  7.9350E+00 -6.3012E+02
  3.4664E+01  1.1562E+02  1.0910E+02  1.7152E-01  6.3132E+02  7.9325E+00 -6.2963E+02
  3.4681E+01  1.1567E+02  1.0920E+02  1.7152E-01  6.3173E+02  7.9304E+00 -6.3003E+02
  3.4699E+01  1.1573E+02  1.0934E+02  1.7152E-01  6.3133E+02  7.9278E+00 -6.2963E+02
  3.4716E+01  1.1579E+02  1.0944E+02  1.7152E-01  6.3163E+02  7.9258E+00 -6.2994E+02
  3.4733E+01  1.1585E+02  1.0959E+02  1.7151E-01  6.3133E+02  7.9231E+00 -6.2964E+02
  3.4751E+01  1.1590E+02  1.0969E+02  1.7151E-01  6.3153E+02  7.9212E+00 -6.2984E+02
  3.4768E+01  1.1596E+02  1.0983E+02  1.7151E-01  6.3135E+02  7.9185E+00 -6.2966E+02
  3.4785E+01  1.1602E+02  1.0993E+02  1.7151E-01  6.3142E+02  7.9166E+00 -6.2973E+02
  3.4803E+01  1.1608E+02  1.1008E+02  1.7151E-01  6.3138E+02  7.9139E+00 -6.2969E+02
  3.4820E+01  1.1614E+02  1.1017E+02  1.7150E-01  6.3131E+02  7.9120E+00 -6.2962E+02
  3.4837E+01  1.1619E+02  1.1032E+02  1.7150E-01  6.3140E+02  7.9093E+00 -6.2971E+02
  3.4855E+01  1.1625E+02  1.1042E+02  1.7150E-01  6.3122E+02  7.9074E+00 -6.2953E+02
  3.4872E+01  1.1631E+02  1.1057E+02  1.7150E-01  6.3142E+02  7.9048E+00 -6.2974E+02
  3.4889E+01  1.1637E+02  1.1066E+02  1.7150E-01  6.3112E+02  7.9029E+00 -6.2944E+02
  3.4906E+01  1.1642E+02  1.1081E+02  1.7149E-01  6.3146E+02  7.9002E+00 -6.2978E+02
  3.4924E+01  1.1648E+02  1.1091E+02  1.7149E-01  6.3104E+02  7.8983E+00 -6.2935E+02
  3.4941E+01  1.1654E+02  1.1105E+02  1.7149E-01  6.3146E+02  7.8958E+00 -6.2978E+02
  3.4958E+01  1.1660E+02  1.1116E+02  1.7149E-01  6.3097E+02  7.8938E+00 -6.2929E+02
  3.4976E+01  1.1666E+02  1.1129E+02  1.7148E-01  6.3145E+02  7.8913E+00 -6.2977E+02
  3.4993E+01  1.1671E+02  1.1141E+02  1.7148E-01  6.3089E+02  7.8892E+00 -6.2921E+02
  3.5010E+01  1.1677E+02  1.1153E+02  1.7148E-01  6.3143E+02  7.8869E+00 -6.2976E+02
  3.5028E+01  1.1683E+02  1.1165E+02  1.7148E-01  6.3083E+02  7.8847E+00 -6.2916E+02
  3.5045E+01  1.1689E+02  1.1177E+02  1.7148E-01  6.3138E+02  7.8825E+00 -6.2970E+02
  3.5062E+01  1.1694E+02  1.1190E+02  1.7147E-01  6.3081E+02  7.8802E+00 -6.2914E+02
  3.5080E+01  1.1700E+02  1.1201E+02  1.7147E-01  6.3131E+02  7.8781E+00 -6.2963E+02
  3.5097E+01  1.1706E+02  1.1215E+02  1.7147E-01  6.3078E+02  7.8757E+00 -6.2911E+02
  3.5114E+01  1.1712E+02  1.1226E+02  1.7147E-01  6.3122E+02  7.8737E+00 -6.2955E+02
  3.5131E+01  1.1717E+02  1.1240E+02  1.7147E-01  6.3076E+02  7.8712E+00 -6.2909E+02
  3.5149E+01  1.1723E+02  1.1250E+02  1.7147E-01  6.3112E+02  7.8693E+00 -6.2945E+02
  3.5166E+01  1.1729E+02  1.1264E+02  1.7146E-01  6.3076E+02  7.8668E+00 -6.2909E+02
  3.5183E+01  1.1735E+02  1.1274E+02  1.7146E-01  6.3100E+02  7.8650E+00 -6.2933E+02
  3.5201E+01  1.1741E+02  1.1289E+02  1.7146E-01  6.3077E+02  7.8624E+00 -6.2910E+02
  3.5218E+01  1.1746E+02  1.1298E+02  1.7146E-01  6.3088E+02  7.8606E+00 -6.2922E+02
  3.5235E+01  1.1752E+02  1.1313E+02  1.7146E-01  6.3078E+02  7.8580E+00 -6.2911E+02
  3.5253E+01  1.1758E+02  1.1323E+02  1.7145E-01  6.3077E+02  7.8562E+00 -6.2910E+02
  3.5270E+01  1.1764E+02  1.1338E+02  1.7145E-01  6.3079E+02  7.8536E+00 -6.2912E+02
  3.5287E+01  1.1769E+02  1.1347E+02  1.7145E-01  6.3065E+02  7.8518E+00 -6.2899E+02
  3.5305E+01  1.1775E+02  1.1362E+02  1.7145E-01  6.3082E+02  7.8492E+00 -6.2916E+02
  3.5322E+01  1.1781E+02  1.1372E+02  1.7145E-01  6.3055E+02  7.8475E+00 -6.2889E+02
  3.5339E+01  1.1787E+02  1.1387E+02  1.7144E-01  6.3082E+02  7.8449E+00 -6.2916E+02
  3.5356E+01  1.1793E+02  1.1397E+02  1.7144E-01  6.3046E+02  7.8431E+00 -6.2880E+02
  3.5374E+01  1.1798E+02  1.1411E+02  1.7144E-01  6.3082E+02  7.8406E+00 -6.2916E+02
  3.5391E+01  1.1804E+02  1.1421E+02  1.7144E-01  6.3036E+02  7.8388E+00 -6.2870E+02
  3.5408E+01  1.1810E+02  1.1435E+02  1.7144E-01  6.3083E+02  7.8364E+00 -6.2917E+02
  3.5426E+01  1.1816E+02  1.1446E+02  1.7143E-01  6.3027E+02  7.8345E+00 -6.2862E+02
  3.5443E+01  1.1821E+02  1.1459E+02  1.7143E-01  6.3079E+02  7.8322E+00 -6.2913E+02
  3.5460E+01  1.1827E+02  1.1471E+02  1.7143E-01  6.3022E+02  7.8301E+00 -6.2856E+02
  3.5478E+01  1.1833E+02  1.1483E+02  1.7143E-01  6.3074E+02  7.8280E+00 -6.2908E+02
  3.5495E+01  1.1839E+02  1.1495E+02  1.7143E-01  6.3015E+02  7.8258E+00 -6.2849E+02
  3.5512E+01  1.1845E+02  1.1507E+02  1.7143E-01  6.3067E+02  7.8238E+00 -6.2902E+02
  3.5530E+01  1.1850E+02  1.1520E+02  1.7142E-01  6.3011E+02  7.8215E+00 -6.2845E+02
  3.5547E+01  1.1856E+02  1.1531E+02  1.7142E-01  6.3058E+02  7.8196E+00 -6.2893E+02
  3.5564E+01  1.1862E+02  1.1545E+02  1.7142E-01  6.3009E+02  7.8173E+00 -6.2843E+02
  3.5582E+01  1.1868E+02  1.1555E+02  1.7142E-01  6.3047E+02  7.8155E+00 -6.2882E+02
  3.5599E+01  1.1873E+02  1.1570E+02  1.7142E-01  6.3007E+02  7.8130E+00 -6.2842E+02
  3.5616E+01  1.1879E+02  1.1580E+02  1.7141E-01  6.3035E+02  7.8113E+00 -6.2870E+02
  3.5633E+01  1.1885E+02  1.1594E+02  1.7141E-01  6.3005E+02  7.8088E+00 -6.2840E+02
  3.5651E+01  1.1891E+02  1.1604E+02  1.7141E-01  6.3022E+02  7.8071E+00 -6.2858E+02
  3.5668E+01  1.1896E+02  1.1619E+02  1.7141E-01  6.3005E+02  7.8046E+00 -6.2840E+02
  3.5685E+01  1.1902E+02  1.1628E+02  1.7141E-01  6.3009E+02  7.8029E+00 -6.2844E+02
  3.5703E+01  1.1908E+02  1.1643E+02  1.7141E-01  6.3006E+02  7.8004E+00 -6.2841E+02
  3.5720E+01  1.1914E+02  1.1653E+02  1.7140E-01  6.2996E+02  7.7988E+00 -6.2832E+02
  3.5737E+01  1.1920E+02  1.1668E+02  1.7140E-01  6.3006E+02  7.7963E+00 -6.2841E+02
  3.5754E+01  1.1925E+02  1.1677E+02  1.7140E-01  6.2986E+02  7.7946E+00 -6.2821E+02
  3.5772E+01  1.1931E+02  1.1692E+02  1.7140E-01  6.3006E+02  7.7922E+00 -6.2841E+02
  3.5789E+01  1.1937E+02  1.1702E+02  1.7140E-01  6.2973E+02  7.7905E+00 -6.2809E+02
  3.5807E+01  1.1943E+02  1.1716E+02  1.7140E-01  6.3007E+02  7.7881E+00 -6.2843E+02
  3.5824E+01  1.1948E+02  1.1727E+02  1.7139E-01  6.2963E+02  7.7863E+00 -6.2798E+02
  3.5841E+01  1.1954E+02  1.1741E+02  1.7139E-01  6.3004E+02  7.7840E+00 -6.2841E+02
  3.5858E+01  1.1960E+02  1.1751E+02  1.7139E-01  6.2954E+02  7.7822E+00 -6.2790E+02
  3.5876E+01  1.1966E+02  1.1765E+02  1.7139E-01  6.3001E+02  7.7800E+00 -6.2837E+02
  3.5893E+01  1.1972E+02  1.1776E+02  1.7139E-01  6.2944E+02  7.7781E+00 -6.2780E+02
  3.5910E+01  1.1977E+02  1.1789E+02  1.7139E-01  6.2997E+02  7.7760E+00 -6.2834E+02
  3.5928E+01  1.1983E+02  1.1801E+02  1.7138E-01  6.2936E+02  7.7739E+00 -6.2772E+02
  3.5945E+01  1.1989E+02  1.1813E+02  1.7138E-01  6.2989E+02  7.7720E+00 -6.2826E+02
  3.5962E+01  1.1995E+02  1.1826E+02  1.7138E-01  6.2932E+02  7.7699E+00 -6.2769E+02
  3.5980E+01  1.2000E+02  1.1837E+02  1.7138E-01  6.2980E+02  7.7680E+00 -6.2816E+02
  3.5997E+01  1.2006E+02  1.1850E+02  1.7138E-01  6.2927E+02  7.7658E+00 -6.2763E+02
  3.6014E+01  1.2012E+02  1.1861E+02  1.7138E-01  6.2969E+02  7.7640E+00 -6.2806E+02
  3.6031E+01  1.2018E+02  1.1875E+02  1.7137E-01  6.2923E+02  7.7617E+00 -6.2760E+02
  3.6049E+01  1.2024E+02  1.1885E+02  1.7137E-01  6.2956E+02  7.7600E+00 -6.2793E+02
  3.6066E+01  1.2029E+02  1.1900E+02  1.7137E-01  6.2921E+02  7.7577E+00 -6.2758E+02
  3.6084E+01  1.2035E+02  1.1909E+02  1.7137E-01  6.2942E+02  7.7561E+00 -6.2779E+02
  3.6101E+01  1.2041E+02  1.1924E+02  1.7137E-01  6.2919E+02  7.7537E+00 -6.2757E+02
  3.6118E+01  1.2047E+02  1.1934E+02  1.7137E-01  6.2928E+02  7.7521E+00 -6.2765E+02
  3.6135E+01  1.2052E+02  1.1949E+02  1.7136E-01  6.2918E+02  7.7497E+00 -6.2755E+02
  3.6153E+01  1.2058E+02  1.1958E+02  1.7136E-01  6.2916E+02  7.7481E+00 -6.2753E+02
  3.6170E+01  1.2064E+02  1.1973E+02  1.7136E-01  6.2917E+02  7.7457E+00 -6.2754E+02
  3.6187E+01  1.2070E+02  1.1983E+02  1.7136E-01  6.2902E+02  7.7441E+00 -6.2739E+02
  3.6205E+01  1.2075E+02  1.1998E+02  1.7136E-01  6.2917E+02  7.7418E+00 -6.2755E+02
  3.6222E+01  1.2081E+02  1.2007E+02  1.7136E-01  6.2888E+02  7.7402E+00 -6.2726E+02
  3.6239E+01  1.2087E+02  1.2022E+02  1.7135E-01  6.2915E+02  7.7378E+00 -6.2753E+02
  3.6256E+01  1.2093E+02  1.2032E+02  1.7135E-01  6.2877E+02  7.7362E+00 -6.2715E+02
  3.6274E+01  1.2099E+02  1.2046E+02  1.7135E-01  6.2913E+02  7.7339E+00 -6.2751E+02
  3.6291E+01  1.2104E+02  1.2057E+02  1.7135E-01  6.2865E+02  7.7323E+00 -6.2703E+02
  3.6308E+01  1.2110E+02  1.2070E+02  1.7135E-01  6.2911E+02  7.7301E+00 -6.2749E+02
  3.6326E+01  1.2116E+02  1.2081E+02  1.7135E-01  6.2854E+02  7.7284E+00 -6.2692E+02
  3.6343E+01  1.2122E+02  1.2094E+02  1.7135E-01  6.2905E+02  7.7263E+00 -6.2743E+02
  3.6360E+01  1.2127E+02  1.2106E+02  1.7134E-01  6.2847E+02  7.7244E+00 -6.2685E+02
  3.6378E+01  1.2133E+02  1.2118E+02  1.7134E-01  6.2897E+02  7.7225E+00 -6.2736E+02
  3.6395E+01  1.2139E+02  1.2131E+02  1.7134E-01  6.2837E+02  7.7205E+00 -6.2676E+02
  3.6412E+01  1.2145E+02  1.2142E+02  1.7134E-01  6.2888E+02  7.7187E+00 -6.2727E+02
  3.6430E+01  1.2150E+02  1.2156E+02  1.7134E-01  6.2831E+02  7.7166E+00 -6.2670E+02
  3.6447E+01  1.2156E+02  1.2167E+02  1.7134E-01  6.2877E+02  7.7149E+00 -6.2715E+02
  3.6464E+01  1.2162E+02  1.2180E+02  1.7133E-01  6.2827E+02  7.7127E+00 -6.2665E+02
  3.6482E+01  1.2168E+02  1.2191E+02  1.7133E-01  6.2863E+02  7.7111E+00 -6.2702E+02
  3.6499E+01  1.2174E+02  1.2205E+02  1.7133E-01  6.2823E+02  7.7088E+00 -6.2661E+02
  3.6516E+01  1.2179E+02  1.2215E+02  1.7133E-01  6.2849E+02  7.7073E+00 -6.2687E+02
  3.6533E+01  1.2185E+02  1.2230E+02  1.7133E-01  6.2819E+02  7.7050E+00 -6.2658E+02
  3.6551E+01  1.2191E+02  1.2239E+02  1.7133E-01  6.2834E+02  7.7035E+00 -6.2673E+02
  3.6568E+01  1.2197E+02  1.2254E+02  1.7133E-01  6.2816E+02  7.7012E+00 -6.2655E+02
  3.6585E+01  1.2202E+02  1.2264E+02  1.7132E-01  6.2819E+02  7.6997E+00 -6.2658E+02
  3.6603E+01  1.2208E+02  1.2279E+02  1.7132E-01  6.2815E+02  7.6974E+00 -6.2655E+02
  3.6620E+01  1.2214E+02  1.2288E+02  1.7132E-01  6.2804E+02  7.6959E+00 -6.2643E+02
  3.6637E+01  1.2220E+02  1.2303E+02  1.7132E-01  6.2813E+02  7.6936E+00 -6.2652E+02
  3.6655E+01  1.2226E+02  1.2313E+02  1.7132E-01  6.2790E+02  7.6921E+00 -6.2630E+02
  3.6672E+01  1.2231E+02  1.2327E+02  1.7132E-01  6.2811E+02  7.6898E+00 -6.2650E+02
  3.6689E+01  1.2237E+02  1.2337E+02  1.7131E-01  6.2776E+02  7.6883E+00 -6.2615E+02
  3.6707E+01  1.2243E+02  1.2352E+02  1.7131E-01  6.2809E+02  7.6861E+00 -6.2649E+02
  3.6724E+01  1.2249E+02  1.2362E+02  1.7131E-01  6.2763E+02  7.6846E+00 -6.2602E+02
  3.6741E+01  1.2254E+02  1.2376E+02  1.7131E-01  6.2804E+02  7.6824E+00 -6.2644E+02
  3.6758E+01  1.2260E+02  1.2387E+02  1.7131E-01  6.2752E+02  7.6808E+00 -6.2592E+02
  3.6776E+01  1.2266E+02  1.2400E+02  1.7131E-01  6.2799E+02  7.6788E+00 -6.2638E+02
  3.6793E+01  1.2272E+02  1.2411E+02  1.7131E-01  6.2740E+02  7.6771E+00 -6.2580E+02
  3.6810E+01  1.2278E+02  1.2424E+02  1.7130E-01  6.2792E+02  7.6751E+00 -6.2632E+02
  3.6828E+01  1.2283E+02  1.2436E+02  1.7130E-01  6.2730E+02  7.6733E+00 -6.2570E+02
  3.6845E+01  1.2289E+02  1.2448E+02  1.7130E-01  6.2782E+02  7.6715E+00 -6.2622E+02
  3.6862E+01  1.2295E+02  1.2461E+02  1.7130E-01  6.2724E+02  7.6696E+00 -6.2564E+02
  3.6880E+01  1.2301E+02  1.2472E+02  1.7130E-01  6.2770E+02  7.6679E+00 -6.2610E+02
  3.6897E+01  1.2306E+02  1.2486E+02  1.7130E-01  6.2716E+02  7.6658E+00 -6.2556E+02
  3.6914E+01  1.2312E+02  1.2496E+02  1.7130E-01  6.2756E+02  7.6643E+00 -6.2597E+02
  3.6932E+01  1.2318E+02  1.2510E+02  1.7129E-01  6.2710E+02  7.6622E+00 -6.2550E+02
  3.6949E+01  1.2324E+02  1.2521E+02  1.7129E-01  6.2741E+02  7.6607E+00 -6.2582E+02
  3.6966E+01  1.2329E+02  1.2535E+02  1.7129E-01  6.2706E+02  7.6585E+00 -6.2546E+02
  3.6984E+01  1.2335E+02  1.2545E+02  1.7129E-01  6.2725E+02  7.6570E+00 -6.2565E+02
  3.7001E+01  1.2341E+02  1.2560E+02  1.7129E-01  6.2702E+02  7.6548E+00 -6.2543E+02
  3.7018E+01  1.2347E+02  1.2569E+02  1.7129E-01  6.2710E+02  7.6534E+00 -6.2550E+02
  3.7035E+01  1.2353E+02  1.2584E+02  1.7129E-01  6.2698E+02  7.6512E+00 -6.2539E+02
  3.7053E+01  1.2358E+02  1.2594E+02  1.7128E-01  6.2694E+02  7.6498E+00 -6.2534E+02
  3.7070E+01  1.2364E+02  1.2609E+02  1.7128E-01  6.2695E+02  7.6476E+00 -6.2536E+02
  3.7087E+01  1.2370E+02  1.2618E+02  1.7128E-01  6.2677E+02  7.6462E+00 -6.2518E+02
  3.7105E+01  1.2376E+02  1.2633E+02  1.7128E-01  6.2693E+02  7.6440E+00 -6.2534E+02
  3.7122E+01  1.2381E+02  1.2643E+02  1.7128E-01  6.2662E+02  7.6425E+00 -6.2503E+02
  3.7139E+01  1.2387E+02  1.2657E+02  1.7128E-01  6.2689E+02  7.6404E+00 -6.2530E+02
  3.7156E+01  1.2393E+02  1.2667E+02  1.7128E-01  6.2648E+02  7.6389E+00 -6.2489E+02
  3.7174E+01  1.2399E+02  1.2681E+02  1.7128E-01  6.2684E+02  7.6369E+00 -6.2525E+02
  3.7191E+01  1.2405E+02  1.2692E+02  1.7127E-01  6.2634E+02  7.6353E+00 -6.2475E+02
  3.7209E+01  1.2410E+02  1.2706E+02  1.7127E-01  6.2679E+02  7.6334E+00 -6.2521E+02
  3.7226E+01  1.2416E+02  1.2717E+02  1.7127E-01  6.2621E+02  7.6318E+00 -6.2462E+02
  3.7243E+01  1.2422E+02  1.2730E+02  1.7127E-01  6.2671E+02  7.6299E+00 -6.2512E+02
  3.7260E+01  1.2428E+02  1.2741E+02  1.7127E-01  6.2611E+02  7.6282E+00 -6.2452E+02
  3.7278E+01  1.2433E+02  1.2754E+02  1.7127E-01  6.2660E+02  7.6264E+00 -6.2502E+02
  3.7295E+01  1.2439E+02  1.2766E+02  1.7127E-01  6.2600E+02  7.6246E+00 -6.2441E+02
  3.7312E+01  1.2445E+02  1.2778E+02  1.7126E-01  6.2649E+02  7.6230E+00 -6.2491E+02
  3.7330E+01  1.2451E+02  1.2791E+02  1.7126E-01  6.2591E+02  7.6210E+00 -6.2433E+02
  3.7347E+01  1.2457E+02  1.2802E+02  1.7126E-01  6.2635E+02  7.6195E+00 -6.2476E+02
  3.7364E+01  1.2462E+02  1.2816E+02  1.7126E-01  6.2585E+02  7.6175E+00 -6.2426E+02
  3.7382E+01  1.2468E+02  1.2826E+02  1.7126E-01  6.2619E+02  7.6161E+00 -6.2460E+02
  3.7399E+01  1.2474E+02  1.2840E+02  1.7126E-01  6.2578E+02  7.6140E+00 -6.2420E+02
  3.7416E+01  1.2480E+02  1.2850E+02  1.7126E-01  6.2603E+02  7.6126E+00 -6.2445E+02
  3.7434E+01  1.2485E+02  1.2865E+02  1.7126E-01  6.2572E+02  7.6105E+00 -6.2414E+02
  3.7451E+01  1.2491E+02  1.2875E+02  1.7125E-01  6.2586E+02  7.6092E+00 -6.2428E+02
  3.7468E+01  1.2497E+02  1.2889E+02  1.7125E-01  6.2567E+02  7.6070E+00 -6.2409E+02
  3.7485E+01  1.2503E+02  1.2899E+02  1.7125E-01  6.2568E+02  7.6057E+00 -6.2410E+02
  3.7503E+01  1.2508E+02  1.2914E+02  1.7125E-01  6.2564E+02  7.6035E+00 -6.2406E+02
  3.7520E+01  1.2514E+02  1.2923E+02  1.7125E-01  6.2550E+02  7.6022E+00 -6.2393E+02
  3.7537E+01  1.2520E+02  1.2938E+02  1.7125E-01  6.2559E+02  7.6001E+00 -6.2401E+02
  3.7555E+01  1.2526E+02  1.2948E+02  1.7125E-01  6.2534E+02  7.5988E+00 -6.2376E+02
  3.7572E+01  1.2532E+02  1.2963E+02  1.7125E-01  6.2554E+02  7.5967E+00 -6.2397E+02
  3.7589E+01  1.2537E+02  1.2973E+02  1.7124E-01  6.2517E+02  7.5953E+00 -6.2360E+02
  3.7607E+01  1.2543E+02  1.2987E+02  1.7124E-01  6.2551E+02  7.5933E+00 -6.2393E+02
  3.7624E+01  1.2549E+02  1.2997E+02  1.7124E-01  6.2502E+02  7.5919E+00 -6.2345E+02
  3.7641E+01  1.2555E+02  1.3011E+02  1.7124E-01  6.2543E+02  7.5899E+00 -6.2386E+02
  3.7658E+01  1.2560E+02  1.3022E+02  1.7124E-01  6.2489E+02  7.5884E+00 -6.2332E+02
  3.7676E+01  1.2566E+02  1.3035E+02  1.7124E-01  6.2535E+02  7.5866E+00 -6.2378E+02
  3.7693E+01  1.2572E+02  1.3047E+02  1.7124E-01  6.2475E+02  7.5851E+00 -6.2317E+02
  3.7711E+01  1.2578E+02  1.3059E+02  1.7124E-01  6.2526E+02  7.5833E+00 -6.2369E+02
  3.7728E+01  1.2584E+02  1.3072E+02  1.7123E-01  6.2462E+02  7.5816E+00 -6.2305E+02
  3.7745E+01  1.2589E+02  1.3083E+02  1.7123E-01  6.2513E+02  7.5800E+00 -6.2356E+02
  3.7762E+01  1.2595E+02  1.3096E+02  1.7123E-01  6.2454E+02  7.5782E+00 -6.2297E+02
  3.7780E+01  1.2601E+02  1.3107E+02  1.7123E-01  6.2498E+02  7.5767E+00 -6.2341E+02
  3.7797E+01  1.2607E+02  1.3121E+02  1.7123E-01  6.2444E+02  7.5748E+00 -6.2287E+02
  3.7814E+01  1.2612E+02  1.3132E+02  1.7123E-01  6.2482E+02  7.5735E+00 -6.2325E+02
  3.7832E+01  1.2618E+02  1.3146E+02  1.7123E-01  6.2436E+02  7.5715E+00 -6.2279E+02
  3.7849E+01  1.2624E+02  1.3156E+02  1.7123E-01  6.2465E+02  7.5702E+00 -6.2309E+02
  3.7866E+01  1.2630E+02  1.3170E+02  1.7122E-01  6.2429E+02  7.5681E+00 -6.2272E+02
  3.7883E+01  1.2635E+02  1.3180E+02  1.7122E-01  6.2447E+02  7.5669E+00 -6.2290E+02
  3.7901E+01  1.2641E+02  1.3195E+02  1.7122E-01  6.2423E+02  7.5648E+00 -6.2267E+02
  3.7918E+01  1.2647E+02  1.3204E+02  1.7122E-01  6.2428E+02  7.5636E+00 -6.2271E+02
  3.7935E+01  1.2653E+02  1.3219E+02  1.7122E-01  6.2417E+02  7.5615E+00 -6.2260E+02
  3.7953E+01  1.2659E+02  1.3229E+02  1.7122E-01  6.2409E+02  7.5602E+00 -6.2253E+02
  3.7970E+01  1.2664E+02  1.3244E+02  1.7122E-01  6.2411E+02  7.5582E+00 -6.2255E+02
  3.7987E+01  1.2670E+02  1.3253E+02  1.7122E-01  6.2391E+02  7.5569E+00 -6.2234E+02
  3.8005E+01  1.2676E+02  1.3268E+02  1.7122E-01  6.2407E+02  7.5549E+00 -6.2251E+02
  3.8022E+01  1.2682E+02  1.3278E+02  1.7121E-01  6.2373E+02  7.5536E+00 -6.2217E+02
  3.8039E+01  1.2687E+02  1.3292E+02  1.7121E-01  6.2400E+02  7.5517E+00 -6.2244E+02
  3.8057E+01  1.2693E+02  1.3303E+02  1.7121E-01  6.2357E+02  7.5504E+00 -6.2201E+02
  3.8074E+01  1.2699E+02  1.3317E+02  1.7121E-01  6.2392E+02  7.5485E+00 -6.2236E+02
  3.8091E+01  1.2705E+02  1.3327E+02  1.7121E-01  6.2340E+02  7.5471E+00 -6.2184E+02
  3.8109E+01  1.2711E+02  1.3341E+02  1.7121E-01  6.2385E+02  7.5453E+00 -6.2229E+02
  3.8126E+01  1.2716E+02  1.3352E+02  1.7121E-01  6.2325E+02  7.5438E+00 -6.2169E+02
  3.8143E+01  1.2722E+02  1.3364E+02  1.7121E-01  6.2383E+02  7.5421E+00 -6.2228E+02
  3.8160E+01  1.2728E+02  1.3365E+02  1.7120E-01  6.2395E+02  7.5411E+00 -6.2239E+02
  3.8178E+01  1.2734E+02  1.3365E+02  1.7120E-01  6.2388E+02  7.5400E+00 -6.2233E+02
  3.8195E+01  1.2739E+02  1.3365E+02  1.7120E-01  6.2386E+02  7.5390E+00 -6.2230E+02
  3.8212E+01  1.2745E+02  1.3365E+02  1.7120E-01  6.2383E+02  7.5380E+00 -6.2228E+02
  3.8230E+01  1.2751E+02  1.3365E+02  1.7120E-01  6.2381E+02  7.5370E+00 -6.2225E+02
  3.8247E+01  1.2757E+02  1.3365E+02  1.7120E-01  6.2378E+02  7.5359E+00 -6.2223E+02
  3.8264E+01  1.2763E+02  1.3365E+02  1.7120E-01  6.2376E+02  7.5349E+00 -6.2220E+02
  3.8282E+01  1.2768E+02  1.3365E+02  1.7120E-01  6.2373E+02  7.5339E+00 -6.2218E+02
  3.8299E+01  1.2774E+02  1.3365E+02  1.7120E-01  6.2370E+02  7.5328E+00 -6.2215E+02
  3.8316E+01  1.2780E+02  1.3365E+02  1.7119E-01  6.2368E+02  7.5318E+00 -6.2213E+02
  3.8334E+01  1.2786E+02  1.3365E+02  1.7119E-01  6.2365E+02  7.5308E+00 -6.2210E+02
  3.8351E+01  1.2791E+02  1.3365E+02  1.7119E-01  6.2363E+02  7.5298E+00 -6.2207E+02
  3.8368E+01  1.2797E+02  1.3365E+02  1.7119E-01  6.2360E+02  7.5287E+00 -6.2205E+02
  3.8385E+01  1.2803E+02  1.3365E+02  1.7119E-01  6.2358E+02  7.5277E+00 -6.2202E+02
  3.8403E+01  1.2809E+02  1.3365E+02  1.7119E-01  6.2355E+02  7.5267E+00 -6.2200E+02
  3.8420E+01  1.2814E+02  1.3365E+02  1.7119E-01  6.2352E+02  7.5257E+00 -6.2197E+02
  3.8437E+01  1.2820E+02  1.3365E+02  1.7119E-01  6.2350E+02  7.5246E+00 -6.2195E+02
  3.8455E+01  1.2826E+02  1.3365E+02  1.7119E-01  6.2347E+02  7.5236E+00 -6.2192E+02
  3.8472E+01  1.2832E+02  1.3365E+02  1.7118E-01  6.2345E+02  7.5226E+00 -6.2190E+02
  3.8489E+01  1.2838E+02  1.3365E+02  1.7118E-01  6.2342E+02  7.5216E+00 -6.2187E+02
  3.8507E+01  1.2843E+02  1.3365E+02  1.7118E-01  6.2340E+02  7.5206E+00 -6.2185E+02
  3.8524E+01  1.2849E+02  1.3365E+02  1.7118E-01  6.2337E+02  7.5195E+00 -6.2182E+02
  3.8541E+01  1.2855E+02  1.3365E+02  1.7118E-01  6.2334E+02  7.5185E+00 -6.2179E+02
  3.8559E+01  1.2861E+02  1.3365E+02  1.7118E-01  6.2332E+02  7.5175E+00 -6.2177E+02
  3.8576E+01  1.2866E+02  1.3365E+02  1.7118E-01  6.2329E+02  7.5165E+00 -6.2174E+02
  3.8593E+01  1.2872E+02  1.3365E+02  1.7118E-01  6.2327E+02  7.5155E+00 -6.2172E+02
  3.8611E+01  1.2878E+02  1.3365E+02  1.7118E-01  6.2324E+02  7.5144E+00 -6.2169E+02
  3.8628E+01  1.2884E+02  1.3365E+02  1.7117E-01  6.2322E+02  7.5134E+00 -6.2167E+02
  3.8645E+01  1.2890E+02  1.3365E+02  1.7117E-01  6.2319E+02  7.5124E+00 -6.2164E+02
  3.8662E+01  1.2895E+02  1.3365E+02  1.7117E-01  6.2316E+02  7.5114E+00 -6.2162E+02
  3.8680E+01  1.2901E+02  1.3365E+02  1.7117E-01  6.2314E+02  7.5104E+00 -6.2159E+02
  3.8697E+01  1.2907E+02  1.3365E+02  1.7117E-01  6.2311E+02  7.5093E+00 -6.2157E+02
  3.8714E+01  1.2913E+02  1.3365E+02  1.7117E-01  6.2309E+02  7.5083E+00 -6.2154E+02
  3.8732E+01  1.2918E+02  1.3365E+02  1.7117E-01  6.2306E+02  7.5073E+00 -6.2152E+02
  3.8749E+01  1.2924E+02  1.3365E+02  1.7117E-01  6.2304E+02  7.5062E+00 -6.2149E+02
  3.8766E+01  1.2930E+02  1.3365E+02  1.7116E-01  6.2301E+02  7.5052E+00 -6.2147E+02
  3.8783E+01  1.2936E+02  1.3365E+02  1.7116E-01  6.2299E+02  7.5041E+00 -6.2144E+02
  3.8801E+01  1.2941E+02  1.3365E+02  1.7116E-01  6.2296E+02  7.5030E+00 -6.2141E+02
  3.8818E+01  1.2947E+02  1.3365E+02  1.7116E-01  6.2293E+02  7.5019E+00 -6.2139E+02
  3.8836E+01  1.2953E+02  1.3365E+02  1.7116E-01  6.2291E+02  7.5008E+00 -6.2136E+02
  3.8853E+01  1.2959E+02  1.3365E+02  1.7116E-01  6.2288E+02  7.4997E+00 -6.2134E+02
  3.8870E+01  1.2965E+02  1.3365E+02  1.7116E-01  6.2286E+02  7.4986E+00 -6.2131E+02
  3.8887E+01  1.2970E+02  1.3365E+02  1.7116E-01  6.2283E+02  7.4975E+00 -6.2129E+02
  3.8905E+01  1.2976E+02  1.3365E+02  1.7116E-01  6.2280E+02  7.4963E+00 -6.2126E+02
  3.8922E+01  1.2982E+02  1.3365E+02  1.7115E-01  6.2278E+02  7.4952E+00 -6.2124E+02
  3.8939E+01  1.2988E+02  1.3365E+02  1.7115E-01  6.2275E+02  7.4941E+00 -6.2121E+02
  3.8957E+01  1.2993E+02  1.3365E+02  1.7115E-01  6.2272E+02  7.4930E+00 -6.2118E+02
  3.8974E+01  1.2999E+02  1.3365E+02  1.7115E-01  6.2270E+02  7.4918E+00 -6.2116E+02
  3.8991E+01  1.3005E+02  1.3365E+02  1.7115E-01  6.2267E+02  7.4907E+00 -6.2113E+02
  3.9009E+01  1.3011E+02  1.3365E+02  1.7115E-01  6.2265E+02  7.4896E+00 -6.2111E+02
  3.9026E+01  1.3017E+02  1.3365E+02  1.7115E-01  6.2262E+02  7.4885E+00 -6.2108E+02
  3.9043E+01  1.3022E+02  1.3365E+02  1.7115E-01  6.2259E+02  7.4873E+00 -6.2106E+02
  3.9060E+01  1.3028E+02  1.3365E+02  1.7115E-01  6.2257E+02  7.4862E+00 -6.2103E+02
  3.9078E+01  1.3034E+02  1.3365E+02  1.7114E-01  6.2254E+02  7.4851E+00 -6.2100E+02
  3.9095E+01  1.3040E+02  1.3365E+02  1.7114E-01  6.2252E+02  7.4839E+00 -6.2098E+02
  3.9112E+01  1.3045E+02  1.3365E+02  1.7114E-01  6.2249E+02  7.4828E+00 -6.2095E+02
  3.9130E+01  1.3051E+02  1.3365E+02  1.7114E-01  6.2246E+02  7.4817E+00 -6.2093E+02
  3.9147E+01  1.3057E+02  1.3365E+02  1.7114E-01  6.2244E+02  7.4806E+00 -6.2090E+02
  3.9164E+01  1.3063E+02  1.3365E+02  1.7114E-01  6.2241E+02  7.4794E+00 -6.2087E+02
  3.9182E+01  1.3068E+02  1.3365E+02  1.7114E-01  6.2238E+02  7.4783E+00 -6.2085E+02
  3.9199E+01  1.3074E+02  1.3365E+02  1.7114E-01  6.2236E+02  7.4772E+00 -6.2082E+02
  3.9216E+01  1.3080E+02  1.3365E+02  1.7114E-01  6.2233E+02  7.4760E+00 -6.2080E+02
  3.9234E+01  1.3086E+02  1.3365E+02  1.7113E-01  6.2231E+02  7.4749E+00 -6.2077E+02
  3.9251E+01  1.3092E+02  1.3365E+02  1.7113E-01  6.2228E+02  7.4738E+00 -6.2075E+02
  3.9268E+01  1.3097E+02  1.3365E+02  1.7113E-01  6.2225E+02  7.4727E+00 -6.2072E+02
  3.9285E+01  1.3103E+02  1.3365E+02  1.7113E-01  6.2223E+02  7.4716E+00 -6.2069E+02
  3.9303E+01  1.3109E+02  1.3365E+02  1.7113E-01  6.2220E+02  7.4704E+00 -6.2067E+02
  3.9320E+01  1.3115E+02  1.3365E+02  1.7113E-01  6.2218E+02  7.4693E+00 -6.2064E+02
  3.9338E+01  1.3120E+02  1.3365E+02  1.7113E-01  6.2215E+02  7.4682E+00 -6.2062E+02
  3.9355E+01  1.3126E+02  1.3365E+02  1.7113E-01  6.2212E+02  7.4671E+00 -6.2059E+02
  3.9372E+01  1.3132E+02  1.3365E+02  1.7112E-01  6.2210E+02  7.4660E+00 -6.2057E+02
  3.9389E+01  1.3138E+02  1.3365E+02  1.7112E-01  6.2207E+02  7.4649E+00 -6.2054E+02
  3.9407E+01  1.3144E+02  1.3365E+02  1.7112E-01  6.2204E+02  7.4637E+00 -6.2051E+02
  3.9424E+01  1.3149E+02  1.3365E+02  1.7112E-01  6.2202E+02  7.4626E+00 -6.2049E+02
  3.9441E+01  1.3155E+02  1.3365E+02  1.7112E-01  6.2199E+02  7.4615E+00 -6.2046E+02
  3.9459E+01  1.3161E+02  1.3365E+02  1.7112E-01  6.2197E+02  7.4604E+00 -6.2044E+02
  3.9476E+01  1.3167E+02  1.3365E+02  1.7112E-01  6.2194E+02  7.4593E+00 -6.2041E+02
  3.9493E+01  1.3172E+02  1.3365E+02  1.7112E-01  6.2191E+02  7.4582E+00 -6.2039E+02
  3.9511E+01  1.3178E+02  1.3365E+02  1.7112E-01  6.2189E+02  7.4570E+00 -6.2036E+02
  3.9528E+01  1.3184E+02  1.3365E+02  1.7111E-01  6.2186E+02  7.4559E+00 -6.2033E+02
  3.9545E+01  1.3190E+02  1.3365E+02  1.7111E-01  6.2184E+02  7.4548E+00 -6.2031E+02
  3.9562E+01  1.3196E+02  1.3365E+02  1.7111E-01  6.2181E+02  7.4537E+00 -6.2028E+02
  3.9580E+01  1.3201E+02  1.3365E+02  1.7111E-01  6.2178E+02  7.4526E+00 -6.2026E+02
  3.9597E+01  1.3207E+02  1.3365E+02  1.7111E-01  6.2176E+02  7.4514E+00 -6.2023E+02
  3.9614E+01  1.3213E+02  1.3365E+02  1.7111E-01  6.2173E+02  7.4503E+00 -6.2021E+02
  3.9632E+01  1.3219E+02  1.3365E+02  1.7111E-01  6.2171E+02  7.4492E+00 -6.2018E+02
  3.9649E+01  1.3224E+02  1.3365E+02  1.7111E-01  6.2168E+02  7.4481E+00 -6.2015E+02
  3.9666E+01  1.3230E+02  1.3365E+02  1.7111E-01  6.2165E+02  7.4469E+00 -6.2013E+02
  3.9684E+01  1.3236E+02  1.3365E+02  1.7110E-01  6.2163E+02  7.4458E+00 -6.2010E+02
  3.9701E+01  1.3242E+02  1.3365E+02  1.7110E-01  6.2160E+02  7.4447E+00 -6.2008E+02
  3.9718E+01  1.3247E+02  1.3365E+02  1.7110E-01  6.2157E+02  7.4435E+00 -6.2005E+02
  3.9736E+01  1.3253E+02  1.3365E+02  1.7110E-01  6.2155E+02  7.4424E+00 -6.2002E+02
  3.9753E+01  1.3259E+02  1.3365E+02  1.7110E-01  6.2152E+02  7.4413E+00 -6.2000E+02
  3.9770E+01  1.3265E+02  1.3365E+02  1.7110E-01  6.2150E+02  7.4401E+00 -6.1997E+02
  3.9787E+01  1.3271E+02  1.3365E+02  1.7110E-01  6.2147E+02  7.4390E+00 -6.1995E+02
  3.9805E+01  1.3276E+02  1.3365E+02  1.7110E-01  6.2144E+02  7.4379E+00 -6.1992E+02
  3.9822E+01  1.3282E+02  1.3365E+02  1.7109E-01  6.2142E+02  7.4368E+00 -6.1990E+02
  3.9839E+01  1.3288E+02  1.3365E+02  1.7109E-01  6.2139E+02  7.4356E+00 -6.1987E+02
  3.9849E+01  1.3291E+02  1.3365E+02  1.7109E-01  6.2138E+02  7.4350E+00 -6.1986E+02
  3.9857E+01  1.3294E+02  1.3365E+02  1.7109E-01  6.2137E+02  7.4345E+00 -6.1984E+02
  3.9874E+01  1.3299E+02  1.3365E+02  1.7109E-01  6.2134E+02  7.4334E+00 -6.1982E+02
  3.9891E+01  1.3305E+02  1.3365E+02  1.7109E-01  6.2131E+02  7.4322E+00 -6.1979E+02
  3.9909E+01  1.3311E+02  1.3365E+02  1.7109E-01  6.2129E+02  7.4311E+00 -6.1977E+02
  3.9926E+01  1.3317E+02  1.3365E+02  1.7109E-01  6.2126E+02  7.4300E+00 -6.1974E+02
  3.9943E+01  1.3323E+02  1.3365E+02  1.7109E-01  6.2123E+02  7.4288E+00 -6.1972E+02
  3.9961E+01  1.3328E+02  1.3365E+02  1.7109E-01  6.2121E+02  7.4277E+00 -6.1969E+02
  3.9978E+01  1.3334E+02  1.3365E+02  1.7108E-01  6.2118E+02  7.4265E+00 -6.1966E+02
  3.9995E+01  1.3340E+02  1.3365E+02  1.7108E-01  6.2116E+02  7.4254E+00 -6.1964E+02
  4.0012E+01  1.3346E+02  1.3365E+02  1.7108E-01  6.2113E+02  7.4243E+00 -6.1961E+02
  4.0030E+01  1.3351E+02  1.3365E+02  1.7108E-01  6.2110E+02  7.4231E+00 -6.1959E+02
  4.0047E+01  1.3357E+02  1.3365E+02  1.7108E-01  6.2108E+02  7.4220E+00 -6.1956E+02
  4.0064E+01  1.3363E+02  1.3365E+02  1.7108E-01  6.2105E+02  7.4208E+00 -6.1953E+02
  4.0082E+01  1.3369E+02  1.3365E+02  1.7108E-01  6.2103E+02  7.4197E+00 -6.1951E+02
  4.0099E+01  1.3375E+02  1.3365E+02  1.7108E-01  6.2100E+02  7.4186E+00 -6.1948E+02
  4.0116E+01  1.3380E+02  1.3365E+02  1.7108E-01  6.2097E+02  7.4174E+00 -6.1946E+02
  4.0134E+01  1.3386E+02  1.3365E+02  1.7107E-01  6.2095E+02  7.4163E+00 -6.1943E+02
  4.0151E+01  1.3392E+02  1.3365E+02  1.7107E-01  6.2092E+02  7.4151E+00 -6.1941E+02
  4.0168E+01  1.3398E+02  1.3365E+02  1.7107E-01  6.2089E+02  7.4140E+00 -6.1938E+02
  4.0186E+01  1.3403E+02  1.3365E+02  1.7107E-01  6.2087E+02  7.4128E+00 -6.1935E+02
  4.0203E+01  1.3409E+02  1.3365E+02  1.7107E-01  6.2084E+02  7.4117E+00 -6.1933E+02
  4.0220E+01  1.3415E+02  1.3365E+02  1.7107E-01  6.2082E+02  7.4105E+00 -6.1930E+02
  4.0238E+01  1.3421E+02  1.3365E+02  1.7107E-01  6.2079E+02  7.4094E+00 -6.1928E+02
  4.0255E+01  1.3426E+02  1.3365E+02  1.7107E-01  6.2076E+02  7.4083E+00 -6.1925E+02
  4.0272E+01  1.3432E+02  1.3365E+02  1.7106E-01  6.2074E+02  7.4071E+00 -6.1922E+02
  4.0289E+01  1.3438E+02  1.3365E+02  1.7106E-01  6.2071E+02  7.4060E+00 -6.1920E+02
  4.0307E+01  1.3444E+02  1.3365E+02  1.7106E-01  6.2068E+02  7.4048E+00 -6.1917E+02
  4.0324E+01  1.3450E+02  1.3365E+02  1.7106E-01  6.2066E+02  7.4037E+00 -6.1915E+02
  4.0341E+01  1.3455E+02  1.3365E+02  1.7106E-01  6.2063E+02  7.4025E+00 -6.1912E+02
  4.0359E+01  1.3461E+02  1.3365E+02  1.7106E-01  6.2061E+02  7.4014E+00 -6.1910E+02
  4.0376E+01  1.3467E+02  1.3365E+02  1.7106E-01  6.2058E+02  7.4002E+00 -6.1907E+02
  4.0393E+01  1.3473E+02  1.3365E+02  1.7106E-01  6.2055E+02  7.3990E+00 -6.1904E+02
  4.0410E+01  1.3478E+02  1.3365E+02  1.7106E-01  6.2053E+02  7.3979E+00 -6.1902E+02
  4.0428E+01  1.3484E+02  1.3365E+02  1.7105E-01  6.2050E+02  7.3967E+00 -6.1899E+02
  4.0445E+01  1.3490E+02  1.3365E+02  1.7105E-01  6.2047E+02  7.3956E+00 -6.1897E+02
  4.0463E+01  1.3496E+02  1.3365E+02  1.7105E-01  6.2045E+02  7.3944E+00 -6.1894E+02
  4.0480E+01  1.3501E+02  1.3365E+02  1.7105E-01  6.2042E+02  7.3933E+00 -6.1891E+02
  4.0497E+01  1.3507E+02  1.3365E+02  1.7105E-01  6.2039E+02  7.3921E+00 -6.1889E+02
  4.0514E+01  1.3513E+02  1.3365E+02  1.7105E-01  6.2037E+02  7.3910E+00 -6.1886E+02
  4.0532E+01  1.3519E+02  1.3365E+02  1.7105E-01  6.2034E+02  7.3898E+00 -6.1884E+02
  4.0549E+01  1.3525E+02  1.3365E+02  1.7105E-01  6.2032E+02  7.3886E+00 -6.1881E+02
  4.0566E+01  1.3530E+02  1.3365E+02  1.7105E-01  6.2029E+02  7.3875E+00 -6.1878E+02
  4.0584E+01  1.3536E+02  1.3365E+02  1.7104E-01  6.2026E+02  7.3863E+00 -6.1876E+02
  4.0601E+01  1.3542E+02  1.3365E+02  1.7104E-01  6.2024E+02  7.3852E+00 -6.1873E+02
  4.0618E+01  1.3548E+02  1.3365E+02  1.7104E-01  6.2021E+02  7.3840E+00 -6.1871E+02
  4.0636E+01  1.3554E+02  1.3365E+02  1.7104E-01  6.2018E+02  7.3828E+00 -6.1868E+02
  4.0653E+01  1.3559E+02  1.3365E+02  1.7104E-01  6.2016E+02  7.3817E+00 -6.1865E+02
  4.0670E+01  1.3565E+02  1.3365E+02  1.7104E-01  6.2013E+02  7.3805E+00 -6.1863E+02
  4.0687E+01  1.3571E+02  1.3365E+02  1.7104E-01  6.2011E+02  7.3794E+00 -6.1860E+02
  4.0705E+01  1.3577E+02  1.3365E+02  1.7104E-01  6.2008E+02  7.3782E+00 -6.1858E+02
  4.0722E+01  1.3582E+02  1.3365E+02  1.7104E-01  6.2005E+02  7.3770E+00 -6.1855E+02
  4.0740E+01  1.3588E+02  1.3365E+02  1.7103E-01  6.2003E+02  7.3759E+00 -6.1852E+02
  4.0757E+01  1.3594E+02  1.3365E+02  1.7103E-01  6.2000E+02  7.3747E+00 -6.1850E+02
  4.0774E+01  1.3600E+02  1.3365E+02  1.7103E-01  6.1997E+02  7.3735E+00 -6.1847E+02
  4.0791E+01  1.3605E+02  1.3365E+02  1.7103E-01  6.1995E+02  7.3724E+00 -6.1845E+02
  4.0809E+01  1.3611E+02  1.3365E+02  1.7103E-01  6.1992E+02  7.3712E+00 -6.1842E+02
  4.0826E+01  1.3617E+02  1.3365E+02  1.7103E-01  6.1989E+02  7.3700E+00 -6.1839E+02
  4.0843E+01  1.3623E+02  1.3365E+02  1.7103E-01  6.1987E+02  7.3689E+00 -6.1837E+02
  4.0861E+01  1.3629E+02  1.3365E+02  1.7103E-01  6.1984E+02  7.3677E+00 -6.1834E+02
  4.0878E+01  1.3634E+02  1.3365E+02  1.7102E-01  6.1982E+02  7.3665E+00 -6.1832E+02
  4.0895E+01  1.3640E+02  1.3365E+02  1.7102E-01  6.1979E+02  7.3654E+00 -6.1829E+02
  4.0912E+01  1.3646E+02  1.3365E+02  1.7102E-01  6.1976E+02  7.3642E+00 -6.1827E+02
  4.0930E+01  1.3652E+02  1.3365E+02  1.7102E-01  6.1974E+02  7.3630E+00 -6.1824E+02
  4.0947E+01  1.3657E+02  1.3365E+02  1.7102E-01  6.1971E+02  7.3619E+00 -6.1821E+02
  4.0964E+01  1.3663E+02  1.3365E+02  1.7102E-01  6.1968E+02  7.3607E+00 -6.1819E+02
  4.0982E+01  1.3669E+02  1.3365E+02  1.7102E-01  6.1966E+02  7.3595E+00 -6.1816E+02
  4.0999E+01  1.3675E+02  1.3365E+02  1.7102E-01  6.1963E+02  7.3583E+00 -6.1813E+02
  4.1016E+01  1.3680E+02  1.3365E+02  1.7102E-01  6.1960E+02  7.3572E+00 -6.1811E+02
  4.1034E+01  1.3686E+02  1.3365E+02  1.7101E-01  6.1958E+02  7.3560E+00 -6.1808E+02
  4.1051E+01  1.3692E+02  1.3365E+02  1.7101E-01  6.1955E+02  7.3548E+00 -6.1806E+02
  4.1068E+01  1.3698E+02  1.3365E+02  1.7101E-01  6.1952E+02  7.3536E+00 -6.1803E+02
  4.1086E+01  1.3704E+02  1.3365E+02  1.7101E-01  6.1950E+02  7.3525E+00 -6.1800E+02
  4.1103E+01  1.3709E+02  1.3365E+02  1.7101E-01  6.1947E+02  7.3513E+00 -6.1798E+02
  4.1120E+01  1.3715E+02  1.3365E+02  1.7101E-01  6.1945E+02  7.3501E+00 -6.1795E+02
  4.1138E+01  1.3721E+02  1.3365E+02  1.7101E-01  6.1942E+02  7.3489E+00 -6.1793E+02
  4.1155E+01  1.3727E+02  1.3365E+02  1.7101E-01  6.1939E+02  7.3477E+00 -6.1790E+02
  4.1172E+01  1.3732E+02  1.3365E+02  1.7101E-01  6.1937E+02  7.3466E+00 -6.1787E+02
  4.1189E+01  1.3738E+02  1.3365E+02  1.7100E-01  6.1934E+02  7.3454E+00 -6.1785E+02
  4.1207E+01  1.3744E+02  1.3365E+02  1.7100E-01  6.1931E+02  7.3442E+00 -6.1782E+02
  4.1224E+01  1.3750E+02  1.3365E+02  1.7100E-01  6.1929E+02  7.3430E+00 -6.1780E+02
  4.1241E+01  1.3756E+02  1.3365E+02  1.7100E-01  6.1926E+02  7.3418E+00 -6.1777E+02
  4.1259E+01  1.3761E+02  1.3365E+02  1.7100E-01  6.1923E+02  7.3407E+00 -6.1774E+02
  4.1276E+01  1.3767E+02  1.3365E+02  1.7100E-01  6.1921E+02  7.3395E+00 -6.1772E+02
  4.1293E+01  1.3773E+02  1.3365E+02  1.7100E-01  6.1918E+02  7.3383E+00 -6.1769E+02
  4.1311E+01  1.3779E+02  1.3365E+02  1.7100E-01  6.1916E+02  7.3371E+00 -6.1767E+02
  4.1328E+01  1.3784E+02  1.3365E+02  1.7099E-01  6.1913E+02  7.3359E+00 -6.1764E+02
  4.1345E+01  1.3790E+02  1.3365E+02  1.7099E-01  6.1910E+02  7.3348E+00 -6.1761E+02
  4.1363E+01  1.3796E+02  1.3365E+02  1.7099E-01  6.1908E+02  7.3336E+00 -6.1759E+02
  4.1380E+01  1.3802E+02  1.3365E+02  1.7099E-01  6.1905E+02  7.3324E+00 -6.1756E+02
  4.1397E+01  1.3808E+02  1.3365E+02  1.7099E-01  6.1902E+02  7.3312E+00 -6.1754E+02
  4.1414E+01  1.3813E+02  1.3365E+02  1.7099E-01  6.1900E+02  7.3301E+00 -6.1751E+02
  4.1432E+01  1.3819E+02  1.3365E+02  1.7099E-01  6.1897E+02  7.3289E+00 -6.1749E+02
  4.1449E+01  1.3825E+02  1.3365E+02  1.7099E-01  6.1895E+02  7.3277E+00 -6.1746E+02
  4.1466E+01  1.3831E+02  1.3365E+02  1.7099E-01  6.1892E+02  7.3266E+00 -6.1743E+02
  4.1484E+01  1.3836E+02  1.3365E+02  1.7098E-01  6.1889E+02  7.3254E+00 -6.1741E+02
  4.1501E+01  1.3842E+02  1.3365E+02  1.7098E-01  6.1887E+02  7.3243E+00 -6.1738E+02
  4.1518E+01  1.3848E+02  1.3365E+02  1.7098E-01  6.1884E+02  7.3231E+00 -6.1736E+02
  4.1536E+01  1.3854E+02  1.3365E+02  1.7098E-01  6.1882E+02  7.3220E+00 -6.1733E+02
  4.1553E+01  1.3859E+02  1.3365E+02  1.7098E-01  6.1879E+02  7.3208E+00 -6.1731E+02
  4.1570E+01  1.3865E+02  1.3365E+02  1.7098E-01  6.1876E+02  7.3197E+00 -6.1728E+02
  4.1588E+01  1.3871E+02  1.3365E+02  1.7098E-01  6.1874E+02  7.3185E+00 -6.1726E+02
  4.1605E+01  1.3877E+02  1.3365E+02  1.7098E-01  6.1871E+02  7.3174E+00 -6.1723E+02
  4.1622E+01  1.3883E+02  1.3365E+02  1.7098E-01  6.1869E+02  7.3162E+00 -6.1721E+02
  4.1639E+01  1.3888E+02  1.3365E+02  1.7097E-01  6.1866E+02  7.3151E+00 -6.1718E+02
  4.1657E+01  1.3894E+02  1.3365E+02  1.7097E-01  6.1864E+02  7.3139E+00 -6.1716E+02
  4.1674E+01  1.3900E+02  1.3365E+02  1.7097E-01  6.1861E+02  7.3128E+00 -6.1713E+02
  4.1691E+01  1.3906E+02  1.3365E+02  1.7097E-01  6.1858E+02  7.3116E+00 -6.1710E+02
  4.1709E+01  1.3911E+02  1.3365E+02  1.7097E-01  6.1856E+02  7.3105E+00 -6.1708E+02
  4.1726E+01  1.3917E+02  1.3365E+02  1.7097E-01  6.1853E+02  7.3093E+00 -6.1705E+02
  4.1743E+01  1.3923E+02  1.3365E+02  1.7097E-01  6.1851E+02  7.3082E+00 -6.1703E+02
  4.1761E+01  1.3929E+02  1.3365E+02  1.7097E-01  6.1848E+02  7.3070E+00 -6.1700E+02
  4.1778E+01  1.3935E+02  1.3365E+02  1.7096E-01  6.1846E+02  7.3059E+00 -6.1698E+02
  4.1795E+01  1.3940E+02  1.3365E+02  1.7096E-01  6.1843E+02  7.3047E+00 -6.1695E+02
  4.1813E+01  1.3946E+02  1.3365E+02  1.7096E-01  6.1841E+02  7.3036E+00 -6.1693E+02
  4.1830E+01  1.3952E+02  1.3365E+02  1.7096E-01  6.1838E+02  7.3024E+00 -6.1690E+02
  4.1847E+01  1.3958E+02  1.3365E+02  1.7096E-01  6.1835E+02  7.3013E+00 -6.1688E+02
  4.1865E+01  1.3963E+02  1.3365E+02  1.7096E-01  6.1833E+02  7.3001E+00 -6.1685E+02
  4.1882E+01  1.3969E+02  1.3365E+02  1.7096E-01  6.1830E+02  7.2990E+00 -6.1683E+02
  4.1899E+01  1.3975E+02  1.3365E+02  1.7096E-01  6.1828E+02  7.2978E+00 -6.1680E+02
  4.1916E+01  1.3981E+02  1.3365E+02  1.7096E-01  6.1825E+02  7.2967E+00 -6.1678E+02
  4.1934E+01  1.3987E+02  1.3365E+02  1.7095E-01  6.1823E+02  7.2955E+00 -6.1675E+02
  4.1951E+01  1.3992E+02  1.3365E+02  1.7095E-01  6.1820E+02  7.2944E+00 -6.1673E+02
  4.1968E+01  1.3998E+02  1.3365E+02  1.7095E-01  6.1817E+02  7.2932E+00 -6.1670E+02
  4.1986E+01  1.4004E+02  1.3365E+02  1.7095E-01  6.1815E+02  7.2921E+00 -6.1668E+02
  4.2003E+01  1.4010E+02  1.3365E+02  1.7095E-01  6.1812E+02  7.2909E+00 -6.1665E+02
  4.2020E+01  1.4015E+02  1.3365E+02  1.7095E-01  6.1810E+02  7.2898E+00 -6.1663E+02
  4.2038E+01  1.4021E+02  1.3365E+02  1.7095E-01  6.1807E+02  7.2886E+00 -6.1660E+02
  4.2055E+01  1.4027E+02  1.3365E+02  1.7095E-01  6.1805E+02  7.2875E+00 -6.1658E+02
  4.2072E+01  1.4033E+02  1.3365E+02  1.7095E-01  6.1802E+02  7.2863E+00 -6.1655E+02
  4.2090E+01  1.4038E+02  1.3365E+02  1.7094E-01  6.1800E+02  7.2852E+00 -6.1653E+02
  4.2107E+01  1.4044E+02  1.3365E+02  1.7094E-01  6.1797E+02  7.2840E+00 -6.1650E+02
  4.2124E+01  1.4050E+02  1.3365E+02  1.7094E-01  6.1795E+02  7.2829E+00 -6.1647E+02
  4.2141E+01  1.4056E+02  1.3365E+02  1.7094E-01  6.1792E+02  7.2817E+00 -6.1645E+02
  4.2159E+01  1.4062E+02  1.3365E+02  1.7094E-01  6.1789E+02  7.2806E+00 -6.1643E+02
  4.2176E+01  1.4067E+02  1.3365E+02  1.7094E-01  6.1787E+02  7.2794E+00 -6.1640E+02
  4.2193E+01  1.4073E+02  1.3365E+02  1.7094E-01  6.1784E+02  7.2783E+00 -6.1638E+02
  4.2211E+01  1.4079E+02  1.3365E+02  1.7094E-01  6.1782E+02  7.2772E+00 -6.1635E+02
  4.2228E+01  1.4085E+02  1.3365E+02  1.7094E-01  6.1779E+02  7.2760E+00 -6.1633E+02
  4.2245E+01  1.4090E+02  1.3365E+02  1.7093E-01  6.1777E+02  7.2749E+00 -6.1630E+02
  4.2263E+01  1.4096E+02  1.3365E+02  1.7093E-01  6.1774E+02  7.2737E+00 -6.1628E+02
  4.2280E+01  1.4102E+02  1.3365E+02  1.7093E-01  6.1772E+02  7.2726E+00 -6.1625E+02
  4.2297E+01  1.4108E+02  1.3365E+02  1.7093E-01  6.1769E+02  7.2715E+00 -6.1623E+02
  4.2314E+01  1.4114E+02  1.3365E+02  1.7093E-01  6.1767E+02  7.2704E+00 -6.1620E+02
  4.2332E+01  1.4119E+02  1.3365E+02  1.7093E-01  6.1764E+02  7.2692E+00 -6.1618E+02
  4.2349E+01  1.4125E+02  1.3365E+02  1.7093E-01  6.1762E+02  7.2681E+00 -6.1615E+02
  4.2367E+01  1.4131E+02  1.3365E+02  1.7093E-01  6.1759E+02  7.2670E+00 -6.1613E+02
  4.2384E+01  1.4137E+02  1.3365E+02  1.7092E-01  6.1757E+02  7.2658E+00 -6.1611E+02
  4.2401E+01  1.4142E+02  1.3365E+02  1.7092E-01  6.1754E+02  7.2647E+00 -6.1608E+02
  4.2418E+01  1.4148E+02  1.3365E+02  1.7092E-01  6.1752E+02  7.2636E+00 -6.1606E+02
  4.2436E+01  1.4154E+02  1.3365E+02  1.7092E-01  6.1750E+02  7.2625E+00 -6.1603E+02
  4.2453E+01  1.4160E+02  1.3365E+02  1.7092E-01  6.1747E+02  7.2613E+00 -6.1601E+02
  4.2470E+01  1.4165E+02  1.3365E+02  1.7092E-01  6.1745E+02  7.2602E+00 -6.1598E+02
  4.2488E+01  1.4171E+02  1.3365E+02  1.7092E-01  6.1742E+02  7.2591E+00 -6.1596E+02
  4.2505E+01  1.4177E+02  1.3365E+02  1.7092E-01  6.1740E+02  7.2580E+00 -6.1593E+02
  4.2522E+01  1.4183E+02  1.3365E+02  1.7092E-01  6.1737E+02  7.2568E+00 -6.1591E+02
  4.2539E+01  1.4189E+02  1.3365E+02  1.7091E-01  6.1735E+02  7.2557E+00 -6.1589E+02
  4.2557E+01  1.4194E+02  1.3365E+02  1.7091E-01  6.1732E+02  7.2546E+00 -6.1586E+02
  4.2574E+01  1.4200E+02  1.3365E+02  1.7091E-01  6.1730E+02  7.2535E+00 -6.1584E+02
  4.2579E+01  1.4202E+02  1.3365E+02  1.7091E-01  6.1729E+02  7.2532E+00 -6.1583E+02
  4.2591E+01  1.4206E+02  1.3365E+02  1.7091E-01  6.1727E+02  7.2524E+00 -6.1581E+02
  4.2609E+01  1.4212E+02  1.3365E+02  1.7091E-01  6.1725E+02  7.2513E+00 -6.1579E+02
  4.2626E+01  1.4217E+02  1.3365E+02  1.7091E-01  6.1722E+02  7.2501E+00 -6.1576E+02
  4.2643E+01  1.4223E+02  1.3365E+02  1.7091E-01  6.1720E+02  7.2490E+00 -6.1574E+02
  4.2661E+01  1.4229E+02  1.3365E+02  1.7091E-01  6.1717E+02  7.2479E+00 -6.1571E+02
  4.2678E+01  1.4235E+02  1.3365E+02  1.7091E-01  6.1715E+02  7.2468E+00 -6.1569E+02
  4.2695E+01  1.4241E+02  1.3365E+02  1.7090E-01  6.1712E+02  7.2457E+00 -6.1567E+02
  4.2713E+01  1.4246E+02  1.3365E+02  1.7090E-01  6.1710E+02  7.2446E+00 -6.1564E+02
  4.2730E+01  1.4252E+02  1.3365E+02  1.7090E-01  6.1707E+02  7.2435E+00 -6.1562E+02
  4.2747E+01  1.4258E+02  1.3365E+02  1.7090E-01  6.1705E+02  7.2424E+00 -6.1559E+02
  4.2765E+01  1.4264E+02  1.3365E+02  1.7090E-01  6.1703E+02  7.2412E+00 -6.1557E+02
  4.2782E+01  1.4269E+02  1.3365E+02  1.7090E-01  6.1700E+02  7.2401E+00 -6.1554E+02
  4.2799E+01  1.4275E+02  1.3365E+02  1.7090E-01  6.1698E+02  7.2390E+00 -6.1552E+02
  4.2816E+01  1.4281E+02  1.3365E+02  1.7090E-01  6.1695E+02  7.2379E+00 -6.1550E+02
  4.2834E+01  1.4287E+02  1.3365E+02  1.7090E-01  6.1693E+02  7.2368E+00 -6.1547E+02
  4.2851E+01  1.4292E+02  1.3365E+02  1.7089E-01  6.1690E+02  7.2357E+00 -6.1545E+02
  4.2868E+01  1.4298E+02  1.3365E+02  1.7089E-01  6.1688E+02  7.2346E+00 -6.1542E+02
  4.2886E+01  1.4304E+02  1.3365E+02  1.7089E-01  6.1685E+02  7.2335E+00 -6.1540E+02
  4.2903E+01  1.4310E+02  1.3365E+02  1.7089E-01  6.1683E+02  7.2324E+00 -6.1537E+02
  4.2920E+01  1.4316E+02  1.3365E+02  1.7089E-01  6.1680E+02  7.2312E+00 -6.1535E+02
  4.2938E+01  1.4321E+02  1.3365E+02  1.7089E-01  6.1678E+02  7.2301E+00 -6.1533E+02
  4.2955E+01  1.4327E+02  1.3365E+02  1.7089E-01  6.1675E+02  7.2290E+00 -6.1530E+02
  4.2972E+01  1.4333E+02  1.3365E+02  1.7089E-01  6.1673E+02  7.2279E+00 -6.1528E+02
  4.2990E+01  1.4339E+02  1.3365E+02  1.7089E-01  6.1670E+02  7.2268E+00 -6.1525E+02
  4.3007E+01  1.4344E+02  1.3365E+02  1.7088E-01  6.1668E+02  7.2257E+00 -6.1523E+02
  4.3024E+01  1.4350E+02  1.3365E+02  1.7088E-01  6.1665E+02  7.2246E+00 -6.1520E+02
  4.3041E+01  1.4356E+02  1.3365E+02  1.7088E-01  6.1663E+02  7.2235E+00 -6.1518E+02
  4.3059E+01  1.4362E+02  1.3365E+02  1.7088E-01  6.1660E+02  7.2223E+00 -6.1515E+02
  4.3076E+01  1.4368E+02  1.3365E+02  1.7088E-01  6.1658E+02  7.2212E+00 -6.1513E+02
  4.3093E+01  1.4373E+02  1.3365E+02  1.7088E-01  6.1655E+02  7.2201E+00 -6.1510E+02
  4.3111E+01  1.4379E+02  1.3365E+02  1.7088E-01  6.1653E+02  7.2190E+00 -6.1508E+02
  4.3128E+01  1.4385E+02  1.3365E+02  1.7088E-01  6.1650E+02  7.2179E+00 -6.1506E+02
  4.3145E+01  1.4391E+02  1.3365E+02  1.7087E-01  6.1648E+02  7.2168E+00 -6.1503E+02
  4.3163E+01  1.4396E+02  1.3365E+02  1.7087E-01  6.1645E+02  7.2157E+00 -6.1501E+02
  4.3180E+01  1.4402E+02  1.3365E+02  1.7087E-01  6.1643E+02  7.2146E+00 -6.1498E+02
  4.3197E+01  1.4408E+02  1.3365E+02  1.7087E-01  6.1641E+02  7.2134E+00 -6.1496E+02
  4.3215E+01  1.4414E+02  1.3365E+02  1.7087E-01  6.1638E+02  7.2123E+00 -6.1493E+02
  4.3232E+01  1.4420E+02  1.3365E+02  1.7087E-01  6.1636E+02  7.2112E+00 -6.1491E+02
  4.3249E+01  1.4425E+02  1.3365E+02  1.7087E-01  6.1633E+02  7.2101E+00 -6.1488E+02
  4.3267E+01  1.4431E+02  1.3365E+02  1.7087E-01  6.1631E+02  7.2090E+00 -6.1486E+02
  4.3284E+01  1.4437E+02  1.3365E+02  1.7087E-01  6.1628E+02  7.2079E+00 -6.1484E+02
  4.3301E+01  1.4443E+02  1.3365E+02  1.7086E-01  6.1626E+02  7.2068E+00 -6.1481E+02
  4.3318E+01  1.4448E+02  1.3365E+02  1.7086E-01  6.1623E+02  7.2056E+00 -6.1479E+02
  4.3336E+01  1.4454E+02  1.3365E+02  1.7086E-01  6.1621E+02  7.2045E+00 -6.1476E+02
  4.3353E+01  1.4460E+02  1.3365E+02  1.7086E-01  6.1618E+02  7.2034E+00 -6.1474E+02
  4.3370E+01  1.4466E+02  1.3365E+02  1.7086E-01  6.1616E+02  7.2023E+00 -6.1471E+02
  4.3388E+01  1.4471E+02  1.3365E+02  1.7086E-01  6.1613E+02  7.2012E+00 -6.1469E+02
  4.3405E+01  1.4477E+02  1.3365E+02  1.7086E-01  6.1611E+02  7.2001E+00 -6.1467E+02
  4.3422E+01  1.4483E+02  1.3365E+02  1.7086E-01  6.1608E+02  7.1990E+00 -6.1464E+02
  4.3440E+01  1.4489E+02  1.3365E+02  1.7086E-01  6.1606E+02  7.1979E+00 -6.1462E+02
  4.3457E+01  1.4495E+02  1.3365E+02  1.7085E-01  6.1603E+02  7.1967E+00 -6.1459E+02
  4.3474E+01  1.4500E+02  1.3365E+02  1.7085E-01  6.1601E+02  7.1956E+00 -6.1457E+02
  4.3492E+01  1.4506E+02  1.3365E+02  1.7085E-01  6.1599E+02  7.1945E+00 -6.1454E+02
  4.3509E+01  1.4512E+02  1.3365E+02  1.7085E-01  6.1596E+02  7.1934E+00 -6.1452E+02
  4.3526E+01  1.4518E+02  1.3365E+02  1.7085E-01  6.1594E+02  7.1923E+00 -6.1450E+02
  4.3543E+01  1.4523E+02  1.3365E+02  1.7085E-01  6.1591E+02  7.1912E+00 -6.1447E+02
  4.3561E+01  1.4529E+02  1.3365E+02  1.7085E-01  6.1589E+02  7.1900E+00 -6.1445E+02
  4.3578E+01  1.4535E+02  1.3365E+02  1.7085E-01  6.1586E+02  7.1889E+00 -6.1442E+02
  4.3595E+01  1.4541E+02  1.3365E+02  1.7085E-01  6.1584E+02  7.1878E+00 -6.1440E+02
  4.3613E+01  1.4547E+02  1.3365E+02  1.7084E-01  6.1581E+02  7.1867E+00 -6.1437E+02
  4.3630E+01  1.4552E+02  1.3365E+02  1.7084E-01  6.1579E+02  7.1856E+00 -6.1435E+02
  4.3647E+01  1.4558E+02  1.3365E+02  1.7084E-01  6.1576E+02  7.1845E+00 -6.1433E+02
  4.3665E+01  1.4564E+02  1.3365E+02  1.7084E-01  6.1574E+02  7.1833E+00 -6.1430E+02
  4.3682E+01  1.4570E+02  1.3365E+02  1.7084E-01  6.1571E+02  7.1822E+00 -6.1428E+02
  4.3699E+01  1.4575E+02  1.3365E+02  1.7084E-01  6.1569E+02  7.1811E+00 -6.1425E+02
  4.3717E+01  1.4581E+02  1.3365E+02  1.7084E-01  6.1566E+02  7.1800E+00 -6.1423E+02
  4.3734E+01  1.4587E+02  1.3365E+02  1.7084E-01  6.1564E+02  7.1789E+00 -6.1420E+02
  4.3751E+01  1.4593E+02  1.3365E+02  1.7083E-01  6.1562E+02  7.1778E+00 -6.1418E+02
  4.3768E+01  1.4598E+02  1.3365E+02  1.7083E-01  6.1559E+02  7.1767E+00 -6.1416E+02
  4.3786E+01  1.4604E+02  1.3365E+02  1.7083E-01  6.1557E+02  7.1755E+00 -6.1413E+02
  4.3803E+01  1.4610E+02  1.3365E+02  1.7083E-01  6.1554E+02  7.1744E+00 -6.1411E+02
  4.3820E+01  1.4616E+02  1.3365E+02  1.7083E-01  6.1552E+02  7.1733E+00 -6.1408E+02
  4.3838E+01  1.4622E+02  1.3365E+02  1.7083E-01  6.1549E+02  7.1722E+00 -6.1406E+02
  4.3855E+01  1.4627E+02  1.3365E+02  1.7083E-01  6.1547E+02  7.1711E+00 -6.1403E+02
  4.3872E+01  1.4633E+02  1.3365E+02  1.7083E-01  6.1544E+02  7.1700E+00 -6.1401E+02
  4.3890E+01  1.4639E+02  1.3365E+02  1.7083E-01  6.1542E+02  7.1689E+00 -6.1399E+02
  4.3907E+01  1.4645E+02  1.3365E+02  1.7082E-01  6.1539E+02  7.1677E+00 -6.1396E+02
  4.3924E+01  1.4650E+02  1.3365E+02  1.7082E-01  6.1537E+02  7.1666E+00 -6.1394E+02
  4.3941E+01  1.4656E+02  1.3365E+02  1.7082E-01  6.1534E+02  7.1655E+00 -6.1391E+02
  4.3959E+01  1.4662E+02  1.3365E+02  1.7082E-01  6.1532E+02  7.1644E+00 -6.1389E+02
  4.3976E+01  1.4668E+02  1.3365E+02  1.7082E-01  6.1530E+02  7.1633E+00 -6.1387E+02
  4.3994E+01  1.4674E+02  1.3365E+02  1.7082E-01  6.1527E+02  7.1622E+00 -6.1384E+02
  4.4011E+01  1.4679E+02  1.3365E+02  1.7082E-01  6.1525E+02  7.1610E+00 -6.1382E+02
  4.4028E+01  1.4685E+02  1.3365E+02  1.7082E-01  6.1522E+02  7.1599E+00 -6.1379E+02
  4.4029E+01  1.4685E+02  1.3365E+02  1.7082E-01  6.1522E+02  7.1599E+00 -6.1379E+02
  4.4045E+01  1.4691E+02  1.3365E+02  1.7082E-01  6.1520E+02  7.1588E+00 -6.1377E+02
  4.4063E+01  1.4697E+02  1.3365E+02  1.7081E-01  6.1517E+02  7.1577E+00 -6.1374E+02
  4.4080E+01  1.4702E+02  1.3365E+02  1.7081E-01  6.1515E+02  7.1566E+00 -6.1372E+02
  4.4097E+01  1.4708E+02  1.3365E+02  1.7081E-01  6.1512E+02  7.1555E+00 -6.1370E+02
  4.4115E+01  1.4714E+02  1.3365E+02  1.7081E-01  6.1510E+02  7.1543E+00 -6.1367E+02
  4.4132E+01  1.4720E+02  1.3365E+02  1.7081E-01  6.1507E+02  7.1532E+00 -6.1365E+02
  4.4149E+01  1.4726E+02  1.3365E+02  1.7081E-01  6.1505E+02  7.1521E+00 -6.1362E+02
  4.4166E+01  1.4731E+02  1.3365E+02  1.7081E-01  6.1503E+02  7.1510E+00 -6.1360E+02
  4.4184E+01  1.4737E+02  1.3365E+02  1.7081E-01  6.1500E+02  7.1499E+00 -6.1358E+02
  4.4201E+01  1.4743E+02  1.3365E+02  1.7080E-01  6.1498E+02  7.1488E+00 -6.1355E+02
  4.4218E+01  1.4749E+02  1.3365E+02  1.7080E-01  6.1495E+02  7.1476E+00 -6.1353E+02
  4.4236E+01  1.4754E+02  1.3365E+02  1.7080E-01  6.1493E+02  7.1465E+00 -6.1350E+02
  4.4253E+01  1.4760E+02  1.3365E+02  1.7080E-01  6.1490E+02  7.1454E+00 -6.1348E+02
  4.4270E+01  1.4766E+02  1.3365E+02  1.7080E-01  6.1488E+02  7.1443E+00 -6.1345E+02
  4.4288E+01  1.4772E+02  1.3365E+02  1.7080E-01  6.1485E+02  7.1432E+00 -6.1343E+02
  4.4305E+01  1.4777E+02  1.3365E+02  1.7080E-01  6.1483E+02  7.1421E+00 -6.1341E+02
  4.4322E+01  1.4783E+02  1.3365E+02  1.7080E-01  6.1481E+02  7.1409E+00 -6.1338E+02
  4.4340E+01  1.4789E+02  1.3365E+02  1.7080E-01  6.1478E+02  7.1398E+00 -6.1336E+02
  4.4357E+01  1.4795E+02  1.3365E+02  1.7079E-01  6.1476E+02  7.1387E+00 -6.1333E+02
  4.4374E+01  1.4801E+02  1.3365E+02  1.7079E-01  6.1473E+02  7.1376E+00 -6.1331E+02
  4.4392E+01  1.4806E+02  1.3365E+02  1.7079E-01  6.1471E+02  7.1365E+00 -6.1329E+02
  4.4409E+01  1.4812E+02  1.3365E+02  1.7079E-01  6.1468E+02  7.1354E+00 -6.1326E+02
  4.4426E+01  1.4818E+02  1.3365E+02  1.7079E-01  6.1466E+02  7.1342E+00 -6.1324E+02
  4.4443E+01  1.4824E+02  1.3365E+02  1.7079E-01  6.1463E+02  7.1331E+00 -6.1321E+02
  4.4461E+01  1.4829E+02  1.3365E+02  1.7079E-01  6.1461E+02  7.1320E+00 -6.1319E+02
  4.4478E+01  1.4835E+02  1.3365E+02  1.7079E-01  6.1459E+02  7.1309E+00 -6.1317E+02
  4.4495E+01  1.4841E+02  1.3365E+02  1.7079E-01  6.1456E+02  7.1298E+00 -6.1314E+02
  4.4513E+01  1.4847E+02  1.3365E+02  1.7078E-01  6.1454E+02  7.1287E+00 -6.1312E+02
  4.4530E+01  1.4853E+02  1.3365E+02  1.7078E-01  6.1451E+02  7.1275E+00 -6.1309E+02
  4.4547E+01  1.4858E+02  1.3365E+02  1.7078E-01  6.1449E+02  7.1264E+00 -6.1307E+02
  4.4565E+01  1.4864E+02  1.3365E+02  1.7078E-01  6.1446E+02  7.1253E+00 -6.1305E+02
  4.4582E+01  1.4870E+02  1.3365E+02  1.7078E-01  6.1444E+02  7.1242E+00 -6.1302E+02
  4.4599E+01  1.4876E+02  1.3365E+02  1.7078E-01  6.1442E+02  7.1231E+00 -6.1300E+02
  4.4617E+01  1.4881E+02  1.3365E+02  1.7078E-01  6.1439E+02  7.1220E+00 -6.1297E+02
  4.4634E+01  1.4887E+02  1.3365E+02  1.7078E-01  6.1437E+02  7.1209E+00 -6.1295E+02
  4.4651E+01  1.4893E+02  1.3365E+02  1.7078E-01  6.1434E+02  7.1197E+00 -6.1293E+02
  4.4668E+01  1.4899E+02  1.3365E+02  1.7077E-01  6.1432E+02  7.1186E+00 -6.1290E+02
  4.4686E+01  1.4905E+02  1.3365E+02  1.7077E-01  6.1429E+02  7.1175E+00 -6.1288E+02
  4.4703E+01  1.4910E+02  1.3365E+02  1.7077E-01  6.1427E+02  7.1164E+00 -6.1285E+02
  4.4720E+01  1.4916E+02  1.3365E+02  1.7077E-01  6.1424E+02  7.1153E+00 -6.1283E+02
  4.4738E+01  1.4922E+02  1.3365E+02  1.7077E-01  6.1422E+02  7.1142E+00 -6.1281E+02
  4.4755E+01  1.4928E+02  1.3365E+02  1.7077E-01  6.1420E+02  7.1130E+00 -6.1278E+02
  4.4772E+01  1.4933E+02  1.3365E+02  1.7077E-01  6.1417E+02  7.1119E+00 -6.1276E+02
  4.4790E+01  1.4939E+02  1.3365E+02  1.7077E-01  6.1415E+02  7.1108E+00 -6.1273E+02
  4.4807E+01  1.4945E+02  1.3365E+02  1.7076E-01  6.1412E+02  7.1097E+00 -6.1271E+02
  4.4824E+01  1.4951E+02  1.3365E+02  1.7076E-01  6.1410E+02  7.1086E+00 -6.1269E+02
  4.4842E+01  1.4956E+02  1.3365E+02  1.7076E-01  6.1408E+02  7.1075E+00 -6.1266E+02
  4.4859E+01  1.4962E+02  1.3365E+02  1.7076E-01  6.1405E+02  7.1063E+00 -6.1264E+02
  4.4876E+01  1.4968E+02  1.3365E+02  1.7076E-01  6.1403E+02  7.1052E+00 -6.1262E+02
  4.4894E+01  1.4974E+02  1.3365E+02  1.7076E-01  6.1400E+02  7.1041E+00 -6.1259E+02
  4.4911E+01  1.4980E+02  1.3365E+02  1.7076E-01  6.1398E+02  7.1030E+00 -6.1257E+02
  4.4928E+01  1.4985E+02  1.3365E+02  1.7076E-01  6.1396E+02  7.1018E+00 -6.1255E+02
  4.4945E+01  1.4991E+02  1.3365E+02  1.7076E-01  6.1393E+02  7.1007E+00 -6.1252E+02
  4.4963E+01  1.4997E+02  1.3365E+02  1.7075E-01  6.1391E+02  7.0996E+00 -6.1250E+02
  4.4980E+01  1.5003E+02  1.3365E+02  1.7075E-01  6.1388E+02  7.0985E+00 -6.1248E+02
  4.4997E+01  1.5008E+02  1.3365E+02  1.7075E-01  6.1386E+02  7.0974E+00 -6.1245E+02
  4.5015E+01  1.5014E+02  1.3365E+02  1.7075E-01  6.1384E+02  7.0962E+00 -6.1243E+02
  4.5032E+01  1.5020E+02  1.3365E+02  1.7075E-01  6.1381E+02  7.0951E+00 -6.1241E+02
  4.5049E+01  1.5026E+02  1.3365E+02  1.7075E-01  6.1379E+02  7.0940E+00 -6.1238E+02
  4.5066E+01  1.5031E+02  1.3365E+02  1.7075E-01  6.1377E+02  7.0929E+00 -6.1236E+02
  4.5084E+01  1.5037E+02  1.3365E+02  1.7075E-01  6.1374E+02  7.0918E+00 -6.1234E+02
  4.5101E+01  1.5043E+02  1.3365E+02  1.7075E-01  6.1372E+02  7.0907E+00 -6.1231E+02
  4.5119E+01  1.5049E+02  1.3365E+02  1.7075E-01  6.1370E+02  7.0896E+00 -6.1229E+02
  4.5136E+01  1.5055E+02  1.3365E+02  1.7074E-01  6.1367E+02  7.0885E+00 -6.1227E+02
  4.5153E+01  1.5060E+02  1.3365E+02  1.7074E-01  6.1365E+02  7.0874E+00 -6.1224E+02
  4.5170E+01  1.5066E+02  1.3365E+02  1.7074E-01  6.1362E+02  7.0863E+00 -6.1222E+02
  4.5188E+01  1.5072E+02  1.3365E+02  1.7074E-01  6.1360E+02  7.0852E+00 -6.1220E+02
  4.5205E+01  1.5078E+02  1.3365E+02  1.7074E-01  6.1358E+02  7.0841E+00 -6.1217E+02
  4.5222E+01  1.5083E+02  1.3365E+02  1.7074E-01  6.1355E+02  7.0830E+00 -6.1215E+02
  4.5240E+01  1.5089E+02  1.3365E+02  1.7074E-01  6.1353E+02  7.0819E+00 -6.1213E+02
  4.5257E+01  1.5095E+02  1.3365E+02  1.7074E-01  6.1351E+02  7.0808E+00 -6.1210E+02
  4.5274E+01  1.5101E+02  1.3365E+02  1.7074E-01  6.1348E+02  7.0798E+00 -6.1208E+02
  4.5292E+01  1.5107E+02  1.3365E+02  1.7073E-01  6.1346E+02  7.0787E+00 -6.1206E+02
  4.5309E+01  1.5112E+02  1.3365E+02  1.7073E-01  6.1344E+02  7.0776E+00 -6.1203E+02
  4.5326E+01  1.5118E+02  1.3365E+02  1.7073E-01  6.1341E+02  7.0765E+00 -6.1201E+02
  4.5344E+01  1.5124E+02  1.3365E+02  1.7073E-01  6.1339E+02  7.0754E+00 -6.1199E+02
  4.5361E+01  1.5130E+02  1.3365E+02  1.7073E-01  6.1337E+02  7.0744E+00 -6.1197E+02
  4.5378E+01  1.5135E+02  1.3365E+02  1.7073E-01  6.1334E+02  7.0733E+00 -6.1194E+02
  4.5396E+01  1.5141E+02  1.3365E+02  1.7073E-01  6.1332E+02  7.0722E+00 -6.1192E+02
  4.5413E+01  1.5147E+02  1.3365E+02  1.7073E-01  6.1330E+02  7.0711E+00 -6.1190E+02
  4.5430E+01  1.5153E+02  1.3365E+02  1.7073E-01  6.1327E+02  7.0701E+00 -6.1187E+02
  4.5447E+01  1.5159E+02  1.3365E+02  1.7072E-01  6.1325E+02  7.0690E+00 -6.1185E+02
  4.5465E+01  1.5164E+02  1.3365E+02  1.7072E-01  6.1323E+02  7.0679E+00 -6.1183E+02
  4.5482E+01  1.5170E+02  1.3365E+02  1.7072E-01  6.1320E+02  7.0669E+00 -6.1180E+02
  4.5499E+01  1.5176E+02  1.3365E+02  1.7072E-01  6.1318E+02  7.0658E+00 -6.1178E+02
  4.5517E+01  1.5182E+02  1.3365E+02  1.7072E-01  6.1316E+02  7.0647E+00 -6.1176E+02
  4.5534E+01  1.5187E+02  1.3365E+02  1.7072E-01  6.1313E+02  7.0637E+00 -6.1174E+02
  4.5551E+01  1.5193E+02  1.3365E+02  1.7072E-01  6.1311E+02  7.0626E+00 -6.1171E+02
  4.5568E+01  1.5199E+02  1.3365E+02  1.7072E-01  6.1309E+02  7.0616E+00 -6.1169E+02
  4.5586E+01  1.5205E+02  1.3365E+02  1.7072E-01  6.1306E+02  7.0605E+00 -6.1167E+02
  4.5603E+01  1.5210E+02  1.3365E+02  1.7071E-01  6.1304E+02  7.0594E+00 -6.1164E+02
  4.5621E+01  1.5216E+02  1.3365E+02  1.7071E-01  6.1302E+02  7.0584E+00 -6.1162E+02
  4.5638E+01  1.5222E+02  1.3365E+02  1.7071E-01  6.1299E+02  7.0573E+00 -6.1160E+02
  4.5655E+01  1.5228E+02  1.3365E+02  1.7071E-01  6.1297E+02  7.0563E+00 -6.1158E+02
  4.5672E+01  1.5234E+02  1.3365E+02  1.7071E-01  6.1295E+02  7.0552E+00 -6.1155E+02
  4.5690E+01  1.5239E+02  1.3365E+02  1.7071E-01  6.1293E+02  7.0542E+00 -6.1153E+02
  4.5707E+01  1.5245E+02  1.3365E+02  1.7071E-01  6.1290E+02  7.0531E+00 -6.1151E+02
  4.5724E+01  1.5251E+02  1.3365E+02  1.7071E-01  6.1288E+02  7.0521E+00 -6.1149E+02
  4.5742E+01  1.5257E+02  1.3365E+02  1.7071E-01  6.1286E+02  7.0510E+00 -6.1146E+02
  4.5759E+01  1.5262E+02  1.3365E+02  1.7070E-01  6.1283E+02  7.0500E+00 -6.1144E+02
  4.5776E+01  1.5268E+02  1.3365E+02  1.7070E-01  6.1281E+02  7.0490E+00 -6.1142E+02
  4.5794E+01  1.5274E+02  1.3365E+02  1.7070E-01  6.1279E+02  7.0479E+00 -6.1139E+02
  4.5811E+01  1.5280E+02  1.3365E+02  1.7070E-01  6.1276E+02  7.0469E+00 -6.1137E+02
  4.5828E+01  1.5286E+02  1.3365E+02  1.7070E-01  6.1274E+02  7.0459E+00 -6.1135E+02
  4.5845E+01  1.5291E+02  1.3365E+02  1.7070E-01  6.1272E+02  7.0448E+00 -6.1133E+02
  4.5863E+01  1.5297E+02  1.3365E+02  1.7070E-01  6.1270E+02  7.0438E+00 -6.1130E+02
  4.5880E+01  1.5303E+02  1.3365E+02  1.7070E-01  6.1267E+02  7.0427E+00 -6.1128E+02
  4.5897E+01  1.5309E+02  1.3365E+02  1.7070E-01  6.1265E+02  7.0417E+00 -6.1126E+02
  4.5915E+01  1.5314E+02  1.3365E+02  1.7069E-01  6.1263E+02  7.0407E+00 -6.1124E+02
  4.5932E+01  1.5320E+02  1.3365E+02  1.7069E-01  6.1260E+02  7.0397E+00 -6.1121E+02
  4.5949E+01  1.5326E+02  1.3365E+02  1.7069E-01  6.1258E+02  7.0386E+00 -6.1119E+02
  4.5967E+01  1.5332E+02  1.3365E+02  1.7069E-01  6.1256E+02  7.0376E+00 -6.1117E+02
  4.5984E+01  1.5338E+02  1.3365E+02  1.7069E-01  6.1254E+02  7.0366E+00 -6.1115E+02
  4.6001E+01  1.5343E+02  1.3365E+02  1.7069E-01  6.1251E+02  7.0356E+00 -6.1112E+02
  4.6019E+01  1.5349E+02  1.3365E+02  1.7069E-01  6.1249E+02  7.0345E+00 -6.1110E+02
  4.6036E+01  1.5355E+02  1.3365E+02  1.7069E-01  6.1247E+02  7.0335E+00 -6.1108E+02
  4.6053E+01  1.5361E+02  1.3365E+02  1.7069E-01  6.1244E+02  7.0325E+00 -6.1106E+02
  4.6070E+01  1.5366E+02  1.3365E+02  1.7068E-01  6.1242E+02  7.0315E+00 -6.1103E+02
  4.6088E+01  1.5372E+02  1.3365E+02  1.7068E-01  6.1240E+02  7.0304E+00 -6.1101E+02
  4.6105E+01  1.5378E+02  1.3365E+02  1.7068E-01  6.1238E+02  7.0294E+00 -6.1099E+02
  4.6122E+01  1.5384E+02  1.3365E+02  1.7068E-01  6.1235E+02  7.0284E+00 -6.1097E+02
  4.6140E+01  1.5389E+02  1.3365E+02  1.7068E-01  6.1233E+02  7.0274E+00 -6.1094E+02
  4.6157E+01  1.5395E+02  1.3365E+02  1.7068E-01  6.1231E+02  7.0264E+00 -6.1092E+02
  4.6174E+01  1.5401E+02  1.3365E+02  1.7068E-01  6.1229E+02  7.0254E+00 -6.1090E+02
  4.6192E+01  1.5407E+02  1.3365E+02  1.7068E-01  6.1226E+02  7.0244E+00 -6.1088E+02
  4.6209E+01  1.5413E+02  1.3365E+02  1.7068E-01  6.1224E+02  7.0234E+00 -6.1086E+02
  4.6226E+01  1.5418E+02  1.3365E+02  1.7067E-01  6.1222E+02  7.0224E+00 -6.1083E+02
  4.6244E+01  1.5424E+02  1.3365E+02  1.7067E-01  6.1219E+02  7.0214E+00 -6.1081E+02
  4.6261E+01  1.5430E+02  1.3365E+02  1.7067E-01  6.1217E+02  7.0204E+00 -6.1079E+02
  4.6278E+01  1.5436E+02  1.3365E+02  1.7067E-01  6.1215E+02  7.0193E+00 -6.1077E+02
  4.6295E+01  1.5441E+02  1.3365E+02  1.7067E-01  6.1213E+02  7.0183E+00 -6.1074E+02
  4.6313E+01  1.5447E+02  1.3365E+02  1.7067E-01  6.1210E+02  7.0173E+00 -6.1072E+02
  4.6330E+01  1.5453E+02  1.3365E+02  1.7067E-01  6.1208E+02  7.0163E+00 -6.1070E+02
  4.6347E+01  1.5459E+02  1.3365E+02  1.7067E-01  6.1206E+02  7.0153E+00 -6.1068E+02
  4.6359E+01  1.5463E+02  1.3365E+02  1.7067E-01  6.1204E+02  7.0147E+00 -6.1066E+02
  4.6365E+01  1.5465E+02  1.3365E+02  1.7067E-01  6.1204E+02  7.0143E+00 -6.1066E+02
  4.6382E+01  1.5470E+02  1.3365E+02  1.7067E-01  6.1201E+02  7.0133E+00 -6.1063E+02
  4.6399E+01  1.5476E+02  1.3365E+02  1.7066E-01  6.1199E+02  7.0124E+00 -6.1061E+02
  4.6417E+01  1.5482E+02  1.3365E+02  1.7066E-01  6.1197E+02  7.0114E+00 -6.1059E+02
  4.6434E+01  1.5488E+02  1.3365E+02  1.7066E-01  6.1195E+02  7.0104E+00 -6.1057E+02
  4.6451E+01  1.5493E+02  1.3365E+02  1.7066E-01  6.1192E+02  7.0094E+00 -6.1054E+02
  4.6469E+01  1.5499E+02  1.3365E+02  1.7066E-01  6.1190E+02  7.0084E+00 -6.1052E+02
  4.6486E+01  1.5505E+02  1.3365E+02  1.7066E-01  6.1188E+02  7.0074E+00 -6.1050E+02
  4.6503E+01  1.5511E+02  1.3365E+02  1.7066E-01  6.1186E+02  7.0064E+00 -6.1048E+02
  4.6521E+01  1.5517E+02  1.3365E+02  1.7066E-01  6.1183E+02  7.0054E+00 -6.1046E+02
  4.6538E+01  1.5522E+02  1.3365E+02  1.7066E-01  6.1181E+02  7.0044E+00 -6.1043E+02
  4.6555E+01  1.5528E+02  1.3365E+02  1.7065E-01  6.1179E+02  7.0034E+00 -6.1041E+02
  4.6572E+01  1.5534E+02  1.3365E+02  1.7065E-01  6.1177E+02  7.0025E+00 -6.1039E+02
  4.6590E+01  1.5540E+02  1.3365E+02  1.7065E-01  6.1174E+02  7.0015E+00 -6.1037E+02
  4.6607E+01  1.5545E+02  1.3365E+02  1.7065E-01  6.1172E+02  7.0005E+00 -6.1035E+02
  4.6624E+01  1.5551E+02  1.3365E+02  1.7065E-01  6.1170E+02  6.9995E+00 -6.1032E+02
  4.6642E+01  1.5557E+02  1.3365E+02  1.7065E-01  6.1168E+02  6.9985E+00 -6.1030E+02
  4.6659E+01  1.5563E+02  1.3365E+02  1.7065E-01  6.1166E+02  6.9975E+00 -6.1028E+02
  4.6676E+01  1.5568E+02  1.3365E+02  1.7065E-01  6.1163E+02  6.9966E+00 -6.1026E+02
  4.6693E+01  1.5574E+02  1.3365E+02  1.7065E-01  6.1161E+02  6.9956E+00 -6.1024E+02
  4.6711E+01  1.5580E+02  1.3365E+02  1.7064E-01  6.1159E+02  6.9946E+00 -6.1021E+02
  4.6728E+01  1.5586E+02  1.3365E+02  1.7064E-01  6.1157E+02  6.9936E+00 -6.1019E+02
  4.6746E+01  1.5592E+02  1.3365E+02  1.7064E-01  6.1154E+02  6.9927E+00 -6.1017E+02
  4.6763E+01  1.5597E+02  1.3365E+02  1.7064E-01  6.1152E+02  6.9917E+00 -6.1015E+02
  4.6780E+01  1.5603E+02  1.3365E+02  1.7064E-01  6.1150E+02  6.9907E+00 -6.1013E+02
  4.6797E+01  1.5609E+02  1.3365E+02  1.7064E-01  6.1148E+02  6.9898E+00 -6.1011E+02
  4.6815E+01  1.5615E+02  1.3365E+02  1.7064E-01  6.1146E+02  6.9888E+00 -6.1008E+02
  4.6832E+01  1.5620E+02  1.3365E+02  1.7064E-01  6.1143E+02  6.9878E+00 -6.1006E+02
  4.6849E+01  1.5626E+02  1.3365E+02  1.7064E-01  6.1141E+02  6.9869E+00 -6.1004E+02
  4.6867E+01  1.5632E+02  1.3365E+02  1.7064E-01  6.1139E+02  6.9859E+00 -6.1002E+02
  4.6884E+01  1.5638E+02  1.3365E+02  1.7063E-01  6.1137E+02  6.9849E+00 -6.1000E+02
  4.6901E+01  1.5643E+02  1.3365E+02  1.7063E-01  6.1135E+02  6.9840E+00 -6.0998E+02
  4.6919E+01  1.5649E+02  1.3365E+02  1.7063E-01  6.1132E+02  6.9830E+00 -6.0995E+02
  4.6936E+01  1.5655E+02  1.3365E+02  1.7063E-01  6.1130E+02  6.9821E+00 -6.0993E+02
  4.6953E+01  1.5661E+02  1.3365E+02  1.7063E-01  6.1128E+02  6.9811E+00 -6.0991E+02
  4.6970E+01  1.5667E+02  1.3365E+02  1.7063E-01  6.1126E+02  6.9802E+00 -6.0989E+02
  4.6988E+01  1.5672E+02  1.3365E+02  1.7063E-01  6.1124E+02  6.9792E+00 -6.0987E+02
  4.7005E+01  1.5678E+02  1.3365E+02  1.7063E-01  6.1122E+02  6.9783E+00 -6.0985E+02
  4.7023E+01  1.5684E+02  1.3365E+02  1.7063E-01  6.1119E+02  6.9773E+00 -6.0982E+02
  4.7040E+01  1.5690E+02  1.3365E+02  1.7063E-01  6.1117E+02  6.9764E+00 -6.0980E+02
  4.7057E+01  1.5696E+02  1.3365E+02  1.7062E-01  6.1115E+02  6.9755E+00 -6.0978E+02
  4.7074E+01  1.5701E+02  1.3365E+02  1.7062E-01  6.1113E+02  6.9745E+00 -6.0976E+02
  4.7092E+01  1.5707E+02  1.3365E+02  1.7062E-01  6.1111E+02  6.9736E+00 -6.0974E+02
  4.7109E+01  1.5713E+02  1.3365E+02  1.7062E-01  6.1109E+02  6.9726E+00 -6.0972E+02
  4.7126E+01  1.5719E+02  1.3365E+02  1.7062E-01  6.1106E+02  6.9717E+00 -6.0970E+02
  4.7144E+01  1.5724E+02  1.3365E+02  1.7062E-01  6.1104E+02  6.9708E+00 -6.0967E+02
  4.7161E+01  1.5730E+02  1.3365E+02  1.7062E-01  6.1102E+02  6.9699E+00 -6.0965E+02
  4.7178E+01  1.5736E+02  1.3365E+02  1.7062E-01  6.1100E+02  6.9689E+00 -6.0963E+02
  4.7195E+01  1.5742E+02  1.3365E+02  1.7062E-01  6.1098E+02  6.9680E+00 -6.0961E+02
  4.7213E+01  1.5747E+02  1.3365E+02  1.7062E-01  6.1096E+02  6.9671E+00 -6.0959E+02
  4.7230E+01  1.5753E+02  1.3365E+02  1.7061E-01  6.1093E+02  6.9662E+00 -6.0957E+02
  4.7247E+01  1.5759E+02  1.3365E+02  1.7061E-01  6.1091E+02  6.9652E+00 -6.0955E+02
  4.7265E+01  1.5765E+02  1.3365E+02  1.7061E-01  6.1089E+02  6.9643E+00 -6.0953E+02
  4.7282E+01  1.5771E+02  1.3365E+02  1.7061E-01  6.1087E+02  6.9634E+00 -6.0950E+02
  4.7299E+01  1.5776E+02  1.3365E+02  1.7061E-01  6.1085E+02  6.9625E+00 -6.0948E+02
  4.7317E+01  1.5782E+02  1.3365E+02  1.7061E-01  6.1083E+02  6.9615E+00 -6.0946E+02
  4.7334E+01  1.5788E+02  1.3365E+02  1.7061E-01  6.1081E+02  6.9606E+00 -6.0944E+02
  4.7351E+01  1.5794E+02  1.3365E+02  1.7061E-01  6.1078E+02  6.9597E+00 -6.0942E+02
  4.7369E+01  1.5799E+02  1.3365E+02  1.7061E-01  6.1076E+02  6.9588E+00 -6.0940E+02
  4.7386E+01  1.5805E+02  1.3365E+02  1.7060E-01  6.1074E+02  6.9579E+00 -6.0938E+02
  4.7403E+01  1.5811E+02  1.3365E+02  1.7060E-01  6.1072E+02  6.9570E+00 -6.0936E+02
  4.7421E+01  1.5817E+02  1.3365E+02  1.7060E-01  6.1070E+02  6.9560E+00 -6.0933E+02
  4.7438E+01  1.5822E+02  1.3365E+02  1.7060E-01  6.1068E+02  6.9551E+00 -6.0931E+02
  4.7455E+01  1.5828E+02  1.3365E+02  1.7060E-01  6.1065E+02  6.9542E+00 -6.0929E+02
  4.7472E+01  1.5834E+02  1.3365E+02  1.7060E-01  6.1063E+02  6.9533E+00 -6.0927E+02
  4.7490E+01  1.5840E+02  1.3365E+02  1.7060E-01  6.1061E+02  6.9524E+00 -6.0925E+02
  4.7507E+01  1.5846E+02  1.3365E+02  1.7060E-01  6.1059E+02  6.9515E+00 -6.0923E+02
  4.7524E+01  1.5851E+02  1.3365E+02  1.7060E-01  6.1057E+02  6.9506E+00 -6.0921E+02
  4.7542E+01  1.5857E+02  1.3365E+02  1.7059E-01  6.1055E+02  6.9497E+00 -6.0919E+02
  4.7559E+01  1.5863E+02  1.3365E+02  1.7059E-01  6.1053E+02  6.9488E+00 -6.0917E+02
  4.7576E+01  1.5869E+02  1.3365E+02  1.7059E-01  6.1050E+02  6.9478E+00 -6.0914E+02
  4.7594E+01  1.5874E+02  1.3365E+02  1.7059E-01  6.1048E+02  6.9469E+00 -6.0912E+02
  4.7611E+01  1.5880E+02  1.3365E+02  1.7059E-01  6.1046E+02  6.9460E+00 -6.0910E+02
  4.7628E+01  1.5886E+02  1.3365E+02  1.7059E-01  6.1044E+02  6.9451E+00 -6.0908E+02
  4.7646E+01  1.5892E+02  1.3365E+02  1.7059E-01  6.1042E+02  6.9442E+00 -6.0906E+02
  4.7663E+01  1.5898E+02  1.3365E+02  1.7059E-01  6.1040E+02  6.9433E+00 -6.0904E+02
  4.7680E+01  1.5903E+02  1.3365E+02  1.7059E-01  6.1038E+02  6.9424E+00 -6.0902E+02
  4.7697E+01  1.5909E+02  1.3365E+02  1.7059E-01  6.1036E+02  6.9415E+00 -6.0900E+02
  4.7715E+01  1.5915E+02  1.3365E+02  1.7058E-01  6.1033E+02  6.9406E+00 -6.0898E+02
  4.7732E+01  1.5921E+02  1.3365E+02  1.7058E-01  6.1031E+02  6.9397E+00 -6.0896E+02
  4.7749E+01  1.5926E+02  1.3365E+02  1.7058E-01  6.1029E+02  6.9388E+00 -6.0894E+02
  4.7767E+01  1.5932E+02  1.3365E+02  1.7058E-01  6.1027E+02  6.9379E+00 -6.0891E+02
  4.7779E+01  1.5936E+02  1.3365E+02  1.7058E-01  6.1026E+02  6.9373E+00 -6.0890E+02
  4.7784E+01  1.5938E+02  1.3365E+02  1.7058E-01  6.1025E+02  6.9370E+00 -6.0889E+02
  4.7801E+01  1.5944E+02  1.3365E+02  1.7058E-01  6.1023E+02  6.9361E+00 -6.0887E+02
  4.7819E+01  1.5950E+02  1.3365E+02  1.7058E-01  6.1021E+02  6.9352E+00 -6.0885E+02
  4.7836E+01  1.5955E+02  1.3365E+02  1.7058E-01  6.1019E+02  6.9343E+00 -6.0883E+02
  4.7853E+01  1.5961E+02  1.3365E+02  1.7058E-01  6.1017E+02  6.9334E+00 -6.0881E+02
  4.7871E+01  1.5967E+02  1.3365E+02  1.7057E-01  6.1014E+02  6.9326E+00 -6.0879E+02
  4.7888E+01  1.5973E+02  1.3365E+02  1.7057E-01  6.1012E+02  6.9317E+00 -6.0877E+02
  4.7905E+01  1.5978E+02  1.3365E+02  1.7057E-01  6.1010E+02  6.9308E+00 -6.0875E+02
  4.7923E+01  1.5984E+02  1.3365E+02  1.7057E-01  6.1008E+02  6.9299E+00 -6.0873E+02
  4.7940E+01  1.5990E+02  1.3365E+02  1.7057E-01  6.1006E+02  6.9290E+00 -6.0871E+02
  4.7957E+01  1.5996E+02  1.3365E+02  1.7057E-01  6.1004E+02  6.9281E+00 -6.0869E+02
  4.7974E+01  1.6001E+02  1.3365E+02  1.7057E-01  6.1002E+02  6.9272E+00 -6.0866E+02
  4.7992E+01  1.6007E+02  1.3365E+02  1.7057E-01  6.1000E+02  6.9263E+00 -6.0864E+02
  4.8009E+01  1.6013E+02  1.3365E+02  1.7057E-01  6.0998E+02  6.9255E+00 -6.0862E+02
  4.8026E+01  1.6019E+02  1.3365E+02  1.7056E-01  6.0995E+02  6.9246E+00 -6.0860E+02
  4.8044E+01  1.6025E+02  1.3365E+02  1.7056E-01  6.0993E+02  6.9237E+00 -6.0858E+02
  4.8061E+01  1.6030E+02  1.3365E+02  1.7056E-01  6.0991E+02  6.9228E+00 -6.0856E+02
  4.8078E+01  1.6036E+02  1.3365E+02  1.7056E-01  6.0989E+02  6.9220E+00 -6.0854E+02
  4.8096E+01  1.6042E+02  1.3365E+02  1.7056E-01  6.0987E+02  6.9211E+00 -6.0852E+02
  4.8113E+01  1.6048E+02  1.3365E+02  1.7056E-01  6.0985E+02  6.9202E+00 -6.0850E+02
  4.8130E+01  1.6053E+02  1.3365E+02  1.7056E-01  6.0983E+02  6.9194E+00 -6.0848E+02
  4.8148E+01  1.6059E+02  1.3365E+02  1.7056E-01  6.0981E+02  6.9185E+00 -6.0846E+02
  4.8165E+01  1.6065E+02  1.3365E+02  1.7056E-01  6.0979E+02  6.9176E+00 -6.0844E+02
  4.8182E+01  1.6071E+02  1.3365E+02  1.7056E-01  6.0977E+02  6.9168E+00 -6.0842E+02
  4.8199E+01  1.6077E+02  1.3365E+02  1.7055E-01  6.0975E+02  6.9159E+00 -6.0840E+02
  4.8217E+01  1.6082E+02  1.3365E+02  1.7055E-01  6.0973E+02  6.9151E+00 -6.0838E+02
  4.8234E+01  1.6088E+02  1.3365E+02  1.7055E-01  6.0970E+02  6.9142E+00 -6.0836E+02
  4.8251E+01  1.6094E+02  1.3365E+02  1.7055E-01  6.0968E+02  6.9134E+00 -6.0833E+02
  4.8269E+01  1.6100E+02  1.3365E+02  1.7055E-01  6.0966E+02  6.9125E+00 -6.0831E+02
  4.8286E+01  1.6105E+02  1.3365E+02  1.7055E-01  6.0964E+02  6.9117E+00 -6.0829E+02
  4.8303E+01  1.6111E+02  1.3365E+02  1.7055E-01  6.0962E+02  6.9108E+00 -6.0827E+02
  4.8321E+01  1.6117E+02  1.3365E+02  1.7055E-01  6.0960E+02  6.9100E+00 -6.0825E+02
  4.8338E+01  1.6123E+02  1.3365E+02  1.7055E-01  6.0958E+02  6.9091E+00 -6.0823E+02
  4.8355E+01  1.6128E+02  1.3365E+02  1.7055E-01  6.0956E+02  6.9083E+00 -6.0821E+02
  4.8373E+01  1.6134E+02  1.3365E+02  1.7054E-01  6.0954E+02  6.9074E+00 -6.0819E+02
  4.8390E+01  1.6140E+02  1.3365E+02  1.7054E-01  6.0952E+02  6.9066E+00 -6.0817E+02
  4.8407E+01  1.6146E+02  1.3365E+02  1.7054E-01  6.0950E+02  6.9057E+00 -6.0815E+02
  4.8424E+01  1.6152E+02  1.3365E+02  1.7054E-01  6.0948E+02  6.9049E+00 -6.0813E+02
  4.8442E+01  1.6157E+02  1.3365E+02  1.7054E-01  6.0946E+02  6.9041E+00 -6.0811E+02
  4.8459E+01  1.6163E+02  1.3365E+02  1.7054E-01  6.0944E+02  6.9032E+00 -6.0809E+02
  4.8476E+01  1.6169E+02  1.3365E+02  1.7054E-01  6.0942E+02  6.9024E+00 -6.0807E+02
  4.8494E+01  1.6175E+02  1.3365E+02  1.7054E-01  6.0940E+02  6.9016E+00 -6.0805E+02
  4.8511E+01  1.6180E+02  1.3365E+02  1.7054E-01  6.0937E+02  6.9007E+00 -6.0803E+02
  4.8528E+01  1.6186E+02  1.3365E+02  1.7054E-01  6.0935E+02  6.8999E+00 -6.0801E+02
  4.8546E+01  1.6192E+02  1.3365E+02  1.7054E-01  6.0933E+02  6.8991E+00 -6.0799E+02
  4.8563E+01  1.6198E+02  1.3365E+02  1.7053E-01  6.0931E+02  6.8982E+00 -6.0797E+02
  4.8580E+01  1.6204E+02  1.3365E+02  1.7053E-01  6.0929E+02  6.8974E+00 -6.0795E+02
  4.8597E+01  1.6209E+02  1.3365E+02  1.7053E-01  6.0927E+02  6.8966E+00 -6.0793E+02
  4.8615E+01  1.6215E+02  1.3365E+02  1.7053E-01  6.0925E+02  6.8958E+00 -6.0791E+02
  4.8632E+01  1.6221E+02  1.3365E+02  1.7053E-01  6.0923E+02  6.8949E+00 -6.0789E+02
  4.8650E+01  1.6227E+02  1.3365E+02  1.7053E-01  6.0921E+02  6.8941E+00 -6.0787E+02
  4.8667E+01  1.6232E+02  1.3365E+02  1.7053E-01  6.0919E+02  6.8933E+00 -6.0785E+02
  4.8684E+01  1.6238E+02  1.3365E+02  1.7053E-01  6.0917E+02  6.8925E+00 -6.0783E+02
  4.8701E+01  1.6244E+02  1.3365E+02  1.7053E-01  6.0915E+02  6.8917E+00 -6.0781E+02
  4.8719E+01  1.6250E+02  1.3365E+02  1.7052E-01  6.0913E+02  6.8908E+00 -6.0779E+02
  4.8736E+01  1.6256E+02  1.3365E+02  1.7052E-01  6.0911E+02  6.8899E+00 -6.0777E+02
  4.8753E+01  1.6261E+02  1.3365E+02  1.7052E-01  6.0909E+02  6.8890E+00 -6.0775E+02
  4.8771E+01  1.6267E+02  1.3365E+02  1.7052E-01  6.0907E+02  6.8880E+00 -6.0773E+02
  4.8788E+01  1.6273E+02  1.3365E+02  1.7052E-01  6.0905E+02  6.8870E+00 -6.0771E+02
  4.8805E+01  1.6279E+02  1.3365E+02  1.7052E-01  6.0903E+02  6.8859E+00 -6.0769E+02
  4.8822E+01  1.6284E+02  1.3365E+02  1.7052E-01  6.0901E+02  6.8847E+00 -6.0767E+02
  4.8840E+01  1.6290E+02  1.3365E+02  1.7052E-01  6.0899E+02  6.8835E+00 -6.0765E+02
  4.8857E+01  1.6296E+02  1.3365E+02  1.7052E-01  6.0897E+02  6.8822E+00 -6.0763E+02
  4.8874E+01  1.6302E+02  1.3365E+02  1.7052E-01  6.0894E+02  6.8809E+00 -6.0761E+02
  4.8892E+01  1.6307E+02  1.3365E+02  1.7052E-01  6.0892E+02  6.8796E+00 -6.0759E+02
  4.8909E+01  1.6313E+02  1.3365E+02  1.7052E-01  6.0890E+02  6.8784E+00 -6.0757E+02
  4.8926E+01  1.6319E+02  1.3365E+02  1.7052E-01  6.0888E+02  6.8771E+00 -6.0755E+02
  4.8944E+01  1.6325E+02  1.3365E+02  1.7051E-01  6.0886E+02  6.8758E+00 -6.0752E+02
  4.8961E+01  1.6331E+02  1.3365E+02  1.7051E-01  6.0884E+02  6.8746E+00 -6.0750E+02
  4.8978E+01  1.6336E+02  1.3365E+02  1.7051E-01  6.0882E+02  6.8733E+00 -6.0748E+02
  4.8996E+01  1.6342E+02  1.3365E+02  1.7051E-01  6.0880E+02  6.8720E+00 -6.0746E+02
  4.9013E+01  1.6348E+02  1.3365E+02  1.7051E-01  6.0878E+02  6.8708E+00 -6.0744E+02
  4.9030E+01  1.6354E+02  1.3365E+02  1.7051E-01  6.0876E+02  6.8695E+00 -6.0742E+02
  4.9048E+01  1.6359E+02  1.3365E+02  1.7051E-01  6.0874E+02  6.8682E+00 -6.0740E+02
  4.9065E+01  1.6365E+02  1.3365E+02  1.7051E-01  6.0871E+02  6.8670E+00 -6.0738E+02
  4.9082E+01  1.6371E+02  1.3365E+02  1.7051E-01  6.0869E+02  6.8657E+00 -6.0736E+02
  4.9099E+01  1.6377E+02  1.3365E+02  1.7051E-01  6.0867E+02  6.8644E+00 -6.0734E+02
  4.9117E+01  1.6383E+02  1.3365E+02  1.7051E-01  6.0865E+02  6.8632E+00 -6.0732E+02
  4.9134E+01  1.6388E+02  1.3365E+02  1.7051E-01  6.0863E+02  6.8619E+00 -6.0730E+02
  4.9151E+01  1.6394E+02  1.3365E+02  1.7051E-01  6.0861E+02  6.8606E+00 -6.0728E+02
  4.9169E+01  1.6400E+02  1.3365E+02  1.7051E-01  6.0859E+02  6.8594E+00 -6.0726E+02
  4.9179E+01  1.6403E+02  1.3365E+02  1.7051E-01  6.0857E+02  6.8586E+00 -6.0724E+02
  4.9186E+01  1.6406E+02  1.3365E+02  1.7051E-01  6.0857E+02  6.8581E+00 -6.0723E+02
  4.9203E+01  1.6411E+02  1.3365E+02  1.7051E-01  6.0854E+02  6.8569E+00 -6.0721E+02
  4.9221E+01  1.6417E+02  1.3365E+02  1.7050E-01  6.0852E+02  6.8556E+00 -6.0719E+02
  4.9238E+01  1.6423E+02  1.3365E+02  1.7050E-01  6.0850E+02  6.8544E+00 -6.0717E+02
  4.9255E+01  1.6429E+02  1.3365E+02  1.7050E-01  6.0848E+02  6.8531E+00 -6.0715E+02
  4.9273E+01  1.6434E+02  1.3365E+02  1.7050E-01  6.0846E+02  6.8519E+00 -6.0713E+02
  4.9290E+01  1.6440E+02  1.3365E+02  1.7050E-01  6.0844E+02  6.8506E+00 -6.0711E+02
  4.9307E+01  1.6446E+02  1.3365E+02  1.7050E-01  6.0841E+02  6.8494E+00 -6.0709E+02
  4.9324E+01  1.6452E+02  1.3365E+02  1.7050E-01  6.0839E+02  6.8481E+00 -6.0707E+02
  4.9360E+01  1.6464E+02  1.3365E+02  1.7050E-01  6.0835E+02  6.8456E+00 -6.0702E+02
