  1.6200E+01  5.4081E+01  3.9855E-03  4.8835E-01  4.4225E-02  4.0775E-01  4.4066E-02
  1.6207E+01  5.4102E+01  3.9880E-03  4.8865E-01  4.4227E-02  4.0775E-01  4.4068E-02
  1.6215E+01  5.4128E+01  3.9909E-03  4.8899E-01  4.4229E-02  4.0776E-01  4.4070E-02
  1.6223E+01  5.4154E+01  3.9938E-03  4.8933E-01  4.4231E-02  4.0776E-01  4.4072E-02
  1.6230E+01  5.4180E+01  3.9967E-03  4.8968E-01  4.4233E-02  4.0777E-01  4.4074E-02
  1.6238E+01  5.4206E+01  3.9996E-03  4.9002E-01  4.4234E-02  4.0777E-01  4.4076E-02
  1.6246E+01  5.4232E+01  4.0025E-03  4.9036E-01  4.4236E-02  4.0778E-01  4.4078E-02
  1.6254E+01  5.4258E+01  4.0054E-03  4.9070E-01  4.4238E-02  4.0778E-01  4.4080E-02
  1.6261E+01  5.4283E+01  4.0083E-03  4.9103E-01  4.4240E-02  4.0779E-01  4.4082E-02
  1.6269E+01  5.4309E+01  4.0112E-03  4.9138E-01  4.4242E-02  4.0779E-01  4.4084E-02
  1.6277E+01  5.4335E+01  4.0141E-03  4.9172E-01  4.4244E-02  4.0780E-01  4.4086E-02
  1.6284E+01  5.4361E+01  4.0170E-03  4.9206E-01  4.4245E-02  4.0780E-01  4.4088E-02
  1.6292E+01  5.4386E+01  4.0199E-03  4.9240E-01  4.4247E-02  4.0781E-01  4.4090E-02
  1.6300E+01  5.4412E+01  4.0228E-03  4.9274E-01  4.4249E-02  4.0782E-01  4.4092E-02
  1.6308E+01  5.4438E+01  4.0257E-03  4.9309E-01  4.4251E-02  4.0782E-01  4.4095E-02
  1.6316E+01  5.4464E+01  4.0285E-03  4.9343E-01  4.4253E-02  4.0783E-01  4.4097E-02
  1.6323E+01  5.4489E+01  4.0314E-03  4.9376E-01  4.4254E-02  4.0783E-01  4.4099E-02
  1.6331E+01  5.4515E+01  4.0343E-03  4.9410E-01  4.4256E-02  4.0784E-01  4.4101E-02
  1.6339E+01  5.4541E+01  4.0372E-03  4.9444E-01  4.4258E-02  4.0784E-01  4.4103E-02
  1.6346E+01  5.4567E+01  4.0401E-03  4.9479E-01  4.4260E-02  4.0785E-01  4.4105E-02
  1.6354E+01  5.4593E+01  4.0430E-03  4.9513E-01  4.4262E-02  4.0786E-01  4.4107E-02
  1.6362E+01  5.4619E+01  4.0459E-03  4.9547E-01  4.4264E-02  4.0786E-01  4.4109E-02
  1.6370E+01  5.4645E+01  4.0488E-03  4.9581E-01  4.4265E-02  4.0787E-01  4.4111E-02
  1.6377E+01  5.4671E+01  4.0517E-03  4.9616E-01  4.4267E-02  4.0787E-01  4.4113E-02
  1.6385E+01  5.4696E+01  4.0545E-03  4.9649E-01  4.4269E-02  4.0788E-01  4.4115E-02
  1.6393E+01  5.4722E+01  4.0574E-03  4.9683E-01  4.4271E-02  4.0789E-01  4.4117E-02
  1.6400E+01  5.4748E+01  4.0603E-03  4.9717E-01  4.4273E-02  4.0789E-01  4.4119E-02
  1.6408E+01  5.4774E+01  4.0632E-03  4.9751E-01  4.4275E-02  4.0790E-01  4.4121E-02
  1.6416E+01  5.4799E+01  4.0661E-03  4.9786E-01  4.4263E-02  4.0814E-01  4.4109E-02
  1.6424E+01  5.4825E+01  4.0689E-03  4.9819E-01  4.2745E-02  4.1084E-01  4.2584E-02
  1.6432E+01  5.4851E+01  4.0717E-03  4.9852E-01  4.0634E-02  4.1084E-01  4.0465E-02
  1.6439E+01  5.4877E+01  4.0743E-03  4.9882E-01  3.8523E-02  4.1085E-01  3.8345E-02
  1.6447E+01  5.4902E+01  4.0767E-03  4.9910E-01  3.6469E-02  4.1085E-01  3.6281E-02
  1.6455E+01  5.4928E+01  4.0790E-03  4.9938E-01  3.4358E-02  4.1085E-01  3.4158E-02
  1.6462E+01  5.4954E+01  4.0812E-03  4.9963E-01  3.2247E-02  4.1086E-01  3.2035E-02
  1.6470E+01  5.4980E+01  4.0833E-03  4.9987E-01  3.0137E-02  4.1086E-01  2.9910E-02
  1.6478E+01  5.5006E+01  4.0852E-03  5.0010E-01  2.8028E-02  4.1086E-01  2.7784E-02
  1.6486E+01  5.5032E+01  4.0870E-03  5.0031E-01  2.5922E-02  4.1087E-01  2.5658E-02
  1.6493E+01  5.5058E+01  4.0886E-03  5.0050E-01  2.3818E-02  4.1087E-01  2.3530E-02
  1.6501E+01  5.5084E+01  4.0902E-03  5.0067E-01  2.1717E-02  4.1087E-01  2.1402E-02
  1.6509E+01  5.5110E+01  4.0915E-03  5.0083E-01  1.9622E-02  4.1087E-01  1.9273E-02
  1.6517E+01  5.5135E+01  4.0928E-03  5.0097E-01  1.7591E-02  4.1088E-01  1.7201E-02
  1.6524E+01  5.5161E+01  4.0939E-03  5.0109E-01  1.5515E-02  4.1088E-01  1.5071E-02
  1.6532E+01  5.5187E+01  4.0949E-03  5.0120E-01  1.3454E-02  4.1088E-01  1.2940E-02
  1.6540E+01  5.5212E+01  4.0957E-03  5.0129E-01  1.1419E-02  4.1088E-01  1.0809E-02
  1.6548E+01  5.5238E+01  4.0964E-03  5.0137E-01  9.4267E-03  4.1089E-01  8.6777E-03
  1.6555E+01  5.5264E+01  4.0970E-03  5.0143E-01  7.5105E-03  4.1089E-01  6.5460E-03
  1.6563E+01  5.5290E+01  4.0975E-03  5.0147E-01  5.7480E-03  4.1089E-01  4.4141E-03
  1.6571E+01  5.5316E+01  4.0978E-03  5.0150E-01  4.7575E-03  4.0802E-01  3.0445E-03
  1.6578E+01  5.5341E+01  4.0981E-03  5.0152E-01  4.7546E-03  4.0798E-01  3.0407E-03
  1.6586E+01  5.5367E+01  4.0984E-03  5.0154E-01  4.7558E-03  4.0798E-01  3.0427E-03
  1.6594E+01  5.5393E+01  4.0986E-03  5.0157E-01  4.7570E-03  4.0799E-01  3.0448E-03
  1.6602E+01  5.5419E+01  4.0989E-03  5.0159E-01  4.7582E-03  4.0799E-01  3.0468E-03
  1.6610E+01  5.5445E+01  4.0992E-03  5.0161E-01  4.7594E-03  4.0800E-01  3.0488E-03
  1.6617E+01  5.5471E+01  4.0995E-03  5.0164E-01  4.7606E-03  4.0800E-01  3.0508E-03
  1.6625E+01  5.5497E+01  4.0998E-03  5.0166E-01  4.7618E-03  4.0801E-01  3.0529E-03
  1.6633E+01  5.5523E+01  4.1001E-03  5.0168E-01  4.7630E-03  4.0801E-01  3.0549E-03
  1.6640E+01  5.5548E+01  4.1004E-03  5.0171E-01  4.7642E-03  4.0802E-01  3.0569E-03
  1.6648E+01  5.5574E+01  4.1007E-03  5.0173E-01  4.7654E-03  4.0802E-01  3.0589E-03
  1.6656E+01  5.5600E+01  4.1010E-03  5.0175E-01  4.7666E-03  4.0803E-01  3.0609E-03
  1.6664E+01  5.5625E+01  4.1013E-03  5.0178E-01  4.7678E-03  4.0803E-01  3.0630E-03
  1.6671E+01  5.5651E+01  4.1015E-03  5.0180E-01  4.7690E-03  4.0804E-01  3.0650E-03
  1.6679E+01  5.5677E+01  4.1018E-03  5.0183E-01  4.7702E-03  4.0804E-01  3.0670E-03
  1.6687E+01  5.5703E+01  4.1021E-03  5.0185E-01  4.7714E-03  4.0805E-01  3.0690E-03
  1.6695E+01  5.5729E+01  4.1024E-03  5.0187E-01  4.7726E-03  4.0805E-01  3.0711E-03
  1.6702E+01  5.5754E+01  4.1027E-03  5.0190E-01  4.7738E-03  4.0806E-01  3.0730E-03
  1.6710E+01  5.5780E+01  4.1030E-03  5.0192E-01  4.7750E-03  4.0806E-01  3.0751E-03
  1.6718E+01  5.5806E+01  4.1033E-03  5.0194E-01  4.7762E-03  4.0807E-01  3.0771E-03
  1.6726E+01  5.5832E+01  4.1036E-03  5.0197E-01  4.7774E-03  4.0807E-01  3.0791E-03
  1.6733E+01  5.5858E+01  4.1039E-03  5.0199E-01  4.7786E-03  4.0808E-01  3.0812E-03
  1.6741E+01  5.5884E+01  4.1042E-03  5.0202E-01  4.7798E-03  4.0808E-01  3.0832E-03
  1.6749E+01  5.5910E+01  4.1044E-03  5.0204E-01  4.7810E-03  4.0809E-01  3.0852E-03
  1.6757E+01  5.5936E+01  4.1047E-03  5.0206E-01  4.7823E-03  4.0809E-01  3.0872E-03
  1.6764E+01  5.5961E+01  4.1050E-03  5.0209E-01  4.7835E-03  4.0810E-01  3.0892E-03
  1.6772E+01  5.5987E+01  4.1053E-03  5.0211E-01  4.7846E-03  4.0810E-01  3.0912E-03
  1.6780E+01  5.6013E+01  4.1056E-03  5.0213E-01  4.7859E-03  4.0811E-01  3.0932E-03
  1.6787E+01  5.6038E+01  4.1059E-03  5.0216E-01  4.7871E-03  4.0811E-01  3.0953E-03
  1.6795E+01  5.6064E+01  4.1062E-03  5.0218E-01  4.7883E-03  4.0812E-01  3.0973E-03
  1.6803E+01  5.6090E+01  4.1065E-03  5.0221E-01  4.7895E-03  4.0812E-01  3.0993E-03
  1.6811E+01  5.6116E+01  4.1068E-03  5.0223E-01  4.7907E-03  4.0813E-01  3.1013E-03
  1.6819E+01  5.6142E+01  4.1071E-03  5.0225E-01  4.7919E-03  4.0814E-01  3.1034E-03
  1.6826E+01  5.6168E+01  4.1073E-03  5.0228E-01  4.7931E-03  4.0814E-01  3.1054E-03
  1.6834E+01  5.6193E+01  4.1076E-03  5.0230E-01  4.7943E-03  4.0815E-01  3.1073E-03
  1.6842E+01  5.6219E+01  4.1079E-03  5.0233E-01  4.7955E-03  4.0815E-01  3.1094E-03
  1.6849E+01  5.6245E+01  4.1082E-03  5.0235E-01  4.7967E-03  4.0816E-01  3.1114E-03
  1.6857E+01  5.6271E+01  4.1085E-03  5.0237E-01  4.7980E-03  4.0816E-01  3.1134E-03
  1.6865E+01  5.6297E+01  4.1088E-03  5.0240E-01  4.7992E-03  4.0817E-01  3.1154E-03
  1.6873E+01  5.6323E+01  4.1091E-03  5.0242E-01  4.8004E-03  4.0818E-01  3.1174E-03
  1.6880E+01  5.6349E+01  4.1094E-03  5.0245E-01  4.8016E-03  4.0818E-01  3.1195E-03
  1.6888E+01  5.6374E+01  4.1097E-03  5.0247E-01  4.8028E-03  4.0819E-01  3.1215E-03
  1.6896E+01  5.6400E+01  4.1100E-03  5.0249E-01  4.8040E-03  4.0819E-01  3.1235E-03
  1.6904E+01  5.6426E+01  4.1102E-03  5.0252E-01  4.8052E-03  4.0820E-01  3.1255E-03
  1.6911E+01  5.6451E+01  4.1105E-03  5.0254E-01  4.8065E-03  4.0820E-01  3.1275E-03
  1.6919E+01  5.6477E+01  4.1108E-03  5.0257E-01  4.8077E-03  4.0821E-01  3.1295E-03
  1.6927E+01  5.6503E+01  4.1111E-03  5.0259E-01  4.7616E-03  4.0883E-01  3.0518E-03
  1.6935E+01  5.6529E+01  4.1114E-03  5.0261E-01  4.3895E-03  4.0902E-01  2.4285E-03
  1.6942E+01  5.6555E+01  4.1116E-03  5.0263E-01  4.0671E-03  4.0902E-01  1.7808E-03
  1.6950E+01  5.6581E+01  4.1118E-03  5.0264E-01  3.8280E-03  4.0903E-01  1.1332E-03
  1.6958E+01  5.6606E+01  4.1119E-03  5.0265E-01  3.6909E-03  4.0904E-01  5.0301E-04
  1.6965E+01  5.6632E+01  4.1120E-03  5.0265E-01  3.6593E-03  4.0904E-01 -1.4466E-04
  1.6973E+01  5.6658E+01  4.1121E-03  5.0264E-01  3.7414E-03  4.0905E-01 -7.9234E-04
  1.6981E+01  5.6684E+01  4.1121E-03  5.0264E-01  3.9300E-03  4.0905E-01 -1.4400E-03
  1.6989E+01  5.6710E+01  4.1121E-03  5.0262E-01  4.2108E-03  4.0906E-01 -2.0877E-03
  1.6996E+01  5.6736E+01  4.1120E-03  5.0260E-01  4.5668E-03  4.0906E-01 -2.7353E-03
  1.7004E+01  5.6762E+01  4.1119E-03  5.0258E-01  4.9819E-03  4.0907E-01 -3.3829E-03
  1.7012E+01  5.6787E+01  4.1118E-03  5.0255E-01  5.4426E-03  4.0907E-01 -4.0305E-03
  1.7020E+01  5.6813E+01  4.1116E-03  5.0252E-01  5.9383E-03  4.0908E-01 -4.6780E-03
  1.7027E+01  5.6839E+01  4.1114E-03  5.0248E-01  6.4464E-03  4.0908E-01 -5.3080E-03
  1.7035E+01  5.6864E+01  4.1111E-03  5.0244E-01  6.9894E-03  4.0909E-01 -5.9554E-03
  1.7043E+01  5.6890E+01  4.1108E-03  5.0239E-01  7.5488E-03  4.0910E-01 -6.6028E-03
  1.7051E+01  5.6916E+01  4.1104E-03  5.0233E-01  8.1212E-03  4.0910E-01 -7.2501E-03
  1.7058E+01  5.6942E+01  4.1101E-03  5.0227E-01  8.7041E-03  4.0911E-01 -7.8973E-03
  1.7066E+01  5.6968E+01  4.1096E-03  5.0221E-01  9.2955E-03  4.0911E-01 -8.5445E-03
  1.7074E+01  5.6994E+01  4.1091E-03  5.0214E-01  9.8901E-03  4.0906E-01 -9.1879E-03
  1.7082E+01  5.7020E+01  4.1086E-03  5.0207E-01  1.0063E-02  4.0835E-01 -9.3760E-03
  1.7089E+01  5.7045E+01  4.1082E-03  5.0200E-01  1.0061E-02  4.0835E-01 -9.3740E-03
  1.7097E+01  5.7071E+01  4.1076E-03  5.0193E-01  1.0060E-02  4.0836E-01 -9.3720E-03
  1.7105E+01  5.7097E+01  4.1071E-03  5.0185E-01  1.0058E-02  4.0837E-01 -9.3700E-03
  1.7113E+01  5.7123E+01  4.1066E-03  5.0178E-01  1.0056E-02  4.0837E-01 -9.3680E-03
  1.7120E+01  5.7149E+01  4.1061E-03  5.0171E-01  1.0055E-02  4.0838E-01 -9.3660E-03
  1.7128E+01  5.7175E+01  4.1056E-03  5.0164E-01  1.0053E-02  4.0839E-01 -9.3640E-03
  1.7136E+01  5.7200E+01  4.1051E-03  5.0156E-01  1.0051E-02  4.0839E-01 -9.3619E-03
  1.7144E+01  5.7226E+01  4.1046E-03  5.0149E-01  1.0050E-02  4.0840E-01 -9.3599E-03
  1.7151E+01  5.7252E+01  4.1041E-03  5.0142E-01  1.0048E-02  4.0841E-01 -9.3580E-03
  1.7159E+01  5.7277E+01  4.1036E-03  5.0135E-01  1.0046E-02  4.0841E-01 -9.3560E-03
  1.7167E+01  5.7303E+01  4.1031E-03  5.0127E-01  1.0045E-02  4.0842E-01 -9.3539E-03
  1.7174E+01  5.7329E+01  4.1026E-03  5.0120E-01  1.0043E-02  4.0843E-01 -9.3519E-03
  1.7182E+01  5.7355E+01  4.1021E-03  5.0113E-01  1.0042E-02  4.0843E-01 -9.3499E-03
  1.7190E+01  5.7381E+01  4.1016E-03  5.0106E-01  1.0040E-02  4.0844E-01 -9.3479E-03
  1.7198E+01  5.7407E+01  4.1011E-03  5.0098E-01  1.0038E-02  4.0845E-01 -9.3459E-03
  1.7205E+01  5.7433E+01  4.1006E-03  5.0091E-01  1.0037E-02  4.0845E-01 -9.3439E-03
  1.7213E+01  5.7458E+01  4.1001E-03  5.0084E-01  1.0035E-02  4.0846E-01 -9.3419E-03
  1.7221E+01  5.7484E+01  4.0996E-03  5.0077E-01  1.0033E-02  4.0847E-01 -9.3399E-03
  1.7229E+01  5.7510E+01  4.0991E-03  5.0070E-01  1.0032E-02  4.0848E-01 -9.3379E-03
  1.7236E+01  5.7536E+01  4.0986E-03  5.0062E-01  1.0030E-02  4.0848E-01 -9.3359E-03
  1.7244E+01  5.7562E+01  4.0981E-03  5.0055E-01  1.0028E-02  4.0849E-01 -9.3339E-03
  1.7252E+01  5.7588E+01  4.0976E-03  5.0048E-01  1.0027E-02  4.0850E-01 -9.3319E-03
  1.7260E+01  5.7613E+01  4.0971E-03  5.0041E-01  1.0025E-02  4.0851E-01 -9.3299E-03
  1.7267E+01  5.7639E+01  4.0965E-03  5.0033E-01  1.0023E-02  4.0851E-01 -9.3279E-03
  1.7275E+01  5.7665E+01  4.0961E-03  5.0026E-01  1.0022E-02  4.0852E-01 -9.3259E-03
  1.7283E+01  5.7690E+01  4.0955E-03  5.0019E-01  1.0020E-02  4.0853E-01 -9.3239E-03
  1.7289E+01  5.7713E+01  4.0951E-03  5.0013E-01  1.0019E-02  4.0853E-01 -9.3222E-03
  1.7290E+01  5.7716E+01  4.0950E-03  5.0012E-01  1.0018E-02  4.0853E-01 -9.3219E-03
  1.7298E+01  5.7742E+01  4.0945E-03  5.0005E-01  1.0017E-02  4.0854E-01 -9.3199E-03
  1.7306E+01  5.7768E+01  4.0940E-03  4.9997E-01  1.0015E-02  4.0855E-01 -9.3179E-03
  1.7314E+01  5.7794E+01  4.0935E-03  4.9990E-01  1.0014E-02  4.0856E-01 -9.3159E-03
  1.7322E+01  5.7820E+01  4.0930E-03  4.9983E-01  1.0012E-02  4.0856E-01 -9.3139E-03
  1.7329E+01  5.7846E+01  4.0925E-03  4.9976E-01  1.0010E-02  4.0857E-01 -9.3118E-03
  1.7337E+01  5.7872E+01  4.0920E-03  4.9969E-01  1.0009E-02  4.0858E-01 -9.3098E-03
  1.7345E+01  5.7897E+01  4.0915E-03  4.9961E-01  1.0007E-02  4.0859E-01 -9.3079E-03
  1.7352E+01  5.7923E+01  4.0910E-03  4.9954E-01  1.0005E-02  4.0859E-01 -9.3059E-03
  1.7360E+01  5.7949E+01  4.0905E-03  4.9947E-01  1.0004E-02  4.0860E-01 -9.3039E-03
  1.7368E+01  5.7975E+01  4.0900E-03  4.9940E-01  1.0002E-02  4.0861E-01 -9.3019E-03
  1.7376E+01  5.8001E+01  4.0895E-03  4.9933E-01  1.0000E-02  4.0862E-01 -9.2999E-03
  1.7383E+01  5.8026E+01  4.0890E-03  4.9925E-01  9.9987E-03  4.0862E-01 -9.2978E-03
  1.7391E+01  5.8052E+01  4.0885E-03  4.9918E-01  9.9971E-03  4.0863E-01 -9.2958E-03
  1.7399E+01  5.8078E+01  4.0880E-03  4.9911E-01  9.9954E-03  4.0864E-01 -9.2938E-03
  1.7407E+01  5.8103E+01  4.0875E-03  4.9904E-01  9.9938E-03  4.0865E-01 -9.2919E-03
  1.7414E+01  5.8129E+01  4.0870E-03  4.9897E-01  9.8686E-03  4.0755E-01 -9.1608E-03
  1.7422E+01  5.8155E+01  4.0865E-03  4.9890E-01  8.5099E-03  4.0707E-01 -7.6797E-03
  1.7430E+01  5.8181E+01  4.0862E-03  4.9885E-01  7.1172E-03  4.0708E-01 -6.1001E-03
  1.7438E+01  5.8207E+01  4.0859E-03  4.9881E-01  5.8209E-03  4.0709E-01 -4.5206E-03
  1.7445E+01  5.8233E+01  4.0858E-03  4.9878E-01  4.7011E-03  4.0709E-01 -2.9413E-03
  1.7453E+01  5.8259E+01  4.0857E-03  4.9876E-01  3.9123E-03  4.0710E-01 -1.3620E-03
  1.7461E+01  5.8285E+01  4.0858E-03  4.9876E-01  3.6741E-03  4.0711E-01  2.1726E-04
  1.7468E+01  5.8310E+01  4.0859E-03  4.9876E-01  4.0654E-03  4.0712E-01  1.7538E-03
  1.7476E+01  5.8336E+01  4.0862E-03  4.9878E-01  4.9559E-03  4.0713E-01  3.3331E-03
  1.7484E+01  5.8362E+01  4.0865E-03  4.9882E-01  6.1305E-03  4.0714E-01  4.9125E-03
  1.7492E+01  5.8388E+01  4.0870E-03  4.9886E-01  7.4561E-03  4.0715E-01  6.4920E-03
  1.7499E+01  5.8414E+01  4.0875E-03  4.9892E-01  8.8655E-03  4.0716E-01  8.0716E-03
  1.7507E+01  5.8439E+01  4.0881E-03  4.9899E-01  1.0324E-02  4.0717E-01  9.6515E-03
  1.7515E+01  5.8465E+01  4.0889E-03  4.9907E-01  1.1815E-02  4.0718E-01  1.1232E-02
  1.7523E+01  5.8491E+01  4.0897E-03  4.9916E-01  1.3326E-02  4.0719E-01  1.2812E-02
  1.7530E+01  5.8516E+01  4.0907E-03  4.9926E-01  1.4810E-02  4.0720E-01  1.4350E-02
  1.7538E+01  5.8542E+01  4.0917E-03  4.9938E-01  1.6347E-02  4.0721E-01  1.5931E-02
  1.7546E+01  5.8568E+01  4.0929E-03  4.9951E-01  1.7891E-02  4.0722E-01  1.7512E-02
  1.7554E+01  5.8594E+01  4.0941E-03  4.9965E-01  1.9442E-02  4.0723E-01  1.9094E-02
  1.7561E+01  5.8620E+01  4.0955E-03  4.9981E-01  2.0994E-02  4.0730E-01  2.0672E-02
  1.7569E+01  5.8646E+01  4.0969E-03  4.9997E-01  2.1552E-02  4.0881E-01  2.1237E-02
  1.7577E+01  5.8672E+01  4.0983E-03  5.0013E-01  2.1554E-02  4.0882E-01  2.1239E-02
  1.7585E+01  5.8698E+01  4.0997E-03  5.0030E-01  2.1556E-02  4.0883E-01  2.1241E-02
  1.7592E+01  5.8724E+01  4.1012E-03  5.0046E-01  2.1558E-02  4.0884E-01  2.1243E-02
  1.7600E+01  5.8749E+01  4.1026E-03  5.0062E-01  2.1559E-02  4.0885E-01  2.1245E-02
  1.7608E+01  5.8775E+01  4.1040E-03  5.0079E-01  2.1561E-02  4.0886E-01  2.1247E-02
  1.7616E+01  5.8801E+01  4.1054E-03  5.0095E-01  2.1563E-02  4.0887E-01  2.1249E-02
  1.7623E+01  5.8827E+01  4.1069E-03  5.0112E-01  2.1565E-02  4.0887E-01  2.1251E-02
  1.7631E+01  5.8852E+01  4.1083E-03  5.0128E-01  2.1567E-02  4.0888E-01  2.1253E-02
  1.7639E+01  5.8878E+01  4.1097E-03  5.0145E-01  2.1568E-02  4.0889E-01  2.1255E-02
  1.7647E+01  5.8904E+01  4.1112E-03  5.0161E-01  2.1570E-02  4.0890E-01  2.1257E-02
  1.7654E+01  5.8930E+01  4.1126E-03  5.0178E-01  2.1572E-02  4.0891E-01  2.1259E-02
  1.7662E+01  5.8955E+01  4.1140E-03  5.0194E-01  2.1574E-02  4.0892E-01  2.1261E-02
  1.7670E+01  5.8981E+01  4.1154E-03  5.0210E-01  2.1575E-02  4.0893E-01  2.1263E-02
  1.7677E+01  5.9007E+01  4.1169E-03  5.0227E-01  2.1577E-02  4.0893E-01  2.1265E-02
  1.7685E+01  5.9033E+01  4.1183E-03  5.0243E-01  2.1579E-02  4.0894E-01  2.1267E-02
  1.7693E+01  5.9059E+01  4.1197E-03  5.0260E-01  2.1581E-02  4.0895E-01  2.1269E-02
  1.7701E+01  5.9085E+01  4.1212E-03  5.0276E-01  2.1582E-02  4.0896E-01  2.1271E-02
  1.7709E+01  5.9111E+01  4.1226E-03  5.0293E-01  2.1584E-02  4.0897E-01  2.1273E-02
  1.7716E+01  5.9137E+01  4.1240E-03  5.0309E-01  2.1586E-02  4.0898E-01  2.1275E-02
  1.7724E+01  5.9162E+01  4.1254E-03  5.0325E-01  2.1588E-02  4.0899E-01  2.1277E-02
  1.7732E+01  5.9188E+01  4.1269E-03  5.0342E-01  2.1590E-02  4.0900E-01  2.1279E-02
  1.7739E+01  5.9214E+01  4.1283E-03  5.0358E-01  2.1591E-02  4.0901E-01  2.1281E-02
  1.7747E+01  5.9240E+01  4.1297E-03  5.0375E-01  2.1593E-02  4.0902E-01  2.1283E-02
  1.7755E+01  5.9265E+01  4.1312E-03  5.0391E-01  2.1595E-02  4.0902E-01  2.1285E-02
  1.7763E+01  5.9291E+01  4.1326E-03  5.0408E-01  2.1597E-02  4.0903E-01  2.1287E-02
  1.7770E+01  5.9317E+01  4.1340E-03  5.0424E-01  2.1598E-02  4.0904E-01  2.1289E-02
  1.7778E+01  5.9343E+01  4.1354E-03  5.0441E-01  2.1600E-02  4.0905E-01  2.1291E-02
  1.7786E+01  5.9368E+01  4.1368E-03  5.0457E-01  2.1602E-02  4.0906E-01  2.1293E-02
  1.7794E+01  5.9394E+01  4.1383E-03  5.0473E-01  2.1604E-02  4.0907E-01  2.1294E-02
  1.7801E+01  5.9420E+01  4.1397E-03  5.0490E-01  2.1605E-02  4.0908E-01  2.1296E-02
  1.7809E+01  5.9446E+01  4.1411E-03  5.0507E-01  2.1607E-02  4.0909E-01  2.1298E-02
  1.7817E+01  5.9472E+01  4.1426E-03  5.0523E-01  2.1609E-02  4.0910E-01  2.1300E-02
  1.7825E+01  5.9498E+01  4.1440E-03  5.0540E-01  2.1611E-02  4.0911E-01  2.1302E-02
  1.7832E+01  5.9524E+01  4.1454E-03  5.0556E-01  2.1612E-02  4.0912E-01  2.1304E-02
  1.7840E+01  5.9550E+01  4.1469E-03  5.0573E-01  2.1614E-02  4.0913E-01  2.1306E-02
  1.7848E+01  5.9576E+01  4.1483E-03  5.0589E-01  2.1616E-02  4.0914E-01  2.1308E-02
  1.7855E+01  5.9601E+01  4.1497E-03  5.0605E-01  2.1618E-02  4.0914E-01  2.1310E-02
  1.7863E+01  5.9627E+01  4.1511E-03  5.0622E-01  2.1619E-02  4.0915E-01  2.1312E-02
  1.7871E+01  5.9653E+01  4.1526E-03  5.0638E-01  2.1621E-02  4.0916E-01  2.1314E-02
  1.7879E+01  5.9678E+01  4.1540E-03  5.0655E-01  2.1623E-02  4.0917E-01  2.1316E-02
  1.7886E+01  5.9704E+01  4.1554E-03  5.0671E-01  2.1625E-02  4.0918E-01  2.1318E-02
  1.7894E+01  5.9730E+01  4.1569E-03  5.0688E-01  2.1627E-02  4.0919E-01  2.1320E-02
  1.7902E+01  5.9756E+01  4.1583E-03  5.0704E-01  2.1681E-02  4.0868E-01  2.1376E-02
  1.7910E+01  5.9782E+01  4.1598E-03  5.0721E-01  2.2466E-02  4.0835E-01  2.2173E-02
  1.7917E+01  5.9807E+01  4.1612E-03  5.0738E-01  2.3299E-02  4.0836E-01  2.3017E-02
  1.7925E+01  5.9833E+01  4.1628E-03  5.0757E-01  2.4157E-02  4.0837E-01  2.3885E-02
  1.7933E+01  5.9859E+01  4.1644E-03  5.0775E-01  2.5016E-02  4.0838E-01  2.4754E-02
  1.7941E+01  5.9885E+01  4.1661E-03  5.0795E-01  2.5876E-02  4.0839E-01  2.5622E-02
  1.7948E+01  5.9911E+01  4.1678E-03  5.0815E-01  2.6737E-02  4.0840E-01  2.6492E-02
  1.7956E+01  5.9937E+01  4.1696E-03  5.0836E-01  2.7598E-02  4.0841E-01  2.7361E-02
  1.7964E+01  5.9963E+01  4.1715E-03  5.0858E-01  2.8461E-02  4.0842E-01  2.8231E-02
  1.7972E+01  5.9989E+01  4.1734E-03  5.0880E-01  2.9324E-02  4.0843E-01  2.9101E-02
  1.7979E+01  6.0014E+01  4.1753E-03  5.0902E-01  3.0164E-02  4.0845E-01  2.9948E-02
  1.7987E+01  6.0040E+01  4.1773E-03  5.0926E-01  3.1029E-02  4.0846E-01  3.0819E-02
  1.7995E+01  6.0066E+01  4.1793E-03  5.0950E-01  3.1895E-02  4.0847E-01  3.1691E-02
  1.8003E+01  6.0091E+01  4.1815E-03  5.0975E-01  3.2761E-02  4.0848E-01  3.2562E-02
  1.8010E+01  6.0117E+01  4.1836E-03  5.1000E-01  3.3628E-02  4.0849E-01  3.3435E-02
  1.8018E+01  6.0143E+01  4.1859E-03  5.1027E-01  3.4495E-02  4.0850E-01  3.4307E-02
  1.8026E+01  6.0169E+01  4.1881E-03  5.1054E-01  3.5364E-02  4.0851E-01  3.5180E-02
  1.8034E+01  6.0195E+01  4.1905E-03  5.1081E-01  3.6233E-02  4.0852E-01  3.6054E-02
  1.8041E+01  6.0220E+01  4.1928E-03  5.1109E-01  3.7079E-02  4.0854E-01  3.6904E-02
  1.8049E+01  6.0246E+01  4.1953E-03  5.1138E-01  3.7948E-02  4.0857E-01  3.7778E-02
  1.8057E+01  6.0272E+01  4.1978E-03  5.1167E-01  3.8316E-02  4.0942E-01  3.8147E-02
  1.8064E+01  6.0298E+01  4.2003E-03  5.1197E-01  3.8318E-02  4.0943E-01  3.8149E-02
  1.8072E+01  6.0324E+01  4.2028E-03  5.1226E-01  3.8320E-02  4.0944E-01  3.8151E-02
  1.8080E+01  6.0350E+01  4.2053E-03  5.1256E-01  3.8321E-02  4.0945E-01  3.8153E-02
  1.8088E+01  6.0376E+01  4.2078E-03  5.1286E-01  3.8323E-02  4.0947E-01  3.8155E-02
  1.8095E+01  6.0402E+01  4.2103E-03  5.1315E-01  3.8325E-02  4.0948E-01  3.8157E-02
  1.8103E+01  6.0427E+01  4.2127E-03  5.1344E-01  3.8327E-02  4.0949E-01  3.8159E-02
  1.8111E+01  6.0453E+01  4.2152E-03  5.1374E-01  3.8328E-02  4.0950E-01  3.8161E-02
  1.8119E+01  6.0479E+01  4.2177E-03  5.1403E-01  3.8330E-02  4.0951E-01  3.8163E-02
  1.8126E+01  6.0504E+01  4.2202E-03  5.1433E-01  3.8332E-02  4.0952E-01  3.8165E-02
  1.8134E+01  6.0530E+01  4.2227E-03  5.1462E-01  3.8334E-02  4.0953E-01  3.8167E-02
  1.8142E+01  6.0556E+01  4.2252E-03  5.1492E-01  3.8336E-02  4.0954E-01  3.8169E-02
  1.8150E+01  6.0582E+01  4.2277E-03  5.1522E-01  3.8337E-02  4.0956E-01  3.8171E-02
  1.8157E+01  6.0608E+01  4.2302E-03  5.1551E-01  3.8339E-02  4.0957E-01  3.8173E-02
  1.8165E+01  6.0634E+01  4.2327E-03  5.1581E-01  3.8341E-02  4.0958E-01  3.8174E-02
  1.8173E+01  6.0659E+01  4.2352E-03  5.1610E-01  3.8343E-02  4.0959E-01  3.8176E-02
  1.8180E+01  6.0685E+01  4.2377E-03  5.1639E-01  3.8344E-02  4.0960E-01  3.8178E-02
  1.8188E+01  6.0711E+01  4.2402E-03  5.1669E-01  3.8346E-02  4.0961E-01  3.8180E-02
  1.8196E+01  6.0737E+01  4.2427E-03  5.1699E-01  3.8348E-02  4.0962E-01  3.8182E-02
  1.8204E+01  6.0763E+01  4.2452E-03  5.1728E-01  3.8350E-02  4.0964E-01  3.8184E-02
  1.8212E+01  6.0789E+01  4.2477E-03  5.1758E-01  3.8351E-02  4.0965E-01  3.8186E-02
  1.8219E+01  6.0815E+01  4.2502E-03  5.1787E-01  3.8353E-02  4.0966E-01  3.8188E-02
  1.8227E+01  6.0840E+01  4.2527E-03  5.1817E-01  3.8355E-02  4.0967E-01  3.8190E-02
  1.8235E+01  6.0866E+01  4.2551E-03  5.1846E-01  3.8357E-02  4.0968E-01  3.8192E-02
  1.8242E+01  6.0892E+01  4.2576E-03  5.1875E-01  3.8358E-02  4.0969E-01  3.8194E-02
  1.8250E+01  6.0917E+01  4.2601E-03  5.1905E-01  3.8360E-02  4.0971E-01  3.8196E-02
  1.8258E+01  6.0943E+01  4.2626E-03  5.1935E-01  3.8362E-02  4.0972E-01  3.8198E-02
  1.8266E+01  6.0969E+01  4.2651E-03  5.1964E-01  3.8364E-02  4.0973E-01  3.8200E-02
  1.8273E+01  6.0995E+01  4.2676E-03  5.1994E-01  3.8365E-02  4.0974E-01  3.8202E-02
  1.8281E+01  6.1021E+01  4.2701E-03  5.2024E-01  3.8367E-02  4.0975E-01  3.8204E-02
  1.8289E+01  6.1047E+01  4.2726E-03  5.2053E-01  3.8369E-02  4.0977E-01  3.8206E-02
  1.8297E+01  6.1072E+01  4.2750E-03  5.2082E-01  3.8371E-02  4.0978E-01  3.8207E-02
  1.8304E+01  6.1098E+01  4.2775E-03  5.2112E-01  3.8372E-02  4.0979E-01  3.8209E-02
  1.8312E+01  6.1124E+01  4.2800E-03  5.2141E-01  3.8374E-02  4.0980E-01  3.8211E-02
  1.8320E+01  6.1150E+01  4.2825E-03  5.2171E-01  3.8376E-02  4.0981E-01  3.8213E-02
  1.8328E+01  6.1176E+01  4.2850E-03  5.2201E-01  3.8378E-02  4.0983E-01  3.8215E-02
  1.8335E+01  6.1202E+01  4.2875E-03  5.2230E-01  3.8379E-02  4.0984E-01  3.8217E-02
  1.8343E+01  6.1228E+01  4.2900E-03  5.2260E-01  3.8381E-02  4.0985E-01  3.8219E-02
  1.8351E+01  6.1253E+01  4.2925E-03  5.2290E-01  3.8383E-02  4.0986E-01  3.8221E-02
  1.8358E+01  6.1279E+01  4.2950E-03  5.2318E-01  3.8385E-02  4.0987E-01  3.8223E-02
  1.8366E+01  6.1305E+01  4.2975E-03  5.2348E-01  3.8386E-02  4.0989E-01  3.8225E-02
  1.8374E+01  6.1330E+01  4.3000E-03  5.2378E-01  3.8388E-02  4.0990E-01  3.8227E-02
  1.8382E+01  6.1356E+01  4.3025E-03  5.2407E-01  3.8390E-02  4.0991E-01  3.8229E-02
  1.8389E+01  6.1382E+01  4.3050E-03  5.2437E-01  3.8392E-02  4.0992E-01  3.8231E-02
  1.8397E+01  6.1408E+01  4.3075E-03  5.2467E-01  3.8394E-02  4.0994E-01  3.8233E-02
  1.8405E+01  6.1434E+01  4.3100E-03  5.2496E-01  3.8395E-02  4.0995E-01  3.8235E-02
  1.8409E+01  6.1449E+01  4.3114E-03  5.2513E-01  3.8396E-02  4.0996E-01  3.8236E-02
  1.8413E+01  6.1460E+01  4.3125E-03  5.2526E-01  3.8397E-02  4.0996E-01  3.8237E-02
  1.8421E+01  6.1486E+01  4.3150E-03  5.2556E-01  3.8399E-02  4.0997E-01  3.8238E-02
  1.8428E+01  6.1511E+01  4.3174E-03  5.2585E-01  3.8400E-02  4.0999E-01  3.8240E-02
  1.8436E+01  6.1537E+01  4.3199E-03  5.2614E-01  3.8402E-02  4.1000E-01  3.8242E-02
  1.8444E+01  6.1563E+01  4.3224E-03  5.2644E-01  3.8404E-02  4.1001E-01  3.8244E-02
  1.8451E+01  6.1589E+01  4.3249E-03  5.2673E-01  3.8406E-02  4.1002E-01  3.8246E-02
  1.8459E+01  6.1615E+01  4.3274E-03  5.2703E-01  3.8408E-02  4.1004E-01  3.8248E-02
  1.8467E+01  6.1641E+01  4.3299E-03  5.2733E-01  3.8409E-02  4.1005E-01  3.8250E-02
  1.8475E+01  6.1666E+01  4.3324E-03  5.2762E-01  3.8411E-02  4.1006E-01  3.8252E-02
  1.8482E+01  6.1692E+01  4.3349E-03  5.2792E-01  3.8413E-02  4.1007E-01  3.8254E-02
  1.8490E+01  6.1718E+01  4.3374E-03  5.2821E-01  3.8414E-02  4.1009E-01  3.8256E-02
  1.8498E+01  6.1743E+01  4.3399E-03  5.2851E-01  3.8416E-02  4.1010E-01  3.8258E-02
  1.8506E+01  6.1769E+01  4.3424E-03  5.2880E-01  3.8418E-02  4.1011E-01  3.8260E-02
  1.8513E+01  6.1795E+01  4.3449E-03  5.2910E-01  3.8420E-02  4.1013E-01  3.8262E-02
  1.8521E+01  6.1821E+01  4.3474E-03  5.2940E-01  3.8421E-02  4.1014E-01  3.8263E-02
  1.8529E+01  6.1847E+01  4.3499E-03  5.2969E-01  3.8423E-02  4.1015E-01  3.8265E-02
  1.8537E+01  6.1873E+01  4.3524E-03  5.2999E-01  3.8425E-02  4.1016E-01  3.8267E-02
  1.8544E+01  6.1899E+01  4.3549E-03  5.3029E-01  3.8427E-02  4.1018E-01  3.8269E-02
  1.8552E+01  6.1924E+01  4.3573E-03  5.3058E-01  3.8428E-02  4.1019E-01  3.8271E-02
  1.8560E+01  6.1950E+01  4.3598E-03  5.3087E-01  3.8430E-02  4.1020E-01  3.8273E-02
  1.8567E+01  6.1976E+01  4.3623E-03  5.3117E-01  3.8432E-02  4.1022E-01  3.8275E-02
  1.8575E+01  6.2002E+01  4.3648E-03  5.3147E-01  3.8434E-02  4.1023E-01  3.8277E-02
  1.8583E+01  6.2028E+01  4.3673E-03  5.3176E-01  3.8435E-02  4.1024E-01  3.8279E-02
  1.8591E+01  6.2054E+01  4.3698E-03  5.3206E-01  3.8437E-02  4.1025E-01  3.8281E-02
  1.8598E+01  6.2079E+01  4.3723E-03  5.3236E-01  3.8439E-02  4.1027E-01  3.8283E-02
  1.8606E+01  6.2105E+01  4.3748E-03  5.3266E-01  3.8441E-02  4.1028E-01  3.8285E-02
  1.8614E+01  6.2131E+01  4.3773E-03  5.3294E-01  3.8442E-02  4.1029E-01  3.8286E-02
  1.8622E+01  6.2156E+01  4.3798E-03  5.3324E-01  3.8444E-02  4.1031E-01  3.8288E-02
  1.8629E+01  6.2182E+01  4.3823E-03  5.3354E-01  3.8446E-02  4.1032E-01  3.8290E-02
  1.8637E+01  6.2208E+01  4.3848E-03  5.3384E-01  3.8448E-02  4.1033E-01  3.8292E-02
  1.8645E+01  6.2234E+01  4.3873E-03  5.3413E-01  3.8449E-02  4.1035E-01  3.8294E-02
  1.8653E+01  6.2260E+01  4.3898E-03  5.3443E-01  3.8451E-02  4.1036E-01  3.8296E-02
  1.8660E+01  6.2286E+01  4.3923E-03  5.3473E-01  3.8453E-02  4.1037E-01  3.8298E-02
  1.8668E+01  6.2312E+01  4.3948E-03  5.3502E-01  3.8455E-02  4.1039E-01  3.8300E-02
  1.8676E+01  6.2338E+01  4.3973E-03  5.3532E-01  3.8456E-02  4.1040E-01  3.8302E-02
  1.8683E+01  6.2363E+01  4.3997E-03  5.3561E-01  3.8458E-02  4.1041E-01  3.8304E-02
  1.8691E+01  6.2389E+01  4.4022E-03  5.3591E-01  3.8460E-02  4.1043E-01  3.8306E-02
  1.8699E+01  6.2415E+01  4.4047E-03  5.3620E-01  3.8462E-02  4.1044E-01  3.8307E-02
  1.8707E+01  6.2441E+01  4.4072E-03  5.3650E-01  3.8463E-02  4.1045E-01  3.8309E-02
  1.8715E+01  6.2467E+01  4.4097E-03  5.3680E-01  3.8465E-02  4.1047E-01  3.8311E-02
  1.8722E+01  6.2492E+01  4.4122E-03  5.3710E-01  3.8467E-02  4.1048E-01  3.8313E-02
  1.8730E+01  6.2518E+01  4.4147E-03  5.3739E-01  3.8469E-02  4.1050E-01  3.8315E-02
  1.8738E+01  6.2544E+01  4.4172E-03  5.3769E-01  3.8470E-02  4.1051E-01  3.8317E-02
  1.8745E+01  6.2569E+01  4.4196E-03  5.3798E-01  3.8472E-02  4.1052E-01  3.8319E-02
  1.8753E+01  6.2595E+01  4.4221E-03  5.3828E-01  3.8474E-02  4.1054E-01  3.8321E-02
  1.8761E+01  6.2621E+01  4.4246E-03  5.3857E-01  3.8475E-02  4.1055E-01  3.8323E-02
  1.8769E+01  6.2647E+01  4.4271E-03  5.3887E-01  3.8477E-02  4.1056E-01  3.8325E-02
  1.8776E+01  6.2673E+01  4.4297E-03  5.3917E-01  3.8479E-02  4.1058E-01  3.8327E-02
  1.8784E+01  6.2699E+01  4.4322E-03  5.3946E-01  3.8481E-02  4.1059E-01  3.8328E-02
  1.8792E+01  6.2725E+01  4.4347E-03  5.3976E-01  3.8482E-02  4.1061E-01  3.8330E-02
  1.8800E+01  6.2751E+01  4.4372E-03  5.4006E-01  3.8484E-02  4.1062E-01  3.8332E-02
  1.8807E+01  6.2776E+01  4.4396E-03  5.4035E-01  3.8486E-02  4.1063E-01  3.8334E-02
  1.8815E+01  6.2802E+01  4.4421E-03  5.4065E-01  3.8488E-02  4.1065E-01  3.8336E-02
  1.8823E+01  6.2828E+01  4.4446E-03  5.4094E-01  3.8489E-02  4.1066E-01  3.8338E-02
  1.8831E+01  6.2854E+01  4.4471E-03  5.4124E-01  3.8491E-02  4.1068E-01  3.8340E-02
  1.8838E+01  6.2880E+01  4.4496E-03  5.4154E-01  3.8493E-02  4.1069E-01  3.8342E-02
  1.8846E+01  6.2905E+01  4.4521E-03  5.4184E-01  3.8495E-02  4.1070E-01  3.8344E-02
  1.8854E+01  6.2931E+01  4.4546E-03  5.4213E-01  3.8496E-02  4.1072E-01  3.8346E-02
  1.8862E+01  6.2957E+01  4.4571E-03  5.4243E-01  3.8498E-02  4.1073E-01  3.8347E-02
  1.8869E+01  6.2982E+01  4.4595E-03  5.4272E-01  3.8500E-02  4.1075E-01  3.8349E-02
  1.8877E+01  6.3008E+01  4.4620E-03  5.4302E-01  3.8501E-02  4.1076E-01  3.8351E-02
  1.8885E+01  6.3034E+01  4.4645E-03  5.4332E-01  3.8503E-02  4.1077E-01  3.8353E-02
  1.8892E+01  6.3060E+01  4.4670E-03  5.4361E-01  3.8505E-02  4.1079E-01  3.8355E-02
  1.8900E+01  6.3086E+01  4.4695E-03  5.4391E-01  3.8507E-02  4.1080E-01  3.8357E-02
  1.8908E+01  6.3112E+01  4.4720E-03  5.4421E-01  3.8508E-02  4.1082E-01  3.8359E-02
  1.8916E+01  6.3138E+01  4.4745E-03  5.4451E-01  3.8510E-02  4.1083E-01  3.8361E-02
  1.8924E+01  6.3164E+01  4.4770E-03  5.4480E-01  3.8512E-02  4.1085E-01  3.8363E-02
  1.8931E+01  6.3189E+01  4.4795E-03  5.4509E-01  3.8514E-02  4.1086E-01  3.8364E-02
  1.8939E+01  6.3215E+01  4.4820E-03  5.4539E-01  3.8515E-02  4.1088E-01  3.8366E-02
  1.8947E+01  6.3241E+01  4.4845E-03  5.4569E-01  3.8517E-02  4.1089E-01  3.8368E-02
  1.8954E+01  6.3267E+01  4.4870E-03  5.4598E-01  3.8519E-02  4.1090E-01  3.8370E-02
  1.8962E+01  6.3293E+01  4.4895E-03  5.4628E-01  3.8521E-02  4.1092E-01  3.8372E-02
  1.8970E+01  6.3318E+01  4.4920E-03  5.4658E-01  3.8522E-02  4.1093E-01  3.8374E-02
  1.8978E+01  6.3344E+01  4.4945E-03  5.4688E-01  3.8524E-02  4.1095E-01  3.8376E-02
  1.8985E+01  6.3370E+01  4.4970E-03  5.4718E-01  3.8526E-02  4.1096E-01  3.8378E-02
  1.8993E+01  6.3396E+01  4.4995E-03  5.4747E-01  3.8527E-02  4.1098E-01  3.8380E-02
  1.9001E+01  6.3421E+01  4.5019E-03  5.4776E-01  3.8529E-02  4.1099E-01  3.8381E-02
  1.9009E+01  6.3447E+01  4.5044E-03  5.4806E-01  3.8531E-02  4.1101E-01  3.8383E-02
  1.9016E+01  6.3473E+01  4.5069E-03  5.4836E-01  3.8533E-02  4.1102E-01  3.8385E-02
  1.9024E+01  6.3499E+01  4.5094E-03  5.4866E-01  3.8534E-02  4.1104E-01  3.8387E-02
  1.9032E+01  6.3525E+01  4.5119E-03  5.4895E-01  3.8536E-02  4.1105E-01  3.8389E-02
  1.9040E+01  6.3551E+01  4.5144E-03  5.4925E-01  3.8538E-02  4.1107E-01  3.8391E-02
  1.9047E+01  6.3577E+01  4.5169E-03  5.4955E-01  3.8540E-02  4.1108E-01  3.8393E-02
  1.9055E+01  6.3603E+01  4.5194E-03  5.4985E-01  3.8541E-02  4.1110E-01  3.8395E-02
  1.9063E+01  6.3628E+01  4.5219E-03  5.5014E-01  3.8543E-02  4.1111E-01  3.8396E-02
  1.9070E+01  6.3654E+01  4.5244E-03  5.5043E-01  3.8545E-02  4.1113E-01  3.8398E-02
  1.9078E+01  6.3680E+01  4.5269E-03  5.5073E-01  3.8546E-02  4.1114E-01  3.8400E-02
  1.9086E+01  6.3706E+01  4.5294E-03  5.5103E-01  3.8548E-02  4.1116E-01  3.8402E-02
  1.9094E+01  6.3731E+01  4.5319E-03  5.5133E-01  3.8550E-02  4.1117E-01  3.8404E-02
  1.9102E+01  6.3757E+01  4.5344E-03  5.5163E-01  3.8552E-02  4.1119E-01  3.8406E-02
  1.9109E+01  6.3783E+01  4.5369E-03  5.5192E-01  3.8553E-02  4.1120E-01  3.8408E-02
  1.9117E+01  6.3809E+01  4.5394E-03  5.5222E-01  3.8555E-02  4.1122E-01  3.8410E-02
  1.9125E+01  6.3834E+01  4.5418E-03  5.5251E-01  3.8557E-02  4.1123E-01  3.8411E-02
  1.9132E+01  6.3860E+01  4.5443E-03  5.5281E-01  3.8558E-02  4.1125E-01  3.8413E-02
  1.9140E+01  6.3886E+01  4.5468E-03  5.5311E-01  3.8560E-02  4.1126E-01  3.8415E-02
  1.9148E+01  6.3912E+01  4.5493E-03  5.5341E-01  3.8562E-02  4.1128E-01  3.8417E-02
  1.9156E+01  6.3938E+01  4.5518E-03  5.5370E-01  3.8564E-02  4.1129E-01  3.8419E-02
  1.9163E+01  6.3964E+01  4.5543E-03  5.5400E-01  3.8565E-02  4.1131E-01  3.8421E-02
  1.9171E+01  6.3990E+01  4.5568E-03  5.5430E-01  3.8567E-02  4.1132E-01  3.8423E-02
  1.9179E+01  6.4016E+01  4.5593E-03  5.5460E-01  3.8569E-02  4.1134E-01  3.8425E-02
  1.9187E+01  6.4041E+01  4.5618E-03  5.5489E-01  3.8571E-02  4.1135E-01  3.8426E-02
  1.9189E+01  6.4050E+01  4.5626E-03  5.5499E-01  3.8571E-02  4.1136E-01  3.8427E-02
  1.9194E+01  6.4067E+01  4.5643E-03  5.5519E-01  3.8572E-02  4.1137E-01  3.8428E-02
  1.9202E+01  6.4093E+01  4.5668E-03  5.5548E-01  3.8574E-02  4.1139E-01  3.8430E-02
  1.9210E+01  6.4119E+01  4.5693E-03  5.5578E-01  3.8576E-02  4.1140E-01  3.8432E-02
  1.9218E+01  6.4144E+01  4.5718E-03  5.5608E-01  3.8577E-02  4.1142E-01  3.8434E-02
  1.9225E+01  6.4170E+01  4.5743E-03  5.5638E-01  3.8579E-02  4.1143E-01  3.8436E-02
  1.9233E+01  6.4196E+01  4.5768E-03  5.5668E-01  3.8581E-02  4.1145E-01  3.8438E-02
  1.9241E+01  6.4222E+01  4.5793E-03  5.5697E-01  3.8583E-02  4.1146E-01  3.8440E-02
  1.9249E+01  6.4248E+01  4.5818E-03  5.5727E-01  3.8584E-02  4.1148E-01  3.8441E-02
  1.9256E+01  6.4273E+01  4.5842E-03  5.5756E-01  3.8586E-02  4.1150E-01  3.8443E-02
  1.9264E+01  6.4299E+01  4.5867E-03  5.5786E-01  3.8588E-02  4.1151E-01  3.8445E-02
  1.9272E+01  6.4325E+01  4.5892E-03  5.5816E-01  3.8589E-02  4.1153E-01  3.8447E-02
  1.9279E+01  6.4351E+01  4.5917E-03  5.5846E-01  3.8591E-02  4.1154E-01  3.8449E-02
  1.9287E+01  6.4377E+01  4.5942E-03  5.5876E-01  3.8593E-02  4.1156E-01  3.8451E-02
  1.9295E+01  6.4403E+01  4.5967E-03  5.5905E-01  3.8595E-02  4.1157E-01  3.8453E-02
  1.9303E+01  6.4429E+01  4.5992E-03  5.5935E-01  3.8596E-02  4.1159E-01  3.8454E-02
  1.9311E+01  6.4455E+01  4.6017E-03  5.5965E-01  3.8598E-02  4.1161E-01  3.8456E-02
  1.9318E+01  6.4480E+01  4.6042E-03  5.5994E-01  3.8600E-02  4.1162E-01  3.8458E-02
  1.9326E+01  6.4506E+01  4.6067E-03  5.6024E-01  3.8601E-02  4.1164E-01  3.8460E-02
  1.9334E+01  6.4532E+01  4.6092E-03  5.6054E-01  3.8603E-02  4.1165E-01  3.8462E-02
  1.9341E+01  6.4557E+01  4.6117E-03  5.6084E-01  3.8605E-02  4.1167E-01  3.8464E-02
  1.9349E+01  6.4583E+01  4.6142E-03  5.6113E-01  3.8607E-02  4.1169E-01  3.8466E-02
  1.9357E+01  6.4609E+01  4.6167E-03  5.6143E-01  3.8608E-02  4.1170E-01  3.8467E-02
  1.9365E+01  6.4635E+01  4.6192E-03  5.6173E-01  3.8610E-02  4.1172E-01  3.8469E-02
  1.9372E+01  6.4661E+01  4.6217E-03  5.6203E-01  3.8612E-02  4.1174E-01  3.8471E-02
  1.9380E+01  6.4686E+01  4.6241E-03  5.6232E-01  3.8613E-02  4.1175E-01  3.8473E-02
  1.9388E+01  6.4712E+01  4.6266E-03  5.6262E-01  3.8615E-02  4.1177E-01  3.8475E-02
  1.9396E+01  6.4738E+01  4.6291E-03  5.6292E-01  3.8617E-02  4.1178E-01  3.8477E-02
  1.9403E+01  6.4764E+01  4.6316E-03  5.6322E-01  3.8619E-02  4.1180E-01  3.8479E-02
  1.9411E+01  6.4790E+01  4.6341E-03  5.6351E-01  3.8620E-02  4.1182E-01  3.8480E-02
  1.9419E+01  6.4816E+01  4.6366E-03  5.6381E-01  3.8622E-02  4.1183E-01  3.8482E-02
  1.9427E+01  6.4842E+01  4.6391E-03  5.6411E-01  3.8624E-02  4.1185E-01  3.8484E-02
  1.9434E+01  6.4868E+01  4.6416E-03  5.6441E-01  3.8625E-02  4.1187E-01  3.8486E-02
  1.9442E+01  6.4893E+01  4.6441E-03  5.6470E-01  3.8627E-02  4.1188E-01  3.8488E-02
  1.9450E+01  6.4919E+01  4.6466E-03  5.6500E-01  3.8629E-02  4.1190E-01  3.8490E-02
  1.9457E+01  6.4945E+01  4.6491E-03  5.6530E-01  3.8631E-02  4.1192E-01  3.8492E-02
  1.9465E+01  6.4970E+01  4.6516E-03  5.6560E-01  3.8632E-02  4.1193E-01  3.8493E-02
  1.9473E+01  6.4996E+01  4.6541E-03  5.6589E-01  3.8634E-02  4.1195E-01  3.8495E-02
  1.9481E+01  6.5022E+01  4.6566E-03  5.6619E-01  3.8636E-02  4.1197E-01  3.8497E-02
  1.9488E+01  6.5048E+01  4.6591E-03  5.6649E-01  3.8637E-02  4.1198E-01  3.8499E-02
  1.9496E+01  6.5074E+01  4.6616E-03  5.6679E-01  3.8639E-02  4.1200E-01  3.8501E-02
  1.9504E+01  6.5099E+01  4.6640E-03  5.6708E-01  3.8641E-02  4.1202E-01  3.8503E-02
  1.9512E+01  6.5125E+01  4.6665E-03  5.6738E-01  3.8643E-02  4.1203E-01  3.8505E-02
  1.9519E+01  6.5151E+01  4.6690E-03  5.6768E-01  3.8644E-02  4.1205E-01  3.8506E-02
  1.9527E+01  6.5177E+01  4.6715E-03  5.6798E-01  3.8646E-02  4.1207E-01  3.8508E-02
  1.9535E+01  6.5203E+01  4.6740E-03  5.6828E-01  3.8648E-02  4.1208E-01  3.8510E-02
  1.9543E+01  6.5229E+01  4.6765E-03  5.6857E-01  3.8649E-02  4.1210E-01  3.8512E-02
  1.9550E+01  6.5255E+01  4.6790E-03  5.6887E-01  3.8651E-02  4.1212E-01  3.8514E-02
  1.9558E+01  6.5281E+01  4.6815E-03  5.6917E-01  3.8653E-02  4.1213E-01  3.8516E-02
  1.9566E+01  6.5306E+01  4.6840E-03  5.6947E-01  3.8655E-02  4.1215E-01  3.8517E-02
  1.9573E+01  6.5332E+01  4.6865E-03  5.6976E-01  3.8656E-02  4.1217E-01  3.8519E-02
  1.9581E+01  6.5358E+01  4.6890E-03  5.7006E-01  3.8658E-02  4.1219E-01  3.8521E-02
  1.9589E+01  6.5383E+01  4.6915E-03  5.7036E-01  3.8660E-02  4.1220E-01  3.8523E-02
  1.9597E+01  6.5409E+01  4.6940E-03  5.7066E-01  3.8661E-02  4.1222E-01  3.8525E-02
  1.9605E+01  6.5435E+01  4.6965E-03  5.7096E-01  3.8663E-02  4.1224E-01  3.8527E-02
  1.9612E+01  6.5461E+01  4.6990E-03  5.7125E-01  3.8665E-02  4.1225E-01  3.8529E-02
  1.9620E+01  6.5487E+01  4.7015E-03  5.7155E-01  3.8666E-02  4.1227E-01  3.8530E-02
  1.9628E+01  6.5513E+01  4.7040E-03  5.7185E-01  3.8668E-02  4.1229E-01  3.8532E-02
  1.9635E+01  6.5538E+01  4.7064E-03  5.7214E-01  3.8670E-02  4.1231E-01  3.8534E-02
  1.9643E+01  6.5564E+01  4.7089E-03  5.7244E-01  3.8672E-02  4.1232E-01  3.8536E-02
  1.9651E+01  6.5590E+01  4.7114E-03  5.7274E-01  3.8673E-02  4.1234E-01  3.8538E-02
  1.9659E+01  6.5616E+01  4.7139E-03  5.7304E-01  3.8675E-02  4.1236E-01  3.8540E-02
  1.9666E+01  6.5642E+01  4.7164E-03  5.7334E-01  3.8677E-02  4.1238E-01  3.8541E-02
  1.9674E+01  6.5668E+01  4.7189E-03  5.7364E-01  3.8678E-02  4.1239E-01  3.8543E-02
  1.9682E+01  6.5694E+01  4.7214E-03  5.7394E-01  3.8680E-02  4.1241E-01  3.8545E-02
  1.9690E+01  6.5719E+01  4.7239E-03  5.7424E-01  3.8682E-02  4.1243E-01  3.8547E-02
  1.9697E+01  6.5745E+01  4.7264E-03  5.7453E-01  3.8683E-02  4.1245E-01  3.8549E-02
  1.9705E+01  6.5771E+01  4.7289E-03  5.7483E-01  3.8685E-02  4.1246E-01  3.8551E-02
  1.9713E+01  6.5796E+01  4.7314E-03  5.7512E-01  3.8687E-02  4.1248E-01  3.8552E-02
  1.9721E+01  6.5822E+01  4.7339E-03  5.7542E-01  3.8689E-02  4.1250E-01  3.8554E-02
  1.9728E+01  6.5848E+01  4.7364E-03  5.7572E-01  3.8690E-02  4.1252E-01  3.8556E-02
  1.9736E+01  6.5874E+01  4.7389E-03  5.7602E-01  3.8692E-02  4.1253E-01  3.8558E-02
  1.9744E+01  6.5900E+01  4.7414E-03  5.7632E-01  3.8694E-02  4.1255E-01  3.8560E-02
  1.9752E+01  6.5926E+01  4.7439E-03  5.7662E-01  3.8695E-02  4.1257E-01  3.8562E-02
  1.9759E+01  6.5951E+01  4.7463E-03  5.7691E-01  3.8697E-02  4.1259E-01  3.8563E-02
  1.9767E+01  6.5977E+01  4.7488E-03  5.7721E-01  3.8699E-02  4.1261E-01  3.8565E-02
  1.9775E+01  6.6003E+01  4.7513E-03  5.7751E-01  3.8700E-02  4.1262E-01  3.8567E-02
  1.9782E+01  6.6029E+01  4.7538E-03  5.7781E-01  3.8702E-02  4.1264E-01  3.8569E-02
  1.9790E+01  6.6055E+01  4.7563E-03  5.7811E-01  3.8704E-02  4.1266E-01  3.8571E-02
  1.9798E+01  6.6081E+01  4.7588E-03  5.7841E-01  3.8706E-02  4.1268E-01  3.8573E-02
  1.9806E+01  6.6107E+01  4.7613E-03  5.7871E-01  3.8707E-02  4.1270E-01  3.8574E-02
  1.9814E+01  6.6132E+01  4.7638E-03  5.7901E-01  3.8709E-02  4.1271E-01  3.8576E-02
  1.9821E+01  6.6158E+01  4.7663E-03  5.7930E-01  3.8711E-02  4.1273E-01  3.8578E-02
  1.9829E+01  6.6184E+01  4.7688E-03  5.7960E-01  3.8712E-02  4.1275E-01  3.8580E-02
  1.9837E+01  6.6209E+01  4.7713E-03  5.7990E-01  3.8714E-02  4.1277E-01  3.8582E-02
  1.9844E+01  6.6235E+01  4.7738E-03  5.8019E-01  3.8716E-02  4.1279E-01  3.8584E-02
  1.9852E+01  6.6261E+01  4.7763E-03  5.8049E-01  3.8717E-02  4.1280E-01  3.8585E-02
  1.9860E+01  6.6287E+01  4.7788E-03  5.8079E-01  3.8719E-02  4.1282E-01  3.8587E-02
  1.9868E+01  6.6313E+01  4.7813E-03  5.8109E-01  3.8721E-02  4.1284E-01  3.8589E-02
  1.9875E+01  6.6339E+01  4.7838E-03  5.8139E-01  3.8723E-02  4.1286E-01  3.8591E-02
  1.9883E+01  6.6365E+01  4.7863E-03  5.8169E-01  3.8724E-02  4.1288E-01  3.8593E-02
  1.9891E+01  6.6390E+01  4.7887E-03  5.8198E-01  3.8726E-02  4.1290E-01  3.8594E-02
  1.9899E+01  6.6416E+01  4.7912E-03  5.8228E-01  3.8728E-02  4.1291E-01  3.8596E-02
  1.9906E+01  6.6442E+01  4.7937E-03  5.8258E-01  3.8729E-02  4.1293E-01  3.8598E-02
  1.9914E+01  6.6468E+01  4.7962E-03  5.8288E-01  3.8731E-02  4.1295E-01  3.8600E-02
  1.9922E+01  6.6494E+01  4.7987E-03  5.8318E-01  3.8733E-02  4.1297E-01  3.8602E-02
  1.9930E+01  6.6520E+01  4.8012E-03  5.8348E-01  3.8734E-02  4.1299E-01  3.8604E-02
  1.9937E+01  6.6545E+01  4.8037E-03  5.8378E-01  3.8736E-02  4.1301E-01  3.8605E-02
  1.9945E+01  6.6571E+01  4.8062E-03  5.8408E-01  3.8738E-02  4.1303E-01  3.8607E-02
  1.9953E+01  6.6597E+01  4.8087E-03  5.8437E-01  3.8739E-02  4.1304E-01  3.8609E-02
  1.9960E+01  6.6622E+01  4.8112E-03  5.8467E-01  3.8741E-02  4.1306E-01  3.8611E-02
  1.9968E+01  6.6648E+01  4.8137E-03  5.8497E-01  3.8743E-02  4.1308E-01  3.8613E-02
  1.9976E+01  6.6674E+01  4.8162E-03  5.8527E-01  3.8745E-02  4.1310E-01  3.8614E-02
  1.9984E+01  6.6700E+01  4.8187E-03  5.8557E-01  3.8746E-02  4.1312E-01  3.8616E-02
  1.9991E+01  6.6726E+01  4.8212E-03  5.8587E-01  3.8748E-02  4.1314E-01  3.8618E-02
  1.9999E+01  6.6752E+01  4.8237E-03  5.8617E-01  3.8750E-02  4.1316E-01  3.8620E-02
  2.0007E+01  6.6778E+01  4.8262E-03  5.8647E-01  3.8751E-02  4.1318E-01  3.8622E-02
  2.0015E+01  6.6803E+01  4.8286E-03  5.8676E-01  3.8753E-02  4.1320E-01  3.8624E-02
  2.0022E+01  6.6829E+01  4.8311E-03  5.8706E-01  3.8755E-02  4.1321E-01  3.8625E-02
  2.0030E+01  6.6855E+01  4.8336E-03  5.8736E-01  3.8756E-02  4.1323E-01  3.8627E-02
  2.0038E+01  6.6881E+01  4.8361E-03  5.8766E-01  3.8758E-02  4.1325E-01  3.8629E-02
  2.0046E+01  6.6907E+01  4.8386E-03  5.8796E-01  3.8760E-02  4.1327E-01  3.8631E-02
  2.0053E+01  6.6933E+01  4.8412E-03  5.8826E-01  3.8761E-02  4.1329E-01  3.8633E-02
  2.0061E+01  6.6958E+01  4.8437E-03  5.8856E-01  3.8763E-02  4.1331E-01  3.8634E-02
  2.0069E+01  6.6984E+01  4.8462E-03  5.8886E-01  3.8765E-02  4.1333E-01  3.8636E-02
  2.0077E+01  6.7010E+01  4.8487E-03  5.8915E-01  3.8766E-02  4.1335E-01  3.8638E-02
  2.0084E+01  6.7035E+01  4.8511E-03  5.8945E-01  3.8768E-02  4.1337E-01  3.8640E-02
  2.0092E+01  6.7061E+01  4.8536E-03  5.8975E-01  3.8770E-02  4.1339E-01  3.8642E-02
  2.0100E+01  6.7087E+01  4.8561E-03  5.9005E-01  3.8772E-02  4.1341E-01  3.8643E-02
  2.0108E+01  6.7113E+01  4.8586E-03  5.9035E-01  3.8773E-02  4.1343E-01  3.8645E-02
  2.0115E+01  6.7139E+01  4.8611E-03  5.9065E-01  3.8775E-02  4.1344E-01  3.8647E-02
  2.0123E+01  6.7165E+01  4.8636E-03  5.9095E-01  3.8777E-02  4.1346E-01  3.8649E-02
  2.0131E+01  6.7191E+01  4.8661E-03  5.9124E-01  3.8778E-02  4.1348E-01  3.8651E-02
  2.0139E+01  6.7217E+01  4.8686E-03  5.9154E-01  3.8780E-02  4.1350E-01  3.8653E-02
  2.0146E+01  6.7242E+01  4.8711E-03  5.9184E-01  3.8782E-02  4.1352E-01  3.8654E-02
  2.0154E+01  6.7268E+01  4.8736E-03  5.9214E-01  3.8783E-02  4.1354E-01  3.8656E-02
  2.0162E+01  6.7294E+01  4.8761E-03  5.9244E-01  3.8785E-02  4.1356E-01  3.8658E-02
  2.0169E+01  6.7320E+01  4.8786E-03  5.9274E-01  3.8787E-02  4.1358E-01  3.8660E-02
  2.0177E+01  6.7346E+01  4.8811E-03  5.9304E-01  3.8788E-02  4.1360E-01  3.8662E-02
  2.0185E+01  6.7371E+01  4.8836E-03  5.9334E-01  3.8790E-02  4.1362E-01  3.8663E-02
  2.0193E+01  6.7397E+01  4.8861E-03  5.9364E-01  3.8792E-02  4.1364E-01  3.8665E-02
  2.0201E+01  6.7423E+01  4.8886E-03  5.9394E-01  3.8793E-02  4.1366E-01  3.8667E-02
  2.0208E+01  6.7448E+01  4.8910E-03  5.9423E-01  3.8795E-02  4.1368E-01  3.8669E-02
  2.0216E+01  6.7474E+01  4.8935E-03  5.9453E-01  3.8797E-02  4.1370E-01  3.8671E-02
  2.0224E+01  6.7500E+01  4.8960E-03  5.9483E-01  3.8798E-02  4.1372E-01  3.8672E-02
  2.0231E+01  6.7526E+01  4.8985E-03  5.9513E-01  3.8800E-02  4.1374E-01  3.8674E-02
  2.0239E+01  6.7552E+01  4.9010E-03  5.9543E-01  3.8802E-02  4.1376E-01  3.8676E-02
  2.0247E+01  6.7578E+01  4.9035E-03  5.9573E-01  3.8804E-02  4.1378E-01  3.8678E-02
  2.0255E+01  6.7604E+01  4.9060E-03  5.9603E-01  3.8805E-02  4.1380E-01  3.8680E-02
  2.0262E+01  6.7630E+01  4.9085E-03  5.9633E-01  3.8807E-02  4.1382E-01  3.8681E-02
  2.0270E+01  6.7655E+01  4.9110E-03  5.9662E-01  3.8809E-02  4.1384E-01  3.8683E-02
  2.0278E+01  6.7681E+01  4.9135E-03  5.9692E-01  3.8810E-02  4.1386E-01  3.8685E-02
  2.0286E+01  6.7707E+01  4.9160E-03  5.9722E-01  3.8812E-02  4.1388E-01  3.8687E-02
  2.0293E+01  6.7733E+01  4.9185E-03  5.9752E-01  3.8814E-02  4.1390E-01  3.8689E-02
  2.0301E+01  6.7759E+01  4.9210E-03  5.9782E-01  3.8815E-02  4.1392E-01  3.8690E-02
  2.0309E+01  6.7784E+01  4.9235E-03  5.9812E-01  3.8817E-02  4.1394E-01  3.8692E-02
  2.0317E+01  6.7810E+01  4.9260E-03  5.9842E-01  3.8819E-02  4.1396E-01  3.8694E-02
  2.0324E+01  6.7836E+01  4.9285E-03  5.9872E-01  3.8820E-02  4.1398E-01  3.8696E-02
  2.0332E+01  6.7861E+01  4.9309E-03  5.9901E-01  3.8822E-02  4.1400E-01  3.8698E-02
  2.0340E+01  6.7887E+01  4.9334E-03  5.9931E-01  3.8824E-02  4.1402E-01  3.8699E-02
  2.0347E+01  6.7913E+01  4.9359E-03  5.9961E-01  3.8825E-02  4.1404E-01  3.8701E-02
  2.0355E+01  6.7939E+01  4.9384E-03  5.9991E-01  3.8827E-02  4.1406E-01  3.8703E-02
  2.0363E+01  6.7965E+01  4.9409E-03  6.0021E-01  3.8829E-02  4.1408E-01  3.8705E-02
  2.0371E+01  6.7991E+01  4.9434E-03  6.0051E-01  3.8830E-02  4.1410E-01  3.8707E-02
  2.0378E+01  6.8017E+01  4.9459E-03  6.0081E-01  3.8832E-02  4.1412E-01  3.8708E-02
  2.0386E+01  6.8043E+01  4.9484E-03  6.0111E-01  3.8834E-02  4.1414E-01  3.8710E-02
  2.0394E+01  6.8069E+01  4.9509E-03  6.0141E-01  3.8835E-02  4.1416E-01  3.8712E-02
  2.0402E+01  6.8094E+01  4.9534E-03  6.0171E-01  3.8837E-02  4.1419E-01  3.8714E-02
  2.0409E+01  6.8120E+01  4.9559E-03  6.0201E-01  3.8839E-02  4.1421E-01  3.8715E-02
  2.0417E+01  6.8146E+01  4.9584E-03  6.0231E-01  3.8840E-02  4.1423E-01  3.8717E-02
  2.0425E+01  6.8172E+01  4.9609E-03  6.0261E-01  3.8842E-02  4.1425E-01  3.8719E-02
  2.0433E+01  6.8197E+01  4.9634E-03  6.0291E-01  3.8844E-02  4.1427E-01  3.8721E-02
  2.0439E+01  6.8220E+01  4.9656E-03  6.0317E-01  3.8845E-02  4.1429E-01  3.8722E-02
  2.0440E+01  6.8223E+01  4.9659E-03  6.0321E-01  3.8845E-02  4.1429E-01  3.8723E-02
  2.0448E+01  6.8249E+01  4.9684E-03  6.0351E-01  3.8847E-02  4.1431E-01  3.8724E-02
  2.0456E+01  6.8275E+01  4.9709E-03  6.0381E-01  3.8849E-02  4.1433E-01  3.8726E-02
  2.0463E+01  6.8300E+01  4.9733E-03  6.0410E-01  3.8850E-02  4.1435E-01  3.8728E-02
  2.0471E+01  6.8326E+01  4.9758E-03  6.0440E-01  3.8852E-02  4.1437E-01  3.8730E-02
  2.0479E+01  6.8352E+01  4.9784E-03  6.0470E-01  3.8854E-02  4.1439E-01  3.8732E-02
  2.0487E+01  6.8378E+01  4.9809E-03  6.0500E-01  3.8855E-02  4.1441E-01  3.8733E-02
  2.0495E+01  6.8404E+01  4.9834E-03  6.0530E-01  3.8857E-02  4.1444E-01  3.8735E-02
  2.0502E+01  6.8430E+01  4.9859E-03  6.0560E-01  3.8859E-02  4.1446E-01  3.8737E-02
  2.0510E+01  6.8456E+01  4.9884E-03  6.0590E-01  3.8860E-02  4.1448E-01  3.8739E-02
  2.0518E+01  6.8482E+01  4.9909E-03  6.0620E-01  3.8862E-02  4.1450E-01  3.8741E-02
  2.0525E+01  6.8507E+01  4.9933E-03  6.0650E-01  3.8864E-02  4.1452E-01  3.8742E-02
  2.0533E+01  6.8533E+01  4.9958E-03  6.0680E-01  3.8865E-02  4.1454E-01  3.8744E-02
  2.0541E+01  6.8559E+01  4.9983E-03  6.0710E-01  3.8867E-02  4.1456E-01  3.8746E-02
  2.0549E+01  6.8585E+01  5.0008E-03  6.0740E-01  3.8869E-02  4.1458E-01  3.8748E-02
  2.0556E+01  6.8610E+01  5.0033E-03  6.0770E-01  3.8870E-02  4.1460E-01  3.8749E-02
  2.0564E+01  6.8636E+01  5.0058E-03  6.0800E-01  3.8872E-02  4.1463E-01  3.8751E-02
  2.0572E+01  6.8662E+01  5.0083E-03  6.0830E-01  3.8874E-02  4.1465E-01  3.8753E-02
  2.0580E+01  6.8688E+01  5.0108E-03  6.0860E-01  3.8876E-02  4.1467E-01  3.8755E-02
  2.0587E+01  6.8713E+01  5.0133E-03  6.0889E-01  3.8877E-02  4.1469E-01  3.8757E-02
  2.0595E+01  6.8739E+01  5.0158E-03  6.0919E-01  3.8879E-02  4.1471E-01  3.8758E-02
  2.0603E+01  6.8765E+01  5.0183E-03  6.0949E-01  3.8880E-02  4.1473E-01  3.8760E-02
  2.0611E+01  6.8791E+01  5.0208E-03  6.0979E-01  3.8882E-02  4.1475E-01  3.8762E-02
  2.0618E+01  6.8817E+01  5.0233E-03  6.1010E-01  3.8884E-02  4.1478E-01  3.8764E-02
  2.0626E+01  6.8843E+01  5.0258E-03  6.1040E-01  3.8885E-02  4.1480E-01  3.8765E-02
  2.0634E+01  6.8869E+01  5.0283E-03  6.1070E-01  3.8887E-02  4.1482E-01  3.8767E-02
  2.0642E+01  6.8895E+01  5.0308E-03  6.1100E-01  3.8889E-02  4.1484E-01  3.8769E-02
  2.0649E+01  6.8921E+01  5.0333E-03  6.1130E-01  3.8891E-02  4.1486E-01  3.8771E-02
  2.0657E+01  6.8946E+01  5.0357E-03  6.1159E-01  3.8892E-02  4.1488E-01  3.8772E-02
  2.0665E+01  6.8972E+01  5.0382E-03  6.1189E-01  3.8894E-02  4.1491E-01  3.8774E-02
  2.0672E+01  6.8998E+01  5.0407E-03  6.1219E-01  3.8895E-02  4.1493E-01  3.8776E-02
  2.0680E+01  6.9023E+01  5.0432E-03  6.1249E-01  3.8897E-02  4.1495E-01  3.8778E-02
  2.0688E+01  6.9049E+01  5.0457E-03  6.1279E-01  3.8899E-02  4.1497E-01  3.8780E-02
  2.0696E+01  6.9075E+01  5.0483E-03  6.1309E-01  3.8900E-02  4.1499E-01  3.8781E-02
  2.0704E+01  6.9101E+01  5.0508E-03  6.1340E-01  3.8902E-02  4.1502E-01  3.8783E-02
  2.0711E+01  6.9127E+01  5.0533E-03  6.1370E-01  3.8904E-02  4.1504E-01  3.8785E-02
  2.0719E+01  6.9152E+01  5.0557E-03  6.1399E-01  3.8905E-02  4.1506E-01  3.8787E-02
  2.0727E+01  6.9178E+01  5.0582E-03  6.1429E-01  3.8907E-02  4.1508E-01  3.8788E-02
  2.0734E+01  6.9204E+01  5.0607E-03  6.1459E-01  3.8909E-02  4.1510E-01  3.8790E-02
  2.0742E+01  6.9230E+01  5.0632E-03  6.1489E-01  3.8910E-02  4.1513E-01  3.8792E-02
  2.0750E+01  6.9256E+01  5.0657E-03  6.1519E-01  3.8912E-02  4.1515E-01  3.8794E-02
  2.0758E+01  6.9282E+01  5.0682E-03  6.1549E-01  3.8914E-02  4.1517E-01  3.8796E-02
  2.0765E+01  6.9308E+01  5.0707E-03  6.1579E-01  3.8915E-02  4.1519E-01  3.8797E-02
  2.0773E+01  6.9334E+01  5.0732E-03  6.1610E-01  3.8917E-02  4.1522E-01  3.8799E-02
  2.0781E+01  6.9359E+01  5.0757E-03  6.1639E-01  3.8919E-02  4.1524E-01  3.8801E-02
  2.0789E+01  6.9385E+01  5.0782E-03  6.1669E-01  3.8920E-02  4.1526E-01  3.8803E-02
  2.0796E+01  6.9411E+01  5.0807E-03  6.1699E-01  3.8922E-02  4.1528E-01  3.8804E-02
  2.0804E+01  6.9436E+01  5.0832E-03  6.1729E-01  3.8924E-02  4.1530E-01  3.8806E-02
  2.0812E+01  6.9462E+01  5.0857E-03  6.1759E-01  3.8925E-02  4.1533E-01  3.8808E-02
  2.0820E+01  6.9488E+01  5.0882E-03  6.1789E-01  3.8927E-02  4.1535E-01  3.8810E-02
  2.0827E+01  6.9514E+01  5.0907E-03  6.1819E-01  3.8929E-02  4.1537E-01  3.8811E-02
  2.0835E+01  6.9540E+01  5.0932E-03  6.1850E-01  3.8930E-02  4.1539E-01  3.8813E-02
  2.0843E+01  6.9565E+01  5.0956E-03  6.1879E-01  3.8932E-02  4.1542E-01  3.8815E-02
  2.0850E+01  6.9591E+01  5.0981E-03  6.1909E-01  3.8934E-02  4.1544E-01  3.8817E-02
  2.0858E+01  6.9617E+01  5.1006E-03  6.1939E-01  3.8935E-02  4.1546E-01  3.8818E-02
  2.0866E+01  6.9643E+01  5.1031E-03  6.1969E-01  3.8937E-02  4.1549E-01  3.8820E-02
  2.0874E+01  6.9669E+01  5.1056E-03  6.1999E-01  3.8939E-02  4.1551E-01  3.8822E-02
  2.0881E+01  6.9695E+01  5.1081E-03  6.2029E-01  3.8940E-02  4.1553E-01  3.8824E-02
  2.0889E+01  6.9721E+01  5.1106E-03  6.2059E-01  3.8942E-02  4.1555E-01  3.8826E-02
  2.0897E+01  6.9747E+01  5.1131E-03  6.2090E-01  3.8944E-02  4.1558E-01  3.8827E-02
  2.0905E+01  6.9772E+01  5.1157E-03  6.2120E-01  3.8945E-02  4.1560E-01  3.8829E-02
  2.0912E+01  6.9798E+01  5.1181E-03  6.2149E-01  3.8947E-02  4.1562E-01  3.8831E-02
  2.0920E+01  6.9824E+01  5.1206E-03  6.2179E-01  3.8949E-02  4.1564E-01  3.8833E-02
  2.0928E+01  6.9849E+01  5.1231E-03  6.2209E-01  3.8950E-02  4.1567E-01  3.8834E-02
  2.0936E+01  6.9875E+01  5.1256E-03  6.2239E-01  3.8952E-02  4.1569E-01  3.8836E-02
  2.0943E+01  6.9901E+01  5.1281E-03  6.2270E-01  3.8954E-02  4.1571E-01  3.8838E-02
  2.0951E+01  6.9927E+01  5.1306E-03  6.2300E-01  3.8955E-02  4.1574E-01  3.8840E-02
  2.0959E+01  6.9953E+01  5.1331E-03  6.2330E-01  3.8957E-02  4.1576E-01  3.8841E-02
  2.0967E+01  6.9979E+01  5.1356E-03  6.2360E-01  3.8959E-02  4.1578E-01  3.8843E-02
  2.0974E+01  7.0004E+01  5.1381E-03  6.2389E-01  3.8960E-02  4.1581E-01  3.8845E-02
  2.0982E+01  7.0030E+01  5.1406E-03  6.2419E-01  3.8962E-02  4.1583E-01  3.8847E-02
  2.0990E+01  7.0056E+01  5.1431E-03  6.2449E-01  3.8963E-02  4.1585E-01  3.8848E-02
  2.0998E+01  7.0082E+01  5.1456E-03  6.2480E-01  3.8965E-02  4.1588E-01  3.8850E-02
  2.1005E+01  7.0108E+01  5.1481E-03  6.2510E-01  3.8967E-02  4.1590E-01  3.8852E-02
  2.1013E+01  7.0134E+01  5.1506E-03  6.2540E-01  3.8968E-02  4.1592E-01  3.8854E-02
  2.1021E+01  7.0160E+01  5.1531E-03  6.2570E-01  3.8970E-02  4.1595E-01  3.8855E-02
  2.1029E+01  7.0185E+01  5.1556E-03  6.2600E-01  3.8972E-02  4.1597E-01  3.8857E-02
  2.1036E+01  7.0211E+01  5.1580E-03  6.2629E-01  3.8973E-02  4.1599E-01  3.8859E-02
  2.1044E+01  7.0237E+01  5.1605E-03  6.2660E-01  3.8975E-02  4.1602E-01  3.8861E-02
  2.1052E+01  7.0262E+01  5.1630E-03  6.2690E-01  3.8977E-02  4.1604E-01  3.8862E-02
  2.1059E+01  7.0288E+01  5.1655E-03  6.2720E-01  3.8978E-02  4.1606E-01  3.8864E-02
  2.1067E+01  7.0314E+01  5.1680E-03  6.2750E-01  3.8980E-02  4.1609E-01  3.8866E-02
  2.1075E+01  7.0340E+01  5.1705E-03  6.2780E-01  3.8982E-02  4.1611E-01  3.8868E-02
  2.1083E+01  7.0366E+01  5.1730E-03  6.2810E-01  3.8983E-02  4.1613E-01  3.8869E-02
  2.1090E+01  7.0392E+01  5.1755E-03  6.2841E-01  3.8985E-02  4.1616E-01  3.8871E-02
  2.1098E+01  7.0417E+01  5.1780E-03  6.2870E-01  3.8987E-02  4.1618E-01  3.8873E-02
  2.1106E+01  7.0443E+01  5.1805E-03  6.2900E-01  3.8988E-02  4.1621E-01  3.8875E-02
  2.1114E+01  7.0469E+01  5.1830E-03  6.2930E-01  3.8990E-02  4.1623E-01  3.8876E-02
  2.1121E+01  7.0495E+01  5.1855E-03  6.2960E-01  3.8991E-02  4.1625E-01  3.8878E-02
  2.1129E+01  7.0521E+01  5.1880E-03  6.2990E-01  3.8993E-02  4.1628E-01  3.8880E-02
  2.1137E+01  7.0547E+01  5.1905E-03  6.3021E-01  3.8995E-02  4.1630E-01  3.8882E-02
  2.1145E+01  7.0573E+01  5.1930E-03  6.3051E-01  3.8996E-02  4.1633E-01  3.8883E-02
  2.1152E+01  7.0598E+01  5.1955E-03  6.3081E-01  3.8998E-02  4.1635E-01  3.8885E-02
  2.1160E+01  7.0624E+01  5.1979E-03  6.3110E-01  3.9000E-02  4.1637E-01  3.8887E-02
  2.1168E+01  7.0650E+01  5.2005E-03  6.3140E-01  3.9001E-02  4.1640E-01  3.8889E-02
  2.1175E+01  7.0675E+01  5.2030E-03  6.3171E-01  3.9003E-02  4.1642E-01  3.8890E-02
  2.1183E+01  7.0701E+01  5.2055E-03  6.3201E-01  3.9005E-02  4.1645E-01  3.8892E-02
  2.1191E+01  7.0727E+01  5.2080E-03  6.3231E-01  3.9006E-02  4.1647E-01  3.8894E-02
  2.1199E+01  7.0753E+01  5.2105E-03  6.3261E-01  3.9008E-02  4.1649E-01  3.8896E-02
  2.1207E+01  7.0779E+01  5.2130E-03  6.3291E-01  3.9010E-02  4.1652E-01  3.8897E-02
  2.1214E+01  7.0805E+01  5.2155E-03  6.3321E-01  3.9011E-02  4.1654E-01  3.8899E-02
  2.1222E+01  7.0831E+01  5.2180E-03  6.3352E-01  3.9013E-02  4.1657E-01  3.8901E-02
  2.1230E+01  7.0856E+01  5.2204E-03  6.3381E-01  3.9014E-02  4.1659E-01  3.8903E-02
  2.1237E+01  7.0882E+01  5.2229E-03  6.3411E-01  3.9016E-02  4.1661E-01  3.8904E-02
  2.1245E+01  7.0908E+01  5.2254E-03  6.3441E-01  3.9018E-02  4.1664E-01  3.8906E-02
  2.1253E+01  7.0934E+01  5.2279E-03  6.3472E-01  3.9019E-02  4.1666E-01  3.8908E-02
  2.1261E+01  7.0960E+01  5.2304E-03  6.3502E-01  3.9021E-02  4.1669E-01  3.8910E-02
  2.1268E+01  7.0986E+01  5.2329E-03  6.3532E-01  3.9023E-02  4.1671E-01  3.8911E-02
  2.1269E+01  7.0988E+01  5.2332E-03  6.3535E-01  3.9023E-02  4.1672E-01  3.8911E-02
  2.1276E+01  7.1011E+01  5.2354E-03  6.3562E-01  3.9024E-02  4.1674E-01  3.8913E-02
  2.1284E+01  7.1037E+01  5.2380E-03  6.3592E-01  3.9026E-02  4.1676E-01  3.8915E-02
  2.1292E+01  7.1063E+01  5.2404E-03  6.3622E-01  3.9028E-02  4.1679E-01  3.8916E-02
  2.1299E+01  7.1088E+01  5.2429E-03  6.3652E-01  3.9029E-02  4.1681E-01  3.8918E-02
  2.1307E+01  7.1114E+01  5.2454E-03  6.3682E-01  3.9031E-02  4.1684E-01  3.8920E-02
  2.1315E+01  7.1140E+01  5.2479E-03  6.3712E-01  3.9033E-02  4.1686E-01  3.8922E-02
  2.1323E+01  7.1166E+01  5.2504E-03  6.3742E-01  3.9034E-02  4.1689E-01  3.8923E-02
  2.1330E+01  7.1192E+01  5.2529E-03  6.3773E-01  3.9036E-02  4.1691E-01  3.8925E-02
  2.1338E+01  7.1218E+01  5.2554E-03  6.3803E-01  3.9037E-02  4.1694E-01  3.8927E-02
  2.1346E+01  7.1244E+01  5.2579E-03  6.3833E-01  3.9039E-02  4.1696E-01  3.8929E-02
  2.1353E+01  7.1269E+01  5.2604E-03  6.3862E-01  3.9041E-02  4.1698E-01  3.8930E-02
  2.1361E+01  7.1295E+01  5.2629E-03  6.3893E-01  3.9042E-02  4.1701E-01  3.8932E-02
  2.1369E+01  7.1321E+01  5.2654E-03  6.3923E-01  3.9044E-02  4.1703E-01  3.8934E-02
  2.1377E+01  7.1347E+01  5.2679E-03  6.3953E-01  3.9046E-02  4.1706E-01  3.8936E-02
  2.1384E+01  7.1373E+01  5.2704E-03  6.3983E-01  3.9047E-02  4.1708E-01  3.8937E-02
  2.1392E+01  7.1399E+01  5.2729E-03  6.4013E-01  3.9049E-02  4.1711E-01  3.8939E-02
  2.1400E+01  7.1424E+01  5.2754E-03  6.4044E-01  3.9051E-02  4.1714E-01  3.8941E-02
  2.1408E+01  7.1450E+01  5.2779E-03  6.4074E-01  3.8666E-02  4.1806E-01  3.8554E-02
  2.1415E+01  7.1476E+01  5.2803E-03  6.4102E-01  3.7574E-02  4.1809E-01  3.7459E-02
  2.1423E+01  7.1501E+01  5.2826E-03  6.4131E-01  3.6448E-02  4.1812E-01  3.6330E-02
  2.1431E+01  7.1527E+01  5.2849E-03  6.4159E-01  3.5322E-02  4.1814E-01  3.5200E-02
  2.1439E+01  7.1553E+01  5.2872E-03  6.4186E-01  3.4195E-02  4.1816E-01  3.4070E-02
  2.1446E+01  7.1579E+01  5.2893E-03  6.4212E-01  3.3069E-02  4.1819E-01  3.2939E-02
  2.1454E+01  7.1605E+01  5.2914E-03  6.4237E-01  3.1942E-02  4.1821E-01  3.1808E-02
  2.1462E+01  7.1631E+01  5.2934E-03  6.4261E-01  3.0815E-02  4.1823E-01  3.0676E-02
  2.1470E+01  7.1657E+01  5.2954E-03  6.4284E-01  2.9688E-02  4.1826E-01  2.9544E-02
  2.1477E+01  7.1683E+01  5.2972E-03  6.4307E-01  2.8561E-02  4.1828E-01  2.8411E-02
  2.1485E+01  7.1708E+01  5.2990E-03  6.4328E-01  2.7465E-02  4.1830E-01  2.7309E-02
  2.1493E+01  7.1734E+01  5.3007E-03  6.4349E-01  2.6338E-02  4.1833E-01  2.6176E-02
  2.1501E+01  7.1760E+01  5.3023E-03  6.4368E-01  2.5212E-02  4.1835E-01  2.5042E-02
  2.1508E+01  7.1786E+01  5.3039E-03  6.4387E-01  2.4086E-02  4.1838E-01  2.3908E-02
  2.1516E+01  7.1812E+01  5.3054E-03  6.4405E-01  2.2960E-02  4.1840E-01  2.2774E-02
  2.1524E+01  7.1837E+01  5.3069E-03  6.4423E-01  2.1835E-02  4.1842E-01  2.1639E-02
  2.1532E+01  7.1863E+01  5.3082E-03  6.4439E-01  2.0711E-02  4.1845E-01  2.0504E-02
  2.1539E+01  7.1889E+01  5.3095E-03  6.4455E-01  1.9587E-02  4.1847E-01  1.9369E-02
  2.1547E+01  7.1914E+01  5.3107E-03  6.4469E-01  1.8496E-02  4.1849E-01  1.8264E-02
  2.1555E+01  7.1940E+01  5.3118E-03  6.4482E-01  1.7426E-02  4.1792E-01  1.7181E-02
  2.1562E+01  7.1966E+01  5.3129E-03  6.4496E-01  1.7309E-02  4.1765E-01  1.7063E-02
  2.1570E+01  7.1992E+01  5.3140E-03  6.4509E-01  1.7311E-02  4.1768E-01  1.7065E-02
  2.1578E+01  7.2018E+01  5.3151E-03  6.4522E-01  1.7312E-02  4.1770E-01  1.7066E-02
  2.1586E+01  7.2044E+01  5.3162E-03  6.4535E-01  1.7314E-02  4.1773E-01  1.7068E-02
  2.1594E+01  7.2070E+01  5.3173E-03  6.4549E-01  1.7316E-02  4.1775E-01  1.7070E-02
  2.1601E+01  7.2096E+01  5.3184E-03  6.4562E-01  1.7317E-02  4.1778E-01  1.7071E-02
  2.1609E+01  7.2121E+01  5.3195E-03  6.4575E-01  1.7319E-02  4.1780E-01  1.7073E-02
  2.1617E+01  7.2147E+01  5.3206E-03  6.4588E-01  1.7321E-02  4.1783E-01  1.7075E-02
  2.1624E+01  7.2173E+01  5.3217E-03  6.4601E-01  1.7322E-02  4.1786E-01  1.7077E-02
  2.1632E+01  7.2199E+01  5.3228E-03  6.4615E-01  1.7324E-02  4.1788E-01  1.7078E-02
  2.1640E+01  7.2225E+01  5.3239E-03  6.4628E-01  1.7325E-02  4.1791E-01  1.7080E-02
  2.1648E+01  7.2250E+01  5.3250E-03  6.4641E-01  1.7327E-02  4.1793E-01  1.7082E-02
  2.1655E+01  7.2276E+01  5.3261E-03  6.4654E-01  1.7329E-02  4.1796E-01  1.7084E-02
  2.1663E+01  7.2302E+01  5.3272E-03  6.4668E-01  1.7330E-02  4.1798E-01  1.7085E-02
  2.1671E+01  7.2327E+01  5.3283E-03  6.4680E-01  1.7332E-02  4.1801E-01  1.7087E-02
  2.1679E+01  7.2353E+01  5.3294E-03  6.4694E-01  1.7334E-02  4.1803E-01  1.7089E-02
  2.1686E+01  7.2379E+01  5.3305E-03  6.4707E-01  1.7335E-02  4.1806E-01  1.7090E-02
  2.1694E+01  7.2405E+01  5.3316E-03  6.4720E-01  1.7337E-02  4.1808E-01  1.7092E-02
  2.1702E+01  7.2431E+01  5.3327E-03  6.4733E-01  1.7338E-02  4.1811E-01  1.7094E-02
  2.1710E+01  7.2457E+01  5.3338E-03  6.4747E-01  1.7340E-02  4.1814E-01  1.7096E-02
  2.1717E+01  7.2483E+01  5.3349E-03  6.4760E-01  1.7342E-02  4.1816E-01  1.7097E-02
  2.1725E+01  7.2509E+01  5.3361E-03  6.4773E-01  1.7343E-02  4.1819E-01  1.7099E-02
  2.1733E+01  7.2535E+01  5.3372E-03  6.4786E-01  1.7345E-02  4.1821E-01  1.7101E-02
  2.1740E+01  7.2560E+01  5.3382E-03  6.4799E-01  1.7347E-02  4.1824E-01  1.7102E-02
  2.1748E+01  7.2586E+01  5.3393E-03  6.4813E-01  1.7348E-02  4.1827E-01  1.7104E-02
  2.1756E+01  7.2612E+01  5.3404E-03  6.4826E-01  1.7350E-02  4.1829E-01  1.7106E-02
  2.1764E+01  7.2638E+01  5.3415E-03  6.4839E-01  1.7351E-02  4.1832E-01  1.7108E-02
  2.1771E+01  7.2663E+01  5.3426E-03  6.4852E-01  1.7353E-02  4.1834E-01  1.7109E-02
  2.1779E+01  7.2689E+01  5.3438E-03  6.4866E-01  1.7355E-02  4.1837E-01  1.7111E-02
  2.1787E+01  7.2715E+01  5.3449E-03  6.4879E-01  1.7356E-02  4.1840E-01  1.7113E-02
  2.1795E+01  7.2741E+01  5.3460E-03  6.4892E-01  1.7358E-02  4.1842E-01  1.7114E-02
  2.1802E+01  7.2766E+01  5.3470E-03  6.4905E-01  1.7360E-02  4.1845E-01  1.7116E-02
  2.1810E+01  7.2792E+01  5.3481E-03  6.4918E-01  1.7361E-02  4.1847E-01  1.7118E-02
  2.1818E+01  7.2818E+01  5.3492E-03  6.4932E-01  1.7363E-02  4.1850E-01  1.7120E-02
  2.1826E+01  7.2844E+01  5.3503E-03  6.4945E-01  1.7364E-02  4.1853E-01  1.7121E-02
  2.1833E+01  7.2870E+01  5.3515E-03  6.4958E-01  1.7366E-02  4.1855E-01  1.7123E-02
  2.1841E+01  7.2896E+01  5.3526E-03  6.4972E-01  1.7368E-02  4.1858E-01  1.7125E-02
  2.1849E+01  7.2922E+01  5.3537E-03  6.4985E-01  1.7369E-02  4.1860E-01  1.7126E-02
  2.1857E+01  7.2948E+01  5.3548E-03  6.4998E-01  1.7371E-02  4.1863E-01  1.7128E-02
  2.1864E+01  7.2973E+01  5.3558E-03  6.5011E-01  1.7373E-02  4.1866E-01  1.7130E-02
  2.1872E+01  7.2999E+01  5.3569E-03  6.5024E-01  1.7374E-02  4.1868E-01  1.7132E-02
  2.1880E+01  7.3025E+01  5.3580E-03  6.5038E-01  1.7376E-02  4.1871E-01  1.7133E-02
  2.1888E+01  7.3051E+01  5.3592E-03  6.5051E-01  1.7377E-02  4.1874E-01  1.7135E-02
  2.1895E+01  7.3076E+01  5.3603E-03  6.5064E-01  1.6810E-02  4.2040E-01  1.6558E-02
  2.1903E+01  7.3102E+01  5.3613E-03  6.5076E-01  1.4797E-02  4.2045E-01  1.4509E-02
  2.1911E+01  7.3128E+01  5.3621E-03  6.5087E-01  1.2781E-02  4.2047E-01  1.2447E-02
  2.1919E+01  7.3154E+01  5.3629E-03  6.5096E-01  1.0783E-02  4.2050E-01  1.0385E-02
  2.1926E+01  7.3179E+01  5.3634E-03  6.5103E-01  8.8665E-03  4.2052E-01  8.3781E-03
  2.1934E+01  7.3205E+01  5.3639E-03  6.5108E-01  6.9503E-03  4.2054E-01  6.3153E-03
  2.1942E+01  7.3231E+01  5.3643E-03  6.5112E-01  5.1484E-03  4.2057E-01  4.2524E-03
  2.1949E+01  7.3257E+01  5.3645E-03  6.5115E-01  3.6355E-03  4.2059E-01  2.1894E-03
  2.1957E+01  7.3283E+01  5.3646E-03  6.5116E-01  2.9052E-03  4.2061E-01  1.2640E-04
  2.1965E+01  7.3309E+01  5.3645E-03  6.5115E-01  3.4894E-03  4.2064E-01 -1.9367E-03
  2.1973E+01  7.3335E+01  5.3643E-03  6.5113E-01  4.9421E-03  4.2066E-01 -3.9997E-03
  2.1980E+01  7.3361E+01  5.3640E-03  6.5109E-01  6.7218E-03  4.2069E-01 -6.0626E-03
  2.1988E+01  7.3386E+01  5.3636E-03  6.5104E-01  8.5761E-03  4.2071E-01 -8.0696E-03
  2.1996E+01  7.3412E+01  5.3630E-03  6.5096E-01  1.0540E-02  4.2073E-01 -1.0132E-02
  2.2004E+01  7.3438E+01  5.3623E-03  6.5088E-01  1.2536E-02  4.2076E-01 -1.2194E-02
  2.2011E+01  7.3464E+01  5.3615E-03  6.5078E-01  1.4549E-02  4.2078E-01 -1.4256E-02
  2.2019E+01  7.3489E+01  5.3605E-03  6.5066E-01  1.6575E-02  4.2080E-01 -1.6318E-02
  2.2027E+01  7.3515E+01  5.3594E-03  6.5052E-01  1.8608E-02  4.2083E-01 -1.8379E-02
  2.2035E+01  7.3541E+01  5.3581E-03  6.5037E-01  2.0646E-02  4.2085E-01 -2.0440E-02
  2.2042E+01  7.3567E+01  5.3568E-03  6.5021E-01  2.2618E-02  4.1994E-01 -2.2431E-02
  2.2050E+01  7.3593E+01  5.3553E-03  6.5003E-01  2.2886E-02  4.1931E-01 -2.2701E-02
  2.2058E+01  7.3618E+01  5.3539E-03  6.4986E-01  2.2884E-02  4.1933E-01 -2.2700E-02
  2.2065E+01  7.3644E+01  5.3525E-03  6.4968E-01  2.2883E-02  4.1936E-01 -2.2698E-02
  2.2073E+01  7.3670E+01  5.3510E-03  6.4951E-01  2.2881E-02  4.1939E-01 -2.2696E-02
  2.2081E+01  7.3696E+01  5.3496E-03  6.4933E-01  2.2879E-02  4.1942E-01 -2.2695E-02
  2.2089E+01  7.3722E+01  5.3481E-03  6.4915E-01  2.2878E-02  4.1944E-01 -2.2693E-02
  2.2097E+01  7.3748E+01  5.3467E-03  6.4898E-01  2.2876E-02  4.1947E-01 -2.2691E-02
  2.2104E+01  7.3774E+01  5.3453E-03  6.4880E-01  2.2875E-02  4.1950E-01 -2.2689E-02
  2.2112E+01  7.3800E+01  5.3438E-03  6.4863E-01  2.2873E-02  4.1953E-01 -2.2688E-02
  2.2120E+01  7.3825E+01  5.3424E-03  6.4845E-01  2.2872E-02  4.1955E-01 -2.2686E-02
  2.2127E+01  7.3851E+01  5.3410E-03  6.4828E-01  2.2870E-02  4.1958E-01 -2.2684E-02
  2.2135E+01  7.3877E+01  5.3395E-03  6.4810E-01  2.2868E-02  4.1961E-01 -2.2683E-02
  2.2143E+01  7.3902E+01  5.3381E-03  6.4793E-01  2.2867E-02  4.1964E-01 -2.2681E-02
  2.2151E+01  7.3928E+01  5.3366E-03  6.4775E-01  2.2865E-02  4.1967E-01 -2.2679E-02
  2.2158E+01  7.3954E+01  5.3352E-03  6.4757E-01  2.2864E-02  4.1969E-01 -2.2677E-02
  2.2166E+01  7.3980E+01  5.3337E-03  6.4740E-01  2.2862E-02  4.1972E-01 -2.2676E-02
  2.2174E+01  7.4006E+01  5.3323E-03  6.4722E-01  2.2860E-02  4.1975E-01 -2.2674E-02
  2.2182E+01  7.4031E+01  5.3309E-03  6.4705E-01  2.2859E-02  4.1978E-01 -2.2672E-02
  2.2189E+01  7.4057E+01  5.3294E-03  6.4688E-01  2.2857E-02  4.1980E-01 -2.2671E-02
  2.2197E+01  7.4083E+01  5.3280E-03  6.4670E-01  2.2856E-02  4.1983E-01 -2.2669E-02
  2.2205E+01  7.4109E+01  5.3266E-03  6.4652E-01  2.2854E-02  4.1986E-01 -2.2667E-02
  2.2213E+01  7.4135E+01  5.3251E-03  6.4635E-01  2.2853E-02  4.1989E-01 -2.2665E-02
  2.2220E+01  7.4161E+01  5.3237E-03  6.4617E-01  2.2851E-02  4.1992E-01 -2.2664E-02
  2.2228E+01  7.4187E+01  5.3222E-03  6.4600E-01  2.2849E-02  4.1994E-01 -2.2662E-02
  2.2236E+01  7.4213E+01  5.3208E-03  6.4582E-01  2.2848E-02  4.1997E-01 -2.2660E-02
  2.2243E+01  7.4238E+01  5.3194E-03  6.4565E-01  2.2846E-02  4.2000E-01 -2.2659E-02
  2.2251E+01  7.4264E+01  5.3179E-03  6.4547E-01  2.2845E-02  4.2003E-01 -2.2657E-02
  2.2259E+01  7.4290E+01  5.3165E-03  6.4530E-01  2.2843E-02  4.2006E-01 -2.2655E-02
  2.2267E+01  7.4315E+01  5.3150E-03  6.4512E-01  2.2842E-02  4.2008E-01 -2.2653E-02
  2.2274E+01  7.4341E+01  5.3136E-03  6.4495E-01  2.2840E-02  4.2011E-01 -2.2652E-02
  2.2282E+01  7.4367E+01  5.3122E-03  6.4477E-01  2.2838E-02  4.2014E-01 -2.2650E-02
  2.2290E+01  7.4393E+01  5.3107E-03  6.4460E-01  2.2837E-02  4.2017E-01 -2.2648E-02
  2.2298E+01  7.4419E+01  5.3093E-03  6.4442E-01  2.2835E-02  4.2020E-01 -2.2647E-02
  2.2306E+01  7.4445E+01  5.3078E-03  6.4424E-01  2.2834E-02  4.2022E-01 -2.2645E-02
  2.2313E+01  7.4470E+01  5.3064E-03  6.4407E-01  2.2832E-02  4.2025E-01 -2.2643E-02
  2.2321E+01  7.4496E+01  5.3050E-03  6.4390E-01  2.2831E-02  4.2028E-01 -2.2641E-02
  2.2329E+01  7.4522E+01  5.3035E-03  6.4372E-01  2.2829E-02  4.2031E-01 -2.2640E-02
  2.2336E+01  7.4548E+01  5.3021E-03  6.4355E-01  2.2827E-02  4.2034E-01 -2.2638E-02
  2.2344E+01  7.4574E+01  5.3006E-03  6.4337E-01  2.2826E-02  4.2037E-01 -2.2636E-02
  2.2352E+01  7.4600E+01  5.2992E-03  6.4320E-01  2.2824E-02  4.2039E-01 -2.2635E-02
  2.2360E+01  7.4626E+01  5.2977E-03  6.4302E-01  2.2823E-02  4.2042E-01 -2.2633E-02
  2.2367E+01  7.4651E+01  5.2963E-03  6.4284E-01  2.2821E-02  4.2045E-01 -2.2631E-02
  2.2375E+01  7.4677E+01  5.2949E-03  6.4267E-01  2.2820E-02  4.2048E-01 -2.2629E-02
  2.2383E+01  7.4703E+01  5.2935E-03  6.4250E-01  2.3351E-02  4.2223E-01 -2.3164E-02
  2.2391E+01  7.4728E+01  5.2919E-03  6.4231E-01  2.5732E-02  4.2230E-01 -2.5562E-02
  2.2398E+01  7.4754E+01  5.2902E-03  6.4210E-01  2.8144E-02  4.2233E-01 -2.7988E-02
  2.2406E+01  7.4780E+01  5.2883E-03  6.4187E-01  3.0558E-02  4.2235E-01 -3.0414E-02
  2.2414E+01  7.4806E+01  5.2863E-03  6.4163E-01  3.2972E-02  4.2238E-01 -3.2839E-02
  2.2422E+01  7.4832E+01  5.2841E-03  6.4136E-01  3.5387E-02  4.2241E-01 -3.5263E-02
  2.2429E+01  7.4858E+01  5.2818E-03  6.4108E-01  3.7803E-02  4.2243E-01 -3.7687E-02
  2.2437E+01  7.4883E+01  5.2794E-03  6.4079E-01  4.0153E-02  4.2246E-01 -4.0043E-02
  2.2445E+01  7.4909E+01  5.2767E-03  6.4047E-01  4.2567E-02  4.2248E-01 -4.2464E-02
  2.2452E+01  7.4935E+01  5.2739E-03  6.4013E-01  4.4981E-02  4.2251E-01 -4.4884E-02
  2.2460E+01  7.4961E+01  5.2710E-03  6.3977E-01  4.7395E-02  4.2254E-01 -4.7302E-02
  2.2468E+01  7.4987E+01  5.2679E-03  6.3940E-01  4.9807E-02  4.2256E-01 -4.9719E-02
  2.2476E+01  7.5013E+01  5.2646E-03  6.3900E-01  5.2219E-02  4.2259E-01 -5.2134E-02
  2.2483E+01  7.5039E+01  5.2612E-03  6.3859E-01  5.4629E-02  4.2262E-01 -5.4548E-02
  2.2491E+01  7.5064E+01  5.2577E-03  6.3815E-01  5.7038E-02  4.2265E-01 -5.6960E-02
  2.2499E+01  7.5090E+01  5.2540E-03  6.3772E-01  5.9381E-02  4.2267E-01 -5.9306E-02
  2.2507E+01  7.5116E+01  5.2502E-03  6.3725E-01  6.1787E-02  4.2270E-01 -6.1715E-02
  2.2514E+01  7.5141E+01  5.2461E-03  6.3676E-01  6.4191E-02  4.2273E-01 -6.4122E-02
  2.2522E+01  7.5167E+01  5.2420E-03  6.3625E-01  6.6594E-02  4.2276E-01 -6.6527E-02
  2.2530E+01  7.5193E+01  5.2376E-03  6.3573E-01  6.8950E-02  4.2209E-01 -6.8885E-02
  2.2538E+01  7.5219E+01  5.2332E-03  6.3519E-01  6.9388E-02  4.2114E-01 -6.9324E-02
  2.2545E+01  7.5245E+01  5.2288E-03  6.3465E-01  6.9386E-02  4.2117E-01 -6.9322E-02
  2.2553E+01  7.5271E+01  5.2243E-03  6.3411E-01  6.9384E-02  4.2120E-01 -6.9320E-02
  2.2561E+01  7.5297E+01  5.2199E-03  6.3358E-01  6.9383E-02  4.2123E-01 -6.9318E-02
  2.2568E+01  7.5322E+01  5.2156E-03  6.3305E-01  6.9381E-02  4.2126E-01 -6.9317E-02
  2.2576E+01  7.5348E+01  5.2112E-03  6.3251E-01  6.9380E-02  4.2129E-01 -6.9315E-02
  2.2584E+01  7.5374E+01  5.2067E-03  6.3198E-01  6.9378E-02  4.2133E-01 -6.9313E-02
  2.2592E+01  7.5400E+01  5.2023E-03  6.3144E-01  6.9376E-02  4.2136E-01 -6.9312E-02
  2.2600E+01  7.5426E+01  5.1979E-03  6.3090E-01  6.9375E-02  4.2139E-01 -6.9310E-02
  2.2607E+01  7.5452E+01  5.1934E-03  6.3036E-01  6.9373E-02  4.2142E-01 -6.9308E-02
  2.2615E+01  7.5477E+01  5.1890E-03  6.2983E-01  6.9372E-02  4.2145E-01 -6.9306E-02
  2.2623E+01  7.5503E+01  5.1846E-03  6.2929E-01  6.9370E-02  4.2148E-01 -6.9305E-02
  2.2630E+01  7.5529E+01  5.1803E-03  6.2877E-01  6.9368E-02  4.2152E-01 -6.9303E-02
  2.2638E+01  7.5554E+01  5.1758E-03  6.2823E-01  6.9367E-02  4.2155E-01 -6.9301E-02
  2.2646E+01  7.5580E+01  5.1714E-03  6.2769E-01  6.9365E-02  4.2158E-01 -6.9299E-02
  2.2654E+01  7.5606E+01  5.1670E-03  6.2715E-01  6.9364E-02  4.2161E-01 -6.9298E-02
  2.2661E+01  7.5632E+01  5.1625E-03  6.2662E-01  6.9362E-02  4.2164E-01 -6.9296E-02
  2.2669E+01  7.5658E+01  5.1581E-03  6.2608E-01  6.9360E-02  4.2167E-01 -6.9294E-02
  2.2677E+01  7.5684E+01  5.1537E-03  6.2554E-01  6.9359E-02  4.2171E-01 -6.9293E-02
  2.2685E+01  7.5710E+01  5.1492E-03  6.2500E-01  6.9357E-02  4.2174E-01 -6.9291E-02
  2.2692E+01  7.5735E+01  5.1449E-03  6.2448E-01  6.9356E-02  4.2177E-01 -6.9289E-02
  2.2700E+01  7.5761E+01  5.1405E-03  6.2394E-01  6.9354E-02  4.2180E-01 -6.9287E-02
  2.2708E+01  7.5787E+01  5.1361E-03  6.2341E-01  6.9352E-02  4.2183E-01 -6.9286E-02
  2.2716E+01  7.5813E+01  5.1316E-03  6.2287E-01  6.9351E-02  4.2186E-01 -6.9284E-02
  2.2723E+01  7.5839E+01  5.1272E-03  6.2233E-01  6.9349E-02  4.2189E-01 -6.9282E-02
  2.2731E+01  7.5865E+01  5.1228E-03  6.2179E-01  6.9347E-02  4.2193E-01 -6.9280E-02
  2.2739E+01  7.5890E+01  5.1183E-03  6.2126E-01  6.9346E-02  4.2196E-01 -6.9279E-02
  2.2747E+01  7.5916E+01  5.1139E-03  6.2072E-01  6.9344E-02  4.2199E-01 -6.9277E-02
  2.2754E+01  7.5942E+01  5.1096E-03  6.2020E-01  6.9343E-02  4.2202E-01 -6.9275E-02
  2.2762E+01  7.5967E+01  5.1052E-03  6.1966E-01  6.9341E-02  4.2205E-01 -6.9273E-02
  2.2770E+01  7.5993E+01  5.1007E-03  6.1912E-01  6.9339E-02  4.2208E-01 -6.9272E-02
  2.2778E+01  7.6019E+01  5.0963E-03  6.1858E-01  6.9338E-02  4.2212E-01 -6.9270E-02
  2.2785E+01  7.6045E+01  5.0919E-03  6.1805E-01  6.9336E-02  4.2215E-01 -6.9268E-02
  2.2793E+01  7.6071E+01  5.0874E-03  6.1751E-01  6.9335E-02  4.2218E-01 -6.9267E-02
  2.2801E+01  7.6097E+01  5.0830E-03  6.1697E-01  6.9333E-02  4.2221E-01 -6.9265E-02
  2.2809E+01  7.6123E+01  5.0786E-03  6.1643E-01  6.9331E-02  4.2224E-01 -6.9263E-02
  2.2816E+01  7.6148E+01  5.0743E-03  6.1591E-01  6.9330E-02  4.2227E-01 -6.9261E-02
  2.2824E+01  7.6174E+01  5.0698E-03  6.1537E-01  6.9328E-02  4.2230E-01 -6.9260E-02
  2.2832E+01  7.6200E+01  5.0654E-03  6.1484E-01  6.9327E-02  4.2234E-01 -6.9258E-02
  2.2839E+01  7.6226E+01  5.0610E-03  6.1430E-01  6.9325E-02  4.2237E-01 -6.9256E-02
  2.2847E+01  7.6252E+01  5.0565E-03  6.1376E-01  6.9323E-02  4.2240E-01 -6.9254E-02
  2.2855E+01  7.6278E+01  5.0521E-03  6.1323E-01  6.9322E-02  4.2243E-01 -6.9253E-02
  2.2863E+01  7.6303E+01  5.0477E-03  6.1269E-01  6.9320E-02  4.2246E-01 -6.9251E-02
  2.2870E+01  7.6329E+01  5.0433E-03  6.1215E-01  6.9318E-02  4.2249E-01 -6.9249E-02
  2.2878E+01  7.6355E+01  5.0388E-03  6.1161E-01  6.9281E-02  4.2218E-01 -6.9211E-02
  2.2886E+01  7.6380E+01  5.0345E-03  6.1109E-01  6.8226E-02  4.2217E-01 -6.8155E-02
  2.2894E+01  7.6406E+01  5.0302E-03  6.1057E-01  6.6950E-02  4.2220E-01 -6.6878E-02
  2.2901E+01  7.6432E+01  5.0260E-03  6.1006E-01  6.5675E-02  4.2223E-01 -6.5601E-02
  2.2909E+01  7.6458E+01  5.0218E-03  6.0955E-01  6.4401E-02  4.2226E-01 -6.4326E-02
  2.2917E+01  7.6484E+01  5.0178E-03  6.0906E-01  6.3129E-02  4.2230E-01 -6.3052E-02
  2.2925E+01  7.6510E+01  5.0138E-03  6.0857E-01  6.1858E-02  4.2233E-01 -6.1779E-02
  2.2932E+01  7.6536E+01  5.0098E-03  6.0810E-01  6.0587E-02  4.2236E-01 -6.0507E-02
  2.2940E+01  7.6562E+01  5.0060E-03  6.0764E-01  5.9318E-02  4.2239E-01 -5.9236E-02
  2.2948E+01  7.6587E+01  5.0024E-03  6.0719E-01  5.8084E-02  4.2242E-01 -5.8000E-02
  2.2955E+01  7.6613E+01  4.9987E-03  6.0675E-01  5.6817E-02  4.2246E-01 -5.6731E-02
  2.2963E+01  7.6639E+01  4.9951E-03  6.0631E-01  5.5551E-02  4.2249E-01 -5.5462E-02
  2.2971E+01  7.6665E+01  4.9916E-03  6.0589E-01  5.4285E-02  4.2252E-01 -5.4195E-02
  2.2979E+01  7.6691E+01  4.9882E-03  6.0547E-01  5.3021E-02  4.2255E-01 -5.2928E-02
  2.2987E+01  7.6716E+01  4.9848E-03  6.0507E-01  5.1758E-02  4.2258E-01 -5.1663E-02
  2.2994E+01  7.6742E+01  4.9816E-03  6.0467E-01  5.0496E-02  4.2261E-01 -5.0398E-02
  2.3002E+01  7.6768E+01  4.9784E-03  6.0429E-01  4.9234E-02  4.2265E-01 -4.9134E-02
  2.3010E+01  7.6793E+01  4.9753E-03  6.0392E-01  4.8008E-02  4.2268E-01 -4.7905E-02
  2.3017E+01  7.6819E+01  4.9723E-03  6.0355E-01  4.6748E-02  4.2271E-01 -4.6642E-02
  2.3025E+01  7.6845E+01  4.9694E-03  6.0320E-01  4.5490E-02  4.2275E-01 -4.5381E-02
  2.3033E+01  7.6871E+01  4.9665E-03  6.0285E-01  4.4838E-02  4.2312E-01 -4.4727E-02
  2.3041E+01  7.6897E+01  4.9636E-03  6.0250E-01  4.4835E-02  4.2315E-01 -4.4724E-02
  2.3048E+01  7.6923E+01  4.9608E-03  6.0215E-01  4.4834E-02  4.2318E-01 -4.4722E-02
  2.3056E+01  7.6949E+01  4.9579E-03  6.0181E-01  4.4832E-02  4.2321E-01 -4.4721E-02
  2.3064E+01  7.6975E+01  4.9550E-03  6.0146E-01  4.4831E-02  4.2324E-01 -4.4719E-02
  2.3072E+01  7.7000E+01  4.9522E-03  6.0112E-01  4.4829E-02  4.2327E-01 -4.4717E-02
  2.3079E+01  7.7026E+01  4.9494E-03  6.0078E-01  4.4827E-02  4.2330E-01 -4.4715E-02
  2.3087E+01  7.7052E+01  4.9465E-03  6.0043E-01  4.4826E-02  4.2333E-01 -4.4714E-02
  2.3095E+01  7.7078E+01  4.9436E-03  6.0008E-01  4.4824E-02  4.2336E-01 -4.4712E-02
  2.3103E+01  7.7104E+01  4.9408E-03  5.9973E-01  4.4823E-02  4.2339E-01 -4.4710E-02
  2.3110E+01  7.7129E+01  4.9379E-03  5.9939E-01  4.4821E-02  4.2342E-01 -4.4708E-02
  2.3118E+01  7.7155E+01  4.9351E-03  5.9904E-01  4.4819E-02  4.2345E-01 -4.4707E-02
  2.3126E+01  7.7181E+01  4.9322E-03  5.9869E-01  4.4818E-02  4.2348E-01 -4.4705E-02
  2.3134E+01  7.7207E+01  4.9293E-03  5.9835E-01  4.4816E-02  4.2351E-01 -4.4703E-02
  2.3141E+01  7.7232E+01  4.9265E-03  5.9801E-01  4.4815E-02  4.2354E-01 -4.4701E-02
  2.3149E+01  7.7258E+01  4.9237E-03  5.9766E-01  4.4813E-02  4.2357E-01 -4.4700E-02
  2.3157E+01  7.7284E+01  4.9208E-03  5.9732E-01  4.4811E-02  4.2360E-01 -4.4698E-02
  2.3164E+01  7.7310E+01  4.9179E-03  5.9697E-01  4.4810E-02  4.2363E-01 -4.4696E-02
  2.3172E+01  7.7336E+01  4.9151E-03  5.9662E-01  4.4808E-02  4.2366E-01 -4.4694E-02
  2.3180E+01  7.7362E+01  4.9122E-03  5.9628E-01  4.4807E-02  4.2369E-01 -4.4693E-02
  2.3188E+01  7.7388E+01  4.9093E-03  5.9593E-01  4.4805E-02  4.2372E-01 -4.4691E-02
  2.3196E+01  7.7414E+01  4.9065E-03  5.9558E-01  4.4803E-02  4.2375E-01 -4.4689E-02
  2.3203E+01  7.7439E+01  4.9037E-03  5.9525E-01  4.4802E-02  4.2378E-01 -4.4687E-02
  2.3211E+01  7.7465E+01  4.9008E-03  5.9490E-01  4.4800E-02  4.2381E-01 -4.4686E-02
  2.3219E+01  7.7491E+01  4.8980E-03  5.9455E-01  4.4799E-02  4.2384E-01 -4.4684E-02
  2.3226E+01  7.7517E+01  4.8951E-03  5.9421E-01  4.4797E-02  4.2387E-01 -4.4682E-02
  2.3234E+01  7.7542E+01  4.8922E-03  5.9386E-01  4.4795E-02  4.2390E-01 -4.4680E-02
  2.3242E+01  7.7568E+01  4.8894E-03  5.9351E-01  4.4794E-02  4.2393E-01 -4.4679E-02
  2.3250E+01  7.7594E+01  4.8865E-03  5.9317E-01  4.4792E-02  4.2396E-01 -4.4677E-02
  2.3257E+01  7.7620E+01  4.8836E-03  5.9282E-01  4.4790E-02  4.2399E-01 -4.4675E-02
  2.3265E+01  7.7645E+01  4.8808E-03  5.9248E-01  4.4789E-02  4.2402E-01 -4.4673E-02
  2.3273E+01  7.7671E+01  4.8780E-03  5.9214E-01  4.4787E-02  4.2405E-01 -4.4672E-02
  2.3281E+01  7.7697E+01  4.8751E-03  5.9179E-01  4.4786E-02  4.2408E-01 -4.4670E-02
  2.3288E+01  7.7723E+01  4.8723E-03  5.9144E-01  4.4784E-02  4.2411E-01 -4.4668E-02
  2.3296E+01  7.7749E+01  4.8694E-03  5.9110E-01  4.4782E-02  4.2414E-01 -4.4666E-02
  2.3304E+01  7.7775E+01  4.8665E-03  5.9075E-01  4.4781E-02  4.2417E-01 -4.4664E-02
  2.3312E+01  7.7801E+01  4.8637E-03  5.9040E-01  4.4779E-02  4.2420E-01 -4.4663E-02
  2.3319E+01  7.7827E+01  4.8608E-03  5.9006E-01  4.4778E-02  4.2423E-01 -4.4661E-02
  2.3327E+01  7.7852E+01  4.8580E-03  5.8972E-01  4.4776E-02  4.2426E-01 -4.4659E-02
  2.3335E+01  7.7878E+01  4.8551E-03  5.8937E-01  4.4774E-02  4.2429E-01 -4.4657E-02
  2.3342E+01  7.7904E+01  4.8523E-03  5.8903E-01  4.4773E-02  4.2432E-01 -4.4656E-02
  2.3350E+01  7.7930E+01  4.8494E-03  5.8868E-01  4.4771E-02  4.2435E-01 -4.4654E-02
  2.3358E+01  7.7955E+01  4.8465E-03  5.8833E-01  4.4770E-02  4.2438E-01 -4.4652E-02
  2.3366E+01  7.7981E+01  4.8437E-03  5.8799E-01  4.4768E-02  4.2441E-01 -4.4650E-02
  2.3373E+01  7.8007E+01  4.8408E-03  5.8764E-01  4.4766E-02  4.2444E-01 -4.4649E-02
  2.3381E+01  7.8033E+01  4.8380E-03  5.8730E-01  4.4765E-02  4.2447E-01 -4.4647E-02
  2.3389E+01  7.8059E+01  4.8351E-03  5.8695E-01  4.4763E-02  4.2450E-01 -4.4645E-02
  2.3397E+01  7.8084E+01  4.8323E-03  5.8661E-01  4.4762E-02  4.2453E-01 -4.4643E-02
  2.3404E+01  7.8110E+01  4.8294E-03  5.8627E-01  4.4760E-02  4.2456E-01 -4.4641E-02
  2.3412E+01  7.8136E+01  4.8266E-03  5.8592E-01  4.4758E-02  4.2459E-01 -4.4640E-02
  2.3420E+01  7.8162E+01  4.8237E-03  5.8557E-01  4.4757E-02  4.2462E-01 -4.4638E-02
  2.3428E+01  7.8188E+01  4.8208E-03  5.8523E-01  4.4755E-02  4.2465E-01 -4.4636E-02
  2.3435E+01  7.8214E+01  4.8180E-03  5.8488E-01  4.4753E-02  4.2468E-01 -4.4634E-02
  2.3443E+01  7.8240E+01  4.8151E-03  5.8453E-01  4.4752E-02  4.2471E-01 -4.4633E-02
  2.3451E+01  7.8266E+01  4.8123E-03  5.8419E-01  4.4750E-02  4.2474E-01 -4.4631E-02
  2.3458E+01  7.8291E+01  4.8095E-03  5.8385E-01  4.4749E-02  4.2477E-01 -4.4629E-02
  2.3466E+01  7.8317E+01  4.8066E-03  5.8351E-01  4.4747E-02  4.2480E-01 -4.4627E-02
  2.3474E+01  7.8343E+01  4.8037E-03  5.8316E-01  4.4745E-02  4.2483E-01 -4.4626E-02
  2.3482E+01  7.8368E+01  4.8009E-03  5.8281E-01  4.4744E-02  4.2486E-01 -4.4624E-02
  2.3490E+01  7.8394E+01  4.7980E-03  5.8247E-01  4.4742E-02  4.2489E-01 -4.4622E-02
  2.3497E+01  7.8420E+01  4.7951E-03  5.8212E-01  4.4741E-02  4.2492E-01 -4.4620E-02
  2.3505E+01  7.8446E+01  4.7923E-03  5.8177E-01  4.4739E-02  4.2495E-01 -4.4618E-02
  2.3513E+01  7.8472E+01  4.7894E-03  5.8143E-01  4.4737E-02  4.2498E-01 -4.4617E-02
  2.3520E+01  7.8497E+01  4.7866E-03  5.8109E-01  4.4736E-02  4.2501E-01 -4.4615E-02
  2.3528E+01  7.8523E+01  4.7838E-03  5.8075E-01  4.4734E-02  4.2504E-01 -4.4613E-02
  2.3536E+01  7.8549E+01  4.7809E-03  5.8040E-01  4.4733E-02  4.2507E-01 -4.4611E-02
  2.3544E+01  7.8575E+01  4.7780E-03  5.8005E-01  4.4731E-02  4.2510E-01 -4.4610E-02
  2.3551E+01  7.8601E+01  4.7752E-03  5.7971E-01  4.4729E-02  4.2513E-01 -4.4608E-02
  2.3559E+01  7.8627E+01  4.7723E-03  5.7936E-01  4.4728E-02  4.2516E-01 -4.4606E-02
  2.3567E+01  7.8653E+01  4.7694E-03  5.7902E-01  4.4945E-02  4.2637E-01 -4.4823E-02
  2.3575E+01  7.8679E+01  4.7670E-03  5.7872E-01  1.3971E-02  5.6423E-01 -1.3266E-02
  2.3582E+01  7.8704E+01  4.7660E-03  5.7860E-01  2.1846E-02  6.1509E-01 -2.1316E-02
  2.3590E+01  7.8730E+01  4.7650E-03  5.7847E-01  2.5619E-02  5.6339E-01 -2.5241E-02
  2.3598E+01  7.8756E+01  4.7639E-03  5.7834E-01  2.7943E-02  4.8248E-01 -2.7689E-02
  2.3606E+01  7.8781E+01  4.7629E-03  5.7822E-01  2.8183E-02  4.2367E-01 -2.7989E-02
  2.3613E+01  7.8807E+01  4.7619E-03  5.7809E-01  2.6314E-02  4.3085E-01 -2.6099E-02
  2.3621E+01  7.8833E+01  4.7608E-03  5.7796E-01  2.2979E-02  4.6328E-01 -2.2692E-02
  2.3629E+01  7.8859E+01  4.7597E-03  5.7783E-01  1.8781E-02  4.7826E-01 -1.8405E-02
  2.3637E+01  7.8885E+01  4.7586E-03  5.7770E-01  1.4624E-02  4.7058E-01 -1.4153E-02
  2.3644E+01  7.8910E+01  4.7575E-03  5.7756E-01  9.7929E-03  4.5420E-01 -9.1236E-03
  2.3652E+01  7.8936E+01  4.7564E-03  5.7742E-01  8.1746E-03  4.4930E-01 -7.3763E-03
  2.3660E+01  7.8962E+01  4.7552E-03  5.7728E-01  8.3027E-03  4.6235E-01 -7.4675E-03
  2.3667E+01  7.8988E+01  4.7541E-03  5.7714E-01  9.3732E-03  5.0634E-01 -8.4870E-03
  2.3675E+01  7.9014E+01  4.7529E-03  5.7700E-01  1.2280E-02  5.6206E-01 -1.1456E-02
  2.3683E+01  7.9040E+01  4.7518E-03  5.7686E-01  1.6626E-02  6.0783E-01 -1.5922E-02
  2.3691E+01  7.9066E+01  4.7507E-03  5.7672E-01  2.1052E-02  6.2533E-01 -2.0467E-02
  2.3699E+01  7.9092E+01  4.7496E-03  5.7659E-01  2.5218E-02  5.9057E-01 -2.4784E-02
  2.3706E+01  7.9117E+01  4.7485E-03  5.7646E-01  2.8202E-02  5.0289E-01 -2.7921E-02
  2.3714E+01  7.9143E+01  4.7475E-03  5.7633E-01  2.8790E-02  4.2287E-01 -2.8596E-02
  2.3722E+01  7.9169E+01  4.7464E-03  5.7620E-01  2.6878E-02  4.3165E-01 -2.6660E-02
  2.3729E+01  7.9194E+01  4.7453E-03  5.7607E-01  2.3324E-02  4.6279E-01 -2.3034E-02
  2.3737E+01  7.9220E+01  4.7442E-03  5.7593E-01  1.9061E-02  4.7568E-01 -1.8685E-02
  2.3745E+01  7.9246E+01  4.7431E-03  5.7579E-01  1.4764E-02  4.7398E-01 -1.4276E-02
  2.3753E+01  7.9272E+01  4.7419E-03  5.7565E-01  1.1366E-02  4.5559E-01 -1.0775E-02
  2.3760E+01  7.9298E+01  4.7407E-03  5.7551E-01  9.3746E-03  4.4482E-01 -8.6817E-03
  2.3768E+01  7.9324E+01  4.7395E-03  5.7536E-01  8.2792E-03  4.5971E-01 -7.4268E-03
  2.3776E+01  7.9349E+01  4.7384E-03  5.7522E-01  1.0072E-02  5.1121E-01 -9.2117E-03
  2.3784E+01  7.9375E+01  4.7372E-03  5.7507E-01  1.3408E-02  5.6396E-01 -1.2631E-02
  2.3791E+01  7.9401E+01  4.7360E-03  5.7493E-01  1.7361E-02  6.1405E-01 -1.6655E-02
  2.3799E+01  7.9427E+01  4.7348E-03  5.7479E-01  2.1948E-02  6.2820E-01 -2.1366E-02
  2.3807E+01  7.9453E+01  4.7337E-03  5.7465E-01  2.6307E-02  5.7823E-01 -2.5897E-02
  2.3815E+01  7.9479E+01  4.7326E-03  5.7451E-01  2.9013E-02  4.9956E-01 -2.8735E-02
  2.3822E+01  7.9505E+01  4.7315E-03  5.7438E-01  2.9783E-02  4.3339E-01 -2.9580E-02
  2.3830E+01  7.9530E+01  4.7304E-03  5.7424E-01  2.8321E-02  4.2499E-01 -2.8115E-02
  2.3838E+01  7.9556E+01  4.7293E-03  5.7411E-01  2.3649E-02  4.6302E-01 -2.3355E-02
  2.3845E+01  7.9582E+01  4.7281E-03  5.7397E-01  1.9343E-02  4.7844E-01 -1.8957E-02
  2.3853E+01  7.9607E+01  4.7269E-03  5.7382E-01  1.5199E-02  4.6849E-01 -1.4724E-02
  2.3861E+01  7.9633E+01  4.7257E-03  5.7367E-01  1.1898E-02  4.5155E-01 -1.1329E-02
  2.3869E+01  7.9659E+01  4.7245E-03  5.7353E-01  9.3469E-03  4.5052E-01 -8.6118E-03
  2.3876E+01  7.9685E+01  4.7233E-03  5.7338E-01  8.9142E-03  4.6133E-01 -8.0990E-03
  2.3884E+01  7.9711E+01  4.7220E-03  5.7322E-01  1.0334E-02  4.9429E-01 -9.5313E-03
  2.3892E+01  7.9737E+01  4.7208E-03  5.7307E-01  1.2680E-02  5.5063E-01 -1.1872E-02
  2.3900E+01  7.9762E+01  4.7196E-03  5.7293E-01  1.8240E-02  6.1860E-01 -1.7538E-02
  2.3907E+01  7.9788E+01  4.7184E-03  5.7278E-01  2.3163E-02  6.2089E-01 -2.2610E-02
  2.3915E+01  7.9814E+01  4.7172E-03  5.7264E-01  2.7195E-02  5.7729E-01 -2.6789E-02
  2.3923E+01  7.9840E+01  4.7161E-03  5.7250E-01  2.9857E-02  4.9855E-01 -2.9581E-02
  2.3931E+01  7.9866E+01  4.7149E-03  5.7236E-01  3.0438E-02  4.3048E-01 -3.0236E-02
  2.3938E+01  7.9892E+01  4.7137E-03  5.7222E-01  2.8819E-02  4.2637E-01 -2.8610E-02
  2.3946E+01  7.9918E+01  4.7126E-03  5.7207E-01  2.5601E-02  4.5500E-01 -2.5331E-02
  2.3954E+01  7.9943E+01  4.7114E-03  5.7193E-01  2.1367E-02  4.7253E-01 -2.1016E-02
  2.3962E+01  7.9969E+01  4.7101E-03  5.7178E-01  1.7051E-02  4.6862E-01 -1.6616E-02
  2.3969E+01  7.9995E+01  4.7089E-03  5.7163E-01  1.1873E-02  4.5461E-01 -1.1277E-02
  2.3977E+01  8.0020E+01  4.7077E-03  5.7148E-01  9.9628E-03  4.4934E-01 -9.2599E-03
  2.3985E+01  8.0046E+01  4.7064E-03  5.7132E-01  9.8311E-03  4.6059E-01 -9.0788E-03
  2.3993E+01  8.0072E+01  4.7051E-03  5.7117E-01  1.0676E-02  5.0181E-01 -9.8515E-03
  2.4000E+01  8.0098E+01  4.7038E-03  5.7101E-01  1.3479E-02  5.5608E-01 -1.2683E-02
  2.4008E+01  8.0124E+01  4.7025E-03  5.7086E-01  1.7813E-02  6.0430E-01 -1.7108E-02
  2.4016E+01  8.0150E+01  4.7013E-03  5.7071E-01  2.2331E-02  6.2828E-01 -2.1725E-02
  2.4024E+01  8.0176E+01  4.7001E-03  5.7056E-01  2.6733E-02  6.0176E-01 -2.6270E-02
  2.4031E+01  8.0201E+01  4.6989E-03  5.7042E-01  3.0734E-02  4.8786E-01 -3.0470E-02
  2.4039E+01  8.0227E+01  4.6977E-03  5.7027E-01  3.1106E-02  4.2893E-01 -3.0904E-02
  2.4047E+01  8.0253E+01  4.6965E-03  5.7012E-01  2.9437E-02  4.2686E-01 -2.9225E-02
  2.4054E+01  8.0279E+01  4.6953E-03  5.6998E-01  2.5983E-02  4.5504E-01 -2.5709E-02
  2.4062E+01  8.0305E+01  4.6940E-03  5.6982E-01  2.1677E-02  4.7057E-01 -2.1324E-02
  2.4070E+01  8.0331E+01  4.6928E-03  5.6967E-01  1.7231E-02  4.7168E-01 -1.6782E-02
  2.4078E+01  8.0356E+01  4.6915E-03  5.6951E-01  1.3594E-02  4.5574E-01 -1.3058E-02
  2.4086E+01  8.0382E+01  4.6902E-03  5.6935E-01  1.1298E-02  4.4548E-01 -1.0676E-02
  2.4093E+01  8.0408E+01  4.6889E-03  5.6920E-01  9.9726E-03  4.6693E-01 -9.1869E-03
  2.4101E+01  8.0433E+01  4.6876E-03  5.6904E-01  1.1415E-02  5.0623E-01 -1.0610E-02
  2.4109E+01  8.0459E+01  4.6862E-03  5.6888E-01  1.4646E-02  5.5801E-01 -1.3889E-02
  2.4116E+01  8.0485E+01  4.6849E-03  5.6872E-01  1.8568E-02  6.1056E-01 -1.7856E-02
  2.4124E+01  8.0511E+01  4.6837E-03  5.6856E-01  2.3272E-02  6.3110E-01 -2.2669E-02
  2.4132E+01  8.0537E+01  4.6824E-03  5.6841E-01  2.7888E-02  5.8987E-01 -2.7449E-02
  2.4140E+01  8.0563E+01  4.6811E-03  5.6826E-01  3.0924E-02  5.1544E-01 -3.0622E-02
  2.4147E+01  8.0589E+01  4.6799E-03  5.6810E-01  3.2041E-02  4.4366E-01 -3.1825E-02
  2.4155E+01  8.0614E+01  4.6787E-03  5.6796E-01  2.9910E-02  4.2921E-01 -2.9693E-02
  2.4163E+01  8.0640E+01  4.6774E-03  5.6781E-01  2.6350E-02  4.5573E-01 -2.6072E-02
  2.4171E+01  8.0666E+01  4.6762E-03  5.6765E-01  2.2004E-02  4.7306E-01 -2.1642E-02
  2.4178E+01  8.0692E+01  4.6748E-03  5.6749E-01  1.7693E-02  4.6676E-01 -1.7252E-02
  2.4186E+01  8.0718E+01  4.6735E-03  5.6733E-01  1.4133E-02  4.5220E-01 -1.3611E-02
  2.4194E+01  8.0744E+01  4.6722E-03  5.6716E-01  1.1274E-02  4.5082E-01 -1.0615E-02
  2.4202E+01  8.0769E+01  4.6708E-03  5.6700E-01  1.0576E-02  4.6018E-01 -9.8386E-03
  2.4209E+01  8.0795E+01  4.6694E-03  5.6683E-01  1.1781E-02  4.9016E-01 -1.1030E-02
  2.4217E+01  8.0821E+01  4.6680E-03  5.6667E-01  1.3958E-02  5.4458E-01 -1.3178E-02
  2.4225E+01  8.0846E+01  4.6667E-03  5.6651E-01  1.9486E-02  6.1502E-01 -1.8779E-02
  2.4232E+01  8.0872E+01  4.6654E-03  5.6635E-01  2.4544E-02  6.2448E-01 -2.3968E-02
  2.4240E+01  8.0898E+01  4.6641E-03  5.6619E-01  2.8822E-02  5.8924E-01 -2.8386E-02
  2.4248E+01  8.0924E+01  4.6628E-03  5.6603E-01  3.1824E-02  5.1435E-01 -3.1523E-02
  2.4256E+01  8.0950E+01  4.6615E-03  5.6587E-01  3.2762E-02  4.3933E-01 -3.2548E-02
  2.4263E+01  8.0976E+01  4.6602E-03  5.6572E-01  3.1415E-02  4.2401E-01 -3.1208E-02
  2.4271E+01  8.1002E+01  4.6589E-03  5.6556E-01  2.8340E-02  4.4749E-01 -2.8083E-02
  2.4279E+01  8.1028E+01  4.6576E-03  5.6540E-01  2.4093E-02  4.6682E-01 -2.3762E-02
  2.4287E+01  8.1053E+01  4.6563E-03  5.6524E-01  1.8084E-02  4.6295E-01 -1.7647E-02
  2.4294E+01  8.1079E+01  4.6549E-03  5.6507E-01  1.4135E-02  4.5493E-01 -1.3591E-02
  2.4302E+01  8.1105E+01  4.6535E-03  5.6490E-01  1.1845E-02  4.4692E-01 -1.1212E-02
  2.4310E+01  8.1131E+01  4.6510E-03  5.6460E-01  5.1367E-02  4.3251E-01 -5.1234E-02
  2.4326E+01  8.1185E+01  4.6443E-03  5.6380E-01  5.0073E-02  4.2772E-01 -4.9938E-02
